by.shostko	rx-validation	0.3.8		N/A
by.shostko	rx-validation	0.3.9		N/A
chat.sdk	pro-firebase-last-online	5.4.19		N/A
chat.sdk	pro-firebase-last-online	5.4.20		N/A
chat.sdk	pro-firebase-last-online	5.4.21		N/A
chat.sdk	pro-firebase-last-online	5.4.30		N/A
chat.sdk	pro-firebase-last-online	5.4.32		N/A
chat.sdk	pro-firebase-last-online	5.4.33		N/A
chat.sdk	pro-firebase-last-online	5.4.34		N/A
chat.sdk	pro-firebase-last-online	5.4.36		N/A
chat.sdk	pro-firebase-last-online	5.4.37		N/A
chat.sdk	pro-firebase-last-online	5.4.38		N/A
chat.sdk	pro-firebase-last-online	5.4.39		N/A
chat.sdk	pro-firebase-last-online	5.4.41		N/A
chat.sdk	pro-firebase-last-online	5.4.42		N/A
chat.sdk	pro-firebase-last-online	5.4.43		N/A
chat.sdk	pro-firebase-last-online	5.5.0		N/A
chat.sdk	pro-firebase-last-online	5.5.0s		N/A
chat.sdk	pro-firebase-last-online	5.5.6		N/A
chat.sdk	pro-firebase-last-online	5.5.9		N/A
chat.sdk	pro-firebase-last-online	5.6.1		N/A
chat.sdk	pro-firebase-last-online	5.6.5		N/A
chat.sdk	pro-firebase-last-online	5.6.6		N/A
chat.sdk	pro-firebase-last-online	5.6.7		N/A
cn.bee-cloud	beecloud-service-openfeign	1.0.0		0f3de796890b99a952a633c56c43dee18eeb4834
cn.bee-cloud	beecloud-service-openfeign	1.0.1		6f15aee015f7096dc8fe4c10ce8f94d286b2a01d
cn.bee-cloud	beecloud-service-openfeign	1.0.2		50827bf0a3e905b346be1e3bf86ff78420dd1123
cn.bee-cloud	beecloud-service-openfeign	6.0.01		b154d8277d6f6322dec5118b097268736877531b
cn.payingcloud	payingcloud-java	1.0.5		d186f71002bdaef414cc0753cf090a008add43b2
cn.xjbpm	support-web	1.0.0		8f1613df08fe31e44519482ce9e16ddbc3c26905
com.8kdata.mongowp	mongowp-core	0.40		8e4191e42d046e7c10e19bd80afedd601da3136f
com.8kdata.mongowp	mongowp-core	0.40-alpha2		f3c54931cd060aa5a013dfa8bec647b1ae36685c
com.8kdata.mongowp	mongowp-core	0.40-alpha3		2b4cc838ee2c30ef74cb437705e59657dd6d1d36
com.8kdata.mongowp	mongowp-core	0.50.0		c394c426cba13617f5909a714ff232f155a30c54
com.aliyun	alibabacloud-dyvmsapi20170525	1.0.0		719aa157791fea23da7282d8a96a1217b4a125d9
com.aliyun	alibabacloud-dyvmsapi20170525	2.0.0		7638fe009a7a88b025f86092f77d15a4cdefe66a
com.aliyun	alibabacloud-dyvmsapi20170525	2.0.1		5b9a9b71757018f6605cc66ccbd89591d6294359
com.aliyun	alibabacloud-dyvmsapi20170525	2.0.2		fb7ccb247dc75b44c24c42351fbf857dbf5de09a
com.aliyun	alibabacloud-dyvmsapi20170525	2.0.3		ac47f28b5848928cf977e897ecb6a55601bf8a04
com.aliyun	alibabacloud-dyvmsapi20170525	2.0.4		e651709f71e4e07a205c7333229e7e3288e3d21c
com.aquenos.epics.jackie.diirt	epics-jackie-diirt-vtype	1.0.0		4ef96ac7c6367b0bcce2ae88903e66b5bc282cf0
com.aquenos.epics.jackie.diirt	epics-jackie-diirt-vtype	1.0.1		8fcb087df15e006602a53ad02bd503d0f92c2102
com.aquenos.epics.jackie.diirt	epics-jackie-diirt-vtype	1.0.2		a3bf3930f4d834a1ab4f1bb3ab43a29ed704aea2
com.aquenos.epics.jackie.diirt	epics-jackie-diirt-vtype	1.0.3		d704e9f15a0724b7f2f7d710837c0797c5e40f72
com.aquenos.epics.jackie.diirt	epics-jackie-diirt-vtype	1.0.4		63ed9df22a5dff80c7da8ac48bb3146ecd32b839
com.aquenos.epics.jackie.diirt	epics-jackie-diirt-vtype	2.0.0		6f5bc64784d36d9fdcc6ca939348bdba40d2aff1
com.aquenos.epics.jackie.diirt	epics-jackie-diirt-vtype	2.0.1		035a617dd526020ed0370a91c17931bff99e2219
com.aquenos.epics.jackie.diirt	epics-jackie-diirt-vtype	2.0.2		e6e13e24b40036bcc1b86c10d1f0ec494ff8bb4a
com.bertramlabs.plugins	karman-cifs	0.12.1		e3336e5bd3535f263fb8c4a01e1a4c0617075021
com.bertramlabs.plugins	karman-cifs	0.12.2		06dc2df7a242eac8b217bcbf8298d9a3ef9d22bd
com.bertramlabs.plugins	karman-cifs	0.12.4		349f12276dd3f9fd3de1faef6c12108cf895e203
com.bertramlabs.plugins	karman-cifs	0.12.5		47d598b741400272c84e667791bdb19261da2483
com.bertramlabs.plugins	karman-cifs	0.12.6		6953240334fda478cd8d4fb6e534c88d5e56bb46
com.bertramlabs.plugins	karman-cifs	0.12.7		dccd77ee7798e63fc7e736d565afbdddd57dc586
com.bertramlabs.plugins	karman-cifs	0.12.8		c0224447129fc8d25c2f3029ab29af53c3c752f5
com.bertramlabs.plugins	karman-cifs	0.12.9		14da8be6297da44d268f8ea48f109679edf15c41
com.bertramlabs.plugins	karman-cifs	1.0.0		6bc90744e560a906f78547a96eb9153fbe0e3e4f
com.bertramlabs.plugins	karman-cifs	1.0.1		dc1483234d53ba0800e96b3b9e4683a33d58fa94
com.bertramlabs.plugins	karman-cifs	1.0.2		e0298e3221824932d29740fa8783c53a3af6ccd3
com.bertramlabs.plugins	karman-cifs	1.0.3		0f14081d1a52feb64cd84f0c115416b363644909
com.bertramlabs.plugins	karman-cifs	1.0.4		4e9dd5810d2d868eac09c584ba93f71e3710ead9
com.bertramlabs.plugins	karman-cifs	1.0.5		ed026fb683cbef3146f31d988f4d8794b34989ff
com.bertramlabs.plugins	karman-cifs	1.0.6		eee0819298b122006da8e1825096d059b9114623
com.bertramlabs.plugins	karman-cifs	1.0.7		a3e0c2d28dfcdffc4eb309784eca51fd997b850c
com.bertramlabs.plugins	karman-cifs	1.0.9		716824f764ee7015da044ebd7fec8ac2a7dc2ef1
com.bertramlabs.plugins	karman-cifs	1.1.0		a2a88e85a3e5878e6fb4e5a7f781b88bbf74a2b5
com.bertramlabs.plugins	karman-cifs	1.1.1		d636a31ff308b89597fdf3dd8ad93a7208a82e91
com.bertramlabs.plugins	karman-cifs	1.1.10		9769348639a69b4fc4116399ca006f79110fb17f
com.bertramlabs.plugins	karman-cifs	1.1.12		f5c92ba06119d42e4508e6ab15e11c5b6b802174
com.bertramlabs.plugins	karman-cifs	1.1.13		88437bcefca6f50b243c68c5ef5535843531a411
com.bertramlabs.plugins	karman-cifs	1.1.14		8190a72cd6e4b8f5d857cffd923a2bf45d51a87f
com.bertramlabs.plugins	karman-cifs	1.1.15		913323613df32a5815ae1272a4be853caa778ae4
com.bertramlabs.plugins	karman-cifs	1.1.16		3f8ea7d9c562b7226ae5f47d768bd63528c74c8c
com.bertramlabs.plugins	karman-cifs	1.1.17		ceb414b55d87b2850dfc73fafbd5397b179fd310
com.bertramlabs.plugins	karman-cifs	1.1.18		0470a2789518b7b0e4b3045a01ff8de0224bf230
com.bertramlabs.plugins	karman-cifs	1.1.19		fb3fdd93745000dbb362a2905b2fb304f494a6c9
com.bertramlabs.plugins	karman-cifs	1.1.2		5ccfef7d2ddede4f05acf895f2d4b6369ae8167f
com.bertramlabs.plugins	karman-cifs	1.1.20		fe21602019fc5821f36d8c3043ed0fddaa17c08a
com.bertramlabs.plugins	karman-cifs	1.1.21		39f660b7b0ebd42d0c1b16302d1e38f32178515c
com.bertramlabs.plugins	karman-cifs	1.1.23		7813b903ce5b877c479bb15eae1abde52d19b311
com.bertramlabs.plugins	karman-cifs	1.1.24		8ee591ebb099096c7d5abf31ac87925f3744370c
com.bertramlabs.plugins	karman-cifs	1.1.3		eafc8877870f95296ec894f1f150fa01219a0a2c
com.bertramlabs.plugins	karman-cifs	1.1.4		c65a307da6a1890399f601499665dca565e06f71
com.bertramlabs.plugins	karman-cifs	1.1.5		082c85fc29425beb76d196d6374d035bc21c1349
com.bertramlabs.plugins	karman-cifs	1.1.6		ad552921fc5e2cbd4da909cac14dff42f1eeb860
com.bertramlabs.plugins	karman-cifs	1.1.7		664c8118d4f2270e1a47d928becd16b519de124e
com.bertramlabs.plugins	karman-cifs	1.1.8		c507aa644f2dad214ed0c77a2009617f99da4345
com.bertramlabs.plugins	karman-cifs	1.1.9		779ffbc5626cbfcc30ddc3420ad59e6c2f35dfe4
com.bertramlabs.plugins	karman-cifs	1.2.0		f976c465e576bce8449d423512c32826407b6790
com.bertramlabs.plugins	karman-cifs	1.2.1		fc38d25eceee2fc5bc32d9aa6913eacc82084322
com.bertramlabs.plugins	karman-cifs	1.2.2		efb4c18f81bf4e5e24d866779b1fad412766622f
com.bertramlabs.plugins	karman-cifs	1.2.3		fdc6d38a2351b23b8baf17e407a0624386eb146c
com.bertramlabs.plugins	karman-cifs	1.2.4		aa79091215817d21efdec7819f6b656b301f2506
com.bertramlabs.plugins	karman-cifs	1.2.5		433e5af5c6c9ac5f80abbf866cdf40d7460046df
com.bertramlabs.plugins	karman-cifs	1.2.6		583cca2c98127a3d4015e049a37b5457cc91ce85
com.bertramlabs.plugins	karman-cifs	1.3.0		419e71a2840a90aaf09534693094ea2c4394e085
com.bertramlabs.plugins	karman-cifs	1.3.1		b017ff4875b336e38639f94f934a5ee43c352c3a
com.bertramlabs.plugins	karman-cifs	1.3.2		489126dcd64809d4990121714fbadcecb46228f9
com.bertramlabs.plugins	karman-cifs	1.3.3		50eca8bda150cf1b469cd137a03c336924c53371
com.bertramlabs.plugins	karman-cifs	1.4.0		e3920af60b8231a398da1fac576f576bbb257006
com.bertramlabs.plugins	karman-cifs	1.5.0		9657c830c348bfb7c21d719a743fa7a21ca6897d
com.bertramlabs.plugins	karman-cifs	1.5.1		05a5375007c69286a37664557e7effab43c81d71
com.bertramlabs.plugins	karman-cifs	1.5.2		349700c0ac103f5bc77cde7fdb883a01cb83a04d
com.bertramlabs.plugins	karman-cifs	1.5.3		4c7cf0a49a11012a8c8739a7f5513ac9abed4bbc
com.bertramlabs.plugins	karman-cifs	1.5.6		767d2e7688f038028103c9a312705de1e364d8d8
com.bertramlabs.plugins	karman-cifs	1.6.0		3862bdfb1f15f95c786fcdd7723185c96e1d787d
com.bertramlabs.plugins	karman-cifs	1.6.1		17c9f8c59c1bb73f77fbd53a39e48099c0829860
com.bertramlabs.plugins	karman-cifs	1.6.2		3da628eb9c2fa151cd36e8b473c12f6f82412629
com.bertramlabs.plugins	karman-cifs	1.6.3		2b97007e5a103ba36780af065550e745a78af6a2
com.bertramlabs.plugins	karman-cifs	1.6.4		bd8d46cd5b479ddd738b9e912f9899989b7a88b6
com.bertramlabs.plugins	karman-cifs	1.6.5		6ce8505bfcd8359c97a40b30c15a8762e1a76811
com.bertramlabs.plugins	karman-cifs	2.0.0		15c3c6514e40638e08b31114b6de9d49b3a89c3a
com.bertramlabs.plugins	karman-cifs	2.0.1		1245cd4de00d30345458906c7562adbff5ebb1a4
com.bertramlabs.plugins	karman-cifs	2.0.2		4856430d5739635de89eaebfcd461685e0087886
com.bertramlabs.plugins	karman-cifs	2.0.3		949e59d1f351de318c738c553d95473be0689d7d
com.bertramlabs.plugins	karman-cifs	2.0.4		79e4e3c4bd5562125a9e7068efdec052df72258c
com.bertramlabs.plugins	karman-cifs	2.0.5		f34bff60879be20e476dc765180e75ace5d5c698
com.bertramlabs.plugins	karman-cifs	2.0.6		8e249dd0a57936a78793cf16be4c22b1555ebd21
com.bertramlabs.plugins	karman-cifs	2.0.7		bb6907d0ed2011a583a1384586d40d5d3089f3c4
com.bertramlabs.plugins	karman-cifs	2.0.8		c299c01fdd37f91181ae3a3409e78892f3d78da2
com.bertramlabs.plugins	karman-cifs	2.0.9		c86695778696f3f7ad484fefb37d35e41a9d4ee5
com.bertramlabs.plugins	karman-cifs	2.1.0		2f22d06f093f2b6ce864a4f04a6a8e5f2c474323
com.bertramlabs.plugins	karman-cifs	2.1.1		dcef75d949612138de96aa2d7e883710d399bac5
com.bertramlabs.plugins	karman-cifs	2.1.2		f3694b687c754ac7e90ccda5044d2f23d5646b43
com.bertramlabs.plugins	karman-cifs	2.2.0		2240e1232fdee2e1bf91fc6536f70e73d2c48b48
com.bertramlabs.plugins	karman-cifs	2.2.1		ad5bd76cdc829d9ef51f77c217264c7872ebdd29
com.bertramlabs.plugins	karman-cifs	2.2.2		21536cb02b94f6fe5728d26ff323da29c36e6d08
com.bertramlabs.plugins	karman-cifs	2.2.3		711c3c9df18cfbbb28cfb1648d9e0db090e530d2
com.bertramlabs.plugins	karman-cifs	2.2.4		c085010c572fbe0a1c5ebdc7ba43ae0817c74b7f
com.bertramlabs.plugins	karman-cifs	2.2.5		3c87f4bb60fb6e2671dedd4e9d191494ba2a63cb
com.bertramlabs.plugins	karman-cifs	2.2.6		2513f0ee73d24217058b1fba2e07f018fcf0233c
com.bertramlabs.plugins	karman-cifs	2.2.7		57547cb4f0656b8e30b4bf7bb550e39b2b9a62f8
com.bertramlabs.plugins	karman-cifs	2.2.8		a8023e12f74a77555a446d2bdf6721a48dff919f
com.bertramlabs.plugins	karman-cifs	2.2.9		6ab7d05e4aef7f21c4fe0973dcc3f6e80f371470
com.bertramlabs.plugins	karman-cifs	2.3.0		9815f048e5a600abd19ea4f1bd552998e279bc64
com.bertramlabs.plugins	karman-cifs	2.3.1		3cb225c3b3ee1d6a10e37ece4234a0ce7a10a47d
com.bertramlabs.plugins	karman-cifs	2.3.2		417258cc22d5252d4e52d84586d71991d39e259a
com.bertramlabs.plugins	karman-cifs	2.3.3		8a0f494b1a7499244ee4ab3c6daba7351a005981
com.bertramlabs.plugins	karman-cifs	2.3.4		5b9e471c710f11364400ab7ae6062793296bd430
com.bertramlabs.plugins	karman-cifs	2.3.5		b0d4dba379570a7c6827c4f254ce6482c9be6a7c
com.bertramlabs.plugins	karman-cifs	2.3.6		cea37d09136f33d2d02098c12ad8a301a3b7e54c
com.bertramlabs.plugins	karman-cifs	3.0.0		c437f5393273ea4f36e2fa29e2008552b70ac80c
com.consolefire	jdbc-json-extension-core	1.1.0		8640e280cf193429b25cc40d6e2753c1d1c9fb62
com.consolefire	jdbc-json-extension-core	1.2.0		1038eb16bc6c780e8419a39f5cac32365c512d90
com.consolefire	jdbc-json-extension-core	1.4.0		fcfd48ff249bf366b452bd056f4cfda195862aab
com.ejlchina	bean-searcher-parent	3.0.0		N/A
com.ejlchina	bean-searcher-parent	3.0.1		N/A
com.ejlchina	bean-searcher-parent	3.0.2		N/A
com.ejlchina	bean-searcher-parent	3.0.3		N/A
com.ejlchina	bean-searcher-parent	3.0.4		N/A
com.ejlchina	bean-searcher-parent	3.0.5		N/A
com.ejlchina	bean-searcher-parent	3.1.0		N/A
com.ejlchina	bean-searcher-parent	3.1.1		N/A
com.ejlchina	bean-searcher-parent	3.1.2		N/A
com.ejlchina	bean-searcher-parent	3.1.3		N/A
com.ejlchina	bean-searcher-parent	3.1.4		N/A
com.ejlchina	bean-searcher-parent	3.2.0		N/A
com.ejlchina	bean-searcher-parent	3.2.1		N/A
com.ejlchina	bean-searcher-parent	3.2.2		N/A
com.ejlchina	bean-searcher-parent	3.2.3		N/A
com.ejlchina	bean-searcher-parent	3.2.4		N/A
com.ejlchina	bean-searcher-parent	3.3.0		N/A
com.ejlchina	bean-searcher-parent	3.3.1		N/A
com.ejlchina	bean-searcher-parent	3.3.2		N/A
com.ejlchina	bean-searcher-parent	3.3.3		N/A
com.ejlchina	bean-searcher-parent	3.4.0		N/A
com.ejlchina	bean-searcher-parent	3.4.1		N/A
com.ejlchina	bean-searcher-parent	3.4.2		N/A
com.ejlchina	bean-searcher-parent	3.4.3		N/A
com.ejlchina	bean-searcher-parent	3.5.0		N/A
com.ejlchina	bean-searcher-parent	3.5.1		N/A
com.ejlchina	bean-searcher-parent	3.5.2		N/A
com.ejlchina	bean-searcher-parent	3.5.3		N/A
com.ejlchina	bean-searcher-parent	3.5.4		N/A
com.ejlchina	bean-searcher-parent	3.5.5		N/A
com.ejlchina	bean-searcher-parent	3.6.0		N/A
com.ejlchina	bean-searcher-parent	3.6.1		N/A
com.ejlchina	bean-searcher-parent	3.6.2		N/A
com.ejlchina	bean-searcher-parent	3.6.3		N/A
com.ejlchina	bean-searcher-parent	3.7.0		N/A
com.ejlchina	bean-searcher-parent	3.7.1		N/A
com.ejlchina	bean-searcher-parent	3.8.0		N/A
com.ejlchina	bean-searcher-parent	3.8.1		N/A
com.ejlchina	bean-searcher-parent	3.8.2		N/A
com.ejlchina	bean-searcher-parent	3.8.2.relocation		N/A
com.ejlchina	bean-searcher-parent	3.8.3		N/A
com.github.bleeding182.sharedpreferences	annotations	1.0.0		fe0f71a8e7a7ff854a8ba9255939c00c7d4231d2
com.github.cafapi.codec	codec-json-lzf	1.10.0-205		066a0bf95c7891901f87997cfcb1d3cb57ed5e9c
com.github.cafapi.codec	codec-json-lzf	1.11.0-218		95902d6525235c2932fc5e74d7042557c93479d9
com.github.cafapi.codec	codec-json-lzf	1.12.0-232		57769b058a649e604630b9202759b769b0426796
com.github.cafapi.codec	codec-json-lzf	1.13.0-239		1d3c022b6b15494abe840c107a86066b017f7182
com.github.cafapi.codec	codec-json-lzf	1.14.0-1		09ab3e1bf28641b94672bf56572d62e62b2acd2c
com.github.cafapi.codec	codec-json-lzf	1.15.0-1		84193f99dc875606122692352e2c86610592b5a1
com.github.cafapi.codec	codec-json-lzf	1.16.0-118		17abba657adc752fabc3c98b4f8ed14430a853cc
com.github.cafapi.codec	codec-json-lzf	1.17.0-201		e086a2a30dc5a711e1894d3453c4956cd1f4f492
com.github.cafapi.codec	codec-json-lzf	1.18.0-257		468fadfd4daeebe9fae2dc7b85247241fb7f0e19
com.github.cafapi.codec	codec-json-lzf	1.19.0-269		e195bbae70e6b8c19ac5cb86ce75292e8f3b7ebd
com.github.cafapi.codec	codec-json-lzf	1.2.0-109		bd78f8fb2358926b8a954b93c4c9fb70a77f515e
com.github.cafapi.codec	codec-json-lzf	1.20.0-288		8a03ba69feb2b5740a9448241604dd72b3afea8f
com.github.cafapi.codec	codec-json-lzf	1.3.0-110		ec3fbef1146a95f4fff3780685ca5915ccd7ff71
com.github.cafapi.codec	codec-json-lzf	1.4.0-111		5e606a310b1a5373cd79ae697744eb10cd63e3bc
com.github.cafapi.codec	codec-json-lzf	1.4.1-117		03824f4e758641fe4485a8abe7b50e69ba10ccd6
com.github.cafapi.codec	codec-json-lzf	1.5.0-127		f874cfede71fe53cf3da7b60a45b4ddede1eb2f3
com.github.cafapi.codec	codec-json-lzf	1.6.0-176		e02782b6d6b949bfe74adc8a6b145785846153ee
com.github.cafapi.codec	codec-json-lzf	1.7.0-188		b43103d418d1c9abffd1b1d678dc28b31ae98ac6
com.github.cafapi.codec	codec-json-lzf	1.8.0-191		58261dd0ff323c466e3f49694480b6345526925b
com.github.cafapi.codec	codec-json-lzf	1.9.0-197		9e36a41fe04747c778ebae06c040a8a8c97c900c
com.github.cafapi.codec	codec-json-lzf	2.0.0-425		e786e66ee6a1d6d2150224397b81a82ab79a277a
com.github.cafapi.codec	codec-json-lzf	2.0.1-450		fd4648764f4f8091b9d795afb1deb2cac5b00618
com.github.cafapi.codec	codec-json-lzf	3.0.0-549		c522e96a1d7f708165cf092cf61f91fee38783a6
com.github.cafapi.codec	codec-json-lzf	3.1.0-596		e8faf83a1b9b0bc4fa8fd108f5460873f52b1ac6
com.github.cafapi.codec	codec-json-lzf	3.2.0-684		c70ed99bdbc12e93c152d65de1a6f5bd042fd83c
com.github.chenlijia1111	utils	1.0.1-RELEASE		83e2bdb28fd01d71242fba792168fd811c331525
com.github.chenlijia1111	utils	1.0.2-RELEASE		153554b40aab5156c6f9730e565b702f6ecbdd4a
com.github.chenlijia1111	utils	1.0.3-RELEASE		6d485aece023e865fec75b55b60c707da276e30d
com.github.chenlijia1111	utils	1.0.4-RELEASE		f5f19b9758eb45192b101609c4ef9d2991c0bc2f
com.github.chenlijia1111	utils	1.0.5-RELEASE		0fa42c4e75e60322ef81414f2126e73c5117e263
com.github.chenlijia1111	utils	1.0.6-RELEASE		aa27b2cec72273c4e7a1ce8b5ec50869d7395f44
com.github.chenlijia1111	utils	1.0.7-RELEASE		9f276948220f475d810b6cb3078abe5412a26998
com.github.chenlijia1111	utils	1.0.8-RELEASE		5c0cea450a943d2d974d513ba43e4f02ae76cf0b
com.github.chenlijia1111	utils	1.0.9-RELEASE		c822a909662b63e0cbeec56cdbe311fcfe7ad729
com.github.chenlijia1111	utils	1.1.0-RELEASE		98ceb810671951a3ca954523a12c6b15a7030ee2
com.github.chenlijia1111	utils	1.1.1-RELEASE		08117036c905e8673f138f2dacc6a101b7f47c1c
com.github.chenlijia1111	utils	1.1.2-RELEASE		ce2b60d7348d85d5432ffb2f58f9ecf7327c57db
com.github.chenlijia1111	utils	1.1.3-RELEASE		dd2a86a9941a3ad39e6b1b932671ab06cc69517e
com.github.chenlijia1111	utils	1.1.4-RELEASE		ed6eb9d4440e282011a415b3be780b304b7f92cb
com.github.chenlijia1111	utils	1.1.5-RELEASE		9b067cc9f35078413c7efbf1bdbe3cb90073ac6b
com.github.chenlijia1111	utils	1.1.6-RELEASE		37e5a3ba23216c16cf8fe6ff3da2c85fac327e32
com.github.chenlijia1111	utils	1.1.7-RELEASE		d66ef59102286c36a1bf4017f50f51ef4911713d
com.github.chenlijia1111	utils	1.1.8-RELEASE		7dc44bb1f2c0554340b2396669241902f53d99de
com.github.chenlijia1111	utils	1.1.9-RELEASE		b5f6164c0532e52b6ca9a05895792eff712a95d2
com.github.chenlijia1111	utils	1.2.0-RELEASE		f1d9c018178bdb4065be0f43aff2874abcc36578
com.github.link-kou	databulid-extension-asinglefield	1.0.0		e4baf3d85b9bf01be221b095e5c95a036a598da9
com.github.link-kou	databulid-extension-asinglefield	1.0.1		365b659ac326aa755a92644ba6c8b4b6c2bcef75
com.github.link-kou	databulid-extension-asinglefield	1.0.2		2ccad30cfd68c938555599fef894e53d266c01ec
com.github.linushp	zikai-apijson	1.0		9ae9b4f4aa5feccfbbee364ceb131a0a29986091
com.github.ovargas	ms-parent	0.0.1		N/A
com.github.ovargas	ms-parent	0.0.2		N/A
com.github.snakerflow	snaker-spring	2.0.0		fc82539689233e434bb0bc7f6197512d2866dc4d
com.github.snakerflow	snaker-spring	2.1.0		54d8a4412fa8dd0ba7f8d19b1c7cdeb35990492d
com.github.snakerflow	snaker-spring	2.1.1		24aabd672f01c7e1724e2a7f9b0db349d03ff8cd
com.github.snakerflow	snaker-spring	2.2.0		da70fb371763b93b4230ea421bbd7bc4419cca97
com.github.snakerflow	snaker-spring	2.3.0		8fa5bea7d37abfea1e3cced8cad281db07f5098d
com.github.snakerflow	snaker-spring	2.4.0		331b956b1cfe8e97383f6d96a64a1dfc6085ba05
com.github.snakerflow	snaker-spring	2.5.0		7058c6a0f330acc9991bfb935a692900801e583d
com.github.snakerflow	snaker-spring	2.5.1		5ee32b021dee7390d0d7c7e1b048c31295f75733
com.higgschain.trust	network	3.0.0		436dbd006fcf53470d55038b948094ad76a2967e
com.higgschain.trust	network	3.0.1		c6ad89bf311b379e2a6d3c9d55751379f537075e
com.ixaris.oss	ixaris-commons-async	1.1.0		N/A
com.ixaris.oss	ixaris-commons-async	1.2.0		N/A
com.ixaris.oss	ixaris-commons-async	1.3.0		N/A
com.ixaris.oss	ixaris-commons-async	1.4.0		N/A
com.ixaris.oss	ixaris-commons-async	1.4.1		N/A
com.ixaris.oss	ixaris-commons-async	1.5.0		N/A
com.ixaris.oss	ixaris-commons-async	1.6.0		N/A
com.lifeonwalden	DDLGenerator	2.0.3		3307c6371a871be0fce9d82adf155c981074e40d
com.lifeonwalden	DDLGenerator	2.0.4		6856266a67a4c931f93063a504275412bc348860
com.lifeonwalden	DDLGenerator	2.0.5		5179b72c6598000f2c3d7c45a08f8e695b1cf129
com.lifeonwalden	DDLGenerator	2.0.6		b274d5f0a400038e0b7bdd90300f5e2770effa6e
com.lifeonwalden	DDLGenerator	2.1.0		7315a5103a78e91fbfdc73e1789cc98c5fecdfda
com.lifeonwalden	DDLGenerator	2.1.1		c56fa2df3eb7f9945811f0f98223368998947fdd
com.lifeonwalden	DDLGenerator	2.2.1		11e21743321c6736dee334108fcf094f0a416abb
com.lifeonwalden	DDLGenerator	2.2.2		9f476a6b162aed386d955b980f881a56872ac5b4
com.liferay	com.liferay.gradle.plugins.patcher	1.0.0		389b3617fa815f8965bb8c7334a82881f70e0537
com.liferay	com.liferay.gradle.plugins.patcher	1.0.1		09ad1257140413dbed85ce07600a17bf190191f2
com.liferay	com.liferay.gradle.plugins.patcher	1.0.10		59aa4b693170cf8cc374c41a1168754b82e127c3
com.liferay	com.liferay.gradle.plugins.patcher	1.0.11		ed2519822ee7ad98be71cf56fc77fc715a702aee
com.liferay	com.liferay.gradle.plugins.patcher	1.0.12		d7446b52cdb3051815b5471a21b43ae0a89f6d9f
com.liferay	com.liferay.gradle.plugins.patcher	1.0.13		5e4ed93ed783d69db1a159a45b9539000acf9477
com.liferay	com.liferay.gradle.plugins.patcher	1.0.14		44f985f48b07925847f8e9583292c43bc5391cab
com.liferay	com.liferay.gradle.plugins.patcher	1.0.15		d52cc0029acb73ced1a7dd5cd671eecb27ce7372
com.liferay	com.liferay.gradle.plugins.patcher	1.0.16		71b693343ecd5e23300caa4ac246f5163ca402e7
com.liferay	com.liferay.gradle.plugins.patcher	1.0.17		2efceb6b65832a404091f4119c7e0f1bc4d581ec
com.liferay	com.liferay.gradle.plugins.patcher	1.0.18		0559bc89a999201f2bfe89501061d6c4c2afab2b
com.liferay	com.liferay.gradle.plugins.patcher	1.0.19		05c68428e5db0f9f885fbcd72cb39e3034f83b0c
com.liferay	com.liferay.gradle.plugins.patcher	1.0.2		99c026738535fa3e1655a9a30bf6a959697641f9
com.liferay	com.liferay.gradle.plugins.patcher	1.0.20		f56e5f62bfd48ed47a0c9db8824794779a23ef01
com.liferay	com.liferay.gradle.plugins.patcher	1.0.21		0114e8c4d520c5e644591499c6efbbd08a7646e6
com.liferay	com.liferay.gradle.plugins.patcher	1.0.22		b3666c9294fbe2760208a6592d45151afd819054
com.liferay	com.liferay.gradle.plugins.patcher	1.0.23		a42e3eb76d68680c0f4a87a3350ef302f1cffd61
com.liferay	com.liferay.gradle.plugins.patcher	1.0.3		d1ab2d98ed13ca367c3a36a5a2f63a1aeb95c027
com.liferay	com.liferay.gradle.plugins.patcher	1.0.4		c53b739035815b922be4d7e95bfdbda323e712d7
com.liferay	com.liferay.gradle.plugins.patcher	1.0.5		92498c84d62ea8d47582185c93e6f1f63ed4076a
com.liferay	com.liferay.gradle.plugins.patcher	1.0.6		c38766cd2fe4e6bb33237f6f02305f0ba3ebe9b7
com.liferay	com.liferay.gradle.plugins.patcher	1.0.7		235073c60e27074e483bcfc739cb3e755f9ec949
com.liferay	com.liferay.gradle.plugins.patcher	1.0.8		7cd4485a4a829ee214e7e3cb027ba1328166dc4f
com.liferay	com.liferay.gradle.plugins.patcher	1.0.9		214a0cd03da5ebfa5d2d068a4c5728d4f5ebbb8a
com.randou-tech	randou_java_sdk	1.0.0		014cef0186140fbf2f2636ecefa862b59514bbb5
com.randou-tech	randou_java_sdk	1.1.0		634f9526aa828e38a5c19865509f40406e77c297
com.randou-tech	randou_java_sdk	1.1.1		8bfed01b2b46c84a3b8912fd6fe1aa015d73d5fb
com.randou-tech	randou_java_sdk	1.1.2		b46441f47a8181c0d5314fa0f3730bb215f829cb
com.randou-tech	randou_java_sdk	1.2.0		e48f990da64dcf8f4631712f3b426904bdc3a4be
com.randou-tech	randou_java_sdk	1.3.0		376a750141c1d0f8c12a9f8e186a42bc69a07836
com.randou-tech	randou_java_sdk	1.3.1		929ef774b6610349b063f5821e6a4492b76a36fa
com.randou-tech	randou_java_sdk	1.3.2		eb622b98c36f9af80ec91a52a11e3d5581a2d102
com.randou-tech	randou_java_sdk	1.3.3		a32fafd4d7a239eae671e35540d3b222d800f17f
com.randou-tech	randou_java_sdk	1.4.0		1467ba80ab6a936e680b31f9f7d7fcd98a14bd0c
com.rojoma	rojoma-json_2.9.0-1	2.0.0		8ad06c74ce8edd9a162333b94402c2a90b111cb6
com.rojoma	rojoma-json_2.9.0-1	2.1.0		49bd4d062f89f40b3e5e32d93e7ff583b52286de
com.sebastianmarschall	rxauth	0.1.0		N/A
com.sebastianmarschall	rxauth	0.1.1		N/A
com.sebastianmarschall	rxauth	0.2.0		N/A
com.sebastianmarschall	rxauth	0.3.1		N/A
com.softwaremill.odelay	odelay-netty_2.13	0.3.1		4b13110d9c154992cbf66b8667c8c0e3ff3a8bbb
com.softwaremill.odelay	odelay-netty_2.13	0.3.2		b7af66d53c355cef7d2912c78a70ead15fd576fd
com.softwaremill.odelay	odelay-netty_2.13	0.3.3		793347fcbdee7beb6f286319a73c38757d7ba54e
com.softwaremill.odelay	odelay-netty_2.13	0.4.0		5ae1b5b9751136a6bb797347712d47bdff8e9b2c
com.softwaremill.odelay	odelay-netty_2.13	0.4.1		766ea36bcb75cef6e9f5fc0f1f8cd40b2295dceb
com.soywiz.korge	korlibs-logger-tvosx64	5.3.1		N/A
com.soywiz.korge	korlibs-logger-tvosx64	5.3.1	metadata	34ce8abe1592203b7ad92241d46140e98be13c34
com.soywiz.korge	korlibs-logger-tvosx64	5.3.2		N/A
com.soywiz.korge	korlibs-logger-tvosx64	5.3.2	metadata	e83a27753a97a31d067258db87c70909d017165a
com.soywiz.korge	korlibs-logger-tvosx64	5.4.0		N/A
com.soywiz.korge	korlibs-logger-tvosx64	5.4.0	metadata	23a3a8d52713dcc444a3087ecb8aff930e9afe02
com.uber.crumb	crumb-compiler-api	0.0.1		cfc106c27262931930d7f1f60bca71f27071c058
com.uber.crumb	crumb-compiler-api	0.1.0		3ab5d7e1ef02a622296df24f0d32b55cb1a9793a
de.cuioss.portal.core	portal-core	1.0.0		32c50d0b057b9787afbb30c429b722e604a42ce7
de.cuioss.portal.core	portal-core	1.1.0		f52a8cb70a48665ed24b23fc5aeb1d75dd4bf4ed
de.cuioss.portal.core	portal-core	1.1.1		b50313ed556dc1d6a88fca1663972abfbd06d2db
de.cuioss.portal.core	portal-core	1.2.0		4e83df8897311a4d3474b6a49ce9669fc067e0dc
de.cuioss.portal.core	portal-core	1.3.0		90d637ec54926d2cbbe23a286c7c5d8fd588e2ff
dev.galasa	dev.galasa.cloud.manager	0.21.0		0ff70e0daeebbae32b5203246a52d6160afa5461
dev.galasa	dev.galasa.cloud.manager	0.22.0		fe3594f80f2bbd3f17f551b08d8783206ec5a169
dev.galasa	dev.galasa.cloud.manager	0.38.0		4ee7773d15b682a09edfdc8ef8e9c9f9579bdcdc
dev.galasa	dev.galasa.cloud.manager	0.39.0		4dd8d25a275ec5bfdc399502c2dcaa7c60a97834
dev.galasa	dev.galasa.cloud.manager	0.40.0		24e7756dc5abb3b9cab5f0886e6d20021ebf095c
dev.galasa	dev.galasa.cloud.manager	0.41.0		9421a5efb78d5c3acb029072d21c4b67e2a71eea
geronimo	geronimo-servicemix	1.0-M4		3f75ada0f3f6a7de4c9b20c06d83ea03d91618fe
geronimo	geronimo-servicemix	1.0-M5		9b7ed218f5cf7b8be732c1792abd45015eab5e3e
icu	icu4j	2.6.1		N/A
io.bitbucket.supportomateinc.microcontainer	jboss-guice-int	2.2.0.M2		cf1b4704d6c58786a4976274fc93a6aaf3cd240e
io.display	sdk	1.0.0		N/A
io.display	sdk	1.6.5		N/A
io.display	sdk	1.6.6		N/A
io.display	sdk	2.0.0		N/A
io.github.qsy7.java.aspects.logging	plugin	0.1.2		ba5cad0ed237d8e66516ad33330e3ff526295946
io.github.vigoo	zio-aws-route53recoveryreadiness_3	3.17.100.1		74be29bcdede8629370a17408f58631d9e2cb2d3
io.github.vigoo	zio-aws-route53recoveryreadiness_3	3.17.100.3		de12eda81c64b64acf7a9361eecd6f73face4eb4
io.github.vigoo	zio-aws-route53recoveryreadiness_3	3.17.101.1		3a9284bf151f4aad5659ec97f0a8f5654c584bcf
io.github.vigoo	zio-aws-route53recoveryreadiness_3	3.17.102.4		9fdcf258c547961b104037ffdffcd91c78109ab3
io.github.vigoo	zio-aws-route53recoveryreadiness_3	3.17.102.5		908f15fc796e408d1d8591f807e63e9d57bacb08
io.github.vigoo	zio-aws-route53recoveryreadiness_3	3.17.102.6		05a9b485fb12dc4a28e06bbcc0a1fec2b25af6c8
io.github.vigoo	zio-aws-route53recoveryreadiness_3	3.17.103.1		dec52c253518935ead86c6de4c484b5976ef20ff
io.github.vigoo	zio-aws-route53recoveryreadiness_3	3.17.104.1		e30e1d02fa528f94729c5ddb9a60257a4a1eee44
io.github.vigoo	zio-aws-route53recoveryreadiness_3	3.17.104.2		4869a7183c563678a52f28166bacea5f6b4cc3b1
io.github.vigoo	zio-aws-route53recoveryreadiness_3	3.17.104.3		ada749f5dcb4e017037effc6b057241c88997be5
io.github.vigoo	zio-aws-route53recoveryreadiness_3	3.17.104.4		74b8379d34cd51103d2d51f208bc0caf120c9d42
io.github.vigoo	zio-aws-route53recoveryreadiness_3	3.17.104.5		24f11c030f2bcaf13153f80fd91fbf769b16ccc4
io.github.vigoo	zio-aws-route53recoveryreadiness_3	3.17.104.7		2fa7868650abc153c3a1d0a0a456626df03617b4
io.github.vigoo	zio-aws-route53recoveryreadiness_3	3.17.42.8		496cdf3ce40bc94a90d7c346acfd47cd5c7ce9ef
io.github.vigoo	zio-aws-route53recoveryreadiness_3	3.17.42.9		2261522dac347a5f0af70ca5fe89311213f7e641
io.github.vigoo	zio-aws-route53recoveryreadiness_3	3.17.56.1		cdb6030c26f9dc7c686b835c1a6e4c18d8e18c6b
io.github.vigoo	zio-aws-route53recoveryreadiness_3	3.17.57.1		2ecba98adfd48c52b388ff0838f676b9c4e28cc4
io.github.vigoo	zio-aws-route53recoveryreadiness_3	3.17.57.2		fa7481f75a8a86293dd62b4f337f9172359052f2
io.github.vigoo	zio-aws-route53recoveryreadiness_3	3.17.58.1		8c520a07125723facf7f17a83a95f0323f452653
io.github.vigoo	zio-aws-route53recoveryreadiness_3	3.17.59.1		e68f08077d3ff0b4b86ddfaf240ba386450dee47
io.github.vigoo	zio-aws-route53recoveryreadiness_3	3.17.61.1		2827f758feb925f2eb07151da18132cb08e857a0
io.github.vigoo	zio-aws-route53recoveryreadiness_3	3.17.61.2		16a53abe660c42dee8030edbd99c4fa2bb18a423
io.github.vigoo	zio-aws-route53recoveryreadiness_3	3.17.62.1		2939a8a79ff9c4f12e4bcfcecfd894fd21b42ba9
io.github.vigoo	zio-aws-route53recoveryreadiness_3	3.17.63.1		1304034a4ea3b3ca8250f554b871fccf38fd75f0
io.github.vigoo	zio-aws-route53recoveryreadiness_3	3.17.63.2		b1cd0667b093f15fc5f8122747314cc684f93098
io.github.vigoo	zio-aws-route53recoveryreadiness_3	3.17.64.1		7cc2ad7784536e1f5b7e5dc09ca7d4bbffe759d2
io.github.vigoo	zio-aws-route53recoveryreadiness_3	3.17.65.1		c05ec83d8c8eed4668d0785b4b732b06b647eaa6
io.github.vigoo	zio-aws-route53recoveryreadiness_3	3.17.68.1		285b4c47b1cbae6692963f6dbe616885e8a968ad
io.github.vigoo	zio-aws-route53recoveryreadiness_3	3.17.70.1		ae7725ecc8bc0aebf424a1ef3c244939a364849b
io.github.vigoo	zio-aws-route53recoveryreadiness_3	3.17.71.1		87bcd468fa9a0091140116875225aace66a82db5
io.github.vigoo	zio-aws-route53recoveryreadiness_3	3.17.71.2		8edd2352d1223147f945ffb17d0083cb2199ccd0
io.github.vigoo	zio-aws-route53recoveryreadiness_3	3.17.71.3		26609e9d3e9bcaa856158de39959d83ea09854ae
io.github.vigoo	zio-aws-route53recoveryreadiness_3	3.17.74.1		7d9fd941b742198a0c2ee1124eaf0375387d07a1
io.github.vigoo	zio-aws-route53recoveryreadiness_3	3.17.75.1		cdb232cf3e798c84bdcb4316fa0f29ab44585e93
io.github.vigoo	zio-aws-route53recoveryreadiness_3	3.17.76.1		8b0f5c7d7111e741747120d7741ba8d7f3f573dc
io.github.vigoo	zio-aws-route53recoveryreadiness_3	3.17.77.1		539163539bc60daf84648c7f1e7bf63160c75fbe
io.github.vigoo	zio-aws-route53recoveryreadiness_3	3.17.78.1		f596179638a1329ff465b3ca3f3e54e696f31b1b
io.github.vigoo	zio-aws-route53recoveryreadiness_3	3.17.79.1		6e8fe9c21a0cf935c0f1f6c87de77fb8119ad948
io.github.vigoo	zio-aws-route53recoveryreadiness_3	3.17.80.1		9df036d71e18b5bac724c6f0ad52268089169d5b
io.github.vigoo	zio-aws-route53recoveryreadiness_3	3.17.81.1		8ce548ecec626800a5d804b73349404936c4d55e
io.github.vigoo	zio-aws-route53recoveryreadiness_3	3.17.87.2		d1cf265229b381d1a1a85a5257f2d99ac83ea200
io.github.vigoo	zio-aws-route53recoveryreadiness_3	3.17.88.1		79bdaac07fa9a3ba079411cfda58e44ac05cfd35
io.github.vigoo	zio-aws-route53recoveryreadiness_3	3.17.90.1		b6d5a041eba7755bf82e7b1cea9b47499e9a968e
io.github.vigoo	zio-aws-route53recoveryreadiness_3	3.17.94.1		f96aa59707bab09547ab49bfa4cca9509bc6adcf
io.github.vigoo	zio-aws-route53recoveryreadiness_3	3.17.94.2		b5e54605504ec1e31ee1668cacc64730b252534a
io.github.vigoo	zio-aws-route53recoveryreadiness_3	3.17.97.1		6a97d858701044214e6a2554644e733be510bf95
io.github.vigoo	zio-aws-route53recoveryreadiness_3	3.17.98.1		5f3987472f9abc773f108bc2c13f207f9607be9f
io.github.vigoo	zio-aws-route53recoveryreadiness_3	3.17.99.1		05389697177328bb96cf94d3bfb30ef183dc055d
io.github.vigoo	zio-aws-route53recoveryreadiness_3	4.0.2		fb563e3b79b0e072f7ec2c5d2f7135c725cf1ba2
io.github.vigoo	zio-aws-route53recoveryreadiness_3	4.0.4		601baa95fb8e5d540b92a46bf50b364090e4a61a
io.github.vigoo	zio-aws-route53recoveryreadiness_3	4.0.5		e4082eedde5f3032f6bc18760b47c94fb27f045c
io.github.vigoo	zio-aws-route53recoveryreadiness_3	4.17.104.1		ba3b0365f949182e72ede84fdc4522eda699d231
io.github.vigoo	zio-aws-route53recoveryreadiness_3	4.17.104.2		044c1964ab7413edfa13fb0122753638cb4da286
io.github.vigoo	zio-aws-route53recoveryreadiness_3	4.17.280.4		f6a491b04afeb167ac11d80ca1f91cfedddc17ef
io.github.zhangzih4n	serialization-js	0.1.0		N/A
io.github.zhangzih4n	serialization-js	0.1.1		N/A
io.github.zhangzih4n	serialization-js	0.10.0		N/A
io.github.zhangzih4n	serialization-js	0.3.0		N/A
io.github.zhangzih4n	serialization-js	0.4.0		N/A
io.github.zhangzih4n	serialization-js	0.5.0		N/A
io.github.zhangzih4n	serialization-js	0.6.0		N/A
io.github.zhangzih4n	serialization-js	0.7.0		N/A
io.github.zhangzih4n	serialization-js	0.7.1		N/A
io.github.zhangzih4n	serialization-js	0.7.2		N/A
io.github.zhangzih4n	serialization-js	0.7.3		N/A
io.github.zhangzih4n	serialization-js	0.8.0		N/A
io.github.zhangzih4n	serialization-js	0.9.0		N/A
io.iohk	protoc-gen-pbandk-lib	0.20.2		bb1cba42b71fe8b93f6be8372e2ce62648835577
io.iohk	protoc-gen-pbandk-lib	0.20.3		71b64c70e5387d776b5aa979c230b01b92787d6f
io.iohk	protoc-gen-pbandk-lib	0.20.4		74e8259bd21feb982cd1d9c2b134feec30353f94
io.iohk	protoc-gen-pbandk-lib	0.20.5		8ba35b6fd1bc97c0c176034deff2df41e243efec
io.iohk	protoc-gen-pbandk-lib	0.20.7		040fbcda4f101e3c0b1dff8fc37868e2c536aae0
io.megl	zio-schema-elasticsearch_sjs1_2.13	2.0.0		828edf3ab16ee392424cd2b60f6478cf6160d0d0
io.megl	zio-schema-elasticsearch_sjs1_2.13	2.0.1		39d85d12cf7d594ce273b572fd3d6d7f271b4d2d
io.megl	zio-schema-elasticsearch_sjs1_2.13	2.0.2		6f50536eec96a43b27056cd7ed7aa480e9064b1a
io.megl	zio-schema-elasticsearch_sjs1_2.13	2.0.4		5f3399a6f71d567381c140ce97175ee08d6cb2d2
love.forte.simbot.component	simbot-component-onebot-v11-common-jvm	0.0.2		1b05e07f05b4c5790f9b7cee0be69bfaf0647cab
love.forte.simbot.component	simbot-component-onebot-v11-common-jvm	0.0.3		1b05e07f05b4c5790f9b7cee0be69bfaf0647cab
love.forte.simbot.component	simbot-component-onebot-v11-common-jvm	0.0.4		1b05e07f05b4c5790f9b7cee0be69bfaf0647cab
love.forte.simbot.component	simbot-component-onebot-v11-common-jvm	0.1.0		2e48ec9bfcadfa32caf3e22e6c45749c6ab98995
love.forte.simbot.component	simbot-component-onebot-v11-common-jvm	0.1.1		2e48ec9bfcadfa32caf3e22e6c45749c6ab98995
love.forte.simbot.component	simbot-component-onebot-v11-common-jvm	0.2.0		2e48ec9bfcadfa32caf3e22e6c45749c6ab98995
love.forte.simbot.component	simbot-component-onebot-v11-common-jvm	0.3.0		33d41a1df54b74e18366122ae8e488b933b8a0b9
love.forte.simbot.component	simbot-component-onebot-v11-common-jvm	0.4.0		33d41a1df54b74e18366122ae8e488b933b8a0b9
love.forte.simbot.component	simbot-component-onebot-v11-common-jvm	0.5.0		33d41a1df54b74e18366122ae8e488b933b8a0b9
love.forte.simbot.component	simbot-component-onebot-v11-common-jvm	0.6.0		33d41a1df54b74e18366122ae8e488b933b8a0b9
love.forte.simbot.component	simbot-component-onebot-v11-common-jvm	0.7.0		33d41a1df54b74e18366122ae8e488b933b8a0b9
love.forte.simbot.component	simbot-component-onebot-v11-common-jvm	0.8.0		33d41a1df54b74e18366122ae8e488b933b8a0b9
love.forte.simbot.component	simbot-component-onebot-v11-common-jvm	0.9.0		33d41a1df54b74e18366122ae8e488b933b8a0b9
love.forte.simbot.component	simbot-component-onebot-v11-common-jvm	0.9.1		33d41a1df54b74e18366122ae8e488b933b8a0b9
love.forte.simbot.component	simbot-component-onebot-v11-common-jvm	1.0.0		33d41a1df54b74e18366122ae8e488b933b8a0b9
love.forte.simbot.component	simbot-component-onebot-v11-common-jvm	1.0.0-RC		33d41a1df54b74e18366122ae8e488b933b8a0b9
love.forte.simbot.component	simbot-component-onebot-v11-common-jvm	1.0.1		72b3b359ff25d578e1c83c941891b06873b3ed71
love.forte.simbot.component	simbot-component-onebot-v11-common-jvm	1.1.0		72b3b359ff25d578e1c83c941891b06873b3ed71
love.forte.simbot.component	simbot-component-onebot-v11-common-jvm	1.2.0		72b3b359ff25d578e1c83c941891b06873b3ed71
love.forte.simbot.component	simbot-component-onebot-v11-common-jvm	1.3.0		72b3b359ff25d578e1c83c941891b06873b3ed71
love.forte.simbot.component	simbot-component-onebot-v11-common-jvm	1.4.0		72b3b359ff25d578e1c83c941891b06873b3ed71
love.forte.simbot.component	simbot-component-onebot-v11-common-jvm	1.4.1		72b3b359ff25d578e1c83c941891b06873b3ed71
love.forte.simbot.component	simbot-component-onebot-v11-common-jvm	1.4.2		72b3b359ff25d578e1c83c941891b06873b3ed71
love.forte.simbot.component	simbot-component-onebot-v11-common-jvm	1.4.3		329002a08229674ef7ae4e5447434fc1e86ba4a4
love.forte.simbot.component	simbot-component-onebot-v11-common-jvm	1.4.4		329002a08229674ef7ae4e5447434fc1e86ba4a4
love.forte.simbot.component	simbot-component-onebot-v11-common-jvm	1.4.5		1629340cd7df6ebc1c6d0786a1109f2dd10d0f66
love.forte.simbot.component	simbot-component-onebot-v11-common-jvm	1.5.0		d97de5251f0806eebae46a211cdbaa8d644d3d63
love.forte.simbot.component	simbot-component-onebot-v11-common-jvm	1.6.0		b550d0deae48d217de2207a07c98342b6e5d6636
love.forte.simbot.component	simbot-component-onebot-v11-common-jvm	1.6.1		b550d0deae48d217de2207a07c98342b6e5d6636
love.forte.simbot.component	simbot-component-onebot-v11-common-jvm	1.7.0		b550d0deae48d217de2207a07c98342b6e5d6636
love.forte.simbot.util	simbot-util-suspend-transformer-watchosarm64	3.0.0		N/A
love.forte.simbot.util	simbot-util-suspend-transformer-watchosarm64	3.0.0	metadata	29091db9876413b41eef1aa2746e86c7f7f7a6e2
love.forte.simbot.util	simbot-util-suspend-transformer-watchosarm64	3.1.0		N/A
love.forte.simbot.util	simbot-util-suspend-transformer-watchosarm64	3.1.0	metadata	63b9016e2f97fae821daab45abb4b8832256b46c
love.forte.simbot.util	simbot-util-suspend-transformer-watchosarm64	3.2.0		N/A
love.forte.simbot.util	simbot-util-suspend-transformer-watchosarm64	3.2.0	metadata	530a434a98d5c8eeaa16b9912b38de2bc7d12068
love.forte.simbot.util	simbot-util-suspend-transformer-watchosarm64	3.3.0		N/A
love.forte.simbot.util	simbot-util-suspend-transformer-watchosarm64	3.3.0	metadata	5e8e6b406fc1523406c82310b30610f77584f9bd
love.forte.simbot.util	simbot-util-suspend-transformer-watchosarm64	3.3.0-beta1		N/A
love.forte.simbot.util	simbot-util-suspend-transformer-watchosarm64	3.3.0-beta1	metadata	a8b30a91b0c52defb0f12b37ebf8a39ae29950cd
net.polyv.android	plvZRTCEmpty	1.16.1.p1		N/A
net.skyscanner.backpack	backpack-common	0.10.0		N/A
net.skyscanner.backpack	backpack-common	0.11.0		N/A
net.skyscanner.backpack	backpack-common	0.12.0		N/A
net.skyscanner.backpack	backpack-common	0.2.0		N/A
net.skyscanner.backpack	backpack-common	0.3.0		N/A
net.skyscanner.backpack	backpack-common	0.4.0		N/A
net.skyscanner.backpack	backpack-common	0.5.0		N/A
net.skyscanner.backpack	backpack-common	0.6.0		N/A
net.skyscanner.backpack	backpack-common	0.7.0		N/A
net.skyscanner.backpack	backpack-common	0.8.0		N/A
net.skyscanner.backpack	backpack-common	0.9.0		N/A
net.skyscanner.backpack	backpack-common	36.1.0		N/A
net.skyscanner.backpack	backpack-common	36.2.0		N/A
net.skyscanner.backpack	backpack-common	36.2.1		N/A
net.skyscanner.backpack	backpack-common	36.3.0		N/A
net.skyscanner.backpack	backpack-common	37.0.0		N/A
net.skyscanner.backpack	backpack-common	37.1.0		N/A
net.skyscanner.backpack	backpack-common	38.0.0		N/A
net.skyscanner.backpack	backpack-common	38.0.1		N/A
net.skyscanner.backpack	backpack-common	39.0.0		N/A
net.skyscanner.backpack	backpack-common	39.1.0		N/A
net.skyscanner.backpack	backpack-common	39.2.0		N/A
net.skyscanner.backpack	backpack-common	40.0.0		N/A
net.skyscanner.backpack	backpack-common	40.1.0		N/A
net.skyscanner.backpack	backpack-common	40.2.0		N/A
net.skyscanner.backpack	backpack-common	40.2.1		N/A
net.skyscanner.backpack	backpack-common	40.2.2		N/A
net.skyscanner.backpack	backpack-common	40.2.3		N/A
net.skyscanner.backpack	backpack-common	40.2.4		N/A
net.skyscanner.backpack	backpack-common	41.0.0		N/A
net.skyscanner.backpack	backpack-common	41.0.1		N/A
net.skyscanner.backpack	backpack-common	41.1.0		N/A
net.skyscanner.backpack	backpack-common	42.0.0		N/A
net.skyscanner.backpack	backpack-common	42.0.1		N/A
net.skyscanner.backpack	backpack-common	42.1.0		N/A
net.skyscanner.backpack	backpack-common	42.2.0		N/A
net.skyscanner.backpack	backpack-common	42.2.1		N/A
net.skyscanner.backpack	backpack-common	42.2.2		N/A
net.skyscanner.backpack	backpack-common	43.0.0		N/A
net.skyscanner.backpack	backpack-common	44.0.0		N/A
net.skyscanner.backpack	backpack-common	44.1.0		N/A
net.skyscanner.backpack	backpack-common	44.1.1		N/A
net.skyscanner.backpack	backpack-common	44.2.0		N/A
net.skyscanner.backpack	backpack-common	45.0.0		N/A
net.skyscanner.backpack	backpack-common	45.1.0		N/A
net.skyscanner.backpack	backpack-common	46.0.0		N/A
net.skyscanner.backpack	backpack-common	46.0.1		N/A
net.skyscanner.backpack	backpack-common	47.0.0		N/A
net.skyscanner.backpack	backpack-common	48.0.0		N/A
net.skyscanner.backpack	backpack-common	48.1.0		N/A
net.skyscanner.backpack	backpack-common	48.2.0		N/A
net.skyscanner.backpack	backpack-common	48.3.0		N/A
net.skyscanner.backpack	backpack-common	49.0.0		N/A
net.skyscanner.backpack	backpack-common	49.1.0		N/A
net.skyscanner.backpack	backpack-common	49.2.0		N/A
net.skyscanner.backpack	backpack-common	49.3.0		N/A
net.skyscanner.backpack	backpack-common	49.3.1		N/A
net.skyscanner.backpack	backpack-common	50.0.0		N/A
net.skyscanner.backpack	backpack-common	50.1.1		N/A
net.skyscanner.backpack	backpack-common	51.0.0		N/A
net.skyscanner.backpack	backpack-common	51.0.1		N/A
net.skyscanner.backpack	backpack-common	52.0.0		N/A
net.skyscanner.backpack	backpack-common	53.0.0		N/A
net.skyscanner.backpack	backpack-common	53.0.1		N/A
net.skyscanner.backpack	backpack-common	53.1.0		N/A
net.skyscanner.backpack	backpack-common	53.1.1		N/A
net.skyscanner.backpack	backpack-common	53.2.0		N/A
net.skyscanner.backpack	backpack-common	53.3.0		N/A
net.skyscanner.backpack	backpack-common	54.0.0		N/A
net.skyscanner.backpack	backpack-common	54.1.0		N/A
net.skyscanner.backpack	backpack-common	55.0.0		N/A
net.skyscanner.backpack	backpack-common	55.1.0		N/A
net.skyscanner.backpack	backpack-common	55.2.0		N/A
net.skyscanner.backpack	backpack-common	55.3.0		N/A
net.skyscanner.backpack	backpack-common	55.4.0		N/A
net.skyscanner.backpack	backpack-common	55.4.1		N/A
net.skyscanner.backpack	backpack-common	55.4.2		N/A
net.skyscanner.backpack	backpack-common	55.5.0		N/A
net.skyscanner.backpack	backpack-common	55.6.0		N/A
net.skyscanner.backpack	backpack-common	55.7.0		N/A
net.skyscanner.backpack	backpack-common	56.0.0		N/A
net.skyscanner.backpack	backpack-common	57.0.0		N/A
net.skyscanner.backpack	backpack-common	57.1.0		N/A
net.skyscanner.backpack	backpack-common	57.2.0		N/A
net.skyscanner.backpack	backpack-common	57.3.0		N/A
net.skyscanner.backpack	backpack-common	57.4.0		N/A
net.skyscanner.backpack	backpack-common	58.0.0		N/A
net.skyscanner.backpack	backpack-common	59.0.0		N/A
net.skyscanner.backpack	backpack-common	59.1.0		N/A
net.skyscanner.backpack	backpack-common	59.1.1		N/A
net.skyscanner.backpack	backpack-common	59.1.2		N/A
net.skyscanner.backpack	backpack-common	59.2.0		N/A
net.skyscanner.backpack	backpack-common	60.0.1		N/A
net.skyscanner.backpack	backpack-common	60.1.0		N/A
net.skyscanner.backpack	backpack-common	60.1.1		N/A
net.skyscanner.backpack	backpack-common	60.2.0		N/A
net.skyscanner.backpack	backpack-common	60.2.1		N/A
net.skyscanner.backpack	backpack-common	60.3.0		N/A
net.skyscanner.backpack	backpack-common	60.4.0		N/A
net.skyscanner.backpack	backpack-common	60.4.1		N/A
net.skyscanner.backpack	backpack-common	61.0.0		N/A
net.skyscanner.backpack	backpack-common	61.0.1		N/A
net.skyscanner.backpack	backpack-common	61.0.2		N/A
net.skyscanner.backpack	backpack-common	61.1.0		N/A
net.skyscanner.backpack	backpack-common	61.2.0		N/A
net.skyscanner.backpack	backpack-common	61.2.1		N/A
net.skyscanner.backpack	backpack-common	61.2.2		N/A
net.skyscanner.backpack	backpack-common	61.3.0		N/A
net.skyscanner.backpack	backpack-common	61.4.0		N/A
net.skyscanner.backpack	backpack-common	61.5.0		N/A
net.skyscanner.backpack	backpack-common	61.6.0		N/A
net.skyscanner.backpack	backpack-common	61.6.1		N/A
net.skyscanner.backpack	backpack-common	62.0.0		N/A
net.skyscanner.backpack	backpack-common	62.1.0		N/A
net.skyscanner.backpack	backpack-common	62.2.0		N/A
net.skyscanner.backpack	backpack-common	62.3.0		N/A
net.skyscanner.backpack	backpack-common	62.3.1		N/A
net.skyscanner.backpack	backpack-common	62.3.2		N/A
net.skyscanner.backpack	backpack-common	63.0.0		N/A
net.skyscanner.backpack	backpack-common	63.1.0		N/A
net.skyscanner.backpack	backpack-common	63.1.1		N/A
net.skyscanner.backpack	backpack-common	63.1.2		N/A
net.skyscanner.backpack	backpack-common	63.1.3		N/A
net.skyscanner.backpack	backpack-common	63.2.0		N/A
net.skyscanner.backpack	backpack-common	63.2.1		N/A
net.skyscanner.backpack	backpack-common	63.3.0		N/A
net.skyscanner.backpack	backpack-common	64.0.0		N/A
net.skyscanner.backpack	backpack-common	64.1.0		N/A
net.skyscanner.backpack	backpack-common	65.0.0		N/A
net.skyscanner.backpack	backpack-common	65.1.0		N/A
net.skyscanner.backpack	backpack-common	65.2.0		N/A
net.skyscanner.backpack	backpack-common	65.3.0		N/A
net.skyscanner.backpack	backpack-common	65.4.0		N/A
net.skyscanner.backpack	backpack-common	65.5.0		N/A
net.skyscanner.backpack	backpack-common	65.6.0		N/A
net.skyscanner.backpack	backpack-common	65.6.1		N/A
net.skyscanner.backpack	backpack-common	66.0.0		N/A
net.skyscanner.backpack	backpack-common	66.0.1		N/A
net.skyscanner.backpack	backpack-common	66.1.0		N/A
net.skyscanner.backpack	backpack-common	66.1.1		N/A
net.skyscanner.backpack	backpack-common	66.1.2		N/A
net.skyscanner.backpack	backpack-common	66.10.0		N/A
net.skyscanner.backpack	backpack-common	66.11.0		N/A
net.skyscanner.backpack	backpack-common	66.12.1		N/A
net.skyscanner.backpack	backpack-common	66.13.0		N/A
net.skyscanner.backpack	backpack-common	66.14.0		N/A
net.skyscanner.backpack	backpack-common	66.14.1		N/A
net.skyscanner.backpack	backpack-common	66.15.0		N/A
net.skyscanner.backpack	backpack-common	66.15.1		N/A
net.skyscanner.backpack	backpack-common	66.2.0		N/A
net.skyscanner.backpack	backpack-common	66.3.0		N/A
net.skyscanner.backpack	backpack-common	66.4.0		N/A
net.skyscanner.backpack	backpack-common	66.4.1		N/A
net.skyscanner.backpack	backpack-common	66.5.0		N/A
net.skyscanner.backpack	backpack-common	66.6.0		N/A
net.skyscanner.backpack	backpack-common	66.6.1		N/A
net.skyscanner.backpack	backpack-common	66.7.0		N/A
net.skyscanner.backpack	backpack-common	66.8.0		N/A
net.skyscanner.backpack	backpack-common	66.9.0		N/A
net.skyscanner.backpack	backpack-common	67.0.0		N/A
net.skyscanner.backpack	backpack-common	67.0.1		N/A
net.skyscanner.backpack	backpack-common	67.0.2		N/A
net.skyscanner.backpack	backpack-common	67.1.0		N/A
net.skyscanner.backpack	backpack-common	67.10.0		N/A
net.skyscanner.backpack	backpack-common	67.11.0		N/A
net.skyscanner.backpack	backpack-common	67.12.0		N/A
net.skyscanner.backpack	backpack-common	67.2.0		N/A
net.skyscanner.backpack	backpack-common	67.3.0		N/A
net.skyscanner.backpack	backpack-common	67.4.0		N/A
net.skyscanner.backpack	backpack-common	67.4.1		N/A
net.skyscanner.backpack	backpack-common	67.5.0		N/A
net.skyscanner.backpack	backpack-common	67.6.0		N/A
net.skyscanner.backpack	backpack-common	67.7.0		N/A
net.skyscanner.backpack	backpack-common	67.8.0		N/A
net.skyscanner.backpack	backpack-common	67.9.0		N/A
net.sunshow.nxcloud	nxcloud-core-spring-boot-starter-data-jpa	0.2.8		8cf98d94e4e19eb49638f4b6f04b9cd26b318186
net.sunshow.nxcloud	nxcloud-core-spring-boot-starter-data-jpa	0.2.9		edb5a2c5b2cf0ba7ee5ac263d160986696265446
net.sunshow.nxcloud	nxcloud-core-spring-boot-starter-data-jpa	0.3.5		7869bded36bb899fd8dc0ca5bec88367f10a8e13
net.sunshow.nxcloud	nxcloud-core-spring-boot-starter-data-jpa	0.3.7		c94937d9dfbca80cea5099b640592ccdfc978cc1
net.sunshow.nxcloud	nxcloud-core-spring-boot-starter-data-jpa	0.5.4		bb0b1e0d0751346884d774671bf11a8483db10af
net.sunshow.nxcloud	nxcloud-core-spring-boot-starter-data-jpa	0.5.6		7b1be6fba9e6d0ee019e9738bf63ee2ae11608b2
net.sunshow.nxcloud	nxcloud-core-spring-boot-starter-data-jpa	0.5.8		cb2d89318f37f5e3d67e3a4a4a160c2c3e03016d
net.sunshow.nxcloud	nxcloud-core-spring-boot-starter-data-jpa	0.6.0		373c8ba674791949d40364d3a1d2db9bfee9d695
net.sunshow.nxcloud	nxcloud-core-spring-boot-starter-data-jpa	0.6.2		7b77dd4a1038a640252725478796c427afd3bc78
net.sunshow.nxcloud	nxcloud-core-spring-boot-starter-data-jpa	0.6.3		76ea94914b39bd48dd3b4ded6cf31bc568177a33
net.sunshow.nxcloud	nxcloud-core-spring-boot-starter-data-jpa	0.6.4		70ff2a2944665bced632d61f4829c432564691f2
net.sunshow.nxcloud	nxcloud-core-spring-boot-starter-data-jpa	0.6.5		2d4aeda5266a49caa34643f627735722ace58d7b
org.anystub	anystub-flux	0.1.5		0452a94b95e1296ef9909b76c2719e3cb760e31d
org.anystub	anystub-flux	0.1.6		376d668e87190dc4169f0f006e2103d3b03b7d63
org.anystub	anystub-flux	0.1.7		d7de3b8c622e3aa88e9bc2932852fdc389425ecd
org.anystub	anystub-flux	0.2.1		a43b577240230ac6f3a4c38331b711f535572867
org.anystub	anystub-flux	0.2.2		c6968f21feb4db6a43570953ab2ff34f11a1fd3f
org.anystub	anystub-flux	0.2.3		33f7cac2c0337326b07fd1d517efd68e52c3de91
org.anystub	anystub-flux	0.2.4		0478ef0076b3f11b2529d7f09fa0cbac5815ff45
org.anystub	anystub-flux	0.2.5		bedf341ea237161448244ff9dc7dbb44418ea996
org.anystub	anystub-flux	0.3.0		67d8a0d589e0fbb19bdf2162977c805e413b0e8e
org.anystub	anystub-flux	0.3.1		612beec930bc599637196f5939497d98e1321663
org.anystub	anystub-flux	0.3.2		16841279817803eed40399f334a16ea48e53f77d
org.anystub	anystub-flux	0.3.3		46ec37027a7cf3ca142b76ce4c2844ffa1207a59
org.anystub	anystub-flux	0.3.4		ff6857808af363f50f808334d233d84a5b5a2d8d
org.anystub	anystub-flux	0.3.5		2c4be19497b4f1a650614ff0e3e1f0404df6a446
org.anystub	anystub-flux	0.4.0		575b0e359df2abb5670e1263adad78a3e3d1d1be
org.anystub	anystub-flux	0.4.1		416e7a245c155ef86137835df5d276765e8c2a4d
org.anystub	anystub-flux	0.5.0		f0b62da80bc81c6eddfa81f8dceeb8536e6a21fa
org.anystub	anystub-flux	0.5.1		c62a485b6201d3a12fbb68dcb5ef8dc951a72b88
org.apache.activemq.examples.failover	transaction-failover	1.1.0		83d9710fba4d7a5169ff0004c7f0d66100f3da54
org.apache.activemq.examples.failover	transaction-failover	1.2.0		197554da0463cf8e7dbdf60ef7437020b71ebf45
org.apache.activemq.examples.failover	transaction-failover	1.3.0		f877127fa12eb5cc4585f37d4d45f95ab5dd801f
org.apache.activemq.examples.failover	transaction-failover	1.4.0		d10ca26d4ea22b30f689c7bfe0c9ea1ac316c6dd
org.apache.activemq.examples.failover	transaction-failover	1.5.0		5b468fa9fb19773194f5afa8836880243b0a5313
org.apache.activemq.examples.failover	transaction-failover	1.5.1		556256b421b72b3f3b4cacb9cc10fe6c40b9a781
org.apache.activemq.examples.failover	transaction-failover	1.5.2		282a12d347c40641c353950a8c3924679ecff662
org.apache.activemq.examples.failover	transaction-failover	1.5.3		7dbadfbc87d5e6cb40607710457e4a089d9bacf5
org.apache.activemq.examples.failover	transaction-failover	1.5.4		a551ddd2458522d5a325169ff0738a8e055e5c08
org.apache.activemq.examples.failover	transaction-failover	1.5.5		78fe65455cce7d9b3c62d7a935dc478eccc1a2c7
org.apache.activemq.examples.failover	transaction-failover	1.5.6		5b388539582a63e43c7e1ff7d340181cbfe4f827
org.apache.activemq.examples.failover	transaction-failover	2.0.0		037884d5607280f7ca1d74377014d6bd33cce2df
org.apache.activemq.examples.failover	transaction-failover	2.1.0		c0ed19a751e68225de7bd72d81fd301550485e37
org.apache.activemq.examples.failover	transaction-failover	2.10.0		b17b22e39f6561a13cd64df3b19e80c881326c5f
org.apache.activemq.examples.failover	transaction-failover	2.10.1		cc873c585d14512ff07fce2c41a5ac012134f750
org.apache.activemq.examples.failover	transaction-failover	2.11.0		f6bdefea8425bf8e0aa4bf284ffe094971b70447
org.apache.activemq.examples.failover	transaction-failover	2.12.0		5cf72dc016c4e3dc3e37511a9d72f088e886d22a
org.apache.activemq.examples.failover	transaction-failover	2.13.0		1508ba43613085b702b7ccc17b3da4bcdb57555d
org.apache.activemq.examples.failover	transaction-failover	2.14.0		cb33c4adc39d24f1ab7a3cf83d503856f9631e36
org.apache.activemq.examples.failover	transaction-failover	2.15.0		2142ec53f1ce735f9e918136ae836ce55ee83816
org.apache.activemq.examples.failover	transaction-failover	2.16.0		f1909f877a15ed09e3632903e394eaee82fdc7fa
org.apache.activemq.examples.failover	transaction-failover	2.17.0		d960a1060535eaf527912fafc67e9dc2a443b975
org.apache.activemq.examples.failover	transaction-failover	2.18.0		22ce78bdaf03314d7fc4b0eabdf36855f24a0503
org.apache.activemq.examples.failover	transaction-failover	2.19.0		6426eb18ee77aa580b64291b94ec4b0781bf8f96
org.apache.activemq.examples.failover	transaction-failover	2.19.1		24da3631fa2ea64c6e6477178aa12c9813065013
org.apache.activemq.examples.failover	transaction-failover	2.2.0		eee646b94bab530b7a4beae61acc38e5fd5ca478
org.apache.activemq.examples.failover	transaction-failover	2.20.0		83c07390e8ee492b24fc96e6416a9237724951bc
org.apache.activemq.examples.failover	transaction-failover	2.21.0		ef4fb19a549a9ddb9b8981bfb2378cf1f09995c8
org.apache.activemq.examples.failover	transaction-failover	2.22.0		6ae59eab4bf334df6a99426ec8d809520b24b121
org.apache.activemq.examples.failover	transaction-failover	2.23.0		e054a2d799ce7a4640e1cf3b9f20bf75a8889cac
org.apache.activemq.examples.failover	transaction-failover	2.23.1		7bb550d59d4f215e6a929a9c998cdc2753d3acd3
org.apache.activemq.examples.failover	transaction-failover	2.24.0		23ba46088782559919bfe67a30f45f90fc0aceef
org.apache.activemq.examples.failover	transaction-failover	2.25.0		4800c97e2be4869f27f5ff31cec7cdccf616a8ed
org.apache.activemq.examples.failover	transaction-failover	2.26.0		ff85cb3f9992e510eabb206dad5b03d3f0d8e86e
org.apache.activemq.examples.failover	transaction-failover	2.27.0		20fec62de38461dd0298ab6df290e83036f2ae90
org.apache.activemq.examples.failover	transaction-failover	2.27.1		163272a04f46fd302d4cbf225e3f5e73ce36b2dc
org.apache.activemq.examples.failover	transaction-failover	2.28.0		3a6d4f9529bbc1deb4ed5bdcfd3e8f47755c0a36
org.apache.activemq.examples.failover	transaction-failover	2.29.0		c16a607344f706d9b69e394082af19d7491c97ce
org.apache.activemq.examples.failover	transaction-failover	2.3.0		4818c06f9d2ca4364ecd5339c22b90945ede1fc6
org.apache.activemq.examples.failover	transaction-failover	2.30.0		8438b7455e384ff32b50485a84605b9759da703a
org.apache.activemq.examples.failover	transaction-failover	2.31.0		f763ead86c1b6267db402e179cf8132750d2138c
org.apache.activemq.examples.failover	transaction-failover	2.31.1		4feab522616da5a4f684a6566b53596be885b1c4
org.apache.activemq.examples.failover	transaction-failover	2.31.2		8edec2f47e92afbeee1abdf068623c8649832feb
org.apache.activemq.examples.failover	transaction-failover	2.4.0		9870a5c2d896e92ae0c2f31b01078e972ca8975c
org.apache.activemq.examples.failover	transaction-failover	2.5.0		aad2995476c2fd400a34519e09618500a0ea48ad
org.apache.activemq.examples.failover	transaction-failover	2.6.0		dcf6191f8c701ab7dcce2430deeee17c31cc6e8d
org.apache.activemq.examples.failover	transaction-failover	2.6.1		dcd3bab2d6f49f2cc0cc6bde98b4a2350851d1c1
org.apache.activemq.examples.failover	transaction-failover	2.6.2		56ad81f660dd7e9044a27b30fa10b84cb1a76f87
org.apache.activemq.examples.failover	transaction-failover	2.6.3		67fadc75c87ca419051a0e7fb054f449ffef1c9f
org.apache.activemq.examples.failover	transaction-failover	2.6.4		d5d80e880b1b97218cc4feb55df0bcacce9a1a85
org.apache.activemq.examples.failover	transaction-failover	2.7.0		ebe5741e73bda8b42fa167051f5e47a0aa361e87
org.apache.activemq.examples.failover	transaction-failover	2.8.0		c084c9e5329fbaacbac88cbd5a9e6456abdead60
org.apache.activemq.examples.failover	transaction-failover	2.8.1		733cdf9a16e65bc0bbcc23e64c09eaa3819f8dbb
org.apache.activemq.examples.failover	transaction-failover	2.9.0		167a603a567acd592dbee6f647be9cf10cd37357
org.apache.karaf.eik.plugins	org.apache.mina.core	2.0.1		0a770bf401eee98be31d417317e9c276ccad3340
org.apache.servicemix.bundles	org.apache.servicemix.bundles.google-http-client	1.41.8_1		172d408aad61d1cd4d478e0be4a9a453b201f7a6
org.apache.servicemix.bundles	org.apache.servicemix.bundles.google-http-client	1.41.8_2		61054ce2f3259e4bc3ca8a9631dbad54c7fcc623
org.apache.servicemix.bundles	org.apache.servicemix.bundles.google-http-client	1.42.0_1		2691d25154df1fe23a9a09ff9a8fae981d4a5a72
org.apache.servicemix.bundles	org.apache.servicemix.bundles.google-http-client	1.42.2_1		b4643418c61e91333f8feca9b94f5073fc0ee9f5
org.apache.servicemix.bundles	org.apache.servicemix.bundles.google-http-client	1.42.3_1		885520ed07f770937a1553f220cba774d607edbb
org.apache.skywalking	analysis-segment-parser	5.0.0-GA		N/A
org.apache.skywalking	analysis-segment-parser	5.0.0-RC2		N/A
org.apache.skywalking	analysis-segment-parser	5.0.0-alpha		N/A
org.apache.skywalking	analysis-segment-parser	5.0.0-beta		N/A
org.apache.skywalking	analysis-segment-parser	5.0.0-beta2		N/A
org.apache.tiles	tiles-request	1.0.0		N/A
org.apache.tiles	tiles-request	1.0.1		N/A
org.apache.tiles	tiles-request	1.0.2		N/A
org.apache.tiles	tiles-request	1.0.3		N/A
org.apache.tiles	tiles-request	1.0.4		N/A
org.apache.tiles	tiles-request	1.0.5		N/A
org.apache.tiles	tiles-request	1.0.6		N/A
org.apache.tiles	tiles-request	1.0.7		N/A
org.everrest	groovy-book-service	1.10.0		N/A
org.everrest	groovy-book-service	1.11.0		N/A
org.everrest	groovy-book-service	1.12.0		N/A
org.everrest	groovy-book-service	1.12.1		N/A
org.everrest	groovy-book-service	1.12.2		N/A
org.everrest	groovy-book-service	1.12.3		N/A
org.everrest	groovy-book-service	1.13.0		N/A
org.everrest	groovy-book-service	1.13.1		N/A
org.everrest	groovy-book-service	1.13.2		N/A
org.everrest	groovy-book-service	1.13.3		N/A
org.everrest	groovy-book-service	1.13.4		N/A
org.everrest	groovy-book-service	1.13.5		N/A
org.everrest	groovy-book-service	1.13.6		N/A
org.everrest	groovy-book-service	1.14.2		N/A
org.everrest	groovy-book-service	1.14.3		N/A
org.everrest	groovy-book-service	1.14.4		N/A
org.everrest	groovy-book-service	1.14.5		N/A
org.everrest	groovy-book-service	1.15.0		N/A
org.everrest	groovy-book-service	1.4.0		N/A
org.everrest	groovy-book-service	1.5.0		N/A
org.everrest	groovy-book-service	1.6.0		N/A
org.everrest	groovy-book-service	1.7.0		N/A
org.everrest	groovy-book-service	1.8.0		N/A
org.everrest	groovy-book-service	1.9.0		N/A
org.finos.legend.engine	legend-engine-core-shared	4.20.3		N/A
org.finos.legend.engine	legend-engine-core-shared	4.21.0		N/A
org.finos.legend.engine	legend-engine-core-shared	4.21.1		N/A
org.finos.legend.engine	legend-engine-core-shared	4.22.0		N/A
org.finos.legend.engine	legend-engine-core-shared	4.22.1		N/A
org.finos.legend.engine	legend-engine-core-shared	4.23.0		N/A
org.finos.legend.engine	legend-engine-core-shared	4.24.0		N/A
org.finos.legend.engine	legend-engine-core-shared	4.25.0		N/A
org.finos.legend.engine	legend-engine-core-shared	4.25.1		N/A
org.finos.legend.engine	legend-engine-core-shared	4.25.2		N/A
org.finos.legend.engine	legend-engine-core-shared	4.26.0		N/A
org.finos.legend.engine	legend-engine-core-shared	4.26.3		N/A
org.finos.legend.engine	legend-engine-core-shared	4.26.4		N/A
org.finos.legend.engine	legend-engine-core-shared	4.26.5		N/A
org.finos.legend.engine	legend-engine-core-shared	4.26.6		N/A
org.finos.legend.engine	legend-engine-core-shared	4.27.0		N/A
org.finos.legend.engine	legend-engine-core-shared	4.27.1		N/A
org.finos.legend.engine	legend-engine-core-shared	4.28.0		N/A
org.finos.legend.engine	legend-engine-core-shared	4.28.1		N/A
org.finos.legend.engine	legend-engine-core-shared	4.28.2		N/A
org.finos.legend.engine	legend-engine-core-shared	4.29.0		N/A
org.finos.legend.engine	legend-engine-core-shared	4.29.1		N/A
org.finos.legend.engine	legend-engine-core-shared	4.30.0		N/A
org.finos.legend.engine	legend-engine-core-shared	4.30.1		N/A
org.finos.legend.engine	legend-engine-core-shared	4.30.2		N/A
org.finos.legend.engine	legend-engine-core-shared	4.30.3		N/A
org.finos.legend.engine	legend-engine-core-shared	4.31.1		N/A
org.finos.legend.engine	legend-engine-core-shared	4.31.2		N/A
org.finos.legend.engine	legend-engine-core-shared	4.31.3		N/A
org.finos.legend.engine	legend-engine-core-shared	4.32.0		N/A
org.finos.legend.engine	legend-engine-core-shared	4.32.1		N/A
org.finos.legend.engine	legend-engine-core-shared	4.32.2		N/A
org.finos.legend.engine	legend-engine-core-shared	4.33.0		N/A
org.finos.legend.engine	legend-engine-core-shared	4.33.3		N/A
org.finos.legend.engine	legend-engine-core-shared	4.33.5		N/A
org.finos.legend.engine	legend-engine-core-shared	4.33.6		N/A
org.finos.legend.engine	legend-engine-core-shared	4.34.0		N/A
org.finos.legend.engine	legend-engine-core-shared	4.35.0		N/A
org.finos.legend.engine	legend-engine-core-shared	4.35.1		N/A
org.finos.legend.engine	legend-engine-core-shared	4.35.2		N/A
org.finos.legend.engine	legend-engine-core-shared	4.35.3		N/A
org.finos.legend.engine	legend-engine-core-shared	4.35.4		N/A
org.finos.legend.engine	legend-engine-core-shared	4.35.5		N/A
org.finos.legend.engine	legend-engine-core-shared	4.36.0		N/A
org.finos.legend.engine	legend-engine-core-shared	4.37.0		N/A
org.finos.legend.engine	legend-engine-core-shared	4.37.1		N/A
org.finos.legend.engine	legend-engine-core-shared	4.37.2		N/A
org.finos.legend.engine	legend-engine-core-shared	4.37.7		N/A
org.finos.legend.engine	legend-engine-core-shared	4.37.8		N/A
org.finos.legend.engine	legend-engine-core-shared	4.38.0		N/A
org.finos.legend.engine	legend-engine-core-shared	4.38.1		N/A
org.finos.legend.engine	legend-engine-core-shared	4.38.2		N/A
org.finos.legend.engine	legend-engine-core-shared	4.38.3		N/A
org.finos.legend.engine	legend-engine-core-shared	4.38.4		N/A
org.finos.legend.engine	legend-engine-core-shared	4.39.0		N/A
org.finos.legend.engine	legend-engine-core-shared	4.39.1		N/A
org.finos.legend.engine	legend-engine-core-shared	4.40.0		N/A
org.finos.legend.engine	legend-engine-core-shared	4.40.3		N/A
org.finos.legend.engine	legend-engine-core-shared	4.41.0		N/A
org.finos.legend.engine	legend-engine-core-shared	4.42.0		N/A
org.finos.legend.engine	legend-engine-core-shared	4.42.1		N/A
org.finos.legend.engine	legend-engine-core-shared	4.42.2		N/A
org.finos.legend.engine	legend-engine-core-shared	4.42.3		N/A
org.finos.legend.engine	legend-engine-core-shared	4.42.4		N/A
org.finos.legend.engine	legend-engine-core-shared	4.42.5		N/A
org.finos.legend.engine	legend-engine-core-shared	4.42.6		N/A
org.finos.legend.engine	legend-engine-core-shared	4.43.0		N/A
org.finos.legend.engine	legend-engine-core-shared	4.43.1		N/A
org.finos.legend.engine	legend-engine-core-shared	4.43.2		N/A
org.finos.legend.engine	legend-engine-core-shared	4.43.3		N/A
org.finos.legend.engine	legend-engine-core-shared	4.43.4		N/A
org.finos.legend.engine	legend-engine-core-shared	4.44.0		N/A
org.finos.legend.engine	legend-engine-core-shared	4.44.1		N/A
org.finos.legend.engine	legend-engine-core-shared	4.44.2		N/A
org.finos.legend.engine	legend-engine-core-shared	4.44.3		N/A
org.finos.legend.engine	legend-engine-core-shared	4.45.0		N/A
org.finos.legend.engine	legend-engine-core-shared	4.45.1		N/A
org.finos.legend.engine	legend-engine-core-shared	4.45.2		N/A
org.finos.legend.engine	legend-engine-core-shared	4.46.0		N/A
org.finos.legend.engine	legend-engine-core-shared	4.46.1		N/A
org.finos.legend.engine	legend-engine-core-shared	4.46.2		N/A
org.finos.legend.engine	legend-engine-core-shared	4.47.0		N/A
org.finos.legend.engine	legend-engine-core-shared	4.47.1		N/A
org.finos.legend.engine	legend-engine-core-shared	4.47.2		N/A
org.finos.legend.engine	legend-engine-core-shared	4.47.3		N/A
org.finos.legend.engine	legend-engine-core-shared	4.48.0		N/A
org.finos.legend.engine	legend-engine-core-shared	4.48.1		N/A
org.finos.legend.engine	legend-engine-core-shared	4.48.2		N/A
org.finos.legend.engine	legend-engine-core-shared	4.49.0		N/A
org.finos.legend.engine	legend-engine-core-shared	4.49.1		N/A
org.finos.legend.engine	legend-engine-core-shared	4.50.0		N/A
org.finos.legend.engine	legend-engine-core-shared	4.50.1		N/A
org.finos.legend.engine	legend-engine-core-shared	4.51.1		N/A
org.finos.legend.engine	legend-engine-core-shared	4.52.0		N/A
org.finos.legend.engine	legend-engine-core-shared	4.52.1		N/A
org.finos.legend.engine	legend-engine-core-shared	4.53.0		N/A
org.finos.legend.engine	legend-engine-core-shared	4.53.3		N/A
org.finos.legend.engine	legend-engine-core-shared	4.53.5		N/A
org.finos.legend.engine	legend-engine-core-shared	4.53.8		N/A
org.finos.legend.engine	legend-engine-core-shared	4.54.0		N/A
org.finos.legend.engine	legend-engine-core-shared	4.54.1		N/A
org.finos.legend.engine	legend-engine-core-shared	4.55.0		N/A
org.finos.legend.engine	legend-engine-core-shared	4.55.1		N/A
org.finos.legend.engine	legend-engine-core-shared	4.55.2		N/A
org.finos.legend.engine	legend-engine-core-shared	4.55.3		N/A
org.finos.legend.engine	legend-engine-core-shared	4.55.4		N/A
org.finos.legend.engine	legend-engine-core-shared	4.56.0		N/A
org.finos.legend.engine	legend-engine-core-shared	4.57.0		N/A
org.finos.legend.engine	legend-engine-core-shared	4.57.1		N/A
org.finos.legend.engine	legend-engine-core-shared	4.58.0		N/A
org.finos.legend.engine	legend-engine-core-shared	4.58.1		N/A
org.finos.legend.engine	legend-engine-core-shared	4.59.0		N/A
org.finos.legend.engine	legend-engine-core-shared	4.60.0		N/A
org.finos.legend.engine	legend-engine-core-shared	4.61.0		N/A
org.finos.legend.engine	legend-engine-core-shared	4.62.0		N/A
org.finos.legend.engine	legend-engine-core-shared	4.62.1		N/A
org.finos.legend.engine	legend-engine-core-shared	4.63.0		N/A
org.finos.legend.engine	legend-engine-core-shared	4.63.1		N/A
org.finos.legend.engine	legend-engine-core-shared	4.63.2		N/A
org.finos.legend.engine	legend-engine-core-shared	4.64.0		N/A
org.finos.legend.engine	legend-engine-core-shared	4.64.1		N/A
org.finos.legend.engine	legend-engine-core-shared	4.65.0		N/A
org.finos.legend.engine	legend-engine-core-shared	4.65.2		N/A
org.finos.legend.engine	legend-engine-core-shared	4.65.3		N/A
org.finos.legend.engine	legend-engine-core-shared	4.66.0		N/A
org.finos.legend.engine	legend-engine-core-shared	4.66.1		N/A
org.finos.legend.engine	legend-engine-core-shared	4.67.0		N/A
org.finos.legend.engine	legend-engine-core-shared	4.67.1		N/A
org.finos.legend.engine	legend-engine-core-shared	4.67.10		N/A
org.finos.legend.engine	legend-engine-core-shared	4.67.11		N/A
org.finos.legend.engine	legend-engine-core-shared	4.67.12		N/A
org.finos.legend.engine	legend-engine-core-shared	4.67.2		N/A
org.finos.legend.engine	legend-engine-core-shared	4.67.3		N/A
org.finos.legend.engine	legend-engine-core-shared	4.67.4		N/A
org.finos.legend.engine	legend-engine-core-shared	4.67.5		N/A
org.finos.legend.engine	legend-engine-core-shared	4.67.7		N/A
org.finos.legend.engine	legend-engine-core-shared	4.67.8		N/A
org.finos.legend.engine	legend-engine-core-shared	4.67.9		N/A
org.finos.legend.engine	legend-engine-core-shared	4.68.0		N/A
org.finos.legend.engine	legend-engine-core-shared	4.69.0		N/A
org.finos.legend.engine	legend-engine-core-shared	4.69.1		N/A
org.finos.legend.engine	legend-engine-core-shared	4.69.2		N/A
org.finos.legend.engine	legend-engine-core-shared	4.69.3		N/A
org.finos.legend.engine	legend-engine-core-shared	4.69.4		N/A
org.finos.legend.engine	legend-engine-core-shared	4.70.0		N/A
org.finos.legend.engine	legend-engine-core-shared	4.70.1		N/A
org.finos.legend.engine	legend-engine-core-shared	4.71.1		N/A
org.finos.legend.engine	legend-engine-core-shared	4.72.0		N/A
org.finos.legend.engine	legend-engine-core-shared	4.73.0		N/A
org.finos.legend.engine	legend-engine-core-shared	4.73.1		N/A
org.finos.legend.engine	legend-engine-core-shared	4.74.0		N/A
org.finos.legend.engine	legend-engine-core-shared	4.75.0		N/A
org.finos.legend.engine	legend-engine-core-shared	4.75.1		N/A
org.finos.legend.engine	legend-engine-core-shared	4.75.3		N/A
org.finos.legend.engine	legend-engine-core-shared	4.76.0		N/A
org.finos.legend.engine	legend-engine-core-shared	4.77.0		N/A
org.finos.legend.engine	legend-engine-core-shared	4.77.1		N/A
org.finos.legend.engine	legend-engine-core-shared	4.78.0		N/A
org.finos.legend.engine	legend-engine-core-shared	4.78.1		N/A
org.finos.legend.engine	legend-engine-core-shared	4.78.2		N/A
org.finos.legend.engine	legend-engine-core-shared	4.78.3		N/A
org.finos.legend.engine	legend-engine-core-shared	4.78.6		N/A
org.finos.legend.engine	legend-engine-core-shared	4.79.0		N/A
org.finos.legend.engine	legend-engine-core-shared	4.80.0		N/A
org.finos.legend.engine	legend-engine-core-shared	4.81.0		N/A
org.finos.legend.engine	legend-engine-core-shared	4.82.0		N/A
org.finos.legend.engine	legend-engine-core-shared	4.83.0		N/A
org.finos.legend.engine	legend-engine-core-shared	4.83.1		N/A
org.finos.legend.engine	legend-engine-core-shared	4.83.2		N/A
org.finos.legend.engine	legend-engine-core-shared	4.83.3		N/A
org.imixs.workflow	imixs-saga	2.1.0		N/A
org.kie.workbench.playground	traffic-violation	7.23.0.Final		d7b9b74a74013b05eb72a29bdb51941509807bd9
org.kie.workbench.playground	traffic-violation	7.24.0.Final		7ad7022b563736c11928b9224c972b54015a84bc
org.kie.workbench.playground	traffic-violation	7.25.0.Final		12970d306fbb3871c0676a0da0d2a22c29f3dff8
org.kie.workbench.playground	traffic-violation	7.26.0.Final		d0d57815ed2fd130f96c2b70eb169caa0e9d9f78
org.kie.workbench.playground	traffic-violation	7.27.0.Final		a311e77a7a0306e10680a58d5abb6f5ece3b98e8
org.kie.workbench.playground	traffic-violation	7.28.0.Final		7a35277a6038e4017197a754e26ac49af5815391
org.kie.workbench.playground	traffic-violation	7.29.0.Final		f4bbeb4fbf835a30ad526cc03c1e9d4dd4b72fd8
org.kie.workbench.playground	traffic-violation	7.30.0.Final		f0de00e535cfb52fca70fa40b23dd56ee237fe23
org.kie.workbench.playground	traffic-violation	7.31.0.Final		c9900c1f03c3935442693d5c9606f6979e57d2a3
org.kie.workbench.playground	traffic-violation	7.32.0.Final		f9ebe2a9ea1c28f23bbf33a58b5163612513a085
org.kie.workbench.playground	traffic-violation	7.33.0.Final		b66e785e91b5e7513a075851cb909d797f04d6f8
org.kie.workbench.playground	traffic-violation	7.34.0.Final		a9bbb3058003ad5827a0116435010437b5509347
org.kie.workbench.playground	traffic-violation	7.35.0.Final		6f6dd99058f6d025e0651cc626e7a4f0222bf94b
org.kie.workbench.playground	traffic-violation	7.36.0.Final		5c6adb8da4275b8cc546ff230a75f1405a1b4a85
org.kie.workbench.playground	traffic-violation	7.36.1.Final		bd5d80fb91cc9f153d84e4345e2c31ba6b848bce
org.kie.workbench.playground	traffic-violation	7.37.0.Final		2138452a694e8c3cc7ccd4e4c50273bd6e96e596
org.kie.workbench.playground	traffic-violation	7.38.0.Final		79395d887cbf5137e74af24812171fc88f27f13a
org.kie.workbench.playground	traffic-violation	7.39.0.Final		932388351f63167e726df834830aca1eefd7f1a0
org.kie.workbench.playground	traffic-violation	7.40.0.20200703		2e6ac1eae01305726b55d8ca817b5f9a61351abb
org.kie.workbench.playground	traffic-violation	7.40.0.Final		945e543eeb3dd17a8aa746809fa54ccd03331e77
org.kie.workbench.playground	traffic-violation	7.41.0.Final		e327fafa8d224cff314a842909e768b6ba22859e
org.kie.workbench.playground	traffic-violation	7.41.0.t20200723		362a33e718055faf1fb4f1742dae69bf69955b3d
org.kie.workbench.playground	traffic-violation	7.42.0.Final		f8ce341e7e898b802215237cebcc1ce151e01dd2
org.kie.workbench.playground	traffic-violation	7.43.0.Final		5d888d7bda05c76ac31665cca23c963f3c4d6322
org.kie.workbench.playground	traffic-violation	7.43.1.Final		b5dd1d795df8fbcdbdc624ac883238e5364a5ffc
org.kie.workbench.playground	traffic-violation	7.44.0.Final		194ddfd42b635473205a661ceec3c5f85117ec76
org.kie.workbench.playground	traffic-violation	7.45.0.Final		7939c7b9e97ec67c56e7eaa176ad462ccc01b974
org.kie.workbench.playground	traffic-violation	7.45.0.t20201009		068aac3027567f640855e98f7e157ef3a44a655d
org.kie.workbench.playground	traffic-violation	7.46.0.Final		2bd2817e538a81fdf005813903b26f4babfbf4d3
org.kie.workbench.playground	traffic-violation	7.47.0.Final		a8bee21f1e255a6b1368e9a0c55a2b5c9ac98344
org.kie.workbench.playground	traffic-violation	7.48.0.Final		e201116d520d40b8505b7c794fce2c2489240362
org.kie.workbench.playground	traffic-violation	7.49.0.Final		b9cb1665670bdf85f5f554a075c611c18a4ce67f
org.kie.workbench.playground	traffic-violation	7.50.0.Final		d9d51b2358720c85ae2cf15f1c00c86336c3e0c9
org.kie.workbench.playground	traffic-violation	7.51.0.Final		502296bbcdaf61dbc657b8331a2edafb6f4c7166
org.kie.workbench.playground	traffic-violation	7.52.0.Final		ef8ba2f308671ec4de770261bd67a537836ed732
org.kie.workbench.playground	traffic-violation	7.53.0.Final		dddb1a196cbd7ac9dab061c0d889a20025dae42f
org.kie.workbench.playground	traffic-violation	7.54.0.Final		e1067806c0c4493e393b822b95b2e6e88163a1df
org.kie.workbench.playground	traffic-violation	7.55.0.Final		181d777adfe5204bdb51385fc42a4a7e34d5721b
org.kie.workbench.playground	traffic-violation	7.56.0.Final		b2bc5947d409753e54a913343e27fde28209cbac
org.kie.workbench.playground	traffic-violation	7.57.0.Final		16cfeef100ae95470183a6a95182c2aa762fe2b4
org.kie.workbench.playground	traffic-violation	7.58.0.Final		75b8ca0ebf10c40e15713f1698629885e1405a24
org.kie.workbench.playground	traffic-violation	7.59.0.Final		73a6b99b875b6757e2a2242a2123d31c80088043
org.kie.workbench.playground	traffic-violation	7.60.0.Final		9d81bbe75dd2a4dcf6f026b3cd4d9734124cf3ac
org.kie.workbench.playground	traffic-violation	7.61.0.Final		ba75d7edab4736d57b8da294d91542a1c49a1427
org.kie.workbench.playground	traffic-violation	7.62.0.Final		b9a341d6af3364c7eceba055246af4db4c3b7f36
org.kie.workbench.playground	traffic-violation	7.63.0.Final		d0be9ceda28db1e1a7305ca58c3766c71a360291
org.kie.workbench.playground	traffic-violation	7.64.0.Final		75cfabbff17b0dd8e92d5eb32cd45e404f52e64f
org.kie.workbench.playground	traffic-violation	7.65.0.Final		5012f40a23af0d58942d2c9fcc97e7aea2fb0763
org.kie.workbench.playground	traffic-violation	7.66.0.Final		6f3d14a59a1c18cb88b2e6e4ecebc23b74026aaf
org.kie.workbench.playground	traffic-violation	7.67.0.Final		4632471a326d90eb69406ee1d63ddd794df89578
org.kie.workbench.playground	traffic-violation	7.68.0.Final		a68ca49dc13d16538a026967bc33243f1f06e3d5
org.kie.workbench.playground	traffic-violation	7.69.0.Final		35bcffca2c798f01a6bed5ecd7c51e945f97fb69
org.kie.workbench.playground	traffic-violation	7.70.0.Final		2118cf33c8688e5e7a3f9922186a8c4b2ac817c3
org.kie.workbench.playground	traffic-violation	7.71.0.Final		c4e7a8e8e9d9c3b91791c5691121d4e05aed3453
org.kie.workbench.playground	traffic-violation	7.72.0.Final		fe1385834a9feec871dba323f325333f065069ed
org.kie.workbench.playground	traffic-violation	7.73.0.Final		e0288683d8b1fc182afa0a66e7eae78053fe63c0
org.kie.workbench.playground	traffic-violation	7.74.0.Final		695fd21b7a6a834f913cfed5b174e5f4ff96909a
org.kie.workbench.playground	traffic-violation	7.74.1.Final		9cb58fc7555df17d6ee9bc66dc58d310ba01d127
org.opendaylight.bgpcep	odl-bgpcep-bmp-config-example	0.10.0		N/A
org.opendaylight.bgpcep	odl-bgpcep-bmp-config-example	0.10.1		N/A
org.opendaylight.bgpcep	odl-bgpcep-bmp-config-example	0.10.2		N/A
org.opendaylight.bgpcep	odl-bgpcep-bmp-config-example	0.10.3		N/A
org.opendaylight.bgpcep	odl-bgpcep-bmp-config-example	0.11.0		N/A
org.opendaylight.bgpcep	odl-bgpcep-bmp-config-example	0.11.1		N/A
org.opendaylight.bgpcep	odl-bgpcep-bmp-config-example	0.11.2		N/A
org.opendaylight.bgpcep	odl-bgpcep-bmp-config-example	0.11.3		N/A
org.opendaylight.bgpcep	odl-bgpcep-bmp-config-example	0.12.0		N/A
org.opendaylight.bgpcep	odl-bgpcep-bmp-config-example	0.12.1		N/A
org.opendaylight.bgpcep	odl-bgpcep-bmp-config-example	0.12.2		N/A
org.opendaylight.bgpcep	odl-bgpcep-bmp-config-example	0.12.3		N/A
org.opendaylight.bgpcep	odl-bgpcep-bmp-config-example	0.12.4		N/A
org.opendaylight.bgpcep	odl-bgpcep-bmp-config-example	0.13.0		N/A
org.opendaylight.bgpcep	odl-bgpcep-bmp-config-example	0.13.1		N/A
org.opendaylight.bgpcep	odl-bgpcep-bmp-config-example	0.13.2		N/A
org.opendaylight.bgpcep	odl-bgpcep-bmp-config-example	0.13.3		N/A
org.opendaylight.bgpcep	odl-bgpcep-bmp-config-example	0.14.0		N/A
org.opendaylight.bgpcep	odl-bgpcep-bmp-config-example	0.14.1		N/A
org.opendaylight.bgpcep	odl-bgpcep-bmp-config-example	0.14.2		N/A
org.opendaylight.bgpcep	odl-bgpcep-bmp-config-example	0.14.3		N/A
org.opendaylight.bgpcep	odl-bgpcep-bmp-config-example	0.14.4		N/A
org.opendaylight.bgpcep	odl-bgpcep-bmp-config-example	0.15.0		N/A
org.opendaylight.bgpcep	odl-bgpcep-bmp-config-example	0.15.1		N/A
org.opendaylight.bgpcep	odl-bgpcep-bmp-config-example	0.15.2		N/A
org.opendaylight.bgpcep	odl-bgpcep-bmp-config-example	0.15.3		N/A
org.opendaylight.bgpcep	odl-bgpcep-bmp-config-example	0.15.4		N/A
org.opendaylight.bgpcep	odl-bgpcep-bmp-config-example	0.16.0		N/A
org.opendaylight.bgpcep	odl-bgpcep-bmp-config-example	0.16.1		N/A
org.opendaylight.bgpcep	odl-bgpcep-bmp-config-example	0.16.10		N/A
org.opendaylight.bgpcep	odl-bgpcep-bmp-config-example	0.16.11		N/A
org.opendaylight.bgpcep	odl-bgpcep-bmp-config-example	0.16.12		N/A
org.opendaylight.bgpcep	odl-bgpcep-bmp-config-example	0.16.13		N/A
org.opendaylight.bgpcep	odl-bgpcep-bmp-config-example	0.16.14		N/A
org.opendaylight.bgpcep	odl-bgpcep-bmp-config-example	0.16.15		N/A
org.opendaylight.bgpcep	odl-bgpcep-bmp-config-example	0.16.16		N/A
org.opendaylight.bgpcep	odl-bgpcep-bmp-config-example	0.16.2		N/A
org.opendaylight.bgpcep	odl-bgpcep-bmp-config-example	0.16.3		N/A
org.opendaylight.bgpcep	odl-bgpcep-bmp-config-example	0.16.4		N/A
org.opendaylight.bgpcep	odl-bgpcep-bmp-config-example	0.16.5		N/A
org.opendaylight.bgpcep	odl-bgpcep-bmp-config-example	0.16.6		N/A
org.opendaylight.bgpcep	odl-bgpcep-bmp-config-example	0.16.7		N/A
org.opendaylight.bgpcep	odl-bgpcep-bmp-config-example	0.16.8		N/A
org.opendaylight.bgpcep	odl-bgpcep-bmp-config-example	0.16.9		N/A
org.opendaylight.bgpcep	odl-bgpcep-bmp-config-example	0.17.0		N/A
org.opendaylight.bgpcep	odl-bgpcep-bmp-config-example	0.17.1		N/A
org.opendaylight.bgpcep	odl-bgpcep-bmp-config-example	0.17.10		N/A
org.opendaylight.bgpcep	odl-bgpcep-bmp-config-example	0.17.2		N/A
org.opendaylight.bgpcep	odl-bgpcep-bmp-config-example	0.17.3		N/A
org.opendaylight.bgpcep	odl-bgpcep-bmp-config-example	0.17.4		N/A
org.opendaylight.bgpcep	odl-bgpcep-bmp-config-example	0.17.5		N/A
org.opendaylight.bgpcep	odl-bgpcep-bmp-config-example	0.17.6		N/A
org.opendaylight.bgpcep	odl-bgpcep-bmp-config-example	0.17.7		N/A
org.opendaylight.bgpcep	odl-bgpcep-bmp-config-example	0.17.8		N/A
org.opendaylight.bgpcep	odl-bgpcep-bmp-config-example	0.17.9		N/A
org.opendaylight.bgpcep	odl-bgpcep-bmp-config-example	0.18.0		N/A
org.opendaylight.bgpcep	odl-bgpcep-bmp-config-example	0.18.1		N/A
org.opendaylight.bgpcep	odl-bgpcep-bmp-config-example	0.18.2		N/A
org.opendaylight.bgpcep	odl-bgpcep-bmp-config-example	0.18.3		N/A
org.opendaylight.bgpcep	odl-bgpcep-bmp-config-example	0.18.4		N/A
org.opendaylight.bgpcep	odl-bgpcep-bmp-config-example	0.18.5		N/A
org.opendaylight.bgpcep	odl-bgpcep-bmp-config-example	0.18.6		N/A
org.opendaylight.bgpcep	odl-bgpcep-bmp-config-example	0.18.7		N/A
org.opendaylight.bgpcep	odl-bgpcep-bmp-config-example	0.18.8		N/A
org.opendaylight.bgpcep	odl-bgpcep-bmp-config-example	0.18.9		N/A
org.opendaylight.bgpcep	odl-bgpcep-bmp-config-example	0.19.0		N/A
org.opendaylight.bgpcep	odl-bgpcep-bmp-config-example	0.19.1		N/A
org.opendaylight.bgpcep	odl-bgpcep-bmp-config-example	0.19.2		N/A
org.opendaylight.bgpcep	odl-bgpcep-bmp-config-example	0.19.3		N/A
org.opendaylight.bgpcep	odl-bgpcep-bmp-config-example	0.19.4		N/A
org.opendaylight.bgpcep	odl-bgpcep-bmp-config-example	0.19.5		N/A
org.opendaylight.bgpcep	odl-bgpcep-bmp-config-example	0.19.6		N/A
org.opendaylight.bgpcep	odl-bgpcep-bmp-config-example	0.19.7		N/A
org.opendaylight.bgpcep	odl-bgpcep-bmp-config-example	0.19.8		N/A
org.opendaylight.bgpcep	odl-bgpcep-bmp-config-example	0.19.9		N/A
org.opendaylight.bgpcep	odl-bgpcep-bmp-config-example	0.20.0		N/A
org.opendaylight.bgpcep	odl-bgpcep-bmp-config-example	0.20.1		N/A
org.opendaylight.bgpcep	odl-bgpcep-bmp-config-example	0.20.2		N/A
org.opendaylight.bgpcep	odl-bgpcep-bmp-config-example	0.20.3		N/A
org.opendaylight.bgpcep	odl-bgpcep-bmp-config-example	0.20.4		N/A
org.opendaylight.bgpcep	odl-bgpcep-bmp-config-example	0.20.5		N/A
org.opendaylight.bgpcep	odl-bgpcep-bmp-config-example	0.20.6		N/A
org.opendaylight.bgpcep	odl-bgpcep-bmp-config-example	0.20.7		N/A
org.opendaylight.bgpcep	odl-bgpcep-bmp-config-example	0.20.8		N/A
org.opendaylight.bgpcep	odl-bgpcep-bmp-config-example	0.20.9		N/A
org.opendaylight.bgpcep	odl-bgpcep-bmp-config-example	0.21.0		N/A
org.opendaylight.bgpcep	odl-bgpcep-bmp-config-example	0.21.1		N/A
org.opendaylight.bgpcep	odl-bgpcep-bmp-config-example	0.21.10		N/A
org.opendaylight.bgpcep	odl-bgpcep-bmp-config-example	0.21.11		N/A
org.opendaylight.bgpcep	odl-bgpcep-bmp-config-example	0.21.2		N/A
org.opendaylight.bgpcep	odl-bgpcep-bmp-config-example	0.21.3		N/A
org.opendaylight.bgpcep	odl-bgpcep-bmp-config-example	0.21.4		N/A
org.opendaylight.bgpcep	odl-bgpcep-bmp-config-example	0.21.5		N/A
org.opendaylight.bgpcep	odl-bgpcep-bmp-config-example	0.21.6		N/A
org.opendaylight.bgpcep	odl-bgpcep-bmp-config-example	0.21.7		N/A
org.opendaylight.bgpcep	odl-bgpcep-bmp-config-example	0.21.8		N/A
org.opendaylight.bgpcep	odl-bgpcep-bmp-config-example	0.21.9		N/A
org.opendaylight.bgpcep	odl-bgpcep-bmp-config-example	0.22.0		N/A
org.opendaylight.bgpcep	odl-bgpcep-bmp-config-example	0.22.1		N/A
org.opendaylight.bgpcep	odl-bgpcep-bmp-config-example	0.22.10		N/A
org.opendaylight.bgpcep	odl-bgpcep-bmp-config-example	0.22.2		N/A
org.opendaylight.bgpcep	odl-bgpcep-bmp-config-example	0.22.3		N/A
org.opendaylight.bgpcep	odl-bgpcep-bmp-config-example	0.22.4		N/A
org.opendaylight.bgpcep	odl-bgpcep-bmp-config-example	0.22.5		N/A
org.opendaylight.bgpcep	odl-bgpcep-bmp-config-example	0.22.6		N/A
org.opendaylight.bgpcep	odl-bgpcep-bmp-config-example	0.22.7		N/A
org.opendaylight.bgpcep	odl-bgpcep-bmp-config-example	0.22.8		N/A
org.opendaylight.bgpcep	odl-bgpcep-bmp-config-example	0.22.9		N/A
org.opendaylight.bgpcep	odl-bgpcep-bmp-config-example	0.9.0		N/A
org.opendaylight.bgpcep	odl-bgpcep-bmp-config-example	0.9.1		N/A
org.opendaylight.bgpcep	odl-bgpcep-bmp-config-example	0.9.2		N/A
org.opendaylight.bgpcep	odl-bgpcep-bmp-config-example	0.9.3		N/A
org.opendaylight.bgpcep	odl-bgpcep-bmp-config-example	0.9.4		N/A
org.openwms	org.openwms.core.infrastructure.configuration	0.1		N/A
org.optaplanner	optaplanner-wb-solver-editor	6.3.0.Beta1		N/A
org.optaplanner	optaplanner-wb-solver-editor	6.3.0.Beta2		N/A
org.optaplanner	optaplanner-wb-solver-editor	6.3.0.CR1		N/A
org.optaplanner	optaplanner-wb-solver-editor	6.4.0.Beta1		N/A
org.optaplanner	optaplanner-wb-solver-editor	6.4.0.Beta2		N/A
org.optaplanner	optaplanner-wb-solver-editor	6.4.0.CR1		N/A
org.optaplanner	optaplanner-wb-solver-editor	6.4.0.CR2		N/A
org.optaplanner	optaplanner-wb-solver-editor	6.4.0.Final		N/A
org.optaplanner	optaplanner-wb-solver-editor	6.5.0.Beta1		N/A
org.optaplanner	optaplanner-wb-solver-editor	6.5.0.CR1		N/A
org.optaplanner	optaplanner-wb-solver-editor	6.5.0.CR2		N/A
org.optaplanner	optaplanner-wb-solver-editor	6.5.0.Final		N/A
org.optaplanner	optaplanner-wb-solver-editor	7.0.0.Beta1		N/A
org.optaplanner	optaplanner-wb-solver-editor	7.0.0.Beta2		N/A
org.optaplanner	optaplanner-wb-solver-editor	7.0.0.Beta3		N/A
org.optaplanner	optaplanner-wb-solver-editor	7.0.0.Beta4		N/A
org.optaplanner	optaplanner-wb-solver-editor	7.0.0.Beta5		N/A
org.optaplanner	optaplanner-wb-solver-editor	7.0.0.Beta6		N/A
org.optaplanner	optaplanner-wb-solver-editor	7.0.0.Beta7		N/A
org.optaplanner	optaplanner-wb-solver-editor	7.0.0.Beta8		N/A
org.optaplanner	optaplanner-wb-solver-editor	7.0.0.CR1		N/A
org.optaplanner	optaplanner-wb-solver-editor	7.0.0.CR2		N/A
org.optaplanner	optaplanner-wb-solver-editor	7.0.0.CR3		N/A
org.optaplanner	optaplanner-wb-solver-editor	7.0.0.Final		N/A
org.optaplanner	optaplanner-wb-solver-editor	7.1.0.Beta1		N/A
org.optaplanner	optaplanner-wb-solver-editor	7.1.0.Beta2		N/A
org.optaplanner	optaplanner-wb-solver-editor	7.1.0.Beta3		N/A
org.optaplanner	optaplanner-wb-solver-editor	7.1.0.Final		N/A
org.optaplanner	optaplanner-wb-solver-editor	7.10.0.Final		N/A
org.optaplanner	optaplanner-wb-solver-editor	7.11.0.Final		N/A
org.optaplanner	optaplanner-wb-solver-editor	7.12.0.Final		N/A
org.optaplanner	optaplanner-wb-solver-editor	7.13.0.Final		N/A
org.optaplanner	optaplanner-wb-solver-editor	7.14.0.Final		N/A
org.optaplanner	optaplanner-wb-solver-editor	7.15.0.Final		N/A
org.optaplanner	optaplanner-wb-solver-editor	7.16.0.Final		N/A
org.optaplanner	optaplanner-wb-solver-editor	7.17.0.Final		N/A
org.optaplanner	optaplanner-wb-solver-editor	7.18.0.Final		N/A
org.optaplanner	optaplanner-wb-solver-editor	7.19.0.Final		N/A
org.optaplanner	optaplanner-wb-solver-editor	7.2.0.Final		N/A
org.optaplanner	optaplanner-wb-solver-editor	7.20.0.Final		N/A
org.optaplanner	optaplanner-wb-solver-editor	7.21.0.Final		N/A
org.optaplanner	optaplanner-wb-solver-editor	7.22.0.Final		N/A
org.optaplanner	optaplanner-wb-solver-editor	7.23.0.Final		N/A
org.optaplanner	optaplanner-wb-solver-editor	7.24.0.Final		N/A
org.optaplanner	optaplanner-wb-solver-editor	7.25.0.Final		N/A
org.optaplanner	optaplanner-wb-solver-editor	7.26.0.Final		N/A
org.optaplanner	optaplanner-wb-solver-editor	7.27.0.Final		N/A
org.optaplanner	optaplanner-wb-solver-editor	7.28.0.Final		N/A
org.optaplanner	optaplanner-wb-solver-editor	7.29.0.Final		N/A
org.optaplanner	optaplanner-wb-solver-editor	7.3.0.Final		N/A
org.optaplanner	optaplanner-wb-solver-editor	7.30.0.Final		N/A
org.optaplanner	optaplanner-wb-solver-editor	7.31.0.Final		N/A
org.optaplanner	optaplanner-wb-solver-editor	7.32.0.Final		N/A
org.optaplanner	optaplanner-wb-solver-editor	7.33.0.Final		N/A
org.optaplanner	optaplanner-wb-solver-editor	7.34.0.Final		N/A
org.optaplanner	optaplanner-wb-solver-editor	7.35.0.Final		N/A
org.optaplanner	optaplanner-wb-solver-editor	7.36.0.Final		N/A
org.optaplanner	optaplanner-wb-solver-editor	7.36.1.Final		N/A
org.optaplanner	optaplanner-wb-solver-editor	7.37.0.Final		N/A
org.optaplanner	optaplanner-wb-solver-editor	7.38.0.Final		N/A
org.optaplanner	optaplanner-wb-solver-editor	7.39.0.Final		N/A
org.optaplanner	optaplanner-wb-solver-editor	7.4.1.Final		N/A
org.optaplanner	optaplanner-wb-solver-editor	7.40.0.20200703		N/A
org.optaplanner	optaplanner-wb-solver-editor	7.40.0.Final		N/A
org.optaplanner	optaplanner-wb-solver-editor	7.41.0.Final		N/A
org.optaplanner	optaplanner-wb-solver-editor	7.41.0.t20200723		N/A
org.optaplanner	optaplanner-wb-solver-editor	7.42.0.Final		N/A
org.optaplanner	optaplanner-wb-solver-editor	7.43.0.Final		N/A
org.optaplanner	optaplanner-wb-solver-editor	7.43.1.Final		N/A
org.optaplanner	optaplanner-wb-solver-editor	7.44.0.Final		N/A
org.optaplanner	optaplanner-wb-solver-editor	7.45.0.Final		N/A
org.optaplanner	optaplanner-wb-solver-editor	7.45.0.t20201009		N/A
org.optaplanner	optaplanner-wb-solver-editor	7.46.0.Final		N/A
org.optaplanner	optaplanner-wb-solver-editor	7.47.0.Final		N/A
org.optaplanner	optaplanner-wb-solver-editor	7.48.0.Final		N/A
org.optaplanner	optaplanner-wb-solver-editor	7.49.0.Final		N/A
org.optaplanner	optaplanner-wb-solver-editor	7.5.0.Final		N/A
org.optaplanner	optaplanner-wb-solver-editor	7.50.0.Final		N/A
org.optaplanner	optaplanner-wb-solver-editor	7.51.0.Final		N/A
org.optaplanner	optaplanner-wb-solver-editor	7.52.0.Final		N/A
org.optaplanner	optaplanner-wb-solver-editor	7.53.0.Final		N/A
org.optaplanner	optaplanner-wb-solver-editor	7.54.0.Final		N/A
org.optaplanner	optaplanner-wb-solver-editor	7.55.0.Final		N/A
org.optaplanner	optaplanner-wb-solver-editor	7.56.0.Final		N/A
org.optaplanner	optaplanner-wb-solver-editor	7.57.0.Final		N/A
org.optaplanner	optaplanner-wb-solver-editor	7.58.0.Final		N/A
org.optaplanner	optaplanner-wb-solver-editor	7.59.0.Final		N/A
org.optaplanner	optaplanner-wb-solver-editor	7.6.0.Final		N/A
org.optaplanner	optaplanner-wb-solver-editor	7.60.0.Final		N/A
org.optaplanner	optaplanner-wb-solver-editor	7.61.0.Final		N/A
org.optaplanner	optaplanner-wb-solver-editor	7.62.0.Final		N/A
org.optaplanner	optaplanner-wb-solver-editor	7.63.0.Final		N/A
org.optaplanner	optaplanner-wb-solver-editor	7.64.0.Final		N/A
org.optaplanner	optaplanner-wb-solver-editor	7.65.0.Final		N/A
org.optaplanner	optaplanner-wb-solver-editor	7.66.0.Final		N/A
org.optaplanner	optaplanner-wb-solver-editor	7.67.0.Final		N/A
org.optaplanner	optaplanner-wb-solver-editor	7.68.0.Final		N/A
org.optaplanner	optaplanner-wb-solver-editor	7.69.0.Final		N/A
org.optaplanner	optaplanner-wb-solver-editor	7.7.0.Final		N/A
org.optaplanner	optaplanner-wb-solver-editor	7.70.0.Final		N/A
org.optaplanner	optaplanner-wb-solver-editor	7.71.0.Final		N/A
org.optaplanner	optaplanner-wb-solver-editor	7.72.0.Final		N/A
org.optaplanner	optaplanner-wb-solver-editor	7.73.0.Final		N/A
org.optaplanner	optaplanner-wb-solver-editor	7.8.0.Final		N/A
org.optaplanner	optaplanner-wb-solver-editor	7.9.0.Final		N/A
org.ow2.bundles	ow2-util-ee-metadata-car	1.0.10		N/A
org.ow2.bundles	ow2-util-ee-metadata-car	1.0.11		N/A
org.ow2.bundles	ow2-util-ee-metadata-car	1.0.12		N/A
org.ow2.bundles	ow2-util-ee-metadata-car	1.0.13		N/A
org.ow2.bundles	ow2-util-ee-metadata-car	1.0.14		N/A
org.ow2.bundles	ow2-util-ee-metadata-car	1.0.15		N/A
org.ow2.bundles	ow2-util-ee-metadata-car	1.0.16		N/A
org.ow2.bundles	ow2-util-ee-metadata-car	1.0.17		N/A
org.ow2.bundles	ow2-util-ee-metadata-car	1.0.18		N/A
org.ow2.bundles	ow2-util-ee-metadata-car	1.0.19		N/A
org.ow2.bundles	ow2-util-ee-metadata-car	1.0.20		N/A
org.ow2.bundles	ow2-util-ee-metadata-car	1.0.21		N/A
org.ow2.bundles	ow2-util-ee-metadata-car	1.0.22		N/A
org.ow2.bundles	ow2-util-ee-metadata-car	1.0.23		N/A
org.ow2.bundles	ow2-util-ee-metadata-car	1.0.24		N/A
org.ow2.bundles	ow2-util-ee-metadata-car	1.0.25		N/A
org.ow2.bundles	ow2-util-ee-metadata-car	1.0.26		N/A
org.ow2.bundles	ow2-util-ee-metadata-car	1.0.27		N/A
org.ow2.bundles	ow2-util-ee-metadata-car	1.0.28		N/A
org.ow2.bundles	ow2-util-ee-metadata-car	1.0.29		N/A
org.ow2.bundles	ow2-util-ee-metadata-car	1.0.30		N/A
org.ow2.bundles	ow2-util-ee-metadata-car	1.0.31		N/A
org.ow2.bundles	ow2-util-ee-metadata-car	1.0.32		N/A
org.ow2.bundles	ow2-util-ee-metadata-car	1.0.33		N/A
org.ow2.bundles	ow2-util-ee-metadata-car	1.0.34		N/A
org.ow2.bundles	ow2-util-ee-metadata-car	1.0.35		N/A
org.ow2.bundles	ow2-util-ee-metadata-car	1.0.36		N/A
org.ow2.bundles	ow2-util-ee-metadata-car	1.0.8		N/A
org.ow2.bundles	ow2-util-ee-metadata-car	1.0.9		N/A
org.pingel	axle-hbase_2.11	0.1-M12		4634adc41d9c404fb4d8b3814a67bd6f83bf10c0
org.pingel	axle-hbase_2.11	0.1.14		8e45a023c627070a6dba2a9a6a5ccd1df35ed05a
org.pingel	axle-hbase_2.11	0.1.15		6b90e0e3ea90d8f043a74d95d578a2ea4dbc410d
org.pingel	axle-hbase_2.11	0.1.16		e79f8f174e3a0e678e0e01f91de0587d4a2adbfa
org.scala-native	test-runner_2.11	0.4.2		86848362c49e0d50664925b59c447bbe94886464
org.scala-native	test-runner_2.11	0.4.3		e9f06ea36885bb4af1bf6b9312d86de549f33876
org.scala-native	test-runner_2.11	0.4.3-RC1		02b6cd2e0688669f97cc1c86a457920cb2240373
org.scala-native	test-runner_2.11	0.4.3-RC2		1996f2a1f7ba824ff7c95b1970875edbbb214b4b
org.scala-native	test-runner_2.11	0.4.4		edfc8b128e0855697042d32fa1b5bccd2c36033e
org.scala-native	test-runner_2.11	0.4.5		44beca5c5035ed67ca6b6013176876e922dd962b
org.scala-native	test-runner_2.11	0.4.6		4e4d8b8d4382f46b7aa80ff6a9e33ba85332a82b
org.scala-native	test-runner_2.11	0.4.7		16cbf46e06b0352beda8d84883e3b937d9a25720
org.scala-native	test-runner_2.11	0.4.8		4f3630d42772111d03600f7783a6bdaff17f0748
org.scala-native	test-runner_2.11	0.4.9		5fb84be17b5d215347856162e5f3873820db5ad3
org.siggi-ci	siggi-ci-controller-parent	0.1.0		N/A
org.siggi-ci	siggi-ci-controller-parent	0.1.1		N/A
org.siggi-ci	siggi-ci-controller-parent	0.1.2		N/A
org.siggi-ci	siggi-ci-controller-parent	0.1.3		N/A
org.siggi-ci	siggi-ci-controller-parent	0.1.4		N/A
org.siggi-ci	siggi-ci-controller-parent	0.1.5		N/A
org.siggi-ci	siggi-ci-controller-parent	0.1.6		N/A
org.siggi-ci	siggi-ci-controller-parent	0.1.7		N/A
org.siggi-ci	siggi-ci-controller-parent	0.1.8		N/A
org.thymeleaf.testing	thymeleaf-testing-spring5	3.1.0.M3		47c9b0cf07e7b5b67338c84b3e3f392ffca3a86d
org.thymeleaf.testing	thymeleaf-testing-spring5	3.1.0.RC1		3caf7d8f667ef91572b4f9652cc08dac9361c2ca
org.thymeleaf.testing	thymeleaf-testing-spring5	3.1.0.RC2		6b0ee89f61fbf0fb5e3e6372b155131b4bdece38
org.thymeleaf.testing	thymeleaf-testing-spring5	3.1.0.RELEASE		5f5836b88760aace355108158aa2cbce35b0d119
org.thymeleaf.testing	thymeleaf-testing-spring5	3.1.1.RELEASE		a3fdee4f6d97518d027e263716ba754df946628c
org.thymeleaf.testing	thymeleaf-testing-spring5	3.1.2.RELEASE		287203629ec1235b72645717a7d3e1f27358794e
org.thymeleaf.testing	thymeleaf-testing-spring5	3.1.3.RELEASE		5d77cea659cd85c5755c29c8bf767b7eb63e4b28
org.typelevel	catapult_3	0.4.0		295d7f26b65bacd0c968d144d02815509df000b3
org.typelevel	catapult_3	0.4.1		76ce9fa8c996139c200c8c4dbff859257e9cabb1
org.typelevel	catapult_3	0.4.2		3ebb19b995270f3d9288443af9e2bd360d8c8a5d
org.typelevel	catapult_3	0.4.3		8b0405e0a59d9201cce7fc4d09e3819f3dfa0569
org.typelevel	catapult_3	0.5.0		2ead30321ba557ace62d5d217b9940e866ba38d3
org.typelevel	catapult_3	0.5.1		b9252c0f192cb3daa939dc8f946c3e7ba1be6b7a
org.typelevel	catapult_3	0.6.0		8d5d4a858a7c08c6970c4985817b1d0bdbe549c6
org.typelevel	cats-jvm_3.0.0-M3	2.3.1		e3f756679cb72e14bd36a8000ff67080179053d8
org.typelevel	cats-jvm_3.0.0-M3	2.4.0		e3f144d92148cbd28b1df44fef6ccd88317e22dc
org.typelevel	cats-jvm_3.0.0-M3	2.4.1		26231a7f7eae5db8772784f4b2eceefe29c0df1a
org.typelevel	cats-jvm_3.0.0-M3	2.4.2		a0d539161fd4e73aa179c186994fea5aa66630a1
org.webjars	google-diff-match-patch	20121119		71162b82e3ab5004bdcb594289cec3cdfb68d1ef
org.webjars	google-diff-match-patch	20121119-1		0cf1782dbcb8359d95070da9176059a5a9d37709
org.webjars	google-diff-match-patch	895a9512bb		1fd9c5916db2554844844a62e90ee22faddad26b
org.webjars.bowergithub.ericjgagnon	wickedpicker	0.4.1		116ce654ff174e6998101e1e4f5ca7812db1ee84
org.webjars.bowergithub.ryanburns23	paper-time-input	2.0.4		6ff002b0808e441b5d8093158df623b50829b3ad
org.webjars.npm	is-svg-path	1.0.2		2af85133074b05222c2e85639a59ac2c705699d9
org.webjars.npm	packery	2.0.0		09bdda9a39b6c111b2a2814ebe72186f10a8ebbd
org.webjars.npm	packery	2.1.2		31080d09eda5ead674afdaf9b221f758f650b249
org.webjars.npm	rsvp	3.0.13		53b57b700bbe0c5162d5c69fb5852a6c5ecc1bc1
org.webjars.npm	rsvp	3.2.0		bf213c86836d18fe0f2231ea710bf09633eaf604
org.webjars.npm	rsvp	3.2.1		6f1c0e44e6c8ed3430c7ae797421fdba22453995
org.webjars.npm	rsvp	3.6.2		f525fd1dc663545696dffc3261a2816725b57bf5
org.webjars.npm	rsvp	4.8.4		dc391330ce87854d4dd2273acf0a891c537a84da
org.wildfly.managed-server-builder	wildfly-managed-server-builder-parent	0.1.0		N/A
org.wildfly.managed-server-builder	wildfly-managed-server-builder-parent	0.2.0		N/A
org.zalando.stups	fullstop-testing	0.9.0		N/A
org.zalando.stups	fullstop-testing	1.0.0.M1		N/A
org.zalando.stups	fullstop-testing	1.1.0		N/A
tools.jackson.dataformat	jackson-dataformat-protobuf	3.0.0-rc1		6cfe289fa14f4d2048870852f2f9206d4fef153a
tools.jackson.dataformat	jackson-dataformat-protobuf	3.0.0-rc2		a8a02ffaae4b377e8d04106929d62fb02f035e4a
tools.jackson.dataformat	jackson-dataformat-protobuf	3.0.0-rc3		8e74031860b3aee3ab0eb384253a550f75fd0849
tools.jackson.dataformat	jackson-dataformat-protobuf	3.0.0-rc4		477dc6574d102fa34b275831814d785c420ee907
top.heue.utils	hawk	1.0.0		N/A
top.heue.utils	hawk	1.0.1		N/A
