at.gridgears.schemas	held	1.0.0		b0d9eff6885f2723702c63e3bbb3972e813843bf
at.gridgears.schemas	held	1.1.0		1fca52f436f6a01aaf6c0b79c12a041b36c6d942
at.gridgears.schemas	held	1.1.1		baa42e45415c69dd46383407c27d379cc9abc6d9
at.gridgears.schemas	held	1.1.2		abe10e519007d1cfe6cd8f1ae2367ee825df5867
at.gridgears.schemas	held	1.1.3		5b927c7765ae9c952e889d9c437bd69f5f1af468
at.gridgears.schemas	held	1.2.0		cb80678f0c80f0b42d6aaae099fbd7ebcf874327
at.gridgears.schemas	held	2.0.0		44c246572bf60bddac9e9b6fb2431df19d1ca61a
cn.hserver	hserver-plugin-mqtt	3.0.0		f78dfae25a1c09717f87fd5288e3e69599f71cff
cn.hserver	hserver-plugin-mqtt	3.0.M3		ceb9afbdb67bfc48b646cc87e9965a4c8fab214f
cn.hserver	hserver-plugin-mqtt	3.0.M5		243ff6e05acf2d4b32543525e1768893913170ef
cn.hserver	hserver-plugin-mqtt	3.1.1		07e105fba08a7f88e577fe964d78003259e7023a
cn.hserver	hserver-plugin-mqtt	3.1.M1		fd8715ef838af50bf9832968e47d092adede1b62
cn.hserver	hserver-plugin-mqtt	3.1.M2		8e78ce3dcde3fe7e518865c362acbb93c0798308
cn.hserver	hserver-plugin-mqtt	3.1.M3		07b3867f6a3074e82d2f634556ea127f7b348d3c
cn.hserver	hserver-plugin-mqtt	3.2.0		43c623c1913ecaff78e521b910ace641f49e5f1d
cn.hserver	hserver-plugin-mqtt	3.2.M1		d7282118909c24272183d014da1f781321a9ded9
cn.hserver	hserver-plugin-mqtt	3.2.M2		97aadc62aa0abf748a9f0f3f30736424c03939b2
cn.hserver	hserver-plugin-mqtt	3.3.0		3793d0788882f93965a69266039826f351241872
cn.hserver	hserver-plugin-mqtt	3.3.M1		eca4110624ae8d1cb392e59e7fddfe858ab0ace7
cn.hserver	hserver-plugin-mqtt	3.3.M2		e47e8f55cd4b5b6732b5bbc33c9aff8bf812460b
cn.hserver	hserver-plugin-mqtt	3.4.0		64d4c66fc7ccc8798df3ee6f47cd7eda63ebe4db
cn.hserver	hserver-plugin-mqtt	3.4.M1		2b66891def423f6c63594de902f8be680704fba8
cn.hserver	hserver-plugin-mqtt	3.4.M2		221c48dd6d78f95d178af377230a6b0db4b8b2ad
cn.hserver	hserver-plugin-mqtt	3.5.M1		ba00dd3c21b9e634e707bfd450881e7be60fcd3d
cn.hserver	hserver-plugin-mqtt	3.5.M2		7436535c12cd2a1d1521a604d20901fa03f14fd8
cn.hserver	hserver-plugin-mqtt	3.5.M3		a91df87af417d9196f76239b4d85b97684921c64
cn.hserver	hserver-plugin-mqtt	3.5.M4		880062b6f6e0bdd6baefbe17f609806e6f90f128
cn.hserver	hserver-plugin-mqtt	3.5.M5		8b0b730300c82fb5f12b804486c258be74501de0
cn.hserver	hserver-plugin-mqtt	3.5.M6		5cd5406c1f570937e53270b46c9e31e4ef705ee3
cn.hserver	hserver-plugin-mqtt	3.5.M7		0dd0727901d1cf7044ea1852df6efb59e75c5227
cn.hserver	hserver-plugin-mqtt	3.5.M8		bd70957b127131cd345b7e2c3804e2f8dee8a76c
cn.hserver	hserver-plugin-mqtt	3.5.M9		01bf6bec317af2898a255b0a00ad4e44fce5fe34
cn.hserver	hserver-plugin-mqtt	3.6.0		756fcb1fa5213593678e6107c888fa18ff20b46e
cn.hserver	hserver-plugin-mqtt	3.6.M1		895d348e4a9ef5aa7d61ccf1bfc0ba74d2ec8e2b
cn.hserver	hserver-plugin-mqtt	3.6.M2		2571693bd58b88f0b54609908e6f2a65652f74b7
cn.hserver	hserver-plugin-mqtt	3.6.M3		bfb472eeefc83c9470e13c61cd2b830e3c17369b
cn.hserver	hserver-plugin-mqtt	3.6.M4		f340f2f7563f606c820591210148aa947d55b34a
cn.hserver	hserver-plugin-mqtt	3.6.M6		f0188860d76a64c95cac92b48ac8dd2ee4251ef6
cn.hserver	hserver-plugin-mqtt	3.6.M8		64a29bf899306d96ec8205b1df98d32739cd44d9
cn.hserver	hserver-plugin-mqtt	3.6.M9		b2f23d0abbe52a97b9529af7205551a8bc674cc0
com.acooly	acooly-component-treetype	5.2.0		9f4c48892d78f823f527d986a56712bacac1997b
com.acooly	acooly-component-treetype	5.2.1		b9c48dc584b5a516bc86a166f01727f42b7ef999
com.aliyun	sophonsoar20220728	1.0.0		bf40d2614885c858ddac5c07eb33cf550bd2bf49
com.aliyun	sophonsoar20220728	1.0.0	shaded	2afbeb7688c268d1d9cc463eff1fe5a16e6144c2
com.aliyun	sophonsoar20220728	1.0.1		8b9b2ecb5d0a40964b2b4728b98ff23246c23b77
com.aliyun	sophonsoar20220728	1.0.1	shaded	de3c7915cfce23de486a97b4f9e615cf5cc2e80c
com.aliyun	sophonsoar20220728	1.0.2		a2cf5865ea4e333d43fa540ed20360e2cbd33795
com.aliyun	sophonsoar20220728	1.0.2	shaded	e8c89b048de4e84d2c6786aec823c8c6c5737c7e
com.aliyun	sophonsoar20220728	1.0.3		8b12447090007322701a2313fc4544e6ffd34b1b
com.aliyun	sophonsoar20220728	1.0.3	shaded	66374623b09c26220bd55e96bbf36710086a137b
com.aliyun	sophonsoar20220728	1.1.0		df72d14a865a8786afb2f41c7f72bf9360bc7588
com.aliyun	sophonsoar20220728	1.1.0	shaded	7159977b22f91e908bd9122b44d4ec2c1faee2ea
com.aliyun	sophonsoar20220728	2.0.0		6cae898bc3ebdbc084121b146bcd0171effd217b
com.aliyun	sophonsoar20220728	2.0.0	shaded	3b98ac98a100978cbc4f9757c78c783608b6b4ee
com.apollographql.mockserver	apollo-mockserver-watchosarm32	0.0.1		N/A
com.apollographql.mockserver	apollo-mockserver-watchosarm32	0.0.1	metadata	d95dd46a4c357829af46de9a471122200725cc3a
com.apollographql.mockserver	apollo-mockserver-watchosarm32	0.0.3		N/A
com.apollographql.mockserver	apollo-mockserver-watchosarm32	0.0.3	metadata	83846b90c3853a67b0be92990c8825fdf02e9f35
com.apollographql.mockserver	apollo-mockserver-watchosarm32	0.1.0		N/A
com.apollographql.mockserver	apollo-mockserver-watchosarm32	0.1.0	metadata	8eaffec74039ebe50f50681adf5d137c1d7dee41
com.apollographql.mockserver	apollo-mockserver-watchosarm32	0.1.1		N/A
com.apollographql.mockserver	apollo-mockserver-watchosarm32	0.1.1	metadata	355553867912b6e517b3f3a673bed12543f6f8a4
com.artemzin.mrobserver	mr-observer-cup-of-espresso	0.1.0		623ab348f13da98ae29b8fca947f8c026fe03a16
com.artemzin.mrobserver	mr-observer-cup-of-espresso	0.1.1		ac063df050f56db4ace1209de7a94a801b54bec3
com.battcn	extend-mybatis-spring-boot-starter	2.0.1-RELEASE		82b3be8578f7e37e6a3b590ffd5df24f72d4f241
com.battcn	extend-mybatis-spring-boot-starter	2.0.3-RELEASE		874b4fef9f5f8469f2fd5014d30ce94e890e6523
com.battcn	extend-mybatis-spring-boot-starter	2.0.4-RELEASE		83e3d5a753664e1c83a1b8597c6ce68819d78bd2
com.bumble.appyx	testing-junit5	1.0-alpha03		N/A
com.bumble.appyx	testing-junit5	1.0-alpha04		N/A
com.bumble.appyx	testing-junit5	1.0-alpha05		N/A
com.bumble.appyx	testing-junit5	1.0-alpha06		N/A
com.bumble.appyx	testing-junit5	1.0-alpha07		N/A
com.bumble.appyx	testing-junit5	1.0-alpha08		N/A
com.bumble.appyx	testing-junit5	1.0-alpha09		N/A
com.bumble.appyx	testing-junit5	1.0.0		N/A
com.bumble.appyx	testing-junit5	1.0.0-rc01		N/A
com.bumble.appyx	testing-junit5	1.0.0-rc02		N/A
com.bumble.appyx	testing-junit5	1.0.1		N/A
com.bumble.appyx	testing-junit5	1.0.2		N/A
com.bumble.appyx	testing-junit5	1.0.3		N/A
com.bumble.appyx	testing-junit5	1.0.4		N/A
com.bumble.appyx	testing-junit5	1.0.5		N/A
com.bumble.appyx	testing-junit5	1.1.0		N/A
com.bumble.appyx	testing-junit5	1.1.1		N/A
com.bumble.appyx	testing-junit5	1.1.2		N/A
com.bumble.appyx	testing-junit5	1.2.0		N/A
com.bumble.appyx	testing-junit5	1.3.0		N/A
com.bumble.appyx	testing-junit5	1.4.0		N/A
com.bumble.appyx	testing-junit5	1.4.1-migrate-2.x		N/A
com.bumble.appyx	testing-junit5	1.5.0		N/A
com.bumble.appyx	testing-junit5	1.5.1		N/A
com.bumble.appyx	testing-junit5	1.6.0		N/A
com.bumble.appyx	testing-junit5	1.6.0-alpha01		N/A
com.bumble.appyx	testing-junit5	1.7.0		N/A
com.bumble.appyx	testing-junit5	1.7.1		N/A
com.chartboost	chartboost-sdk	8.0.1		N/A
com.chartboost	chartboost-sdk	8.0.2		N/A
com.chartboost	chartboost-sdk	8.0.3		N/A
com.chartboost	chartboost-sdk	8.1.0		N/A
com.chartboost	chartboost-sdk	8.2.0		N/A
com.chartboost	chartboost-sdk	8.2.1		N/A
com.chartboost	chartboost-sdk	8.3.0		N/A
com.chartboost	chartboost-sdk	8.3.1		N/A
com.chartboost	chartboost-sdk	8.4.0		N/A
com.chartboost	chartboost-sdk	8.4.1		N/A
com.chartboost	chartboost-sdk	8.4.2		N/A
com.chartboost	chartboost-sdk	8.4.3		N/A
com.chartboost	chartboost-sdk	9.0.0		N/A
com.chartboost	chartboost-sdk	9.1.0		N/A
com.chartboost	chartboost-sdk	9.1.1		N/A
com.chartboost	chartboost-sdk	9.2.0		N/A
com.chartboost	chartboost-sdk	9.2.1		N/A
com.dexecr	rx-kafka-clients	0.0.1		6acfc31ad33daedb071a61c3452af1c0bc35b4d5
com.expedia.www	haystack-agent-core	0.1.0		N/A
com.expedia.www	haystack-agent-core	0.1.1		N/A
com.expedia.www	haystack-agent-core	0.1.10		N/A
com.expedia.www	haystack-agent-core	0.1.11		N/A
com.expedia.www	haystack-agent-core	0.1.12		N/A
com.expedia.www	haystack-agent-core	0.1.13		N/A
com.expedia.www	haystack-agent-core	0.1.14		N/A
com.expedia.www	haystack-agent-core	0.1.15		N/A
com.expedia.www	haystack-agent-core	0.1.16		N/A
com.expedia.www	haystack-agent-core	0.1.17		N/A
com.expedia.www	haystack-agent-core	0.1.18		N/A
com.expedia.www	haystack-agent-core	0.1.2		N/A
com.expedia.www	haystack-agent-core	0.1.3		N/A
com.expedia.www	haystack-agent-core	0.1.4		N/A
com.expedia.www	haystack-agent-core	0.1.5		N/A
com.expedia.www	haystack-agent-core	0.1.6		N/A
com.expedia.www	haystack-agent-core	0.1.8		N/A
com.expedia.www	haystack-agent-core	0.1.9		N/A
com.github.acsgh.spark.scala	core_2.12	1.0.1		9e2f0a912322bdcdfc0bb367d6deb06594aa35b2
com.github.acsgh.spark.scala	core_2.12	1.0.12		e060b8777e886018ac3ba156728856cf01afffe4
com.github.acsgh.spark.scala	core_2.12	1.0.3		306cbfdcfc2d862bec13358971047f4e2041fce4
com.github.acsgh.spark.scala	core_2.12	1.0.5		99a100d46a40e75b7c322170487b008a76ca102e
com.github.acsgh.spark.scala	core_2.12	1.0.7		353b73fd3ab22a5dc1d9f0880c2d95b2b1eea617
com.github.acsgh.spark.scala	core_2.12	1.0.8		46df514f4fb59c4229306c897f57bdd1533a4800
com.github.acsgh.spark.scala	core_2.12	1.0.9		45997e3a4cf67f845a604fca9c2ea865640e2b93
com.github.acsgh.spark.scala	core_2.12	1.1.0		16c3d7a4326c26aa7ee56c3fae257481ca6d164c
com.github.ddlatham.test	nylas-java-sdk	0.1.0		N/A
com.github.ddth	ddth-queue	0.1.0		6bb03926cf83c14d97ffa2c3793979441e3f58dc
com.github.ddth	ddth-queue	0.1.1		eb835ad2c4c5d0df24a4fda0a6610893ea29034b
com.github.ddth	ddth-queue	0.1.2		0365ddb3dd3467d9299937ce45f956717b7752eb
com.github.ddth	ddth-queue	0.1.3		f99e5a91c4e0a4379cac025c98fecb3d6dc888e9
com.github.ddth	ddth-queue	0.2.0		467eb15eeaa0946c6947a10ea9edb0e2904df85a
com.github.ddth	ddth-queue	0.2.1		20c6440cbb91cccb56d2881bf1fb4f81203dfad6
com.github.ddth	ddth-queue	0.2.2		c48dfb1b2ba2f8032d3f621f29bd3463c7ed3c66
com.github.ddth	ddth-queue	0.2.2.1		bdbe1425c1157383dd8f6f72200ac1dde704ead6
com.github.ddth	ddth-queue	0.2.2.2		4de03c0d339a1a059ebc5504852886613a057c33
com.github.ddth	ddth-queue	0.2.3.1		07cf4d2eef08b625ed42107e56fd3a4bfefe853e
com.github.ddth	ddth-queue	0.3.0		b45a15d75e4444cdbcee435d81bf7057558556f1
com.github.ddth	ddth-queue	0.3.1		794d68d67a7d8ec0a649320f40bce1879f56e67f
com.github.ddth	ddth-queue	0.3.2		4cde2a64762ff2d38bc92798f4d49720e43c5c10
com.github.ddth	ddth-queue	0.3.3		d4098ef49f07f106f9489857e150ccf1e334d07e
com.github.ddth	ddth-queue	0.3.3.1		1efa08b8b8ea3b745c465e971eff1d511757ea03
com.github.ddth	ddth-queue	0.3.3.2		ef9c8bfdfd66df7940cb6ed5c303d87f3ec06023
com.github.ddth	ddth-queue	0.4.0		N/A
com.github.ddth	ddth-queue	0.4.0.1		N/A
com.github.ddth	ddth-queue	0.4.1		N/A
com.github.ddth	ddth-queue	0.4.1.1		N/A
com.github.ddth	ddth-queue	0.4.2		N/A
com.github.ddth	ddth-queue	0.5.0		N/A
com.github.ddth	ddth-queue	0.5.1		N/A
com.github.ddth	ddth-queue	0.5.1.1		N/A
com.github.ddth	ddth-queue	0.6.0		N/A
com.github.ddth	ddth-queue	0.6.1.1		N/A
com.github.ddth	ddth-queue	0.6.2.2		N/A
com.github.ddth	ddth-queue	0.6.2.3		N/A
com.github.ddth	ddth-queue	0.6.2.4		N/A
com.github.ddth	ddth-queue	0.6.2.5		N/A
com.github.ddth	ddth-queue	0.6.2.6		N/A
com.github.ddth	ddth-queue	0.7.0		N/A
com.github.ddth	ddth-queue	0.7.1		N/A
com.github.ddth	ddth-queue	0.7.1.1		N/A
com.github.ddth	ddth-queue	0.7.1.2		N/A
com.github.ddth	ddth-queue	1.0.0		N/A
com.github.hgbit	hello-springboot-starter	1.0.0		8db7ab91d09c31b48d9fe28358ad5455b1d8739e
com.github.kfcfans	powerjob-common	3.0.0		498070ca514a8dfab427f0a1b1e1be4928b96f07
com.github.kfcfans	powerjob-common	3.0.1		be19bb2c4a8bedb779088ff9a0591a254b99a754
com.github.kfcfans	powerjob-common	3.1.0		589830b58b45e408d56d413c0a69a1a34e6daa22
com.github.kfcfans	powerjob-common	3.1.1		64d41dbaff1e57b855308febcd8b67d36353af56
com.github.kfcfans	powerjob-common	3.1.2		88577997a6037ff562762eaf1cd9155056097516
com.github.kfcfans	powerjob-common	3.1.3		f5a31b73ee90ca808aa7a1f4bf3d31ebca03de0a
com.github.kfcfans	powerjob-common	3.2.0		9d1da7ac3eb1485aca3bec77a8a6cbc9ee25352d
com.github.kfcfans	powerjob-common	3.2.1		b6a0abed313df36a53ce6fa5f330f207af049165
com.github.kfcfans	powerjob-common	3.2.2		1d492a6ee1d9a166486bd51365d615786fbd91a0
com.github.kfcfans	powerjob-common	3.2.3		10c4e7d482dea30831c6b25eeae7145381e71673
com.github.kfcfans	powerjob-common	3.3.0		ef66b76984a35208518f7255985b78a744baf24d
com.github.kfcfans	powerjob-common	3.3.1		d23d9e05e2b7853db857e98dd0ff7d039f910acd
com.github.kfcfans	powerjob-common	3.3.2		bdcdfe293982b594bac986356194964c88b54716
com.github.kfcfans	powerjob-common	3.3.3		a5412a68ebb6204800198b88a85ac8415f759340
com.github.kfcfans	powerjob-common	3.4.0		b8f3d031ec6427c3fad3e9cb7c236f5a092940b5
com.github.kfcfans	powerjob-common	3.4.1		cc403c5348723c6fc930bc338076ca11e621b58d
com.github.kfcfans	powerjob-common	3.4.2		7901d7936fc6f85416de16539c51d31612182ba4
com.github.kfcfans	powerjob-common	3.4.3		129bb6b42d2c97f5e04a4ec17b152980fd3e3c42
com.github.kfcfans	powerjob-common	3.4.4		febf363ecb7eaae3f3a77ab06d0b6ae1dfecc0b5
com.github.kfcfans	powerjob-common	3.4.5		067960e1fb39f4367fa942424077c942945cdda3
com.github.kfcfans	powerjob-common	3.4.6		4b804d7bcfbdfc6d326ed6acdefa18ba187ee19e
com.github.kfcfans	powerjob-common	3.4.7		3377795d66c87971a4252465cda2e30e43c42f56
com.github.kfcfans	powerjob-common	3.4.8		225a0cb6041373954c3dd792c964d61b9113b956
com.github.molecule-labs	molecule-net-examples_2.9.3	0.5		97a48ea573e150b57dee0de54cfeff10ce74a63f
com.github.molecule-labs	molecule-net-examples_2.9.3	0.5.1		aa42d8d1237df5e96f3f45cff6c6f7ee362f6e9e
com.github.molecule-labs	molecule-net-examples_2.9.3	0.5.2		2a906c891ed4cdc90107cc332d7a1f6ead44a4b6
com.github.tbje	facelift_2.11	0.1		5caf2d8f7e4b9f4b32397116ced24811d673169e
com.github.tbje	facelift_2.11	0.2		3af80badd9bdbc8f6613db6c7e8071be93847a12
com.google.api.grpc	grpc-google-cloud-vertexai-v1beta1	0.1.0		a5ff6c7002026c1740b17d561f66b0c61bb688ec
com.google.api.grpc	grpc-google-cloud-vertexai-v1beta1	0.2.0		18748f7cc120af97cc52f4f050d7dd20241df957
com.hyhomelab	jexpression	1.0.0		d57f32f7d07ba6ed56a455a49379f875cdb28a28
com.hyhomelab	jexpression	1.0.1		1e669b13dc89ba7a9d11c203decaacf337f78698
com.hyhomelab	jexpression	1.0.2		c030d1e83a2ca342010ed94fe66959b2203a4578
com.hyhomelab	jexpression	1.0.3		fcf6b6eaae9b4217c0cd07f91fb087ead4a2e562
com.hyhomelab	jexpression	1.0.4		9ec1797b2daeeb3a6df86a876155f53439082f97
com.hyhomelab	jexpression	1.0.5		968b1d795dd7027c2ab386cd5c70033b1af5f785
com.hyhomelab	jexpression	1.0.6		d30f3c11cdfbcdf85a07d9581a764fc6aa0910ac
com.impetus.kundera.client	kundera-elastic-search	2.10		77c59263f3e25df449e5c58d922d175a80f53a54
com.impetus.kundera.client	kundera-elastic-search	2.11		0d248973dc761842ca7b10afc28bd9713ff6ec1c
com.impetus.kundera.client	kundera-elastic-search	2.11.1		5f239d3d1418f00f84d32ca2f70c0ebf183e35dd
com.impetus.kundera.client	kundera-elastic-search	2.12		2bed6a1304d26869e2dc4b26363f6e9edfe19fa0
com.impetus.kundera.client	kundera-elastic-search	2.12-1.x		df7d3bdad4121d5e5302ada487154d7d078a0699
com.impetus.kundera.client	kundera-elastic-search	2.13		42aa31971721b7b03b6048b56ea8b70448eb50d1
com.impetus.kundera.client	kundera-elastic-search	2.13.1		de1427d9f690fcb830499b86463ca88fa9d7d5a7
com.impetus.kundera.client	kundera-elastic-search	2.14		ad8a1456479a0b1ff6935d9ad7ddcc881a1a44c3
com.impetus.kundera.client	kundera-elastic-search	2.15		50de6fe1e2a2712f8bbde4c7f0acc92d34ade812
com.impetus.kundera.client	kundera-elastic-search	2.15.1		360f16a035d18ba7f71014b79c5b4019a44d73fc
com.impetus.kundera.client	kundera-elastic-search	2.16		efed99f5b9e261cfffbf8121fc69a7185b73e1af
com.impetus.kundera.client	kundera-elastic-search	2.17		eafeb10f977adff37d323f7ded85577e952fba2b
com.impetus.kundera.client	kundera-elastic-search	2.9.1		20866e38879b7ec9a29e1dd3fa76eeebd4615a5f
com.impetus.kundera.client	kundera-elastic-search	3.0		c077defbcc84210d1a91d7dc8e92b4178ef60104
com.impetus.kundera.client	kundera-elastic-search	3.1		2bc9152db776574ae4f0916ff3736e120e3300ce
com.impetus.kundera.client	kundera-elastic-search	3.10		619e2dedc8b4cddb9dd32195b931bff86d78f517
com.impetus.kundera.client	kundera-elastic-search	3.10.1		11b86087ed7155717728c61b640aedddae54674a
com.impetus.kundera.client	kundera-elastic-search	3.11		63c986dd65c3b03d48046fc90d1290812b364133
com.impetus.kundera.client	kundera-elastic-search	3.12		c8ffaa334771ef29a2fee949e28e1c18be7cb084
com.impetus.kundera.client	kundera-elastic-search	3.13		1067a51cbf406f8e53a91efda87bb94eb5781aa4
com.impetus.kundera.client	kundera-elastic-search	3.2		146e9d916831357210ef69076bda2ddc091d2de1
com.impetus.kundera.client	kundera-elastic-search	3.3		5b37508652417443771f31d9cb39848b452eb4f4
com.impetus.kundera.client	kundera-elastic-search	3.4		9f0940cf5dce7be0e791a4e7d6818facc29464e0
com.impetus.kundera.client	kundera-elastic-search	3.5		ea865f9f07d3c540d211e6d57c8b59d721d74128
com.impetus.kundera.client	kundera-elastic-search	3.6		b8da9ac94e4747750fd7b424fa4bbb348d938859
com.impetus.kundera.client	kundera-elastic-search	3.7		6630937f52e616e51f4e94b298647fb59b80985c
com.impetus.kundera.client	kundera-elastic-search	3.8		f3d8ed10c95cd58a0a73b4ab7132c9e6d281adc1
com.impetus.kundera.client	kundera-elastic-search	3.9		cc9871462c158ddf186f6fd5e187df868e3c4947
com.impetus.kundera.client	kundera-elastic-search	3.9.1		e090e3977c15ff3351b36bb98557d5a824424c4e
com.io7m.smfj	com.io7m.smfj.bytebuffer	0.10.0		f81699ebe56340af96631d58421d83666912790e
com.io7m.smfj	com.io7m.smfj.bytebuffer	0.11.0		07e0c0c991c449fcbd6d19693647df37fec890db
com.io7m.smfj	com.io7m.smfj.bytebuffer	0.12.0		c75818212989ec8e9939bce938843b43829fe160
com.io7m.smfj	com.io7m.smfj.bytebuffer	0.13.0		71f351aaf25d073c5d29113c14a70c8602480156
com.io7m.smfj	com.io7m.smfj.bytebuffer	0.14.0		b3c82c39a44ecb2dd37e229ffb5b64f20065a3c0
com.jalalkiswani	jk-framework-web	6.0.0		38d288ab870032f5339ee00bd5639786fd233fc4
com.jalalkiswani	jk-framework-web	6.1.0		39fb19681e1c7fa8b74edb1f843cfe46bc6aeb34
com.jalalkiswani	jk-framework-web	6.2.0		e77a5524f52511c05a32e964d6734a620f958f2b
com.jalalkiswani	jk-framework-web	6.3.0		cc898b1ce17d1f7f6daeab7b600836d87cfd8edc
com.jalalkiswani	jk-framework-web	6.4.0		46bf2b03ebf8c1a3afa364f2d34d6aaaa14cf2b8
com.jalalkiswani	jk-framework-web	7.0.0-M1		3f942f4491080d580f8a0ea5e6800cd210663a55
com.jalalkiswani	jk-framework-web	7.0.0-M2		f9dcfeb77123fff6664dc1777f059b19fa773205
com.jalalkiswani	jk-framework-web	7.0.0-M3		d28826b8581c8d9ffb89455966019369bdea4915
com.jalalkiswani	jk-framework-web	7.0.0-M4		426e91bc470864f8bf09a225c0d5b2c755a959b6
com.jalalkiswani	jk-framework-web	7.0.0-M5		1facd6022131af3cb66560ce23828c28b2e66861
com.jalalkiswani	jk-framework-web	7.0.0-M6		fd75f2c6ccba39c5b907a5d5ff60fb1acf80e2b9
com.jalalkiswani	jk-framework-web	7.0.0-M7		fce34d9627e415009ac4be696939b8b3a8d74e46
com.jobisjob	counter-buffer	0.1.1		a1cf26fa075ccf2d5b0627920f8af340c7df049f
com.jobisjob	counter-buffer	0.1.2		b9aa2e39c257ed73bfc565299f69285780c3b4c0
com.lihaoyi	unroll-annotation_3	0.1.10		5f5bc01780b62468701094643c650d602389f17b
com.lihaoyi	unroll-annotation_3	0.1.11		10e41dd687bc7a00e4823f781182bcf3dededae4
com.lihaoyi	unroll-annotation_3	0.1.12		6004e333c9c36209d5a4d914e8daa01134c26806
com.lihaoyi	unroll-annotation_3	0.1.6		04be2d36752d50206c81d24282a725d27e227c86
com.lihaoyi	unroll-annotation_3	0.1.7		e937aeee36a8ea7999a023e499004a4d20d43da6
com.lihaoyi	unroll-annotation_3	0.1.8		54a202ef7330080350deb7dcd1ed95f60b0d7c73
com.lihaoyi	unroll-annotation_3	0.1.9		0d2ecc6c15a6c7055e4c70e3c3af809ccbb5efb2
com.linecorp.armeria	armeria-spring-boot-actuator-autoconfigure	0.80.0		f78f731d5413b44cd25be5c510e47e5730736de2
com.linecorp.armeria	armeria-spring-boot-actuator-autoconfigure	0.81.0		e3633cc1f1b6f22bd5abdfc46da13378195d17da
com.linecorp.armeria	armeria-spring-boot-actuator-autoconfigure	0.81.1		d7a9a1abe6a04c6b661609ce47fcbbf1ce9e041f
com.linecorp.armeria	armeria-spring-boot-actuator-autoconfigure	0.82.0		12040ff5c307bb5c9b9ca3785b4d948cb64a44d7
com.linecorp.armeria	armeria-spring-boot-actuator-autoconfigure	0.83.0		264b2be259da6c614fe1ad52a799a476a5418598
com.linecorp.armeria	armeria-spring-boot-actuator-autoconfigure	0.84.0		cb038695ca256a9ad0c98ec48337fabd7fec21c9
com.linecorp.armeria	armeria-spring-boot-actuator-autoconfigure	0.85.0		bff14f7da73712e1731038a27676f871352e2430
com.linecorp.armeria	armeria-spring-boot-actuator-autoconfigure	0.86.0		6457fb678a0db903c51a7b110d0c7bfd3be5fc93
com.linecorp.armeria	armeria-spring-boot-actuator-autoconfigure	0.87.0		d2f90781aba6de8d2059436773e2b04c088fb772
com.linecorp.armeria	armeria-spring-boot-actuator-autoconfigure	0.88.0		0705bea34c00078d9413e4ad22ab1ef3e65b64aa
com.linecorp.armeria	armeria-spring-boot-actuator-autoconfigure	0.89.0		83515203be42a82f14ea5bd2f185de2c87fd5f1f
com.linecorp.armeria	armeria-spring-boot-actuator-autoconfigure	0.89.1		e97a60e1375e16113b06d7458e3c46fd74192ccf
com.linecorp.armeria	armeria-spring-boot-actuator-autoconfigure	0.90.0		399699a3f9d0b2e768c33f6eb1bb9620b217a924
com.linecorp.armeria	armeria-spring-boot-actuator-autoconfigure	0.90.1		3659799b7aec49d41ee7bcc6a4dcb68b39511c9d
com.linecorp.armeria	armeria-spring-boot-actuator-autoconfigure	0.90.2		afdc8b5af8baf875c319dc2a1a86e2af896cfbe0
com.linecorp.armeria	armeria-spring-boot-actuator-autoconfigure	0.90.3		6f519992138c5d752dbd8f548a33a21eddfe83d2
com.linecorp.armeria	armeria-spring-boot-actuator-autoconfigure	0.91.0		13a44e3d34965b267690c04c9774868b2e05a0df
com.linecorp.armeria	armeria-spring-boot-actuator-autoconfigure	0.92.0		16fe78c557bbdff5a16a6bc16accd0c67992c910
com.linecorp.armeria	armeria-spring-boot-actuator-autoconfigure	0.93.0		a81b7bb20185cedf1e3b9273e9b849d0328c69d3
com.linecorp.armeria	armeria-spring-boot-actuator-autoconfigure	0.94.0		9959bda3c9a92bcaf104771750aa609b5a8ffbac
com.linecorp.armeria	armeria-spring-boot-actuator-autoconfigure	0.95.0		08291c992805db979bab0b5b9e2ccc5d0cd44661
com.linecorp.armeria	armeria-spring-boot-actuator-autoconfigure	0.96.0		5ee895bf41e6638cd8532425ed132a43c9e857e8
com.linecorp.armeria	armeria-spring-boot-actuator-autoconfigure	0.97.0		e6e46bbf51d2e5b4e10c90fbab02a4e0681239ca
com.linecorp.armeria	armeria-spring-boot-actuator-autoconfigure	0.98.0		d892b964326c7339d8e40ca5a8b3b33775db0d55
com.linecorp.armeria	armeria-spring-boot-actuator-autoconfigure	0.98.1		d76ae6e0be9a69ef209c7c89f07ed0deecaf9de5
com.linecorp.armeria	armeria-spring-boot-actuator-autoconfigure	0.98.2		5a1781355cac9730d886014041f4d90eedc8b07b
com.linecorp.armeria	armeria-spring-boot-actuator-autoconfigure	0.98.3		c82e85ee73ad6d006126c7e9d948002bbeea6d36
com.linecorp.armeria	armeria-spring-boot-actuator-autoconfigure	0.98.4		bd9b34c3bb4d95a2301c8ef67348745003a18652
com.linecorp.armeria	armeria-spring-boot-actuator-autoconfigure	0.98.5		da0ddc2d2e727e968ee6e63252594a0bfa0a9e93
com.linecorp.armeria	armeria-spring-boot-actuator-autoconfigure	0.98.6		9d1fba2d19aac8ee3a7c9911f0e09a5cddb29a01
com.linecorp.armeria	armeria-spring-boot-actuator-autoconfigure	0.98.7		ee4440dd956f7e5809ca1c99c044a0e38042cad0
com.linecorp.armeria	armeria-spring-boot-actuator-autoconfigure	0.99.0		9b9446c685e49c94657d79f2c9e3528a382e6086
com.linecorp.armeria	armeria-spring-boot-actuator-autoconfigure	0.99.1		430371e00f56676684e46c1aeb0e51d3a58b6d11
com.linecorp.armeria	armeria-spring-boot-actuator-autoconfigure	0.99.2		7f95dfb8728ad7f8e8b2aa87f79973733647af59
com.linecorp.armeria	armeria-spring-boot-actuator-autoconfigure	0.99.3		38099516d6afbb9c842e8ec4a5ddce89ccff56ee
com.linecorp.armeria	armeria-spring-boot-actuator-autoconfigure	0.99.4		cde631755e85121f9a578508adba513fc8e041fe
com.linecorp.armeria	armeria-spring-boot-actuator-autoconfigure	0.99.5		bf57f410dbf9bd13a4154f3c7df6cd171ad8ade0
com.linecorp.armeria	armeria-spring-boot-actuator-autoconfigure	0.99.6		526ffe7bd37bc5573c407b677d5bbcd8e1da2e93
com.linecorp.armeria	armeria-spring-boot-actuator-autoconfigure	0.99.7		c77be93735581b88c6b514e567fa5d240c97d93b
com.palantir.goethe	goethe	0.1.0		dfb919d45cecc7cc777cda805b65c057a9256e1b
com.palantir.goethe	goethe	0.10.0		930fb1ec19ad04bd2145e324a8a3964c18c11d0d
com.palantir.goethe	goethe	0.11.0		2134d9f3ccad01d9408d0b1840b78985901b48d2
com.palantir.goethe	goethe	0.12.0		fc6ea3591202e1192029634377f18b2afb357517
com.palantir.goethe	goethe	0.13.0		c9de9c368bd55dc9f96dce8bfebb8622d68f4d0d
com.palantir.goethe	goethe	0.14.0		c99be84117ee477a7f3f06e459c9251f48a1d9bf
com.palantir.goethe	goethe	0.15.0		645dfba9670d77f96cf0a271075f98efe5581365
com.palantir.goethe	goethe	0.2.0		c75d0a6edfb80030fcae6890baa197b240b45dbf
com.palantir.goethe	goethe	0.3.0		75f9192843e565cf63ad0379660b6dab40c8b87e
com.palantir.goethe	goethe	0.4.0		be4086ab48231a81f2cd5ec6604c1e7bbd8bf065
com.palantir.goethe	goethe	0.5.0		2ea660d33b347ec3492b771e6f49f17eec4ce87b
com.palantir.goethe	goethe	0.6.0		9bdd5a5817581bffcf7e1a76bed00029c2f2ac46
com.palantir.goethe	goethe	0.7.0		e536b08feb315632d864d8a39a94620f2e87bd92
com.palantir.goethe	goethe	0.8.0		695999c2c46a0c35391fb121b950ac0fd118e7e8
com.palantir.goethe	goethe	0.9.0		37212abf6ca6868593b994cebbd160937594b88d
com.regnosys.rosetta	com.regnosys.rosetta.ide	9.10.0		61411370e901c5e23da5efb58c9066e78ded3022
com.regnosys.rosetta	com.regnosys.rosetta.ide	9.10.1		eee4f7b5a7979449ec3a73c286397710578cf258
com.regnosys.rosetta	com.regnosys.rosetta.ide	9.11.0		8b9f4f870565418050ce02ae27e451340bc0a010
com.regnosys.rosetta	com.regnosys.rosetta.ide	9.11.1		ede10ac9dce3e90ff2b2c4088eebf9db9e902f52
com.regnosys.rosetta	com.regnosys.rosetta.ide	9.11.2		5ac487e1596d84068a67f940fde2447c8460355a
com.regnosys.rosetta	com.regnosys.rosetta.ide	9.12.0		dd73fc803109b61d56886e09759200a30411da20
com.regnosys.rosetta	com.regnosys.rosetta.ide	9.12.1		7d3465d481dab0411606c02f86ffddbcfdb81066
com.regnosys.rosetta	com.regnosys.rosetta.ide	9.12.2		b4235878e4a9635201d783a89a4a0db677ba4cee
com.regnosys.rosetta	com.regnosys.rosetta.ide	9.12.3		b4e59afdbf57fb4541c4ffa0a31ddfabbe73edb6
com.regnosys.rosetta	com.regnosys.rosetta.ide	9.12.4		4252f52e957c4cefd4c8e4953b40be85fc147531
com.regnosys.rosetta	com.regnosys.rosetta.ide	9.13.0		bc7d07bbf104803506d02d94eb3f3de3d8cd88f2
com.regnosys.rosetta	com.regnosys.rosetta.ide	9.14.0		db95a0ff77333877ec6a58e6c9df88ee55281b1f
com.regnosys.rosetta	com.regnosys.rosetta.ide	9.14.1		3ac3a459bfe527eaf417db17a4f87e71ab3953e3
com.regnosys.rosetta	com.regnosys.rosetta.ide	9.15.0		48b6e7fbcc45e44d2a6943f1ff2edb1c88496a61
com.regnosys.rosetta	com.regnosys.rosetta.ide	9.15.1		472f3318fe7dd48e304da7fe11e904c3c4646030
com.regnosys.rosetta	com.regnosys.rosetta.ide	9.15.2		d54aff2ffb66948fedab571048d24d6a9ec54c81
com.regnosys.rosetta	com.regnosys.rosetta.ide	9.16.0		a661b01082c787043356892600543cad19106c76
com.regnosys.rosetta	com.regnosys.rosetta.ide	9.16.1		798d8c364c1b2e5338f7a304dfd63c95b61351e9
com.regnosys.rosetta	com.regnosys.rosetta.ide	9.16.2		93330e5fa6b5d8722c4631eaaf47fcd6f8638c96
com.regnosys.rosetta	com.regnosys.rosetta.ide	9.16.3		74228871aa00b7ea504b7e9793bb4af028587006
com.regnosys.rosetta	com.regnosys.rosetta.ide	9.16.4		5b2c2b2dfac1b8957b5cb9b3aa16fafe99b30284
com.regnosys.rosetta	com.regnosys.rosetta.ide	9.16.5		ba45d13e36409dc29aa25891312659d9907fab65
com.regnosys.rosetta	com.regnosys.rosetta.ide	9.16.6		c300bb75e33bb5c9ff996da445b9b864750125b6
com.regnosys.rosetta	com.regnosys.rosetta.ide	9.16.7		d6730ea37b6fb3106ff5f5060000acd5f2aec097
com.regnosys.rosetta	com.regnosys.rosetta.ide	9.17.0		0009ab8786f33a354167fca3716ad2da1afa7510
com.regnosys.rosetta	com.regnosys.rosetta.ide	9.17.1		0a3da985f794b47c95d85fb188f4510b5dde81e7
com.regnosys.rosetta	com.regnosys.rosetta.ide	9.17.2		69a1b71f978b19429264cc609a98431ff782b1b9
com.regnosys.rosetta	com.regnosys.rosetta.ide	9.18.0		e730c2508e61a5746340cfa44b6b4949e54be94f
com.regnosys.rosetta	com.regnosys.rosetta.ide	9.18.1		b8083912450ed9a3b204c04bd3c756e6707a7f8c
com.regnosys.rosetta	com.regnosys.rosetta.ide	9.18.2		3d706452da63beec17b2e66588af9381858a6bd0
com.regnosys.rosetta	com.regnosys.rosetta.ide	9.19.0		9e9fc27be7e490457e7ce80657c9606ef2a3213e
com.regnosys.rosetta	com.regnosys.rosetta.ide	9.2.0		66c8e3cdc63968c1099a0279236c89c20294736d
com.regnosys.rosetta	com.regnosys.rosetta.ide	9.20.0		61a84a8abe4e43e2d143f5e4c1c30a1a8055f2d6
com.regnosys.rosetta	com.regnosys.rosetta.ide	9.21.0		b5780839c48101949275d6438d114227145cd609
com.regnosys.rosetta	com.regnosys.rosetta.ide	9.22.0		203a3a986f313485cef287009ba1663f77982a48
com.regnosys.rosetta	com.regnosys.rosetta.ide	9.22.1		e25ecba6d267b06ae1b27b839803753ebf3257db
com.regnosys.rosetta	com.regnosys.rosetta.ide	9.23.0		2337b047892d01088724e36b32eef939a222407c
com.regnosys.rosetta	com.regnosys.rosetta.ide	9.23.1		b6b606393d18318c9e60ed7d3230b0f36543e3d8
com.regnosys.rosetta	com.regnosys.rosetta.ide	9.24.0		85a702036bab1253d2929484c03ceb7ddfa78e3d
com.regnosys.rosetta	com.regnosys.rosetta.ide	9.25.0		03a0b5b847c2ce4663ab6f79d25c71b44681bae6
com.regnosys.rosetta	com.regnosys.rosetta.ide	9.26.0		9102564a913a746f44ea1244d648c964a6ddd300
com.regnosys.rosetta	com.regnosys.rosetta.ide	9.27.0		8630f04234947770381188f631f30d41f31d3c0f
com.regnosys.rosetta	com.regnosys.rosetta.ide	9.28.2		490d11b928ee2306d56dcf23fbebff0df400b1ee
com.regnosys.rosetta	com.regnosys.rosetta.ide	9.28.3		618d7d652ccbbd90d15d85f8e44db27d3afc9ef3
com.regnosys.rosetta	com.regnosys.rosetta.ide	9.29.0		670e39d1a4996981d3ed9ddf3198cfc1906ea208
com.regnosys.rosetta	com.regnosys.rosetta.ide	9.3.0		1e89513ed77dc50eb4adedc0aea7fde10d406a08
com.regnosys.rosetta	com.regnosys.rosetta.ide	9.3.1		160abeed3678c9d725d2beec7e805c8490402ab9
com.regnosys.rosetta	com.regnosys.rosetta.ide	9.30.0		4c2677d083347c592263f128957b0c350218c098
com.regnosys.rosetta	com.regnosys.rosetta.ide	9.30.1		7e86764a1ccac7c313d82caaa143731b3131a185
com.regnosys.rosetta	com.regnosys.rosetta.ide	9.30.2		5211694ba3573466dc513edf612b25641dd44ee9
com.regnosys.rosetta	com.regnosys.rosetta.ide	9.31.0		4a1e06cf44788be5ea6c3d6ef918e55cc848ba40
com.regnosys.rosetta	com.regnosys.rosetta.ide	9.32.0		696e98ec6b150c69057542285ab5c13b57ea7122
com.regnosys.rosetta	com.regnosys.rosetta.ide	9.32.1		27c1d1130353880467d7956efd1afa2665404c13
com.regnosys.rosetta	com.regnosys.rosetta.ide	9.32.2		c5e9bebdf527717ee7140b75c14c4b7434573775
com.regnosys.rosetta	com.regnosys.rosetta.ide	9.33.0		a577b763623c6c49c7115162579d387d4b7c29fa
com.regnosys.rosetta	com.regnosys.rosetta.ide	9.34.0		2371521a37ec55228d78f139a46bc8d09718591e
com.regnosys.rosetta	com.regnosys.rosetta.ide	9.34.1		0a17b2a9fa10b43e17ac27c0694009357276d312
com.regnosys.rosetta	com.regnosys.rosetta.ide	9.34.2		45fe92edf2e1c442b2c16b6f6a2a15b3f7f04873
com.regnosys.rosetta	com.regnosys.rosetta.ide	9.34.3		673b4b451c7d9a9ff1b3cc959cb2e94f2d4e5524
com.regnosys.rosetta	com.regnosys.rosetta.ide	9.35.0		4155947da40577225680f11f101433ad76becba9
com.regnosys.rosetta	com.regnosys.rosetta.ide	9.35.1		5913750196f9cffa3d1dfaba3c79c4cbd239fc68
com.regnosys.rosetta	com.regnosys.rosetta.ide	9.36.0		cf0f8280a08863498e7fdf072c8406e046376443
com.regnosys.rosetta	com.regnosys.rosetta.ide	9.36.1		56dbd4b0f622416a8f12c9b19622ee22f5ed13bc
com.regnosys.rosetta	com.regnosys.rosetta.ide	9.36.2		45929d8fe83c13f61c3c2abda72f2b59de3e65b4
com.regnosys.rosetta	com.regnosys.rosetta.ide	9.36.3		9c50b6f3d88a08d14d38c32ca032c6ed20a76d1c
com.regnosys.rosetta	com.regnosys.rosetta.ide	9.36.4		89bc8ac2b7d7cf5bda995607659bfb193ef84323
com.regnosys.rosetta	com.regnosys.rosetta.ide	9.36.5		074c10bc3e796b66b4ff09fa31495bd44ddbf267
com.regnosys.rosetta	com.regnosys.rosetta.ide	9.36.6		5f238a54b3b1f408b3434c905f15fccf078d68d1
com.regnosys.rosetta	com.regnosys.rosetta.ide	9.37.0		a91470b16436a9c9b8488254e4241bf1e607c595
com.regnosys.rosetta	com.regnosys.rosetta.ide	9.38.0		71af586255df6440b999fa09b91ec97f05a173c5
com.regnosys.rosetta	com.regnosys.rosetta.ide	9.38.1		2f08eb8d9ec38b3cd965ee81f93c5394d2c1e3cf
com.regnosys.rosetta	com.regnosys.rosetta.ide	9.39.0		ab027594a69b0b9f2a719410108720a1dbdc9f19
com.regnosys.rosetta	com.regnosys.rosetta.ide	9.4.0		b2ef861fee859e645fa474b138eaf50572e4c9e0
com.regnosys.rosetta	com.regnosys.rosetta.ide	9.4.1		eb1973b38bd9fd506e94b34755bb05c2fe6edcf3
com.regnosys.rosetta	com.regnosys.rosetta.ide	9.40.0		8e60a8ba823ef834d174664833573917d79d9323
com.regnosys.rosetta	com.regnosys.rosetta.ide	9.40.1		4347cda156991bdb27bff79a9bb0ab5ffc668828
com.regnosys.rosetta	com.regnosys.rosetta.ide	9.41.0		3c1342ed47e88208c9e362585aae4d9086bac475
com.regnosys.rosetta	com.regnosys.rosetta.ide	9.41.1		33daaedcf943b9d400f2cd3fa8eb6f154c421d4b
com.regnosys.rosetta	com.regnosys.rosetta.ide	9.42.0		ea966a5c9b5f94fa084f29e37050838f4730db3c
com.regnosys.rosetta	com.regnosys.rosetta.ide	9.43.0		fc514bd408de2d47ccf8c6288ff1f31c2b80a01f
com.regnosys.rosetta	com.regnosys.rosetta.ide	9.44.0		aadf1da3137a68bf3e76cdbba20ee8e3f61c14e9
com.regnosys.rosetta	com.regnosys.rosetta.ide	9.44.1		b3c37891e94c66ef7777115e1245ea785074bd63
com.regnosys.rosetta	com.regnosys.rosetta.ide	9.45.0		3a51aa94c55b6abaad8cb22a0591f9b4a316046c
com.regnosys.rosetta	com.regnosys.rosetta.ide	9.45.1		9de437a9a5ab0a80c2d6700d8107cfb800e90798
com.regnosys.rosetta	com.regnosys.rosetta.ide	9.45.2		99011a70e900d444be4170b1ebb3ab217d23965c
com.regnosys.rosetta	com.regnosys.rosetta.ide	9.45.3		b2d810a56422e6632e78e98dcb57df29288f8da1
com.regnosys.rosetta	com.regnosys.rosetta.ide	9.45.4		8cb52273abae539b9d8a1a2ba2504d5a111681be
com.regnosys.rosetta	com.regnosys.rosetta.ide	9.46.0		15125c36cd41765c2f7e60cf8bff248769b94573
com.regnosys.rosetta	com.regnosys.rosetta.ide	9.47.0		2d5978549592385ca7b01fb78851be5479aa4baa
com.regnosys.rosetta	com.regnosys.rosetta.ide	9.48.0		d5155565b0e528fc2f2ac90b906e761cd6113be9
com.regnosys.rosetta	com.regnosys.rosetta.ide	9.48.1		51c790bfee2495f26bb024d607aebf1d6ae4baae
com.regnosys.rosetta	com.regnosys.rosetta.ide	9.49.0		13dc94f7c3356f42d232d7b62794f8351c3644aa
com.regnosys.rosetta	com.regnosys.rosetta.ide	9.49.1		b5c95ee3a135ae36474916729b1ecb9089d40e5c
com.regnosys.rosetta	com.regnosys.rosetta.ide	9.5.0		9f84ec278e7688a03178a3182b9207a4a1e17f0f
com.regnosys.rosetta	com.regnosys.rosetta.ide	9.50.0		eb473e47e382609a7f6bd096dbbd2d8c33891d44
com.regnosys.rosetta	com.regnosys.rosetta.ide	9.50.1		2b8c28d5839b5091923d9400d59f447ff94a2dad
com.regnosys.rosetta	com.regnosys.rosetta.ide	9.51.0		dba15d50e6921b41f0429cd407cb498aef62292e
com.regnosys.rosetta	com.regnosys.rosetta.ide	9.52.0		3f0af87d2a5a459bef27fa24f02284f7460e5fcc
com.regnosys.rosetta	com.regnosys.rosetta.ide	9.6.0		717e7564d83a9083b75e9f15d5afec21dfa4dde8
com.regnosys.rosetta	com.regnosys.rosetta.ide	9.6.1		cb485f8b0f1dec7a202fec742c3260927a46d56b
com.regnosys.rosetta	com.regnosys.rosetta.ide	9.7.0		dcfae39a6090955ac4d5680901a8bee4af733145
com.regnosys.rosetta	com.regnosys.rosetta.ide	9.8.0		fa59f766d8f2ff9938398780ad74d3ab51673ec3
com.regnosys.rosetta	com.regnosys.rosetta.ide	9.8.5		63444d79ab46355d6568107f380eaa4621e70d58
com.regnosys.rosetta	com.regnosys.rosetta.ide	9.8.6		8a40e5ab619249cccf53a611cad9f17b37b70e3c
com.regnosys.rosetta	com.regnosys.rosetta.ide	9.9.0		335890ae3317b643b72e2b800c944c4c427b8a39
com.snowplowanalytics	scala-weather_2.11	0.3.0		4d7908ded4d83d1dbc6904a2075b6cd68bc375a6
com.snowplowanalytics	scala-weather_2.11	0.3.0-M2		8c26114d8265af12d9a8668dc2e8639cc5190a96
com.snowplowanalytics	scala-weather_2.11	0.3.0-M3		82d782e74d47b5fd99bac8d1d322459248b3754e
com.snowplowanalytics	scala-weather_2.11	0.4.0		190052284a7f82801478269f3d69a5c2fea28c7e
com.snowplowanalytics	scala-weather_2.11	0.4.0-M1		cf52ffe0741792832d3a99e6b9d27790dc9a35ec
com.softwaremill.sttp.apispec	jsonschema-circe_sjs1_2.12	0.10.0		9fce23a9586cba9bc2ae59d7a88f932282e299ba
com.softwaremill.sttp.apispec	jsonschema-circe_sjs1_2.12	0.11.0		26fb0904b7d5e752aac3b207778e751e4c91115f
com.softwaremill.sttp.apispec	jsonschema-circe_sjs1_2.12	0.11.1		e6ec731b479e85e1f441b86fe78cc35b7221fbf0
com.softwaremill.sttp.apispec	jsonschema-circe_sjs1_2.12	0.11.2		4e9af4ece4c991ee2fa0507055b5e58fb60bb0f6
com.softwaremill.sttp.apispec	jsonschema-circe_sjs1_2.12	0.11.3		3d06d10fc4de30c8fac831e2748e0149082e955b
com.softwaremill.sttp.apispec	jsonschema-circe_sjs1_2.12	0.11.4		e08048a056cfb13136d68d7e0b399b3750b260c0
com.softwaremill.sttp.apispec	jsonschema-circe_sjs1_2.12	0.11.5		c17bb5993ca8ab62e6b8dc0dc087d3910843f062
com.softwaremill.sttp.apispec	jsonschema-circe_sjs1_2.12	0.11.6		077e03b7cc55f259d09732832e96feda47b57d99
com.softwaremill.sttp.apispec	jsonschema-circe_sjs1_2.12	0.11.7		4342f23c5fb4223a2f04daabb4507338a57cd558
com.softwaremill.sttp.apispec	jsonschema-circe_sjs1_2.12	0.11.8		3181ac104f8168a9100044a11105b579808f203f
com.softwaremill.sttp.apispec	jsonschema-circe_sjs1_2.12	0.11.9		f44b709fdf85c8a86010c645018960f098c00c23
com.softwaremill.sttp.apispec	jsonschema-circe_sjs1_2.12	0.3.0		d1e0491ae12d77e3f710713232d06a84c78e015b
com.softwaremill.sttp.apispec	jsonschema-circe_sjs1_2.12	0.3.1		a6853a945f218edc9968487b700b677087e66f5d
com.softwaremill.sttp.apispec	jsonschema-circe_sjs1_2.12	0.3.2		1f1fae79fc2eab5d9c6c3491e8adfae7ddd5b5ea
com.softwaremill.sttp.apispec	jsonschema-circe_sjs1_2.12	0.4.0		cc7f8cb00647d6cc1100dfd464810df5d558d918
com.softwaremill.sttp.apispec	jsonschema-circe_sjs1_2.12	0.5.0		5c04fce336c536396ed3c38411a1f4c40e475745
com.softwaremill.sttp.apispec	jsonschema-circe_sjs1_2.12	0.5.1		7bd055108772330d94dc51dd22075eb021b5890c
com.softwaremill.sttp.apispec	jsonschema-circe_sjs1_2.12	0.5.2		1f2b396c8403056e60f7b64d4e282875c1766445
com.softwaremill.sttp.apispec	jsonschema-circe_sjs1_2.12	0.5.3		affbe6f5a9347f119f48c91d3ad150d6b6ed86fb
com.softwaremill.sttp.apispec	jsonschema-circe_sjs1_2.12	0.6.0		dd72caba698856f4c231a6627468b9d0405e479c
com.softwaremill.sttp.apispec	jsonschema-circe_sjs1_2.12	0.6.1		040e0230d1e2b5186be5ca06f05605258c2b61fb
com.softwaremill.sttp.apispec	jsonschema-circe_sjs1_2.12	0.6.2		a36b431e3a3414924a6aae546466c61ce770430e
com.softwaremill.sttp.apispec	jsonschema-circe_sjs1_2.12	0.6.3		256627095f6149b1ea8e7f233f007fe622ead3a5
com.softwaremill.sttp.apispec	jsonschema-circe_sjs1_2.12	0.7.0		79fd94aa7210792051ed179425c3be702d7fd1b7
com.softwaremill.sttp.apispec	jsonschema-circe_sjs1_2.12	0.7.1		6ac7f2850f89bc92b5546046a9ff5096fd05bed6
com.softwaremill.sttp.apispec	jsonschema-circe_sjs1_2.12	0.7.2		fd5a65bc3119ec3df21dd4ed4aa4bd0eb8fbdc38
com.softwaremill.sttp.apispec	jsonschema-circe_sjs1_2.12	0.7.3		a5015c020d8b637b2615e9c9781259df06f31be6
com.softwaremill.sttp.apispec	jsonschema-circe_sjs1_2.12	0.7.4		082b2550ee93886054f8ad8b492305e41340e299
com.softwaremill.sttp.apispec	jsonschema-circe_sjs1_2.12	0.8.0		6814de64f3154a9aefae8cea4475bb916e07f634
com.softwaremill.sttp.apispec	jsonschema-circe_sjs1_2.12	0.9.0		a1839c9b95711b5953b98694dc4dfac18d49b9cf
com.softwaremill.sttp.tapir	tapir-tests_native0.4_2.13	1.1.4		80dc2a59f6186a52b1803000e6f6a34482082a57
com.softwaremill.sttp.tapir	tapir-tests_native0.4_2.13	1.2.0		8232860fd5a676054af0418f54904015c6da4b10
com.softwaremill.sttp.tapir	tapir-tests_native0.4_2.13	1.2.1		d94a0073b630c78577cae3d2f467fbcc4bb0cc50
com.softwaremill.sttp.tapir	tapir-tests_native0.4_2.13	1.2.10		a59f34bad4479cdca862749583d478e1f2062084
com.softwaremill.sttp.tapir	tapir-tests_native0.4_2.13	1.2.11		dbb1bb81be652035062948f3ccc75369e98885c6
com.softwaremill.sttp.tapir	tapir-tests_native0.4_2.13	1.2.12		3544806a1b185b742ef7ced78c585d23842b8d21
com.softwaremill.sttp.tapir	tapir-tests_native0.4_2.13	1.2.13		8e1b7dc9fb19b1884898d9ce937e7c9b8c4df8b9
com.softwaremill.sttp.tapir	tapir-tests_native0.4_2.13	1.2.2		aaf9541a9a0a230c53cce20aa903d5d757a36b46
com.softwaremill.sttp.tapir	tapir-tests_native0.4_2.13	1.2.3		b38970f24252faad28d88ee7aa62a04ee0591564
com.softwaremill.sttp.tapir	tapir-tests_native0.4_2.13	1.2.4		0058e8e83b52365b6cd915f8c2c3398b2d2afccc
com.softwaremill.sttp.tapir	tapir-tests_native0.4_2.13	1.2.5		c4e03df3dce7d07e990f866977f7b0b4485f5339
com.softwaremill.sttp.tapir	tapir-tests_native0.4_2.13	1.2.6		4b77a58a9f1044e8ebbde9a113d9b786134f1690
com.softwaremill.sttp.tapir	tapir-tests_native0.4_2.13	1.2.7		1dddd902bce40d62155b9e698070d879d79ab4fc
com.softwaremill.sttp.tapir	tapir-tests_native0.4_2.13	1.2.8		2b576630cab2740d230bf2d721312ec7ab1cbc80
com.softwaremill.sttp.tapir	tapir-tests_native0.4_2.13	1.2.9		95a830e56b501629d2a1ab4fc8b34e7c370a0b9b
com.softwaremill.sttp.tapir	tapir-tests_native0.4_2.13	1.3.0		42084f58a967c05a26bab8fa98934393dfa65f75
com.softwaremill.sttp.tapir	tapir-tests_native0.4_2.13	1.4.0		8d2a992af9979f4d6945502d7769d2b82d2b491b
com.softwaremill.sttp.tapir	tapir-tests_native0.4_2.13	1.5.0		b73a241488d56dd4a8bfa822d8803eb6ec0efe72
com.softwaremill.sttp.tapir	tapir-tests_native0.4_2.13	1.5.1		7cdafaac56656911395fd909dc92efab36902e8a
com.soywiz.korlibs.korvi	korvi-iosarm64	2.0.7		f0e2b66bc1ac78a4d5a27e5f89c2d1fc387d116c
com.soywiz.korlibs.korvi	korvi-iosarm64	2.1.1		c6e6d4459c10104cd85a3c403baa2701cc833cc7
com.soywiz.korlibs.korvi	korvi-iosarm64	2.3.0		N/A
com.soywiz.korlibs.korvi	korvi-iosarm64	2.3.0	metadata	9e58cceb5f5076a709e8e94fceaea9bad47df558
com.soywiz.korlibs.korvi	korvi-iosarm64	2.3.0-M1		N/A
com.soywiz.korlibs.korvi	korvi-iosarm64	2.3.0-M1	metadata	2e0c01c3c3d565bbdbe1261be71878c0e4907b73
com.soywiz.korlibs.korvi	korvi-iosarm64	2.3.0-M2		N/A
com.soywiz.korlibs.korvi	korvi-iosarm64	2.3.0-M2	metadata	3b10d7217288ad099b4218afad3eb07466cb7131
com.soywiz.korlibs.korvi	korvi-iosarm64	2.3.0-M3		N/A
com.soywiz.korlibs.korvi	korvi-iosarm64	2.3.0-M3	metadata	af1f4a19bdd07f5cc0d5e4330d656b8c4e6a1285
com.soywiz.korlibs.korvi	korvi-iosarm64	2.3.0-M4		N/A
com.soywiz.korlibs.korvi	korvi-iosarm64	2.3.0-M4	metadata	088a7e5e64ae19aa3b21f4e65de16835a30b5120
com.soywiz.korlibs.korvi	korvi-iosarm64	2.3.0-M5		N/A
com.soywiz.korlibs.korvi	korvi-iosarm64	2.3.0-M5	metadata	4276eeec3990ee4063cf2858f92855cd386f9e3d
com.soywiz.korlibs.korvi	korvi-iosarm64	2.3.1		N/A
com.soywiz.korlibs.korvi	korvi-iosarm64	2.3.1	metadata	f4a75c70e10fdf83bb917bbf844530b16a6999c3
com.soywiz.korlibs.korvi	korvi-iosarm64	2.3.2		N/A
com.soywiz.korlibs.korvi	korvi-iosarm64	2.3.2	metadata	a2938bb2b63355afa2f06a887f5ef217320f7835
com.soywiz.korlibs.korvi	korvi-iosarm64	2.3.3		N/A
com.soywiz.korlibs.korvi	korvi-iosarm64	2.3.3	metadata	9f4836e5b2545007003d58f36b14fd441f5c27b5
com.soywiz.korlibs.korvi	korvi-iosarm64	2.3.4		N/A
com.soywiz.korlibs.korvi	korvi-iosarm64	2.3.4	metadata	0733d7865ff5ce7ee6baf0494d0a6b79ebc732df
com.soywiz.korlibs.korvi	korvi-iosarm64	2.4.0		N/A
com.soywiz.korlibs.korvi	korvi-iosarm64	2.4.0	metadata	2fb7eea25844721596e5649ffaa44d47983fd7e9
com.soywiz.korlibs.korvi	korvi-iosarm64	2.4.1		N/A
com.soywiz.korlibs.korvi	korvi-iosarm64	2.4.1	metadata	464371720c8afc0599b92c9c84193fab8caae664
com.soywiz.korlibs.korvi	korvi-iosarm64	2.4.10		N/A
com.soywiz.korlibs.korvi	korvi-iosarm64	2.4.10	metadata	3c03a4aeb347abbd3c9dbd56f11e1867ca7afdb1
com.soywiz.korlibs.korvi	korvi-iosarm64	2.4.11		N/A
com.soywiz.korlibs.korvi	korvi-iosarm64	2.4.11	metadata	cf8d8089fc6932656c131bfd7d871d602d997140
com.soywiz.korlibs.korvi	korvi-iosarm64	2.4.2		N/A
com.soywiz.korlibs.korvi	korvi-iosarm64	2.4.2	metadata	e1aa78971d8d142499b0835637d23dc45c96e30c
com.soywiz.korlibs.korvi	korvi-iosarm64	2.4.3		N/A
com.soywiz.korlibs.korvi	korvi-iosarm64	2.4.3	metadata	835dd70c9640bce6fb883662812b9bd677056498
com.soywiz.korlibs.korvi	korvi-iosarm64	2.4.4		N/A
com.soywiz.korlibs.korvi	korvi-iosarm64	2.4.4	metadata	f0acde53e7aae5913f6497a7b42cd2a6570dcea8
com.soywiz.korlibs.korvi	korvi-iosarm64	2.4.5		N/A
com.soywiz.korlibs.korvi	korvi-iosarm64	2.4.5	metadata	a31a760f41ba817271fddbdb5d4b7c75bbdf7b0a
com.soywiz.korlibs.korvi	korvi-iosarm64	2.4.6		N/A
com.soywiz.korlibs.korvi	korvi-iosarm64	2.4.6	metadata	da57816f5abede755d9ff7513e84b6072d44a376
com.soywiz.korlibs.korvi	korvi-iosarm64	2.4.7		N/A
com.soywiz.korlibs.korvi	korvi-iosarm64	2.4.7	metadata	a68c60b2f77c40030c0d7423bafdae822c1d3bac
com.soywiz.korlibs.korvi	korvi-iosarm64	2.4.8		N/A
com.soywiz.korlibs.korvi	korvi-iosarm64	2.4.8	metadata	60294cdb518314814c2d07fa1b5523051a22d2f8
com.soywiz.korlibs.korvi	korvi-iosarm64	2.4.9		N/A
com.soywiz.korlibs.korvi	korvi-iosarm64	2.4.9	metadata	7ca26f1786d56bd6bcc0fa51948f28eb76fffb13
com.soywiz.korlibs.korvi	korvi-iosarm64	2.5.0		N/A
com.soywiz.korlibs.korvi	korvi-iosarm64	2.5.0	metadata	023c8be4f091ee95d62e25c807c1bb69803c6211
com.soywiz.korlibs.korvi	korvi-iosarm64	2.5.1		N/A
com.soywiz.korlibs.korvi	korvi-iosarm64	2.5.1	metadata	1b7f99539ce2556fa7c63e2184a87f14c4f98640
com.soywiz.korlibs.korvi	korvi-iosarm64	2.5.2		N/A
com.soywiz.korlibs.korvi	korvi-iosarm64	2.5.2	metadata	2045e940f07cd58a878eb88ce2b206907a82f7ac
com.soywiz.korlibs.korvi	korvi-iosarm64	2.5.3		N/A
com.soywiz.korlibs.korvi	korvi-iosarm64	2.5.3	metadata	cf3033fe3daa70b33bd990cf9f2572025eda17f6
com.soywiz.korlibs.korvi	korvi-iosarm64	2.6.0		N/A
com.soywiz.korlibs.korvi	korvi-iosarm64	2.6.0	metadata	86e9bf4f1a849a8fd8edb218c7cb323aa1fbd20e
com.soywiz.korlibs.korvi	korvi-iosarm64	2.6.1		N/A
com.soywiz.korlibs.korvi	korvi-iosarm64	2.6.1	metadata	f19e7a3ea09bff5494b0cbd30a15cf3e9c4838ce
com.soywiz.korlibs.korvi	korvi-iosarm64	2.6.2		N/A
com.soywiz.korlibs.korvi	korvi-iosarm64	2.6.2	metadata	a5d54ca26e5e110b410ae60b0586128fe66b4317
com.soywiz.korlibs.korvi	korvi-iosarm64	2.6.3		N/A
com.soywiz.korlibs.korvi	korvi-iosarm64	2.6.3	metadata	a668cd173f544585cf84ec3d89275edf78bc47d7
com.soywiz.korlibs.korvi	korvi-iosarm64	2.7.0		N/A
com.soywiz.korlibs.korvi	korvi-iosarm64	2.7.0	metadata	3055d5ffe962e2ea78983146ca280901ce1deacc
com.soywiz.korlibs.korvi	korvi-iosarm64	3.0.0		N/A
com.soywiz.korlibs.korvi	korvi-iosarm64	3.0.0	metadata	74518b38f6f86c77b10eeba3762bf9c5b266827e
com.soywiz.korlibs.korvi	korvi-iosarm64	3.0.0-Beta		N/A
com.soywiz.korlibs.korvi	korvi-iosarm64	3.0.0-Beta	metadata	dcaa01008e29b7cfae6ac2e3a3d8c41b51eef205
com.soywiz.korlibs.korvi	korvi-iosarm64	3.0.0-Beta2		N/A
com.soywiz.korlibs.korvi	korvi-iosarm64	3.0.0-Beta2	metadata	053d58b451078d35670e542cb9c0a521f1d48177
com.soywiz.korlibs.korvi	korvi-iosarm64	3.0.0-Beta3		N/A
com.soywiz.korlibs.korvi	korvi-iosarm64	3.0.0-Beta3	metadata	2eca14a3015880b80fd5a2b9d63f3b2317874cc3
com.soywiz.korlibs.korvi	korvi-iosarm64	3.0.0-Beta4		N/A
com.soywiz.korlibs.korvi	korvi-iosarm64	3.0.0-Beta4	metadata	d1588bca72cbceba5a8567b8f97caa3a8f31b941
com.soywiz.korlibs.korvi	korvi-iosarm64	3.0.0-Beta5		N/A
com.soywiz.korlibs.korvi	korvi-iosarm64	3.0.0-Beta5	metadata	c5faba50407c64ff17e9006f68a92827a5f0ec1e
com.soywiz.korlibs.korvi	korvi-iosarm64	3.0.0-Beta6		N/A
com.soywiz.korlibs.korvi	korvi-iosarm64	3.0.0-Beta6	metadata	42b06c41a0b2142a5f2a8924981b64944c9422a3
com.soywiz.korlibs.korvi	korvi-iosarm64	3.0.0-Beta7		N/A
com.soywiz.korlibs.korvi	korvi-iosarm64	3.0.0-Beta7	metadata	fa6a02d5adc474fc5c3fbfae2831997ad7c1ae61
com.soywiz.korlibs.korvi	korvi-iosarm64	3.0.1		N/A
com.soywiz.korlibs.korvi	korvi-iosarm64	3.0.1	metadata	fd96d3cc7d2b8643b16cf4b96b8815202dfb651c
com.soywiz.korlibs.korvi	korvi-iosarm64	3.1.0		N/A
com.soywiz.korlibs.korvi	korvi-iosarm64	3.1.0	metadata	6e65911d964e5829a8be83148e2925c8b5038967
com.soywiz.korlibs.korvi	korvi-iosarm64	3.2.0		N/A
com.soywiz.korlibs.korvi	korvi-iosarm64	3.2.0	metadata	6403e8424542bb74d5895460bae8d2cdd619c229
com.soywiz.korlibs.korvi	korvi-iosarm64	3.3.0		N/A
com.soywiz.korlibs.korvi	korvi-iosarm64	3.3.0	metadata	33cbcd970a7deee6ccfc8f41ff04b52c893f0ca5
com.soywiz.korlibs.korvi	korvi-iosarm64	3.3.1		N/A
com.soywiz.korlibs.korvi	korvi-iosarm64	3.3.1	metadata	ee12d1debabc169e20cc277761d4e4ad06f30bca
com.soywiz.korlibs.korvi	korvi-iosarm64	3.4.0		N/A
com.soywiz.korlibs.korvi	korvi-iosarm64	3.4.0	metadata	f3f86cf3ce9609cb43236225c2f8ebd9f21920a4
com.soywiz.korlibs.korvi	korvi-iosarm64	4.0.0-alpha-1		N/A
com.soywiz.korlibs.korvi	korvi-iosarm64	4.0.0-alpha-1	metadata	e5db8de3397a8f41328c0370b689bb5f40a1db19
com.soywiz.korlibs.korvi	korvi-iosarm64	4.0.0-alpha-2		N/A
com.soywiz.korlibs.korvi	korvi-iosarm64	4.0.0-alpha-2	metadata	61b9b334662769cca55d2d9a378a777bce5b0301
com.splendo.kaluga	keyboard-android	1.5.0		N/A
com.splendo.kaluga	keyboard-android	1.5.1		N/A
com.squareup.misk	misk-grpc-reflect	0.18.0		4a2483f309c3fcbcec677fa1f980aed040f146a4
com.squareup.misk	misk-grpc-reflect	0.19.0		bee3cd824dbd9b4c139b82e147fe2994a5e94e20
com.squareup.misk	misk-grpc-reflect	0.20.0		1e3aae7f6064e3db901aa42d09565c9bf076c765
com.squareup.misk	misk-grpc-reflect	0.22.0		c8e76330123a3f7a91569480d092030637922a0e
com.squareup.misk	misk-grpc-reflect	0.23.0		a0504d56b06a38f71e1718c47d20a5b2d9eb431c
com.squareup.misk	misk-grpc-reflect	0.23.0-20211108.2134-3a0d6d3		e13847371ef0156024812345e89028a7e5cdcb0e
com.squareup.misk	misk-grpc-reflect	0.24.0		8e6c7b4f09ac8620e62d3be728727fdc50da4618
com.squareup.misk	misk-grpc-reflect	0.25.0-20220427.1904-7803f66		ee7a99a361f7cdccd6a95b57c164bbca7de69d18
com.squareup.misk	misk-grpc-reflect	0.25.0-20220606.1435-15bc758		0f492ee0e97f7a351a25a9279871123d38c81b23
com.squareup.misk	misk-grpc-reflect	0.25.0-20220924.1114-0c6f2d7		f2465a1af6861036ec236ff19c2927355ca00bbe
com.squareup.misk	misk-grpc-reflect	0.25.0-20221003.1912-191b222		efde9bc60c4cc90239fd0e6808fc407a270dd03c
com.squareup.misk	misk-grpc-reflect	0.25.0-20221110.1930-857c333		4757644c537a27cb0a5f92a583c5e39c14bb7e34
com.squareup.misk	misk-grpc-reflect	0.25.0-20221111.1448-9decb66		86c85f8db0525653ead12fda2183b83ec0b09400
com.squareup.misk	misk-grpc-reflect	0.25.0-20221111.2009-4017c52		56286875e3d0c915479a1323a7039e7599b66643
com.squareup.misk	misk-grpc-reflect	0.25.0-20221209.0052-70e8a94		8b5791038b32d2e3f5b051849971153a8c4078bd
com.squareup.misk	misk-grpc-reflect	0.25.0-20221221.2032-db1ce9a		912d63b2842bc9905021db51173dfd03f2335d18
com.squareup.misk	misk-grpc-reflect	0.25.0-20230224.1508-83405f6		4e369e1291a1bd948a9940b121da4a4045801761
com.squareup.misk	misk-grpc-reflect	0.25.0-20230315.1722-95a0d22		639367f85722f73709ad709ad7bf8e55d28061e9
com.squareup.misk	misk-grpc-reflect	0.25.0-20230329.1301-8aecd54		3165a5c9f4420aad8585dde861ce63d562a3baac
com.squareup.misk	misk-grpc-reflect	0.25.0-20230405.1913-51e097f		1eef4865c332d9be9ad97664f60e328e9c5c196c
com.squareup.misk	misk-grpc-reflect	0.25.0-20230526.1847-c1fcb3a		e96dac47855b178fb19d18f2efc99e0e6a240a0c
com.squareup.misk	misk-grpc-reflect	2023.05.26.210655-2ee8422		dc0062fa580ea882ba84c3d35acd31790d4f2b91
com.squareup.misk	misk-grpc-reflect	2023.05.31.133205-df59fc8		ee93f92bb920af6de94dff3cec9bbef64361205c
com.squareup.misk	misk-grpc-reflect	2023.05.31.162625-69c6f8d		4150ce255f72d555a1b4119941e786e7dbacd556
com.squareup.misk	misk-grpc-reflect	2023.06.01.000410-465569e		00c7caebc524a2daa03a32b060eecff90469ec5c
com.squareup.misk	misk-grpc-reflect	2023.06.01.145904-2420e65		fecd1696f1826e6fc67b4a6cc714927d87301b7c
com.squareup.misk	misk-grpc-reflect	2023.06.02.140735-df720d1		2b263d946b6c83eb279421e0cb2fc32a4987e124
com.squareup.misk	misk-grpc-reflect	2023.06.02.184728-e1cc703		aa90c49a67d4888efbbf4433d72926ed87aa401b
com.squareup.misk	misk-grpc-reflect	2023.06.02.193000-a2ad312		886b467b395399c60d4cbe9ab64c05fa4fc02140
com.squareup.misk	misk-grpc-reflect	2023.06.06.094222-d9fda88		f46d6dd5b2f244a84950e92714b728dec88788a9
com.squareup.misk	misk-grpc-reflect	2023.06.06.150317-f012fa0		fc31c1fee2fe2278315eaa62c6c74b4b56d9a779
com.squareup.misk	misk-grpc-reflect	2023.06.06.153128-525a52a		9dccc85526f67bdf07aab926c92d9456098b4e74
com.squareup.misk	misk-grpc-reflect	2023.06.06.194510-33176cc		9aa9e11675199c5f2f446060cc4777629f440ff5
com.squareup.misk	misk-grpc-reflect	2023.06.07.184842-444f476		38e7705606786935e8b2464d37303dbbad9f5134
com.squareup.misk	misk-grpc-reflect	2023.06.14.122512-8ba1f0c		15a87ecf9fb632f3e8469736a98143a9686f7787
com.squareup.misk	misk-grpc-reflect	2023.06.14.231957-3d4831f		ef00139e7a0f9428e1124f80f605cee85f60ef68
com.squareup.misk	misk-grpc-reflect	2023.06.15.142930-6ebbdfc		4c2dcc62561fa480717b3b08ef5f8ea42da19ccd
com.squareup.misk	misk-grpc-reflect	2023.06.15.151956-0d0f8bc		110011fcb0918256a47d97299c1dce5685b96893
com.squareup.misk	misk-grpc-reflect	2023.06.16.113701-e039a80		aebfff4bcf26d2386014b1ec0ad428d6c5673597
com.squareup.misk	misk-grpc-reflect	2023.06.20.142336-d878082		b72909525154a763196c09ecdbf64964daf7d1ba
com.squareup.misk	misk-grpc-reflect	2023.06.20.164634-295d255		9701ba978b5f9568efb76ff7bdcbe5ad224191b5
com.squareup.misk	misk-grpc-reflect	2023.06.21.122836-433b0d8		a354388ec399740434c6f266720c24c4e225f6d9
com.squareup.misk	misk-grpc-reflect	2023.06.26.172915-48ba6c8		ef90f3f44e5075452247038d051ab8f76e87f5ec
com.squareup.misk	misk-grpc-reflect	2023.06.27.032205-aff9c90		e9fe182e640c2c7966d84946c2ccd28a4a077212
com.squareup.misk	misk-grpc-reflect	2023.06.27.041848-014ee56		58ea78371a358fc0b817f12a3409bd846e288fde
com.squareup.misk	misk-grpc-reflect	2023.06.27.053809-6e56514		dab74c37bbd18c32fcc2b9a2e55a3a83c397d991
com.squareup.misk	misk-grpc-reflect	2023.06.27.142210-5eaa045		6341d41b6163e71663d906b847cecc365b11944f
com.squareup.misk	misk-grpc-reflect	2023.06.28.095952-f0d9787		5352b3e344acc56cdba3db214d8e6941aa9085eb
com.squareup.misk	misk-grpc-reflect	2023.06.29.131041-3c88c18		9363ba38d78ae793f50f5bfc80f41974e952583f
com.squareup.misk	misk-grpc-reflect	2023.06.29.133116-543795c		34e4ca2c2f7a097d831a276f290319e924ccf947
com.squareup.misk	misk-grpc-reflect	2023.06.30.133243-003ed88		b5ff2a359597517c3e1a61b52ef67c3b769d4d7a
com.squareup.misk	misk-grpc-reflect	2023.06.30.165419-110bee7		8de5ae027a6f62035c5f91c3e1585c704e77ab59
com.squareup.misk	misk-grpc-reflect	2023.07.04.190512-3e33386		ace35efa23db062eb514939b0e2474e801286481
com.squareup.misk	misk-grpc-reflect	2023.07.05.171842-fac97c0		d193ad3fe845ef29438cd8c159e9bf1dd8216103
com.squareup.misk	misk-grpc-reflect	2023.07.05.211721-b874ffa		bc37750b79e74170dfb0a7ccc4fec4ed7d015ef3
com.squareup.misk	misk-grpc-reflect	2023.07.05.215018-4e2360b		d853c83a8947ea3fa9af9551e7cf4e8553e531c6
com.squareup.misk	misk-grpc-reflect	2023.07.05.225707-87b4960		9d2e6a527a2c624539efe16b202285c668a4e6ef
com.squareup.misk	misk-grpc-reflect	2023.07.06.051436-6eeab61		a2dc0139c1d4236b21df87b8128adac306bc3e26
com.squareup.misk	misk-grpc-reflect	2023.07.06.153924-78d18d1		c6dbbcb13a8507cb9577b3c7e7b1894a6ffdaf39
com.squareup.misk	misk-grpc-reflect	2023.07.07.124630-28cd9c9		ee106f629d547fdc3a7295baf26987679be6c107
com.squareup.misk	misk-grpc-reflect	2023.07.12.011752-c997e2d		7810405ee1a65063de79d4e8f7390cfc5bdf971c
com.squareup.misk	misk-grpc-reflect	2023.07.13.134707-5329c99		79134fa41ba1d09855d3aa6b2c2c359c35fca501
com.squareup.misk	misk-grpc-reflect	2023.07.14.104527-e0187bf		68b222d6edc9e8924353514f13b96b495669bf21
com.squareup.misk	misk-grpc-reflect	2023.07.18.085941-5fab130		14346ee166e4415c5bacf3b22c36cd6b32152ad4
com.squareup.misk	misk-grpc-reflect	2023.07.18.124231-3284b61		40372412b5c9c2b26a843af000633d3a2fbf0ddb
com.squareup.misk	misk-grpc-reflect	2023.07.18.220156-bb6e8e9		380522e48ea55de22c56b389fb203f1107109c0d
com.squareup.misk	misk-grpc-reflect	2023.07.19.091028-c15dedd		b921a1c4fc6f3ea85aeef17aacfbea64fcb77599
com.squareup.misk	misk-grpc-reflect	2023.07.19.143108-df771ab		93d9c2e416f1c27981bdc9d85509e189801e4a1b
com.squareup.misk	misk-grpc-reflect	2023.07.19.145129-240fbc0		708ba47086f10ddc9ab2e8d27e04ab010adacadb
com.squareup.misk	misk-grpc-reflect	2023.07.19.190828-a867061		e01942cd6ff353924b1edf4fb0b8c1287168fb40
com.squareup.misk	misk-grpc-reflect	2023.07.19.195103-5e91970		8ddde143472b2b8b13ab3197508124dab6cd9cf9
com.squareup.misk	misk-grpc-reflect	2023.07.19.220331-6638ab6		a9f130aeaab6e9f872e66473c423b9e7430833c0
com.squareup.misk	misk-grpc-reflect	2023.07.20.003232-185efd4		57c6374e6a6b275960e929213971bd19502f9255
com.squareup.misk	misk-grpc-reflect	2023.07.21.094321-78a95ce		c9fa591deee9153ed5f45cc6eadbda07400a7b3c
com.squareup.misk	misk-grpc-reflect	2023.07.25.135359-cded0f8		37fa30b7ea494e7b63203ab8eb434628768da1b7
com.squareup.misk	misk-grpc-reflect	2023.07.30.101431-8e99af6		9fe72f45af9e85cbeba6106afe32f286da087535
com.squareup.misk	misk-grpc-reflect	2023.08.02.101142-72ccd12		2037be40181b04a9864a1bd7365fee03607fe6ca
com.squareup.misk	misk-grpc-reflect	2023.08.03.001427-0cff962		c6966b55f9a28286ac986214f6ad4cfc496c8b06
com.squareup.misk	misk-grpc-reflect	2023.08.03.152156-330dca9		556445b85765033f03aa7e6deec335eaed3f296d
com.squareup.misk	misk-grpc-reflect	2023.08.03.165333-d7c6fe0		db8267c3bc9945c5bfe548bfbfe744830db89d61
com.squareup.misk	misk-grpc-reflect	2023.08.03.181002-4cd70a1		cc440c6cd1cbd7b73069571d9126197eec115912
com.squareup.misk	misk-grpc-reflect	2023.08.03.181502-55aa8a1		bb747048de0be9323e0bb32643e0fd5d848d135d
com.squareup.misk	misk-grpc-reflect	2023.08.04.110515-91bcfe2		2abb438f99730b9353fb79b6586e3275237d1bca
com.squareup.misk	misk-grpc-reflect	2023.08.04.160441-5222de0		217a25d1c81c83ccd0a2abc3fde988a31a1db994
com.squareup.misk	misk-grpc-reflect	2023.08.08.145129-209952d		e3a10453cd39f27cbb42b0f4d3220df02f0cf6de
com.squareup.misk	misk-grpc-reflect	2023.08.09.155037-cdc6150		3c47efac702b8f4016643b1935cae870d8b95a5e
com.squareup.misk	misk-grpc-reflect	2023.08.09.200838-8d4a8af		f8971a83dca61d2341a640c314060ec83dc213bb
com.squareup.misk	misk-grpc-reflect	2023.08.11.085343-89121cf		ecb431159a5556effea0a1e2501effb9a921fcfc
com.squareup.misk	misk-grpc-reflect	2023.08.11.145524-beee4dc		31348524bfbb9c697558a47f7cd6c6ec1c930142
com.squareup.misk	misk-grpc-reflect	2023.08.14.092919-cea18b8		e2de7c0c72a57e26634a95eb46b182eefffeb91b
com.squareup.misk	misk-grpc-reflect	2023.08.14.131745-c697876		c62f1963e7712e2503adcf0022900266e809d0d9
com.squareup.misk	misk-grpc-reflect	2023.08.15.090756-9e796cd		d141c7dd4aa42d947ae776a2fcf82901ed54678d
com.squareup.misk	misk-grpc-reflect	2023.08.16.210554-1548ad6		2ed47610456afe8a58b696adf83cd74a2a73d018
com.squareup.misk	misk-grpc-reflect	2023.08.17.141900-8ed95f9		9487446574e9e969618699f157293640015d28e7
com.squareup.misk	misk-grpc-reflect	2023.08.22.110059-aa94e57		23aeb65ff1c7a3b2c572c9e6a16dfce3521d663d
com.squareup.misk	misk-grpc-reflect	2023.08.22.224336-c2573ea		55ce7acf95e679a8ad7de02c4bb729fdb104c428
com.squareup.misk	misk-grpc-reflect	2023.08.30.063227-66a93a4		e88d4d701849f756c0984c4c0457a99a890aa82a
com.squareup.misk	misk-grpc-reflect	2023.08.30.065117-700bb4c		fa3a657e3c341f1084a5dd4138c22f0272ac5cb9
com.squareup.misk	misk-grpc-reflect	2023.08.31.164816-074409c		41a17ab6d28f48b95f76f07aa8121831ec69ae24
com.squareup.misk	misk-grpc-reflect	2023.09.01.115900-b8decd1		9e1541fd58b0e26b5d5cf30010da9760151ca62f
com.squareup.misk	misk-grpc-reflect	2023.09.05.082424-c271ad0		e72adb8c4593ce0bfac41948c8ea76ecb87880e1
com.squareup.misk	misk-grpc-reflect	2023.09.05.102824-b10076c		7ef8213432bf06cb9219694828d6f2c471efe894
com.squareup.misk	misk-grpc-reflect	2023.09.05.183608-583b9e0		2292eea6716190221e676a063302733b0cf49d2e
com.squareup.misk	misk-grpc-reflect	2023.09.14.092536-70da4ad		e3bdca268fc2a1d5d4017208586022d5aad45109
com.squareup.misk	misk-grpc-reflect	2023.09.14.131150-3fb4032		9dbe04cf8036f9348c10f648cdb1b19944770578
com.squareup.misk	misk-grpc-reflect	2023.09.14.161300-cee8ea1		83ddb8c5e4a5703a10b1393eea01fb0b26172f9a
com.squareup.misk	misk-grpc-reflect	2023.09.15.170334-40bf06d		7a292a465242fd7e3a3030de0efcc85ec1417045
com.squareup.misk	misk-grpc-reflect	2023.09.15.202514-1d041cb		5f0b4f2017eca66c29bd9ff6cc7b3030c042ba3b
com.squareup.misk	misk-grpc-reflect	2023.09.18.054204-160e0a2		6e7f702140c0a77c8da9552502686dd38aac3f0d
com.squareup.misk	misk-grpc-reflect	2023.09.18.152446-39b2fec		addcd6b2a3479d8d7892badae1526baec9beb999
com.squareup.misk	misk-grpc-reflect	2023.09.20.180928-b74ca57		92e8cd86641c3279af639d858edc3090adb57957
com.squareup.misk	misk-grpc-reflect	2023.09.21.131038-b915b4b		ad79bbe36983eee6e2d44d3aa9467bc159e1b23d
com.squareup.misk	misk-grpc-reflect	2023.09.22.124447-78cd534		3c1de04b780b485cd514ca8f82e8a86f7aa77994
com.squareup.misk	misk-grpc-reflect	2023.09.25.141851-9e6d321		7434901a1ce79c41e74ab455ad9ba32b93f354fc
com.squareup.misk	misk-grpc-reflect	2023.09.25.165955-898095d		21fddcf7afca52fc3bdf332a01f6334114b77712
com.squareup.misk	misk-grpc-reflect	2023.09.26.143010-bcf8e2d		52c5ec1d9f2d51fd65d2b2fa3db1427035d26680
com.squareup.misk	misk-grpc-reflect	2023.09.26.195810-4d4bfd6		6b0b8e90c5e233d958f3054858d2a834d18eb439
com.squareup.misk	misk-grpc-reflect	2023.09.27.194750-c3aa143		5a62fb8cd7088b92f5f0235e95bff7a033c465d1
com.squareup.misk	misk-grpc-reflect	2023.10.02.170330-4694630		572ec88e68555b5d7ba97c9a6c6f1eb36204a910
com.squareup.misk	misk-grpc-reflect	2023.10.03.152525-43f8114		08dba49d44f5fbdfb15983a41fe1cb02bf4a99b6
com.squareup.misk	misk-grpc-reflect	2023.10.04.193956-378994d		5fb9de5120b6518d8e5ec4f33249de3535984e4a
com.squareup.misk	misk-grpc-reflect	2023.10.04.235320-ce2b02d		0c866a89a5da7eb7519fb648628122a8178234cb
com.squareup.misk	misk-grpc-reflect	2023.10.05.170843-197a580		971e168d31e5f83e0e7011c1f27717cbf9c19415
com.squareup.misk	misk-grpc-reflect	2023.10.05.180648-a344967		ee5a3aacc33be2f58c531b0625bad56f045063ba
com.squareup.misk	misk-grpc-reflect	2023.10.06.160258-7d03e8a		479bd63d9a10db36d666487a1679f06a932a02ae
com.squareup.misk	misk-grpc-reflect	2023.10.10.000002-b1ed23e		da6a0a13898f60622a672cdbed42aef3f1eff041
com.squareup.misk	misk-grpc-reflect	2023.10.10.175148-9973088		1f50037b61afb25fcf43d9fc41a1cd83f30d0e7b
com.squareup.misk	misk-grpc-reflect	2023.10.11.184442-8274548		dd981b269ff64ce155a441dc2b9cc65cf6b2cbc6
com.squareup.misk	misk-grpc-reflect	2023.10.11.195826-7b1e574		3087009b2a6ad1d384e031498b91ba1f363ffacc
com.squareup.misk	misk-grpc-reflect	2023.10.13.095244-6135283		1d78bb8374fa874a9dac2d8c6233cc61044c1d36
com.squareup.misk	misk-grpc-reflect	2023.10.13.102540-6c3156f		c11e2c891e77ea603b90d5726e2bb2c943864211
com.squareup.misk	misk-grpc-reflect	2023.10.13.195814-19e63fa		494a1c469025d412a8e8a9740ef5da51299bc762
com.squareup.misk	misk-grpc-reflect	2023.10.16.082946-a64f303d		930f289d3bcb5e782c9169e2664cc60e24b244d4
com.squareup.misk	misk-grpc-reflect	2023.10.17.232338-9c1976d		76608254af00dfe59f68b98dd97ccec383e1da34
com.squareup.misk	misk-grpc-reflect	2023.10.18.080259-adcfb84		871be120a57c55741dc9bb7589ea9e234b66fef3
com.squareup.misk	misk-grpc-reflect	2023.10.20.052058-cb86be8		206f532b76394d785886af2945f27a6432a40222
com.squareup.misk	misk-grpc-reflect	2023.10.20.131516-9c690c7		8b90ba156e037679ed9842f20341aa41fc82f5ab
com.squareup.misk	misk-grpc-reflect	2023.10.23.140429-96308bc		7efc4568014f2cbfde0354067cc7859231fedd6a
com.squareup.misk	misk-grpc-reflect	2023.10.24.081359-13d4586		705755d776c8f875e170fba8b45fe5462e2aadce
com.squareup.misk	misk-grpc-reflect	2023.11.07.090154-62d96e6		258842956be908d1d98b4e95dda1ee5e6ec11c64
com.squareup.misk	misk-grpc-reflect	2023.11.07.123931-11d9ee1		48e475927b05d73ddcb98578b9031d6d14afabd8
com.squareup.misk	misk-grpc-reflect	2023.11.07.125331-45dfef7		2802f957c1fc885e352fbc77ae1c6c780d879f41
com.squareup.misk	misk-grpc-reflect	2023.11.13.233857-73e045a		589ce6bc3a6b1384796ac863108b54745ba1dd37
com.squareup.misk	misk-grpc-reflect	2023.11.14.133454-b995299		4edb6f89c396604300585269416303a482022787
com.squareup.misk	misk-grpc-reflect	2023.11.15.153402-120fe03		66bfd97c2d60e87da2f03669815f198e9080a7ae
com.squareup.misk	misk-grpc-reflect	2023.11.15.160712-1a1ec9d		95d4c43bcfef1c397ab33130f1ad5fb0c9a4b9d5
com.squareup.misk	misk-grpc-reflect	2023.11.15.173519-404a092		da3148ce8cc1c0bda3a1dd7de463730912bf7b55
com.squareup.misk	misk-grpc-reflect	2023.11.15.192126-f492e43		7be8efe5f7a9f4c27a2025009f5eb1e51de9c4f4
com.squareup.misk	misk-grpc-reflect	2023.11.16.085748-7958f98		a4f5f1fcdee4b93601c7e240ef3ec9124849f77b
com.squareup.misk	misk-grpc-reflect	2023.11.16.140002-d365132		84f368e82d83c1ad94b69d72a7f9d2ee3f9b7159
com.squareup.misk	misk-grpc-reflect	2023.11.21.101131-a317492		b723fd31657e35aa87d59a578812ac27c743f534
com.squareup.misk	misk-grpc-reflect	2023.11.22.031810-345eb06		3b70f6187f975fc3ce865802c61c2bfb3d9a7759
com.squareup.misk	misk-grpc-reflect	2023.11.22.050243-2c7fa12		77f447a8eeeff7f5a08b07f7bfe68ba260152f24
com.squareup.misk	misk-grpc-reflect	2023.11.24.000942-d585b09		8b5a7c5ebcbfea30e5a5898d14f81cea44e13dae
com.squareup.misk	misk-grpc-reflect	2023.11.27.095502-80b1620		ad147ab18908bf2f0f054a8936e8db3349d51c35
com.squareup.misk	misk-grpc-reflect	2023.11.28.091756-8f90533		8babef068417ed6e2ad834f021d0895bb440d4a1
com.squareup.misk	misk-grpc-reflect	2023.11.28.160145-8f553df		d88e1cecc1f861496b3b4b40242dae970966fa13
com.squareup.misk	misk-grpc-reflect	2023.11.28.182729-54ae3b0		4d3b146a4f0ca3731976a540dfa9b1b7a74cba9b
com.squareup.misk	misk-grpc-reflect	2023.11.28.185208-a161c56		93079a4fcaa4501f74dddec6516fe316a53b917c
com.squareup.misk	misk-grpc-reflect	2023.11.29.153332-390d04e		cb0ab871ac75b4244643c49135396fa5bc1a4cd3
com.squareup.misk	misk-grpc-reflect	2023.11.30.153418-67922ca		a6ffecaf213e43c10ad6e1fa1b001470cb8e5805
com.squareup.misk	misk-grpc-reflect	2023.11.30.170920-d0fdd7a		fae1842d68352522f455819b58a6d4f69a2c0f90
com.squareup.misk	misk-grpc-reflect	2023.11.30.184104-f81483b		2abc177c48a9bee534cd979ac34d5dff650ca63c
com.squareup.misk	misk-grpc-reflect	2023.12.01.121642-518f423		775c0a4d894a23305304f473feaaac3180a50f45
com.squareup.misk	misk-grpc-reflect	2023.12.01.175902-d977e5a		391277b61b405029dbbd8467d38636299b99b7e8
com.squareup.misk	misk-grpc-reflect	2023.12.06.151327-d32d8b7		cfa725ec981ababe8b3a47167d8096fc90dae146
com.squareup.misk	misk-grpc-reflect	2023.12.06.160036-5dd9551		bc5702b437fadad1ad2e1ccc7b282107b02ae821
com.squareup.misk	misk-grpc-reflect	2023.12.06.183120-32a4008		f14d8bccccee9a4449983fe6f879a68c751bf01a
com.squareup.misk	misk-grpc-reflect	2023.12.06.191953-99500b4		ab086f519548958d46729e1c788ad7206c1571a5
com.squareup.misk	misk-grpc-reflect	2023.12.07.185313-f61a2e4		ffa40097a0c81db3b7f4544053571ae7ab008a21
com.squareup.misk	misk-grpc-reflect	2023.12.07.221934-7c69df8		e34ba0563e13a5a4982722b00d5842159307ce2d
com.squareup.misk	misk-grpc-reflect	2023.12.07.232035-aa41531		42b800f4f67e85629d20e75149a0960f88c4dee7
com.squareup.misk	misk-grpc-reflect	2023.12.08.172545-5059ed8		5781efd146953f05415aec39b1609c0238043b8d
com.squareup.misk	misk-grpc-reflect	2023.12.13.192542-1616070		628d86f821bd6198179bd80db7684ab4150e87c5
com.squareup.misk	misk-grpc-reflect	2023.12.14.183024-0873023		f24cfb809c893f91b272c4c52868fbb1456300df
com.squareup.misk	misk-grpc-reflect	2023.12.14.222754-29dc0a1		da8d18f74c63b452fc6798953dcad8d5b60bcc9d
com.squareup.misk	misk-grpc-reflect	2023.12.15.211820-b7abf54		a41c9aa53033d63f83268aaa56092851351495d9
com.squareup.misk	misk-grpc-reflect	2024.01.02.200402-e2004ff		a10c199533c17484c2392c1b47b539b5911365a4
com.squareup.misk	misk-grpc-reflect	2024.01.03.221827-0ebadb0		9daa14aab1fec62e9bcec5b7f278629401eabe38
com.squareup.misk	misk-grpc-reflect	2024.01.05.050732-580e44f		2f3b473afa7de905e4ec25d117526b922baa3e23
com.squareup.misk	misk-grpc-reflect	2024.01.09.174729-649358c		81715112c596f59b264261f353c96865291e2e77
com.squareup.misk	misk-grpc-reflect	2024.01.09.184640-9c570ea		836993bdf6a6d4012420bd01392dcc2a98e023a7
com.squareup.misk	misk-grpc-reflect	2024.01.09.185750-fab2aaf		ebbb46ceb7f64bba86f20951fbb5bf539e370b8c
com.squareup.misk	misk-grpc-reflect	2024.01.10.191205-ff52903		0d689f796a7b6429b738a6ee9fa83d1c732c187a
com.squareup.misk	misk-grpc-reflect	2024.01.11.151108-fb38ecc		537b008f1c324a6218e06774c18c1e05f4248639
com.squareup.misk	misk-grpc-reflect	2024.01.11.170843-d27a872		dc1bc78944108647262caa2d449985bad4be791b
com.squareup.misk	misk-grpc-reflect	2024.01.12.134753-cde12e2		c19cc3b905ed13ac0a8ef0d74a6b0e97e62a7348
com.squareup.misk	misk-grpc-reflect	2024.01.12.192829-8ba49bc		2e566357c75b6907054098c5fc8fb14f4c4965ec
com.squareup.misk	misk-grpc-reflect	2024.01.16.213654-c0f4d94		85b4ddc0c479d9c355b6a35b577428651d139209
com.squareup.misk	misk-grpc-reflect	2024.01.17.190853-94317f4		f5f6818af31d401d810fa9c032e9bbb554f51973
com.squareup.misk	misk-grpc-reflect	2024.01.17.231705-120b063		87710160ed56b67545d453792e6dd9dcded731b1
com.squareup.misk	misk-grpc-reflect	2024.01.18.031247-621592e		074b496bf47acca6e61fef62d1bd0be434760504
com.squareup.misk	misk-grpc-reflect	2024.01.22.010838-72dbb27		649f7c46df32654adf38f2b0d163934536e346c3
com.squareup.misk	misk-grpc-reflect	2024.01.23.002737-9df2795		96cfd248b9165dc2cc477950a7d314cbe62d7368
com.squareup.misk	misk-grpc-reflect	2024.01.23.031504-2e01297		cb7dc1bf1b9a00872e646b1c8cfd0f3c416d5de6
com.squareup.misk	misk-grpc-reflect	2024.01.23.050115-6729352		288347e072ea809ca161ad0de27c17c32b210e38
com.squareup.misk	misk-grpc-reflect	2024.01.23.170658-88f71bf		9ab7da51fbf24512e4007998289d02456691a1c8
com.squareup.misk	misk-grpc-reflect	2024.01.23.185928-91b43d8		826eed3f7e1b1ef776333ff4194c0cac469b5fa6
com.squareup.misk	misk-grpc-reflect	2024.01.24.000543-2260326		ecdef0d9336b5cad7ebd29cf607bb20c866d4bdc
com.squareup.misk	misk-grpc-reflect	2024.01.24.035350-94a3236		8d8e3f8735e5d9250543cd01777d1dfd784a949e
com.squareup.misk	misk-grpc-reflect	2024.01.24.040232-14397c4		8e636a7131822f70693822c094de3f25bf117481
com.squareup.misk	misk-grpc-reflect	2024.01.24.041610-907b63a		4ac945d1945a2e3e7015154fba9e3473bcfe2b0d
com.squareup.misk	misk-grpc-reflect	2024.01.25.022820-30be5eb		db93925e95a47b46b0eb379aa454656448222242
com.squareup.misk	misk-grpc-reflect	2024.01.29.214034-bc5873b		fe53b2ccef059e9f428458a58e5c1fa97fedb84f
com.squareup.misk	misk-grpc-reflect	2024.01.29.234331-880e488		7661a638863ad810e8fad1b6becedb09e307acb5
com.squareup.misk	misk-grpc-reflect	2024.01.30.210627-de78b2e		df6da2f1a393c9931e0942c6971df6939cf5875a
com.squareup.misk	misk-grpc-reflect	2024.01.31.050112-ce584f0		e9b7b4e3dd6b710946fddfdfb7df54b53de818e6
com.squareup.misk	misk-grpc-reflect	2024.01.31.175551-6e9704a		47c98a7ebd24f1fec6b1749307cdd8bd26f85d47
com.squareup.misk	misk-grpc-reflect	2024.02.01.052108-1f9aab2		d2e525b1556ed1cbca02c49570a687b03db02aa9
com.squareup.misk	misk-grpc-reflect	2024.02.05.170837-0e7ccd3		b89538922b93711f9742859703dbe07b20b9917a
com.squareup.misk	misk-grpc-reflect	2024.02.05.212451-a4dd460		058e19d3ba08338a045f99e26d4850b19936e67e
com.squareup.misk	misk-grpc-reflect	2024.02.06.191650-0daf24e		e8ec982f3aa146e8cebf47788c15c4ef1f310353
com.squareup.misk	misk-grpc-reflect	2024.02.06.235139-89b7018		a0a8847a02c542d8e36541155526a55cb6eee0f4
com.squareup.misk	misk-grpc-reflect	2024.02.07.021446-3634fc6		29e919f01d217f0714b778d73ea9eb49a439122c
com.squareup.misk	misk-grpc-reflect	2024.02.07.163315-6992dfe		53b67cbc4e66ef4f4f9c097d2b9ea7f84783e3be
com.squareup.misk	misk-grpc-reflect	2024.02.07.201135-6391676		89f3bd6b764307aa74bac07849d386a0fd354bfa
com.squareup.misk	misk-grpc-reflect	2024.02.10.130540-22013c3		53ccb38bf6fd65089d8218a8f9d317c29c7f0219
com.squareup.misk	misk-grpc-reflect	2024.02.13.014138-b7b592a		e336e4f6a838559aab7224788be18e78df2a604a
com.squareup.misk	misk-grpc-reflect	2024.02.13.020016-1b28454		accfe0414406620434b2aaf17483e884ab12ca47
com.squareup.misk	misk-grpc-reflect	2024.02.14.033633-b653902		884e7b33cd054cd39903bb5ab2b7e32dbc510fde
com.squareup.misk	misk-grpc-reflect	2024.02.14.195151-28af9f3		ba824dec4affeae1a429bca06ec94020307f95b8
com.squareup.misk	misk-grpc-reflect	2024.02.19.022239-1c47a8f		49dddc0decc98798b0d8e474eda52573ed86f64f
com.squareup.misk	misk-grpc-reflect	2024.02.19.234124-880f387		74a667414fdeaf62594d7aaaaaf056b5d751dc8d
com.squareup.misk	misk-grpc-reflect	2024.02.20.202309-38a1d37		939bb7ade6736782c505b9baa704ec0c6abecc08
com.squareup.misk	misk-grpc-reflect	2024.02.21.024406-9d6a2e1		34c5225656c253ad9ea8a04946af8869ddde2946
com.squareup.misk	misk-grpc-reflect	2024.02.23.184119-a7d97c7		cbd55426d0f4651e6f281714aa601b87da58ad34
com.squareup.misk	misk-grpc-reflect	2024.02.26.211537-012c236		07fd7eb6de367d48d01204e28e024ac03981a98d
com.squareup.misk	misk-grpc-reflect	2024.02.27.004227-d338390		92ae36a0b37986189c6fbb180aadf6a997a97ab0
com.squareup.misk	misk-grpc-reflect	2024.03.03.022738-a1998ce		45afbff8e6bd04bd9e883374b8cc5fcf3720c9b6
com.squareup.misk	misk-grpc-reflect	2024.03.04.212929-ec16e79		80c506a24bc065ff44f3ed4bfd1e6d8fb0d9229c
com.squareup.misk	misk-grpc-reflect	2024.03.04.222156-8ad9649		d9c9926c5f07e8c3c283b8e461c32fd56d1544b1
com.squareup.misk	misk-grpc-reflect	2024.03.05.005411-8a3692a		1614a2ef9e6532580fdb5ca227c88a0998082e21
com.squareup.misk	misk-grpc-reflect	2024.03.05.182805-0fa36c9		ebd4bbaea335802fb08a71d7f2112c9628f1c51d
com.squareup.misk	misk-grpc-reflect	2024.03.11.233241-4c943d0		8c2e5673ac7eb90773daefbc3176d8a13cceb3a8
com.squareup.misk	misk-grpc-reflect	2024.03.12.191907-bc64606		46506af20a06f65f8659a101d01e301f47f4a02e
com.squareup.misk	misk-grpc-reflect	2024.03.16.004948-d54c03b		1fd806775bb9dae676bddcc4b05483d32dff144d
com.squareup.misk	misk-grpc-reflect	2024.03.18.193619-ba68307		e388ee7f5dfd0bcf6aa4cae0a1d5ec00336692f9
com.squareup.misk	misk-grpc-reflect	2024.03.18.235251-1c20d90		2b5ed1b48f4659c93f1872f07c993556594e3b91
com.squareup.misk	misk-grpc-reflect	2024.03.19.014401-ee14b0c		57d8fc4615f96b8b3075d43470092064d922b18a
com.squareup.misk	misk-grpc-reflect	2024.03.20.165146-60edd17		fed308bb7dd4470bf4dc3b1f59bed5b8558d6c23
com.squareup.misk	misk-grpc-reflect	2024.03.21.161608-ca5f4ff		a00c15777c4904bb53edba7d625fa81f0172464e
com.squareup.misk	misk-grpc-reflect	2024.03.21.182031-f6f5775		88fefd1030e15889c4e731c23f41c5f51a0edbc9
com.squareup.misk	misk-grpc-reflect	2024.03.21.215044-46aa7f0		8f80010daa40457ab86b4aac203a0d2a78404f52
com.squareup.misk	misk-grpc-reflect	2024.03.22.013217-75ab9ad		5eba35bcfc4be57dac0521e26e58f5d6fc8354d1
com.squareup.misk	misk-grpc-reflect	2024.03.22.141512-484d57b		ea5c36ee2450fce952281f73c0ec3cebf0ca1d50
com.squareup.misk	misk-grpc-reflect	2024.03.25.172953-e8ec016		d2674e79a52b99984c168e13b91685a3e622e7ba
com.squareup.misk	misk-grpc-reflect	2024.03.26.112919-01b20b7		3b6bc7d84555d94b1cf3cfb1efcd61d9f2f08f73
com.squareup.misk	misk-grpc-reflect	2024.03.26.142035-897106b		bf5a4272929470d98cdc1e7423f53e6e846abcc8
com.squareup.misk	misk-grpc-reflect	2024.03.26.150028-23709b0		505d3a0dc5634f6c365f8491de932706884b83f9
com.squareup.misk	misk-grpc-reflect	2024.04.01.141037-d3fad45		7fc9c13e1520e7c9c482aff64c410ae641ee1478
com.squareup.misk	misk-grpc-reflect	2024.04.05.204820-9331701		454a288cbe046d6e21a8ad2af1baed644274e551
com.squareup.misk	misk-grpc-reflect	2024.04.09.200745-cd5f50b		571b82ed5a4d2ea7f08e905438955ab4ab42e23b
com.squareup.misk	misk-grpc-reflect	2024.04.10.172442-7de487a		0155b8ea9c75fa0db71999f598fa41dd0f8adffc
com.squareup.misk	misk-grpc-reflect	2024.04.10.210352-9854ef3		4b57076da5e0d749d2b1b84ca255379b1b6a3026
com.squareup.misk	misk-grpc-reflect	2024.04.11.133822-447c6c9		984ed8e5c2a6d2ebfdb651d4f9fbca0a6fd399bb
com.squareup.misk	misk-grpc-reflect	2024.04.12.171745-81ea336		1efde4d3e80084391cd66fe539d6d32262aa71a4
com.squareup.misk	misk-grpc-reflect	2024.04.18.175648-2108677		b10ccb448f66546e4e463a5f3b4b420851c7b134
com.squareup.misk	misk-grpc-reflect	2024.04.18.184436-e6718c7		969d1b678255d326ad1f89d7c44f23e590aeeb21
com.squareup.misk	misk-grpc-reflect	2024.04.19.145424-069ad8e		484580d12347f84afae898778d3a9009c3bef5ee
com.squareup.misk	misk-grpc-reflect	2024.04.20.202040-c64afe8		516e78c6677caeed5c94a62727d4f1076ef63320
com.squareup.misk	misk-grpc-reflect	2024.04.21.232758-20ad049		f51eaf5258c2ac89523cd9c268c81820d813e92d
com.squareup.misk	misk-grpc-reflect	2024.04.22.213320-ac881d1		ec85c509b986a3d2bb02a91c2fc79bc950f51eed
com.squareup.misk	misk-grpc-reflect	2024.04.30.215358-c381875		d60ef865c56724d453d15deb8aa4e2d5ae881810
com.squareup.misk	misk-grpc-reflect	2024.05.06.194337-40fe5bb		eac1ea8194eb539128ce2c0b19011b23095251f2
com.squareup.misk	misk-grpc-reflect	2024.05.07.104226-502a4b6		12e801ab1b0750dc9035e6273111dc4a4c17a3b9
com.squareup.misk	misk-grpc-reflect	2024.05.07.211405-28ee413		c9c0df7555a3efd341b13145b4b239efe54ad91d
com.squareup.misk	misk-grpc-reflect	2024.05.13.201043-249e4ae		8fea88753cb24aaae441e749ab8bcdad293c1dda
com.squareup.misk	misk-grpc-reflect	2024.05.13.203534-d1d0bc4		1e2f86fe77f6a65a209c70a308ef12a8f157ac5e
com.squareup.misk	misk-grpc-reflect	2024.05.13.211906-da5e6bb		740e2afbf84270a01cf743144e321d9234bff75e
com.squareup.misk	misk-grpc-reflect	2024.05.14.202640-3d875d5		629a8b27a57ea6150485dfcb41b77c53c8a25218
com.squareup.misk	misk-grpc-reflect	2024.05.14.223244-89072a4		a1a3568efc0d574b768d157620c0711b10f9a32b
com.squareup.misk	misk-grpc-reflect	2024.05.15.164235-87ae26d		a90815277d09505943b20a557bea01a73486d500
com.squareup.misk	misk-grpc-reflect	2024.05.16.120543-6fc3ab8		ed1542c20d697b2b514948ad1ec7e6a1ead3686f
com.squareup.misk	misk-grpc-reflect	2024.05.20.180436-1c6902f		d1dc02e42da65008aa626dc86beb33b4db34dabf
com.squareup.misk	misk-grpc-reflect	2024.05.22.145031-7698e93		58a490b3ae557f553a8c4197c61e77e949126032
com.squareup.misk	misk-grpc-reflect	2024.05.22.170245-c31e57e		3c1728bbdfcb6c6b747dcbd452969e69c7f67023
com.squareup.misk	misk-grpc-reflect	2024.05.23.190416-54c6bef		42be5ac61c1d0786b35ede0e6f7d89ab8fa62fea
com.squareup.misk	misk-grpc-reflect	2024.05.27.135305-2e8a9ad		f17a77b3268663db7f9648f2d1daf3e5336fe4dd
com.squareup.misk	misk-grpc-reflect	2024.05.27.232630-db16422		fea00628a6989475bddf0b9d4aeface5ec22f179
com.squareup.misk	misk-grpc-reflect	2024.05.28.183746-e2453b7		a845410f3f8b4e55125ee76ca5ec1befe0645e0b
com.squareup.misk	misk-grpc-reflect	2024.05.30.203838-1ba4792		6ba778a7f900e47b560b04e7299cfb37c3b22f52
com.squareup.misk	misk-grpc-reflect	2024.05.31.161847-d5e271f		8fe93a770ad4b5c47bd5dc2476924474c295909b
com.squareup.misk	misk-grpc-reflect	2024.05.31.180357-282fa8a		8587219e54d26417314b767489847b23b1f69b89
com.squareup.misk	misk-grpc-reflect	2024.06.04.005129-e3871f0		aabb1ac78deddec414999a5e283d0771f7b4e75b
com.squareup.misk	misk-grpc-reflect	2024.06.06.161359-bdb3d56		8f9620f1f68e4d3ff82ee616ae89b40a2aac0186
com.squareup.misk	misk-grpc-reflect	2024.06.07.154308-8711bf7		dcb4ceb4db51e9e93b2647a5719d9a87771116c3
com.squareup.misk	misk-grpc-reflect	2024.06.10.142710-bf94f2d		4e490b6546c12d9454f3fbe545ae2b3023145ae0
com.squareup.misk	misk-grpc-reflect	2024.06.10.212212-83b8c0d		f9bc3de7a9eefd543c9027f63ccfb45ef0de81d8
com.squareup.misk	misk-grpc-reflect	2024.06.10.230616-493b7d9		a1e53a4e96dd30cf3d8a9555b9ec4fefe9ab1863
com.squareup.misk	misk-grpc-reflect	2024.06.11.150145-b430ae1		f1a6cd9a6438f4def28a084eab281f4f25cf8c15
com.squareup.misk	misk-grpc-reflect	2024.06.11.172821-7dee849		4d3c077c508f932e2e0ffd15111f7e3443150878
com.squareup.misk	misk-grpc-reflect	2024.06.11.195836-064124a		b77ca3a0b89699f6e111cba0961a219b589845c2
com.squareup.misk	misk-grpc-reflect	2024.06.11.204514-e649494		1bc27723d2069e9f917db37420311b155039f4a1
com.squareup.misk	misk-grpc-reflect	2024.06.13.141411-0656e35		ccef1e1ddbd24eb16906a65799b448a4aca25294
com.squareup.misk	misk-grpc-reflect	2024.06.18.092631-18a6ae6		7c69d63b4ed82bcf7025f5dba69ce7623b86b7ee
com.squareup.misk	misk-grpc-reflect	2024.06.18.164342-3f19bc9		2b9a729b1046a57f38108b178e232efc747cdc29
com.squareup.misk	misk-grpc-reflect	2024.06.18.164826-f17519d		089574ba87181e108160d747e5dd02b916ccce32
com.squareup.misk	misk-grpc-reflect	2024.06.18.181924-0ea807e		37b45dcc3f20fa2dcc4a09c9358e819bdf3e507b
com.squareup.misk	misk-grpc-reflect	2024.06.18.192533-06bbf86		97a83df62af0f730872e95e783c3a746c9d4121d
com.squareup.misk	misk-grpc-reflect	2024.06.18.214731-fb3d256		163bdd332decbbd4fc4e70a9213d2f2b637ab9f6
com.squareup.misk	misk-grpc-reflect	2024.06.18.222756-87e06c5		fe0aa019725b7a4de935bce4c24f05472f6d8f5b
com.squareup.misk	misk-grpc-reflect	2024.06.19.153119-a4bdcea		4f3e8be19a2a8d40c209ffa6f42a1c009d02a8be
com.squareup.misk	misk-grpc-reflect	2024.06.20.040255-176a4c5		9c7b33debc6e9a17946a2fee849bfb334af63293
com.squareup.misk	misk-grpc-reflect	2024.06.20.184927-66f629c		49291c21163c43781db0a869bbd153ad40f2ad67
com.squareup.misk	misk-grpc-reflect	2024.06.20.202752-c69fc44		9b712957f129517ff6e6d6ee4e7d073ae28dd701
com.squareup.misk	misk-grpc-reflect	2024.06.24.224321-be3c737		051d1d58dbec296d0cf5c2e5d4c5341e3f13d2c0
com.squareup.misk	misk-grpc-reflect	2024.06.24.225832-eab5687		83ed161fd2ecbf72ff4b98b528258304aa9e6644
com.squareup.misk	misk-grpc-reflect	2024.06.25.013436-ebebb15		527a2caa013874bfad1273a94dea0798c49deb76
com.squareup.misk	misk-grpc-reflect	2024.06.25.041255-c661a64		5026c434cd5f88d05b6e5891fe3f76d05ff5e247
com.squareup.misk	misk-grpc-reflect	2024.06.25.063516-6e1d476		c8cbd5d606de15ab5b4ac50bf79e441686fe8fcc
com.squareup.misk	misk-grpc-reflect	2024.06.25.200510-050f3f8		68853eccbd6b2f708507a7d279d0d248719ad987
com.squareup.misk	misk-grpc-reflect	2024.06.25.234300-fa21035		d9360fe17980d0580f57a202ba4e139c8aa1e380
com.squareup.misk	misk-grpc-reflect	2024.06.26.042712-091a609		189732886fc83aeb31735bc184bd6c7dc74345f9
com.squareup.misk	misk-grpc-reflect	2024.06.26.052833-88986ac		677e22dac057b36ab64c0c422386ee9844d96ca0
com.squareup.misk	misk-grpc-reflect	2024.06.26.170825-6fe66ba		7b04988231b965f048485db240126d63551d088a
com.squareup.misk	misk-grpc-reflect	2024.06.27.040127-0a711d1		ce4f16b17e3e78f26aaeba0febcdd3495903f163
com.squareup.misk	misk-grpc-reflect	2024.06.28.012855-19b505b		8f4290ca857c9784146516234d8cd88672803eda
com.squareup.misk	misk-grpc-reflect	2024.06.28.031542-2d33b06		ab06f79e2761811be6cc885feb92a84fa755547b
com.squareup.misk	misk-grpc-reflect	2024.06.28.210308-e053e08		6eaf60cab8df07b4fdcf5e1541d9c9d6f7a5850e
com.squareup.misk	misk-grpc-reflect	2024.07.01.013832-751f806		693c98a376a05de6d39c09405ef017ca36dce3c1
com.squareup.misk	misk-grpc-reflect	2024.07.02.203153-b2a28e4		cc23f48f036a681117b03c54a1685d6c41d532cb
com.squareup.misk	misk-grpc-reflect	2024.07.02.213126-f6a2f7c		c0e7b6e58c717278fc5eb9d0cdc356981150e3d4
com.squareup.misk	misk-grpc-reflect	2024.07.03.230725-350c672		59adecc725720528dd3a0a42684befc309c61fa4
com.squareup.misk	misk-grpc-reflect	2024.07.04.010324-caf2391		579911b5ac2f4c0dfa662f270be1f47652b3d01e
com.squareup.misk	misk-grpc-reflect	2024.07.05.180932-9cb2b1d		c00189c98a6e4b9dc6cfb2cfd0feeff430baea2d
com.squareup.misk	misk-grpc-reflect	2024.07.05.183137-dbec7ef		b3909c0f2d50098c1228945c6f45f37e9cb45782
com.squareup.misk	misk-grpc-reflect	2024.07.05.185354-508667b		d832cbadf9c6c4aaaaef815c502ddb069027a076
com.squareup.misk	misk-grpc-reflect	2024.07.06.144130-1fd1624		eee710587fa197efd4f667c26d2463fd2fa5f5a2
com.squareup.misk	misk-grpc-reflect	2024.07.08.192401-37e6d7e		4d804ae1a79ebf2cf24fa77657f76570b65ca4b6
com.squareup.misk	misk-grpc-reflect	2024.07.09.155210-691e54c		0937141986d1625eca9c68f25a525da4555be6b9
com.squareup.misk	misk-grpc-reflect	2024.07.09.205023-34eab3d		418e9449b02aeb32eadc44084ad97faa7e9e54f1
com.squareup.misk	misk-grpc-reflect	2024.07.09.210223-449858f		3f707a7dfe007c46b461a7035da012ef5eb7ac23
com.squareup.misk	misk-grpc-reflect	2024.07.10.142246-a3de860		8596e6146b377738c5e372db598e5c528721008d
com.squareup.misk	misk-grpc-reflect	2024.07.10.163606-16f3842		98a9913eec11ad0385b2c76800cc922af7c1f9c0
com.squareup.misk	misk-grpc-reflect	2024.07.11.200321-f27b257		bec4dd5e0a163596af36190555180e6cb0e84294
com.squareup.misk	misk-grpc-reflect	2024.07.15.200634-2a91754		9942310a9162b1fe47f2dda36b3dfc03611cd4d7
com.squareup.misk	misk-grpc-reflect	2024.07.16.001614-0c62aa0		1b814ecc5e3ccdd4f1911a223abf451b9f73efe6
com.squareup.misk	misk-grpc-reflect	2024.07.16.013323-50434b2		8f4fa4631a256991bb28a964e26fce9cd0a0e63a
com.squareup.misk	misk-grpc-reflect	2024.07.18.025945-4ab474b		ff50353428d36f21f9cbe89867c61d0b045a529b
com.squareup.misk	misk-grpc-reflect	2024.07.18.141657-f3aa257		8f07141d21b018f874245311c3e897ca1dc322d5
com.squareup.misk	misk-grpc-reflect	2024.07.19.134509-7e566a4		bd055a614b5378f4f320ad9dfc6277acddf4b73b
com.squareup.misk	misk-grpc-reflect	2024.07.19.162824-5b2a0bf		09fc27f2ffc2aeb549d052aa4b5e331f36c761c3
com.squareup.misk	misk-grpc-reflect	2024.07.22.161133-9a9c0b4		6278fee14d9e8cc91781ada24e5e580186a3d22e
com.squareup.misk	misk-grpc-reflect	2024.07.22.181346-075b1aa		e94641d7a9d519bc5085dbfcc0d6a398e2d2bde3
com.squareup.misk	misk-grpc-reflect	2024.07.24.000409-26a4f00		e8ccc4316e7367e3d2f3fc66829884601421ada3
com.squareup.misk	misk-grpc-reflect	2024.07.24.160615-4855a41		ef2ab777ce1ea372bafd27a2159c0a0f5f950bd1
com.squareup.misk	misk-grpc-reflect	2024.07.24.191239-e019b30		de77e49a32d351e36455d2f5161d067875784c9a
com.squareup.misk	misk-grpc-reflect	2024.07.25.195118-918a819		2916f833c965c9de818e06430cd8e61821aab06c
com.squareup.misk	misk-grpc-reflect	2024.07.26.184131-8ee0b6f		b5aab53e2717ae1f782b7f19e99eab69c01dfaf0
com.squareup.misk	misk-grpc-reflect	2024.07.30.161242-c6e2300		197067f7b10ca004857a7e3e8cc9dd566df33d10
com.squareup.misk	misk-grpc-reflect	2024.07.30.161246-20eb968		042a1bfc9f10d91169cc48b273f855e683fb3952
com.squareup.misk	misk-grpc-reflect	2024.07.31.213948-02144a7		84f483377ae9dba0d3250e6727a90d11689ed042
com.squareup.misk	misk-grpc-reflect	2024.07.31.221238-f4c9b33		db44f29932a3efc36fd78866cd68668758dd26ab
com.squareup.misk	misk-grpc-reflect	2024.08.01.044246-e38725d		a7503e9a051c03ee8ab5c301d39542eb4ffd2e62
com.squareup.misk	misk-grpc-reflect	2024.08.01.215058-0ad5f3f		4e8127921cd2c145febf83db412461912a24d433
com.squareup.misk	misk-grpc-reflect	2024.08.02.013704-07e9f85		f7147042f432f0c7e6d1f905dca4d5a6cbc9f530
com.squareup.misk	misk-grpc-reflect	2024.08.02.044409-111a013		cbba2f8b0f4dbe9116e54eb3cc43568159603a8b
com.squareup.misk	misk-grpc-reflect	2024.08.02.131124-227cc49		baf9f4bd535bf5569a7b8af0b067b611487ad008
com.squareup.misk	misk-grpc-reflect	2024.08.02.151821-d6b5605		9c61c425485f2108419164f62e1f30455485b70d
com.squareup.misk	misk-grpc-reflect	2024.08.02.175958-01e95c4		31fc7821cb54143f4e63f8101ad275dd41daefe8
com.squareup.misk	misk-grpc-reflect	2024.08.02.191652-d13f8e1		f2df1fd6c7d152853dcac2443e723477d638a813
com.squareup.misk	misk-grpc-reflect	2024.08.05.233812-5c2cb84		8978716f02baf97b90c42507fe8db5acd5a23458
com.squareup.misk	misk-grpc-reflect	2024.08.06.021736-b8aafdb		060a32d65ef7de5ad7171ed34288d1fadc0f4ee6
com.squareup.misk	misk-grpc-reflect	2024.08.06.202231-0840104		166a47d8068561041e7131e0d16bb04a33fda81c
com.squareup.misk	misk-grpc-reflect	2024.08.06.234901-e62370b		2111352c5ce61ea2560c283c662221776e619da3
com.squareup.misk	misk-grpc-reflect	2024.08.07.020358-aa49aca		37bad9c260a525677888a0d3ac5c1c84ac27f45c
com.squareup.misk	misk-grpc-reflect	2024.08.07.205316-4954777		89ca4dee35b6c9b5a3ff27c9e1678f5885ec6bba
com.squareup.misk	misk-grpc-reflect	2024.08.08.000634-ec5fdd7		b04fa6375a175acbe6c4480f8ef91638b4deb811
com.squareup.misk	misk-grpc-reflect	2024.08.08.000638-bd0bb91		f9e8349f2c4a446b25278c4b9c21a7fee7100e89
com.squareup.misk	misk-grpc-reflect	2024.08.09.163205-8c03cf9		091dfbf52dfc3005c4c1c8e729eb4d3df96a3b1f
com.squareup.misk	misk-grpc-reflect	2024.08.12.000546-8cffeac		48eeff868dd116bb5e52d78ad724f3d29fb24df0
com.squareup.misk	misk-grpc-reflect	2024.08.12.171424-88efd9e		5c0bd2f6bb3b78d1647a93ee0c20394164953f9a
com.squareup.misk	misk-grpc-reflect	2024.08.13.224211-82763c8		1960b2405df93e6ab5bd2a50cb8ea38a1c260883
com.squareup.misk	misk-grpc-reflect	2024.08.14.003117-25fb475		5bf0f3a20876fe31fc945d26b3169fedb145ac90
com.squareup.misk	misk-grpc-reflect	2024.08.14.182223-c7eea2c		8c6d2069e0e04e66f7e4cc74bc4583fadc802386
com.squareup.misk	misk-grpc-reflect	2024.08.15.161706-1b622b0		b6b0556eeafb502e8e5de8c33af274c6a58c5bea
com.squareup.misk	misk-grpc-reflect	2024.08.15.232305-9f03864		fe4f0febc42df03e0e7f07b308aa9a271b2b1ee8
com.squareup.misk	misk-grpc-reflect	2024.08.16.185146-b1a684c		c4454ef921d1bedf028fbbbb043b1756c1ce79bb
com.squareup.misk	misk-grpc-reflect	2024.08.17.011913-d3f7205		1bd4e22ed51cfc4bb00c8fa1fff7b7f8f29a13b8
com.squareup.misk	misk-grpc-reflect	2024.08.19.150647-da25b2c		7164930cf98ce3fe60c721f7c9855c9c2afa68b5
com.squareup.misk	misk-grpc-reflect	2024.08.19.213921-3faf89c		69d4c6daedf3b69e81c3b96da67590f58073d0a2
com.squareup.misk	misk-grpc-reflect	2024.08.21.185109-d03dfc6		9365ec8c6c0d14f12878b940cd2ecf4d99c2b6f4
com.squareup.misk	misk-grpc-reflect	2024.08.22.193221-6271797		15141d065e8c7cb26d0c81086178ffebe92b5c8e
com.squareup.misk	misk-grpc-reflect	2024.08.23.172819-8f2e898		5425b95e6963d1b6185b93eaa7aa19edb9be1449
com.squareup.misk	misk-grpc-reflect	2024.08.23.175527-7b4a53a		183146405f144b84b30a59bd926cf2557366a4be
com.squareup.misk	misk-grpc-reflect	2024.08.23.212803-90de8d2		ffa9f6df802dfec7d1493f8d522e65ba520d9f2b
com.squareup.misk	misk-grpc-reflect	2024.09.03.000616-a6ff702		5e6f28eb8ac5e9b64aa2f67503196a47fcb814f1
com.squareup.misk	misk-grpc-reflect	2024.09.03.175341-7e3b554		07a959e4989dbcfde73edf5f8dd37113cc435384
com.squareup.misk	misk-grpc-reflect	2024.09.03.232122-5cc5f5f		2c3b4c5cac065b4304f44d5c9d77c234ec3bfab5
com.squareup.misk	misk-grpc-reflect	2024.09.04.130719-0ef52f0		7bd1240920d7267501e32b9c9139f4b6a0b0727d
com.squareup.misk	misk-grpc-reflect	2024.09.04.181246-5fa440d		d655a28e674125bd499b4712b40b980acac927e1
com.squareup.misk	misk-grpc-reflect	2024.09.06.173445-d690f4c		699cde715b0fc3ca42500cc01a7be7c72a99740f
com.squareup.misk	misk-grpc-reflect	2024.09.09.203048-509e837		998dd54520c671fb0393b934f7446c48e05dc6ad
com.squareup.misk	misk-grpc-reflect	2024.09.12.135053-587318e		c5b1bf3b533a664844ffab2e52ebc06d6aecd878
com.squareup.misk	misk-grpc-reflect	2024.09.16.164258-870f24c		1682f7d6f70723cc6ce5b4b89eab5672381151df
com.squareup.misk	misk-grpc-reflect	2024.09.16.175057-29ffbdf		e94e126017018de4627a906819ff728bcf0eadc7
com.squareup.misk	misk-grpc-reflect	2024.09.16.181235-4589ca6		b1f1aa2f64635addd7a248f97430d63e9a034370
com.squareup.misk	misk-grpc-reflect	2024.09.16.193250-da8c625		08fd0acb82942e4233df4088da74606ede76e6bc
com.squareup.misk	misk-grpc-reflect	2024.09.16.200203-e254e4d		15c7e5749eac1630321d56e3fbb899397802181c
com.squareup.misk	misk-grpc-reflect	2024.09.17.200749-4708422		54f1d7f846e705f25e3cbcc55f59c1b71b767025
com.squareup.misk	misk-grpc-reflect	2024.09.20.181503-6a94672		77a3a10bb652e2458fe2a532498a60ff8732e749
com.squareup.misk	misk-grpc-reflect	2024.09.20.215132-bd5c0c5		37c44e33849f05de0020588c8ef1cc99ca0f3891
com.squareup.misk	misk-grpc-reflect	2024.09.23.154653-e3b43cd		595f36a63f0030d3a3e928ade70bc2dbd78f84fc
com.squareup.misk	misk-grpc-reflect	2024.09.23.190942-fac7598		595f36a63f0030d3a3e928ade70bc2dbd78f84fc
com.squareup.misk	misk-grpc-reflect	2024.09.24.184446-49673c4		595f36a63f0030d3a3e928ade70bc2dbd78f84fc
com.squareup.misk	misk-grpc-reflect	2024.09.24.230937-285aac9		595f36a63f0030d3a3e928ade70bc2dbd78f84fc
com.squareup.misk	misk-grpc-reflect	2024.09.25.160349-73223cb		595f36a63f0030d3a3e928ade70bc2dbd78f84fc
com.squareup.misk	misk-grpc-reflect	2024.09.25.160354-52a72c0		595f36a63f0030d3a3e928ade70bc2dbd78f84fc
com.squareup.misk	misk-grpc-reflect	2024.09.25.163146-1b49d90		595f36a63f0030d3a3e928ade70bc2dbd78f84fc
com.squareup.misk	misk-grpc-reflect	2024.09.25.200623-fffc401		595f36a63f0030d3a3e928ade70bc2dbd78f84fc
com.squareup.misk	misk-grpc-reflect	2024.09.26.235336-e5ff29d		595f36a63f0030d3a3e928ade70bc2dbd78f84fc
com.squareup.misk	misk-grpc-reflect	2024.09.27.162331-d76ef2a		595f36a63f0030d3a3e928ade70bc2dbd78f84fc
com.squareup.misk	misk-grpc-reflect	2024.09.27.162336-7ff7052		595f36a63f0030d3a3e928ade70bc2dbd78f84fc
com.squareup.misk	misk-grpc-reflect	2024.09.27.194134-13dcba0		595f36a63f0030d3a3e928ade70bc2dbd78f84fc
com.squareup.misk	misk-grpc-reflect	2024.10.01.040826-c502d53		595f36a63f0030d3a3e928ade70bc2dbd78f84fc
com.squareup.misk	misk-grpc-reflect	2024.10.01.170208-3a7d166		595f36a63f0030d3a3e928ade70bc2dbd78f84fc
com.squareup.misk	misk-grpc-reflect	2024.10.01.175311-40dff04		595f36a63f0030d3a3e928ade70bc2dbd78f84fc
com.squareup.misk	misk-grpc-reflect	2024.10.01.204307-e88a4a1		595f36a63f0030d3a3e928ade70bc2dbd78f84fc
com.squareup.misk	misk-grpc-reflect	2024.10.02.190200-2e5ba2b		595f36a63f0030d3a3e928ade70bc2dbd78f84fc
com.squareup.misk	misk-grpc-reflect	2024.10.02.233403-cdcdc2b		595f36a63f0030d3a3e928ade70bc2dbd78f84fc
com.squareup.misk	misk-grpc-reflect	2024.10.02.234759-77c560b		595f36a63f0030d3a3e928ade70bc2dbd78f84fc
com.squareup.misk	misk-grpc-reflect	2024.10.03.161720-9588fb2		595f36a63f0030d3a3e928ade70bc2dbd78f84fc
com.squareup.misk	misk-grpc-reflect	2024.10.03.164440-8efcbeb		595f36a63f0030d3a3e928ade70bc2dbd78f84fc
com.squareup.misk	misk-grpc-reflect	2024.10.04.022811-ef92231		595f36a63f0030d3a3e928ade70bc2dbd78f84fc
com.squareup.misk	misk-grpc-reflect	2024.10.04.194715-e0fc9d3		595f36a63f0030d3a3e928ade70bc2dbd78f84fc
com.squareup.misk	misk-grpc-reflect	2024.10.04.213414-775315b		595f36a63f0030d3a3e928ade70bc2dbd78f84fc
com.squareup.misk	misk-grpc-reflect	2024.10.05.012240-8cf16be		595f36a63f0030d3a3e928ade70bc2dbd78f84fc
com.squareup.misk	misk-grpc-reflect	2024.10.07.212506-9f957b3		595f36a63f0030d3a3e928ade70bc2dbd78f84fc
com.squareup.misk	misk-grpc-reflect	2024.10.08.135910-3efc130		595f36a63f0030d3a3e928ade70bc2dbd78f84fc
com.squareup.misk	misk-grpc-reflect	2024.10.08.195322-4f928e8		595f36a63f0030d3a3e928ade70bc2dbd78f84fc
com.squareup.misk	misk-grpc-reflect	2024.10.08.213438-0711f0d		595f36a63f0030d3a3e928ade70bc2dbd78f84fc
com.squareup.misk	misk-grpc-reflect	2024.10.08.215730-6bf34e8		595f36a63f0030d3a3e928ade70bc2dbd78f84fc
com.squareup.misk	misk-grpc-reflect	2024.10.09.155031-750366e		595f36a63f0030d3a3e928ade70bc2dbd78f84fc
com.squareup.misk	misk-grpc-reflect	2024.10.09.180246-10e3116		595f36a63f0030d3a3e928ade70bc2dbd78f84fc
com.squareup.misk	misk-grpc-reflect	2024.10.09.190532-48f66df		595f36a63f0030d3a3e928ade70bc2dbd78f84fc
com.squareup.misk	misk-grpc-reflect	2024.10.10.145454-ec27598		595f36a63f0030d3a3e928ade70bc2dbd78f84fc
com.squareup.misk	misk-grpc-reflect	2024.10.13.223258-0dacf1d		595f36a63f0030d3a3e928ade70bc2dbd78f84fc
com.squareup.misk	misk-grpc-reflect	2024.10.15.175507-1285348		595f36a63f0030d3a3e928ade70bc2dbd78f84fc
com.squareup.misk	misk-grpc-reflect	2024.10.16.050745-5d5613a		595f36a63f0030d3a3e928ade70bc2dbd78f84fc
com.squareup.misk	misk-grpc-reflect	2024.10.16.155854-026bf3b		595f36a63f0030d3a3e928ade70bc2dbd78f84fc
com.squareup.misk	misk-grpc-reflect	2024.11.06.172905-8d4fc2a		595f36a63f0030d3a3e928ade70bc2dbd78f84fc
com.squareup.misk	misk-grpc-reflect	2024.11.07.121830-1c3f2e5		595f36a63f0030d3a3e928ade70bc2dbd78f84fc
com.squareup.misk	misk-grpc-reflect	2024.11.12.172703-7e28375		595f36a63f0030d3a3e928ade70bc2dbd78f84fc
com.squareup.misk	misk-grpc-reflect	2024.11.12.175422-ea14d10		595f36a63f0030d3a3e928ade70bc2dbd78f84fc
com.squareup.misk	misk-grpc-reflect	2024.11.13.122358-d588cc4		595f36a63f0030d3a3e928ade70bc2dbd78f84fc
com.squareup.misk	misk-grpc-reflect	2024.11.13.213028-64f121e		595f36a63f0030d3a3e928ade70bc2dbd78f84fc
com.squareup.misk	misk-grpc-reflect	2024.11.14.031606-bddeae6		595f36a63f0030d3a3e928ade70bc2dbd78f84fc
com.squareup.misk	misk-grpc-reflect	2024.11.18.181619-bc85d02		595f36a63f0030d3a3e928ade70bc2dbd78f84fc
com.squareup.misk	misk-grpc-reflect	2024.11.21.163958-33c6589		595f36a63f0030d3a3e928ade70bc2dbd78f84fc
com.squareup.misk	misk-grpc-reflect	2024.11.22.072704-95614d5		595f36a63f0030d3a3e928ade70bc2dbd78f84fc
com.squareup.misk	misk-grpc-reflect	2024.11.22.172133-fe9b482		595f36a63f0030d3a3e928ade70bc2dbd78f84fc
com.squareup.misk	misk-grpc-reflect	2024.11.25.135704-aaa6064		595f36a63f0030d3a3e928ade70bc2dbd78f84fc
com.squareup.misk	misk-grpc-reflect	2024.11.25.135710-a6d6540		595f36a63f0030d3a3e928ade70bc2dbd78f84fc
com.squareup.misk	misk-grpc-reflect	2024.11.25.200602-cf0ef48		595f36a63f0030d3a3e928ade70bc2dbd78f84fc
com.squareup.misk	misk-grpc-reflect	2024.11.26.015353-335658e		595f36a63f0030d3a3e928ade70bc2dbd78f84fc
com.squareup.misk	misk-grpc-reflect	2024.11.27.172411-60cfef6		595f36a63f0030d3a3e928ade70bc2dbd78f84fc
com.squareup.misk	misk-grpc-reflect	2024.11.28.143658-21b4eb8		595f36a63f0030d3a3e928ade70bc2dbd78f84fc
com.squareup.misk	misk-grpc-reflect	2024.11.29.052236-85d8ee4		595f36a63f0030d3a3e928ade70bc2dbd78f84fc
com.squareup.misk	misk-grpc-reflect	2024.12.02.143014-73e2cd2		595f36a63f0030d3a3e928ade70bc2dbd78f84fc
com.squareup.misk	misk-grpc-reflect	2024.12.02.201507-401782a		595f36a63f0030d3a3e928ade70bc2dbd78f84fc
com.squareup.misk	misk-grpc-reflect	2024.12.03.005030-ad1be79		595f36a63f0030d3a3e928ade70bc2dbd78f84fc
com.squareup.misk	misk-grpc-reflect	2024.12.05.023914-b3e9c55		595f36a63f0030d3a3e928ade70bc2dbd78f84fc
com.squareup.misk	misk-grpc-reflect	2024.12.05.151723-a5d92b0		595f36a63f0030d3a3e928ade70bc2dbd78f84fc
com.squareup.misk	misk-grpc-reflect	2024.12.06.182022-bd4233f		595f36a63f0030d3a3e928ade70bc2dbd78f84fc
com.squareup.misk	misk-grpc-reflect	2024.12.06.200134-f67b403		595f36a63f0030d3a3e928ade70bc2dbd78f84fc
com.squareup.misk	misk-grpc-reflect	2024.12.06.232112-c1e6a30		595f36a63f0030d3a3e928ade70bc2dbd78f84fc
com.squareup.misk	misk-grpc-reflect	2024.12.09.125042-414f9af		595f36a63f0030d3a3e928ade70bc2dbd78f84fc
com.squareup.misk	misk-grpc-reflect	2024.12.10.144700-56003a6		595f36a63f0030d3a3e928ade70bc2dbd78f84fc
com.squareup.misk	misk-grpc-reflect	2024.12.10.164301-d392e63		595f36a63f0030d3a3e928ade70bc2dbd78f84fc
com.squareup.misk	misk-grpc-reflect	2024.12.11.045735-b1be9c9		595f36a63f0030d3a3e928ade70bc2dbd78f84fc
com.squareup.misk	misk-grpc-reflect	2024.12.11.152254-7d649b4		595f36a63f0030d3a3e928ade70bc2dbd78f84fc
com.squareup.misk	misk-grpc-reflect	2024.12.11.174623-de900cb		595f36a63f0030d3a3e928ade70bc2dbd78f84fc
com.squareup.misk	misk-grpc-reflect	2024.12.12.153725-b454031		595f36a63f0030d3a3e928ade70bc2dbd78f84fc
com.squareup.misk	misk-grpc-reflect	2025.01.07.011907-b964324		595f36a63f0030d3a3e928ade70bc2dbd78f84fc
com.squareup.misk	misk-grpc-reflect	2025.01.07.215822-d78df69		595f36a63f0030d3a3e928ade70bc2dbd78f84fc
com.squareup.misk	misk-grpc-reflect	2025.01.09.162649-bc75b83		595f36a63f0030d3a3e928ade70bc2dbd78f84fc
com.squareup.misk	misk-grpc-reflect	2025.01.09.184726-680bca2		595f36a63f0030d3a3e928ade70bc2dbd78f84fc
com.squareup.misk	misk-grpc-reflect	2025.01.10.042146-bac1676		595f36a63f0030d3a3e928ade70bc2dbd78f84fc
com.squareup.misk	misk-grpc-reflect	2025.01.10.084905-75884b1		595f36a63f0030d3a3e928ade70bc2dbd78f84fc
com.squareup.misk	misk-grpc-reflect	2025.01.10.213549-bac8635		595f36a63f0030d3a3e928ade70bc2dbd78f84fc
com.squareup.misk	misk-grpc-reflect	2025.01.13.182250-a73745c		595f36a63f0030d3a3e928ade70bc2dbd78f84fc
com.squareup.misk	misk-grpc-reflect	2025.01.14.142550-2b943b2		595f36a63f0030d3a3e928ade70bc2dbd78f84fc
com.squareup.misk	misk-grpc-reflect	2025.01.14.182509-aa11bb4		595f36a63f0030d3a3e928ade70bc2dbd78f84fc
com.squareup.misk	misk-grpc-reflect	2025.01.14.212100-300c730		595f36a63f0030d3a3e928ade70bc2dbd78f84fc
com.squareup.misk	misk-grpc-reflect	2025.01.15.151531-a12bfa1		595f36a63f0030d3a3e928ade70bc2dbd78f84fc
com.squareup.misk	misk-grpc-reflect	2025.01.16.154437-45e6601		595f36a63f0030d3a3e928ade70bc2dbd78f84fc
com.squareup.misk	misk-grpc-reflect	2025.01.18.234444-c11c3ff		595f36a63f0030d3a3e928ade70bc2dbd78f84fc
com.squareup.misk	misk-grpc-reflect	2025.01.19.023713-75b9f05		595f36a63f0030d3a3e928ade70bc2dbd78f84fc
com.squareup.misk	misk-grpc-reflect	2025.01.20.023502-ea056ec		595f36a63f0030d3a3e928ade70bc2dbd78f84fc
com.squareup.misk	misk-grpc-reflect	2025.01.20.030258-da95516		05d59f8d6a59064f1c007e37f0dfa9fcbd65fe30
com.squareup.misk	misk-grpc-reflect	2025.01.22.143642-a58fac1		05d59f8d6a59064f1c007e37f0dfa9fcbd65fe30
com.squareup.misk	misk-grpc-reflect	2025.01.22.143650-661fb5c		05d59f8d6a59064f1c007e37f0dfa9fcbd65fe30
com.squareup.misk	misk-grpc-reflect	2025.01.23.034553-c018516		595f36a63f0030d3a3e928ade70bc2dbd78f84fc
com.squareup.misk	misk-grpc-reflect	2025.01.23.121151-2bb4d0e		595f36a63f0030d3a3e928ade70bc2dbd78f84fc
com.squareup.misk	misk-grpc-reflect	2025.01.23.160257-4116eab		595f36a63f0030d3a3e928ade70bc2dbd78f84fc
com.squareup.misk	misk-grpc-reflect	2025.01.23.232157-c0af8b4		595f36a63f0030d3a3e928ade70bc2dbd78f84fc
com.squareup.misk	misk-grpc-reflect	2025.01.24.003954-afc3ab9		7062b2b415a7b2b39fe94bfb111bc3f10e76aa35
com.squareup.misk	misk-grpc-reflect	2025.01.26.042042-2878475		7062b2b415a7b2b39fe94bfb111bc3f10e76aa35
com.squareup.misk	misk-grpc-reflect	2025.01.27.153523-b8bddd3		7062b2b415a7b2b39fe94bfb111bc3f10e76aa35
com.squareup.misk	misk-grpc-reflect	2025.01.27.162110-8b0d475		88c9d1538742277cce1b0a0977139e4240baea5f
com.squareup.misk	misk-grpc-reflect	2025.01.28.164805-0865899		88c9d1538742277cce1b0a0977139e4240baea5f
com.squareup.misk	misk-grpc-reflect	2025.01.28.194407-0f89dc3		88c9d1538742277cce1b0a0977139e4240baea5f
com.squareup.misk	misk-grpc-reflect	2025.01.29.031236-abdc8ba		88c9d1538742277cce1b0a0977139e4240baea5f
com.squareup.misk	misk-grpc-reflect	2025.01.29.125750-6f470ec		88c9d1538742277cce1b0a0977139e4240baea5f
com.squareup.misk	misk-grpc-reflect	2025.01.29.165218-d5653d2		88c9d1538742277cce1b0a0977139e4240baea5f
com.squareup.misk	misk-grpc-reflect	2025.01.29.181729-31f654c		88c9d1538742277cce1b0a0977139e4240baea5f
com.squareup.misk	misk-grpc-reflect	2025.01.29.201029-895a207		88c9d1538742277cce1b0a0977139e4240baea5f
com.squareup.misk	misk-grpc-reflect	2025.01.29.211040-6c04bce		88c9d1538742277cce1b0a0977139e4240baea5f
com.squareup.misk	misk-grpc-reflect	2025.01.30.133257-dfadd3f		88c9d1538742277cce1b0a0977139e4240baea5f
com.squareup.misk	misk-grpc-reflect	2025.01.31.151055-df54c92		88c9d1538742277cce1b0a0977139e4240baea5f
com.squareup.misk	misk-grpc-reflect	2025.02.03.145054-caa4684		88c9d1538742277cce1b0a0977139e4240baea5f
com.squareup.misk	misk-grpc-reflect	2025.02.04.000535-9e740ca		88c9d1538742277cce1b0a0977139e4240baea5f
com.squareup.misk	misk-grpc-reflect	2025.02.04.171625-d22212a		88c9d1538742277cce1b0a0977139e4240baea5f
com.squareup.misk	misk-grpc-reflect	2025.02.04.172425-2e2ea45		88c9d1538742277cce1b0a0977139e4240baea5f
com.squareup.misk	misk-grpc-reflect	2025.02.05.153220-e697dee		88c9d1538742277cce1b0a0977139e4240baea5f
com.squareup.misk	misk-grpc-reflect	2025.02.06.134224-57778b6		88c9d1538742277cce1b0a0977139e4240baea5f
com.squareup.misk	misk-grpc-reflect	2025.02.07.183037-8eb590a		88c9d1538742277cce1b0a0977139e4240baea5f
com.squareup.misk	misk-grpc-reflect	2025.02.09.170631-42ec76b		88c9d1538742277cce1b0a0977139e4240baea5f
com.squareup.misk	misk-grpc-reflect	2025.02.11.001324-b072efd		88c9d1538742277cce1b0a0977139e4240baea5f
com.squareup.misk	misk-grpc-reflect	2025.02.11.033216-9159dad		88c9d1538742277cce1b0a0977139e4240baea5f
com.squareup.misk	misk-grpc-reflect	2025.02.11.123913-8a41324		88c9d1538742277cce1b0a0977139e4240baea5f
com.squareup.misk	misk-grpc-reflect	2025.02.11.145259-125d5c8		88c9d1538742277cce1b0a0977139e4240baea5f
com.squareup.misk	misk-grpc-reflect	2025.02.21.143120-9967585		88c9d1538742277cce1b0a0977139e4240baea5f
com.squareup.misk	misk-grpc-reflect	2025.02.24.122634-f35741f		88c9d1538742277cce1b0a0977139e4240baea5f
com.squareup.misk	misk-grpc-reflect	2025.02.24.201730-3eada58		88c9d1538742277cce1b0a0977139e4240baea5f
com.squareup.misk	misk-grpc-reflect	2025.02.24.220340-055c4fc		88c9d1538742277cce1b0a0977139e4240baea5f
com.squareup.misk	misk-grpc-reflect	2025.02.24.223253-7a623d7		88c9d1538742277cce1b0a0977139e4240baea5f
com.squareup.misk	misk-grpc-reflect	2025.02.25.191142-e53efc0		88c9d1538742277cce1b0a0977139e4240baea5f
com.squareup.misk	misk-grpc-reflect	2025.02.26.085343-8bec997		88c9d1538742277cce1b0a0977139e4240baea5f
com.squareup.misk	misk-grpc-reflect	2025.02.27.144217-6c11def		88c9d1538742277cce1b0a0977139e4240baea5f
com.squareup.misk	misk-grpc-reflect	2025.03.03.202009-d802105		88c9d1538742277cce1b0a0977139e4240baea5f
com.squareup.misk	misk-grpc-reflect	2025.03.03.202018-e95a931		88c9d1538742277cce1b0a0977139e4240baea5f
com.squareup.misk	misk-grpc-reflect	2025.03.03.222522-e289c95		88c9d1538742277cce1b0a0977139e4240baea5f
com.squareup.misk	misk-grpc-reflect	2025.03.04.013817-e7c2f24		88c9d1538742277cce1b0a0977139e4240baea5f
com.squareup.misk	misk-grpc-reflect	2025.03.04.163341-851b97c		88c9d1538742277cce1b0a0977139e4240baea5f
com.squareup.misk	misk-grpc-reflect	2025.03.04.210443-8fa2711		88c9d1538742277cce1b0a0977139e4240baea5f
com.squareup.misk	misk-grpc-reflect	2025.03.05.071407-f3a947b		88c9d1538742277cce1b0a0977139e4240baea5f
com.squareup.misk	misk-grpc-reflect	2025.03.05.075132-0013008		88c9d1538742277cce1b0a0977139e4240baea5f
com.squareup.misk	misk-grpc-reflect	2025.03.05.143846-6d8d0af		88c9d1538742277cce1b0a0977139e4240baea5f
com.squareup.misk	misk-grpc-reflect	2025.03.05.153222-bda057a		88c9d1538742277cce1b0a0977139e4240baea5f
com.squareup.misk	misk-grpc-reflect	2025.03.06.122225-31e6013		88c9d1538742277cce1b0a0977139e4240baea5f
com.squareup.misk	misk-grpc-reflect	2025.03.06.123030-77438e0		88c9d1538742277cce1b0a0977139e4240baea5f
com.squareup.misk	misk-grpc-reflect	2025.03.06.160140-7bca413		88c9d1538742277cce1b0a0977139e4240baea5f
com.squareup.misk	misk-grpc-reflect	2025.03.07.034245-87257e4		88c9d1538742277cce1b0a0977139e4240baea5f
com.squareup.misk	misk-grpc-reflect	2025.03.07.050352-9fc23f7		88c9d1538742277cce1b0a0977139e4240baea5f
com.squareup.misk	misk-grpc-reflect	2025.03.07.151417-f5b7317		88c9d1538742277cce1b0a0977139e4240baea5f
com.squareup.misk	misk-grpc-reflect	2025.03.07.152727-5eb2c85		88c9d1538742277cce1b0a0977139e4240baea5f
com.squareup.misk	misk-grpc-reflect	2025.03.07.185615-8827216		88c9d1538742277cce1b0a0977139e4240baea5f
com.squareup.misk	misk-grpc-reflect	2025.03.07.190552-4b62959		88c9d1538742277cce1b0a0977139e4240baea5f
com.squareup.misk	misk-grpc-reflect	2025.03.09.155609-976c894		88c9d1538742277cce1b0a0977139e4240baea5f
com.squareup.misk	misk-grpc-reflect	2025.03.10.204116-0a411b2		88c9d1538742277cce1b0a0977139e4240baea5f
com.squareup.misk	misk-grpc-reflect	2025.03.11.133852-c75fdea		88c9d1538742277cce1b0a0977139e4240baea5f
com.squareup.misk	misk-grpc-reflect	2025.03.11.192151-1de296b		88c9d1538742277cce1b0a0977139e4240baea5f
com.squareup.misk	misk-grpc-reflect	2025.03.12.030923-8adb388		88c9d1538742277cce1b0a0977139e4240baea5f
com.squareup.misk	misk-grpc-reflect	2025.03.12.140225-6e98206		88c9d1538742277cce1b0a0977139e4240baea5f
com.squareup.misk	misk-grpc-reflect	2025.03.13.040446-d2f030a		88c9d1538742277cce1b0a0977139e4240baea5f
com.squareup.misk	misk-grpc-reflect	2025.03.13.062309-09a68ee		88c9d1538742277cce1b0a0977139e4240baea5f
com.squareup.misk	misk-grpc-reflect	2025.03.13.144753-efe5f2d		88c9d1538742277cce1b0a0977139e4240baea5f
com.squareup.misk	misk-grpc-reflect	2025.03.13.184100-56ab6ab		88c9d1538742277cce1b0a0977139e4240baea5f
com.squareup.misk	misk-grpc-reflect	2025.03.14.123907-698aa2b		88c9d1538742277cce1b0a0977139e4240baea5f
com.squareup.misk	misk-grpc-reflect	2025.03.14.195250-9752697		88c9d1538742277cce1b0a0977139e4240baea5f
com.squareup.misk	misk-grpc-reflect	2025.03.17.032546-a9621e9		88c9d1538742277cce1b0a0977139e4240baea5f
com.squareup.misk	misk-grpc-reflect	2025.03.17.043734-66afc5e		88c9d1538742277cce1b0a0977139e4240baea5f
com.squareup.misk	misk-grpc-reflect	2025.03.17.160337-2c6953c		88c9d1538742277cce1b0a0977139e4240baea5f
com.squareup.misk	misk-grpc-reflect	2025.04.01.184033-1915641		88c9d1538742277cce1b0a0977139e4240baea5f
com.squareup.misk	misk-grpc-reflect	2025.04.01.191209-88c25ca		88c9d1538742277cce1b0a0977139e4240baea5f
com.squareup.misk	misk-grpc-reflect	2025.04.01.200928-57a263a		88c9d1538742277cce1b0a0977139e4240baea5f
com.squareup.misk	misk-grpc-reflect	2025.04.01.235859-f4b2334		88c9d1538742277cce1b0a0977139e4240baea5f
com.squareup.misk	misk-grpc-reflect	2025.04.02.124500-1ebb756		88c9d1538742277cce1b0a0977139e4240baea5f
com.squareup.misk	misk-grpc-reflect	2025.04.02.171644-7a1350f		88c9d1538742277cce1b0a0977139e4240baea5f
com.squareup.misk	misk-grpc-reflect	2025.04.02.182333-80b2694		88c9d1538742277cce1b0a0977139e4240baea5f
com.squareup.misk	misk-grpc-reflect	2025.04.02.195630-a61d550		88c9d1538742277cce1b0a0977139e4240baea5f
com.squareup.misk	misk-grpc-reflect	2025.04.02.210401-915293c		88c9d1538742277cce1b0a0977139e4240baea5f
com.squareup.misk	misk-grpc-reflect	2025.04.03.151535-b69ab0e		88c9d1538742277cce1b0a0977139e4240baea5f
com.squareup.misk	misk-grpc-reflect	2025.04.03.153131-9025605		88c9d1538742277cce1b0a0977139e4240baea5f
com.squareup.misk	misk-grpc-reflect	2025.04.04.114411-d80e5d9		88c9d1538742277cce1b0a0977139e4240baea5f
com.squareup.misk	misk-grpc-reflect	2025.04.04.132805-43bcba0		88c9d1538742277cce1b0a0977139e4240baea5f
com.squareup.misk	misk-grpc-reflect	2025.04.04.161400-1ce0b62		88c9d1538742277cce1b0a0977139e4240baea5f
com.squareup.misk	misk-grpc-reflect	2025.04.07.134512-cd5a9ea		88c9d1538742277cce1b0a0977139e4240baea5f
com.squareup.misk	misk-grpc-reflect	2025.04.07.162316-b3b11f7		88c9d1538742277cce1b0a0977139e4240baea5f
com.squareup.misk	misk-grpc-reflect	2025.04.07.195645-2d2cea0		88c9d1538742277cce1b0a0977139e4240baea5f
com.squareup.misk	misk-grpc-reflect	2025.04.08.141334-a953aa8		88c9d1538742277cce1b0a0977139e4240baea5f
com.squareup.misk	misk-grpc-reflect	2025.04.08.212004-14f1a29		88c9d1538742277cce1b0a0977139e4240baea5f
com.squareup.misk	misk-grpc-reflect	2025.04.09.202256-90dc722		88c9d1538742277cce1b0a0977139e4240baea5f
com.squareup.misk	misk-grpc-reflect	2025.04.10.155641-fdf5b6c		88c9d1538742277cce1b0a0977139e4240baea5f
com.squareup.misk	misk-grpc-reflect	2025.04.10.204955-5b7fc62		88c9d1538742277cce1b0a0977139e4240baea5f
com.squareup.misk	misk-grpc-reflect	2025.04.11.203513-d84dd5e		88c9d1538742277cce1b0a0977139e4240baea5f
com.squareup.misk	misk-grpc-reflect	2025.04.11.210459-e21afc3		88c9d1538742277cce1b0a0977139e4240baea5f
com.squareup.misk	misk-grpc-reflect	2025.04.11.221911-bd60810		88c9d1538742277cce1b0a0977139e4240baea5f
com.squareup.misk	misk-grpc-reflect	2025.04.14.012240-710e0d9		88c9d1538742277cce1b0a0977139e4240baea5f
com.squareup.misk	misk-grpc-reflect	2025.04.14.135005-fc20d69		88c9d1538742277cce1b0a0977139e4240baea5f
com.squareup.misk	misk-grpc-reflect	2025.04.14.222955-4dbd317		88c9d1538742277cce1b0a0977139e4240baea5f
com.squareup.misk	misk-grpc-reflect	2025.04.15.141348-3f9c82e		88c9d1538742277cce1b0a0977139e4240baea5f
com.squareup.misk	misk-grpc-reflect	2025.04.15.173134-e7f1549		88c9d1538742277cce1b0a0977139e4240baea5f
com.squareup.misk	misk-grpc-reflect	2025.04.15.190850-edc10ed		88c9d1538742277cce1b0a0977139e4240baea5f
com.squareup.misk	misk-grpc-reflect	2025.04.16.110632-aaa75cf		88c9d1538742277cce1b0a0977139e4240baea5f
com.squareup.misk	misk-grpc-reflect	2025.04.16.165130-c4e8d60		88c9d1538742277cce1b0a0977139e4240baea5f
com.squareup.misk	misk-grpc-reflect	2025.04.16.210958-554a97b		88c9d1538742277cce1b0a0977139e4240baea5f
com.squareup.misk	misk-grpc-reflect	2025.04.18.010200-b4024c8		88c9d1538742277cce1b0a0977139e4240baea5f
com.squareup.misk	misk-grpc-reflect	2025.04.18.205229-1494a46		88c9d1538742277cce1b0a0977139e4240baea5f
com.squareup.misk	misk-grpc-reflect	2025.04.21.131031-2bcdc66		88c9d1538742277cce1b0a0977139e4240baea5f
com.squareup.misk	misk-grpc-reflect	2025.04.21.131752-85a6014		88c9d1538742277cce1b0a0977139e4240baea5f
com.squareup.misk	misk-grpc-reflect	2025.04.21.180826-e20ccf6		88c9d1538742277cce1b0a0977139e4240baea5f
com.squareup.misk	misk-grpc-reflect	2025.04.21.223051-6bca9fd		88c9d1538742277cce1b0a0977139e4240baea5f
com.squareup.misk	misk-grpc-reflect	2025.04.22.140539-f19829d		88c9d1538742277cce1b0a0977139e4240baea5f
com.squareup.misk	misk-grpc-reflect	2025.04.22.171550-cce2982		88c9d1538742277cce1b0a0977139e4240baea5f
com.squareup.misk	misk-grpc-reflect	2025.04.22.175657-dd26d95		88c9d1538742277cce1b0a0977139e4240baea5f
com.squareup.misk	misk-grpc-reflect	2025.04.23.145440-9c0a2a6		88c9d1538742277cce1b0a0977139e4240baea5f
com.squareup.misk	misk-grpc-reflect	2025.04.27.230742-6035cb3		88c9d1538742277cce1b0a0977139e4240baea5f
com.squareup.misk	misk-grpc-reflect	2025.04.28.024311-8a5bdcc		88c9d1538742277cce1b0a0977139e4240baea5f
com.squareup.misk	misk-grpc-reflect	2025.04.28.114721-1e25179		88c9d1538742277cce1b0a0977139e4240baea5f
com.squareup.misk	misk-grpc-reflect	2025.04.28.155153-6883a61		88c9d1538742277cce1b0a0977139e4240baea5f
com.squareup.misk	misk-grpc-reflect	2025.04.28.203816-9b5ed38		88c9d1538742277cce1b0a0977139e4240baea5f
com.squareup.misk	misk-grpc-reflect	2025.04.28.231800-8fc0296		88c9d1538742277cce1b0a0977139e4240baea5f
com.squareup.misk	misk-grpc-reflect	2025.04.29.071058-3c3c9d2		88c9d1538742277cce1b0a0977139e4240baea5f
com.squareup.misk	misk-grpc-reflect	2025.04.30.182728-7288ba1		88c9d1538742277cce1b0a0977139e4240baea5f
com.squareup.misk	misk-grpc-reflect	2025.05.01.193640-82510a4		88c9d1538742277cce1b0a0977139e4240baea5f
com.squareup.misk	misk-grpc-reflect	2025.05.01.231241-15abcc3		88c9d1538742277cce1b0a0977139e4240baea5f
com.squareup.misk	misk-grpc-reflect	2025.05.02.170248-78d08e3		88c9d1538742277cce1b0a0977139e4240baea5f
com.squareup.misk	misk-grpc-reflect	2025.05.02.190554-0cef185		88c9d1538742277cce1b0a0977139e4240baea5f
com.squareup.misk	misk-grpc-reflect	2025.05.02.220048-fae57e8		88c9d1538742277cce1b0a0977139e4240baea5f
com.squareup.misk	misk-grpc-reflect	2025.05.02.222809-f712db2		88c9d1538742277cce1b0a0977139e4240baea5f
com.squareup.misk	misk-grpc-reflect	2025.05.05.145425-c327194		88c9d1538742277cce1b0a0977139e4240baea5f
com.squareup.misk	misk-grpc-reflect	2025.05.05.153412-60aa451		88c9d1538742277cce1b0a0977139e4240baea5f
com.squareup.misk	misk-grpc-reflect	2025.05.05.192009-3b29aa5		88c9d1538742277cce1b0a0977139e4240baea5f
com.squareup.misk	misk-grpc-reflect	2025.05.06.132950-738ccb1		88c9d1538742277cce1b0a0977139e4240baea5f
com.squareup.misk	misk-grpc-reflect	2025.05.06.160528-ae61202		88c9d1538742277cce1b0a0977139e4240baea5f
com.squareup.misk	misk-grpc-reflect	2025.05.06.174739-4bf5568		88c9d1538742277cce1b0a0977139e4240baea5f
com.squareup.misk	misk-grpc-reflect	2025.05.07.021127-b2a4d11		88c9d1538742277cce1b0a0977139e4240baea5f
com.squareup.misk	misk-grpc-reflect	2025.05.07.150211-129b52d		88c9d1538742277cce1b0a0977139e4240baea5f
com.squareup.misk	misk-grpc-reflect	2025.05.07.163015-36c5fd5		88c9d1538742277cce1b0a0977139e4240baea5f
com.squareup.misk	misk-grpc-reflect	2025.05.07.175734-9a2b69c		88c9d1538742277cce1b0a0977139e4240baea5f
com.squareup.misk	misk-grpc-reflect	2025.05.07.212523-266231f		88c9d1538742277cce1b0a0977139e4240baea5f
com.squareup.misk	misk-grpc-reflect	2025.05.08.192753-98ced47		88c9d1538742277cce1b0a0977139e4240baea5f
com.squareup.misk	misk-grpc-reflect	2025.05.08.201840-de6826b		88c9d1538742277cce1b0a0977139e4240baea5f
com.squareup.misk	misk-grpc-reflect	2025.05.09.100938-c05fed2		88c9d1538742277cce1b0a0977139e4240baea5f
com.squareup.misk	misk-grpc-reflect	2025.05.09.142831-306a2e9		88c9d1538742277cce1b0a0977139e4240baea5f
com.squareup.misk	misk-grpc-reflect	2025.05.09.191522-295ad47		88c9d1538742277cce1b0a0977139e4240baea5f
com.squareup.misk	misk-grpc-reflect	2025.05.09.220158-c596073		88c9d1538742277cce1b0a0977139e4240baea5f
com.squareup.misk	misk-grpc-reflect	2025.05.11.033149-486251d		88c9d1538742277cce1b0a0977139e4240baea5f
com.squareup.misk	misk-grpc-reflect	2025.05.12.134151-fe3b2a9		88c9d1538742277cce1b0a0977139e4240baea5f
com.squareup.misk	misk-grpc-reflect	2025.05.14.004032-102a042		88c9d1538742277cce1b0a0977139e4240baea5f
com.squareup.misk	misk-grpc-reflect	2025.05.14.171253-56b3b95		88c9d1538742277cce1b0a0977139e4240baea5f
com.squareup.misk	misk-grpc-reflect	2025.05.14.204930-c18856f		88c9d1538742277cce1b0a0977139e4240baea5f
com.squareup.misk	misk-grpc-reflect	2025.05.14.225818-a959497		88c9d1538742277cce1b0a0977139e4240baea5f
com.tencentcloudapi	tencentcloud-sdk-java-wav	3.1.285		3b5e87154fe4872ee73ac032b8ca56534b15e834
com.tencentcloudapi	tencentcloud-sdk-java-wav	3.1.285	jar-with-dependencies	b170520c6a51ba35adf671a2651a7e9d2671a992
com.tencentcloudapi	tencentcloud-sdk-java-wav	3.1.286		01292ca77674fc459e04fc183f421f3045a956ce
com.tencentcloudapi	tencentcloud-sdk-java-wav	3.1.286	jar-with-dependencies	af569b7188af064557e754710554a13d6bcaabad
com.tencentcloudapi	tencentcloud-sdk-java-wav	3.1.287		e194ac2a71e343972c9cc87f99085ac82f3df6f5
com.tencentcloudapi	tencentcloud-sdk-java-wav	3.1.287	jar-with-dependencies	49fca5b2ff3307063a9c3535438804c8e7d0183a
com.tencentcloudapi	tencentcloud-sdk-java-wav	3.1.288		0d06753b78ebd03af3750e3b4c58219b1bb86bbf
com.tencentcloudapi	tencentcloud-sdk-java-wav	3.1.288	jar-with-dependencies	5c2b5f9ffd2c0fd365d0da917f57b43663f223b5
com.tencentcloudapi	tencentcloud-sdk-java-wav	3.1.289		1574b665953bf647e3576ac37973455e58b79510
com.tencentcloudapi	tencentcloud-sdk-java-wav	3.1.289	jar-with-dependencies	257ad8ec2593745a49d8f035608c6deaead22133
com.tencentcloudapi	tencentcloud-sdk-java-wav	3.1.290		5612130d3d50abfa5a439f45b133fa40c6f67a9c
com.tencentcloudapi	tencentcloud-sdk-java-wav	3.1.290	jar-with-dependencies	6ba6bc61654dabcdcbd5ce5a1745c7a16dfb133f
com.tencentcloudapi	tencentcloud-sdk-java-wav	3.1.291		c1b2e669441791961198713df2c0e0e26750e6b0
com.tencentcloudapi	tencentcloud-sdk-java-wav	3.1.291	jar-with-dependencies	8d5709104bccd3e708e1e0cdc8aefa1feb41422f
com.tencentcloudapi	tencentcloud-sdk-java-wav	3.1.292		de9dc2f75dbc73c238b2af425c9bd6246a4b3644
com.tencentcloudapi	tencentcloud-sdk-java-wav	3.1.292	jar-with-dependencies	e0dae413994602f88afc03c9bb39101d78792ad2
com.tencentcloudapi	tencentcloud-sdk-java-wav	3.1.293		6f75b3761ebd7d90f116708323cb705f8e5f4c07
com.tencentcloudapi	tencentcloud-sdk-java-wav	3.1.293	jar-with-dependencies	0224e912ddc7fed3f88bcebdf2b6aa78a2765c8f
com.tencentcloudapi	tencentcloud-sdk-java-wav	3.1.294		7268a020425e11e52f456fca0e43201b67e953ed
com.tencentcloudapi	tencentcloud-sdk-java-wav	3.1.294	jar-with-dependencies	d03258b19d27ad4cee14d6e4f89cdb7034a50c3f
com.tencentcloudapi	tencentcloud-sdk-java-wav	3.1.295		b7f73b03728b166ecfefe93b36d3a335e0001e1a
com.tencentcloudapi	tencentcloud-sdk-java-wav	3.1.295	jar-with-dependencies	a5465092c468c3b982b7d7e8571e86e9119b4fd4
com.tencentcloudapi	tencentcloud-sdk-java-wav	3.1.296		099ec7555ad732bcd175d315e84f1f3b0fc5192b
com.tencentcloudapi	tencentcloud-sdk-java-wav	3.1.296	jar-with-dependencies	8b6e5a4b1d18134dc18be49f7eed8e41ae4da5ab
com.tencentcloudapi	tencentcloud-sdk-java-wav	3.1.298		f8aee2b4333723858c1c22fcb62eeee5eb0a6f26
com.tencentcloudapi	tencentcloud-sdk-java-wav	3.1.298	jar-with-dependencies	e0731961c33457caa27616dccfd0067a712e88bd
com.tencentcloudapi	tencentcloud-sdk-java-wav	3.1.299		a62f155ba6ea9d575a87edd016a07093c19ff3eb
com.tencentcloudapi	tencentcloud-sdk-java-wav	3.1.299	jar-with-dependencies	a9c4ecae3a8233ef7699d724680e28b1e8ee2c92
com.tencentcloudapi	tencentcloud-sdk-java-wav	3.1.300		3b490718446ccaa950f54de24789c57e01386e84
com.tencentcloudapi	tencentcloud-sdk-java-wav	3.1.300	jar-with-dependencies	c88da2c5bf6dd6a011aca40cf33a66c7cfe20bfb
com.tencentcloudapi	tencentcloud-sdk-java-wav	3.1.301		5b4bb33542eeeb6e42e5a9b969b27d2fea340467
com.tencentcloudapi	tencentcloud-sdk-java-wav	3.1.301	jar-with-dependencies	ec234d2467f0087932d99847ef09ef74b3d00382
com.tencentcloudapi	tencentcloud-sdk-java-wav	3.1.302		c2095fecf44a3346e7152fcf20bab01256dc8634
com.tencentcloudapi	tencentcloud-sdk-java-wav	3.1.302	jar-with-dependencies	15bb8d41c8c09d3efa640f0fb752501297100eaf
com.tencentcloudapi	tencentcloud-sdk-java-wav	3.1.303		5926bde9ee333e62e25ab4a6a037d07040616d45
com.tencentcloudapi	tencentcloud-sdk-java-wav	3.1.303	jar-with-dependencies	328e85deed88b7a3f05f748aa21f42de0dfb4438
com.tencentcloudapi	tencentcloud-sdk-java-wav	3.1.304		a7f86e243ea3eea612b20066655f2929c59b3cd4
com.tencentcloudapi	tencentcloud-sdk-java-wav	3.1.304	jar-with-dependencies	9bf193984c31a33845fd35f00b8c17fcbe0cfa52
com.tencentcloudapi	tencentcloud-sdk-java-wav	3.1.305		8a192419f9c5118a27714c5143dbe75a109dda8c
com.tencentcloudapi	tencentcloud-sdk-java-wav	3.1.305	jar-with-dependencies	2e15d51d7aa7b34a1013fd71ae2c18141469c2d8
com.tencentcloudapi	tencentcloud-sdk-java-wav	3.1.306		697fca40141ffbe4894cfc6de404fc6552fc001d
com.tencentcloudapi	tencentcloud-sdk-java-wav	3.1.306	jar-with-dependencies	0110f2ab081caffa416b7c5347b7bb96b8abe836
com.tencentcloudapi	tencentcloud-sdk-java-wav	3.1.307		f74359e0cf1874a4288ce0fda683fd13c80c5cbf
com.tencentcloudapi	tencentcloud-sdk-java-wav	3.1.307	jar-with-dependencies	9292cc6cc7b2ffd5323499c5a774dc69064f9e0b
com.tencentcloudapi	tencentcloud-sdk-java-wav	3.1.308		39550d157439a71dc988d855edc3bd5ffe1cd832
com.tencentcloudapi	tencentcloud-sdk-java-wav	3.1.308	jar-with-dependencies	5bcc1d8977d8366eacdab0661b6bb1955c3188c7
com.tencentcloudapi	tencentcloud-sdk-java-wav	3.1.309		f2e1478349d61c801d634c442879f99616ea47d1
com.tencentcloudapi	tencentcloud-sdk-java-wav	3.1.309	jar-with-dependencies	89f2aac814d623c8e17b89ad5f733eec15b97ff2
com.tencentcloudapi	tencentcloud-sdk-java-wav	3.1.310		ac17d3da9aeebaf552a495c8832485a4f1acab8b
com.tencentcloudapi	tencentcloud-sdk-java-wav	3.1.310	jar-with-dependencies	abb41f6e3687b67b9bff5709d5f55e39568df746
com.tencentcloudapi	tencentcloud-sdk-java-wav	3.1.320		8d6c1bff6689b5c062ae4182238966f3b5405fa0
com.tencentcloudapi	tencentcloud-sdk-java-wav	3.1.320	jar-with-dependencies	c58a0275ad3c64db09004cc1eb19353c3e1abca4
com.tencentcloudapi	tencentcloud-sdk-java-wav	3.1.321		5b23a6c34058367a41ed9606bf10176817ffad1a
com.tencentcloudapi	tencentcloud-sdk-java-wav	3.1.321	jar-with-dependencies	ec8d03bc04a8aa3353e9cc798a96fddf1b7bf7e6
com.tencentcloudapi	tencentcloud-sdk-java-wav	3.1.322		b31f39cf1bdbf9c19aec3040eb925ebf500e57af
com.tencentcloudapi	tencentcloud-sdk-java-wav	3.1.322	jar-with-dependencies	cfe7641ce5bc0b0bb5d138f7b829fc6f02a463e3
com.tencentcloudapi	tencentcloud-sdk-java-wav	3.1.323		c86aa47e264792f9895c7d2e335e6de38d5ae3f5
com.tencentcloudapi	tencentcloud-sdk-java-wav	3.1.323	jar-with-dependencies	8510302127c30e1010ed3c2879134c935f5af9b2
com.tencentcloudapi	tencentcloud-sdk-java-wav	3.1.324		a8d27fd3f56a971d0ed070c80c7761d195ec96b6
com.tencentcloudapi	tencentcloud-sdk-java-wav	3.1.324	jar-with-dependencies	89ec720287253aaeac9d1c171ad2396b2eb41981
com.tencentcloudapi	tencentcloud-sdk-java-wav	3.1.325		1757339462d51891335da3cbd3867d726791178f
com.tencentcloudapi	tencentcloud-sdk-java-wav	3.1.325	jar-with-dependencies	3af03bd6b87c6a1682e4ebda67878f29b3cb2c1c
com.tencentcloudapi	tencentcloud-sdk-java-wav	3.1.326		4a6aea1838103d1c1e72b1779b1f30173e47f3a1
com.tencentcloudapi	tencentcloud-sdk-java-wav	3.1.326	jar-with-dependencies	94b8514d51a4db1a0b943a5edbb72a646932e594
com.tencentcloudapi	tencentcloud-sdk-java-wav	3.1.327		464267206014a78470f64bdb4c4674dba888ee6a
com.tencentcloudapi	tencentcloud-sdk-java-wav	3.1.327	jar-with-dependencies	d83cce861280f6b3b4ab19b382375e83ae65d8ee
com.tencentcloudapi	tencentcloud-sdk-java-wav	3.1.328		939d21b096a7d3a61a2418c2568928715261f412
com.tencentcloudapi	tencentcloud-sdk-java-wav	3.1.328	jar-with-dependencies	290f8df076c45dd0c8de5a20f4a0791c497bfe2c
com.tencentcloudapi	tencentcloud-sdk-java-wav	3.1.329		20e0149495569e965582b7f4330f14ff52b0c205
com.tencentcloudapi	tencentcloud-sdk-java-wav	3.1.329	jar-with-dependencies	22cd7fa1117c91a9d7877e03b4456857df37f898
com.tencentcloudapi	tencentcloud-sdk-java-wav	3.1.330		5f1118590efaac1c6ea81f099783224763babf28
com.tencentcloudapi	tencentcloud-sdk-java-wav	3.1.330	jar-with-dependencies	4222d41c3d435c32b48fc6658bc55422e633b069
com.tencentcloudapi	tencentcloud-sdk-java-wav	3.1.331		3cd0711921f87a6373b4c92b6672e143de268aa9
com.tencentcloudapi	tencentcloud-sdk-java-wav	3.1.331	jar-with-dependencies	b1fee6521cf3417a3c0b36c11136386f32cc2cb3
com.tencentcloudapi	tencentcloud-sdk-java-wav	3.1.332		ef4cafdf22844508ebf3fa0f1470a63d84dd10e9
com.tencentcloudapi	tencentcloud-sdk-java-wav	3.1.332	jar-with-dependencies	a9788e1c0133032f2e284133d48f0e9879fce4da
com.tencentcloudapi	tencentcloud-sdk-java-wav	3.1.334		8166e0cbb215919c9fd23baad253711723f7104c
com.tencentcloudapi	tencentcloud-sdk-java-wav	3.1.334	jar-with-dependencies	0650faeffdba845e8da45faa51a8652545711485
com.tencentcloudapi	tencentcloud-sdk-java-wav	3.1.336		5fc3f01e90e47aa38f3308d135959c380e97ddde
com.tencentcloudapi	tencentcloud-sdk-java-wav	3.1.336	jar-with-dependencies	8ef46472d96db5fe604f4adf5d80985a54d1fb8c
com.tencentcloudapi	tencentcloud-sdk-java-wav	3.1.337		d11eb4c5b26a533f31c0bb8fca7a50115bbe93fc
com.tencentcloudapi	tencentcloud-sdk-java-wav	3.1.337	jar-with-dependencies	45ff647dc0a7433a08b52198861768ff53575dee
com.tencentcloudapi	tencentcloud-sdk-java-wav	3.1.338		026979c0b3e7806c07f827976674e2be7d598435
com.tencentcloudapi	tencentcloud-sdk-java-wav	3.1.338	jar-with-dependencies	c341e3040ab4be06bd750f4eb9876806de1d99be
com.tencentcloudapi	tencentcloud-sdk-java-wav	3.1.339		bcf250321dd51a2e2dc8093cb323553d05759058
com.tencentcloudapi	tencentcloud-sdk-java-wav	3.1.339	jar-with-dependencies	6ab45d07ebca90cca2ea1ffea35fdc67092e5501
com.tencentcloudapi	tencentcloud-sdk-java-wav	3.1.340		832f1952b97ad415719defbd4979718226494f62
com.tencentcloudapi	tencentcloud-sdk-java-wav	3.1.340	jar-with-dependencies	c916ec8e84086e5189a155af205f35c813040bf1
com.tencentcloudapi	tencentcloud-sdk-java-wav	3.1.341		9b7f18cd15018d3478bf48ea6fb8a177195903fc
com.tencentcloudapi	tencentcloud-sdk-java-wav	3.1.341	jar-with-dependencies	8f01263a753a18a333b18cfbb8ff3d283a73cb93
com.tencentcloudapi	tencentcloud-sdk-java-wav	3.1.342		899739a349db6f132fb5ed4121ee14714bbfa34f
com.tencentcloudapi	tencentcloud-sdk-java-wav	3.1.342	jar-with-dependencies	10682433c67fe5fd82685c940f4630c6e307fe56
com.tencentcloudapi	tencentcloud-sdk-java-wav	3.1.343		2ef39676f11c79f91ca936e4a463a88758504117
com.tencentcloudapi	tencentcloud-sdk-java-wav	3.1.343	jar-with-dependencies	14674f924efd0dbc03017600c6587ceeeedb5db2
com.tencentcloudapi	tencentcloud-sdk-java-wav	3.1.344		8107b0f3fd97f64b28a68c938c0d2a1a984b3f8a
com.tencentcloudapi	tencentcloud-sdk-java-wav	3.1.344	jar-with-dependencies	a5af13c2c0e6fd2c60e14ea382abda64dfae840b
com.tencentcloudapi	tencentcloud-sdk-java-wav	3.1.345		705709a4088203972ed8f617251bd84fe3085ba8
com.tencentcloudapi	tencentcloud-sdk-java-wav	3.1.345	jar-with-dependencies	709db4462d7b94928729c433b3693b793f47586e
com.tencentcloudapi	tencentcloud-sdk-java-wav	3.1.347		c0063823b02636473e635e101778107f135df389
com.tencentcloudapi	tencentcloud-sdk-java-wav	3.1.347	jar-with-dependencies	349e13bd268c56574efa9b82ec40e4d3be36190a
com.tencentcloudapi	tencentcloud-sdk-java-wav	3.1.348		7cf638ad1dbbac8d02f350823f88ee33615a6404
com.tencentcloudapi	tencentcloud-sdk-java-wav	3.1.348	jar-with-dependencies	003b4daf04a49d140b571a27cd09e8b804f0914f
com.tencentcloudapi	tencentcloud-sdk-java-wav	3.1.349		0d669f944cf74be16e5e23ada3b75ae4591d3d18
com.tencentcloudapi	tencentcloud-sdk-java-wav	3.1.349	jar-with-dependencies	2e0ecd48b50820a835f4088005db61ada93e7e7d
com.tencentcloudapi	tencentcloud-sdk-java-wav	3.1.352		27e03a72e4d93001d45f7e8c3feeb75f674695d2
com.tencentcloudapi	tencentcloud-sdk-java-wav	3.1.352	jar-with-dependencies	45640e79cf87f21c1944e55bac02afd747d17e81
com.tencentcloudapi	tencentcloud-sdk-java-wav	3.1.353		3b37ad9d2d30ba053f750aefb8bc46cd63f0f1d9
com.tencentcloudapi	tencentcloud-sdk-java-wav	3.1.353	jar-with-dependencies	5456212009730e1d493d1b407a23d121c610bc32
com.tencentcloudapi	tencentcloud-sdk-java-wav	3.1.354		4b3ae5dae2244b85369a0626f27887d4a989f268
com.tencentcloudapi	tencentcloud-sdk-java-wav	3.1.354	jar-with-dependencies	7c3741ab02c19343010260fb6f0ed0365f9158e1
com.tencentcloudapi	tencentcloud-sdk-java-wav	3.1.355		e92c6d89b5dfc9314246d56a6a801a835287bbf5
com.tencentcloudapi	tencentcloud-sdk-java-wav	3.1.355	jar-with-dependencies	2b95c73c9a826a90eb84c8fcef21dec382886966
com.tencentcloudapi	tencentcloud-sdk-java-wav	3.1.356		ea5979e32d9eb873cedd5f6bd1d81f849103db67
com.tencentcloudapi	tencentcloud-sdk-java-wav	3.1.356	jar-with-dependencies	e9c58e39e2d669a2622cef269fafcb3f5226a3ab
com.tencentcloudapi	tencentcloud-sdk-java-wav	3.1.357		2ca6aec2f7e35a0a36b0a2e595175fe818224068
com.tencentcloudapi	tencentcloud-sdk-java-wav	3.1.357	jar-with-dependencies	a9a8eb2323a5165fa8a8732d9df625782a6a71ef
com.tencentcloudapi	tencentcloud-sdk-java-wav	3.1.358		f8d3a53c3a007697f7a3ab7ca18a18ea01fe504a
com.tencentcloudapi	tencentcloud-sdk-java-wav	3.1.358	jar-with-dependencies	62ef94c537a8750f505b6dee77f1e3a2d805a907
com.tencentcloudapi	tencentcloud-sdk-java-wav	3.1.360		c2d095e06f1355841182b2cadff6d4335901e861
com.tencentcloudapi	tencentcloud-sdk-java-wav	3.1.360	jar-with-dependencies	c455e4760f835916bbe82ba965425564f27df1b2
com.tencentcloudapi	tencentcloud-sdk-java-wav	3.1.361		61cf871591f38e40f5ba42c5b69881248a324a00
com.tencentcloudapi	tencentcloud-sdk-java-wav	3.1.361	jar-with-dependencies	feefec2e52bff37604bc84874ebd47ff8d78075a
com.tencentcloudapi	tencentcloud-sdk-java-wav	3.1.362		86b081831e310fc74aceda2b925e46010931d33f
com.tencentcloudapi	tencentcloud-sdk-java-wav	3.1.362	jar-with-dependencies	4536f9d8bc5913dab7adb4ba606fc7f0c5316c7c
com.tencentcloudapi	tencentcloud-sdk-java-wav	3.1.364		953ed32e9636758145b14b2c8ec2e000dd46274f
com.tencentcloudapi	tencentcloud-sdk-java-wav	3.1.364	jar-with-dependencies	30bacf08f5816e3251407c2fdcdfa21843c639fa
com.tencentcloudapi	tencentcloud-sdk-java-wav	3.1.365		9ca27545cfd8791b53d38cb4de1eeb3ad7ce9785
com.tencentcloudapi	tencentcloud-sdk-java-wav	3.1.365	jar-with-dependencies	0e9d1def8043b79f0623a3477c2baf349b137cfc
com.tencentcloudapi	tencentcloud-sdk-java-wav	3.1.366		7fa010cc1627dac8a5f191dae8099d9063990ec6
com.tencentcloudapi	tencentcloud-sdk-java-wav	3.1.366	jar-with-dependencies	42dc9b5fe22afa081ad6a22c239138833dba44bc
com.tencentcloudapi	tencentcloud-sdk-java-wav	3.1.367		1c20bce4018541ca0896bb54f678f726a1ab193d
com.tencentcloudapi	tencentcloud-sdk-java-wav	3.1.367	jar-with-dependencies	d191c4c209f32b972aeddedb35c569d245f35245
com.tencentcloudapi	tencentcloud-sdk-java-wav	3.1.368		749bb49b82774354a88a142c25f43d8d2eb80f0c
com.tencentcloudapi	tencentcloud-sdk-java-wav	3.1.368	jar-with-dependencies	5ae06a9d76455faf15eb651d254bf604fa030d7e
com.tencentcloudapi	tencentcloud-sdk-java-wav	3.1.370		64beac7b84c1de9ba4273102bd702c8583083ed8
com.tencentcloudapi	tencentcloud-sdk-java-wav	3.1.370	jar-with-dependencies	8ab738fbc2ee184041117402c91a5a8cf33e8b81
com.tencentcloudapi	tencentcloud-sdk-java-wav	3.1.373		e721a3055553741d4819eadb08a95163429e9329
com.tencentcloudapi	tencentcloud-sdk-java-wav	3.1.373	jar-with-dependencies	bbee79581f959206474db19d49e5e30517a69901
com.tencentcloudapi	tencentcloud-sdk-java-wav	3.1.377		55db8cf331890179e462976a9c1fbc02f0da0088
com.tencentcloudapi	tencentcloud-sdk-java-wav	3.1.377	jar-with-dependencies	c30888b7bb94061c07225f41b8aa02b80ea888ad
com.tencentcloudapi	tencentcloud-sdk-java-wav	3.1.378		919557ce4e7cc58ed0ce5e51a21126df84d1f068
com.tencentcloudapi	tencentcloud-sdk-java-wav	3.1.378	jar-with-dependencies	9553d490effb7d8cd791d989a16e2fb19fcb551c
com.tencentcloudapi	tencentcloud-sdk-java-wav	3.1.379		78a973620b81f132fb7bc891597641ad80b0c228
com.tencentcloudapi	tencentcloud-sdk-java-wav	3.1.379	jar-with-dependencies	b0a48bb2eb9eee458d7cbab36b682b76a2a47ce9
com.tencentcloudapi	tencentcloud-sdk-java-wav	3.1.380		025211988265973f0dbc3ccf992652e4f59d30b2
com.tencentcloudapi	tencentcloud-sdk-java-wav	3.1.380	jar-with-dependencies	bce6ff3b2f60358ac520c689bd4ce700bd79aca5
com.tencentcloudapi	tencentcloud-sdk-java-wav	3.1.381		c51e81052d2fed705d1e99b244ca1a1a354d15b9
com.tencentcloudapi	tencentcloud-sdk-java-wav	3.1.381	jar-with-dependencies	24a44f29206248911544046f2ade9b0addc3bd43
com.tencentcloudapi	tencentcloud-sdk-java-wav	3.1.382		671525126938f7a232cf4b452ee513d40aea50d6
com.tencentcloudapi	tencentcloud-sdk-java-wav	3.1.382	jar-with-dependencies	4c0fb164dba68f2b2f7e1166fb10d68cf9d77848
com.tencentcloudapi	tencentcloud-sdk-java-wav	3.1.383		b92ae300c42bd38c5b061fbf6cfdbb97d41d48b2
com.tencentcloudapi	tencentcloud-sdk-java-wav	3.1.383	jar-with-dependencies	ffc595772932a5e64a103d36cf7f6a85514e4c3f
com.tencentcloudapi	tencentcloud-sdk-java-wav	3.1.384		9eceead57d606edcde5504bc062993dae3e9ab68
com.tencentcloudapi	tencentcloud-sdk-java-wav	3.1.384	jar-with-dependencies	945330215e32dea930932ba127948707b61abad2
com.tencentcloudapi	tencentcloud-sdk-java-wav	3.1.385		04405a0cb2fc45ac3e3fc8071dc2fd49d36cb0ce
com.tencentcloudapi	tencentcloud-sdk-java-wav	3.1.385	jar-with-dependencies	fe09332dcc081b7da8cd8c5fd568938b13116081
com.tencentcloudapi	tencentcloud-sdk-java-wav	3.1.386		88ef6225c67337a49f609293da28a90ea215225a
com.tencentcloudapi	tencentcloud-sdk-java-wav	3.1.386	jar-with-dependencies	cb7c1b4af8bc742215e807d5fbf4f16f5bdc8551
com.tencentcloudapi	tencentcloud-sdk-java-wav	3.1.387		ef3bdbfe27e6e1419b44d29216bca5e4ad339115
com.tencentcloudapi	tencentcloud-sdk-java-wav	3.1.387	jar-with-dependencies	983d8988e64e3850707f19a3c6384a863cc1f520
com.tencentcloudapi	tencentcloud-sdk-java-wav	3.1.388		d805ddd5dd44972144e590a45f77783999ba5fd0
com.tencentcloudapi	tencentcloud-sdk-java-wav	3.1.388	jar-with-dependencies	147533628ac5438d1ab0d46f8207fc9ca14ae140
com.tencentcloudapi	tencentcloud-sdk-java-wav	3.1.389		574c50b2f82a2c9f6efc735f5b8e07ac71ec6502
com.tencentcloudapi	tencentcloud-sdk-java-wav	3.1.389	jar-with-dependencies	0e631a14433e69474da90e42990f8e628d1f8914
com.tencentcloudapi	tencentcloud-sdk-java-wav	3.1.390		11f8561b07f58af2b35db40500fb592b9a7f6ff9
com.tencentcloudapi	tencentcloud-sdk-java-wav	3.1.390	jar-with-dependencies	846940666aaa6c111af1dd36d83653fdb0ccceeb
com.tencentcloudapi	tencentcloud-sdk-java-wav	3.1.391		49fb78bb00338f5b62d745535c4ca65dc9f0ba94
com.tencentcloudapi	tencentcloud-sdk-java-wav	3.1.391	jar-with-dependencies	5fb7319a5d0150e2a59412cd68ec3363961f05b2
com.tencentcloudapi	tencentcloud-sdk-java-wav	3.1.392		74fc496e7fc73237044c72f64982fd8c66a1a8e3
com.tencentcloudapi	tencentcloud-sdk-java-wav	3.1.392	jar-with-dependencies	370bd8a4c1e66e62dcf7ed39b3c68e07a61ba5fe
com.tencentcloudapi	tencentcloud-sdk-java-wav	3.1.394		a6dcfdc705dcf837a95d9e6fb03a4be9e306303e
com.tencentcloudapi	tencentcloud-sdk-java-wav	3.1.394	jar-with-dependencies	a33d7ea2bc5e827b4948117496252bbefea4b4fa
com.tencentcloudapi	tencentcloud-sdk-java-wav	3.1.395		1593e642ca24a2b642af586ede9713b985a59011
com.tencentcloudapi	tencentcloud-sdk-java-wav	3.1.395	jar-with-dependencies	4143843d89dc3898f494b598c4b7ada810bdffbc
com.tencentcloudapi	tencentcloud-sdk-java-wav	3.1.396		1c2b64987931cd64a90a92ea108aafa11af7abbd
com.tencentcloudapi	tencentcloud-sdk-java-wav	3.1.396	jar-with-dependencies	241dfd1a68927371f23060499ffa707f958fbe1b
com.tencentcloudapi	tencentcloud-sdk-java-wav	3.1.397		04786392d6be9a0763c62321a36110beabb33e55
com.tencentcloudapi	tencentcloud-sdk-java-wav	3.1.397	jar-with-dependencies	6e0d7e41d8a5ad5cf40eaeaf733dbc8ef2df0bff
com.tencentcloudapi	tencentcloud-sdk-java-wav	3.1.398		7b5ef427c86d4bde1cb4cfc11c6237d41b529b1f
com.tencentcloudapi	tencentcloud-sdk-java-wav	3.1.398	jar-with-dependencies	1aa38c1a95a30e1f8cbe254151fc8ee47b1eb067
com.tencentcloudapi	tencentcloud-sdk-java-wav	3.1.399		c0241686f19134162f38d3276ac203ca6aad5685
com.tencentcloudapi	tencentcloud-sdk-java-wav	3.1.399	jar-with-dependencies	b71f7c88dd297566bd6e7b24777d62791d9b67fb
com.tencentcloudapi	tencentcloud-sdk-java-wav	3.1.401		d9128b056d80be6b44d7a1ed0e64e95989185ea3
com.tencentcloudapi	tencentcloud-sdk-java-wav	3.1.401	jar-with-dependencies	16bed7654bdad7051997454e29fb8f7eb0a6276f
com.tencentcloudapi	tencentcloud-sdk-java-wav	3.1.402		fc70dde2c5252be044102a0344ac56e42f8d5052
com.tencentcloudapi	tencentcloud-sdk-java-wav	3.1.402	jar-with-dependencies	f44e8bf56fa50c3d79a67f0050bb4e3512de2574
com.tencentcloudapi	tencentcloud-sdk-java-wav	3.1.403		3422c11ab10f48f4dafe253152862f499385c301
com.tencentcloudapi	tencentcloud-sdk-java-wav	3.1.403	jar-with-dependencies	6b738e2fae0f1b4eb3cf52b33b13ecdc4070fc4f
com.tencentcloudapi	tencentcloud-sdk-java-wav	3.1.404		819358f243b4d991e898e518198c39a6aae4cdf5
com.tencentcloudapi	tencentcloud-sdk-java-wav	3.1.404	jar-with-dependencies	57ce5d5563b4268cea66a9669c908a7ea70dc97c
com.tencentcloudapi	tencentcloud-sdk-java-wav	3.1.405		f093fb9648ee447b19a2e7276e100b22d74c42af
com.tencentcloudapi	tencentcloud-sdk-java-wav	3.1.405	jar-with-dependencies	a52f0d23e8ba8114649d02eec047aca426dfa5ac
com.tencentcloudapi	tencentcloud-sdk-java-wav	3.1.406		f2b93d8f3353d61f4b14c0c43a4b277dbfb56c78
com.tencentcloudapi	tencentcloud-sdk-java-wav	3.1.406	jar-with-dependencies	5c3cca458128f836e9b47225a3b2f9d36cd39062
com.tencentcloudapi	tencentcloud-sdk-java-wav	3.1.407		d04db08a31a9b78c517e7535e77e2a99d2a9b0ea
com.tencentcloudapi	tencentcloud-sdk-java-wav	3.1.407	jar-with-dependencies	fd307a268cbf643f3ad5ec2a1f303a5b987a9e19
com.tencentcloudapi	tencentcloud-sdk-java-wav	3.1.409		374d6263a0025587fd815c200f900d7791a8cf47
com.tencentcloudapi	tencentcloud-sdk-java-wav	3.1.409	jar-with-dependencies	de2fd72b8c1f75a439e2acd578be925e8d5ca193
com.tencentcloudapi	tencentcloud-sdk-java-wav	3.1.410		fe0253488ff650c93ec77dc1ea2b3a6214045f7e
com.tencentcloudapi	tencentcloud-sdk-java-wav	3.1.410	jar-with-dependencies	59786ad79bc38f402bc3181fb73307f24780d4cd
com.tencentcloudapi	tencentcloud-sdk-java-wav	3.1.412		6b0ca74cde8a77f4f87f915f8e378d8e4343c8b1
com.tencentcloudapi	tencentcloud-sdk-java-wav	3.1.412	jar-with-dependencies	c24bc5735cba7d0f9082ad55e3a5217e13b863b6
com.tencentcloudapi	tencentcloud-sdk-java-wav	3.1.413		bc7448e8280e4e817eebdd5928ceef0a9e815fbc
com.tencentcloudapi	tencentcloud-sdk-java-wav	3.1.413	jar-with-dependencies	c08e8bbf890242eae658642fa4c2c2b11f93c810
com.tencentcloudapi	tencentcloud-sdk-java-wav	3.1.414		7ab4ea607a42691286b7897847384fcce061525b
com.tencentcloudapi	tencentcloud-sdk-java-wav	3.1.414	jar-with-dependencies	c05e55da0a062f9da54a24c8d7bcfc0742409d3b
com.tencentcloudapi	tencentcloud-sdk-java-wav	3.1.416		e5871f2925a86e1eaa9ef12c181362393f6c4ab0
com.tencentcloudapi	tencentcloud-sdk-java-wav	3.1.416	jar-with-dependencies	f5e1b2657ab09cf5c1bf8ea728c7be9f255dcc4a
com.tencentcloudapi	tencentcloud-sdk-java-wav	3.1.418		720cb9623a0617df29b1d38298e2fefca57ed716
com.tencentcloudapi	tencentcloud-sdk-java-wav	3.1.418	jar-with-dependencies	1997280641788bceea61601d63ef4d3649536abd
com.tencentcloudapi	tencentcloud-sdk-java-wav	3.1.420		c8beb3bfec2950e3d1fd307046d9f4dde8a2f613
com.tencentcloudapi	tencentcloud-sdk-java-wav	3.1.420	jar-with-dependencies	8b22368546c7f9285f9e7a1a14066be09a30a8ae
com.tencentcloudapi	tencentcloud-sdk-java-wav	3.1.422		49a28bd2be4ae21dcd7ef5faf177eefd4d14f8a8
com.tencentcloudapi	tencentcloud-sdk-java-wav	3.1.422	jar-with-dependencies	7356cc823ab0c169e0cfd818e0e851403e6f9dbd
com.tencentcloudapi	tencentcloud-sdk-java-wav	3.1.423		d93b8031cb32242e9c888191a01fccd424387f09
com.tencentcloudapi	tencentcloud-sdk-java-wav	3.1.423	jar-with-dependencies	bdb58fd958b13b23a955302bf7e3fbb7cb628576
com.tencentcloudapi	tencentcloud-sdk-java-wav	3.1.424		fad31daa0b79921cde364642f33640ab1f6f9a87
com.tencentcloudapi	tencentcloud-sdk-java-wav	3.1.424	jar-with-dependencies	600554785f9b6c4e3a88a2eb9ea29bd8c9ef4d67
com.tencentcloudapi	tencentcloud-sdk-java-wav	3.1.425		23e1639fd4276a45ab9ba8218d0d7d6f05fc61cd
com.tencentcloudapi	tencentcloud-sdk-java-wav	3.1.425	jar-with-dependencies	3ee097ec358f64cde40843be924e31f650f16028
com.tencentcloudapi	tencentcloud-sdk-java-wav	3.1.426		afaad5ebae5210b2b9ac6694b3ce544988f06546
com.tencentcloudapi	tencentcloud-sdk-java-wav	3.1.426	jar-with-dependencies	2251fe3604da2a399685a1639aa473bc89afc7bb
com.tencentcloudapi	tencentcloud-sdk-java-wav	3.1.427		367bdcfd641aca742301f970862175df44a120f3
com.tencentcloudapi	tencentcloud-sdk-java-wav	3.1.427	jar-with-dependencies	8f8a5d9c238dee8e571b89df25e360a682849ed0
com.tencentcloudapi	tencentcloud-sdk-java-wav	3.1.429		2b767faf2451fb161b95eca49fc7f26e4d7003c1
com.tencentcloudapi	tencentcloud-sdk-java-wav	3.1.429	jar-with-dependencies	c0eabd32c025aa3ec48bb2069780776cecff6d02
com.tencentcloudapi	tencentcloud-sdk-java-wav	3.1.430		f01bc42fd76c0e8de5ef7ae461baa1310e4198c5
com.tencentcloudapi	tencentcloud-sdk-java-wav	3.1.430	jar-with-dependencies	e0f617fd9a9739d30b4bb701970fbe4d4a25744a
com.tencentcloudapi	tencentcloud-sdk-java-wav	3.1.431		b6a496e9e7f5b05d92b400f646003c725cd46351
com.tencentcloudapi	tencentcloud-sdk-java-wav	3.1.431	jar-with-dependencies	1d515c1c1ce259571d6181c1a67942c3004e1226
com.tencentcloudapi	tencentcloud-sdk-java-wav	3.1.432		bbf6e7486a2f05f4ab80f11236a5343c6df9ac63
com.tencentcloudapi	tencentcloud-sdk-java-wav	3.1.432	jar-with-dependencies	e1d61c8008c5ba95d4e4745ced3262669bc4da50
com.tencentcloudapi	tencentcloud-sdk-java-wav	3.1.434		5fe013a6a11cd928610173981f12cdb0ab33c4bb
com.tencentcloudapi	tencentcloud-sdk-java-wav	3.1.434	jar-with-dependencies	08826ac19c373cd8b6613266ac98525912ec4168
com.tencentcloudapi	tencentcloud-sdk-java-wav	3.1.435		4b97649c6e7f529a4a14eb69316008f6c356ce12
com.tencentcloudapi	tencentcloud-sdk-java-wav	3.1.435	jar-with-dependencies	5c5db66531b61126a1f5a1c43e54459e429f2388
com.tencentcloudapi	tencentcloud-sdk-java-wav	3.1.436		6f5791da7dd93ced02330d4d2c13f1e3c6c6c66f
com.tencentcloudapi	tencentcloud-sdk-java-wav	3.1.436	jar-with-dependencies	5c1341d0812af6aebcd3e8fd97c6ce8964b0650f
com.tencentcloudapi	tencentcloud-sdk-java-wav	3.1.437		0c83eb0d052aa7e928536e61076028441df4a59f
com.tencentcloudapi	tencentcloud-sdk-java-wav	3.1.437	jar-with-dependencies	f7c56b4b03e2080061cf1f44aebfa6b7b29010f7
com.tencentcloudapi	tencentcloud-sdk-java-wav	3.1.439		e807141d54ce578d2ef743abe7a63201412d4e62
com.tencentcloudapi	tencentcloud-sdk-java-wav	3.1.439	jar-with-dependencies	67accbee234331fd5fbbe63866917d1d4fae5be3
com.tencentcloudapi	tencentcloud-sdk-java-wav	3.1.441		756c99aad12381f727a48cd50747737e1fe04cf6
com.tencentcloudapi	tencentcloud-sdk-java-wav	3.1.441	jar-with-dependencies	9183dc26a59ee8f19404b26cd10539edafce730a
com.tencentcloudapi	tencentcloud-sdk-java-wav	3.1.442		a346623d5146eee9a3dcf51b58a65a6b008eaee7
com.tencentcloudapi	tencentcloud-sdk-java-wav	3.1.442	jar-with-dependencies	2ac654b903d41ebd4672a871a5e13051c49ef0de
com.tencentcloudapi	tencentcloud-sdk-java-wav	3.1.443		31b9b551e46803513eaee4258ee94b55cddd1ee6
com.tencentcloudapi	tencentcloud-sdk-java-wav	3.1.443	jar-with-dependencies	b413dc4b8baf78467e2255e4793e9f35d03dcb31
com.tencentcloudapi	tencentcloud-sdk-java-wav	3.1.444		4d9cc1341774fa53bf6b02fac589dc666c44573d
com.tencentcloudapi	tencentcloud-sdk-java-wav	3.1.444	jar-with-dependencies	c18b6dc59ebbaafbfd572996065fd4556b539991
com.tencentcloudapi	tencentcloud-sdk-java-wav	3.1.445		7ede8037c0251aeeb0cbae52afff9568f9230d85
com.tencentcloudapi	tencentcloud-sdk-java-wav	3.1.445	jar-with-dependencies	f09828f9caf3935120e93fab890e9bbc200baa57
com.tencentcloudapi	tencentcloud-sdk-java-wav	3.1.446		f6b63022987f56c520ad8f95ceda1f324f5692f1
com.tencentcloudapi	tencentcloud-sdk-java-wav	3.1.446	jar-with-dependencies	b352dfe8754958bc7b50c449d2d258a0de6383c8
com.tencentcloudapi	tencentcloud-sdk-java-wav	3.1.447		3e68ef9062cc66f17eb52a47998f51a33f0a41c6
com.tencentcloudapi	tencentcloud-sdk-java-wav	3.1.447	jar-with-dependencies	e41b76c955f24cf6380dc5c20a811c399228a71f
com.tencentcloudapi	tencentcloud-sdk-java-wav	3.1.448		01a0483fbd6300872e5019d3ab4b9aba59bacd2d
com.tencentcloudapi	tencentcloud-sdk-java-wav	3.1.448	jar-with-dependencies	8c02dc2957a44b160914a4ed61cfc60a4415a74c
com.tencentcloudapi	tencentcloud-sdk-java-wav	3.1.449		5452bc354b9b2c3c13735e3f06e3c6ebd36aba7e
com.tencentcloudapi	tencentcloud-sdk-java-wav	3.1.449	jar-with-dependencies	31f0c73da07dc84364a4d010260bda4643be640f
com.tencentcloudapi	tencentcloud-sdk-java-wav	3.1.450		1a304fbb561da02b43b02f71f5a919c886cd8fbe
com.tencentcloudapi	tencentcloud-sdk-java-wav	3.1.450	jar-with-dependencies	1ca3bbd819ed58a25d9e1df3e418e010fb3e2cd7
com.tencentcloudapi	tencentcloud-sdk-java-wav	3.1.451		ec403fa4dfb5fcae0ac836a31f10b71e4ca8b28e
com.tencentcloudapi	tencentcloud-sdk-java-wav	3.1.451	jar-with-dependencies	b6a60f4bcac8c5a9063db9082a8c30d70e27b569
com.tencentcloudapi	tencentcloud-sdk-java-wav	3.1.453		758de385e845acdbec5abee822183ce2a7ac5e16
com.tencentcloudapi	tencentcloud-sdk-java-wav	3.1.453	jar-with-dependencies	2bb61589e85cfd4d6ed62af83c3f030220e5cf3a
com.tencentcloudapi	tencentcloud-sdk-java-wav	3.1.455		a0a3bb741ee9dc4dc5d82f3b91944f529493fdf1
com.tencentcloudapi	tencentcloud-sdk-java-wav	3.1.455	jar-with-dependencies	36c4610c3f2959d3a25fac9776ed0f09e1f6b4d1
com.tencentcloudapi	tencentcloud-sdk-java-wav	3.1.456		e0fd16988504665cd23ac63583b0126e418732d1
com.tencentcloudapi	tencentcloud-sdk-java-wav	3.1.456	jar-with-dependencies	7ee9f8e6ab8e9d1a4d1261c7905e0255529ab7b9
com.tencentcloudapi	tencentcloud-sdk-java-wav	3.1.457		6ee1892d636674ef36a64a78b61f9e9bf4eb8737
com.tencentcloudapi	tencentcloud-sdk-java-wav	3.1.457	jar-with-dependencies	ff1a0177bd4cfd604c3d1b399274030a94b865fe
com.tencentcloudapi	tencentcloud-sdk-java-wav	3.1.458		69235f47b2444e648d26a4df258ec1c09dbb483b
com.tencentcloudapi	tencentcloud-sdk-java-wav	3.1.458	jar-with-dependencies	eeceaaaafb4e8d3a14c7474ade3a85b34931a90a
com.tencentcloudapi	tencentcloud-sdk-java-wav	3.1.459		ec3057087f361d944adafa1931017322c0bca45d
com.tencentcloudapi	tencentcloud-sdk-java-wav	3.1.459	jar-with-dependencies	bba775211ccea05fa54099bc93851f51cb7875d8
com.tencentcloudapi	tencentcloud-sdk-java-wav	3.1.460		0ab9d5cdbdfd61504c3590adbe52376c7828975d
com.tencentcloudapi	tencentcloud-sdk-java-wav	3.1.460	jar-with-dependencies	121cddc4ff5ec9f391a19a7484f1c914b84e68f6
com.tencentcloudapi	tencentcloud-sdk-java-wav	3.1.461		3551e8be800f3d374360daa91597b90c62ff316e
com.tencentcloudapi	tencentcloud-sdk-java-wav	3.1.461	jar-with-dependencies	8e63de37c25414245bdf6ab09f2ba1d51ea20a8f
com.tencentcloudapi	tencentcloud-sdk-java-wav	3.1.462		2d482c8bbefd3c0e06246dbf143080be2be5d2f2
com.tencentcloudapi	tencentcloud-sdk-java-wav	3.1.462	jar-with-dependencies	f63cda7e6b3e46c0dfdcabc7b82b760b64587f84
com.tencentcloudapi	tencentcloud-sdk-java-wav	3.1.463		0c390da03f80ce65508d163498290b38132616cc
com.tencentcloudapi	tencentcloud-sdk-java-wav	3.1.463	jar-with-dependencies	b3c5d9a87b1e8355a178a4f90c31773bf1e424fe
com.tencentcloudapi	tencentcloud-sdk-java-wav	3.1.464		77a5f7b28b2d865ce3e9eda7da40de629f9aff6b
com.tencentcloudapi	tencentcloud-sdk-java-wav	3.1.464	jar-with-dependencies	99194b8b299ebb2fe8e6239e22569647f9871030
com.tencentcloudapi	tencentcloud-sdk-java-wav	3.1.466		5f617933fd10ea77c7be73d7f7a69f6ada24e24e
com.tencentcloudapi	tencentcloud-sdk-java-wav	3.1.466	jar-with-dependencies	29d08bf4fa928abcc1158380a445794a667eae63
com.tencentcloudapi	tencentcloud-sdk-java-wav	3.1.467		835d769a4de7a64531df6529c5ca546e101f4a87
com.tencentcloudapi	tencentcloud-sdk-java-wav	3.1.467	jar-with-dependencies	e92c1f22ec35100e8065860cb028d192786fb3ed
com.tencentcloudapi	tencentcloud-sdk-java-wav	3.1.468		4c1fe1d478e88dcbe4e097422d741bbbbad1ec1f
com.tencentcloudapi	tencentcloud-sdk-java-wav	3.1.468	jar-with-dependencies	69f92e1e3cc70c0d955083c12e05f7da1939e537
com.tencentcloudapi	tencentcloud-sdk-java-wav	3.1.469		a17161442ed904d04e76fd90d7a75eee7ae69733
com.tencentcloudapi	tencentcloud-sdk-java-wav	3.1.469	jar-with-dependencies	d37b336ee97ef9ee6749c73e78210be81a8204dc
com.tencentcloudapi	tencentcloud-sdk-java-wav	3.1.470		7c714f4b558ed4bfdcf7369839b92904bbd40f27
com.tencentcloudapi	tencentcloud-sdk-java-wav	3.1.470	jar-with-dependencies	60513dfa8dbc990803225ee00c7b80baee963922
com.tencentcloudapi	tencentcloud-sdk-java-wav	3.1.471		4559eee408f9467e074fd9c27cc88aca171228e8
com.tencentcloudapi	tencentcloud-sdk-java-wav	3.1.471	jar-with-dependencies	6718ff9d9994f4bfd05835e1187b6cdae292c468
com.tencentcloudapi	tencentcloud-sdk-java-wav	3.1.472		5c83904240b58f5275ad900514bcf492b07761ba
com.tencentcloudapi	tencentcloud-sdk-java-wav	3.1.472	jar-with-dependencies	9f3879c0bd9175a23ac5e28c0d01bd9497ac7784
com.tencentcloudapi	tencentcloud-sdk-java-wav	3.1.473		6c3de87cb24f233fd34f2501431175544eb3031f
com.tencentcloudapi	tencentcloud-sdk-java-wav	3.1.473	jar-with-dependencies	38b6c095c4599700f84fb11d6f0dadc6df070a58
com.tencentcloudapi	tencentcloud-sdk-java-wav	3.1.474		a891d514ff51b47767d5ac405369c99eb4e9b0f0
com.tencentcloudapi	tencentcloud-sdk-java-wav	3.1.474	jar-with-dependencies	8ea454ea0006d5a792b3c188c721b7e2b2ebeb03
com.tencentcloudapi	tencentcloud-sdk-java-wav	3.1.475		2feff68fcef24c1757f2fe6f45b23b118a02066b
com.tencentcloudapi	tencentcloud-sdk-java-wav	3.1.475	jar-with-dependencies	bb4b2fb939ca3ef2cb084ba4000271d99bb2e151
com.tencentcloudapi	tencentcloud-sdk-java-wav	3.1.476		d0caedd732cde67ce31a56520167fa46b7dadf37
com.tencentcloudapi	tencentcloud-sdk-java-wav	3.1.476	jar-with-dependencies	f19e703f58cd60468e4aa67cc0fcc7c7f08c7880
com.tencentcloudapi	tencentcloud-sdk-java-wav	3.1.477		3dbfacdb9b7d377ce237692cc7e261a1b2b6d9ef
com.tencentcloudapi	tencentcloud-sdk-java-wav	3.1.477	jar-with-dependencies	817571f6093259eb891bd23df275acbcfa183a1e
com.tencentcloudapi	tencentcloud-sdk-java-wav	3.1.478		06cf236b84cd2dba7479f3ec23a3c9083e876f15
com.tencentcloudapi	tencentcloud-sdk-java-wav	3.1.478	jar-with-dependencies	83be5a86cc13df74222b4d1a005fdec567e0d6c9
com.tencentcloudapi	tencentcloud-sdk-java-wav	3.1.479		2dd31c11e70f93c907dedbd8565f1dea388d824c
com.tencentcloudapi	tencentcloud-sdk-java-wav	3.1.479	jar-with-dependencies	71b48d818ab6560752dcbf77659fd59ff78d0caf
com.tencentcloudapi	tencentcloud-sdk-java-wav	3.1.480		95962559159e6076145613a6a445ab1fb764e228
com.tencentcloudapi	tencentcloud-sdk-java-wav	3.1.480	jar-with-dependencies	7cffff3dc9ed84b06938e71dcfe55f34700011d1
com.tencentcloudapi	tencentcloud-sdk-java-wav	3.1.481		67f3c4e71b3d02d8ae0bd7c192d3d345998a1eca
com.tencentcloudapi	tencentcloud-sdk-java-wav	3.1.481	jar-with-dependencies	3dd420820a9f45ea065270eaf13940cf8a0cad17
com.tencentcloudapi	tencentcloud-sdk-java-wav	3.1.483		893e542167fd319212993767a71e770359dc8d82
com.tencentcloudapi	tencentcloud-sdk-java-wav	3.1.483	jar-with-dependencies	ff94bee9ca97037122ae92aa74b1042918b69186
com.tencentcloudapi	tencentcloud-sdk-java-wav	3.1.485		3b964c3bcba49ba3bb0097f3c71336fa2285050d
com.tencentcloudapi	tencentcloud-sdk-java-wav	3.1.485	jar-with-dependencies	971398d56f516be7deefe6698727f291ee2744a4
com.tencentcloudapi	tencentcloud-sdk-java-wav	3.1.488		da2153b483c7b2e25013468b5134e9241a5ba64c
com.tencentcloudapi	tencentcloud-sdk-java-wav	3.1.488	jar-with-dependencies	e7caa3bef6100fde4b3a3ed90ed1d02d66526ada
com.tencentcloudapi	tencentcloud-sdk-java-wav	3.1.490		3a74430eaacb20e2efd0e16fe9a63c48d09cab13
com.tencentcloudapi	tencentcloud-sdk-java-wav	3.1.490	jar-with-dependencies	1a1a42896a9136c1a62cac1f98026a9702d96647
com.tencentcloudapi	tencentcloud-sdk-java-wav	3.1.491		413a434daa2f91565c76c97abaab5a0935f106dd
com.tencentcloudapi	tencentcloud-sdk-java-wav	3.1.491	jar-with-dependencies	e2f61781bd3733b9c5d95ca71c5fc0f465fefb84
com.tencentcloudapi	tencentcloud-sdk-java-wav	3.1.492		a5889291aecd05035c45c2c51b5b5cd4e936e785
com.tencentcloudapi	tencentcloud-sdk-java-wav	3.1.492	jar-with-dependencies	80a7b0729099a013117068cc4ea7d66597ea39ff
com.tencentcloudapi	tencentcloud-sdk-java-wav	3.1.495		acf4ff2875d3f89de8bffec2c09f3c30686673b5
com.tencentcloudapi	tencentcloud-sdk-java-wav	3.1.495	jar-with-dependencies	e04867c85a232e33e1ac04560b4395ee66ea09b1
com.tencentcloudapi	tencentcloud-sdk-java-wav	3.1.496		7f956aba34d1d32a4808cf4a0f2afc34c2c0ea56
com.tencentcloudapi	tencentcloud-sdk-java-wav	3.1.496	jar-with-dependencies	3c6863eabd692888506a1250276d44ce117dece8
com.tencentcloudapi	tencentcloud-sdk-java-wav	3.1.497		efd638ef3c12ddf435c88eb04f94492fd235da26
com.tencentcloudapi	tencentcloud-sdk-java-wav	3.1.497	jar-with-dependencies	4a2133e3683e9267125f0623fff6601331c86822
com.tencentcloudapi	tencentcloud-sdk-java-wav	3.1.498		164931e9e9a48483129bd2889ccb886ddc59855a
com.tencentcloudapi	tencentcloud-sdk-java-wav	3.1.498	jar-with-dependencies	fcb173a523c2c6411675de346de846e268fce490
com.tencentcloudapi	tencentcloud-sdk-java-wav	3.1.499		b957c03b0f2f7c5e23ff1ddb432cf959f2e2687a
com.tencentcloudapi	tencentcloud-sdk-java-wav	3.1.499	jar-with-dependencies	9b5e002d3bda80898a350fe97afb6bdc27d2f058
com.tencentcloudapi	tencentcloud-sdk-java-wav	3.1.502		b47c52e844e0c54c0fb626d1523f713fd0c18829
com.tencentcloudapi	tencentcloud-sdk-java-wav	3.1.502	jar-with-dependencies	9461096096b7ddc97a7a78e7ca93e469201ba07b
com.tencentcloudapi	tencentcloud-sdk-java-wav	3.1.503		fea31c8312e8657a2d909b217d11129a527dbbf1
com.tencentcloudapi	tencentcloud-sdk-java-wav	3.1.503	jar-with-dependencies	d3dfae23f730da5d9ea585fd7664617ccb1ba835
com.tencentcloudapi	tencentcloud-sdk-java-wav	3.1.504		c57a3360b4391d27db3409991621fd087d6c2e21
com.tencentcloudapi	tencentcloud-sdk-java-wav	3.1.504	jar-with-dependencies	7e5fc0721603ca51018ea97efa710a68f9e8e3e9
com.tencentcloudapi	tencentcloud-sdk-java-wav	3.1.505		a06a42f9ba0b48f77769327dbced365287c13e03
com.tencentcloudapi	tencentcloud-sdk-java-wav	3.1.505	jar-with-dependencies	5f31a43670b9ca6b4f424ce04aed9d6c561aeb7b
com.tencentcloudapi	tencentcloud-sdk-java-wav	3.1.507		070116907a9cf3462a9a5e19b422b94a74e7cd74
com.tencentcloudapi	tencentcloud-sdk-java-wav	3.1.507	jar-with-dependencies	667fab2c34248f81b641e061529d220739216f6d
com.tencentcloudapi	tencentcloud-sdk-java-wav	3.1.508		976ffac7179e8510f5fcde796ac62f090d91dcea
com.tencentcloudapi	tencentcloud-sdk-java-wav	3.1.508	jar-with-dependencies	5998943fb0565bf2fd03eeb669e806443bc0aa08
com.tencentcloudapi	tencentcloud-sdk-java-wav	3.1.509		0da8f527a7585362c471711b5d9b1f5ecd9ea398
com.tencentcloudapi	tencentcloud-sdk-java-wav	3.1.509	jar-with-dependencies	bf3ab81d8c5b8f8191da16532193ffc37a96b2d7
com.tencentcloudapi	tencentcloud-sdk-java-wav	3.1.510		845d236b7df0c0b3d42e52eb20a91aed5e81abf6
com.tencentcloudapi	tencentcloud-sdk-java-wav	3.1.510	jar-with-dependencies	0870243c7a197f1cbbd87cc41a6ade0d5155b841
com.tencentcloudapi	tencentcloud-sdk-java-wav	3.1.511		89a231d2150b3690af6e7feb68498a6b88c58d1f
com.tencentcloudapi	tencentcloud-sdk-java-wav	3.1.511	jar-with-dependencies	d5571d5a4d3651849a843dc78c7fa9b1282cd517
com.tencentcloudapi	tencentcloud-sdk-java-wav	3.1.513		8b6f049c0ee43fc3083f47acce763318c3cafaab
com.tencentcloudapi	tencentcloud-sdk-java-wav	3.1.513	jar-with-dependencies	7a664cea01741228f54094d476f2c65acb4134cf
com.tencentcloudapi	tencentcloud-sdk-java-wav	3.1.514		c4adaeb089e06ac0ffede1ccf92f59353fc26665
com.tencentcloudapi	tencentcloud-sdk-java-wav	3.1.514	jar-with-dependencies	9d92cd6bddc5497436e3e57460a79f7b12541d9a
com.tencentcloudapi	tencentcloud-sdk-java-wav	3.1.515		a3cde6aa92618ed872be251f0476914db69ac29c
com.tencentcloudapi	tencentcloud-sdk-java-wav	3.1.515	jar-with-dependencies	bee7e6a9fa7526436ba45a06f130f7f43d80fce9
com.tencentcloudapi	tencentcloud-sdk-java-wav	3.1.516		d77a267861dcfe4d6ecf959fc572969e95f43af0
com.tencentcloudapi	tencentcloud-sdk-java-wav	3.1.516	jar-with-dependencies	457b7f6d1845656845ed8f9ff17a2e0012451c07
com.tencentcloudapi	tencentcloud-sdk-java-wav	3.1.518		61e886c1c6e9d839fbab4d5e6e85feb9a4737da4
com.tencentcloudapi	tencentcloud-sdk-java-wav	3.1.518	jar-with-dependencies	3e3bd8f731bb8b5cd15d040b88febe119a118781
com.tencentcloudapi	tencentcloud-sdk-java-wav	3.1.519		754c786c8ab76dca0ea650a67a0362b8a0f2fcae
com.tencentcloudapi	tencentcloud-sdk-java-wav	3.1.519	jar-with-dependencies	6ea5d48fc3afb44e6b172bf359b5b89de231c565
com.tencentcloudapi	tencentcloud-sdk-java-wav	3.1.520		fdae7bde376de3eac45349345ecb5599caaca3c7
com.tencentcloudapi	tencentcloud-sdk-java-wav	3.1.520	jar-with-dependencies	4ebaf8c457a407fcd9d40a1084009c21ebd14233
com.tencentcloudapi	tencentcloud-sdk-java-wav	3.1.521		fe82ad12f2dbb9d87674e55fdf55da0410312cda
com.tencentcloudapi	tencentcloud-sdk-java-wav	3.1.521	jar-with-dependencies	7c01b55b376b14b113523c524c062a7b1283ad0e
com.tencentcloudapi	tencentcloud-sdk-java-wav	3.1.522		eaadb8abe035669a2c2ee4453082265c74aaa649
com.tencentcloudapi	tencentcloud-sdk-java-wav	3.1.522	jar-with-dependencies	c5e206cc48dc1f707322764a81eccb64277a4edf
com.tencentcloudapi	tencentcloud-sdk-java-wav	3.1.523		fb9f583cd99c68ec3eed0529c88f69bb80d0261f
com.tencentcloudapi	tencentcloud-sdk-java-wav	3.1.523	jar-with-dependencies	82131de0cfc2bf3a3f15f486ea789ecfe7b462d6
com.tencentcloudapi	tencentcloud-sdk-java-wav	3.1.525		6ae4b51c6ebb25d533bcf00788166b83981f6c6c
com.tencentcloudapi	tencentcloud-sdk-java-wav	3.1.525	jar-with-dependencies	5a32f0bb9d968257c6a2fbdca0663892c8e405d7
com.tencentcloudapi	tencentcloud-sdk-java-wav	3.1.526		b053fd3310d3e09a705b56b1aee63ba959e21240
com.tencentcloudapi	tencentcloud-sdk-java-wav	3.1.526	jar-with-dependencies	5fbaf65fedf04f9b79955587e38d22b3c9b933e2
com.tencentcloudapi	tencentcloud-sdk-java-wav	3.1.527		a665a928bf8b3eca22629bbb6df94d753d418166
com.tencentcloudapi	tencentcloud-sdk-java-wav	3.1.527	jar-with-dependencies	c80bdd461ee3cfadead857047732a09a45abcca6
com.tencentcloudapi	tencentcloud-sdk-java-wav	3.1.528		1c1d10e1f263fa964ec7166cc87d5964aee7a88b
com.tencentcloudapi	tencentcloud-sdk-java-wav	3.1.528	jar-with-dependencies	a21eb925a857d6ba6df247b7ce05a47c4a1b2124
com.tencentcloudapi	tencentcloud-sdk-java-wav	3.1.529		b0b878a6faa017d6029a1f3ebef3b7deda677e7b
com.tencentcloudapi	tencentcloud-sdk-java-wav	3.1.529	jar-with-dependencies	0081d2b7d49c7fd2cee0e9b09b44867a1ac79f82
com.tencentcloudapi	tencentcloud-sdk-java-wav	3.1.530		34a5d53353b47f01c2bf04e88d2069d26796a112
com.tencentcloudapi	tencentcloud-sdk-java-wav	3.1.530	jar-with-dependencies	d5bcd47fc194ed8a33240ecbe51c694be9948f2e
com.tencentcloudapi	tencentcloud-sdk-java-wav	3.1.532		5414c2dbf27b90766378db2987440d3705db40cf
com.tencentcloudapi	tencentcloud-sdk-java-wav	3.1.532	jar-with-dependencies	9ac0398d2c8a5b558d4f68ee8f6b817d366bc8e0
com.tencentcloudapi	tencentcloud-sdk-java-wav	3.1.534		c9ace2a0bbde96bbd20a724b71ab5e8843f9b1fd
com.tencentcloudapi	tencentcloud-sdk-java-wav	3.1.534	jar-with-dependencies	29f1c47075c7f77fb157dedf9f7d8796f302f0e5
com.tencentcloudapi	tencentcloud-sdk-java-wav	3.1.535		5fa91776b4642c73b505403f205a640c35969833
com.tencentcloudapi	tencentcloud-sdk-java-wav	3.1.535	jar-with-dependencies	3d8bdc1afe760916130eedd9aac400d4005bc5d7
com.tencentcloudapi	tencentcloud-sdk-java-wav	3.1.536		6d593bf3690050d71020c29cc322b8e817f5d71c
com.tencentcloudapi	tencentcloud-sdk-java-wav	3.1.536	jar-with-dependencies	7cfb9830460ca25ea7715a305a48e53c0e0eb4b7
com.tencentcloudapi	tencentcloud-sdk-java-wav	3.1.537		197a1c633d9f5e4bfc530a0020718135b5265019
com.tencentcloudapi	tencentcloud-sdk-java-wav	3.1.537	jar-with-dependencies	0564f767c41a447bf0b0c335696be633d4b38201
com.tencentcloudapi	tencentcloud-sdk-java-wav	3.1.538		29080728c2228a562ad015b9e73f17848c43b3ff
com.tencentcloudapi	tencentcloud-sdk-java-wav	3.1.538	jar-with-dependencies	227c0096fffb11d6912d0cc0512769e738083607
com.tencentcloudapi	tencentcloud-sdk-java-wav	3.1.539		8b36c3fc0120bb61419eff81a118808acce5fac3
com.tencentcloudapi	tencentcloud-sdk-java-wav	3.1.539	jar-with-dependencies	c0df82a16b61ce626514dadbae138d31ca70a9ec
com.tencentcloudapi	tencentcloud-sdk-java-wav	3.1.540		a286b268c4e5bfe0cb3327b6fa028178f6fbd56b
com.tencentcloudapi	tencentcloud-sdk-java-wav	3.1.540	jar-with-dependencies	0091ab7e305cdacef518710f5251e4c1968e65a5
com.tencentcloudapi	tencentcloud-sdk-java-wav	3.1.541		db1fa74717a18aeae7efa66db67b6b86c2119bf9
com.tencentcloudapi	tencentcloud-sdk-java-wav	3.1.541	jar-with-dependencies	433d8f2e269eee352fac0ff34115804820c02967
com.tencentcloudapi	tencentcloud-sdk-java-wav	3.1.543		54872da7d2763011d1451cf48fc7e5e20228706e
com.tencentcloudapi	tencentcloud-sdk-java-wav	3.1.543	jar-with-dependencies	3c57fa92fdb96c1435675643bc4e59de3c4f1f9d
com.tencentcloudapi	tencentcloud-sdk-java-wav	3.1.545		5e92ce550a1ef23416f9045a36fac24e70dc4f0a
com.tencentcloudapi	tencentcloud-sdk-java-wav	3.1.545	jar-with-dependencies	2d25c6aa040cd37b5faa673c2ca8a1b796b6aa30
com.tencentcloudapi	tencentcloud-sdk-java-wav	3.1.546		4b583079cb942a2015ed02c51179c37f5aca3239
com.tencentcloudapi	tencentcloud-sdk-java-wav	3.1.546	jar-with-dependencies	45cd48393f40a08e8772d29a2c2e1424caa93dc0
com.tencentcloudapi	tencentcloud-sdk-java-wav	3.1.547		dde1fbb010de3516471ef31e4a6309dcb0a0dbc2
com.tencentcloudapi	tencentcloud-sdk-java-wav	3.1.547	jar-with-dependencies	3439072b8b62ed38cc3e281b04ed047273ac441d
com.tencentcloudapi	tencentcloud-sdk-java-wav	3.1.550		24470a2d5ee840446ae0714baeb16a1c79fe6ebc
com.tencentcloudapi	tencentcloud-sdk-java-wav	3.1.550	jar-with-dependencies	a51cdefa710a89bee549d8b89ca0350db3202121
com.tencentcloudapi	tencentcloud-sdk-java-wav	3.1.551		bb6e9f2f08aecac543389856239ed3859e80a992
com.tencentcloudapi	tencentcloud-sdk-java-wav	3.1.551	jar-with-dependencies	48521505df9447ac1890367e55e8e1f480a79a1f
com.tencentcloudapi	tencentcloud-sdk-java-wav	3.1.552		924e0a23b818f468064b4b92fd1788a64be418de
com.tencentcloudapi	tencentcloud-sdk-java-wav	3.1.552	jar-with-dependencies	917142f682536dceaf0c6cb603e041bd457611dd
com.tencentcloudapi	tencentcloud-sdk-java-wav	3.1.553		f7058c9d6fa7f1ba81bdaf2c11c3050ab66710fd
com.tencentcloudapi	tencentcloud-sdk-java-wav	3.1.553	jar-with-dependencies	7b969b73734ea93f03c85886262473d3aedea8c4
com.tencentcloudapi	tencentcloud-sdk-java-wav	3.1.554		0ff3c4940ccbc747d25413ce0c1d0e2a7e3b6558
com.tencentcloudapi	tencentcloud-sdk-java-wav	3.1.554	jar-with-dependencies	5231cbeaaac5d622c6997e7347e21ebf6e8e0f50
com.tencentcloudapi	tencentcloud-sdk-java-wav	3.1.555		aba160fc7b05d9f1a6cb92c084b189337f7de5b3
com.tencentcloudapi	tencentcloud-sdk-java-wav	3.1.555	jar-with-dependencies	54ac66057945482de0596725989254d3c481621f
com.tencentcloudapi	tencentcloud-sdk-java-wav	3.1.556		8e82fc1c2927c569e090d2ec0dd4117a243c4dbf
com.tencentcloudapi	tencentcloud-sdk-java-wav	3.1.556	jar-with-dependencies	4d66b8a4cd7d3aec3ca12e520de4d6db3a4ed899
com.tencentcloudapi	tencentcloud-sdk-java-wav	3.1.557		e126280f4bceaf6cb6055e50b2b330d08eba2abe
com.tencentcloudapi	tencentcloud-sdk-java-wav	3.1.557	jar-with-dependencies	c10079a62b8766cd38e67f4a17f0b49dee717523
com.tencentcloudapi	tencentcloud-sdk-java-wav	3.1.558		31292f0c0cfd8856512162e87c8283a2624df4d6
com.tencentcloudapi	tencentcloud-sdk-java-wav	3.1.558	jar-with-dependencies	3413bfa9393afbf972afe4bc2f10daf540feafd6
com.tencentcloudapi	tencentcloud-sdk-java-wav	3.1.559		8f15374cf0571011bde9cef3d8fd2cf5b56c4dc0
com.tencentcloudapi	tencentcloud-sdk-java-wav	3.1.559	jar-with-dependencies	b30ea18ad435f8f89172a8dbfc24953c7af0ef4b
com.tencentcloudapi	tencentcloud-sdk-java-wav	3.1.561		5003c7963406392f12378f108d16e2d066f14216
com.tencentcloudapi	tencentcloud-sdk-java-wav	3.1.561	jar-with-dependencies	b3e15dddbcf39f36c90958be6cfa4e0e9a798163
com.tencentcloudapi	tencentcloud-sdk-java-wav	3.1.563		d3147e4c9ad090147195cff54f4c36432053ff27
com.tencentcloudapi	tencentcloud-sdk-java-wav	3.1.563	jar-with-dependencies	af45b455308b933cc936527864433824f6e94e36
com.tencentcloudapi	tencentcloud-sdk-java-wav	3.1.564		bd00b92adc5bb5d4f2e8f30cce6f64f87404b02e
com.tencentcloudapi	tencentcloud-sdk-java-wav	3.1.564	jar-with-dependencies	7e2a692ef95718b6e5bb5ee506a875f09f10c84c
com.tencentcloudapi	tencentcloud-sdk-java-wav	3.1.565		7ce2c458adb860c1652ee6c23b09024d4fba08ec
com.tencentcloudapi	tencentcloud-sdk-java-wav	3.1.565	jar-with-dependencies	77ac7d3311b71783925f91ee3d7681d5ded60eeb
com.tencentcloudapi	tencentcloud-sdk-java-wav	3.1.566		04d745c1c64be5bd30b68ae366a5ad6c88bdad01
com.tencentcloudapi	tencentcloud-sdk-java-wav	3.1.566	jar-with-dependencies	a0b615331a9574d0f47642d953ae260fc6395a2a
com.tencentcloudapi	tencentcloud-sdk-java-wav	3.1.568		57a4c22cf0fce8fd90df28c98d85066c17dacf45
com.tencentcloudapi	tencentcloud-sdk-java-wav	3.1.568	jar-with-dependencies	f955027a5801061d4b1d07c6c1171498f32c7f57
com.tencentcloudapi	tencentcloud-sdk-java-wav	3.1.571		e7fd07451ba1ce0aae4f8b1ac1cd5e306506553e
com.tencentcloudapi	tencentcloud-sdk-java-wav	3.1.571	jar-with-dependencies	8d716fd286d629bc7790f38517996b32d12ea41e
com.tencentcloudapi	tencentcloud-sdk-java-wav	3.1.572		b4c46221f3a8eb552e716b99c1a6d0bd24d72463
com.tencentcloudapi	tencentcloud-sdk-java-wav	3.1.572	jar-with-dependencies	470d6cbc21b7b10c9406b021c8c9096e0a118252
com.tencentcloudapi	tencentcloud-sdk-java-wav	3.1.587		784c9849f2960eda11688d0770f4c6c59e8404e5
com.tencentcloudapi	tencentcloud-sdk-java-wav	3.1.587	jar-with-dependencies	36181ba982d179b21a825a3b542046b27b4b7b87
com.tencentcloudapi	tencentcloud-sdk-java-wav	3.1.588		6172c871c7b7b39295abbe141737a3afee3287da
com.tencentcloudapi	tencentcloud-sdk-java-wav	3.1.588	jar-with-dependencies	676a84649028cff91d9c253696b768ff10bb6fe6
com.tencentcloudapi	tencentcloud-sdk-java-wav	3.1.590		27bd67c2dc1a4587436f0b87e1b936d447dbc57e
com.tencentcloudapi	tencentcloud-sdk-java-wav	3.1.590	jar-with-dependencies	7489e3f81003a259f24d87c8b65aed12728d586f
com.tencentcloudapi	tencentcloud-sdk-java-wav	3.1.591		ca4e955171a6462b2e936af1d1972377412bbc87
com.tencentcloudapi	tencentcloud-sdk-java-wav	3.1.591	jar-with-dependencies	fc513edf41263db7cbe11159a69eb5422e608ce1
com.tencentcloudapi	tencentcloud-sdk-java-wav	3.1.593		b23f1129ca7dd3f1b7f6fdae30719314ddb90519
com.tencentcloudapi	tencentcloud-sdk-java-wav	3.1.593	jar-with-dependencies	9cd97cf2c18f39462218f0c13cdd965787fcfeb4
com.tencentcloudapi	tencentcloud-sdk-java-wav	3.1.595		eab53270f3152442530f7ad3ba522b438c55762a
com.tencentcloudapi	tencentcloud-sdk-java-wav	3.1.595	jar-with-dependencies	399ee0ce0ebf63172c7bf0bc8dcc895b0c4c9765
com.tencentcloudapi	tencentcloud-sdk-java-wav	3.1.596		adcb5224c33027b3a5f829e2f2b8a3f6550738be
com.tencentcloudapi	tencentcloud-sdk-java-wav	3.1.596	jar-with-dependencies	b0834a19a0fac4e5ec12477cf7aea59983a0ece3
com.tencentcloudapi	tencentcloud-sdk-java-wav	3.1.597		6a3c4f7562edb2244e19c418b9e36b57027872b8
com.tencentcloudapi	tencentcloud-sdk-java-wav	3.1.597	jar-with-dependencies	e6280a3081f0d2b79dd0e7cf084635cf62f6f87f
com.tencentcloudapi	tencentcloud-sdk-java-wav	3.1.599		c768f9a25c6d42f1a403192914c0f31ed07b9145
com.tencentcloudapi	tencentcloud-sdk-java-wav	3.1.599	jar-with-dependencies	21a3397f2beb75c27366a616789e9b8d5b51c860
com.tencentcloudapi	tencentcloud-sdk-java-wav	3.1.600		74b8a5337966cc981dc183d2cf8432d0e33ca3da
com.tencentcloudapi	tencentcloud-sdk-java-wav	3.1.600	jar-with-dependencies	b38818d4a25f06827200f8b0c977bc9c24230529
com.tencentcloudapi	tencentcloud-sdk-java-wav	3.1.607		05772f6827d19f955aaf3564a41a98103eae0f33
com.tencentcloudapi	tencentcloud-sdk-java-wav	3.1.607	jar-with-dependencies	5b51918b859ac9405a00ad12fa9329554c977772
com.tencentcloudapi	tencentcloud-sdk-java-wav	3.1.608		28a3496e996bde4d930e7899a1de7ce164298a42
com.tencentcloudapi	tencentcloud-sdk-java-wav	3.1.608	jar-with-dependencies	4ef607dc278c60af94f6d29b5611864116ab7a45
com.tencentcloudapi	tencentcloud-sdk-java-wav	3.1.609		86791be7147f6898aa936d28525446968643e6ba
com.tencentcloudapi	tencentcloud-sdk-java-wav	3.1.609	jar-with-dependencies	7896816ec08ba2981ec5267debb294708a6094d1
com.tencentcloudapi	tencentcloud-sdk-java-wav	3.1.610		4b2e9553801a1cc0e45018e7b49e54856176c2ca
com.tencentcloudapi	tencentcloud-sdk-java-wav	3.1.610	jar-with-dependencies	67a1584508d314199825a077472e44538e74a7c0
com.tencentcloudapi	tencentcloud-sdk-java-wav	3.1.611		cb813fc3704df565343e2a1017c5b4b34393c643
com.tencentcloudapi	tencentcloud-sdk-java-wav	3.1.611	jar-with-dependencies	fcb2d0672495f7853bc7eb5e49f2f3a97209aeb0
com.tencentcloudapi	tencentcloud-sdk-java-wav	3.1.613		1b7d06394fb929cd7a807c32cf650d5ad11d719b
com.tencentcloudapi	tencentcloud-sdk-java-wav	3.1.613	jar-with-dependencies	92ff6f8cc7369e62713c3c727a168edbed0fbcaf
com.tencentcloudapi	tencentcloud-sdk-java-wav	3.1.614		2d7d428d307a34acddf20fd015c15f31fef3d28f
com.tencentcloudapi	tencentcloud-sdk-java-wav	3.1.614	jar-with-dependencies	71dd021ce92ba868ab47b53587847b2879fe71b2
com.tencentcloudapi	tencentcloud-sdk-java-wav	3.1.615		3f34f93bc537149373b582d616951281b5898a24
com.tencentcloudapi	tencentcloud-sdk-java-wav	3.1.615	jar-with-dependencies	fc0d6097baf27f91e709a38143b406fc5188d409
com.tencentcloudapi	tencentcloud-sdk-java-wav	3.1.616		04b857bfc03ba570ed98f910a7727344e7220d35
com.tencentcloudapi	tencentcloud-sdk-java-wav	3.1.616	jar-with-dependencies	f655958e6be36b625ebc7bfae67e24ee819178ac
com.tencentcloudapi	tencentcloud-sdk-java-wav	3.1.620		2c198f470be13c1544768899104829465079aa9b
com.tencentcloudapi	tencentcloud-sdk-java-wav	3.1.620	jar-with-dependencies	56e62dc322e4a3ae72371993c431fbd9e3c04702
com.tencentcloudapi	tencentcloud-sdk-java-wav	3.1.621		fb73f1396720b06b8fd9865a822460f16e0fec62
com.tencentcloudapi	tencentcloud-sdk-java-wav	3.1.621	jar-with-dependencies	ad9e662153c6cea751616a6537d75d9eac826f03
com.tencentcloudapi	tencentcloud-sdk-java-wav	3.1.622		49f5e8f5576dc165ce4c3ccae2d399e328c83d17
com.tencentcloudapi	tencentcloud-sdk-java-wav	3.1.622	jar-with-dependencies	b04c4766f61558e5e0f2fe678413c581593ee77a
com.tencentcloudapi	tencentcloud-sdk-java-wav	3.1.623		b9d32c0871d6f8eab8a91c39ec6f14dcb2752017
com.tencentcloudapi	tencentcloud-sdk-java-wav	3.1.623	jar-with-dependencies	665a5e3ffb1f116d40ce2d4afb4ab0050b2324a4
com.tencentcloudapi	tencentcloud-sdk-java-wav	3.1.624		7786955802b7b94c93ea72ffc54cedd6b3f11e3b
com.tencentcloudapi	tencentcloud-sdk-java-wav	3.1.624	jar-with-dependencies	be47b4d0e5026c5a9baa27082d9523d7bc450358
com.tencentcloudapi	tencentcloud-sdk-java-wav	3.1.625		e128502e1830f683a8fa0f504c50b60271693185
com.tencentcloudapi	tencentcloud-sdk-java-wav	3.1.625	jar-with-dependencies	9a489daad88dfb3f8039e1bd1d32bbdd4365bdbf
com.tencentcloudapi	tencentcloud-sdk-java-wav	3.1.626		b567676ecd4980b80a9edd82d86b9139c5f7321b
com.tencentcloudapi	tencentcloud-sdk-java-wav	3.1.626	jar-with-dependencies	6de9883ad1648fd8481a398fb81d1d4f88236270
com.tencentcloudapi	tencentcloud-sdk-java-wav	3.1.627		49f43e0085d68c96b9de2102d201a4e67b46b6b4
com.tencentcloudapi	tencentcloud-sdk-java-wav	3.1.627	jar-with-dependencies	8c0926d3fed59e21fe9c24f4fb8da490cf4a2417
com.tencentcloudapi	tencentcloud-sdk-java-wav	3.1.628		2163f680602a0633feb9f2ff89da2dfdc177ca37
com.tencentcloudapi	tencentcloud-sdk-java-wav	3.1.628	jar-with-dependencies	26947d53255eb5a0cdeff23531075f6ad8db31fb
com.tencentcloudapi	tencentcloud-sdk-java-wav	3.1.629		e8ba170d6877c0bcf7315e6eedd54f6e202acea8
com.tencentcloudapi	tencentcloud-sdk-java-wav	3.1.629	jar-with-dependencies	d7ad98b4c4c18c43058828cc9df89e17d678343b
com.tencentcloudapi	tencentcloud-sdk-java-wav	3.1.630		3b1563f318175bc1f23ebd5a6a39c6da01ea3b3f
com.tencentcloudapi	tencentcloud-sdk-java-wav	3.1.630	jar-with-dependencies	44827fa0736bac36c15935fb6d4f0e098beb23c6
com.tencentcloudapi	tencentcloud-sdk-java-wav	3.1.631		dee004038d619bcfd5f77fc6bfbef32b273d74db
com.tencentcloudapi	tencentcloud-sdk-java-wav	3.1.631	jar-with-dependencies	bb0beabd1d29339bdc06f3dbc8ac78d12b489f82
com.tencentcloudapi	tencentcloud-sdk-java-wav	3.1.633		bb31a3d1ff9673efb50f0902d084a3cb2f731766
com.tencentcloudapi	tencentcloud-sdk-java-wav	3.1.633	jar-with-dependencies	8005d32349a936fea4d7a184f8f0670f4cd9117d
com.tencentcloudapi	tencentcloud-sdk-java-wav	3.1.634		9f975d19800fe9f3c590d32ad95d901f48207480
com.tencentcloudapi	tencentcloud-sdk-java-wav	3.1.634	jar-with-dependencies	3567a14b0bc21e8344604c7add9822bc99c6c27c
com.tencentcloudapi	tencentcloud-sdk-java-wav	3.1.635		694b481663d97079c54715bd45020d519bc61f53
com.tencentcloudapi	tencentcloud-sdk-java-wav	3.1.635	jar-with-dependencies	7ddee422f67141de69b7df8b3650db9b80d5a2c0
com.tencentcloudapi	tencentcloud-sdk-java-wav	3.1.637		bb6977f51752a98e5f412c97befcbe1b82898af2
com.tencentcloudapi	tencentcloud-sdk-java-wav	3.1.637	jar-with-dependencies	e5ba74b9fba0803807adaec3fd4f498f2fb69127
com.tencentcloudapi	tencentcloud-sdk-java-wav	3.1.641		69ac317c949666d58dcca1ba91e0681dd20e4332
com.tencentcloudapi	tencentcloud-sdk-java-wav	3.1.641	jar-with-dependencies	fd4787463431490741d9a7e88efea07a0d274c0e
com.tencentcloudapi	tencentcloud-sdk-java-wav	3.1.644		268822d7bf94741bc49afbbc8ade16a11fe90696
com.tencentcloudapi	tencentcloud-sdk-java-wav	3.1.644	jar-with-dependencies	eb8f46d1501ded31c4db2adff112f69597ed6d84
com.tencentcloudapi	tencentcloud-sdk-java-wav	3.1.645		e254b5794925acd94b1b7e53e58a536c3d8d4826
com.tencentcloudapi	tencentcloud-sdk-java-wav	3.1.645	jar-with-dependencies	59716bd50e2a50374e89a328371a93d79a033105
com.tencentcloudapi	tencentcloud-sdk-java-wav	3.1.646		5d797344a670921dc1165f13a2e66124573880db
com.tencentcloudapi	tencentcloud-sdk-java-wav	3.1.646	jar-with-dependencies	a3923ed0b022567c73a2f4dce4f440a3dbb43eaa
com.tencentcloudapi	tencentcloud-sdk-java-wav	3.1.647		833130fee52a6d61b7a45cda3cdc851df84f8dbc
com.tencentcloudapi	tencentcloud-sdk-java-wav	3.1.647	jar-with-dependencies	4684647acf4a441663d3fe5ce5425093f151bced
com.tencentcloudapi	tencentcloud-sdk-java-wav	3.1.648		da9c6dda188e4a5fc52807379ded8894608db5fc
com.tencentcloudapi	tencentcloud-sdk-java-wav	3.1.648	jar-with-dependencies	ccaf4a9831b462dd00234a4b5255937a0493fad1
com.tencentcloudapi	tencentcloud-sdk-java-wav	3.1.650		6777fae94b5529ada32214f773d3a19634c7cfd8
com.tencentcloudapi	tencentcloud-sdk-java-wav	3.1.650	jar-with-dependencies	74ea6fa53de8aff71baeb82dadce82a3f9860f7f
com.tencentcloudapi	tencentcloud-sdk-java-wav	3.1.655		685f5a3c5a02e93406c5315fc3848f01c5161aeb
com.tencentcloudapi	tencentcloud-sdk-java-wav	3.1.655	jar-with-dependencies	6d35be6ca86a4e576cd635b72c51032b0e94883a
com.tencentcloudapi	tencentcloud-sdk-java-wav	3.1.656		e3a955dc479605f0ec11aac38a5d3b7a2003c77e
com.tencentcloudapi	tencentcloud-sdk-java-wav	3.1.656	jar-with-dependencies	efbe075673cc2bac0eafca0fc4f37f6cffe3cb63
com.tencentcloudapi	tencentcloud-sdk-java-wav	3.1.657		efb611f32183e1d97c464f77adc6d01d388cdb63
com.tencentcloudapi	tencentcloud-sdk-java-wav	3.1.657	jar-with-dependencies	b40cf7e1313740cb17471b66c8ff608189e43d64
com.tencentcloudapi	tencentcloud-sdk-java-wav	3.1.658		608e2c8405483fd8e62122373ec6ead086fa7b02
com.tencentcloudapi	tencentcloud-sdk-java-wav	3.1.658	jar-with-dependencies	8bf008e2a4db2201667382c765801b98b6e311a9
com.tencentcloudapi	tencentcloud-sdk-java-wav	3.1.659		cce9352a25ba2a584a557d29132c54096afb7cb1
com.tencentcloudapi	tencentcloud-sdk-java-wav	3.1.659	jar-with-dependencies	b2e9f2d4f03fa061a22b2e9bb71e9288770fcaec
com.tencentcloudapi	tencentcloud-sdk-java-wav	3.1.660		a978c87ed3b6fc4bf15c0247cb158d49487a0f4e
com.tencentcloudapi	tencentcloud-sdk-java-wav	3.1.660	jar-with-dependencies	3c70c276a4d904ded211096be25398a6af16d203
com.tencentcloudapi	tencentcloud-sdk-java-wav	3.1.667		b026594acd795d8280059e97b1cd6d1b793355a5
com.tencentcloudapi	tencentcloud-sdk-java-wav	3.1.667	jar-with-dependencies	481355abcd25f0be15d396fea75dfa1668c2168d
com.tencentcloudapi	tencentcloud-sdk-java-wav	3.1.672		6effbac0af6e1dcfb92f5d7b3ea7e83fdda4fa40
com.tencentcloudapi	tencentcloud-sdk-java-wav	3.1.672	jar-with-dependencies	d93d73f7965bb343057803992279dd050a818b1a
com.tencentcloudapi	tencentcloud-sdk-java-wav	3.1.674		b43f2ef8f57c6df9befa8a556e4d92d8d1b3bcd0
com.tencentcloudapi	tencentcloud-sdk-java-wav	3.1.674	jar-with-dependencies	9e0919b2eae6ca57ab23027386f5fbefe3337a35
com.tencentcloudapi	tencentcloud-sdk-java-wav	3.1.676		e9fdc781f01c1c74dca81af9b0486d077291be20
com.tencentcloudapi	tencentcloud-sdk-java-wav	3.1.676	jar-with-dependencies	e7d82b38aa5e87eb8938ba73d4cb9eb9ee493a6c
com.tencentcloudapi	tencentcloud-sdk-java-wav	3.1.677		b07846ec8f10bac47330f371214c40ee07928765
com.tencentcloudapi	tencentcloud-sdk-java-wav	3.1.677	jar-with-dependencies	38ef9acd977c766d34ca800a2d361922de5d60ad
com.tencentcloudapi	tencentcloud-sdk-java-wav	3.1.678		b7460810961b6fcf6e1ea8682ea77e1aab17c99d
com.tencentcloudapi	tencentcloud-sdk-java-wav	3.1.678	jar-with-dependencies	c6be8b5dd0a3d84ff9d579652368ff0b13d8e142
com.tencentcloudapi	tencentcloud-sdk-java-wav	3.1.679		2f2a7fc3074c21ab4d38a3317450a62cf2685d6b
com.tencentcloudapi	tencentcloud-sdk-java-wav	3.1.679	jar-with-dependencies	572f899934d819d350db3e316aa91c86c6608eab
com.tencentcloudapi	tencentcloud-sdk-java-wav	3.1.681		e22539d41c0b99fa2573bf4a0b911c0f56150ad9
com.tencentcloudapi	tencentcloud-sdk-java-wav	3.1.681	jar-with-dependencies	9656f965e04bab4df6425cf8b17603ddbc04ad90
com.tencentcloudapi	tencentcloud-sdk-java-wav	3.1.682		19383a961d79eac78fc4d8c68552296fe1ee955c
com.tencentcloudapi	tencentcloud-sdk-java-wav	3.1.682	jar-with-dependencies	7b4e259922f3eec8c26dee6b8bb2d2d2924ef050
com.tencentcloudapi	tencentcloud-sdk-java-wav	3.1.683		6338d0419648c42b29a44cc5f681f7f101a656d3
com.tencentcloudapi	tencentcloud-sdk-java-wav	3.1.683	jar-with-dependencies	1d662e55d73cbb0537a67b9ca3aebbc4651d2e28
com.tencentcloudapi	tencentcloud-sdk-java-wav	3.1.686		5363b747bb846755163a9e7e84f3a8beefdc48d0
com.tencentcloudapi	tencentcloud-sdk-java-wav	3.1.686	jar-with-dependencies	5c9f409d398d97415837e3f39af6e8563c8682a3
com.tencentcloudapi	tencentcloud-sdk-java-wav	3.1.687		f117f648e7385c3a6ddceeab1033465116842b02
com.tencentcloudapi	tencentcloud-sdk-java-wav	3.1.687	jar-with-dependencies	b749c62b52aabd32c91c8d4af3062710e07b9a52
com.tencentcloudapi	tencentcloud-sdk-java-wav	3.1.689		0999b5315699c6a411eaec13e48991ea141d15d0
com.tencentcloudapi	tencentcloud-sdk-java-wav	3.1.689	jar-with-dependencies	3e9c36e1f90bf4b001971513042b94512ae77ec3
com.tencentcloudapi	tencentcloud-sdk-java-wav	3.1.691		a3bd0378786ca0164382c177744aee4cfa1f69af
com.tencentcloudapi	tencentcloud-sdk-java-wav	3.1.691	jar-with-dependencies	0111bd0289effc1f070dbbeb5a686e741432bc79
com.tencentcloudapi	tencentcloud-sdk-java-wav	3.1.692		8e6f6d3dc9cceea187f0fb0e3b88612a269d1e61
com.tencentcloudapi	tencentcloud-sdk-java-wav	3.1.692	jar-with-dependencies	9abd442b54ad8fd1a8a81b8ac6b1d8ad397d27b4
com.tencentcloudapi	tencentcloud-sdk-java-wav	3.1.694		ba31a325c13f9c6e892b0dd3a83e26e44a1cdc1b
com.tencentcloudapi	tencentcloud-sdk-java-wav	3.1.694	jar-with-dependencies	8da72bc049aed43a09556611b024fc014fbffa45
com.tencentcloudapi	tencentcloud-sdk-java-wav	3.1.697		c61760a55c1cfef42143cd3acb571a604b8e7707
com.tencentcloudapi	tencentcloud-sdk-java-wav	3.1.697	jar-with-dependencies	18552b723a89938c3acc1f99cc579a51888f1dfb
com.tencentcloudapi	tencentcloud-sdk-java-wav	3.1.699		250820c0a3e60983643db588da47e0cbb42ad47f
com.tencentcloudapi	tencentcloud-sdk-java-wav	3.1.699	jar-with-dependencies	78d5d0a40ba3db8444cf06d7e2650f6f3adb80ef
com.tencentcloudapi	tencentcloud-sdk-java-wav	3.1.701		9709be50f56d95f6d05ac49d302e85407b86d113
com.tencentcloudapi	tencentcloud-sdk-java-wav	3.1.701	jar-with-dependencies	529e32631da2b44a765f01fe74a2f2b398a9aa40
com.tencentcloudapi	tencentcloud-sdk-java-wav	3.1.702		d2858eb5c3752cf4c4fdf8c0abe660023390850c
com.tencentcloudapi	tencentcloud-sdk-java-wav	3.1.702	jar-with-dependencies	23ff48a0720e51152621bb9fec76a1e246efd4ef
com.tencentcloudapi	tencentcloud-sdk-java-wav	3.1.704		fcf961f907a0737a52243c030d9be326e083f7e9
com.tencentcloudapi	tencentcloud-sdk-java-wav	3.1.704	jar-with-dependencies	8c77a0f3d3cdf255fb66b269ebd1324079492256
com.tencentcloudapi	tencentcloud-sdk-java-wav	3.1.705		fb3218c27ef9a310a77fd157284f292d4b593bb7
com.tencentcloudapi	tencentcloud-sdk-java-wav	3.1.705	jar-with-dependencies	2c755b6a04b0f1b57dd6fab8fe64a2f594f86478
com.tencentcloudapi	tencentcloud-sdk-java-wav	3.1.706		6983abf9af3992b952fa485f7566a266332b0c40
com.tencentcloudapi	tencentcloud-sdk-java-wav	3.1.706	jar-with-dependencies	7d511d3106b150fee7b4b16a0fd02642867eeaf9
com.tencentcloudapi	tencentcloud-sdk-java-wav	3.1.707		8cad045c58b9ef41e094286f7fbc45ad84a56739
com.tencentcloudapi	tencentcloud-sdk-java-wav	3.1.707	jar-with-dependencies	447fe4cdd5e9cbdfbcdf27d0032295a6ad5962e1
com.tencentcloudapi	tencentcloud-sdk-java-wav	3.1.709		04500211de6a73b014d16742d97def2dd52aed8b
com.tencentcloudapi	tencentcloud-sdk-java-wav	3.1.709	jar-with-dependencies	65ee159a600e62dbb28e1f2bb2f0ddde04ca167e
com.tencentcloudapi	tencentcloud-sdk-java-wav	3.1.710		d03a08de77a94ec2dd289b6723f8172d97f16c90
com.tencentcloudapi	tencentcloud-sdk-java-wav	3.1.710	jar-with-dependencies	e441da4aada4e6f7058a07af5cfd15b33060c6bb
com.tencentcloudapi	tencentcloud-sdk-java-wav	3.1.711		02db0813d15be93449729873d8df2c6dad503984
com.tencentcloudapi	tencentcloud-sdk-java-wav	3.1.711	jar-with-dependencies	708668d8849d896b23e58f96eaef9d682957c267
com.tencentcloudapi	tencentcloud-sdk-java-wav	3.1.712		c9a297d007bde03ad191a265d4e9f899f67b4c33
com.tencentcloudapi	tencentcloud-sdk-java-wav	3.1.712	jar-with-dependencies	aebe8a17aec4b22c140fb7aa4238a874f3590c4a
com.tencentcloudapi	tencentcloud-sdk-java-wav	3.1.714		e7c1f41947243c10fcee39e2563c5256b025a676
com.tencentcloudapi	tencentcloud-sdk-java-wav	3.1.714	jar-with-dependencies	0d3d4fa515964d01c72ac5707df4da4ab3d23d78
com.tencentcloudapi	tencentcloud-sdk-java-wav	3.1.715		a6b45fb7ef28cfac03eea273abb271fb85534285
com.tencentcloudapi	tencentcloud-sdk-java-wav	3.1.715	jar-with-dependencies	887a9d7e92399c20f7e3b3c74831340a17b8558d
com.tencentcloudapi	tencentcloud-sdk-java-wav	3.1.718		175033336b7b19b713799ae6033858789d1dae7a
com.tencentcloudapi	tencentcloud-sdk-java-wav	3.1.718	jar-with-dependencies	d01dfc42eb2f0d716f1d30056b8d2eb128e503f8
com.tencentcloudapi	tencentcloud-sdk-java-wav	3.1.719		2610f605a925924c203f4c3fb3e7ced01f33760e
com.tencentcloudapi	tencentcloud-sdk-java-wav	3.1.719	jar-with-dependencies	cf8b4cefedd4d3c6b67926c4544ed4feafaa3fe7
com.tencentcloudapi	tencentcloud-sdk-java-wav	3.1.720		9e98ce1e39619bbb5807a64f4efd4505e31e6870
com.tencentcloudapi	tencentcloud-sdk-java-wav	3.1.720	jar-with-dependencies	2a75fb14a3b05227a4b0a76e7824944fe2ef52ef
com.tencentcloudapi	tencentcloud-sdk-java-wav	3.1.721		d9b925b5c1e17185e381e7d65cd5a02bfacafe33
com.tencentcloudapi	tencentcloud-sdk-java-wav	3.1.721	jar-with-dependencies	0a7fe9973588413ae246ff68ed90c356d4beb7b7
com.tencentcloudapi	tencentcloud-sdk-java-wav	3.1.722		8b80e987483526565d2592a6ff96d04a1ae8f84f
com.tencentcloudapi	tencentcloud-sdk-java-wav	3.1.722	jar-with-dependencies	f4bc03dc8125a13a42e256db206eaa765d0cc698
com.tencentcloudapi	tencentcloud-sdk-java-wav	3.1.723		1fdd77b7cad00b690a9fb3021bd456bc1430ced0
com.tencentcloudapi	tencentcloud-sdk-java-wav	3.1.723	jar-with-dependencies	25ad6be5ee63bad099e823c80b686d302b66ab3d
com.tencentcloudapi	tencentcloud-sdk-java-wav	3.1.724		e03bd203d0718f606b6caaa8d45fc80eb1f8f711
com.tencentcloudapi	tencentcloud-sdk-java-wav	3.1.724	jar-with-dependencies	200ca2d51365f37b2534486dd0543e0dc2e7dda7
com.tencentcloudapi	tencentcloud-sdk-java-wav	3.1.725		2de3c8c747232eccaa2850caecc6cfd3e6a0ab78
com.tencentcloudapi	tencentcloud-sdk-java-wav	3.1.725	jar-with-dependencies	f114a136697cf962c9089f5e5c5a7c3bc4a172ed
com.tencentcloudapi	tencentcloud-sdk-java-wav	3.1.726		3bcb9e0044233a799eb30810c40a83f29ddfed0d
com.tencentcloudapi	tencentcloud-sdk-java-wav	3.1.726	jar-with-dependencies	2d82d399b4bf6971246faf91f161dcc7d4db51bf
com.tencentcloudapi	tencentcloud-sdk-java-wav	3.1.727		ad2321b5293100f1a414996e6ca6abaa8a989cb8
com.tencentcloudapi	tencentcloud-sdk-java-wav	3.1.727	jar-with-dependencies	aceaa65eac685daa7a2c7632931ee4220e6714ac
com.tencentcloudapi	tencentcloud-sdk-java-wav	3.1.728		d6cf87a3b735aa567b2bfe1a64b3819674d2fe90
com.tencentcloudapi	tencentcloud-sdk-java-wav	3.1.728	jar-with-dependencies	424046d56ea189895d794d3bfbf5ff2f1d292d13
com.tencentcloudapi	tencentcloud-sdk-java-wav	3.1.729		47e64b4ee523c8b109066c66ff76e44a299ac630
com.tencentcloudapi	tencentcloud-sdk-java-wav	3.1.729	jar-with-dependencies	2f16ce4afb8b31af9947b6e2a4ae8fc56005ee1f
com.tencentcloudapi	tencentcloud-sdk-java-wav	3.1.731		7aca5c8e9d268a3121e85717f3caa007b9cea29b
com.tencentcloudapi	tencentcloud-sdk-java-wav	3.1.731	jar-with-dependencies	76e9409c01b8a216433d70096ac33e85824d35a1
com.tencentcloudapi	tencentcloud-sdk-java-wav	3.1.734		ffc18a1c9a914092c6db3e85b050fa583186ef29
com.tencentcloudapi	tencentcloud-sdk-java-wav	3.1.734	jar-with-dependencies	ecaaaa9b337b5351cf9bf7599928c80d6081baec
com.tencentcloudapi	tencentcloud-sdk-java-wav	3.1.735		446f762802300db9a993e8c90ec77690ca0f97fa
com.tencentcloudapi	tencentcloud-sdk-java-wav	3.1.735	jar-with-dependencies	6228b7a887f9319a406fa2853f494039c0d18fe5
com.tencentcloudapi	tencentcloud-sdk-java-wav	3.1.736		48279279953d23ac427af259a74e86b0182b88a3
com.tencentcloudapi	tencentcloud-sdk-java-wav	3.1.736	jar-with-dependencies	0f0d9ead18799c781adcbb43800f32290ad1ee4a
com.tencentcloudapi	tencentcloud-sdk-java-wav	3.1.737		e7e5e90e6cdc8dc35f14aa08d785e8d07b74d8d4
com.tencentcloudapi	tencentcloud-sdk-java-wav	3.1.737	jar-with-dependencies	9c37ab8e127a76b43169567ebb51267ab8f523f9
com.tencentcloudapi	tencentcloud-sdk-java-wav	3.1.739		cf19fd24d2949a5b274fb27900a43d3c378623bc
com.tencentcloudapi	tencentcloud-sdk-java-wav	3.1.739	jar-with-dependencies	48540e9fadfe3f5543fcc4d55b383a331de6e61d
com.tencentcloudapi	tencentcloud-sdk-java-wav	3.1.740		bb4cf8aa580d4425336a7b898601ad66efd4763b
com.tencentcloudapi	tencentcloud-sdk-java-wav	3.1.740	jar-with-dependencies	f9b7fad129855201c4f75c732d40b56ea3be6eb9
com.tencentcloudapi	tencentcloud-sdk-java-wav	3.1.741		02d72d59093d0ec7f6dcee14c8ac946d85936263
com.tencentcloudapi	tencentcloud-sdk-java-wav	3.1.741	jar-with-dependencies	f582230f3bb0e847280a364da083ce05e227334a
com.tencentcloudapi	tencentcloud-sdk-java-wav	3.1.742		1f828ac2494274fd0061137e911c1e744839ecaa
com.tencentcloudapi	tencentcloud-sdk-java-wav	3.1.742	jar-with-dependencies	ae019b30323fe352cf7556871627c4eb22c438ea
com.tencentcloudapi	tencentcloud-sdk-java-wav	3.1.743		4dd388dd821ed2ec974a4406c9ce5b28bcdf7dea
com.tencentcloudapi	tencentcloud-sdk-java-wav	3.1.743	jar-with-dependencies	22bb8fc8d43b44b94df7f91bf94337b8dd84a3f0
com.tencentcloudapi	tencentcloud-sdk-java-wav	3.1.744		7dac1a4642720d5f8b994bb11c6cd95035db866e
com.tencentcloudapi	tencentcloud-sdk-java-wav	3.1.744	jar-with-dependencies	2c7916825173327f25a8a6f49d705796f5c9cbf2
com.tencentcloudapi	tencentcloud-sdk-java-wav	3.1.745		ba837b90c2d7f0f2bfe7c3abebc839f32b05952d
com.tencentcloudapi	tencentcloud-sdk-java-wav	3.1.745	jar-with-dependencies	bc211f7b7cae4df443b7afe9baee6ba2ce8786ef
com.tencentcloudapi	tencentcloud-sdk-java-wav	3.1.746		165a65a05fa041eaffacf8e6696b095161e28d22
com.tencentcloudapi	tencentcloud-sdk-java-wav	3.1.746	jar-with-dependencies	6a7f32c08f7b72f4fe3ad5330a62fed491343e35
com.tencentcloudapi	tencentcloud-sdk-java-wav	3.1.747		1ad1bb9b294b76076bf98a3e07d38910215a98a8
com.tencentcloudapi	tencentcloud-sdk-java-wav	3.1.747	jar-with-dependencies	c7a580d7f280e94732001fee290ec511600cb211
com.tencentcloudapi	tencentcloud-sdk-java-wav	3.1.748		96a36f8379d42c0f8e6091fb138ae7f40f23e396
com.tencentcloudapi	tencentcloud-sdk-java-wav	3.1.748	jar-with-dependencies	41bafb6fc5dbb4b1427631c1e9c7182701904b26
com.tencentcloudapi	tencentcloud-sdk-java-wav	3.1.749		6d0c1080cad334ec5e161f7cc055d1149a5399c9
com.tencentcloudapi	tencentcloud-sdk-java-wav	3.1.749	jar-with-dependencies	7cd496ffd2c5bfed8df75e53459020d39586d36d
com.tencentcloudapi	tencentcloud-sdk-java-wav	3.1.750		304ee933daf2bd1436707c5d1da07b79dfbaa6e9
com.tencentcloudapi	tencentcloud-sdk-java-wav	3.1.750	jar-with-dependencies	d0cdd619b4d560fd585d23d24790ac00074f35b9
com.tencentcloudapi	tencentcloud-sdk-java-wav	3.1.751		8f0bbb6d4bd035c288ff37ea359e502190737f25
com.tencentcloudapi	tencentcloud-sdk-java-wav	3.1.751	jar-with-dependencies	ee2828ed4641438d2083bdde7e65467bc9cce399
com.tencentcloudapi	tencentcloud-sdk-java-wav	3.1.752		09e6606a02aec6e9f6bb9d1a5d054cf1cfd72aed
com.tencentcloudapi	tencentcloud-sdk-java-wav	3.1.752	jar-with-dependencies	9f4bc06ef46680abb1c4111846e09aa2c3451611
com.tencentcloudapi	tencentcloud-sdk-java-wav	3.1.753		4b9a00ac3f4de49aebf049b465c4af2c08320fd4
com.tencentcloudapi	tencentcloud-sdk-java-wav	3.1.753	jar-with-dependencies	c75a07fd5c7c8ecc3add9bda98e04f4d7f77b042
com.tencentcloudapi	tencentcloud-sdk-java-wav	3.1.754		e83ca6f4b98d67a6d58ed6df883842b5d52d470f
com.tencentcloudapi	tencentcloud-sdk-java-wav	3.1.754	jar-with-dependencies	c3c4f911d1c925cfe2372cee2f38619f4c4d9023
com.tencentcloudapi	tencentcloud-sdk-java-wav	3.1.755		11b444b327588cc2cd4522b3b43821a962be7c38
com.tencentcloudapi	tencentcloud-sdk-java-wav	3.1.755	jar-with-dependencies	fb02744639122165d4b49bd1c35052d2943664fb
com.tencentcloudapi	tencentcloud-sdk-java-wav	3.1.756		c78e767d10dc8a484f2328e36a7b054636b3de0a
com.tencentcloudapi	tencentcloud-sdk-java-wav	3.1.756	jar-with-dependencies	3bdcab0217e630d168b25db48d1581bad411d579
com.tencentcloudapi	tencentcloud-sdk-java-wav	3.1.757		7ad03bcca7d786bd6ee80eefda04b82caaf327d4
com.tencentcloudapi	tencentcloud-sdk-java-wav	3.1.757	jar-with-dependencies	fde1f55b3393ff709cc471e1076d61c3a3dbdabc
com.tencentcloudapi	tencentcloud-sdk-java-wav	3.1.758		14b46ffd95696def5f2035a86efe8edefb6a5df0
com.tencentcloudapi	tencentcloud-sdk-java-wav	3.1.758	jar-with-dependencies	65a0e1948c9d5619b123b39abb2a074748acdab6
com.tencentcloudapi	tencentcloud-sdk-java-wav	3.1.759		ebfd3c380ddaa51d898dfcbffce9fd5cfa42aeb0
com.tencentcloudapi	tencentcloud-sdk-java-wav	3.1.759	jar-with-dependencies	dc902f73a3f6f31d80155ab0a0ff4b822d6c4cbd
com.tencentcloudapi	tencentcloud-sdk-java-wav	3.1.760		ea4f0bc7d96f4d072598c22e5fd31eeef5618b18
com.tencentcloudapi	tencentcloud-sdk-java-wav	3.1.760	jar-with-dependencies	5a0124c5a6cd606a3c13524e7362b0be0741cc0b
com.tencentcloudapi	tencentcloud-sdk-java-wav	3.1.763		044633254ab79648a200b6a91ed223d87a85ae3f
com.tencentcloudapi	tencentcloud-sdk-java-wav	3.1.763	jar-with-dependencies	d6bd652b62ea96a0d3377724fb87031f6e855838
com.tencentcloudapi	tencentcloud-sdk-java-wav	3.1.764		391af75eede72cac6fe7f65256e176f1f9995691
com.tencentcloudapi	tencentcloud-sdk-java-wav	3.1.764	jar-with-dependencies	d8e9d8d4fb409a423a53d4da7324971d77695e6e
com.tencentcloudapi	tencentcloud-sdk-java-wav	3.1.765		d9a552dfb387b44edcb7d975e3b142917b17f0b2
com.tencentcloudapi	tencentcloud-sdk-java-wav	3.1.765	jar-with-dependencies	15c1722892a3969dbd9a02bc455695027f78aade
com.tencentcloudapi	tencentcloud-sdk-java-wav	3.1.766		7d1cb328cf6fb195f090a0bb31392b78fcf359ea
com.tencentcloudapi	tencentcloud-sdk-java-wav	3.1.766	jar-with-dependencies	a7f7238009081f2f4ed5dd74162e256e756ad1df
com.tencentcloudapi	tencentcloud-sdk-java-wav	3.1.767		20153fffbec404b0dd263b331ffc7000a7eb99e2
com.tencentcloudapi	tencentcloud-sdk-java-wav	3.1.767	jar-with-dependencies	a39809790ea8f5f78ec7a84486a637bc14a0bedc
com.tencentcloudapi	tencentcloud-sdk-java-wav	3.1.769		e7d408562f06238573ce2a646d6b0f58b33c60fd
com.tencentcloudapi	tencentcloud-sdk-java-wav	3.1.769	jar-with-dependencies	c0f111cca8c6c85cd0129ea79fcdbaf727345483
com.tencentcloudapi	tencentcloud-sdk-java-wav	3.1.770		8018286bf15a26235b2b1fc585a52b48cc1e2f18
com.tencentcloudapi	tencentcloud-sdk-java-wav	3.1.770	jar-with-dependencies	197a8fdee1f29d78362f54182093873403339c99
com.tencentcloudapi	tencentcloud-sdk-java-wav	3.1.771		53cfe31fc931eb05da88e32bda29b240c0d7394e
com.tencentcloudapi	tencentcloud-sdk-java-wav	3.1.771	jar-with-dependencies	c1602098df2b4911fba62b54094841abe787bbcf
com.tencentcloudapi	tencentcloud-sdk-java-wav	3.1.772		f803ae8f3d52e21d24acf2ca2dbf7967228d9ff4
com.tencentcloudapi	tencentcloud-sdk-java-wav	3.1.772	jar-with-dependencies	0e5c5ce29ba7a4c41bc9dc8f67dac33ee74fe523
com.tencentcloudapi	tencentcloud-sdk-java-wav	3.1.774		351d861c65f386d59b063278ca87d7b4ca024036
com.tencentcloudapi	tencentcloud-sdk-java-wav	3.1.774	jar-with-dependencies	802147a1fb3f0420a57dc8ccd0c8153634864896
com.tencentcloudapi	tencentcloud-sdk-java-wav	3.1.775		636da9ff42af175d3577044f969d97d3506da30a
com.tencentcloudapi	tencentcloud-sdk-java-wav	3.1.775	jar-with-dependencies	a7ef31cfb12ea6f02ca5e6c3b74e9a2a21e73156
com.tencentcloudapi	tencentcloud-sdk-java-wav	3.1.776		ea9cb3d3b963f9ff400ebc19774570b6fdd03e96
com.tencentcloudapi	tencentcloud-sdk-java-wav	3.1.776	jar-with-dependencies	1695fae759db00c3377f9ef47e068c8e3392b6ba
com.tencentcloudapi	tencentcloud-sdk-java-wav	3.1.777		b542265ad241e6b94f847076fc070834555c0f52
com.tencentcloudapi	tencentcloud-sdk-java-wav	3.1.777	jar-with-dependencies	78babb2b9711eaa0ceeb8c9b91769a77a3a3b935
com.tencentcloudapi	tencentcloud-sdk-java-wav	3.1.779		19f74ffdb291f24aa4f13d6f2260066a2d1d246a
com.tencentcloudapi	tencentcloud-sdk-java-wav	3.1.779	jar-with-dependencies	b9801a874cf57644fc0fad2b394f7069b3f8c18f
com.tencentcloudapi	tencentcloud-sdk-java-wav	3.1.781		6983335d275e9be501955c1ff0ad5bed040bae7d
com.tencentcloudapi	tencentcloud-sdk-java-wav	3.1.781	jar-with-dependencies	143c5710069b0d06c9df11ae01ff2fc1f48e75ce
com.tencentcloudapi	tencentcloud-sdk-java-wav	3.1.782		3425e7d9b00a7e4828ffacfc743742aaef9b02e9
com.tencentcloudapi	tencentcloud-sdk-java-wav	3.1.782	jar-with-dependencies	50c6b091307b4274cdabf5ac23e7f7476140f651
com.tencentcloudapi	tencentcloud-sdk-java-wav	3.1.783		487b6ffde85de8bd0f2b1a9c1b9c22d2149f8f9b
com.tencentcloudapi	tencentcloud-sdk-java-wav	3.1.783	jar-with-dependencies	4834964e395519e7f1a844e896a17c5d20c18127
com.tencentcloudapi	tencentcloud-sdk-java-wav	3.1.785		2a1c8b0fd920b4c8edd743940dbf0a2d235cd644
com.tencentcloudapi	tencentcloud-sdk-java-wav	3.1.785	jar-with-dependencies	fda7d30165dc3274056e960a75a5f87987c7ffca
com.tencentcloudapi	tencentcloud-sdk-java-wav	3.1.786		a90119fcbebcd0f0edd4cdba12ec032cd46bed38
com.tencentcloudapi	tencentcloud-sdk-java-wav	3.1.786	jar-with-dependencies	63ed9c86d602ae61fc903a31557c0f6a736da856
com.tencentcloudapi	tencentcloud-sdk-java-wav	3.1.787		2a0d9ee1ce33b8cc83802a3d164d9c6247054841
com.tencentcloudapi	tencentcloud-sdk-java-wav	3.1.787	jar-with-dependencies	bb36c482a563a07097f12b76c442b99f77935f62
com.tencentcloudapi	tencentcloud-sdk-java-wav	3.1.788		a4c20b9ec0c841f75fd1c72ec970631e4da0a024
com.tencentcloudapi	tencentcloud-sdk-java-wav	3.1.788	jar-with-dependencies	8b58007e4e72e2fea70ff2de234fa72301c9b17b
com.tencentcloudapi	tencentcloud-sdk-java-wav	3.1.789		be8849816ca6e06746eabd1e3f2886544f423462
com.tencentcloudapi	tencentcloud-sdk-java-wav	3.1.789	jar-with-dependencies	a0b7e23ed44ff03226ffd035cfde7f69116311cf
com.tencentcloudapi	tencentcloud-sdk-java-wav	3.1.793		adba2d25c5069c904ccb24eb9c15d10009b35fde
com.tencentcloudapi	tencentcloud-sdk-java-wav	3.1.793	jar-with-dependencies	0faf13e07a9e69f14f55aff8111743ca348f5e78
com.tencentcloudapi	tencentcloud-sdk-java-wav	3.1.794		7fc7d0dcc2a0d814276692153751d0f61d8218a5
com.tencentcloudapi	tencentcloud-sdk-java-wav	3.1.794	jar-with-dependencies	8ca85e6072b078ba6fe987e5b0d6941c2c18363b
com.tencentcloudapi	tencentcloud-sdk-java-wav	3.1.795		8b0c8183c2222dcbfc025dc6b93cf7fa4e93cd91
com.tencentcloudapi	tencentcloud-sdk-java-wav	3.1.795	jar-with-dependencies	8821a73b80a62449a5639edfa24192360bbeec7c
com.tencentcloudapi	tencentcloud-sdk-java-wav	3.1.796		5c7893d0ca93c234ecace47251b58af0a97dcf52
com.tencentcloudapi	tencentcloud-sdk-java-wav	3.1.796	jar-with-dependencies	5f8cd6406a319151904076bb0297e22dfb6b6ee0
com.tencentcloudapi	tencentcloud-sdk-java-wav	3.1.797		d85d5c4308b4140ec335b4f8bf542920a74247b5
com.tencentcloudapi	tencentcloud-sdk-java-wav	3.1.797	jar-with-dependencies	9a452227f41aff12754296258256fa66e7b34db2
com.tencentcloudapi	tencentcloud-sdk-java-wav	3.1.798		36d3a81a868add651ab1a2e9501909347d404c39
com.tencentcloudapi	tencentcloud-sdk-java-wav	3.1.798	jar-with-dependencies	c929097df5480a27dd869a5a7fef64a19891e70f
com.tencentcloudapi	tencentcloud-sdk-java-wav	3.1.800		26d39f12446b55fdc5626cc633eb2cfabe2c09ed
com.tencentcloudapi	tencentcloud-sdk-java-wav	3.1.800	jar-with-dependencies	75747ab30ad1da377adc1beb49b163ca21ddb45e
com.tencentcloudapi	tencentcloud-sdk-java-wav	3.1.801		2b663e8b5499988611ec7b6808e3e81947ece8b7
com.tencentcloudapi	tencentcloud-sdk-java-wav	3.1.801	jar-with-dependencies	13bb88e7a18f6369636d16bedbf4bcd99dfed24d
com.tencentcloudapi	tencentcloud-sdk-java-wav	3.1.802		24b46f1270fb69a97715b253ed913caa61c5d98f
com.tencentcloudapi	tencentcloud-sdk-java-wav	3.1.802	jar-with-dependencies	2f42484c518b5e2352b3853a6d7ae1639fd0c5af
com.tencentcloudapi	tencentcloud-sdk-java-wav	3.1.806		ffcba8aba851afb6552d2b75830fb8c4ac8716f7
com.tencentcloudapi	tencentcloud-sdk-java-wav	3.1.806	jar-with-dependencies	2a6cbd72c1b8730ee1ee7e1d44dcefe9d0c232b9
com.tencentcloudapi	tencentcloud-sdk-java-wav	3.1.808		3235975eee430f3b510c59bce2ac7f060be5c335
com.tencentcloudapi	tencentcloud-sdk-java-wav	3.1.808	jar-with-dependencies	5e620a517668abb9a66137dd99ba251b6e4e4beb
com.tencentcloudapi	tencentcloud-sdk-java-wav	3.1.809		59c4362f290e1ca316bffbbaaf6b967e88a309cc
com.tencentcloudapi	tencentcloud-sdk-java-wav	3.1.809	jar-with-dependencies	c0221ed9341794c0b9440a377b823dd13f31b35a
com.tencentcloudapi	tencentcloud-sdk-java-wav	3.1.810		5a0b15aedbca089123a99368ed7bb5fa8765d20d
com.tencentcloudapi	tencentcloud-sdk-java-wav	3.1.810	jar-with-dependencies	a959022dccdeda7a60c92034af26d1f049ad7e1c
com.tencentcloudapi	tencentcloud-sdk-java-wav	3.1.811		59eb50f5478cc851b371a4b4f3c77e084dea4e43
com.tencentcloudapi	tencentcloud-sdk-java-wav	3.1.811	jar-with-dependencies	c107526fbd06af7ed024b872dbd58b9662a361d8
com.tencentcloudapi	tencentcloud-sdk-java-wav	3.1.813		efbc36f98637865a7e6b225de15fd1d8823e5ed6
com.tencentcloudapi	tencentcloud-sdk-java-wav	3.1.813	jar-with-dependencies	029df7ab9a5c83d76c2d79c6cb46d66838dc3101
com.tencentcloudapi	tencentcloud-sdk-java-wav	3.1.814		ccfb206c7683853358a544f5ff9651f0f42f6540
com.tencentcloudapi	tencentcloud-sdk-java-wav	3.1.814	jar-with-dependencies	447693ddcfa97c8fb9361ae8d6e724463cd40895
com.tencentcloudapi	tencentcloud-sdk-java-wav	3.1.816		c955972de14a9da80b0190b76b746c529cefbed1
com.tencentcloudapi	tencentcloud-sdk-java-wav	3.1.816	jar-with-dependencies	227da18942c736c76fc1f4fd060130d2b5a90962
com.tencentcloudapi	tencentcloud-sdk-java-wav	3.1.817		9154a8c2f995b439cd0501dd018054aa81810552
com.tencentcloudapi	tencentcloud-sdk-java-wav	3.1.817	jar-with-dependencies	85dc555521fe4ee0c524900f86133b7796a2794c
com.tencentcloudapi	tencentcloud-sdk-java-wav	3.1.820		565e0516c3c6bd05db9bf4bbd1d14d9db0bd36f4
com.tencentcloudapi	tencentcloud-sdk-java-wav	3.1.820	jar-with-dependencies	ecf1adc73b3d7116f55fef1f2bf6d3f112e9c6e2
com.tencentcloudapi	tencentcloud-sdk-java-wav	3.1.826		c391079727d011b302d782b484f60501a4ad7998
com.tencentcloudapi	tencentcloud-sdk-java-wav	3.1.826	jar-with-dependencies	7a008cd179fafefd727dec002f84e2374d05360a
com.tencentcloudapi	tencentcloud-sdk-java-wav	3.1.827		233a54d9fe3ca418648f82b7fe35f1923bd4afdc
com.tencentcloudapi	tencentcloud-sdk-java-wav	3.1.827	jar-with-dependencies	e9bbb2388193ea6a11a0ff5a88c15af5339e98b8
com.tencentcloudapi	tencentcloud-sdk-java-wav	3.1.828		e504bed76485fdd14c1a638da247f2c21318b17d
com.tencentcloudapi	tencentcloud-sdk-java-wav	3.1.828	jar-with-dependencies	c9d67c3f116784b5757bfc9fa48a9828e63b12c6
com.tencentcloudapi	tencentcloud-sdk-java-wav	3.1.829		b888c8fe5f6b88673649de56e3faa08040ac9c56
com.tencentcloudapi	tencentcloud-sdk-java-wav	3.1.829	jar-with-dependencies	d01f7ee42484efdb4c9dbf7a6f2e523f5b814c43
com.tencentcloudapi	tencentcloud-sdk-java-wav	3.1.830		f194242007f5476b8cf6e3e094bfd1b30b28fbd1
com.tencentcloudapi	tencentcloud-sdk-java-wav	3.1.830	jar-with-dependencies	84f60fd8cf68e53b0b58faa7c2ecd77aa2e35146
com.tencentcloudapi	tencentcloud-sdk-java-wav	3.1.831		a9ebfc8e475f91e3d89954377eea01cc372e8c08
com.tencentcloudapi	tencentcloud-sdk-java-wav	3.1.831	jar-with-dependencies	4802b8db024cb4229deaff8d1b1050660c4d061f
com.tencentcloudapi	tencentcloud-sdk-java-wav	3.1.832		8aef55e29c3456f9468fb0111f285af4061da729
com.tencentcloudapi	tencentcloud-sdk-java-wav	3.1.832	jar-with-dependencies	cf5b8950e956fe4ed0a898ef97834b20a9a2cc15
com.tencentcloudapi	tencentcloud-sdk-java-wav	3.1.833		0e8f95086fe6ef0d6d9c80fa9758cfee13a7e8fb
com.tencentcloudapi	tencentcloud-sdk-java-wav	3.1.833	jar-with-dependencies	4ee6eace84a4ae30c583e512a970ea782079d5ec
com.tencentcloudapi	tencentcloud-sdk-java-wav	3.1.834		b112d1be571875a0e4dea33b66c66149b574e4ed
com.tencentcloudapi	tencentcloud-sdk-java-wav	3.1.834	jar-with-dependencies	39065d87b2d5037400a75c64cfa49a002fdaef00
com.tencentcloudapi	tencentcloud-sdk-java-wav	3.1.835		7438530b62c2876069cb921cd0950a077df04d1f
com.tencentcloudapi	tencentcloud-sdk-java-wav	3.1.835	jar-with-dependencies	f5f6b4f244e38d3dad9f2b9a1273376a9656464e
com.tencentcloudapi	tencentcloud-sdk-java-wav	3.1.837		163a3f64568ecbb78bb1c44ad042940b492492b0
com.tencentcloudapi	tencentcloud-sdk-java-wav	3.1.837	jar-with-dependencies	13c93f9aab3781a2b856677506e5ecad9d105632
com.tencentcloudapi	tencentcloud-sdk-java-wav	3.1.838		d3fe90ca753e3da34e11daee7ef6ea51ad3ad9ec
com.tencentcloudapi	tencentcloud-sdk-java-wav	3.1.838	jar-with-dependencies	337dfed25db3f0b5c0be0ca4f14a6175723bb511
com.tencentcloudapi	tencentcloud-sdk-java-wav	3.1.840		407bb6d28f945162f7d4a10cf27ca7d35890a598
com.tencentcloudapi	tencentcloud-sdk-java-wav	3.1.840	jar-with-dependencies	47d43630328ab38272596cb64c5458328aa9f5ec
com.tencentcloudapi	tencentcloud-sdk-java-wav	3.1.841		ed3db52bfc260ab3ad04f64bde0b5545b32e44ad
com.tencentcloudapi	tencentcloud-sdk-java-wav	3.1.841	jar-with-dependencies	e05a3a5ebe07a86634a4ca38b99414fa293057e5
com.tencentcloudapi	tencentcloud-sdk-java-wav	3.1.846		ec4eb06553dfb4de6428d2858b9caafbd19cfa90
com.tencentcloudapi	tencentcloud-sdk-java-wav	3.1.846	jar-with-dependencies	0fe508738a2e16a5031e74dc88933f0ebdecd518
com.tencentcloudapi	tencentcloud-sdk-java-wav	3.1.847		f4caa2b3cb81539842bb54836bc20d58a1c2d461
com.tencentcloudapi	tencentcloud-sdk-java-wav	3.1.847	jar-with-dependencies	ffbf3a8fb457274c24463b82206a710234ae489a
com.tencentcloudapi	tencentcloud-sdk-java-wav	3.1.848		6a6f1457ce995b80ee37f3c2b794522fc96e139a
com.tencentcloudapi	tencentcloud-sdk-java-wav	3.1.848	jar-with-dependencies	cd9f8cff5e43c9a200a36edde9f3f62ab59eb81c
com.tencentcloudapi	tencentcloud-sdk-java-wav	3.1.850		c9f7c2385df0c23256d6c8999bc5cb255ddb6f75
com.tencentcloudapi	tencentcloud-sdk-java-wav	3.1.850	jar-with-dependencies	6231f48d2be268020f3205b96e971b3fce2d3ff5
com.tencentcloudapi	tencentcloud-sdk-java-wav	3.1.853		5d4228ee2387ef57cf5795491f59bde4ebfeacdf
com.tencentcloudapi	tencentcloud-sdk-java-wav	3.1.853	jar-with-dependencies	0fa504c030f994310d07c94d7ff37914294bc8ea
com.tencentcloudapi	tencentcloud-sdk-java-wav	3.1.871		16f1500b249f644721b06bf5578666195d7bdcc4
com.tencentcloudapi	tencentcloud-sdk-java-wav	3.1.871	jar-with-dependencies	d305e27d15a5d9fb7d47fa287d1ee302f651e906
com.tencentcloudapi	tencentcloud-sdk-java-wav	3.1.872		8b684e4df03e85968f6fdd8f05d102ddc7ff56f4
com.tencentcloudapi	tencentcloud-sdk-java-wav	3.1.872	jar-with-dependencies	c6344859293c5abad0afc47bd7da4099772c82af
com.tencentcloudapi	tencentcloud-sdk-java-wav	3.1.875		1b580970e6fedba7b4f82fc703ea077e3ac13ca4
com.tencentcloudapi	tencentcloud-sdk-java-wav	3.1.875	jar-with-dependencies	4b61d1b66aebe1cefa1ca52747ab3675e0d0cc95
com.tencentcloudapi	tencentcloud-sdk-java-wav	3.1.878		a4f2b03b8e73a0c40230145b78693b70d58009e9
com.tencentcloudapi	tencentcloud-sdk-java-wav	3.1.878	jar-with-dependencies	a5524edca75d8fc02585345744c1d3fb3b08635a
com.tencentcloudapi	tencentcloud-sdk-java-wav	3.1.880		a77ea94396f4a34d6fa6fac739bb22796a663c26
com.tencentcloudapi	tencentcloud-sdk-java-wav	3.1.880	jar-with-dependencies	f3710d44051afca5ec18fb9c24075fc21a2d1155
com.tencentcloudapi	tencentcloud-sdk-java-wav	3.1.893		5f5e9dbfba49892c1034e094adae8a94e4fc808b
com.tencentcloudapi	tencentcloud-sdk-java-wav	3.1.894		d4bd0a62d85dcc6c148fa1d64c4a90e76102f8d3
com.tencentcloudapi	tencentcloud-sdk-java-wav	3.1.906		3b93b0ba96453af451c5f5a09baec5b4ec8a2c3f
com.thoughtworks.dsl	keywords-put_2.11	1.0.0		3dd333bba65ae1c434e3db44d6ca3ff83728ad05
com.thoughtworks.dsl	keywords-put_2.11	1.0.0+10-85749ba6		7aa2018f5d2629a1829811a4dee37577da4cb156
com.thoughtworks.dsl	keywords-put_2.11	1.0.0+12-90f29e57		102bf74000fd1d4be2f3cacf130adc7a3f300af7
com.thoughtworks.dsl	keywords-put_2.11	1.0.0+5-80c67eb9		a92cbc30b333aca6615ec72b15de0ec22d1df940
com.thoughtworks.dsl	keywords-put_2.11	1.0.0+6-cac4f316		12efd8b8cb21c7eb4c844e7d54454899f23445f6
com.thoughtworks.dsl	keywords-put_2.11	1.0.0+8-a1cac1bb		57f40e21611419258c45b0fe9549b5363a4a6538
com.thoughtworks.dsl	keywords-put_2.11	1.0.0-2-ddbc1c14		a06c6f43909a9a836e9a0c6d27cbd3f7d566a19b
com.thoughtworks.dsl	keywords-put_2.11	1.0.0-RC16		bacc47025eeb6bab8b0939da146e573b594249ef
com.thoughtworks.dsl	keywords-put_2.11	1.0.0-RC17		e4369da8b1278a2a3a06d33f96fb710f3dd54dca
com.thoughtworks.dsl	keywords-put_2.11	1.0.0-RC18		3b9d788ecf709b3f998092627a7a2b89d3028741
com.thoughtworks.dsl	keywords-put_2.11	1.0.0-RC19		b96039d4cbf59c4290ae1f9561a0bbf67803753a
com.thoughtworks.dsl	keywords-put_2.11	1.0.0-RC20		f2dd29c0c1ecae35253ff415dc83495b27b3678d
com.thoughtworks.dsl	keywords-put_2.11	1.0.0-RC21		a7a62bbc38e13c99c7855784931dfc7d13a50a59
com.thoughtworks.dsl	keywords-put_2.11	1.0.0-RC22		67a3f1a244263f89470fb20d60327e747521da18
com.thoughtworks.dsl	keywords-put_2.11	1.0.0-RC22+34-d5c0d2a1		2d99edd7929fa6a7b2150a736c1222774aacf844
com.thoughtworks.dsl	keywords-put_2.11	1.0.0-RC22+35-5d731d45		c39ddb56752916268b2aae44ed98c6ee71110ef4
com.thoughtworks.dsl	keywords-put_2.11	1.0.0-RC22+36-6a0631d6		ff7a961ce7e7d694fdea852d42196ad83f697dd6
com.thoughtworks.dsl	keywords-put_2.11	1.0.0-RC22+37-2d1f6689		8380c84b437fe17b6261e32b69293de40598dfd1
com.thoughtworks.dsl	keywords-put_2.11	1.0.0-RC22-38-7c8f0197		492c78511e0d5546ac8dd5040b73c545a4f7c7e2
com.thoughtworks.dsl	keywords-put_2.11	1.0.0-RC22-39-837d91c3		1794a012b07fc8ff84a5fee2c3b57c4f7bf717b4
com.thoughtworks.dsl	keywords-put_2.11	1.0.0-RC22-41-7fd570b9		2259f6d67ab379f84395ee4e6d577964eae80492
com.thoughtworks.dsl	keywords-put_2.11	1.0.0-RC22-43-199595f6		0bb7b91fc146d9511ce57d1dfbc1f3848afaa619
com.thoughtworks.dsl	keywords-put_2.11	1.0.0-RC22-52-af063f91		4e4b2d5783136dd8a33f7d0074988efdbdffb4c5
com.thoughtworks.dsl	keywords-put_2.11	1.1.0		47e271c050fa4af2f2fbbce2c19ecb600ed649b2
com.thoughtworks.dsl	keywords-put_2.11	1.1.0+2-023c79d6		a65446b63f650a3343f2b1eb8c5e32c9fba87722
com.thoughtworks.dsl	keywords-put_2.11	1.1.1		c581bf25acb77365600e50529a23c6362f9076c2
com.thoughtworks.dsl	keywords-put_2.11	1.1.1+13-44c3f028		5bb561941a431c9645081487a16bcbcf76938d36
com.thoughtworks.dsl	keywords-put_2.11	1.1.1+18-0516ac07		f28b3a75f4a706054f6cd5919346eb29a4fb0711
com.thoughtworks.dsl	keywords-put_2.11	1.1.1+19-76573a4b		7cc83194b4153ca4cf5fc2054003e2abff6e342a
com.thoughtworks.dsl	keywords-put_2.11	1.1.1+19-a8540fe4		bc718eedb60840fa3742fec1f4d6b59b09449891
com.thoughtworks.dsl	keywords-put_2.11	1.1.1+21-1c59a962		6b84845226c33ceca05b5068c61166c5c796a11c
com.thoughtworks.dsl	keywords-put_2.11	1.1.1+22-f4600c21		b494e95761bd134ec1a3679ec9d568c9a4df01e8
com.thoughtworks.dsl	keywords-put_2.11	1.1.1+23-b7dac581		40d95b09ec0c327c34b876053916061b19f99cb9
com.thoughtworks.dsl	keywords-put_2.11	1.1.1+24-e41f59f4		bf855d83135ab6d0635481f3bcbdd63c46432ce0
com.thoughtworks.dsl	keywords-put_2.11	1.1.1+26-f23b62e5		11992fdff05a25f2d68a94f43832efc630df8bb4
com.thoughtworks.dsl	keywords-put_2.11	1.1.1+28-9ce8d0ec		f99ad66e381a951ec208085c7f6fde2d070abf62
com.thoughtworks.dsl	keywords-put_2.11	1.1.1+29-c7067d05		82adef6dc5a188ace2ccb45fea44484f6cf7ebb8
com.thoughtworks.dsl	keywords-put_2.11	1.1.1+4-1b838f6a		3a63db903e41b39074c01c2abad9380e7b40cc57
com.thoughtworks.dsl	keywords-put_2.11	1.2.0		840076d8f606b5f4c8965b3cfb05c86204791b1d
com.thoughtworks.dsl	keywords-put_2.11	1.2.0+1-d85d16ba		d4362f75b5bb6c59a59de5b5345a579a8fddbdae
com.thoughtworks.dsl	keywords-put_2.11	1.2.0+10-1f03ec61		3b676d1b626ca035b612ab73699cc68c912f7316
com.thoughtworks.dsl	keywords-put_2.11	1.2.0+13-f57b64ea		6355573e5586ec85c7797fc60cc6281dbacb708d
com.thoughtworks.dsl	keywords-put_2.11	1.2.0+14-7a373cbd		4068fefffd6e5a15bec1bcc496809d5379db11e8
com.thoughtworks.dsl	keywords-put_2.11	1.2.0+2-f37ec2f2		86f9df37751c7711584413b579dea2fe922b789b
com.thoughtworks.dsl	keywords-put_2.11	1.2.0+20-59ab9dfc		f8e6eedb526b68dbb2c882547be34cb69ae59011
com.thoughtworks.dsl	keywords-put_2.11	1.2.0+22-af129ac9		06536a14df3438092597f6442c01d8dc62872957
com.thoughtworks.dsl	keywords-put_2.11	1.2.0+3-f5ef651b		c0604c8d293e83cbbf0f88bbc81d984036f1e991
com.thoughtworks.dsl	keywords-put_2.11	1.2.0+5-d331cfe8		353c62928309518cfd5c23dfb433ba773e1b9179
com.thoughtworks.dsl	keywords-put_2.11	1.2.0+6-f489f05f		758bf5dc45423b7b4d984fc11b3b5737ab237b3e
com.thoughtworks.dsl	keywords-put_2.11	1.2.0+7-384ee633		687f06850e33e5d7897f5ad41ddd34123e737cee
com.thoughtworks.dsl	keywords-put_2.11	1.2.0+8-5e1f353f		fed4b7c282a07d1fc054b1d358ba0ad34f00d824
com.thoughtworks.dsl	keywords-put_2.11	1.2.0+9-38dca16a		3d5087893cf04ad281296b5689e7a52898825f52
com.thoughtworks.dsl	keywords-put_2.11	1.3.0		d10dbc816fc78e357eb4aba3e33ce110bd5ac3b9
com.thoughtworks.dsl	keywords-put_2.11	1.3.0+1-9a0c56c6		e2795acc4494707991e8851162172b80a374a10f
com.thoughtworks.dsl	keywords-put_2.11	1.3.0+10-92aa3e16		c6c7572c5adc21271eb0b3a3e871e2daaecd68e8
com.thoughtworks.dsl	keywords-put_2.11	1.3.0+12-086c7cfd		7c4137de9c04dea41fb53f595c9406218de21bc7
com.thoughtworks.dsl	keywords-put_2.11	1.3.0+14-3ba1e297		93046055671a49ccf5a7e9131ce77a76e388fa17
com.thoughtworks.dsl	keywords-put_2.11	1.3.0+16-22017758		44098f5b35881f74a7b9370d064150e7f955e7ae
com.thoughtworks.dsl	keywords-put_2.11	1.3.0+18-90969cfc		71b352c1ef751717149602a033985153392a7cc5
com.thoughtworks.dsl	keywords-put_2.11	1.3.0+2-095000a0		12081dee9633a2acda690606a5e182977ed8dfe1
com.thoughtworks.dsl	keywords-put_2.11	1.3.0+21-07ec26b4		b673f870cab1d1fcee12438cd7e55f073b16c8fd
com.thoughtworks.dsl	keywords-put_2.11	1.3.0+4-5d992e46		ff2ac60424758f74d1cfb85308609946565a2feb
com.thoughtworks.dsl	keywords-put_2.11	1.3.0+5-eef185af		6facfc375905f4fecc5ff8beaac700d222bb99ea
com.thoughtworks.dsl	keywords-put_2.11	1.3.0+8-70bbe4c5		032c3b7c1d0f73696866ded0b159ba3a96f137e1
com.thoughtworks.dsl	keywords-put_2.11	1.3.1		b7792a4d4d51d93db61dba7010d5201fa4cb75e5
com.thoughtworks.dsl	keywords-put_2.11	1.3.1+10-84868c21		2d9066c2b4fbf6fb78f838fb1eb135b311a864df
com.thoughtworks.dsl	keywords-put_2.11	1.3.1+10-be8b2867		432d0b638fc574b8fc90f4d3496f580a3fa748c8
com.thoughtworks.dsl	keywords-put_2.11	1.3.1+12-0433c5de		a5a4390da9816caf27fd399cbf5a7e8a9eb4e0a7
com.thoughtworks.dsl	keywords-put_2.11	1.3.1+4-8e4fabd4		bd45e7c3d8ba9ded40058db90183e0ea4fd5498f
com.thoughtworks.dsl	keywords-put_2.11	1.3.1+6-0e944675		bee8b1a028660733841395635fb278541a6046f3
com.thoughtworks.dsl	keywords-put_2.11	1.3.1+7-0c6f6ce6		31a002c09ba6cc47b33e39a47cfd9a79a1e0fa5b
com.thoughtworks.dsl	keywords-put_2.11	1.3.1+8-1c17a13e		e6c27dd1f9cc9e35e390af70d70e2ff725e01616
com.thoughtworks.dsl	keywords-put_2.11	1.3.1+8-469f002c		fe919fb31de24e36af2320add45421d69cf00920
com.thoughtworks.dsl	keywords-put_2.11	1.3.1+8-fafc6d21		4d940fcd7216f4eff028b923ee7ce76eb38748c3
com.thoughtworks.dsl	keywords-put_2.11	1.3.1+9-8dd1aea0		c4763905b072e55acdcb3ab60d152107016445a0
com.thoughtworks.dsl	keywords-put_2.11	1.3.1+9-8ececebb		3f58ce9a4b1c596afe7abf664259640d47c6033d
com.thoughtworks.dsl	keywords-put_2.11	1.3.1+9-9cd290ea		b500d4420aa3b7532becfc8a600c9641e8e073e1
com.thoughtworks.dsl	keywords-put_2.11	1.3.2		0dbe6ede261cb202b1b31f46a27f4db7ab67cf34
com.thoughtworks.dsl	keywords-put_2.11	1.3.2+10-4e2e1d8e		e4291f231647a6d5f3be459135181565f5cb7a5b
com.thoughtworks.dsl	keywords-put_2.11	1.3.2+16-25823e1d		fe123edc485985fd5d1578b5bc2b1a9cb83fd862
com.thoughtworks.dsl	keywords-put_2.11	1.3.2+2-25f1a99d		530331145e5ff7334999d105369bdba42e325238
com.thoughtworks.dsl	keywords-put_2.11	1.3.2+4-9d2f87a1		438ee18df3338e233f3135a190d19f04a1caf622
com.thoughtworks.dsl	keywords-put_2.11	1.3.2+6-20e255f4		561aed5a1804a6620ee5775b34fa60300647db08
com.thoughtworks.dsl	keywords-put_2.11	1.3.2+8-2320db2a		6b1c724e345c8c0b9a10c1b93099c0e86a781e09
com.thoughtworks.dsl	keywords-put_2.11	1.4.0		3fbf0afd27e1ef17458837136acd9e5e0241dc02
com.thoughtworks.dsl	keywords-put_2.11	1.4.0+10-df13d308		eb41b4096fc54e754ee2e7d7bd43185cfa084196
com.thoughtworks.dsl	keywords-put_2.11	1.4.0+12-7c91c91f		42eb0e165f7417aabf4f7026e792c5551285c8de
com.thoughtworks.dsl	keywords-put_2.11	1.4.0+14-20f392ae		51196be88f53248d1f55637a57882f3e918adc2d
com.thoughtworks.dsl	keywords-put_2.11	1.4.0+15-dc147d13		2bfc59a9eaeebbcecd32aa22e49851dba60867fa
com.thoughtworks.dsl	keywords-put_2.11	1.4.0+16-58e8b8e1		a2ecd2830dcdabf126c4937916507ac27ced5395
com.thoughtworks.dsl	keywords-put_2.11	1.4.0+16-a55dd6f9		33e986133e9343d18e8b332b73a357c674a8b0c4
com.thoughtworks.dsl	keywords-put_2.11	1.4.0+4-cc547058		e83b2d1573e9e469765795a7ea7adacb0ddbcbbc
com.thoughtworks.dsl	keywords-put_2.11	1.4.0+5-bcb1d00b		7ce672b5bb3a17dbd81fccd2880520d1a5e388c3
com.thoughtworks.dsl	keywords-put_2.11	1.4.0+6-4fbcea79		acc02db2c747b5532b604d492e79f2e5a99a8072
com.thoughtworks.dsl	keywords-put_2.11	1.4.0+8-75c14e97		5dfd4b4cdb748f029deb50b899b7406e558ad338
com.thoughtworks.dsl	keywords-put_2.11	1.5.0		d6fa9e3301469277fcfae4caa63911f12d880f18
com.thoughtworks.dsl	keywords-put_2.11	1.5.0+2-440c35d7		7cbfc935a5351b00886c889a2401851ad58bb807
com.thoughtworks.dsl	keywords-put_2.11	1.5.0+4-7cf0c547		9c1499c0f203f1aa69ff8064095e6a34ed521bd3
com.thoughtworks.dsl	keywords-put_2.11	1.5.0+6-4aa91908		48567778c60d9934daf2de60d530bab1764387d4
com.thoughtworks.dsl	keywords-put_2.11	1.5.1		2c57d266796bb7c81c14b957b3b27d734d2d693c
com.thoughtworks.dsl	keywords-put_2.11	1.5.1+11-b917dc09		300656f4aa9982776d1d713d722dea1d7efe1955
com.thoughtworks.dsl	keywords-put_2.11	1.5.1+12-dd1c6941		fcf312d09c44229dd5140a340a71bbbad27c0514
com.thoughtworks.dsl	keywords-put_2.11	1.5.1+2-f737ed69		ea481e82eb964b408f21327a534576355215deae
com.thoughtworks.dsl	keywords-put_2.11	1.5.1+4-61b4a4a0		973610b057da3a649c073ac49ea028bd7973734b
com.thoughtworks.dsl	keywords-put_2.11	1.5.1+6-452f5200		b31e81189b25ba36aab1670b552431573accfdd6
com.thoughtworks.dsl	keywords-put_2.11	1.5.1+8-4802e632		996e736fa6175707420d5ea992533f207b7da86a
com.thoughtworks.dsl	keywords-put_2.11	1.5.1+9-844681dc		a99575a06361f875e6fa2321449596fd371faeb6
com.thoughtworks.dsl	keywords-put_2.11	1.5.1+9-9b889ee2		c11fd2d204dc8bbeb9daee855f9d24236f4971db
com.thoughtworks.dsl	keywords-put_2.11	1.5.2		bcc85dadb56f01c83754d11cbe45eecb16ed90a9
com.thoughtworks.dsl	keywords-put_2.11	1.5.2+10-79ab81e5		4ff1f573fde3fd82e45d0116253afb6f5dcafabc
com.thoughtworks.dsl	keywords-put_2.11	1.5.2+10-ce54b706		4ec7375cb49ee11e59d74bac3e19c433103dd5f6
com.thoughtworks.dsl	keywords-put_2.11	1.5.2+100-b9ce1976		d6a399f02351542f592d3dc5967d7afa2f85983e
com.thoughtworks.dsl	keywords-put_2.11	1.5.2+102-adf444c5		873393dc46f46dcb7259526bcf06214d45ca54da
com.thoughtworks.dsl	keywords-put_2.11	1.5.2+103-ca281958		fb3190cf08ca6c7e4865e5ecb8cadad3478fa3ca
com.thoughtworks.dsl	keywords-put_2.11	1.5.2+105-fc34bffb		6ab23c070a80a4a1d6b11b6b537711ab113c3b51
com.thoughtworks.dsl	keywords-put_2.11	1.5.2+106-b0a511fd		e7ee1acd789809607ef269c42696c8882ad7a55e
com.thoughtworks.dsl	keywords-put_2.11	1.5.2+108-ebabb257		be8a646e862e44ac75b473cf35bd47bc6b070355
com.thoughtworks.dsl	keywords-put_2.11	1.5.2+110-c84c0fae		880c51b1dda014fd6b16f4bf420274b94b6ddc56
com.thoughtworks.dsl	keywords-put_2.11	1.5.2+111-1f0a740a		a530645441a3ad4544ef037107372827aaa83dff
com.thoughtworks.dsl	keywords-put_2.11	1.5.2+112-41c51199		cb34c2768a4b17d8afe7f16c0431962495e19834
com.thoughtworks.dsl	keywords-put_2.11	1.5.2+112-af0bd801		0bf299e2f621f8b8e46b4947b5d9430abe056692
com.thoughtworks.dsl	keywords-put_2.11	1.5.2+114-0d46ba06		bda61770c34ef848abb4ba32a0ada5c8ac89650d
com.thoughtworks.dsl	keywords-put_2.11	1.5.2+12-6bbd6efd		a69663eb375998148712529b720c9f3a9a9d3b8e
com.thoughtworks.dsl	keywords-put_2.11	1.5.2+12-8514cf1c		e3eb35fb7d2ffff94d213dcfe92edbe3a0a1934e
com.thoughtworks.dsl	keywords-put_2.11	1.5.2+14-494e3118		70e2fdb48f8f2cff42dc882d09e5d177d4f8edf9
com.thoughtworks.dsl	keywords-put_2.11	1.5.2+14-8d75c672		57cd9182267787335b9cb0a8ba17dbc0cb8438e2
com.thoughtworks.dsl	keywords-put_2.11	1.5.2+18-062f777e		c40e7fe002413855575baf7d991840c412f36973
com.thoughtworks.dsl	keywords-put_2.11	1.5.2+2-cc97ae57		57ce5064b1e450686fe3495b74c409b75a312db4
com.thoughtworks.dsl	keywords-put_2.11	1.5.2+20-10fea3e6		3ed5784f3f259949336d8d22d80750caca949257
com.thoughtworks.dsl	keywords-put_2.11	1.5.2+22-412febfc		c01a607234317bb12f46c81341875599d3d00d2d
com.thoughtworks.dsl	keywords-put_2.11	1.5.2+24-b4738fdd		f449358480f7451665e0fb9b391a2da52457e6c8
com.thoughtworks.dsl	keywords-put_2.11	1.5.2+26-e10d0da1		41901ae16f144025cdba3fea91bddb91cf43c048
com.thoughtworks.dsl	keywords-put_2.11	1.5.2+28-c97219e7		322d260ce7b5d71af444957f41b9f2bcd43438e1
com.thoughtworks.dsl	keywords-put_2.11	1.5.2+30-c6d00848		86e330cdb0434ac1d068a6cf32d01c683f2d7ab3
com.thoughtworks.dsl	keywords-put_2.11	1.5.2+32-f06112d4		bbf5e0bf404ae303805cc1480a25973732d24cc5
com.thoughtworks.dsl	keywords-put_2.11	1.5.2+35-2992bddf		2857e35fd9e9531d97cb102e1b4cab792a1fd4e4
com.thoughtworks.dsl	keywords-put_2.11	1.5.2+36-39bd650a		2962b0d79d55b9c0d204d2b250583f9f929a7655
com.thoughtworks.dsl	keywords-put_2.11	1.5.2+37-17ec018a		426a9bdeea89ad25be60dc71f8656c17a8c632af
com.thoughtworks.dsl	keywords-put_2.11	1.5.2+39-ebf78fbb		e7b180dbca014695c274ac06f3e1b426d070801a
com.thoughtworks.dsl	keywords-put_2.11	1.5.2+4-766bfdea		e8ce96196b037ccb6bc000918370e9808b3ce8e3
com.thoughtworks.dsl	keywords-put_2.11	1.5.2+41-e9e444ac		c99af9f17e8f2f9f0eb8728353502e81482b1999
com.thoughtworks.dsl	keywords-put_2.11	1.5.2+43-6c2372f6		4bc94da218b38ad4c6544b7346e2b865ebc2b7c8
com.thoughtworks.dsl	keywords-put_2.11	1.5.2+44-0a0068f1		e9fc81629d303419df280d1129853215725a017a
com.thoughtworks.dsl	keywords-put_2.11	1.5.2+5-e2773e11		ab478e0a2b720c6621704e747ac160b25a52e4a6
com.thoughtworks.dsl	keywords-put_2.11	1.5.2+6-b44267ba		da550db2a165bacde8e890c53be06c4306eb571d
com.thoughtworks.dsl	keywords-put_2.11	1.5.2+63-06d4fb7b		4b13de256329ae67cb11d7b459e27034316bf416
com.thoughtworks.dsl	keywords-put_2.11	1.5.2+64-696c91b1		1d19a42a619710e040b4bc60fe5b514f63a749a7
com.thoughtworks.dsl	keywords-put_2.11	1.5.2+66-d44f9f94		f2312eeb832a6557e93fb4f01633a56696882075
com.thoughtworks.dsl	keywords-put_2.11	1.5.2+68-f03e030a		9557814252e8c663d562cd0185bc8244a04af817
com.thoughtworks.dsl	keywords-put_2.11	1.5.2+70-0f1077ec		2e2a2456922530631f3c880f235cb01ddb477735
com.thoughtworks.dsl	keywords-put_2.11	1.5.2+71-8903f0ac		7a4244e85140b45783fa9544e2d2e2c98f7eee6b
com.thoughtworks.dsl	keywords-put_2.11	1.5.2+72-48f50dfc		6701eec941b9ac87247e071ef70ba8e7f461c19c
com.thoughtworks.dsl	keywords-put_2.11	1.5.2+74-6b8224bb		2ec8d64767a8c0cd5018b7eaf6efcff892fbdcd1
com.thoughtworks.dsl	keywords-put_2.11	1.5.2+76-8dfd0398		74459ad9fbd130b6dbff98fa1e79552c611c2dcc
com.thoughtworks.dsl	keywords-put_2.11	1.5.2+78-4fb9c146		d2dce6782ede190a89a53724025080aff53ffe5e
com.thoughtworks.dsl	keywords-put_2.11	1.5.2+8-89b0c315		dd5622dfc258986d301f4e76b03d06d8ed1b4c55
com.thoughtworks.dsl	keywords-put_2.11	1.5.2+8-8f0569de		deab722b1954b19f1702a8cbf0e5fe777d93a5fd
com.thoughtworks.dsl	keywords-put_2.11	1.5.2+80-19f7fc44		94e2ac11628ca9ffb7a3f6adecb779b74132c652
com.thoughtworks.dsl	keywords-put_2.11	1.5.2+82-2f22a168		93ef0e724d5841d4ee9f8b1009fc88695a7b7baa
com.thoughtworks.dsl	keywords-put_2.11	1.5.2+84-6ba8fac9		76d52cb10d8fa41f949cd7d47860f4cff77ef523
com.thoughtworks.dsl	keywords-put_2.11	1.5.2+86-f5406c6b		04120157a01a375e5396315615e7fd86fe16f77a
com.thoughtworks.dsl	keywords-put_2.11	1.5.2+87-51160682		032384d326b8d6d692dec69a6a61c4c2c9a26d16
com.thoughtworks.dsl	keywords-put_2.11	1.5.2+87-acd1a4b7		218650c7c9f58ae17a0ae7dd0ab8e9c4426b8986
com.thoughtworks.dsl	keywords-put_2.11	1.5.2+88-2f7e542c		85c9c14fae8139f966753b3825226d4000cb2117
com.thoughtworks.dsl	keywords-put_2.11	1.5.2+90-a42935b0		66d0e2b23b8ab78d6c7b0d784ff991c553cc7851
com.thoughtworks.dsl	keywords-put_2.11	1.5.2+92-3cff0db4		7e47a990dccafe07d132e0906c329bf290e5c752
com.thoughtworks.dsl	keywords-put_2.11	1.5.2+94-4e5ef943		7ac46fdd0d76df621f77d0d9d7c17156dbe56415
com.thoughtworks.dsl	keywords-put_2.11	1.5.2+98-3663194d		f26f0483b23153db6e0af6411bac8b93226ee9ab
com.thoughtworks.dsl	keywords-put_2.11	1.5.3		65e442e77ae35aa3cfdfb8b85a168e158f2b583d
com.thoughtworks.dsl	keywords-put_2.11	1.5.3+10-ec1458b1		968d1f9995fa2690f21dd9108c5dae969182d75a
com.thoughtworks.dsl	keywords-put_2.11	1.5.3+12-56739401		f9b2fcb10442bc9e627da79e8db1500fe2e12975
com.thoughtworks.dsl	keywords-put_2.11	1.5.3+14-924e8c3c		64fa961090718e53f010b70d0b1f6087393ed861
com.thoughtworks.dsl	keywords-put_2.11	1.5.3+16-ed348ded		3d2a6dcdffbf14c2ae0a239b8e74ef7631917168
com.thoughtworks.dsl	keywords-put_2.11	1.5.3+18-bc551aba		0519557cf6946c9c59805e7e403746ba49e47826
com.thoughtworks.dsl	keywords-put_2.11	1.5.3+2-85303909		ba5a6d3d7bc956e303c002f95f9bca612a647cc9
com.thoughtworks.dsl	keywords-put_2.11	1.5.3+20-789c1734		321931a669a5b67d886ab7c0793868bf318c8547
com.thoughtworks.dsl	keywords-put_2.11	1.5.3+22-e2005168		95768dc54cd693b64267ee004d4a192cd025eec9
com.thoughtworks.dsl	keywords-put_2.11	1.5.3+24-a59928fc		b46a8ffcfe14563bbabe0587ede20a7c2cfbe72f
com.thoughtworks.dsl	keywords-put_2.11	1.5.3+26-f0d74391		cbf40bcb8b3fcb518161af003e1f97c28aa2dbf6
com.thoughtworks.dsl	keywords-put_2.11	1.5.3+28-f63fdc0e		bb1b19b3fd79e8f47c79561019f42c449a0c26c7
com.thoughtworks.dsl	keywords-put_2.11	1.5.3+30-9a8df9cd		42eb26bc02c128e79c2f8c09d889239a3e3c6d7a
com.thoughtworks.dsl	keywords-put_2.11	1.5.3+32-206e49cf		e8d230bb2fe6371c6944d27c7e14c606cfd51e18
com.thoughtworks.dsl	keywords-put_2.11	1.5.3+34-ee9dbd9a		56bcc760ec10936359a6d61950f1e13e0ad927c6
com.thoughtworks.dsl	keywords-put_2.11	1.5.3+36-7b58d237		98aac6916e2bb1358e1880c65ce01c9cd69c2d80
com.thoughtworks.dsl	keywords-put_2.11	1.5.3+38-7dfc71ca		47cb80d36ba0f655b1ed96514e46471771ace315
com.thoughtworks.dsl	keywords-put_2.11	1.5.3+4-55f787bf		fd0ed4701f122c6e91361450e5c7046ef2ce88c1
com.thoughtworks.dsl	keywords-put_2.11	1.5.3+40-55a4bfe1		fdd876c000ec750c4f5c29e47ab2ba047d5cef45
com.thoughtworks.dsl	keywords-put_2.11	1.5.3+44-eb3b5144		0c9a4650e19435673204fac9c105a836c2ea4427
com.thoughtworks.dsl	keywords-put_2.11	1.5.3+6-cd4da19b		b3474dc4237ea64e7b1db5f0976a2eb2f1bf9d4b
com.thoughtworks.dsl	keywords-put_2.11	1.5.3+66-a25d459a		7507b8946d62c308fe90c90ce1ef5cc69c02ed20
com.thoughtworks.dsl	keywords-put_2.11	1.5.3+71-b4afb393		b4bf60318892b7835584a3c4ccf80d88964d0c0a
com.thoughtworks.dsl	keywords-put_2.11	1.5.3+72-f7c727cf		4cf23543ee4616b87f1d0aece87cfa468adba31e
com.thoughtworks.dsl	keywords-put_2.11	1.5.3+75-f2229965		00ae34a2ad167efee9d4781fde14bd74f9d02bd5
com.thoughtworks.dsl	keywords-put_2.11	1.5.3+77-5082ada6		f369c47280508210a489b3332e7cb40fdda00cb6
com.thoughtworks.dsl	keywords-put_2.11	1.5.3+8-383d74b1		00b1e4e51e70bad306a5c6c28b2a1bb2b65911fa
com.thoughtworks.dsl	keywords-put_2.11	1.5.3+82-9b2b6d7a		41ebad2696a742946c888efcfe8ee7345a808c6c
com.thoughtworks.dsl	keywords-put_2.11	1.5.3+83-6d4c7fde		dc8d740b20cbfb2d054241aebdaf1f8d673e394c
com.thoughtworks.dsl	keywords-put_2.11	1.5.3+84-37b854f0		9429fc35bc4b27fe1930147aaa5b396806fe43b0
com.thoughtworks.dsl	keywords-put_2.11	1.5.3+85-d17ee38c		2919914ec9c83c109eca82512734bd8bc7f1fd9d
com.thoughtworks.dsl	keywords-put_2.11	1.5.4		6d81bc589321eed8d1da6b8c0ef689888fd22412
com.thoughtworks.dsl	keywords-put_2.11	1.5.4+10-1daf2a06		7a636cbd68554b34672ae77f9763cf1dd048db97
com.thoughtworks.dsl	keywords-put_2.11	1.5.4+11-f5208a12		b85774f45421da55f8d00973bf6161d61671c4b7
com.thoughtworks.dsl	keywords-put_2.11	1.5.4+12-c32db074		3c3d1340f16dd8909967bdfa0d7286c3c9acca2c
com.thoughtworks.dsl	keywords-put_2.11	1.5.4+13-33eb9166		93d3d2e46aaa975fde5f1a44f76237ddda838d75
com.thoughtworks.dsl	keywords-put_2.11	1.5.4+14-2622468b		8b1c0031318dc027efba78e82b032cb2901477e9
com.thoughtworks.dsl	keywords-put_2.11	1.5.4+15-ea0c2e4d		a3584b36fc08a892297fd4f1284cb7be573928d5
com.thoughtworks.dsl	keywords-put_2.11	1.5.4+3-de10c2c3		4f3c9d74b1b02514decfc1f0879ae3710842888d
com.thoughtworks.dsl	keywords-put_2.11	1.5.4+4-3933eb1c		7bf479e4e7c8b582c783c85e8d170ad133805605
com.thoughtworks.dsl	keywords-put_2.11	1.5.4+5-a0992e2e		72d92b82b18fee744f9213cc20fc6b39ca5b9ef3
com.thoughtworks.dsl	keywords-put_2.11	1.5.4+6-f75f6aa4		79347cf076f015de798f1bbb7843a187a0ce6a8d
com.thoughtworks.dsl	keywords-put_2.11	1.5.5		f9831ad42e36d576d3875830867a9688b04a1746
com.thoughtworks.dsl	keywords-put_2.11	1.5.5+1-7a249e3c		f06403bcf9c5187e6a4362c29e32909edaa019bd
com.thoughtworks.dsl	keywords-put_2.11	1.5.5+2-94e1663d		3becc45b22fa46c1afd7163d757af71d0fc6c8bf
com.thoughtworks.dsl	keywords-put_2.11	1.5.5+2-f7b03b7c		c56b9c89d5d460ec7887d5b2687953b1b589f277
com.thoughtworks.dsl	keywords-put_2.11	1.5.5+3-4b42a702		94cafeff9806cf6125eb0b9a7120ee8116925b08
com.thoughtworks.dsl	keywords-put_2.11	1.5.5+3-9fbf1944		08d54ab56935bd8b9b7a1882cd69fbf3df6d5935
com.thoughtworks.dsl	keywords-put_2.11	1.5.5+4-4f0e2c87		85af5a860f1ff93edb3cc05676cc505f13c78eba
com.thoughtworks.dsl	keywords-put_2.11	1.5.5+4-cae3e641		d1bbbafa2a5ae9e1f4466cba6bc3ec5ddf5428d7
com.thoughtworks.dsl	keywords-put_2.11	1.5.5+5-8c3c8976		67c80a19df627acfb56c7d67e9f3f3781595c2b0
com.thoughtworks.dsl	keywords-put_2.11	1.5.5+6-36707a35		f6ca0803a11c51e09e3e247f9dd8e2111dce1e2e
com.thoughtworks.dsl	keywords-put_2.11	2.0.0-M0		d08482f8f8e82984dca54901a40efb2c29e63032
com.thoughtworks.dsl	keywords-put_2.11	2.0.0-M0+1-b691cde8		fecc245b54279970ae7adb038d9a7b176570fa3f
com.thoughtworks.dsl	keywords-trycatch_sjs1_3	1.5.5+97-7274f4aa		e33d503fec5aa7ecc489f9da98c10d69fe765803
com.thoughtworks.dsl	keywords-trycatch_sjs1_3	2.0.0		eb73be412dafc50b0ac39717205754c156479a84
com.thoughtworks.dsl	keywords-trycatch_sjs1_3	2.0.0+100-bae4b070		a16ca3fe0a6ec4f4eb168a8cd4a7fc1fd4555e3b
com.thoughtworks.dsl	keywords-trycatch_sjs1_3	2.0.0+101-57400c2c		8eb7fd9fa6981aa5f2b8c8cd719487901ede0744
com.thoughtworks.dsl	keywords-trycatch_sjs1_3	2.0.0+105-230c89ec		68b4f18d27c778d3fade6e0cf67394ba14d3c4e5
com.thoughtworks.dsl	keywords-trycatch_sjs1_3	2.0.0+108-b172502d		32102fcb86864c8fc5110060ca12827b97cb2ec8
com.thoughtworks.dsl	keywords-trycatch_sjs1_3	2.0.0+109-c4b90485		b8907e9df912dd592d9aad745f073f2dbdc92e50
com.thoughtworks.dsl	keywords-trycatch_sjs1_3	2.0.0+110-af34c909		138434278eb14fd497389748f89994815df3b329
com.thoughtworks.dsl	keywords-trycatch_sjs1_3	2.0.0+111-2d7d6b8b		ec56ad852751972e4c88ef2690577aab349f1efe
com.thoughtworks.dsl	keywords-trycatch_sjs1_3	2.0.0+112-900e38e2		dc59f0c3d722f17a5160d29592b67c6bd9109360
com.thoughtworks.dsl	keywords-trycatch_sjs1_3	2.0.0+27-763e25c2		6118140a8afe3994498c828be0d3cea50955596f
com.thoughtworks.dsl	keywords-trycatch_sjs1_3	2.0.0+38-910e17e0		51d5b5177d7214aaa2afed3b0dd4f4b55c250dd5
com.thoughtworks.dsl	keywords-trycatch_sjs1_3	2.0.0+39-4dd79a87		2ef2dd0dd09dfc5dfc9b9a6405bf215635b158f0
com.thoughtworks.dsl	keywords-trycatch_sjs1_3	2.0.0-M2		13b5fedde0ad254f82fceb523d8abd328f760fe6
com.thoughtworks.dsl	keywords-trycatch_sjs1_3	2.0.0-M2+1-63b94342		2f4e975bc6678340f5c20c39d459abdc82843546
com.thoughtworks.dsl	keywords-trycatch_sjs1_3	2.0.0-M2+100-66bf7c43		fc6b0ccdee9954d7a1821851151b4f23b0d68b77
com.thoughtworks.dsl	keywords-trycatch_sjs1_3	2.0.0-M2+101-b57c9d6a		12a26f6287f8dc40c10b65472642caf055ccb2d4
com.thoughtworks.dsl	keywords-trycatch_sjs1_3	2.0.0-M2+102-a200c250		4ebe1df2dee275b97e536eb1fd41c98c2c2a0b23
com.thoughtworks.dsl	keywords-trycatch_sjs1_3	2.0.0-M2+102-ecf1e142		51fe113a08c557c436ac9b1ecdaf1d3dff837d4f
com.thoughtworks.dsl	keywords-trycatch_sjs1_3	2.0.0-M2+11-901eb139		e8ed02a40824e85f5829ff4af309067fb3c9f65e
com.thoughtworks.dsl	keywords-trycatch_sjs1_3	2.0.0-M2+115-42fcbcbb		8ad87032f17c5811bd1726a3420836d0e3529f0e
com.thoughtworks.dsl	keywords-trycatch_sjs1_3	2.0.0-M2+12-26ad79ab		7276c02ba9212ed8e6b016e09438c05ae2587e81
com.thoughtworks.dsl	keywords-trycatch_sjs1_3	2.0.0-M2+120-17f12b61		dcd0bd191a7637289957fbe63690df394b807558
com.thoughtworks.dsl	keywords-trycatch_sjs1_3	2.0.0-M2+127-c12a1724		05cf9340ec5b19578522606e87f6ad893d9cab72
com.thoughtworks.dsl	keywords-trycatch_sjs1_3	2.0.0-M2+128-447d383d		3d47a2021ab8ed5a035c68a5a1ec57b44e273495
com.thoughtworks.dsl	keywords-trycatch_sjs1_3	2.0.0-M2+13-5c3a9e6e		b97c9da2067d2423f50d2769de3a58ac3c45095c
com.thoughtworks.dsl	keywords-trycatch_sjs1_3	2.0.0-M2+137-8e0c2f71		995b74c3015fbeaa51afd9c3cf2a4f7b18eba934
com.thoughtworks.dsl	keywords-trycatch_sjs1_3	2.0.0-M2+138-793998de		1593403640cd6027915dd4b253ac7ee9aafb4c91
com.thoughtworks.dsl	keywords-trycatch_sjs1_3	2.0.0-M2+14-b8921c87		125fd413e1be8eb1833be186e2d6b1826deb6c25
com.thoughtworks.dsl	keywords-trycatch_sjs1_3	2.0.0-M2+142-6d1bd65d		03306d9ca2a189f42244d631d8878feb32587bd1
com.thoughtworks.dsl	keywords-trycatch_sjs1_3	2.0.0-M2+143-c81d1c30		563a8b58e8075c88fb5c1394fa9f705cf99b1829
com.thoughtworks.dsl	keywords-trycatch_sjs1_3	2.0.0-M2+165-29b36fd5		439053b28d614ed6b6741a27ca285776e1eb2a56
com.thoughtworks.dsl	keywords-trycatch_sjs1_3	2.0.0-M2+166-095b7e6e		0fbabdf8a81adb4a1eeb17fb1e3e1bfca198110f
com.thoughtworks.dsl	keywords-trycatch_sjs1_3	2.0.0-M2+167-dad2986f		f72532f4b1cb12c4970ead9f4f540aa4ee6796a3
com.thoughtworks.dsl	keywords-trycatch_sjs1_3	2.0.0-M2+168-012a11ea		f02177a8057704237dcd081b0fc16b8b7b684311
com.thoughtworks.dsl	keywords-trycatch_sjs1_3	2.0.0-M2+168-f77bac41		648a96f529a8abffe4ac539f6a97ec8d1aacb725
com.thoughtworks.dsl	keywords-trycatch_sjs1_3	2.0.0-M2+169-104bc141		c1ab6cf97c5b09f32ea338ea8d91c6f45a2c8dd6
com.thoughtworks.dsl	keywords-trycatch_sjs1_3	2.0.0-M2+170-633d9b51		5da43c752eba5934fff642737ba34e7ad5ad44c3
com.thoughtworks.dsl	keywords-trycatch_sjs1_3	2.0.0-M2+171-409e0fe8		b30f51b5e670eaf01e697b702c542305a104370d
com.thoughtworks.dsl	keywords-trycatch_sjs1_3	2.0.0-M2+172-f83d5fe0		693f1e3db9b18b97bf13cf1fbe1f26be428fbddc
com.thoughtworks.dsl	keywords-trycatch_sjs1_3	2.0.0-M2+174-eddb8a75		8fd01fdc55e16d0b18d59d6a437aa09f3b17ea92
com.thoughtworks.dsl	keywords-trycatch_sjs1_3	2.0.0-M2+176-019ad1d8		944a8788664b41c50ba6c92ca565e3576fac4cce
com.thoughtworks.dsl	keywords-trycatch_sjs1_3	2.0.0-M2+180-90f1c774		ccbaf40413e0427f7c35a947dd0a2cf8bf21c7c2
com.thoughtworks.dsl	keywords-trycatch_sjs1_3	2.0.0-M2+181-207f1a34		24603f1ccaedf792f3df6efa812461b111e94efb
com.thoughtworks.dsl	keywords-trycatch_sjs1_3	2.0.0-M2+181-801e266f		419d6558ec299662c3d2e5fb349b85087f5ccfea
com.thoughtworks.dsl	keywords-trycatch_sjs1_3	2.0.0-M2+182-d04fcf13		57898d5085af40f82a7de8515eeba5ec049a5bcc
com.thoughtworks.dsl	keywords-trycatch_sjs1_3	2.0.0-M2+183-35853380		706afe131ebb448633917b90fd39727a3cc8d0df
com.thoughtworks.dsl	keywords-trycatch_sjs1_3	2.0.0-M2+183-ab40292d		9f7a5b9b064ee7a8a0b466b31db31dab91d39b0b
com.thoughtworks.dsl	keywords-trycatch_sjs1_3	2.0.0-M2+186-08058c45		848cedc99c36a553b5adc74812f8e8fe7f79b6c6
com.thoughtworks.dsl	keywords-trycatch_sjs1_3	2.0.0-M2+192-79fbb444		44c4b7373fcd41ae68b940b388a9772fe9ad918d
com.thoughtworks.dsl	keywords-trycatch_sjs1_3	2.0.0-M2+193-39340b0f		c257729c3ed60099cdde1004c6e9268a0dbe30d6
com.thoughtworks.dsl	keywords-trycatch_sjs1_3	2.0.0-M2+194-7aa365aa		0505421dc553cd1d212bafc18557abe78856f9c2
com.thoughtworks.dsl	keywords-trycatch_sjs1_3	2.0.0-M2+204-3b52dbdb		93f260fbd659df2836f8b27ddf73aca18c0cf829
com.thoughtworks.dsl	keywords-trycatch_sjs1_3	2.0.0-M2+205-42a08cd7		5f8f333ce1e39bda21b3755c609f4da09305671d
com.thoughtworks.dsl	keywords-trycatch_sjs1_3	2.0.0-M2+206-95dc2aa7		871980a53e8cbc8a0186ce210f55583b69e3cfde
com.thoughtworks.dsl	keywords-trycatch_sjs1_3	2.0.0-M2+223-e0f69e7a		091a6456ebedf8ea9a23e7f6dce1536ea6b8a433
com.thoughtworks.dsl	keywords-trycatch_sjs1_3	2.0.0-M2+227-d0a7a24e		75e61186087b9271c05254e6db6d23efd6b5c69b
com.thoughtworks.dsl	keywords-trycatch_sjs1_3	2.0.0-M2+228-ad681156		baffba26b3c904d9ce88fd049bcd7d51bf475903
com.thoughtworks.dsl	keywords-trycatch_sjs1_3	2.0.0-M2+229-c068162c		e420f86eca63f44a02b44844ab103ddb4d3d9aed
com.thoughtworks.dsl	keywords-trycatch_sjs1_3	2.0.0-M2+230-838609ac		dc1e7649020e1301f3c238ae124c841dbdbd86b3
com.thoughtworks.dsl	keywords-trycatch_sjs1_3	2.0.0-M2+230-9760cb77		8107f194230e7be763b8e2184a65f3d7d07447a1
com.thoughtworks.dsl	keywords-trycatch_sjs1_3	2.0.0-M2+231-87cfe485		fe208d3fbed892b3c772c2ad890a09f3fbae9215
com.thoughtworks.dsl	keywords-trycatch_sjs1_3	2.0.0-M2+231-906e46a5		542ed67b7e3ea97c12c9dadef39e0ae53bac2672
com.thoughtworks.dsl	keywords-trycatch_sjs1_3	2.0.0-M2+238-18fd25c4		4e430e028bda2c15a78824f02f2544d0dbda059a
com.thoughtworks.dsl	keywords-trycatch_sjs1_3	2.0.0-M2+241-8b32af85		6e97837d5eb1cd5a24320d62d66d30c45f957c2e
com.thoughtworks.dsl	keywords-trycatch_sjs1_3	2.0.0-M2+247-6a51ad87		4534fc479905a6fe13d24285b8193d5053c53115
com.thoughtworks.dsl	keywords-trycatch_sjs1_3	2.0.0-M2+252-a9a62fb7		eb2dd95728ca9a58abe19725eae1eb124c5d2d14
com.thoughtworks.dsl	keywords-trycatch_sjs1_3	2.0.0-M2+258-f815a8de		fff88d15a24a1b45021cb5bc4206699b130345f5
com.thoughtworks.dsl	keywords-trycatch_sjs1_3	2.0.0-M2+259-4445b4d5		8dd159072fa705841bfbd7c500025bd24c2e94c7
com.thoughtworks.dsl	keywords-trycatch_sjs1_3	2.0.0-M2+26-7503175b		00dbfcc090ab8912cc2574c15f7beaf678e00a72
com.thoughtworks.dsl	keywords-trycatch_sjs1_3	2.0.0-M2+265-3c2f0891		40daf03a9d2ea24ae07ba812a52f29e29f7ce419
com.thoughtworks.dsl	keywords-trycatch_sjs1_3	2.0.0-M2+266-9c80c8cb		a8962c0800c2dd15614700eb1bcb7b5573e3fd73
com.thoughtworks.dsl	keywords-trycatch_sjs1_3	2.0.0-M2+267-93826f4d		e1d989ebd50fe754b62099edf562547bb8bb1e54
com.thoughtworks.dsl	keywords-trycatch_sjs1_3	2.0.0-M2+268-c90f6960		69bd2fa69f4ef07c0d34bc776944347527a16bbb
com.thoughtworks.dsl	keywords-trycatch_sjs1_3	2.0.0-M2+27-186fa518		1866d05e2fda6b0e3fba3c8384aa49815703616e
com.thoughtworks.dsl	keywords-trycatch_sjs1_3	2.0.0-M2+271-aec47f99		1382df9e0005cc537e9699fbc8dd5ff4644cd2ee
com.thoughtworks.dsl	keywords-trycatch_sjs1_3	2.0.0-M2+272-a6a623a6		df68c825221681e48ca4268d03d9f280dc561b33
com.thoughtworks.dsl	keywords-trycatch_sjs1_3	2.0.0-M2+275-03dd4f45		e677bdd2e853591599c702612f92984ec065f35a
com.thoughtworks.dsl	keywords-trycatch_sjs1_3	2.0.0-M2+276-2e716bdd		3e08c22d242a25e45aefc3e924d73ff104dde39f
com.thoughtworks.dsl	keywords-trycatch_sjs1_3	2.0.0-M2+277-31ca480a		305b647f14a97c84b16fd531824ff6e2629ad334
com.thoughtworks.dsl	keywords-trycatch_sjs1_3	2.0.0-M2+278-83461453		fc937ae1cdce484b23252f11c0f44438d763fde4
com.thoughtworks.dsl	keywords-trycatch_sjs1_3	2.0.0-M2+279-62f3bd9e		60cb1039f13bef5aa06bb4d9e25385c961bcddc2
com.thoughtworks.dsl	keywords-trycatch_sjs1_3	2.0.0-M2+28-aa2c2fe2		897708d8f08b37b4c00e5c13a3808405dc082cf3
com.thoughtworks.dsl	keywords-trycatch_sjs1_3	2.0.0-M2+280-5bc5eaf5		e2dd122e54e02c7f29bcd2af325cb71189e464d4
com.thoughtworks.dsl	keywords-trycatch_sjs1_3	2.0.0-M2+281-7ee0774f		3a7083386a62808920103cd6b8f518e47c15528d
com.thoughtworks.dsl	keywords-trycatch_sjs1_3	2.0.0-M2+284-32b516da		fb2ad6e544b10455d204f15d53ea3e820725bd83
com.thoughtworks.dsl	keywords-trycatch_sjs1_3	2.0.0-M2+287-2d5a9b70		ff6dc45da944c2485cd366cae24e971fac394e05
com.thoughtworks.dsl	keywords-trycatch_sjs1_3	2.0.0-M2+288-863ce065		3d22900988b12834c769d37085fbbbd962acc88a
com.thoughtworks.dsl	keywords-trycatch_sjs1_3	2.0.0-M2+289-333a2c4f		0f2235b35e2659adda4c43a14c162dcac817e3c4
com.thoughtworks.dsl	keywords-trycatch_sjs1_3	2.0.0-M2+290-a85d6202		5d779b47bc12a18c378c6fc6b7a011978e22a15a
com.thoughtworks.dsl	keywords-trycatch_sjs1_3	2.0.0-M2+291-123f7819		8731b34b6cac744f7de3a168aa43f2c5da49cba5
com.thoughtworks.dsl	keywords-trycatch_sjs1_3	2.0.0-M2+292-603a48f2		68fa8e2413a3465e2ee0a682c06381b99a1982d0
com.thoughtworks.dsl	keywords-trycatch_sjs1_3	2.0.0-M2+293-c137da4d		e61ba37b7d96d0d95765f75443a1803af11cab6f
com.thoughtworks.dsl	keywords-trycatch_sjs1_3	2.0.0-M2+294-3ed19d69		ef7cc10b70d883d3839f7511ec474f77dd29f78b
com.thoughtworks.dsl	keywords-trycatch_sjs1_3	2.0.0-M2+295-fca410f2		6238b1ea08d7a8b2d7b96801baae14f1a6f12c39
com.thoughtworks.dsl	keywords-trycatch_sjs1_3	2.0.0-M2+297-4a85e7d1		d4799453b88a14170b29f6310f14fcaec01ff385
com.thoughtworks.dsl	keywords-trycatch_sjs1_3	2.0.0-M2+298-0889b817		7b69084a620ab5a23ab879470180c462aedfa3a7
com.thoughtworks.dsl	keywords-trycatch_sjs1_3	2.0.0-M2+30-8ee93bd2		185acb0b59dd02745bc53e5f533634366421fd5f
com.thoughtworks.dsl	keywords-trycatch_sjs1_3	2.0.0-M2+300-ad3b467f		a8a0bcec4539c0f697c2256a917cb7922de34438
com.thoughtworks.dsl	keywords-trycatch_sjs1_3	2.0.0-M2+301-5518f143		c95c29ed9f9a8a5ccadf44ba70745f195995dc39
com.thoughtworks.dsl	keywords-trycatch_sjs1_3	2.0.0-M2+302-395eb377		bfbae4e806aa053d9d8e09d08937d1aeb924eef7
com.thoughtworks.dsl	keywords-trycatch_sjs1_3	2.0.0-M2+305-0296c706		80231fcc63bc6a3516f19c36327a1456aae5cc07
com.thoughtworks.dsl	keywords-trycatch_sjs1_3	2.0.0-M2+306-09c255cb		a8684818c9b6a693f8d804ecc420346f04ddf329
com.thoughtworks.dsl	keywords-trycatch_sjs1_3	2.0.0-M2+308-bff444f2		031d46b133d428a946edee3fb94a3d5f77bab3f8
com.thoughtworks.dsl	keywords-trycatch_sjs1_3	2.0.0-M2+309-63699301		1feb28291f0257ba1210fc86ad79509b257dbcd7
com.thoughtworks.dsl	keywords-trycatch_sjs1_3	2.0.0-M2+310-1c1c0642		3ee8da1aed559745fe358d5943d304e5d5bd98d1
com.thoughtworks.dsl	keywords-trycatch_sjs1_3	2.0.0-M2+311-f007c96d		94c10956ac07d9185371e60c35f7646aa693d076
com.thoughtworks.dsl	keywords-trycatch_sjs1_3	2.0.0-M2+312-1e07fbeb		bf86943faefc8a6edaa5da32f6a469ff2433978d
com.thoughtworks.dsl	keywords-trycatch_sjs1_3	2.0.0-M2+316-0359c44c		80bea675b00870bdb27311fd3ed8bd374e19ce54
com.thoughtworks.dsl	keywords-trycatch_sjs1_3	2.0.0-M2+317-0cd7567e		28f32b91fa7675ef10dca2bd532b22ffedc51298
com.thoughtworks.dsl	keywords-trycatch_sjs1_3	2.0.0-M2+318-a371431b		387e51fa9f907286035ad31cb6fd4f7d6a8803c3
com.thoughtworks.dsl	keywords-trycatch_sjs1_3	2.0.0-M2+319-d7ac8bcf		be83d4cf469a9c290b2a364f929a09d7dd944e86
com.thoughtworks.dsl	keywords-trycatch_sjs1_3	2.0.0-M2+32-46d1edf0		7b3c05d79a2a7b03c94e2f65fbe10ae5c97e7767
com.thoughtworks.dsl	keywords-trycatch_sjs1_3	2.0.0-M2+320-5e6b6c8f		c2463ab104adb5daf3dcc7717c72936716bf2c92
com.thoughtworks.dsl	keywords-trycatch_sjs1_3	2.0.0-M2+321-bf7a56b8		8175ea3beffe7ba7103c5effd89d7e1e7107ed04
com.thoughtworks.dsl	keywords-trycatch_sjs1_3	2.0.0-M2+322-1abdbe6d		02c5691ad1fb6b0b2d8a82714a16ee93e12e1203
com.thoughtworks.dsl	keywords-trycatch_sjs1_3	2.0.0-M2+323-8a40dbd7		29a4cfccb270c8c815a04892451ab78d0e662407
com.thoughtworks.dsl	keywords-trycatch_sjs1_3	2.0.0-M2+324-bcf744de		b3817643abb98b4054af461e9156a803d45f09cf
com.thoughtworks.dsl	keywords-trycatch_sjs1_3	2.0.0-M2+325-1ad88d73		17d1a850cb64ec072788f0d2dc83f35a0b6589b3
com.thoughtworks.dsl	keywords-trycatch_sjs1_3	2.0.0-M2+326-03ad18ae		f3a93ea56864a33fba942782010a023262105b56
com.thoughtworks.dsl	keywords-trycatch_sjs1_3	2.0.0-M2+334-530935fc		86a72d6e9b27c8c77676a598defe566fc12566c9
com.thoughtworks.dsl	keywords-trycatch_sjs1_3	2.0.0-M2+335-7cefa5ea		1bfe381310e5088a9c0c9ec012a0c060330c4ca5
com.thoughtworks.dsl	keywords-trycatch_sjs1_3	2.0.0-M2+336-fa533ef6		3330bbd3f240f81070a4dd00f5ca21c81d65dbd0
com.thoughtworks.dsl	keywords-trycatch_sjs1_3	2.0.0-M2+337-562e1bff		d744c20320b4cde1337719fe24c7562d314dcf09
com.thoughtworks.dsl	keywords-trycatch_sjs1_3	2.0.0-M2+338-3ad9f37d		c53eef85048e242006b8d644713edc931a121417
com.thoughtworks.dsl	keywords-trycatch_sjs1_3	2.0.0-M2+339-69c389a4		98dd27aa94ef68de0bd93141e6192c51f9d6e995
com.thoughtworks.dsl	keywords-trycatch_sjs1_3	2.0.0-M2+34-27c8a417		90b9b1af4e1ecef948770f15f542f20d284fb9e0
com.thoughtworks.dsl	keywords-trycatch_sjs1_3	2.0.0-M2+340-d9028fb8		2e920de0c713e85395b7f68b3b23da5e9dfdf478
com.thoughtworks.dsl	keywords-trycatch_sjs1_3	2.0.0-M2+344-d5170d75		98a12b1e866bcf1c02a45dedaca54c963539cd27
com.thoughtworks.dsl	keywords-trycatch_sjs1_3	2.0.0-M2+348-43e14fbc		94fb29e716b474976124ca5470bea690b1af43cb
com.thoughtworks.dsl	keywords-trycatch_sjs1_3	2.0.0-M2+349-19ce9888		303e5ce0d0bc57566a1139907def831745fab86a
com.thoughtworks.dsl	keywords-trycatch_sjs1_3	2.0.0-M2+349-2210f974		484cf9da6edfa81c97b1927ca93d73c0750138aa
com.thoughtworks.dsl	keywords-trycatch_sjs1_3	2.0.0-M2+350-30208d9b		a8b5630ca29761e072474fcb1250d7f00e8631e7
com.thoughtworks.dsl	keywords-trycatch_sjs1_3	2.0.0-M2+350-ce388439		b1655195417443d8e35c60746ce26b91be03a94e
com.thoughtworks.dsl	keywords-trycatch_sjs1_3	2.0.0-M2+351-8ec481a7		96353dd87f391f7ae06c753672a02ec8b97ebe9b
com.thoughtworks.dsl	keywords-trycatch_sjs1_3	2.0.0-M2+351-fd0c60e0		393f039e5345e45ef9af71d7383f0edcde063b4d
com.thoughtworks.dsl	keywords-trycatch_sjs1_3	2.0.0-M2+38-a0d090ad		a93d22f0ef2dcf517a20ebfd73927ae3434a974e
com.thoughtworks.dsl	keywords-trycatch_sjs1_3	2.0.0-M2+39-7a3b0226		1d004bd5b18226eaac693f9b90c3911f7c8f1aae
com.thoughtworks.dsl	keywords-trycatch_sjs1_3	2.0.0-M2+4-9ef3cd23		ed81241e7e0ba39c4e5d167038538f61bb3e3d1d
com.thoughtworks.dsl	keywords-trycatch_sjs1_3	2.0.0-M2+41-a57ecc80		d05d08344919c6b809fc1fa14ec2a38a57a14eb4
com.thoughtworks.dsl	keywords-trycatch_sjs1_3	2.0.0-M2+44-c2f432fc		818f0aaf448ce8edc59677f9adedf8eb77f45dd7
com.thoughtworks.dsl	keywords-trycatch_sjs1_3	2.0.0-M2+45-330604d3		f4f1bf863c57ec7e6dd05df2e5f0e04c241c27c1
com.thoughtworks.dsl	keywords-trycatch_sjs1_3	2.0.0-M2+46-d0323a47		8ceef0d1b3959ef8f03a4b5ed80c7fb7ac5d267e
com.thoughtworks.dsl	keywords-trycatch_sjs1_3	2.0.0-M2+48-987051b2		67f38c36d1a7311015f2269da3b74f9d517b714d
com.thoughtworks.dsl	keywords-trycatch_sjs1_3	2.0.0-M2+49-a1073c92		9a4658839471b63d0f3348829105d1e476278b04
com.thoughtworks.dsl	keywords-trycatch_sjs1_3	2.0.0-M2+50-c3cb4faa		5132162ee60d9d13e7c25d0f2a3e1aa924c09e9c
com.thoughtworks.dsl	keywords-trycatch_sjs1_3	2.0.0-M2+55-e8112a42		c5843c5b806b0b12d57fc6ed8fa05cb9b1ca7da9
com.thoughtworks.dsl	keywords-trycatch_sjs1_3	2.0.0-M2+56-27647938		78cef178fa535f1a0aafe69285cafc256b3a795e
com.thoughtworks.dsl	keywords-trycatch_sjs1_3	2.0.0-M2+57-0351be84		0faa75c5f0c483b7ad3c6a00aec29cac536313b8
com.thoughtworks.dsl	keywords-trycatch_sjs1_3	2.0.0-M2+6-5f6fd398		969f3fb83bf75bf80b3017e12a5352b7473cda4d
com.thoughtworks.dsl	keywords-trycatch_sjs1_3	2.0.0-M2+63-7e148bd0		5b7291dc710991c318b90aa188fdd3b58c4822a6
com.thoughtworks.dsl	keywords-trycatch_sjs1_3	2.0.0-M2+64-498ab628		492ff9e1997b04fd0c381ce003986886bed04710
com.thoughtworks.dsl	keywords-trycatch_sjs1_3	2.0.0-M2+65-1f5f0e3b		60f1f4b7d16f833220d6c5e095ba827fa2b888a5
com.thoughtworks.dsl	keywords-trycatch_sjs1_3	2.0.0-M2+66-a73b2623		854f5f9f362b26a5edc7828b527013d673ce0bae
com.thoughtworks.dsl	keywords-trycatch_sjs1_3	2.0.0-M2+67-dc656744		95c96a53cc97dd7ea66220ee38f9a2b1c6f5a510
com.thoughtworks.dsl	keywords-trycatch_sjs1_3	2.0.0-M2+69-eb22c163		b025d163e97a84e85a370cdbd66aeeb678140920
com.thoughtworks.dsl	keywords-trycatch_sjs1_3	2.0.0-M2+72-ebc0d42d		b98c73cf37551b00e10878eecb7b459651aab6e8
com.thoughtworks.dsl	keywords-trycatch_sjs1_3	2.0.0-M2+75-d9983b1d		6eee9d4f70e3c07542b35b48a8b337af57a13984
com.thoughtworks.dsl	keywords-trycatch_sjs1_3	2.0.0-M2+76-202b5230		e8ab492a797bab7902e78b24046e8b87fbe5c0b6
com.thoughtworks.dsl	keywords-trycatch_sjs1_3	2.0.0-M2+77-d3d43bec		38bc123c1095556bac88d08e646f07f5169175a8
com.thoughtworks.dsl	keywords-trycatch_sjs1_3	2.0.0-M2+80-d29fdc28		8592296ece378a939e8eeeb7c2e64d40ad7445f7
com.thoughtworks.dsl	keywords-trycatch_sjs1_3	2.0.0-M2+89-b3baf48e		986fd50086edf58c50687207c4c2b73affff0db6
com.thoughtworks.dsl	keywords-trycatch_sjs1_3	2.0.0-M2+91-d49c0ece		46b56d73207826db5706ce7cb23e16036e027ed6
com.thoughtworks.dsl	keywords-trycatch_sjs1_3	2.0.0-M2+93-7178d490		1cbb64b9b7d506e5c2ba3255992a12df047a882b
com.thoughtworks.dsl	keywords-trycatch_sjs1_3	2.0.0-M2+96-ca568560		8ca74d0fe23395700fb148cd5b44f523ce8ca958
com.thoughtworks.dsl	keywords-trycatch_sjs1_3	2.0.0-M2+98-8b2753b3		e74d2164c7274d671e7e5194c1661645adbad7c3
com.thoughtworks.dsl	keywords-trycatch_sjs1_3	2.0.0-M2+99-343d45c7		e7094c4c6710490059d39d4c415e5353803e4b4c
com.twosixlabs.dart	cdr4s-dart-json_2.11	3.0.2		6f5971a7280b08a5235824f81f44d2b06c9ec0d3
com.twosixlabs.dart	cdr4s-dart-json_2.11	3.0.7		52b91dac07636d0522c08fb19e82ba7a3516cee0
de.lenabrueder	play-rfc6902_2.11	0.1		4c6794d31eccd60cb38b1fdab1f88c0052110982
de.lenabrueder	play-rfc6902_2.11	0.2		6fd343f309b097318d649962e7ce95152646f121
de.lenabrueder	play-rfc6902_2.11	0.3		3bb6e95c1bba11859e41edb99c69452062863148
de.lenabrueder	play-rfc6902_2.11	0.4		90c64901a17a3ef106b5b3fd44b24d5f379dc09e
de.lenabrueder	play-rfc6902_2.11	0.5		e7ca9620bba3ce9ad9e926ef0a7e45b197b14ff2
de.lenabrueder	play-rfc6902_2.11	0.5.play24		ea4a5490368af64d4f575567c6a586dc5bd1f3d5
de.lenabrueder	play-rfc6902_2.11	0.6		fc9347c4bb24a3e0eea8a22141c18553b74ba2b2
dev.programadorthi.routing	koin-tvossimulatorarm64	0.0.19		N/A
dev.programadorthi.routing	koin-tvossimulatorarm64	0.0.19	metadata	355ce2af5ac9764fc653acb2c95e94744a1d357f
dev.programadorthi.routing	koin-tvossimulatorarm64	0.0.20		N/A
dev.programadorthi.routing	koin-tvossimulatorarm64	0.0.20	metadata	9618476a3f0f63935987d1a8d02d8c3d12975b08
dev.programadorthi.routing	koin-tvossimulatorarm64	0.0.21		N/A
dev.programadorthi.routing	koin-tvossimulatorarm64	0.0.21	metadata	bdf5e79a27bfeb3429b70a9e6a2b1b617c727a9a
dev.programadorthi.routing	koin-tvossimulatorarm64	2.0.0-alpha01		N/A
dev.programadorthi.routing	koin-tvossimulatorarm64	2.0.0-alpha01	metadata	655b342bf83a5b4251558a63069209d5c04cf791
dev.programadorthi.routing	koin-tvossimulatorarm64	2.0.0-alpha02		N/A
dev.programadorthi.routing	koin-tvossimulatorarm64	2.0.0-alpha02	metadata	5563dc71c2213cf0385153d920b85f602d96267e
dev.programadorthi.routing	koin-tvossimulatorarm64	2.0.0-alpha03		N/A
dev.programadorthi.routing	koin-tvossimulatorarm64	2.0.0-alpha03	metadata	9124bf30926da453bdd99e89ce61289a5cde1026
dev.programadorthi.state	coroutines-js	0.0.1		N/A
dev.programadorthi.state	coroutines-js	0.0.2		N/A
dev.programadorthi.state	coroutines-js	0.0.3		N/A
dev.programadorthi.state	coroutines-js	0.0.4		N/A
dev.programadorthi.state	coroutines-js	0.0.5		N/A
eu.bitfunk.gradle.plugin.tool	git-version	0.1.1		812ee0271a8555f2cf5ba8173a3c5e4f879247ad
eu.bitfunk.gradle.plugin.tool	git-version	0.2.0		0b1de4a2d7a31f8da04c7e7fd72607ecd4ec398e
eu.codlab	kotlin-permissions-bluetooth-macosarm64	1.17.0-alpha1		N/A
eu.codlab	kotlin-permissions-bluetooth-macosarm64	1.17.0-alpha1	metadata	86d80cd0594bfd437f963a7a2cb1132ba34f13fa
eu.timepit	refined-jsonpath_2.13	0.10.0		ca5272ded9f3dde024cd8f709b2ac747ad66349f
eu.timepit	refined-jsonpath_2.13	0.10.1		6c7651d199a95ee3890141f3873cb144cef74684
eu.timepit	refined-jsonpath_2.13	0.10.2		dddd9951a248c8cf5afa1104a84aec64221a5b11
eu.timepit	refined-jsonpath_2.13	0.10.3		6ddb99707113dbae63aa32db897c9acc2f6e6be5
eu.timepit	refined-jsonpath_2.13	0.11.0		92b867e1695e43b30c5d6e03c97420b499ef407c
eu.timepit	refined-jsonpath_2.13	0.11.1		20b05cfc663badfccfbd2af991f9220052636eeb
eu.timepit	refined-jsonpath_2.13	0.11.2		8c9147529cd446c5cc48d9f4f26c89c81f0abaff
eu.timepit	refined-jsonpath_2.13	0.11.3		d8b4203610914a29105f1c208db3dbbfbd4896bb
eu.timepit	refined-jsonpath_2.13	0.9.10		0e809cf15c4ddf06521eada7f5ec17dc2adb0e2f
eu.timepit	refined-jsonpath_2.13	0.9.12		10348357b526f526ced52037fac66294499456b3
eu.timepit	refined-jsonpath_2.13	0.9.13		a5c96006a96d8ae84630ade0f730c47cdce85e91
eu.timepit	refined-jsonpath_2.13	0.9.14		3b5632636af22e6bac82ae6bff74932ae172da9f
eu.timepit	refined-jsonpath_2.13	0.9.15		91f0ac0726f392b36ec7389ce8dc4ac1c8133d7c
eu.timepit	refined-jsonpath_2.13	0.9.16		bc558c5183c14270999d3be9b12debcbcd13ade9
eu.timepit	refined-jsonpath_2.13	0.9.17		2ae092d51b9e95cf86eeb1c24154f563184ada2a
eu.timepit	refined-jsonpath_2.13	0.9.18		292598ae41d5d6c5f0c428edda2a7f28efce8705
eu.timepit	refined-jsonpath_2.13	0.9.19		1de5c7ec7865a599323cde7f3be44db540aa8bb3
eu.timepit	refined-jsonpath_2.13	0.9.20		7ed1a9db1c7dbdccef78b0133bb316d375043a1c
eu.timepit	refined-jsonpath_2.13	0.9.21		6595fdc5bfb2a537cfa66d59b0605f2dc4564478
eu.timepit	refined-jsonpath_2.13	0.9.22		e6256567f4ca778d0e41ba2cf6b08b31a6ddf18b
eu.timepit	refined-jsonpath_2.13	0.9.23		62c5e96d24c40e44139db10dd86a98b7cb43aa11
eu.timepit	refined-jsonpath_2.13	0.9.24		22eb4b5731cbb775bf8f9619847635272d997898
eu.timepit	refined-jsonpath_2.13	0.9.25		1f0ddff6fb3bb7f01633b4cc1853f534c9767e66
eu.timepit	refined-jsonpath_2.13	0.9.26		895dddba651afc27a41fa1eeb306eb28a1c78a9e
eu.timepit	refined-jsonpath_2.13	0.9.27		0e94591016afd6dad903534a692641b1d15f44ea
eu.timepit	refined-jsonpath_2.13	0.9.28		76429f3fa4a9e205f79e1a2afa161b15720fba8b
eu.timepit	refined-jsonpath_2.13	0.9.29		313c73f2f65661d4df08979d1b2de00011bdcad6
eu.timepit	refined-jsonpath_2.13	0.9.9		b255891eb4ef76f518906e7d91499e3fd48ad639
hu.icellmobilsoft.coffee	coffee-module-mp	1.0.0		N/A
hu.icellmobilsoft.coffee	coffee-module-mp	1.0.3		N/A
hu.icellmobilsoft.coffee	coffee-module-mp	1.1.0		N/A
hu.icellmobilsoft.coffee	coffee-module-mp	1.10.0		N/A
hu.icellmobilsoft.coffee	coffee-module-mp	1.10.1		N/A
hu.icellmobilsoft.coffee	coffee-module-mp	1.10.2		N/A
hu.icellmobilsoft.coffee	coffee-module-mp	1.11.0		N/A
hu.icellmobilsoft.coffee	coffee-module-mp	1.12.0		N/A
hu.icellmobilsoft.coffee	coffee-module-mp	1.12.1		N/A
hu.icellmobilsoft.coffee	coffee-module-mp	1.12.2		N/A
hu.icellmobilsoft.coffee	coffee-module-mp	1.13.0		N/A
hu.icellmobilsoft.coffee	coffee-module-mp	1.14.0		N/A
hu.icellmobilsoft.coffee	coffee-module-mp	1.15.0		N/A
hu.icellmobilsoft.coffee	coffee-module-mp	1.16.0		N/A
hu.icellmobilsoft.coffee	coffee-module-mp	1.2.0		N/A
hu.icellmobilsoft.coffee	coffee-module-mp	1.2.1		N/A
hu.icellmobilsoft.coffee	coffee-module-mp	1.3.0		N/A
hu.icellmobilsoft.coffee	coffee-module-mp	1.3.1		N/A
hu.icellmobilsoft.coffee	coffee-module-mp	1.4.0		N/A
hu.icellmobilsoft.coffee	coffee-module-mp	1.4.1		N/A
hu.icellmobilsoft.coffee	coffee-module-mp	1.5.0		N/A
hu.icellmobilsoft.coffee	coffee-module-mp	1.6.0		N/A
hu.icellmobilsoft.coffee	coffee-module-mp	1.6.1		N/A
hu.icellmobilsoft.coffee	coffee-module-mp	1.7.0		N/A
hu.icellmobilsoft.coffee	coffee-module-mp	1.8.0		N/A
hu.icellmobilsoft.coffee	coffee-module-mp	1.8.1		N/A
hu.icellmobilsoft.coffee	coffee-module-mp	1.9.0		N/A
hu.icellmobilsoft.coffee	coffee-module-mp	2.0.0		N/A
hu.icellmobilsoft.coffee	coffee-module-mp	2.1.0		N/A
hu.icellmobilsoft.coffee	coffee-module-mp	2.10.0		N/A
hu.icellmobilsoft.coffee	coffee-module-mp	2.2.0		N/A
hu.icellmobilsoft.coffee	coffee-module-mp	2.3.0		N/A
hu.icellmobilsoft.coffee	coffee-module-mp	2.4.0		N/A
hu.icellmobilsoft.coffee	coffee-module-mp	2.5.0		N/A
hu.icellmobilsoft.coffee	coffee-module-mp	2.6.0		N/A
hu.icellmobilsoft.coffee	coffee-module-mp	2.7.0		N/A
hu.icellmobilsoft.coffee	coffee-module-mp	2.8.0		N/A
hu.icellmobilsoft.coffee	coffee-module-mp	2.9.0		N/A
io.activej	activej-launchers-crdt	1.0		f93c42464244cee5c6dc3638a5dc4ec649e83b8e
io.activej	activej-launchers-crdt	1.0-rc1		65f95f731549e47a1bafaf2fb9b0d9134e63f3e4
io.activej	activej-launchers-crdt	1.0-rc2		73f85a0bfaeea7ec613e158233199027d00aef3f
io.activej	activej-launchers-crdt	1.1		b6e245e6a8e827b9cb31e4e7c5bc1b5ec2349c82
io.activej	activej-launchers-crdt	2.0		c1a7fe48deebff26507af6005bb85594f94dfedc
io.activej	activej-launchers-crdt	2.0-rc1		d0730f1616c382c9290923a72da550ea3647c979
io.activej	activej-launchers-crdt	2.0.1		060181ec297d7feddd83194abc7c15537b8cb040
io.activej	activej-launchers-crdt	2.1		d3ea2f1b609e290d40b5d6c54758a1b6b3c0f86f
io.activej	activej-launchers-crdt	2.2		3ac8becee2f65fa39d55df7deeb2f20f50671700
io.activej	activej-launchers-crdt	3.0		3824cae1ba53c4cb9449cac75084c6156d08ab20
io.activej	activej-launchers-crdt	3.0-rc1		705775bca80afda12fa4035974ed3f77f9d4db6c
io.activej	activej-launchers-crdt	3.0-rc2		5b6cdd661aa7d83b18282be966e350ab0cbef3bb
io.activej	activej-launchers-crdt	3.0.1		6bbda30ee4dd36b21cf1d888de5b08f9b826006c
io.activej	activej-launchers-crdt	3.0.2		35b6d18b6943975f74010b60132840473ae9fc53
io.activej	activej-launchers-crdt	3.1-rc1		86f911ad38a9c335c7d609a4a4e396fc430cfa49
io.activej	activej-launchers-crdt	4.0		fcc1e1445c3a17f19a14a8f23be5b90b69229602
io.activej	activej-launchers-crdt	4.0-beta1		be86cfbab0880821d692f9ef46594f58471d4a26
io.activej	activej-launchers-crdt	4.0-rc1		c160fb7d0dfcf5dac8b6af79c85105e1adfb31e1
io.activej	activej-launchers-crdt	4.1		09fd6e6c8a3e3fe7de11e0fd13aa698300828266
io.activej	activej-launchers-crdt	4.1-rc1		2c17e3459c492f93216bc0fbe1372de5f281287f
io.activej	activej-launchers-crdt	4.1.1		b0ce170465958787cc0dcd742dd47a313cd3178c
io.activej	activej-launchers-crdt	4.2		02761c7035740d0516c91d5530688ac9352575dc
io.activej	activej-launchers-crdt	4.3		426da281267136f9059785ee9d9bb6cc4e2e2baf
io.activej	activej-launchers-crdt	4.3.1		016db779d089a05a83a939124434ec148b450eb1
io.activej	activej-launchers-crdt	4.4-rc1		f2b2300a796bf0ea71fb67730c49b84f02b59788
io.activej	activej-launchers-crdt	5.0		3b64b29de05cbfe16a8bed200c63c772ed2f5751
io.activej	activej-launchers-crdt	5.0-beta1		b1a49c6df0a61718efc721252302385f9beccce4
io.activej	activej-launchers-crdt	5.0-beta2		6a3fdbab68cc91419d0b2ac013d0a1b1dbd5f260
io.activej	activej-launchers-crdt	5.0-rc1		54aa4a7766b9ece26c31aa170ff883c7c2b5db9c
io.activej	activej-launchers-crdt	5.0-rc2		d9ad2e5023348bda2be965943d5354aa5cae8b8f
io.activej	activej-launchers-crdt	5.0-rc3		f3a8a4531a9884c889ea0dff1817c065f3b3dced
io.activej	activej-launchers-crdt	5.1		f15ab375dec2ebe887451083d9bd740d7f178d73
io.activej	activej-launchers-crdt	5.1.1		b8a21c865cdfba3b2881514e1218e3774c0ac41f
io.activej	activej-launchers-crdt	5.2		8f3cdcf826fa8b5ef1254adaa1e53574f428c2e7
io.activej	activej-launchers-crdt	5.3		dde83f1268776378b3c3e11e7e9462c785dde5ed
io.activej	activej-launchers-crdt	5.4		d3e5017dd78c055de37f1d7d38e2b69069fc9a6d
io.activej	activej-launchers-crdt	5.4.1		d3d13c16123f7b4df505094f966da0f20381fa06
io.activej	activej-launchers-crdt	5.4.2		fff5dde2577a76203e1e27abafc50bf91739a39a
io.activej	activej-launchers-crdt	5.4.3		f310ad31c2ef67d3bfe89f4a07804502b96a0df4
io.activej	activej-launchers-crdt	5.5		0bf1fe8fa445021f1cb038444f984f8c802e4492
io.activej	activej-launchers-crdt	5.5-rc1		da72d1bffae399f446d3a65a13e01d78e86560b3
io.activej	activej-launchers-crdt	5.5-rc2		42bcfc11b8002b8aa4c2c99886b45ae105b3f12f
io.activej	activej-launchers-crdt	5.5-rc3		ee01e1c2c253d6a69faadcf3e87f712ee7ef23d9
io.activej	activej-launchers-crdt	6.0-beta1		2042c671453b79130db67e1e814c1f55282eeec0
io.activej	activej-launchers-crdt	6.0-beta2		2e3837276c9df05ff73fbd370832c0c9dd824f2d
io.activej	activej-launchers-crdt	6.0-rc1		49f1c86d51321379383f6702f86c3f0d8af05afb
io.activej	activej-launchers-crdt	6.0-rc2		a65896abe9b20fe5075d73404d6430d07d7ba7c4
io.dropwizard	dropwizard-request-logging	1.0.0		eafbf50eaee4cba96cb1dddc3669c55a1dcd8ea1
io.dropwizard	dropwizard-request-logging	1.0.0-rc1		802b41fa97aa63cbb6ef755b9d595fb0ef46ba04
io.dropwizard	dropwizard-request-logging	1.0.0-rc2		5ff86b7322ffc29c304d63d87f66dca6ea2857cd
io.dropwizard	dropwizard-request-logging	1.0.0-rc3		f43fb745bf2fd52536fcf977ec3dd292482abac6
io.dropwizard	dropwizard-request-logging	1.0.0-rc4		a7e5a23b54679304bcccad2bf90f0fb7656c2489
io.dropwizard	dropwizard-request-logging	1.0.1		9793ad03b2f4cc7025b74ad5f1efc5de137961e6
io.dropwizard	dropwizard-request-logging	1.0.2		5cc3e037c23bb2f5641acef6c5ad5d1b61c2ba1d
io.dropwizard	dropwizard-request-logging	1.0.3		d8ca9036ccc645fcad61ae79bbacb49630c46db8
io.dropwizard	dropwizard-request-logging	1.0.4		5676b90e46beac16ac3cc795a7c860dc47c07f31
io.dropwizard	dropwizard-request-logging	1.0.5		3a7024f318fbe31ca5f593351d82402ddcd88a4a
io.dropwizard	dropwizard-request-logging	1.0.6		05e6307d37c708c48c0f9e479e05b97109905a5e
io.dropwizard	dropwizard-request-logging	1.0.7		7b0838c39f1c09107f3dda867834e0456a2db56b
io.dropwizard	dropwizard-request-logging	1.0.8		d83f38598c621ced214935cc8ebeb3311517719d
io.dropwizard	dropwizard-request-logging	1.0.9		6eab76e73dc4014092fd2151148180136acfeee6
io.dropwizard	dropwizard-request-logging	1.1.0		182d1c01bf05b791088ab2ff381f009591231ef0
io.dropwizard	dropwizard-request-logging	1.1.0-rc1		ffac6a9dc63c6113b8f1967729ec953ab44ff63c
io.dropwizard	dropwizard-request-logging	1.1.0-rc2		7c3b4150396d9d0fafd9b9e6e05795319ecdefdb
io.dropwizard	dropwizard-request-logging	1.1.0-rc3		1f1cbf26b071d7c13de12de3327a6a17e58b2199
io.dropwizard	dropwizard-request-logging	1.1.0-rc4		2c2b05ee827fd1706d20a610b5d903109f82c9d2
io.dropwizard	dropwizard-request-logging	1.1.1		10b0cb1fea416602aefe87dd8847d2affb996685
io.dropwizard	dropwizard-request-logging	1.1.2		04958644b058b781e81a6266002e8a3236b83808
io.dropwizard	dropwizard-request-logging	1.1.3		ac234e95ffeff0b4d6dc574e9b6d204b9f0c089b
io.dropwizard	dropwizard-request-logging	1.1.4		93fbb485dbc5c79880e11f3fb79103b8b33077d3
io.dropwizard	dropwizard-request-logging	1.1.5		84311eaaac6cddaf2605d262b35ba2ae4e85587f
io.dropwizard	dropwizard-request-logging	1.1.6		8728e2bc33d6971dc74d3b1e37a85faa40fa34ef
io.dropwizard	dropwizard-request-logging	1.1.7		15dbed29e640a6aeeabc0fe0aac849d051a94764
io.dropwizard	dropwizard-request-logging	1.1.8		4c962e53ef49d911fabdb787523f5528659eef88
io.dropwizard	dropwizard-request-logging	1.2.0		e5e10aac5deb06de7ad6b3e6a78adee1d1d765a9
io.dropwizard	dropwizard-request-logging	1.2.0-rc1		339ac0382c52dcb2a0895d2beafdfad2e1c0ec12
io.dropwizard	dropwizard-request-logging	1.2.0-rc2		3bd127f478f1bb1236a3fa5a55699c005b7d12f0
io.dropwizard	dropwizard-request-logging	1.2.0-rc3		81f239588e15d03e9c7347b2b708ead3266d9187
io.dropwizard	dropwizard-request-logging	1.2.0-rc4		efdbe2be55574c6baa35b3467c5f8129fe96d261
io.dropwizard	dropwizard-request-logging	1.2.0-rc5		be4f6fdd64574576c2e85f03e2261a06bc6e0f2e
io.dropwizard	dropwizard-request-logging	1.2.0-rc6		e7f69579481057426d61300a8071fc0d88dc4e30
io.dropwizard	dropwizard-request-logging	1.2.1		1813715e0f943f806c8588cb22124f14f83dc530
io.dropwizard	dropwizard-request-logging	1.2.2		7ce1ff778afe008acb520d8ed03894764c51829f
io.dropwizard	dropwizard-request-logging	1.2.3		5e9d405977223b878f2e68c788f82fd305cfce35
io.dropwizard	dropwizard-request-logging	1.2.4		38fd4947ce4796d6fd6e1d1f0c22f681c535d348
io.dropwizard	dropwizard-request-logging	1.2.5		003170d8ed736b6081059f8e360633053d333bc6
io.dropwizard	dropwizard-request-logging	1.2.6		8eb415f898858348167a89ce2c606850e081b092
io.dropwizard	dropwizard-request-logging	1.2.7		5460f92e5789e7959221c902b8347d83fa7812b0
io.dropwizard	dropwizard-request-logging	1.2.8		3b431d0fce5f5ea66d1583bb205565c50aed7458
io.dropwizard	dropwizard-request-logging	1.2.9		51f6d627afa4983a661da537215f674071a7938c
io.dropwizard	dropwizard-request-logging	1.3.0		fd86c91a5bf6db643976252dabeae8fd425db52f
io.dropwizard	dropwizard-request-logging	1.3.0-rc1		94a1ea11c939dc2302b51f7b57b3760827576a82
io.dropwizard	dropwizard-request-logging	1.3.0-rc2		36099418be22fd2dd8946be9880a2be02326f425
io.dropwizard	dropwizard-request-logging	1.3.0-rc3		2bd1d5fb73823ab1c2bc2bbe8c8dee831d1ef9be
io.dropwizard	dropwizard-request-logging	1.3.0-rc4		a2e5d18aec12660439f7728939fb0778c2f38019
io.dropwizard	dropwizard-request-logging	1.3.0-rc5		18c2832910ad93a067c5eee0c02a63f1728161d7
io.dropwizard	dropwizard-request-logging	1.3.0-rc6		8336c266d8000e17b82d73dd10f690ad002fb064
io.dropwizard	dropwizard-request-logging	1.3.0-rc7		3600a85e3bb1e3d7028eb803c7bc6386b6085f35
io.dropwizard	dropwizard-request-logging	1.3.1		f1bfa43dc9e9bbb59f3d4b1bf76bfe3f85b5ca51
io.dropwizard	dropwizard-request-logging	1.3.10		6c3b2b204252b7928e7d7f304ec30445add365f4
io.dropwizard	dropwizard-request-logging	1.3.11		d209465c6e49cdae962be9f955ec4bde3f3bead9
io.dropwizard	dropwizard-request-logging	1.3.12		413fd79e313f851ea9aaf9922325f56dc05497ca
io.dropwizard	dropwizard-request-logging	1.3.13		1903cd5312cfcbd783844e42bf892bee7a08c12b
io.dropwizard	dropwizard-request-logging	1.3.14		bd53318c0d6ce493c44ac630176c34468bc38eab
io.dropwizard	dropwizard-request-logging	1.3.15		fcd1015d1762059bd9aa27ee06f7fff9a9857d7b
io.dropwizard	dropwizard-request-logging	1.3.16		524f31a087c2b68a83df31c445887677ab932f78
io.dropwizard	dropwizard-request-logging	1.3.17		bb925d83c201007f04677eceec86fa06bfcad6e2
io.dropwizard	dropwizard-request-logging	1.3.18		acba9e35ffd980e5fac61039220b1f5e8edc56d5
io.dropwizard	dropwizard-request-logging	1.3.19		20a8c899546360a193611c5d71f945d7b5cb1b24
io.dropwizard	dropwizard-request-logging	1.3.2		6b4f774970f691f6b1b600d307c4103ad6fe0dc0
io.dropwizard	dropwizard-request-logging	1.3.20		e0a9b0d4ce9c5625c22c00704b28da542df1d844
io.dropwizard	dropwizard-request-logging	1.3.21		7cbafb561bdfd67494515a6cf39d054c79814b9b
io.dropwizard	dropwizard-request-logging	1.3.22		50b8885f20c051c17738a3e4084f6a82580d9dc5
io.dropwizard	dropwizard-request-logging	1.3.23		f77cbfa6326a0879fa4735ec6bb288441072a83b
io.dropwizard	dropwizard-request-logging	1.3.24		d10046f257156432f69dea7eda116a7f58598307
io.dropwizard	dropwizard-request-logging	1.3.25		00053e511ff4d82d804466b352bf46b9e1c9db9d
io.dropwizard	dropwizard-request-logging	1.3.25-beta.1		1198ed520ba3fe1f0fd3e0b4a5914bdb9e7bea23
io.dropwizard	dropwizard-request-logging	1.3.25-beta.2		400725d6570c912ccdd4e5c4e1c61eaf59e30ed5
io.dropwizard	dropwizard-request-logging	1.3.26		5d30d09ba952b1c0b71ea5401b04933d3ef97901
io.dropwizard	dropwizard-request-logging	1.3.27		5f3d7daa9a6cb1732f6babbeaeb51c53d2042c71
io.dropwizard	dropwizard-request-logging	1.3.28		b5e28c2f0f317a3340f8fc873505fb600c2a73d2
io.dropwizard	dropwizard-request-logging	1.3.29		fc0d5abe9334042dbe0987fb741f5cca5c6dfec3
io.dropwizard	dropwizard-request-logging	1.3.3		5f3f381040d6eb1859a25df26707894ff40aad38
io.dropwizard	dropwizard-request-logging	1.3.4		860fd78641dbbfc4654b56d9db0fb318a98373ba
io.dropwizard	dropwizard-request-logging	1.3.5		c172ad955399e8cf1bf54069da740694a3a1fcf0
io.dropwizard	dropwizard-request-logging	1.3.6		8e1fd76893a9ad89b012d33d13ce20a9f9bfb81b
io.dropwizard	dropwizard-request-logging	1.3.7		a390aed20b3c4aee6e00e103996d4db43735fa08
io.dropwizard	dropwizard-request-logging	1.3.8		11fd1fca95c521a31212a32c3782c5131fcf0033
io.dropwizard	dropwizard-request-logging	1.3.9		8ac3dfe026a7b6fd9b5729c97b911efbcb7896ff
io.dropwizard	dropwizard-request-logging	2.0.0		5f88d5e8982607b7674489be3bde1a51b2fb040e
io.dropwizard	dropwizard-request-logging	2.0.0-rc0+test8		0a864632980a5b491a9a5cf7f9f30c92a5b755a9
io.dropwizard	dropwizard-request-logging	2.0.0-rc1		d12e54acfdd746572114f0fd640f8bc9b20ca7d3
io.dropwizard	dropwizard-request-logging	2.0.0-rc10		9fbd40538a29d44323c4efeb0faf31c9b346a07e
io.dropwizard	dropwizard-request-logging	2.0.0-rc11		1d682ec8d8187a07d819b62f9a54093693ac0fed
io.dropwizard	dropwizard-request-logging	2.0.0-rc12		66a9cc10ea5d87172ad01d5a8ce1a30ed71eb1bb
io.dropwizard	dropwizard-request-logging	2.0.0-rc13		abeaf3c3cbc892a1b3088fee1854d654f93718ac
io.dropwizard	dropwizard-request-logging	2.0.0-rc14		dbc636232f68a4744f8f0bc5ab8e31a507a383d5
io.dropwizard	dropwizard-request-logging	2.0.0-rc2		67fe77c3db9b53ee3f33e044e1201951c8803c55
io.dropwizard	dropwizard-request-logging	2.0.0-rc3		859ce1a82d1254484665e4597c7884655ff9fc64
io.dropwizard	dropwizard-request-logging	2.0.0-rc4		fa8d552638e5e989621f8fc3f54d503ad397e0cb
io.dropwizard	dropwizard-request-logging	2.0.0-rc5		6153cc1fb482a83da7f2736d7d2180685f8a7132
io.dropwizard	dropwizard-request-logging	2.0.0-rc9		2cefa8108f8f63af4571cf0d48b50048f3862a32
io.dropwizard	dropwizard-request-logging	2.0.1		1453ad94743f580b557c36aa0c2b43c140badf22
io.dropwizard	dropwizard-request-logging	2.0.10		6a70b01effe8a5f469527f442dd37efd31f99faa
io.dropwizard	dropwizard-request-logging	2.0.11		ba85b7bab54efc4217e56a8a47afae64cacd9af5
io.dropwizard	dropwizard-request-logging	2.0.12		01899e99b368825ed9618cbf54f7409732ea11d9
io.dropwizard	dropwizard-request-logging	2.0.13		a4cb128ed823d5a538c7de4c9dfb27e48b664ae7
io.dropwizard	dropwizard-request-logging	2.0.14		879c6b983f249c98f13484114b89e102d8d2941f
io.dropwizard	dropwizard-request-logging	2.0.15		30e73ef386a68039e9872b5a2e90fbbd0be12ee7
io.dropwizard	dropwizard-request-logging	2.0.16		c4650306fe635955b6ae6fdf2b87f017446b8668
io.dropwizard	dropwizard-request-logging	2.0.17		2a96c0fbb3cffe3d278243675d617de58aedea4f
io.dropwizard	dropwizard-request-logging	2.0.18		76cc609cdc7fc2792f5f04532febe8047e0d6b23
io.dropwizard	dropwizard-request-logging	2.0.19		30de95370989bd5fb50fcf535e51604ed252145f
io.dropwizard	dropwizard-request-logging	2.0.2		e658ae8c16f9f1a7454322d3034faddcaff8eb2b
io.dropwizard	dropwizard-request-logging	2.0.20		83780582c2e4167c7b128a5f43e5585f122036e5
io.dropwizard	dropwizard-request-logging	2.0.21		dc3a640705797970d632aaed84c872801b67ffcf
io.dropwizard	dropwizard-request-logging	2.0.22		f69daeadfab96bd8a04b3cbf1e6b6cd49410eca1
io.dropwizard	dropwizard-request-logging	2.0.23		09c6d1f0abc76dd2b83755fb0e8ec6d124fd30e3
io.dropwizard	dropwizard-request-logging	2.0.24		6aa751cffc9d1ef72b6d6d096f8dc266579bbd27
io.dropwizard	dropwizard-request-logging	2.0.25		41b7800ddd75efa32b10e2f70cf1390f2af20bf1
io.dropwizard	dropwizard-request-logging	2.0.26		b6ec79e85623177035b1cf7d9b4f6e21df529cc5
io.dropwizard	dropwizard-request-logging	2.0.27		3c1172bbd8067e35389921e5e92be6f3898795d6
io.dropwizard	dropwizard-request-logging	2.0.28		3eddc84e94c602156c3ec6b6e536db0bc0c40da2
io.dropwizard	dropwizard-request-logging	2.0.29		82260b2ca78b5405bb8ed9bb46a5897e9b18f653
io.dropwizard	dropwizard-request-logging	2.0.3		a5563dce278ea19193bab925edf8830a8f698714
io.dropwizard	dropwizard-request-logging	2.0.30		1edc9de5422ad1d09bfa980d5d86f76850b602f3
io.dropwizard	dropwizard-request-logging	2.0.31		8b613f6c55a6f677aaebbd8455627d946583d94b
io.dropwizard	dropwizard-request-logging	2.0.32		a581239402ee368244733e92b9f6c93de3b8d656
io.dropwizard	dropwizard-request-logging	2.0.33		27d38878dcd07415eae255d306c0375a473f9c78
io.dropwizard	dropwizard-request-logging	2.0.34		1ae54f3a9c65df80a7f9d15b3e0f6728b732558e
io.dropwizard	dropwizard-request-logging	2.0.35		5d26ad293dd1a0a5786aa684d998fe6a7f1ceb30
io.dropwizard	dropwizard-request-logging	2.0.4		8e52acbfe641d075b67d7aca3b75a95cd919af19
io.dropwizard	dropwizard-request-logging	2.0.5		c4c0c5fc9089ee94f01fd8fb20db75ad261bf151
io.dropwizard	dropwizard-request-logging	2.0.6		1e94f68b262386075862b124e0aa9f1ba0e15b76
io.dropwizard	dropwizard-request-logging	2.0.7		69c6fb2e731f24f720ff176a9924dbab802b3bd9
io.dropwizard	dropwizard-request-logging	2.0.8		e9e51609ef0044c1e2e01dc73deb6b7ab258ac7c
io.dropwizard	dropwizard-request-logging	2.0.9		aefaef0ff388f1a89079ced2e5708f735cde6d1d
io.dropwizard	dropwizard-request-logging	2.1.0		c6ad902dd4f19a00d671a7ddcd9a7a0e9aed3263
io.dropwizard	dropwizard-request-logging	2.1.0-beta.1		152efa1b0b3e845b9ea271ab124ec04b7a9bf729
io.dropwizard	dropwizard-request-logging	2.1.0-beta.2		f9d32494edd87561b11bddb9271df3e637d3ce43
io.dropwizard	dropwizard-request-logging	2.1.0-beta.3		0ce9a5d26efbddbe35640363929c1c11ff6ce10d
io.dropwizard	dropwizard-request-logging	2.1.0-beta.4		eda4ec310932c80edea332f11270df28262de9e2
io.dropwizard	dropwizard-request-logging	2.1.0-beta.5		7ef0f6a116318ab81b7bdf06401bd9cbe1578130
io.dropwizard	dropwizard-request-logging	2.1.0-beta.6		4f0aa61d84a7eb6fe5a4c96c5ce3e5eb7d2f80a0
io.dropwizard	dropwizard-request-logging	2.1.0-beta.7		b675aa25c70d07c7cdce39ee611d1a38cb9f2749
io.dropwizard	dropwizard-request-logging	2.1.0-beta.8		27d7db10fda15c3deb6bab5787d9d3e7fb9bfc59
io.dropwizard	dropwizard-request-logging	2.1.0-beta.9		67bf486b48c159645b91d2be10801774c1bfdab3
io.dropwizard	dropwizard-request-logging	2.1.1		f5f65455a9e3a9ff312054faa242d7c23b5e3485
io.dropwizard	dropwizard-request-logging	2.1.10		9375d02b99d5619ea6503184f6f61442dd0d794f
io.dropwizard	dropwizard-request-logging	2.1.11		9df9432ce369562b02e0d3e61592ca1e53541d12
io.dropwizard	dropwizard-request-logging	2.1.12		dc0cc9348a3829fb0928a7d503c2ee0bfa6cd4c1
io.dropwizard	dropwizard-request-logging	2.1.2		e5ad8805e258cb2871cefda0729cf470df56a3d2
io.dropwizard	dropwizard-request-logging	2.1.3		9faa559f1d068993369725be3ed3dc1610a1ee40
io.dropwizard	dropwizard-request-logging	2.1.4		631a96c6bc56617ab6c1c0b559103b838addb1b8
io.dropwizard	dropwizard-request-logging	2.1.5		60884c1cbb6350ef3b5a90ae8d61061f7ca1b5bb
io.dropwizard	dropwizard-request-logging	2.1.6		1f21ad2cf3b115879ac3f0de518e3694b1cfcbb5
io.dropwizard	dropwizard-request-logging	2.1.7		bea90ccecc9cb15ecb8fd0de1e933db9d36d2bb1
io.dropwizard	dropwizard-request-logging	2.1.8		127b1e29dc6a7769a22f3124ae7e5b4c9177dc04
io.dropwizard	dropwizard-request-logging	2.1.9		180551125db4bf10398a60c67c90b35b31707186
io.dropwizard	dropwizard-request-logging	3.0.0		7c1d9ce51fb988e07f08a423ac1586c2bb210241
io.dropwizard	dropwizard-request-logging	3.0.0-beta.1		39c19afefbde6504dc1d89a5b8de590097791221
io.dropwizard	dropwizard-request-logging	3.0.0-beta.2		75b57bde12deb767f1791602c385329a057e6247
io.dropwizard	dropwizard-request-logging	3.0.0-beta.3		583afe9c73c8f6f96ac4084e1f9a5f33fee5fd5f
io.dropwizard	dropwizard-request-logging	3.0.0-beta.4		ef47cbd6ead975a769084ca810c8204f9f82b356
io.dropwizard	dropwizard-request-logging	3.0.0-beta.5		a36612430d6b3605ce3bff630258ee4becc01820
io.dropwizard	dropwizard-request-logging	3.0.1		a960c9741a4e21de80f8f9ae4d8ab8577d67f5f2
io.dropwizard	dropwizard-request-logging	3.0.10		e4317f21cbdd0d59c6f6771c831ceefa507e8a3f
io.dropwizard	dropwizard-request-logging	3.0.11		85c0d50e6e693950be62307f29b6fe6acf0f581a
io.dropwizard	dropwizard-request-logging	3.0.12		c40031138e07995ff0fedc8a3f834af743f0b034
io.dropwizard	dropwizard-request-logging	3.0.13		619eccec8844ef48b327da708c0b7e069969b4dc
io.dropwizard	dropwizard-request-logging	3.0.2		df22f672a21168d18578edeae0cc85f17379c955
io.dropwizard	dropwizard-request-logging	3.0.3		529862e16edd94def9b6c1ec2455d0c22ff8e403
io.dropwizard	dropwizard-request-logging	3.0.4		1881be45d00fc7ba61e42b920fe8dbfbab4339d9
io.dropwizard	dropwizard-request-logging	3.0.5		6c30485ea3219b44f00080356f751d5ecda65f45
io.dropwizard	dropwizard-request-logging	3.0.6		fb1f2fe13f520e782ab4b74517c5e7ae42621108
io.dropwizard	dropwizard-request-logging	3.0.7		e2389dc47d32d4eb27bf1aa58eefcfe770426bd8
io.dropwizard	dropwizard-request-logging	3.0.8		e9696520103550aded09f75bdcf59575aff779c2
io.dropwizard	dropwizard-request-logging	3.0.9		9913314dbab70915263239f48301c86fcb2d77a9
io.dropwizard	dropwizard-request-logging	4.0.0		41e7d49e24b8e1fde53b792e86090e008a672f28
io.dropwizard	dropwizard-request-logging	4.0.0-beta.1		127f1777169975d6857b5fb8e54851ad46208c87
io.dropwizard	dropwizard-request-logging	4.0.0-beta.2		a38437ec44e5f1d35ab300e542ec3938fd1af338
io.dropwizard	dropwizard-request-logging	4.0.0-beta.3		385ec6d781b1ea40351fb4381dca711d99ef19b7
io.dropwizard	dropwizard-request-logging	4.0.0-beta.4		ab5a8a1a8fa4eb664728baf8c08d37ea50f247e2
io.dropwizard	dropwizard-request-logging	4.0.1		61859b71e165f59375bc0d89d8900fa464b40ca7
io.dropwizard	dropwizard-request-logging	4.0.10		da42fef25e7f248c2daefeaa46453770eddb438b
io.dropwizard	dropwizard-request-logging	4.0.11		d408a6381c811484385bc7861f5e708e7866be51
io.dropwizard	dropwizard-request-logging	4.0.12		f9753054de208b62fab5fa2fef25f51e3ce53244
io.dropwizard	dropwizard-request-logging	4.0.13		716cede435c51f789824f4f78d882bc022e45cf8
io.dropwizard	dropwizard-request-logging	4.0.2		c87e6f725c149e09582dcbaed384182915449f2c
io.dropwizard	dropwizard-request-logging	4.0.3		c275a85280f9d1bcfed9e5185bd30f71f3af83a0
io.dropwizard	dropwizard-request-logging	4.0.4		0dfc9496ecfb2b997c37a9dde2ade8f0015ea6d1
io.dropwizard	dropwizard-request-logging	4.0.5		1ad047d01e745837af856b9fd1574b625147c6ca
io.dropwizard	dropwizard-request-logging	4.0.6		f10c86de83cdd81725702e67f7ee4dbd677b07c2
io.dropwizard	dropwizard-request-logging	4.0.7		1bd2fa5512178dbef9e3dd0e1dd26fafd3fff408
io.dropwizard	dropwizard-request-logging	4.0.8		06cca936b25e91e9cb2dbaed7fe591b4aa693be8
io.dropwizard	dropwizard-request-logging	4.0.9		a4ea2f5596a4c6b36c122480dff7e6ad78d7ac52
io.dropwizard	dropwizard-request-logging	5.0.0-alpha.1		5a412b2b3f5e53594228854700558d38a543e4a9
io.dropwizard	dropwizard-request-logging	5.0.0-alpha.2		9767f06d6d214229d8e6ef6392f56747e1ceccec
io.dropwizard	dropwizard-request-logging	5.0.0-alpha.3		b3d154a0a8a2294614bf542bb2066f8f1883ab2e
io.dropwizard	dropwizard-request-logging	5.0.0-alpha.4		7449ab05db76d6a161203ace1f879a5124c6ba3f
io.dropwizard	dropwizard-request-logging	5.0.0-alpha.5		9073d4ab497625aede34c9c8f26484be7bf9e87a
io.dropwizard	dropwizard-request-logging	5.0.0-rc.1		e8c648145cde6cf148359d9b4e3e0c006874ff76
io.dropwizard	dropwizard-request-logging	5.0.0-rc.2		b28b179fba63fa23d42ac5b894d20d050f3f9d59
io.gitee.wl4837.alatool	alatool-poi	0.0.1		5ac99dcaa4a6b72a7cc79696f7349f8a6d8c52c1
io.gitee.wl4837.alatool	alatool-poi	0.0.10		0dd8459a38dff3bc91530628c59572f5f26fb55c
io.gitee.wl4837.alatool	alatool-poi	0.0.2		e8979e8318c71003289fd07f05ff731fefe1bc66
io.gitee.wl4837.alatool	alatool-poi	0.0.3		72c46d70156ba38f6a7aac9a87f5936f78ed385d
io.gitee.wl4837.alatool	alatool-poi	0.0.4		b4bf458555454410b39a437a22efee9970f7c656
io.gitee.wl4837.alatool	alatool-poi	0.0.5		acbc348a53f8cceeeda748243a3ee39413af0863
io.gitee.wl4837.alatool	alatool-poi	0.0.6		52a843afa189db2ae3ad3e1164462e002cea9585
io.gitee.wl4837.alatool	alatool-poi	0.0.8		86e001144a4a1411c75dfd322adec7bf5e5a313f
io.gitee.wl4837.alatool	alatool-poi	0.0.9		a01da6cb061887c6f296baa1decab2530f1680c9
io.github.alfonsokevin	Kai-Project-cli	1.0.0		96c07eb106a0c97aa76e028f61c15d47dc04a4d5
io.github.alfonsokevin	Kai-Project-cli	1.1.0		0fc5d4644a71b53b3785b72a262f0925126d0c7a
io.github.alfonsokevin	Kai-Project-cli	1.1.1		46237d00f7f830d111c199f60c28031163264ef0
io.github.cdsap.talaiot	talaiot-request	1.5.0		56aaaa833cbd690b1a8a537530b279388d79a9b0
io.github.cdsap.talaiot	talaiot-request	1.5.1		40633cfb3e68584bfd2b346cbe9088347f84efb1
io.github.cdsap.talaiot	talaiot-request	1.5.2		f91668b08e66e3677e1d46cb3b8b0cbfcaf2071a
io.github.cdsap.talaiot	talaiot-request	1.5.3		9f9775ebad7699b4ec88cb56a83218a2852f3cd1
io.github.cdsap.talaiot	talaiot-request	2.0.0		e69c2118b9760e764372f83d2efae2774e4838ab
io.github.cdsap.talaiot	talaiot-request	2.0.1		25709cb31d1ee160f338d3bd4bb19db0dddc14fa
io.github.cdsap.talaiot	talaiot-request	2.0.2		b1b3f27d113dc623684190f7ecbe81616163f00c
io.github.cdsap.talaiot	talaiot-request	2.0.3		9205c3b128f24f6b74bdecc43f109804c45060e1
io.github.cdsap.talaiot	talaiot-request	2.0.4		68e783349ecb854251b66a74f32dce424b4b3ee2
io.github.cdsap.talaiot	talaiot-request	2.0.5		cc4dc914efba21c788b51d91403a50ead2537758
io.github.cdsap.talaiot	talaiot-request	2.0.6		43585a87856ed4db91214c96ab2b32d42c1a9204
io.github.jsoagger	jsoagger-coreui-offline-services	1.0.0		959b315dba8a20f0e87083e1ad2fa1f15c9a9c25
io.github.jsoagger	jsoagger-coreui-offline-services	1.0.1		2c547d4fc04fdb6a0ecdf7a4dc5d1f1007a44a0a
io.github.ke-xue-guai	excel	1.0.0		9459219f3eb58aa1f3291cb109312f1f18bd3fba
io.github.ke-xue-guai	excel	1.0.3		72f53c93e5e5d31a477f607a413b64a4e8d154e9
io.github.ke-xue-guai	excel	1.0.4		c74b57aacdbb2fb313b31d730d7e7c6bbbb5d123
io.github.ke-xue-guai	excel	1.0.5		900329eeaa48ea919002c8cf3c2d4bd4bf0df979
io.github.ke-xue-guai	excel	1.0.6		5cba5563e19b568db5751be5ae1c3e5ab56ede0d
io.github.reugn	kotlin-backoff	0.3.0		70c801b7d0e52b54aae1e781ff339797755728b3
io.github.reugn	kotlin-backoff	0.4.0		47817e3d9d065ce0b09ea539d3c905edf360a8ed
io.github.wcarmon	config-utils-jvm	1.0.10		3ffe2c178f3b0dfcba9b7ba915c784f86ef07e03
io.github.wcarmon	config-utils-jvm	1.0.11		65ff97371d42f33bcaecce2a4b3a3ca7f5021faa
io.github.wcarmon	config-utils-jvm	1.0.12		bf16a229702db51f94a669b7607709289fdc43f6
io.github.wcarmon	config-utils-jvm	1.0.2		fa146dc69aad621e4ac30aa651c4cea118074428
io.github.wcarmon	config-utils-jvm	1.0.3		929eacdf3e9973af265a814e0dd0c0d62b2a44e0
io.github.wcarmon	config-utils-jvm	1.0.4		c0b1b9d911ef827f8e1826d2b4c683090f72c57d
io.github.wcarmon	config-utils-jvm	1.0.5		b0d0f7a4bc5175d29f6170a12c8e2f163320d247
io.github.wcarmon	config-utils-jvm	1.0.6		002578ed5f0e7a0d87fc4bb7b97db4cd6b61aac0
io.github.wcarmon	config-utils-jvm	1.0.7		fa4879846cb4e60a2a4f50f78df21e536cc580c5
io.github.wcarmon	config-utils-jvm	1.0.8		00863bc8fbde05b00cd54cbbe6d1b72c61c69137
io.github.wcarmon	config-utils-jvm	1.0.9		6e6d1ac2a990adfeca8bfb8cb9b8b5702eaa97f1
io.github.x-horizon	oss-local	1.0		b5721bb13426d9a2e31062288eab2e50e2e0a8b7
io.github.zxgangandy	exchange-order	1.0.2		N/A
io.jpom.plugins	auto-charset-jchardet	2.8.14		8db986171bff72c3081f0c2ef4cbc8e95f1c021b
io.laserdisc	zio-oci-objectstorage_2.13	0.1.0		45b38fd595f581481e9c4088230c6d885046c45e
io.laserdisc	zio-oci-objectstorage_2.13	0.1.1		4b23f694b8714f09b9c65bb9abc2486c50462b7a
io.laserdisc	zio-oci-objectstorage_2.13	0.1.3		8d53a1aeb6a31513804939db4f843057466ae9a4
io.laserdisc	zio-oci-objectstorage_2.13	0.2.0		d1d9e77f974f79dd3248c7131f719646d29cf03d
io.laserdisc	zio-oci-objectstorage_2.13	0.2.1		58a2e25892cbe42bcf29604c014d1cf8980e27c1
io.laserdisc	zio-oci-objectstorage_2.13	0.3.0		c9d8eb893cb338f5682022ec7abedd463b9a5de3
io.laserdisc	zio-oci-objectstorage_2.13	0.3.1		9303db7d3ea34b7dd46fda18f376e4e8ba866fa3
io.laserdisc	zio-oci-objectstorage_2.13	0.4.0		740e55a503aefced61bfb53290d8af0619108407
io.laserdisc	zio-oci-objectstorage_2.13	0.4.1		f39daae93096b16e91f58acc4710f69485eadecc
io.laserdisc	zio-oci-objectstorage_2.13	0.5.0		eb3c2c2e835541724691e241a0d67044400621a2
io.laserdisc	zio-oci-objectstorage_2.13	0.6.0		f5cf27115fd8d2f51cc57cccfa5945062eed8d66
io.laserdisc	zio-oci-objectstorage_2.13	0.7.1		53baad055276bcfd14fec22bb09e3b3adf436ad7
io.laserdisc	zio-oci-objectstorage_2.13	0.7.2		0ca442fa978dba158a674121d685af3b4b241742
io.laserdisc	zio-oci-objectstorage_2.13	0.7.3		dc9cb054198eb509161502d2b71c623885c19fa7
io.laserdisc	zio-oci-objectstorage_2.13	0.8.0		4e7ee95166177522fae030a781a188483cca7a50
io.laserdisc	zio-oci-objectstorage_2.13	0.8.1		5a79a60438b3b3bfffd2eac79024d7cbe13f4098
io.laserdisc	zio-oci-objectstorage_2.13	0.8.2		4fd00a11c05db5091736743ae0fd937ec59ceef7
io.quarkiverse.playwright	quarkus-playwright-parent	0.0.1		N/A
io.quarkiverse.playwright	quarkus-playwright-parent	1.0.0		N/A
io.quarkiverse.playwright	quarkus-playwright-parent	1.1.0		N/A
io.quarkiverse.playwright	quarkus-playwright-parent	2.0.0		N/A
io.quarkiverse.playwright	quarkus-playwright-parent	2.1.0		N/A
io.quarkiverse.playwright	quarkus-playwright-parent	2.1.1		N/A
io.quarkus	quarkus-security-jpa-parent	1.10.0.CR1		N/A
io.quarkus	quarkus-security-jpa-parent	1.10.0.Final		N/A
io.quarkus	quarkus-security-jpa-parent	1.10.1.Final		N/A
io.quarkus	quarkus-security-jpa-parent	1.10.2.Final		N/A
io.quarkus	quarkus-security-jpa-parent	1.10.3.Final		N/A
io.quarkus	quarkus-security-jpa-parent	1.10.4.Final		N/A
io.quarkus	quarkus-security-jpa-parent	1.10.5.Final		N/A
io.quarkus	quarkus-security-jpa-parent	1.11.0.Beta1		N/A
io.quarkus	quarkus-security-jpa-parent	1.11.0.Beta2		N/A
io.quarkus	quarkus-security-jpa-parent	1.11.0.CR1		N/A
io.quarkus	quarkus-security-jpa-parent	1.11.0.Final		N/A
io.quarkus	quarkus-security-jpa-parent	1.11.1.Final		N/A
io.quarkus	quarkus-security-jpa-parent	1.11.2.Final		N/A
io.quarkus	quarkus-security-jpa-parent	1.11.3.Final		N/A
io.quarkus	quarkus-security-jpa-parent	1.11.4.Final		N/A
io.quarkus	quarkus-security-jpa-parent	1.11.5.Final		N/A
io.quarkus	quarkus-security-jpa-parent	1.11.6.Final		N/A
io.quarkus	quarkus-security-jpa-parent	1.11.7.Final		N/A
io.quarkus	quarkus-security-jpa-parent	1.12.0.CR1		N/A
io.quarkus	quarkus-security-jpa-parent	1.12.0.Final		N/A
io.quarkus	quarkus-security-jpa-parent	1.12.1.Final		N/A
io.quarkus	quarkus-security-jpa-parent	1.12.2.Final		N/A
io.quarkus	quarkus-security-jpa-parent	1.13.0.CR1		N/A
io.quarkus	quarkus-security-jpa-parent	1.13.0.Final		N/A
io.quarkus	quarkus-security-jpa-parent	1.13.1.Final		N/A
io.quarkus	quarkus-security-jpa-parent	1.13.2.Final		N/A
io.quarkus	quarkus-security-jpa-parent	1.13.3.Final		N/A
io.quarkus	quarkus-security-jpa-parent	1.13.4.Final		N/A
io.quarkus	quarkus-security-jpa-parent	1.13.5.Final		N/A
io.quarkus	quarkus-security-jpa-parent	1.13.6.Final		N/A
io.quarkus	quarkus-security-jpa-parent	1.13.7.Final		N/A
io.quarkus	quarkus-security-jpa-parent	1.3.0.Alpha2		N/A
io.quarkus	quarkus-security-jpa-parent	1.3.0.CR1		N/A
io.quarkus	quarkus-security-jpa-parent	1.3.0.CR2		N/A
io.quarkus	quarkus-security-jpa-parent	1.3.0.Final		N/A
io.quarkus	quarkus-security-jpa-parent	1.3.1.Final		N/A
io.quarkus	quarkus-security-jpa-parent	1.3.2.Final		N/A
io.quarkus	quarkus-security-jpa-parent	1.3.3.Final		N/A
io.quarkus	quarkus-security-jpa-parent	1.3.4.Final		N/A
io.quarkus	quarkus-security-jpa-parent	1.4.0.CR1		N/A
io.quarkus	quarkus-security-jpa-parent	1.4.0.Final		N/A
io.quarkus	quarkus-security-jpa-parent	1.4.1.Final		N/A
io.quarkus	quarkus-security-jpa-parent	1.4.2.Final		N/A
io.quarkus	quarkus-security-jpa-parent	1.5.0.CR1		N/A
io.quarkus	quarkus-security-jpa-parent	1.5.0.Final		N/A
io.quarkus	quarkus-security-jpa-parent	1.5.1.Final		N/A
io.quarkus	quarkus-security-jpa-parent	1.5.2.Final		N/A
io.quarkus	quarkus-security-jpa-parent	1.6.0.CR1		N/A
io.quarkus	quarkus-security-jpa-parent	1.6.0.Final		N/A
io.quarkus	quarkus-security-jpa-parent	1.6.1.Final		N/A
io.quarkus	quarkus-security-jpa-parent	1.7.0.CR1		N/A
io.quarkus	quarkus-security-jpa-parent	1.7.0.CR2		N/A
io.quarkus	quarkus-security-jpa-parent	1.7.0.Final		N/A
io.quarkus	quarkus-security-jpa-parent	1.7.1.Final		N/A
io.quarkus	quarkus-security-jpa-parent	1.7.2.Final		N/A
io.quarkus	quarkus-security-jpa-parent	1.7.3.Final		N/A
io.quarkus	quarkus-security-jpa-parent	1.7.4.Final		N/A
io.quarkus	quarkus-security-jpa-parent	1.7.5.Final		N/A
io.quarkus	quarkus-security-jpa-parent	1.7.6.Final		N/A
io.quarkus	quarkus-security-jpa-parent	1.8.0.CR1		N/A
io.quarkus	quarkus-security-jpa-parent	1.8.0.Final		N/A
io.quarkus	quarkus-security-jpa-parent	1.8.1.Final		N/A
io.quarkus	quarkus-security-jpa-parent	1.8.2.Final		N/A
io.quarkus	quarkus-security-jpa-parent	1.8.3.Final		N/A
io.quarkus	quarkus-security-jpa-parent	1.9.0.CR1		N/A
io.quarkus	quarkus-security-jpa-parent	1.9.0.Final		N/A
io.quarkus	quarkus-security-jpa-parent	1.9.1.Final		N/A
io.quarkus	quarkus-security-jpa-parent	1.9.2.Final		N/A
io.quarkus	quarkus-security-jpa-parent	2.0.0.Alpha1		N/A
io.quarkus	quarkus-security-jpa-parent	2.0.0.Alpha2		N/A
io.quarkus	quarkus-security-jpa-parent	2.0.0.Alpha3		N/A
io.quarkus	quarkus-security-jpa-parent	2.0.0.CR1		N/A
io.quarkus	quarkus-security-jpa-parent	2.0.0.CR2		N/A
io.quarkus	quarkus-security-jpa-parent	2.0.0.CR3		N/A
io.quarkus	quarkus-security-jpa-parent	2.0.0.Final		N/A
io.quarkus	quarkus-security-jpa-parent	2.0.1.Final		N/A
io.quarkus	quarkus-security-jpa-parent	2.0.2.Final		N/A
io.quarkus	quarkus-security-jpa-parent	2.0.3.Final		N/A
io.quarkus	quarkus-security-jpa-parent	2.1.0.CR1		N/A
io.quarkus	quarkus-security-jpa-parent	2.1.0.Final		N/A
io.quarkus	quarkus-security-jpa-parent	2.1.1.Final		N/A
io.quarkus	quarkus-security-jpa-parent	2.1.2.Final		N/A
io.quarkus	quarkus-security-jpa-parent	2.1.3.Final		N/A
io.quarkus	quarkus-security-jpa-parent	2.1.4.Final		N/A
io.quarkus	quarkus-security-jpa-parent	2.10.0.CR1		N/A
io.quarkus	quarkus-security-jpa-parent	2.10.0.Final		N/A
io.quarkus	quarkus-security-jpa-parent	2.10.1.Final		N/A
io.quarkus	quarkus-security-jpa-parent	2.10.2.Final		N/A
io.quarkus	quarkus-security-jpa-parent	2.10.3.Final		N/A
io.quarkus	quarkus-security-jpa-parent	2.10.4.Final		N/A
io.quarkus	quarkus-security-jpa-parent	2.11.0.CR1		N/A
io.quarkus	quarkus-security-jpa-parent	2.11.0.Final		N/A
io.quarkus	quarkus-security-jpa-parent	2.11.1.Final		N/A
io.quarkus	quarkus-security-jpa-parent	2.11.2.Final		N/A
io.quarkus	quarkus-security-jpa-parent	2.11.3.Final		N/A
io.quarkus	quarkus-security-jpa-parent	2.12.0.CR1		N/A
io.quarkus	quarkus-security-jpa-parent	2.12.0.Final		N/A
io.quarkus	quarkus-security-jpa-parent	2.12.1.Final		N/A
io.quarkus	quarkus-security-jpa-parent	2.12.2.Final		N/A
io.quarkus	quarkus-security-jpa-parent	2.12.3.Final		N/A
io.quarkus	quarkus-security-jpa-parent	2.13.0.CR1		N/A
io.quarkus	quarkus-security-jpa-parent	2.13.0.Final		N/A
io.quarkus	quarkus-security-jpa-parent	2.13.1.Final		N/A
io.quarkus	quarkus-security-jpa-parent	2.13.2.Final		N/A
io.quarkus	quarkus-security-jpa-parent	2.13.3.Final		N/A
io.quarkus	quarkus-security-jpa-parent	2.13.4.Final		N/A
io.quarkus	quarkus-security-jpa-parent	2.13.5.Final		N/A
io.quarkus	quarkus-security-jpa-parent	2.13.6.Final		N/A
io.quarkus	quarkus-security-jpa-parent	2.13.7.Final		N/A
io.quarkus	quarkus-security-jpa-parent	2.13.8.Final		N/A
io.quarkus	quarkus-security-jpa-parent	2.13.9.Final		N/A
io.quarkus	quarkus-security-jpa-parent	2.14.0.CR1		N/A
io.quarkus	quarkus-security-jpa-parent	2.14.0.Final		N/A
io.quarkus	quarkus-security-jpa-parent	2.14.1.Final		N/A
io.quarkus	quarkus-security-jpa-parent	2.14.2.Final		N/A
io.quarkus	quarkus-security-jpa-parent	2.14.3.Final		N/A
io.quarkus	quarkus-security-jpa-parent	2.15.0.CR1		N/A
io.quarkus	quarkus-security-jpa-parent	2.15.0.Final		N/A
io.quarkus	quarkus-security-jpa-parent	2.15.1.Final		N/A
io.quarkus	quarkus-security-jpa-parent	2.15.2.Final		N/A
io.quarkus	quarkus-security-jpa-parent	2.15.3.Final		N/A
io.quarkus	quarkus-security-jpa-parent	2.16.0.CR1		N/A
io.quarkus	quarkus-security-jpa-parent	2.16.0.Final		N/A
io.quarkus	quarkus-security-jpa-parent	2.16.1.Final		N/A
io.quarkus	quarkus-security-jpa-parent	2.16.10.Final		N/A
io.quarkus	quarkus-security-jpa-parent	2.16.11.Final		N/A
io.quarkus	quarkus-security-jpa-parent	2.16.12.Final		N/A
io.quarkus	quarkus-security-jpa-parent	2.16.2.Final		N/A
io.quarkus	quarkus-security-jpa-parent	2.16.3.Final		N/A
io.quarkus	quarkus-security-jpa-parent	2.16.4.Final		N/A
io.quarkus	quarkus-security-jpa-parent	2.16.5.Final		N/A
io.quarkus	quarkus-security-jpa-parent	2.16.6.Final		N/A
io.quarkus	quarkus-security-jpa-parent	2.16.7.Final		N/A
io.quarkus	quarkus-security-jpa-parent	2.16.8.Final		N/A
io.quarkus	quarkus-security-jpa-parent	2.16.9.Final		N/A
io.quarkus	quarkus-security-jpa-parent	2.2.0.CR1		N/A
io.quarkus	quarkus-security-jpa-parent	2.2.0.Final		N/A
io.quarkus	quarkus-security-jpa-parent	2.2.1.Final		N/A
io.quarkus	quarkus-security-jpa-parent	2.2.2.Final		N/A
io.quarkus	quarkus-security-jpa-parent	2.2.3.Final		N/A
io.quarkus	quarkus-security-jpa-parent	2.2.4.Final		N/A
io.quarkus	quarkus-security-jpa-parent	2.2.5.Final		N/A
io.quarkus	quarkus-security-jpa-parent	2.3.0.CR1		N/A
io.quarkus	quarkus-security-jpa-parent	2.3.0.Final		N/A
io.quarkus	quarkus-security-jpa-parent	2.3.1.Final		N/A
io.quarkus	quarkus-security-jpa-parent	2.4.0.CR1		N/A
io.quarkus	quarkus-security-jpa-parent	2.4.0.Final		N/A
io.quarkus	quarkus-security-jpa-parent	2.4.1.Final		N/A
io.quarkus	quarkus-security-jpa-parent	2.4.2.Final		N/A
io.quarkus	quarkus-security-jpa-parent	2.5.0.CR1		N/A
io.quarkus	quarkus-security-jpa-parent	2.5.0.Final		N/A
io.quarkus	quarkus-security-jpa-parent	2.5.1.Final		N/A
io.quarkus	quarkus-security-jpa-parent	2.5.2.Final		N/A
io.quarkus	quarkus-security-jpa-parent	2.5.3.Final		N/A
io.quarkus	quarkus-security-jpa-parent	2.5.4.Final		N/A
io.quarkus	quarkus-security-jpa-parent	2.6.0.CR1		N/A
io.quarkus	quarkus-security-jpa-parent	2.6.0.Final		N/A
io.quarkus	quarkus-security-jpa-parent	2.6.1.Final		N/A
io.quarkus	quarkus-security-jpa-parent	2.6.2.Final		N/A
io.quarkus	quarkus-security-jpa-parent	2.6.3.Final		N/A
io.quarkus	quarkus-security-jpa-parent	2.7.0.CR1		N/A
io.quarkus	quarkus-security-jpa-parent	2.7.0.Final		N/A
io.quarkus	quarkus-security-jpa-parent	2.7.1.Final		N/A
io.quarkus	quarkus-security-jpa-parent	2.7.2.Final		N/A
io.quarkus	quarkus-security-jpa-parent	2.7.3.Final		N/A
io.quarkus	quarkus-security-jpa-parent	2.7.4.Final		N/A
io.quarkus	quarkus-security-jpa-parent	2.7.5.Final		N/A
io.quarkus	quarkus-security-jpa-parent	2.7.6.Final		N/A
io.quarkus	quarkus-security-jpa-parent	2.7.7.Final		N/A
io.quarkus	quarkus-security-jpa-parent	2.8.0.CR1		N/A
io.quarkus	quarkus-security-jpa-parent	2.8.0.Final		N/A
io.quarkus	quarkus-security-jpa-parent	2.8.1.Final		N/A
io.quarkus	quarkus-security-jpa-parent	2.8.2.Final		N/A
io.quarkus	quarkus-security-jpa-parent	2.8.3.Final		N/A
io.quarkus	quarkus-security-jpa-parent	2.9.0.CR1		N/A
io.quarkus	quarkus-security-jpa-parent	2.9.0.Final		N/A
io.quarkus	quarkus-security-jpa-parent	2.9.1.Final		N/A
io.quarkus	quarkus-security-jpa-parent	2.9.2.Final		N/A
io.quarkus	quarkus-security-jpa-parent	3.0.0.Alpha1		N/A
io.quarkus	quarkus-security-jpa-parent	3.0.0.Alpha2		N/A
io.quarkus	quarkus-security-jpa-parent	3.0.0.Alpha3		N/A
io.quarkus	quarkus-security-jpa-parent	3.0.0.Alpha4		N/A
io.quarkus	quarkus-security-jpa-parent	3.0.0.Alpha5		N/A
io.quarkus	quarkus-security-jpa-parent	3.0.0.Alpha6		N/A
io.quarkus	quarkus-security-jpa-parent	3.0.0.Beta1		N/A
io.quarkus	quarkus-security-jpa-parent	3.0.0.CR1		N/A
io.quarkus	quarkus-security-jpa-parent	3.0.0.CR2		N/A
io.quarkus	quarkus-security-jpa-parent	3.0.0.Final		N/A
io.quarkus	quarkus-security-jpa-parent	3.0.1.Final		N/A
io.quarkus	quarkus-security-jpa-parent	3.0.2.Final		N/A
io.quarkus	quarkus-security-jpa-parent	3.0.3.Final		N/A
io.quarkus	quarkus-security-jpa-parent	3.0.4.Final		N/A
io.quarkus	quarkus-security-jpa-parent	3.1.0.CR1		N/A
io.quarkus	quarkus-security-jpa-parent	3.1.0.Final		N/A
io.quarkus	quarkus-security-jpa-parent	3.1.1.Final		N/A
io.quarkus	quarkus-security-jpa-parent	3.1.2.Final		N/A
io.quarkus	quarkus-security-jpa-parent	3.1.3.Final		N/A
io.quarkus	quarkus-security-jpa-parent	3.10.0		N/A
io.quarkus	quarkus-security-jpa-parent	3.10.0.CR1		N/A
io.quarkus	quarkus-security-jpa-parent	3.10.1		N/A
io.quarkus	quarkus-security-jpa-parent	3.10.2		N/A
io.quarkus	quarkus-security-jpa-parent	3.11.0		N/A
io.quarkus	quarkus-security-jpa-parent	3.11.0.CR1		N/A
io.quarkus	quarkus-security-jpa-parent	3.11.1		N/A
io.quarkus	quarkus-security-jpa-parent	3.11.2		N/A
io.quarkus	quarkus-security-jpa-parent	3.11.3		N/A
io.quarkus	quarkus-security-jpa-parent	3.12.0		N/A
io.quarkus	quarkus-security-jpa-parent	3.12.0.CR1		N/A
io.quarkus	quarkus-security-jpa-parent	3.12.1		N/A
io.quarkus	quarkus-security-jpa-parent	3.12.2		N/A
io.quarkus	quarkus-security-jpa-parent	3.12.3		N/A
io.quarkus	quarkus-security-jpa-parent	3.13.0		N/A
io.quarkus	quarkus-security-jpa-parent	3.13.0.CR1		N/A
io.quarkus	quarkus-security-jpa-parent	3.13.1		N/A
io.quarkus	quarkus-security-jpa-parent	3.13.2		N/A
io.quarkus	quarkus-security-jpa-parent	3.13.3		N/A
io.quarkus	quarkus-security-jpa-parent	3.14.0		N/A
io.quarkus	quarkus-security-jpa-parent	3.14.0.CR1		N/A
io.quarkus	quarkus-security-jpa-parent	3.14.1		N/A
io.quarkus	quarkus-security-jpa-parent	3.14.2		N/A
io.quarkus	quarkus-security-jpa-parent	3.14.3		N/A
io.quarkus	quarkus-security-jpa-parent	3.14.4		N/A
io.quarkus	quarkus-security-jpa-parent	3.15.0		N/A
io.quarkus	quarkus-security-jpa-parent	3.15.0.CR1		N/A
io.quarkus	quarkus-security-jpa-parent	3.15.1		N/A
io.quarkus	quarkus-security-jpa-parent	3.15.2		N/A
io.quarkus	quarkus-security-jpa-parent	3.15.3		N/A
io.quarkus	quarkus-security-jpa-parent	3.15.3.1		N/A
io.quarkus	quarkus-security-jpa-parent	3.15.4		N/A
io.quarkus	quarkus-security-jpa-parent	3.16.0		N/A
io.quarkus	quarkus-security-jpa-parent	3.16.0.CR1		N/A
io.quarkus	quarkus-security-jpa-parent	3.16.1		N/A
io.quarkus	quarkus-security-jpa-parent	3.16.2		N/A
io.quarkus	quarkus-security-jpa-parent	3.16.3		N/A
io.quarkus	quarkus-security-jpa-parent	3.16.4		N/A
io.quarkus	quarkus-security-jpa-parent	3.17.0		N/A
io.quarkus	quarkus-security-jpa-parent	3.17.0.CR1		N/A
io.quarkus	quarkus-security-jpa-parent	3.17.1		N/A
io.quarkus	quarkus-security-jpa-parent	3.17.2		N/A
io.quarkus	quarkus-security-jpa-parent	3.17.3		N/A
io.quarkus	quarkus-security-jpa-parent	3.17.4		N/A
io.quarkus	quarkus-security-jpa-parent	3.17.5		N/A
io.quarkus	quarkus-security-jpa-parent	3.17.6		N/A
io.quarkus	quarkus-security-jpa-parent	3.17.7		N/A
io.quarkus	quarkus-security-jpa-parent	3.17.8		N/A
io.quarkus	quarkus-security-jpa-parent	3.18.0		N/A
io.quarkus	quarkus-security-jpa-parent	3.18.0.CR1		N/A
io.quarkus	quarkus-security-jpa-parent	3.18.1		N/A
io.quarkus	quarkus-security-jpa-parent	3.18.2		N/A
io.quarkus	quarkus-security-jpa-parent	3.18.3		N/A
io.quarkus	quarkus-security-jpa-parent	3.18.4		N/A
io.quarkus	quarkus-security-jpa-parent	3.19.0		N/A
io.quarkus	quarkus-security-jpa-parent	3.19.0.CR1		N/A
io.quarkus	quarkus-security-jpa-parent	3.19.1		N/A
io.quarkus	quarkus-security-jpa-parent	3.19.2		N/A
io.quarkus	quarkus-security-jpa-parent	3.19.3		N/A
io.quarkus	quarkus-security-jpa-parent	3.19.4		N/A
io.quarkus	quarkus-security-jpa-parent	3.2.0.CR1		N/A
io.quarkus	quarkus-security-jpa-parent	3.2.0.Final		N/A
io.quarkus	quarkus-security-jpa-parent	3.2.1.Final		N/A
io.quarkus	quarkus-security-jpa-parent	3.2.10.Final		N/A
io.quarkus	quarkus-security-jpa-parent	3.2.11.Final		N/A
io.quarkus	quarkus-security-jpa-parent	3.2.12.Final		N/A
io.quarkus	quarkus-security-jpa-parent	3.2.2.Final		N/A
io.quarkus	quarkus-security-jpa-parent	3.2.3.Final		N/A
io.quarkus	quarkus-security-jpa-parent	3.2.4.Final		N/A
io.quarkus	quarkus-security-jpa-parent	3.2.5.Final		N/A
io.quarkus	quarkus-security-jpa-parent	3.2.6.Final		N/A
io.quarkus	quarkus-security-jpa-parent	3.2.7.Final		N/A
io.quarkus	quarkus-security-jpa-parent	3.2.8.Final		N/A
io.quarkus	quarkus-security-jpa-parent	3.2.9.Final		N/A
io.quarkus	quarkus-security-jpa-parent	3.20.0		N/A
io.quarkus	quarkus-security-jpa-parent	3.20.0.CR1		N/A
io.quarkus	quarkus-security-jpa-parent	3.21.0		N/A
io.quarkus	quarkus-security-jpa-parent	3.21.0.CR1		N/A
io.quarkus	quarkus-security-jpa-parent	3.21.1		N/A
io.quarkus	quarkus-security-jpa-parent	3.21.2		N/A
io.quarkus	quarkus-security-jpa-parent	3.21.3		N/A
io.quarkus	quarkus-security-jpa-parent	3.21.4		N/A
io.quarkus	quarkus-security-jpa-parent	3.22.0		N/A
io.quarkus	quarkus-security-jpa-parent	3.22.0.CR1		N/A
io.quarkus	quarkus-security-jpa-parent	3.22.1		N/A
io.quarkus	quarkus-security-jpa-parent	3.3.0		N/A
io.quarkus	quarkus-security-jpa-parent	3.3.0.CR1		N/A
io.quarkus	quarkus-security-jpa-parent	3.3.1		N/A
io.quarkus	quarkus-security-jpa-parent	3.3.2		N/A
io.quarkus	quarkus-security-jpa-parent	3.3.3		N/A
io.quarkus	quarkus-security-jpa-parent	3.4.0		N/A
io.quarkus	quarkus-security-jpa-parent	3.4.0.CR1		N/A
io.quarkus	quarkus-security-jpa-parent	3.4.1		N/A
io.quarkus	quarkus-security-jpa-parent	3.4.2		N/A
io.quarkus	quarkus-security-jpa-parent	3.4.3		N/A
io.quarkus	quarkus-security-jpa-parent	3.5.0		N/A
io.quarkus	quarkus-security-jpa-parent	3.5.0.CR1		N/A
io.quarkus	quarkus-security-jpa-parent	3.5.1		N/A
io.quarkus	quarkus-security-jpa-parent	3.5.2		N/A
io.quarkus	quarkus-security-jpa-parent	3.5.3		N/A
io.quarkus	quarkus-security-jpa-parent	3.6.0		N/A
io.quarkus	quarkus-security-jpa-parent	3.6.0.CR1		N/A
io.quarkus	quarkus-security-jpa-parent	3.6.1		N/A
io.quarkus	quarkus-security-jpa-parent	3.6.2		N/A
io.quarkus	quarkus-security-jpa-parent	3.6.3		N/A
io.quarkus	quarkus-security-jpa-parent	3.6.4		N/A
io.quarkus	quarkus-security-jpa-parent	3.6.5		N/A
io.quarkus	quarkus-security-jpa-parent	3.6.6		N/A
io.quarkus	quarkus-security-jpa-parent	3.6.7		N/A
io.quarkus	quarkus-security-jpa-parent	3.6.8		N/A
io.quarkus	quarkus-security-jpa-parent	3.6.9		N/A
io.quarkus	quarkus-security-jpa-parent	3.7.0		N/A
io.quarkus	quarkus-security-jpa-parent	3.7.0.CR1		N/A
io.quarkus	quarkus-security-jpa-parent	3.7.1		N/A
io.quarkus	quarkus-security-jpa-parent	3.7.2		N/A
io.quarkus	quarkus-security-jpa-parent	3.7.3		N/A
io.quarkus	quarkus-security-jpa-parent	3.7.4		N/A
io.quarkus	quarkus-security-jpa-parent	3.8.0		N/A
io.quarkus	quarkus-security-jpa-parent	3.8.0.CR1		N/A
io.quarkus	quarkus-security-jpa-parent	3.8.1		N/A
io.quarkus	quarkus-security-jpa-parent	3.8.2		N/A
io.quarkus	quarkus-security-jpa-parent	3.8.3		N/A
io.quarkus	quarkus-security-jpa-parent	3.8.4		N/A
io.quarkus	quarkus-security-jpa-parent	3.8.5		N/A
io.quarkus	quarkus-security-jpa-parent	3.8.6		N/A
io.quarkus	quarkus-security-jpa-parent	3.8.6.1		N/A
io.quarkus	quarkus-security-jpa-parent	3.9.0		N/A
io.quarkus	quarkus-security-jpa-parent	3.9.0.CR1		N/A
io.quarkus	quarkus-security-jpa-parent	3.9.0.CR2		N/A
io.quarkus	quarkus-security-jpa-parent	3.9.1		N/A
io.quarkus	quarkus-security-jpa-parent	3.9.2		N/A
io.quarkus	quarkus-security-jpa-parent	3.9.3		N/A
io.quarkus	quarkus-security-jpa-parent	3.9.4		N/A
io.quarkus	quarkus-security-jpa-parent	3.9.5		N/A
io.thorntail	bom-experimental	2.0.0.Final		9e2c1f6c9a08e1f77e5f9f08ebc38fdf4d79a0f9
io.thorntail	bom-experimental	2.1.0.Final		a204ca30f10e217b025140767f19308549151b04
io.thorntail	bom-experimental	2.2.0.Final		c749f866c67ab1196593d816463fa53aa2145896
io.thorntail	bom-experimental	2.2.1.Final		a12cc80969d31433b2fa7c6f96c64d51282a0b57
io.thorntail	bom-experimental	2.3.0.Final		b675682079a4a9606385a934758e3670901abad3
io.thorntail	bom-experimental	2.4.0.Final		fb69bbc2bc59f5710115dfca310f8ee0cca48d57
io.thorntail	bom-experimental	2.5.0.Final		54577cd7eeefeea9d4c63894e17473a96fc73925
io.thorntail	bom-experimental	2.6.0.Final		a797341e54384455301666b85a39764225f1677e
io.thorntail	bom-experimental	2.7.0.Final		78715c34892518ef8aa49442ef5ba23cbd6a0b19
is.cir	ciris-squants_sjs1_3	3.0.0		c2270782f30f2356c264b8182f2844d0f45cf538
is.cir	ciris-squants_sjs1_3	3.0.0-RC1		d54206f151216759f6768784fd0fcaf303cc22bc
is.cir	ciris-squants_sjs1_3	3.1.0		8bf6673d55f7296829ac851c8fe75d6d1f73ff88
is.cir	ciris-squants_sjs1_3	3.2.0		aceaf071ce462bdc0450a335340386df16a28dd6
is.cir	ciris-squants_sjs1_3	3.3.0		ea6e92ad1f5a1ecfd716f84510fff4a8533f809c
is.cir	ciris-squants_sjs1_3	3.4.0		13743835fd42e41508b9979a4937165fcd23d61f
is.cir	ciris-squants_sjs1_3	3.5.0		e19aa111f3a0cd4926222df00f556e3d98321d9f
is.cir	ciris-squants_sjs1_3	3.6.0		eb5ba066020c0f5ae3b7aded4eb629b232b1fa15
is.cir	ciris-squants_sjs1_3	3.7.0		1a387358bafac71ef2eb66b23691216111839235
is.cir	ciris-squants_sjs1_3	3.8.0		80efcddc7ee4ce880ee03bbefdb709a0951fc7df
net.exoego	aws-sdk-scalajs-facade-iotevents_sjs1_2.13	0.29.0-v2.624.0		d075c43a17db3ef6cceeae9b453f2b734e6386ad
net.exoego	aws-sdk-scalajs-facade-iotevents_sjs1_2.13	0.30.0-v2.715.0		4c0103f03a53f6918dbaf31f55020558cf797a4d
net.exoego	aws-sdk-scalajs-facade-iotevents_sjs1_2.13	0.31.0-v2.731.0		2f75a1ed3e5191756cf99a0fab033a5127591896
net.exoego	aws-sdk-scalajs-facade-iotevents_sjs1_2.13	0.32.0-v2.798.0		b29fcfcebf22c4cf03c125044e1b6430354988f4
net.exoego	aws-sdk-scalajs-facade-iotevents_sjs1_2.13	0.33.0-v2.892.0		35d5515f540e689bcab650d2df84c70b98311088
net.fehmicansaglam	reactivemongo-extensions-bson_2.10	0.10.0.3		1470f063c0d991face0391c92f224ff9ae9d8be7
net.fehmicansaglam	reactivemongo-extensions-bson_2.10	0.10.0.4		85d7263a16fd298fd7a5a166c4392d52a62549bb
net.liftmodules	fobo-angularjs-res_3.1_2.11	1.7		c6a14b2e4b93fc27100bfc347e733618c90a9e73
org.agorava	agorava-facebook-api	0.5.0		0310b5a1b12aa46c1cc20453ebde1973ded1f621
org.agorava	agorava-facebook-api	0.6.0		3f0df5712db96c06dc3354477c00bf599df78499
org.agorava	agorava-facebook-api	0.6.1		f97c835ae6235f1edf22636fc1e99385eca10e1a
org.agorava	agorava-facebook-api	0.7.0		f464aae08b27be6218e4491a0a3e71984ec51ec3
org.apache.airavata	apache-airavata-client-cpp-sdk	0.12		N/A
org.apache.airavata	apache-airavata-client-cpp-sdk	0.13		N/A
org.apache.airavata	apache-airavata-client-cpp-sdk	0.14		N/A
org.apache.airavata	apache-airavata-client-cpp-sdk	0.15		N/A
org.apache.airavata	apache-airavata-client-cpp-sdk	0.16		N/A
org.apache.airavata	apache-airavata-client-cpp-sdk	0.17		N/A
org.apache.datafusion	comet-spark-spark3.3_2.12	0.3.0		842f76460fa4c809cc397eb541ac871c104228a2
org.apache.datafusion	comet-spark-spark3.3_2.12	0.4.0		7e9bc3ec55648ed5fcfd4f2ed1747f75458e5d0d
org.apache.datafusion	comet-spark-spark3.3_2.12	0.5.0		709982100d1ca18e4423c531e864f8ac3c81fe90
org.apache.datafusion	comet-spark-spark3.3_2.12	0.6.0		678200ee615c6815e3968c726823389575aa57b1
org.apache.datafusion	comet-spark-spark3.3_2.12	0.7.0		780c2f17e39f97d1c3608a9bec803cf38cf921d8
org.apache.flink	flink-hadoop-bulk_2.11	1.11.0		db8f356c6cc11dbd090215c0a7870c9da01a27b8
org.apache.flink	flink-hadoop-bulk_2.11	1.11.1		ae09d060ba0e4af2b1622b6c76609b29d5f4fd50
org.apache.flink	flink-hadoop-bulk_2.11	1.11.2		b9cdb4a88d5e52abe0803321674a6e3779f3780b
org.apache.flink	flink-hadoop-bulk_2.11	1.11.3		0bce5445a324ef209e5bc1dcbb063eb2ddd9f39f
org.apache.flink	flink-hadoop-bulk_2.11	1.11.4		ce49e2d7822ef6004eda8c4e204ab80ba6aaf204
org.apache.flink	flink-hadoop-bulk_2.11	1.11.5		99c674f0fbc5014be83ba8b165591cd23d21859f
org.apache.flink	flink-hadoop-bulk_2.11	1.11.6		861d6ee3af3279d7f71d634b09b633ff1c978bfd
org.apache.flink	flink-hadoop-bulk_2.11	1.12.0		207583706203af642c8387d19dba476ac54df502
org.apache.flink	flink-hadoop-bulk_2.11	1.12.1		1bba5f2a8a670283ce5d6976ccd0db738402e9f1
org.apache.flink	flink-hadoop-bulk_2.11	1.12.2		92b92c47c95469f3eb2e7ceb01c10d3bfa10f2f8
org.apache.flink	flink-hadoop-bulk_2.11	1.12.3		2ef19a11edd02ed4934af529d11a6c121e1a580a
org.apache.flink	flink-hadoop-bulk_2.11	1.12.4		1e54cfba843444adc95de6159358f852ff089cca
org.apache.flink	flink-hadoop-bulk_2.11	1.12.5		cb3ff885085f105b85f4213b63fff148290d5a68
org.apache.flink	flink-hadoop-bulk_2.11	1.12.6		fb3550bc2c00b06fe54eee8bd80118ab627bb585
org.apache.flink	flink-hadoop-bulk_2.11	1.12.7		fda956e6c235c970fa493db784d6272a101e588f
org.apache.flink	flink-hadoop-bulk_2.11	1.13.0		6650e01f06d6ab45cf4c7831edaf689f6d80b0c0
org.apache.flink	flink-hadoop-bulk_2.11	1.13.1		f424ff5d767f8b9810bb92ec5ed80373456e6daf
org.apache.flink	flink-hadoop-bulk_2.11	1.13.2		ec230e326701efee509132628585b3fa9fad4bba
org.apache.flink	flink-hadoop-bulk_2.11	1.13.3		80b565f6a9c0a7f42e1c61fc6188ba277adf0b74
org.apache.flink	flink-hadoop-bulk_2.11	1.13.4		b05d0de6032aeb5419ddfb1d0aea916c43b995f7
org.apache.flink	flink-hadoop-bulk_2.11	1.13.5		54424fb3e6a502c89298fa5aadf030eac2447e5b
org.apache.flink	flink-hadoop-bulk_2.11	1.13.6		2cba667c03fae187e65c2361c6a7aa9accc23ce1
org.apache.flink	flink-hadoop-bulk_2.11	1.14.0		2df9968b31c1b05e27327871a695a5df7b74f933
org.apache.flink	flink-hadoop-bulk_2.11	1.14.1		ceea9b78c9a295b046f789df0b704bcd7bcf7723
org.apache.flink	flink-hadoop-bulk_2.11	1.14.2		a01ff31067a2f460d95f02130782e7faa893f2e1
org.apache.flink	flink-hadoop-bulk_2.11	1.14.3		aa728d6e4f5a017d13afcd9a8067a444c86d7c26
org.apache.flink	flink-hadoop-bulk_2.11	1.14.4		9222180e67970f35185ec7a46c01d4b611965f5e
org.apache.flink	flink-hadoop-bulk_2.11	1.14.5		5cc1c563cbbd4debf99cca9c02d01e3a5ec2134d
org.apache.flink	flink-hadoop-bulk_2.11	1.14.6		431523c0b2141f708a16dbd677f782325e2c6ea6
org.apache.linkis	linkis-basedata-manager	1.3.1		a4e5e6b4e7b46bd98372639b4090c769243b7aaa
org.apache.linkis	linkis-basedata-manager	1.3.2		89b8c1ad9c0296428a55868bc5a61341a92d2afc
org.apache.linkis	linkis-basedata-manager	1.4.0		f201b331b32eded4b797693da5b18912220c7de5
org.apache.openejb.maven	maven-util	1.0-alpha-1		b9e347768d84310c8d8a9d92611f0487489efd87
org.apache.openejb.maven	maven-util	1.0.0		c0327a72fbb151c3e1a2c4b7cddbc5508e7c619c
org.apache.openejb.maven	maven-util	1.0.1		a258b3513f0aea58d649aa07ceb550223495cd50
org.apache.openejb.maven	maven-util	1.5.2		599a2706ae5305bf7930b5f8c1dc4b05ae3cc468
org.apache.openejb.maven	maven-util	1.6.0		81639c4a43bcd9e270fd48765829a5f002cb9cd7
org.apache.openejb.maven	maven-util	1.6.0.1		1467d53fc833821129b55516149345143b918d7f
org.apache.openejb.maven	maven-util	1.6.0.2		1f8de8040f777de68675a18e6b6ad438dc9b88a9
org.apache.openejb.maven	maven-util	1.7.0		4b103762a7724815002f691ceaefc9bc383b3b7b
org.apache.openejb.maven	maven-util	1.7.1		78cbf45f832c6097e077c1eeebeedbfe16bc5e59
org.apache.openejb.maven	maven-util	1.7.2		b55d8bfb7562293ea52f91999c3e6cb89d893d6e
org.apache.openejb.maven	maven-util	1.7.3		bc740e96bde336c5b11fe6653e9c4380580c4a60
org.apache.openejb.maven	maven-util	1.7.4		b6bfeaacdd5f30a28fe2b9bbd6e023939a52115c
org.apache.openejb.maven	maven-util	1.7.5		1a37d57ea84b4c4f852a95104f297f9678fd9df7
org.apache.pulsar	pulsar-storm	1.19.0-incubating		81fb4401ee4f10982a1ebbe2538dd11a36a67006
org.apache.pulsar	pulsar-storm	1.20.0-incubating		c114d1e939cc9a5b943f8ace148bbdf38aa1f1c1
org.apache.pulsar	pulsar-storm	1.21.0-incubating		2efdb61c685b0298b6f8a2513057e4fa1c124ff6
org.apache.pulsar	pulsar-storm	1.22.0-incubating		fdb06a78e89cc3175e339b5dcc9c12c6b29cc93a
org.apache.pulsar	pulsar-storm	1.22.1-incubating		230b348eab08806b22d8abbebea5e48c54fac2c4
org.apache.pulsar	pulsar-storm	2.0.0-rc1-incubating		8526b8cddcfea6c6ef7230606f842fb27b161003
org.apache.pulsar	pulsar-storm	2.0.1-incubating		193687194dc2f07ee306e51a175ea91a9d45d4bb
org.apache.pulsar	pulsar-storm	2.1.0-incubating		74633868c5384fa2f8e41fd70468f885f121d79b
org.apache.pulsar	pulsar-storm	2.1.1-incubating		734be5eec0df421d2edc89acbba2069755ba1c0e
org.apache.pulsar	pulsar-storm	2.11.0		eaf3591e62143fca040a407024e4116fffe66eb9
org.apache.pulsar	pulsar-storm	2.2.0		4bb7cd00b60c487403c83451c217c3908e275c73
org.apache.pulsar	pulsar-storm	2.2.1		2144f2b23ea8ef034a87251725fb028c21ba8d13
org.apache.pulsar	pulsar-storm	2.3.0		32deb404df5298a4d66ca4acad459dfed52b6361
org.apache.pulsar	pulsar-storm	2.3.1		93682c25ab1906c860b973c8c4e5095daa34cc30
org.apache.pulsar	pulsar-storm	2.3.2		71dce0ffabcd8e8383c4cdffeffaba1dfa5d9068
org.apache.pulsar	pulsar-storm	2.4.0		97ae4460e8bab9e349b61f880b53791c1a8506c8
org.apache.pulsar	pulsar-storm	2.4.1		cda01a8873ee100ebe4f0258d1132f168e5e3aa5
org.apache.pulsar	pulsar-storm	2.4.2		5488af3934a383d7ab3bbe4ffcdab830dd3ac9f3
org.apache.pulsar	pulsar-storm	2.5.0		291106410ce59f3a6f163778e3315471cefba988
org.apache.pulsar	pulsar-storm	2.5.1		bb2a483f35aeaae47a5bd1527c101c0da348f7d8
org.apache.pulsar	pulsar-storm	2.5.2		c3bf17a132cb5f2c974282b9b66a61a1acfd7134
org.apache.pulsar	pulsar-storm	2.6.0		3d45f65a1392073b1c764c6f7be071d9c42e6c75
org.apache.pulsar	pulsar-storm	2.6.1		e8e03fe50b34b51b5ae1f4b6970d9d25bd63b2f7
org.apache.pulsar	pulsar-storm	2.6.2		235b12a09344f0674faf6801f6b55a395989948f
org.apache.pulsar	pulsar-storm	2.6.3		11a2402cceee8e81c6341375206cbbd6f365a62c
org.apache.pulsar	pulsar-storm	2.6.4		daca9338346d6bdd1f7b7559665186319347d3ba
org.apache.pulsar	pulsar-storm	2.8.0		9a54bbc0b96c57b82426bcb49b6c115e39dfccae
org.apache.stanbol	org.apache.stanbol.frameworkfragment	0.9.0-incubating		83162dafe4b868570cbaf031d47d169f16f8c98c
org.bouncycastle	bcprov-ext-jdk18on	1.71		a757c88285efdec4b44f81e78402e951d837c76e
org.bouncycastle	bcprov-ext-jdk18on	1.72		f8b894b35bf6e88ceadb739eeb065baa5185c835
org.bouncycastle	bcprov-ext-jdk18on	1.73		faec66c90751bf9e97f4ae148955e377021982f2
org.bouncycastle	bcprov-ext-jdk18on	1.74		628e91c99425990094d79f4b71f9f4448019a5bb
org.bouncycastle	bcprov-ext-jdk18on	1.75		871d88e33b81c9b6239f0e3694b2ef4d9e23da80
org.bouncycastle	bcprov-ext-jdk18on	1.76		7a463514e1ba288271dfbf4c32c3b6cf6a625b84
org.bouncycastle	bcprov-ext-jdk18on	1.77		bda3c8ccb8c9c5431b0d9b047c59d207388a3ef5
org.bouncycastle	bcprov-ext-jdk18on	1.78		ce389d6dee236dbf6aea7fb139e2745381c18882
org.bouncycastle	bcprov-ext-jdk18on	1.78.1		N/A
org.bsc	forge-js-addon	1.0.1		373d8ddcdefe2bbca0019590e3d04b0aa24231da
org.bsc	forge-js-addon	1.0.1	forge-addon	8d46b7fb90a6705794bb99b14be11e8c143e7d7c
org.diirt	datasource-formula	3.0.0		799da7dc51726fa79b34ee1f7156258420bde6d4
org.diirt	datasource-formula	3.1.7		163eade435cc58bd2bed94e6ccc31ffae7f05b01
org.dromara	soul-plugin-api	2.2.0		983da56839f62d7c560b81936cc92cc1a3653a02
org.dromara	soul-plugin-api	2.2.1		89f79c3b5aad711d98990dc5ca279bb3bc5eb060
org.dromara	soul-plugin-api	2.3.0-RELEASE		f59d13d7edf5b4d31cd71448450ea053f85f3168
org.franca	org.franca.connectors.dbus	0.13.1		e48442fa5dec4fe764fca15c21626439031b6947
org.grails.plugins	cache	5.0.0		ad2f55d176dd037c351128d68272305672f4d51b
org.grails.plugins	cache	5.0.0-RC2		e0f5926c7b7cd8447454ee19967f94e52497dd24
org.grails.plugins	cache	5.0.1		9a0756ba143f44fcb48a2eb741002ef6538e0979
org.grails.plugins	cache	6.0.0		N/A
org.grails.plugins	cache	6.0.0	plain	bdc12c6af31b8b9c306a3615d2340e58e9f7c435
org.grails.plugins	cache	7.0.0		cd2c3a3c6e3a7c61694483d93b22496ff4bbd91d
org.grails.plugins	cache	8.0.0-M2		a2f80b177308d20b1e9987e062a666d5c5715a60
org.grails.plugins	cache	8.0.0-M3		2b79367540fa83212c6046e865f36561d77923b5
org.jboss.javaee	jboss-jaxs-api	1.2.0.20070913080910		d86217b0e87ccbd1a195fba661b30641cdf5a40e
org.jboss.javaee	jboss-jaxs-api	1.2.0.Beta3Update1		fd1186248826078fdc57104fd652427a7ff1c140
org.mvnpm	scroll-into-view-if-needed	3.1.0		771f5d523fd1ce4a911c8b8fd49ca5cfca99a681
org.noear	solon-scheduling-simple	2.9.2		09533dbd5ca859604594ad6ac1a09664fb9a07f6
org.noear	solon-scheduling-simple	2.9.2-M1		a23c2457e0c75ff33cbfb6dcaef1ca7e667a3876
org.noear	solon-scheduling-simple	2.9.2-M2		0a75b2102578c3f43649b44094eb6a175cb8420c
org.noear	solon-scheduling-simple	2.9.3		bb54adabb25cb8d640d1c938238aa44cb7025db7
org.noear	solon-scheduling-simple	2.9.4		851501f1970056149ac0bb204571726e0b05c4bb
org.noear	solon-scheduling-simple	2.9.5-M1		63032e9266bb398539db393621b4471979ca3a22
org.noear	solon-scheduling-simple	2.9.5-M2		878bc791e9e495bdd0c18c737b2cc9f746acb7c5
org.noear	solon-scheduling-simple	3.0.0		70939d9a6502398680e1bd493a167177c2c71d81
org.noear	solon-scheduling-simple	3.0.0-M1		e834b4a66c7cf3b09242a1d716f1f4d732ba5989
org.noear	solon-scheduling-simple	3.0.0-M2		da76e2e249672f058bbe9b8aefa79ff4afd216a4
org.noear	solon-scheduling-simple	3.0.0-M3		7b779ce62aed46841eb86275b9d4642b13056e54
org.noear	solon-scheduling-simple	3.0.0-M4		1038c68c4ce776bcc58a53fedda3d3081a6e0b61
org.noear	solon-scheduling-simple	3.0.0-RC		a562750e71f4ccf60550ce34a5d0a3f50b72bdc7
org.noear	solon-scheduling-simple	3.0.0-RC2		8ec2f2a40ad63dbe958fb157074690a36ece1116
org.noear	solon-scheduling-simple	3.0.0-RC3		691582653d726ad6fea0a6878b3905c2947746a0
org.noear	solon-scheduling-simple	3.0.1		90c41325694c650f13003726186821d7020bf6de
org.noear	solon-scheduling-simple	3.0.1-M1		2925e3d4e7e5ecd91b6135fd42b748244418ff1a
org.noear	solon-scheduling-simple	3.0.1-M2		7fc63b62fae420bc1c311cfad973670aaf8e722b
org.noear	solon-scheduling-simple	3.0.1-M3		b17d4adfcae25fb5b37f25b098baa1331894e080
org.noear	solon-scheduling-simple	3.0.10		e07dbcef85a9411f6dc900cd9c223845f5fbb94e
org.noear	solon-scheduling-simple	3.0.10-M1		0362f22e0574df5c87b8363da978bebac08cb894
org.noear	solon-scheduling-simple	3.0.2		a5fa1fe1f8da99b3e0482c938d10feb874af8231
org.noear	solon-scheduling-simple	3.0.2-M1		b91bc64b47bec004b1d514a8eabc50ea42a965e6
org.noear	solon-scheduling-simple	3.0.2-M2		d7a6e4058f809555082409e5c20139794cc9d43e
org.noear	solon-scheduling-simple	3.0.2-M3		7d2df04deae5c52c4c44cad5364367b471335819
org.noear	solon-scheduling-simple	3.0.2-M4		44ed5392da4a9e48fe266c5edbd259add8938373
org.noear	solon-scheduling-simple	3.0.2-M5		192d3ca915b761e9cb88c59467b53bcb68db041c
org.noear	solon-scheduling-simple	3.0.2-M6		8555167d5ee5e2748224d8c5a71d2f6f33e36464
org.noear	solon-scheduling-simple	3.0.2-M7		779380815104d3eea9675e760b163967380e0297
org.noear	solon-scheduling-simple	3.0.2-RC		e0d171229d51d53207b8ee38f541385304adb5a4
org.noear	solon-scheduling-simple	3.0.2-RC2		08a6736ba864ece471b1e45bee9460f004536b58
org.noear	solon-scheduling-simple	3.0.2-RC3		5abf3516a08c7596365a61c22235bec8acabccf7
org.noear	solon-scheduling-simple	3.0.3		d58863b89fff0730519b566cc49cb94dc04ef6c5
org.noear	solon-scheduling-simple	3.0.3-M1		f85916a7b94b2f837887ebf5dd027a5ac8464c9d
org.noear	solon-scheduling-simple	3.0.3-M2		d0a6aee5a667284672150f7e3923f7ee6d5423ce
org.noear	solon-scheduling-simple	3.0.3-M3		0d0d22cc00c0fafe7627aaeb61b3005b4c1564ab
org.noear	solon-scheduling-simple	3.0.3-M4		e7c9d5b3f25eb6b7de6a049345af600d57503836
org.noear	solon-scheduling-simple	3.0.3-RC		16e3adb82378f7bc6a5845d0d074d6997b011a45
org.noear	solon-scheduling-simple	3.0.4		5b26be0ca273f8b1e4c6fa6b099e5df2bd1d65bf
org.noear	solon-scheduling-simple	3.0.4-M1		0d904fb8fe42f224e23d68811f52875771973841
org.noear	solon-scheduling-simple	3.0.4-M2		6e4a08d10ca958c8888f4b2c39dfa9785260f59f
org.noear	solon-scheduling-simple	3.0.4-RC		58f14316dcc5f1532bdea39e2169397248b6da21
org.noear	solon-scheduling-simple	3.0.4-RC2		7cada42a9b8434ab6ab85a6355799c539468d5bc
org.noear	solon-scheduling-simple	3.0.4.1		616885df1838056d02dd5dbfd2f1d14aa97fbb54
org.noear	solon-scheduling-simple	3.0.5		4b852b91f6e81d11b4219801e962cf84ef918d65
org.noear	solon-scheduling-simple	3.0.5-M1		bd190ea1b3f40533060900fc144dde4744409f7b
org.noear	solon-scheduling-simple	3.0.5-M2		7b3974f017fa6146f0e17e1a2db44125cbb6aafa
org.noear	solon-scheduling-simple	3.0.5-M3		47add06e8638578f4b892dc67631f272d7a05954
org.noear	solon-scheduling-simple	3.0.6		bdd40ae296d38cc11e2c47a1aa111f074df3fd30
org.noear	solon-scheduling-simple	3.0.6-M1		badf080759caf741eb43970e7f759118597db9d9
org.noear	solon-scheduling-simple	3.0.6-M2		409a5e97469bc9d726de84056c0cab7635f6d927
org.noear	solon-scheduling-simple	3.0.6-M3		3ef8070eecd7748850e46c1e389e19a43ef7f2f2
org.noear	solon-scheduling-simple	3.0.6-RC		8cfc7212aa5585f08cdea56edac14a901185c61b
org.noear	solon-scheduling-simple	3.0.6-RC2		262526bd6a6a4b7ba158266dc5582bcbee7de334
org.noear	solon-scheduling-simple	3.0.7		f1f698702ea60803d38d0f9146b757c45dc67a76
org.noear	solon-scheduling-simple	3.0.7-M1		70fd7ba9e14a4aad327f80955370452ed4753dfe
org.noear	solon-scheduling-simple	3.0.8		411e7c83e1f4c15f48a0a8f93588b0c52f17f510
org.noear	solon-scheduling-simple	3.0.8-M1		83345763b72a3299c04d0c5ca4da7cd7e69903ac
org.noear	solon-scheduling-simple	3.0.8-M2		d7b80513627ea2d4e1160dbb6ea2acaa4b9978e7
org.noear	solon-scheduling-simple	3.0.9		cdc00673326ca35bdb02ddbc1c96f00330db5d4e
org.noear	solon-scheduling-simple	3.0.9-M1		efdbca2dd60dcb7ea6c87cdfc85807e41af8e3ca
org.noear	solon-scheduling-simple	3.0.9-M2		105911ec9fbc750fbeb039b4b3216db7b882f53e
org.noear	solon-scheduling-simple	3.1.0		c8e5949ac13d0daed9ff64d974f1ab964a429fdc
org.noear	solon-scheduling-simple	3.1.0-M1		99ba277b12437ee933d69cf67df2648159eda1f9
org.noear	solon-scheduling-simple	3.1.0-M2		52a2b9c236edddbed69733da8aa0a6c606ddbd59
org.noear	solon-scheduling-simple	3.1.0-M3		839564f01706650bea7029de9cfad0009cf1e94e
org.noear	solon-scheduling-simple	3.1.0-RC		ec8f25fcd1fc2f4623d59e85a83ace9449ecbb24
org.noear	solon-scheduling-simple	3.1.1		9273c85526d2c556f15607d0a8cee673c737dd6e
org.noear	solon-scheduling-simple	3.1.1-M1		14436c1fbaddd42893248553e08f69db1ec688e3
org.noear	solon-scheduling-simple	3.1.1-M2		64959455d9e8e4abec35341280cb82597b1a9249
org.noear	solon-scheduling-simple	3.1.1-M3		7f70de68a95ca064984b04acd402cf31d0705049
org.noear	solon-scheduling-simple	3.1.1-M4		87ce739b1684b1d987a29dcba12f7bb31b292566
org.noear	solon-scheduling-simple	3.1.1-M5		be0d1202e96bbf72adcad060f9d85552bb36bd84
org.noear	solon-scheduling-simple	3.1.1-RC		105c290ec0e6b923e48613b4340adb48f53ab6d6
org.noear	solon-scheduling-simple	3.1.2		d3ba1dc35b9b3fd213a0438225ff113c5c06373f
org.noear	solon-scheduling-simple	3.1.2-M1		d634bc5277308a2886cabaa1daa6b3f923dd58c7
org.noear	solon-scheduling-simple	3.1.2-M2		68767a6f9bb3fa2d573f81871f8a75fba72df74f
org.noear	solon-scheduling-simple	3.1.3-M1		82769a5b7f5fca7dc5d3abb810e06c3626c62d8a
org.noear	solon-scheduling-simple	3.1.3-M2		c0a92f67881d3968b2504e8297dadc3f200bdf7e
org.noear	solon-scheduling-simple	3.1.3-M3		48c7d846754e6a9dcf8c3cd1ebba08859d1953e3
org.noear	solon-scheduling-simple	3.1.3-M4		beba382e59723b892da352ef7cc8591d07b887b2
org.noear	solon-scheduling-simple	3.1.3-M5		8aa9a52004369fae067cb4e0ab7bf2ef29793332
org.noear	solon-scheduling-simple	3.1.3-M6		f1f9fed38067dd2c0211810ea88205d0d2ca221c
org.noear	solon-scheduling-simple	3.1.3-RC		521f4acf58c5b47eccb14b41cac1b41ad194daa4
org.noear	solon-scheduling-simple	3.2.0		5b2172487bb925c994b458ab124aee7204dbc3b6
org.noear	solon-scheduling-simple	3.2.1		abd8cfe72bf435724f57c0d74220d8ec96eefd9d
org.noear	solon-scheduling-simple	3.2.1-M1		870f7ae3cf781489639d61b7d9e6ed701509f90e
org.noear	solon-scheduling-simple	3.2.1-M2		60904a49980fa7b6ba9998733157bc426657b038
org.noear	solon-scheduling-simple	3.2.1-M3		156d892bebb8a3eea98820f902ffe2c2988c688b
org.noear	solon-scheduling-simple	3.2.1-RC		c66f88b88a973f20108839b993dc15dd01908525
org.noear	solon-scheduling-simple	3.2.2-M1		a3b7831aebf5cb6ad6582931e52655eec7b53b67
org.onosproject	onos-app-pim	1.4.0		880ca407458ab59b52658dbbe99f01f9752c7bd2
org.onosproject	onos-app-pim	1.5.0		a7f4268555228a5cde8a6973819f78d78c43a03c
org.onosproject	onos-app-pim	1.5.1		1d581528181e921a1281511c94e7c77a9b5b1191
org.onosproject	onos-app-pim	1.6.0		d7a733a3382ee00e521dd33c947f20e2719cf366
org.opencastproject	opencast-ingest-download-service-api	10.0		256b94c58836220d723d2b325155279478af0c97
org.opencastproject	opencast-ingest-download-service-api	10.1		548d591ae50f14eb5701c6993b03efd0adc25d10
org.opencastproject	opencast-ingest-download-service-api	10.10		988f0f84782f30e6ce345a4642b3564df2306908
org.opencastproject	opencast-ingest-download-service-api	10.11		267fdbc1f2552bf81e7ccc8814d3b79f323ce18f
org.opencastproject	opencast-ingest-download-service-api	10.12		169308193c9fb4cc59d30a5fd186e264e0e8200a
org.opencastproject	opencast-ingest-download-service-api	10.2		d081810fd5747f2d1503354fe7d6d5ff0d57a67c
org.opencastproject	opencast-ingest-download-service-api	10.3		7b9d451b4302aa4bb04b4111e2754f8a7c130e8a
org.opencastproject	opencast-ingest-download-service-api	10.4		ebe9d344ea2d1d2de71efc2d43ab5b708c11fc87
org.opencastproject	opencast-ingest-download-service-api	10.5		190219a9211392f4d19a18b723efab657c98c1ea
org.opencastproject	opencast-ingest-download-service-api	10.6		e73c55b906c6e3864e9c2e5edf9786bdf2b119ad
org.opencastproject	opencast-ingest-download-service-api	10.7		c3448b21a1ed8535e745ac88726af541a3d62c58
org.opencastproject	opencast-ingest-download-service-api	10.8		8e145f6ab2eaa99757545903b22eb699d9fe05fc
org.opencastproject	opencast-ingest-download-service-api	10.9		db5a90cb9de57327d5ff5be95346b6cd49890270
org.opencastproject	opencast-ingest-download-service-api	11.0		202816f34ffc690eebbc54d0dd1de35180532f8c
org.opencastproject	opencast-ingest-download-service-api	11.1		601bb432e4bced91f3b5950f45a0b522454b882c
org.opencastproject	opencast-ingest-download-service-api	11.10		18de0bab3741a71afab2e2cccba7977961f6239c
org.opencastproject	opencast-ingest-download-service-api	11.11		3f4910e5c0631aacbfaa9d9aa122830f710fe647
org.opencastproject	opencast-ingest-download-service-api	11.2		75ed4cb86e2271bfe08c7700558fb596997137b8
org.opencastproject	opencast-ingest-download-service-api	11.3		700afd6c71613229b63fd49fbcea512bd08987d7
org.opencastproject	opencast-ingest-download-service-api	11.4		666bfd77bacd17dd3e3183913b3a75a173e4127d
org.opencastproject	opencast-ingest-download-service-api	11.5		b94dc20b1651b87b1aae6af8178361b7e30d7d41
org.opencastproject	opencast-ingest-download-service-api	11.6		0eae1819c6ee6e31994d32d02d499af3110949a4
org.opencastproject	opencast-ingest-download-service-api	11.7		e042a452f81fc5929c64c13c4112a1e9ca62f07c
org.opencastproject	opencast-ingest-download-service-api	11.8		d6d847edd73cc0b0ea7bd98e804fbf8bc3dd114a
org.opencastproject	opencast-ingest-download-service-api	11.9		a39158646b286157601f76baee7b0bf4e985c699
org.opencastproject	opencast-ingest-download-service-api	12.0		c4ba3719e8a9079bf1d1e1efb54b18f47f5b45ee
org.opencastproject	opencast-ingest-download-service-api	12.1		477a25a1e57f489d09d0aebaab030c95d744edc5
org.opencastproject	opencast-ingest-download-service-api	12.11		895baa97554f46a469eb6773c54c284e0af311ed
org.opencastproject	opencast-ingest-download-service-api	12.12		9acbc06f4644e9696f21d0bfd9a9c5df15de5a52
org.opencastproject	opencast-ingest-download-service-api	12.13		b3c1d98b82d62e58360105d67687d70884e5d5d8
org.opencastproject	opencast-ingest-download-service-api	12.2		22f34e197253b5fe70071aba8b2eb27afa544602
org.opencastproject	opencast-ingest-download-service-api	12.3		bd5c221edc35772896567aed4da967998a69e678
org.opencastproject	opencast-ingest-download-service-api	12.5		76c322a044d8abb4b001685c941cb0304edff2ca
org.opencastproject	opencast-ingest-download-service-api	12.6		5fcbf0acea6572fd60fc27625b605756f8d361ff
org.opencastproject	opencast-ingest-download-service-api	12.7		6dd0eefadede3b7b17290380f757eb470db29ed5
org.opencastproject	opencast-ingest-download-service-api	12.8		b5bdcdbf7ec82db32e1307f597546dbd5b795286
org.opencastproject	opencast-ingest-download-service-api	12.9		9e5ba1b137c1df967071405aa84b0a716789f220
org.opencastproject	opencast-ingest-download-service-api	13.0		a8ee5ebc5108bd2d4eaddc698b06606acb34047b
org.opencastproject	opencast-ingest-download-service-api	13.1		91cc907a7b15f7fb7e87a4dfbcd33052f22e4f24
org.opencastproject	opencast-ingest-download-service-api	13.10		7a9bd7422291f8ae881c182decb37c11032ef8af
org.opencastproject	opencast-ingest-download-service-api	13.11		28576cf566525ae5c6beaa009620d2ad0d6d8018
org.opencastproject	opencast-ingest-download-service-api	13.12		1c5d5c8a9fbdadc1aeb787971a969e741c98b7ac
org.opencastproject	opencast-ingest-download-service-api	13.2		ba15bdd36869170a025af88a1e74d191712c1140
org.opencastproject	opencast-ingest-download-service-api	13.4		8691668fcf558934ec00f0c92d3400a7f53f2d61
org.opencastproject	opencast-ingest-download-service-api	13.6		055855605c1dc28a88f255ca8c3ec597bf8c4a9f
org.opencastproject	opencast-ingest-download-service-api	13.7		1e5c23a8de4aaa878ded782453a5476417d73999
org.opencastproject	opencast-ingest-download-service-api	13.8		9e28d35b6720c13c52b2d71314b1b9f688e55363
org.opencastproject	opencast-ingest-download-service-api	14.0		ce5d658cf0c0ac60d97251a4cf62db597d5fb005
org.opencastproject	opencast-ingest-download-service-api	14.1		67a6cddcf4548adca5ee8fdfd57051cb0953ad93
org.opencastproject	opencast-ingest-download-service-api	14.10		403bcb414b1f37f8578e615ae3af7384c0bd616b
org.opencastproject	opencast-ingest-download-service-api	14.11		5cafc132dc20be659f3ae87ff016179eb30234b2
org.opencastproject	opencast-ingest-download-service-api	14.12		1726748bb5d5cf3d7a7c3d948f1da901a9eb76ee
org.opencastproject	opencast-ingest-download-service-api	14.13		ed2a28069f5201f5f07607695ab7dfc3e62a3f51
org.opencastproject	opencast-ingest-download-service-api	14.2		e2e45efcb4f9adfa51053572322ca2bfe57cfa3d
org.opencastproject	opencast-ingest-download-service-api	14.3		e61f8d4ef6e43e7ed384698ebcea23dd1f03112b
org.opencastproject	opencast-ingest-download-service-api	14.5		4a969fec47dd367bab9d3aec8cc0139064eab9b4
org.opencastproject	opencast-ingest-download-service-api	14.6		00cf2f9f085b4bbec2849bf18c57299a8bebaf59
org.opencastproject	opencast-ingest-download-service-api	14.7		4af1eb9b59cb8d19cb66d34a18bb7489b4701f04
org.opencastproject	opencast-ingest-download-service-api	14.8		be7304c7cc201f44b28354dbf30b3e7dfaffe201
org.opencastproject	opencast-ingest-download-service-api	14.9		72f829bd04241e302a482111cbcf0cd7e45c12c6
org.opencastproject	opencast-ingest-download-service-api	15.0		2a961a02c5a84e49d28527dd4b3349d46b0f423d
org.opencastproject	opencast-ingest-download-service-api	15.1		009fd4d1e870ee470b978e5d5dbc535017cfcf82
org.opencastproject	opencast-ingest-download-service-api	15.10		4b94e6284f4422ad3c89d65328d00c5bd8692660
org.opencastproject	opencast-ingest-download-service-api	15.11		ae21883110a9a384e46a688b9471e9fb36ed8d02
org.opencastproject	opencast-ingest-download-service-api	15.12		cc0c6ff705d8bd266eff4dae019290010cbb2e94
org.opencastproject	opencast-ingest-download-service-api	15.13		b5a7f69942710852f968e49b69e4d2e0177e339b
org.opencastproject	opencast-ingest-download-service-api	15.2		0aa700e475a38ceeae99e47a77e3fe64644a3b5b
org.opencastproject	opencast-ingest-download-service-api	15.3		3bec2042e636849dd4ec7c02f77f1c9138136cbd
org.opencastproject	opencast-ingest-download-service-api	15.4		f62360a798ddf3022af15159700d22daddc20e02
org.opencastproject	opencast-ingest-download-service-api	15.5		10cd2350a8aea37e3c4a9ca322c0d261801778b2
org.opencastproject	opencast-ingest-download-service-api	15.6		fc61547e9c104416de691ec7b2fd25188a98bcb8
org.opencastproject	opencast-ingest-download-service-api	15.7		cca958ceb87c3dea91752ce2a2b347ffdc588095
org.opencastproject	opencast-ingest-download-service-api	15.8		2b50773d11282ca4b0ff298c59bdefebf3bb6c11
org.opencastproject	opencast-ingest-download-service-api	15.9		2ef446a9f5fa91631a757ace5007c14330d14b53
org.opencastproject	opencast-ingest-download-service-api	16.0		6e3c869eb68eae6d9c6fe910b6875b4046038a0b
org.opencastproject	opencast-ingest-download-service-api	16.1		94d3436869c59749a1d1248dc0e8c2444a20310c
org.opencastproject	opencast-ingest-download-service-api	16.10		1ca044e25252097acb17469b7dd2acf5a214d5fa
org.opencastproject	opencast-ingest-download-service-api	16.2		ce64a9af8b35b81744b700e29a202797b7161dea
org.opencastproject	opencast-ingest-download-service-api	16.3		071c705500d835369a0cd3a77ec9e66a51ecade7
org.opencastproject	opencast-ingest-download-service-api	16.4		30e51682fdd868fa0fa94a8799d892c131eec82c
org.opencastproject	opencast-ingest-download-service-api	16.5		85e3f10e5886c183ca2ae0b872777aeb4a886f23
org.opencastproject	opencast-ingest-download-service-api	16.6		68d7b90d22b5a0ac4f94b5d6b12e60117f740f2e
org.opencastproject	opencast-ingest-download-service-api	16.7		996fad15cdd073aa590ca202c1bb6a72bfc14cc6
org.opencastproject	opencast-ingest-download-service-api	16.8		312a1496ff53f7d97fe495f78f9d80d6fc1a21d7
org.opencastproject	opencast-ingest-download-service-api	16.9		2acfeee4fc2a8899f3d193ae6800dc0292221869
org.opencastproject	opencast-ingest-download-service-api	8.0		7201823f2bc7a433114e16142d6eed0916ba7619
org.opencastproject	opencast-ingest-download-service-api	8.1		c7f31431e320ea28c9ed63dae02130fec53a773f
org.opencastproject	opencast-ingest-download-service-api	8.10		f11d28b66b70c5ba0682eb429c98c5eb5f569d2d
org.opencastproject	opencast-ingest-download-service-api	8.11		7ded8181637d8fe472e7d33afeb0f45b76bee03a
org.opencastproject	opencast-ingest-download-service-api	8.3		83a7ce20cbe01c354128adc69dcfb4f64635f7fa
org.opencastproject	opencast-ingest-download-service-api	8.4		6573ff937b2900835d8d62c5314cc91df340da9a
org.opencastproject	opencast-ingest-download-service-api	8.5		f2d3a140995911a468a81bb92c4c30adc5a6d31c
org.opencastproject	opencast-ingest-download-service-api	8.6		ee5a5998d368f4d899b1384f889b5d37e5b690f3
org.opencastproject	opencast-ingest-download-service-api	8.7		c551989d4cc583faa829fef9105dfc4404e7d439
org.opencastproject	opencast-ingest-download-service-api	8.8		f52501ea70621ae410d98c3fe31ed9ac8a2bb0d4
org.opencastproject	opencast-ingest-download-service-api	8.9		733507254dfbb1061b02adec08f003adacc6aad4
org.opencastproject	opencast-ingest-download-service-api	9.0		1a1728863fa11f1e9932141eb68f06ed38e8e8ee
org.opencastproject	opencast-ingest-download-service-api	9.1		9588172d0b89a9204edf2ddfb9b670fa655ed5ca
org.opencastproject	opencast-ingest-download-service-api	9.10		3c70ed97559b20978e5c0ccfe8c38206f17f3875
org.opencastproject	opencast-ingest-download-service-api	9.11		e5965337a667f6751b5127282fef3f412a588f7a
org.opencastproject	opencast-ingest-download-service-api	9.12		a09a22008de71923f9b43b730809a09a79ef63c3
org.opencastproject	opencast-ingest-download-service-api	9.2		f24297dfc59ed87e55bc0a46016f352cef95fa33
org.opencastproject	opencast-ingest-download-service-api	9.3		054cf77df6f303f67458f8787adaa48456024c05
org.opencastproject	opencast-ingest-download-service-api	9.4		02f767733234b770a236bcd603fd7504dea8f658
org.opencastproject	opencast-ingest-download-service-api	9.5		408ddaf2fdec086944a1f1877e1c5ed33dcbadfd
org.opencastproject	opencast-ingest-download-service-api	9.6		6edced2ccba5b86187d4efde4d4e5d927886aa37
org.opencastproject	opencast-ingest-download-service-api	9.7		3f79cbf768d2d135f798cdcbfea7ea91df98d061
org.opencastproject	opencast-ingest-download-service-api	9.9		1796e2356e6dd10cc9a076296b953d05c5773a74
org.opendaylight.controller	messagebus-impl	1.10.0		8e51672999b1d32820ac76cf03d814eb66ad830a
org.opendaylight.controller	messagebus-impl	1.10.1		e7fc56d93b0d3186ceda1b63a0ba4e2a84e1343f
org.opendaylight.controller	messagebus-impl	1.10.2		1585428a9b861e96cb40561dd18d1cb2d0525fe3
org.opendaylight.controller	messagebus-impl	1.10.3		7e1e034c9caa7b03ba64a8c7b01672072ac8606c
org.opendaylight.controller	messagebus-impl	1.10.4		36885584e33a3081368f3fdda82553a8916f7ce6
org.opendaylight.controller	messagebus-impl	1.11.0		aa977a870f2bbf291362d33f0542f9f582877e28
org.opendaylight.controller	messagebus-impl	1.11.1		0af9ada8da57fcc0b1928971e883c4616e841944
org.opendaylight.controller	messagebus-impl	1.11.2		0774d0391f758e20bfd8e69de5a74bce277f2cf0
org.opendaylight.controller	messagebus-impl	1.11.3		2b03358ca3619994642d66c28f9651c67de26486
org.opendaylight.controller	messagebus-impl	1.2.0-Lithium		6fc19100ce3163011e5cf2d46468e257c054da74
org.opendaylight.controller	messagebus-impl	1.2.1-Lithium-SR1		324b53604ceed3648d77a5c0d4655ffacc1f9dfb
org.opendaylight.controller	messagebus-impl	1.2.2-Lithium-SR2		72a70a52bb844d97a4edf10e2802efdc6eccd42c
org.opendaylight.controller	messagebus-impl	1.2.3-Lithium-SR3		562a4b54b5d21c48df632e91cc8f091b4f1fa08f
org.opendaylight.controller	messagebus-impl	1.2.4-Lithium-SR4		5c8366d462b73372909a69c1ceddf6114df028c0
org.opendaylight.controller	messagebus-impl	1.3.0-Beryllium		f7b0df53a5bec05af717e946c30499ee462106ef
org.opendaylight.controller	messagebus-impl	1.3.1-Beryllium-SR1		c86b4c1c49287ea58f4d6c2ec247221ec6ac8bde
org.opendaylight.controller	messagebus-impl	1.3.2-Beryllium-SR2		413c66a1199ef10c5e3ade52ec16ba2999ec9305
org.opendaylight.controller	messagebus-impl	1.3.3-Beryllium-SR3		19c7e07eb9f8ac127354b0b9b13b06b7b1c89a2c
org.opendaylight.controller	messagebus-impl	1.3.4-Beryllium-SR4		9b6187f30d703e127ccfe82e7ae2ae3f7a0e0518
org.opendaylight.controller	messagebus-impl	1.4.0-Boron		56aa5b5983eac3e7da472edfa3282c8ca526b75d
org.opendaylight.controller	messagebus-impl	1.4.1-Boron-SR1		dcc78cac5d23149122fcf96fe0b20a409640f429
org.opendaylight.controller	messagebus-impl	1.4.2-Boron-SR2		28367741ed4b72f248b803de80be70b7b4691389
org.opendaylight.controller	messagebus-impl	1.4.3-Boron-SR3		a679c96d29e82823dbf1e43b50fc9479588ef18a
org.opendaylight.controller	messagebus-impl	1.4.4-Boron-SR4		9d6c362f8fc621adc63d613023c19c2d6b73a813
org.opendaylight.controller	messagebus-impl	1.5.0-Carbon		230fb2f736c69e10c32ee4920af9f26206ec3829
org.opendaylight.controller	messagebus-impl	1.5.1-Carbon		e9a4dceecb83790cbab221a6664bec4042a68104
org.opendaylight.controller	messagebus-impl	1.5.2-Carbon		4526441a3e40e01a0533696da27434b79cffec16
org.opendaylight.controller	messagebus-impl	1.5.3-Carbon		ad5f6c8ddfabd4cc76b452b3cd8e768458924f6c
org.opendaylight.controller	messagebus-impl	1.5.4-Carbon		bfa3aa5c1fcd67fe318fe28e7fd508085ca01baf
org.opendaylight.controller	messagebus-impl	1.6.0		2389a2bc264e2a17849e16ec7599e8161e4a7f50
org.opendaylight.controller	messagebus-impl	1.6.1		6a63d6f0a2c81b10215ada218d091296bb48684a
org.opendaylight.controller	messagebus-impl	1.6.2		f7874518aab97b2755b67876e15fbc71fc07bb40
org.opendaylight.controller	messagebus-impl	1.6.3		ba5221e30e11f32c9c6bf81b8438415e6d3afae5
org.opendaylight.controller	messagebus-impl	1.7.0		0bdf0bc7afcea952d530d341bc60e6e8ba8edb65
org.opendaylight.controller	messagebus-impl	1.7.1		64eb4bdc8955e332398c63050956786115487934
org.opendaylight.controller	messagebus-impl	1.7.2		17d0a2598b976be2cd77c5fc9c8df337220b0587
org.opendaylight.controller	messagebus-impl	1.7.3		7d96e62af9566125d5de0af11b492f87f0445cb6
org.opendaylight.controller	messagebus-impl	1.7.4		0d782a28f8f352a59c9931b24f4bbb8269a65640
org.opendaylight.controller	messagebus-impl	1.8.0		5ef265499fe35572ac4113f4314c0bf3bbad5a19
org.opendaylight.controller	messagebus-impl	1.8.1		9b5982906666db31c11093da1aba3c5ae66761dc
org.opendaylight.controller	messagebus-impl	1.8.2		bf5aedf4ba807402442c8d7c8852216a074d1535
org.opendaylight.controller	messagebus-impl	1.8.3		024d5075e61fa4fe55fc5faccbf18341f2897a2b
org.opendaylight.controller	messagebus-impl	1.9.0		48a1550379c0bf22ce312f55080f62b895ba8588
org.opendaylight.controller	messagebus-impl	1.9.1		135690d89c485d4374556e71b13247073b6d5222
org.opendaylight.controller	messagebus-impl	1.9.2		798fc4e8754512bd2a6bf58dfcd67d24e4047a8a
org.opendaylight.controller	messagebus-impl	1.9.3		8825b574916ddc203a0d905417993a9936f0ff74
org.opendaylight.controller	messagebus-impl	2.0.0		d02a77149cd4e641b0d91a56533851b4cf76d71e
org.opendaylight.controller	messagebus-impl	2.0.1		a9f0a9c1bdfcdbcd02750eea4b6ad9b1549e99e2
org.opendaylight.controller	messagebus-impl	2.0.10		de0a181f2e28165dacff0dcba2d2a5b89b3bcbe5
org.opendaylight.controller	messagebus-impl	2.0.2		5dd004b1845e7620aec82a1a2e99167f64e964d9
org.opendaylight.controller	messagebus-impl	2.0.3		0a78dfb55d556e268fb778f6c26eab6291bd25f2
org.opendaylight.controller	messagebus-impl	2.0.4		8e13eaaec20c6dafca717cfb275207fd87edd93f
org.opendaylight.controller	messagebus-impl	2.0.5		c665a397d1355f57edcb638762d2ea356766abe3
org.opendaylight.controller	messagebus-impl	2.0.6		a6aa9920879ed2a1bf8807a2da0e08872cf72b18
org.opendaylight.controller	messagebus-impl	2.0.7		f009dcfca8f0da86af52563012b16279e71bf312
org.opendaylight.controller	messagebus-impl	2.0.8		666ec4532a06257cf31350be1bc85b22294f344b
org.opendaylight.controller	messagebus-impl	2.0.9		efd781ff9deba2991f05dd82d9f8fe63e454c573
org.opendaylight.controller	messagebus-impl	3.0.0		a5cf6fd9aad3c2ab52abc6517925ab411389c866
org.opendaylight.controller	messagebus-impl	3.0.1		2e3a9dc14a2f31ca225f135988dd634f3c19ff65
org.opendaylight.controller	messagebus-impl	3.0.10		d551a2c313f56d724b9fe7f1d31e31455eb12784
org.opendaylight.controller	messagebus-impl	3.0.11		b545666233dd5d9f07c715a985295a82b7f68df6
org.opendaylight.controller	messagebus-impl	3.0.12		3902bc78b5fb42f81283e5e5c40b6473508f8cb0
org.opendaylight.controller	messagebus-impl	3.0.13		6762b5a2e1941ced977fe7ab3ece93128cc69ffb
org.opendaylight.controller	messagebus-impl	3.0.14		7af332071b8e47a1a1fa810017c654bdb2968418
org.opendaylight.controller	messagebus-impl	3.0.15		8f327a847bd173eb8611e69a0a592ae8e0f321bf
org.opendaylight.controller	messagebus-impl	3.0.16		4538a165cff95e38757ccd0998b54c41480c04be
org.opendaylight.controller	messagebus-impl	3.0.2		4deedf38d100078d04d317ad21134d6ef434af71
org.opendaylight.controller	messagebus-impl	3.0.3		6d10b9a3876d8934b2e57ea8142fcfeba6f70be9
org.opendaylight.controller	messagebus-impl	3.0.4		75763ac5a9b59b694c3d4eaa8fb15d8980f253cf
org.opendaylight.controller	messagebus-impl	3.0.5		2504b82c2529098454e967adc866cd34be1d9f09
org.opendaylight.controller	messagebus-impl	3.0.6		0cd087d1b410dff5ebe3b883730f28880d09b1d3
org.opendaylight.controller	messagebus-impl	3.0.7		6a959b9188f1f89a0e306df20e1a5cbc6074c140
org.opendaylight.controller	messagebus-impl	3.0.8		d6703ea405b5a0c76a911083a1aee6f971d0b853
org.opendaylight.controller	messagebus-impl	3.0.9		2a3ff1e425360dafaf25cf31f49b82dae57bf67a
org.operaton	migrate-camunda-recipe	1.0.0-alpha-1		865ed655f60c1439e9b09da4a2eee0cacb2ad0e7
org.operaton.bpm.springboot	operaton-bpm-spring-boot-starter-test	1.0.0-beta-1		0125b6047b431cb804f72bb77c97cdef35dce573
org.operaton.bpm.springboot	operaton-bpm-spring-boot-starter-test	1.0.0-beta-2		4fb9ef95e22953d249f0bd0ca255e00e63d0ac88
org.operaton.bpm.springboot	operaton-bpm-spring-boot-starter-test	1.0.0-beta-3		b859d3830e79e5b29c2a9ec2894ac665767b9b26
org.overturetool.ide.plugins	org.overture.ide.plugins.externaleditor	2.3.8		de6b01ef6ddbc0c532f7beaacd30ccca88a91e32
org.overturetool.ide.plugins	org.overture.ide.plugins.externaleditor	2.4.0		4f205c081b2b8540e470233260458b1dc60f74a1
org.overturetool.ide.plugins	org.overture.ide.plugins.externaleditor	2.4.2		9ce6cbbea8fd30639db5cd37f7ca47f88c1d6303
org.overturetool.ide.plugins	org.overture.ide.plugins.externaleditor	2.4.4		a100423a4faa8eff18e0ac1eea7daaadf29af049
org.overturetool.ide.plugins	org.overture.ide.plugins.externaleditor	2.4.6		d9c8ccd9a4b7a5821873cd7527fd589ee6000778
org.overturetool.ide.plugins	org.overture.ide.plugins.externaleditor	2.4.8		d583cb9c0c4e42ab09cfbedae9ff03a3cee59ee2
org.overturetool.ide.plugins	org.overture.ide.plugins.externaleditor	2.5.0		8bcaad7ea186cfffb9a05c4cbb915377e5ac15af
org.overturetool.ide.plugins	org.overture.ide.plugins.externaleditor	2.5.2		2968d0d198e80ac26bbfcf383e9e25930a86efab
org.overturetool.ide.plugins	org.overture.ide.plugins.externaleditor	2.5.4		cf79758ec5efd80ab64a1c2ccff7ce3259931799
org.overturetool.ide.plugins	org.overture.ide.plugins.externaleditor	2.5.6		b6842ec0d16d3d7c8a37b291f321fcac88ef773b
org.overturetool.ide.plugins	org.overture.ide.plugins.externaleditor	2.6.0		34cf56776b6b9a0ffeb50af4be856e58a221aee4
org.overturetool.ide.plugins	org.overture.ide.plugins.externaleditor	2.6.2		59bd550cc28cc585772c9db65a7755fdd10e7536
org.overturetool.ide.plugins	org.overture.ide.plugins.externaleditor	2.6.4		ec3670764875efb5e4a45c3510cff11c788d3241
org.overturetool.ide.plugins	org.overture.ide.plugins.externaleditor	2.7.0		766db6678cda97a393117a80793a3987373046a9
org.overturetool.ide.plugins	org.overture.ide.plugins.externaleditor	2.7.2		c2f7a09a2ac8d95ed09c68383a9a61ed1d72f40e
org.overturetool.ide.plugins	org.overture.ide.plugins.externaleditor	2.7.4		13a0096caf44cff4b658b8a5f8dd57e21b6d1603
org.overturetool.ide.plugins	org.overture.ide.plugins.externaleditor	3.0.0		f821dcbd8c671495bdc67093ad1d64554cb936e1
org.overturetool.ide.plugins	org.overture.ide.plugins.externaleditor	3.0.2		d02f1a2f33959d4fccd23fa0af6e905627a8a6cf
org.plasmalabs	plasma-sdk_2.13	0.1.0		04c517a61f340980ce72032cbb5d403efd5985a0
org.plasmalabs	plasma-sdk_2.13	0.2.0		7c32345401d9cb73baa467e6c2fb019caa767779
org.plasmalabs	plasma-sdk_2.13	0.2.1		e245f75dbb4ae9d5931749b72cd7369f53a58688
org.plasmalabs	plasma-sdk_2.13	0.2.2		fe6e13eab117a6b72fd811b1112fb5c48eb564ad
org.randombits.filtering	filtering-core-parent	1.0.3		N/A
org.reduxkotlin	reselect-js	0.5.5		5e204b020c28bf6cdb089c7505308a7d19234f96
org.scalatest	scalatest-matchers_sjs0.6_2.11	3.0.0-SNAP12		4c0d95fde1338fc3a525c714b58fa2053d42bdc9
org.scalatest	scalatest-matchers_sjs0.6_2.11	3.0.0-SNAP13		fdbcd4288cd66788f83a5d3bfcfb8c395f2d4e3c
org.shredzone.flattr4j	flattr4j	2.1		N/A
org.shredzone.flattr4j	flattr4j	2.1.1		N/A
org.shredzone.flattr4j	flattr4j	2.10		N/A
org.shredzone.flattr4j	flattr4j	2.11		N/A
org.shredzone.flattr4j	flattr4j	2.12		N/A
org.shredzone.flattr4j	flattr4j	2.13		N/A
org.shredzone.flattr4j	flattr4j	2.14		N/A
org.shredzone.flattr4j	flattr4j	2.2		N/A
org.shredzone.flattr4j	flattr4j	2.3		N/A
org.shredzone.flattr4j	flattr4j	2.4		N/A
org.shredzone.flattr4j	flattr4j	2.5		N/A
org.shredzone.flattr4j	flattr4j	2.6		N/A
org.shredzone.flattr4j	flattr4j	2.7		N/A
org.shredzone.flattr4j	flattr4j	2.8		N/A
org.shredzone.flattr4j	flattr4j	2.9		N/A
org.vivoweb	vitro-webapp	1.10.0		N/A
org.vivoweb	vitro-webapp	1.10.0-alpha1		N/A
org.vivoweb	vitro-webapp	1.10.0-alpha2		N/A
org.vivoweb	vitro-webapp	1.10.0-beta1		N/A
org.vivoweb	vitro-webapp	1.10.0-beta2		N/A
org.vivoweb	vitro-webapp	1.11.0		N/A
org.vivoweb	vitro-webapp	1.11.1		N/A
org.vivoweb	vitro-webapp	1.12.0		N/A
org.vivoweb	vitro-webapp	1.12.1		N/A
org.vivoweb	vitro-webapp	1.12.2		N/A
org.vivoweb	vitro-webapp	1.13.0		N/A
org.vivoweb	vitro-webapp	1.14.0		N/A
org.vivoweb	vitro-webapp	1.14.1		N/A
org.vivoweb	vitro-webapp	1.14.2		N/A
org.vivoweb	vitro-webapp	1.14.3		N/A
org.vivoweb	vitro-webapp	1.15.0		N/A
org.vivoweb	vitro-webapp	1.9.0		N/A
org.vivoweb	vitro-webapp	1.9.0-alpha-1		N/A
org.vivoweb	vitro-webapp	1.9.0-alpha-2		N/A
org.vivoweb	vitro-webapp	1.9.0-rc1		N/A
org.vivoweb	vitro-webapp	1.9.1		N/A
org.vivoweb	vitro-webapp	1.9.2		N/A
org.vivoweb	vitro-webapp	1.9.3		N/A
org.webjars.npm	docsearch__js	3.0.0		6f71e4da6937d0baccfe887f74b1a826d8101e47
org.webjars.npm	docsearch__js	3.3.0		87d8d6ff49a5c86b180dea3a033e720ac586e6a0
org.webjars.npm	lodash._basecreate	3.0.0		f799d36a680a09f5507375fc56b7588fcf2622f9
org.webjars.npm	lodash._basecreate	3.0.3		90e9aa529874705f20dfbf0c787a354a9e607ea9
org.webjars.npm	polymer__iron-pages	3.0.1		d580d173241ec6c355f7ce3676416966eec0b8ab
org.webjars.npm	private	0.1.5		7557e2efe742091d69eed9959a21fd91497dcf7e
org.webjars.npm	private	0.1.6		fb0d76bf6085c75cd1585a3c75f45cba2e7b49c6
org.webjars.npm	private	0.1.7		d71e80c5d9cfe9000f495e830bd90e95a4f8306f
org.webjars.npm	private	0.1.8		cffc9e0343d6639236e56a475e41ec92d56a5079
org.wicketstuff	async-task-impl	10.0.0		d0ffb207aca0be5f6b9e5f3c6d173abfc7acdaa6
org.wicketstuff	async-task-impl	10.0.0-M1		58dad091544cdd3cf8b6d12fc53103a2ced0bd72
org.wicketstuff	async-task-impl	10.0.0-M2		f721caf9037d97d6c3091cb096465a43540f1610
org.wicketstuff	async-task-impl	10.1.0		13368382e06b6d1e08708d36c775d01e1d5b4bb0
org.wicketstuff	async-task-impl	10.1.1		76d593be91e77570162dab760aa296bb8066beff
org.wicketstuff	async-task-impl	10.2.0		cdea8ad3e311d86a9112e3d3a54b4c1a52b5ab47
org.wicketstuff	async-task-impl	10.3.0		cee40a50ed9d9d1d6383121ee3c81b5f8837c3f5
org.wicketstuff	async-task-impl	10.4.0		6d0bd2b22c1739561e411077d17c127b7ed4b3ca
org.wicketstuff	async-task-impl	10.5.0		fd57044bbf2a2f4c3515cd56f8ebbd5793707b37
org.wicketstuff	async-task-impl	6.10.0		39aea1f5c840938a7ef1c544ce150e2341a1f608
org.wicketstuff	async-task-impl	6.11.0		5ffdeb8997d96d8d541c62cfce2785c225ef2f17
org.wicketstuff	async-task-impl	6.11.1		2aa3acb4c3f98ac95e3eed2a3faf1ab98f2c8e79
org.wicketstuff	async-task-impl	6.12.0		0e0b75609c28fccc2661439f8051b50d0b4a2e68
org.wicketstuff	async-task-impl	6.13.0		a181b43602af00af524a039daa4f7dfecbd3c061
org.wicketstuff	async-task-impl	6.14.0		372f05447816a81b7efb05151c98b43baf6c7aaa
org.wicketstuff	async-task-impl	6.15.0		ed47d77c3178c982c35b92ef2958748f85bf7d22
org.wicketstuff	async-task-impl	6.16.0		1f4843f3f9c727c687c29173b90b39cfcef07f03
org.wicketstuff	async-task-impl	6.17.0		e704c4eb124caea4e48fd2f5378dd868ba452dcf
org.wicketstuff	async-task-impl	6.18.0		2189335f0649ec085a0ad7778c840d6094039c53
org.wicketstuff	async-task-impl	6.19.0		809c8131f8013b9aede57274cc2b845ca85e09ef
org.wicketstuff	async-task-impl	6.20.0		ed7f16c74b336d0d25c6bcc57afc2d678a87016c
org.wicketstuff	async-task-impl	6.21.0		c27d10916b7701c922c1e5b923b2314ba5b99393
org.wicketstuff	async-task-impl	6.22.0		0d55c140c3cc5e0946bbd157688352c49dad18e5
org.wicketstuff	async-task-impl	6.23.0		e5b0a43fc79622480c3d83831db810be409a1157
org.wicketstuff	async-task-impl	6.24.0		6e17f95eb66fbd0e1a7a9c7883758343e06750fc
org.wicketstuff	async-task-impl	6.25.0		40c31c74ed38a50c16704bd6a7940b8a0c8b5d0f
org.wicketstuff	async-task-impl	6.26.0		73200c49d25468898c77e820db3f822817d8ec10
org.wicketstuff	async-task-impl	6.28.0		8b5dafa8d934c42648b65937046120e210add139
org.wicketstuff	async-task-impl	6.30.0		2f23d0a0386568c4fdda976525e8e517ca8f3c13
org.wicketstuff	async-task-impl	7.0.0		6976b0d2a01a9b815937134483690cb6a47de12d
org.wicketstuff	async-task-impl	7.0.0-M3		b80ee9b1e4c55ced4c373c920d7868962f85d215
org.wicketstuff	async-task-impl	7.0.0-M4		ad39bf061c88994b6279c8c94c2ad627a10fa7b7
org.wicketstuff	async-task-impl	7.0.0-M5		0ea71ad6fb772890e8bc45344b2764978b1d9539
org.wicketstuff	async-task-impl	7.0.0-M6		f854253ff3b55da01c5cfea69c2e420d3932a902
org.wicketstuff	async-task-impl	7.1.0		9886640da020a4225b9210ad0cc03df8570b3893
org.wicketstuff	async-task-impl	7.10.0		42ef38a15ef901941441b5d868fe6fd1736a33cd
org.wicketstuff	async-task-impl	7.11.0		d76858500995be7d44043696fa5d36e5df4fca48
org.wicketstuff	async-task-impl	7.12.0		2e01b9738cecec701e57f117ad13b2aa847eead6
org.wicketstuff	async-task-impl	7.13.0		0cc77ed5a68f6539c1ebf5da85098ce16bc7472f
org.wicketstuff	async-task-impl	7.14.0		a7f8338036fa55b56eb064b2db01a8d5dcaa7953
org.wicketstuff	async-task-impl	7.15.0		69271362802a8c6dd862c78da987117d1efa9ece
org.wicketstuff	async-task-impl	7.16.0		c4bb1aee55ea810a86bb4224869f86623cf3ecbf
org.wicketstuff	async-task-impl	7.17.0		4833ce843b4e3a06a4939ce448c48eb2e0d0cf0f
org.wicketstuff	async-task-impl	7.18.0		197e223e05831d146da8b8bab246a5962f936e44
org.wicketstuff	async-task-impl	7.2.0		c926fcd7a0d75a810f590ae01ab25c9eae3149b0
org.wicketstuff	async-task-impl	7.3.0		d07f09644423a2a099becd15cf4981e0b27e19a0
org.wicketstuff	async-task-impl	7.4.0		babca01d16dcbf8754951c7fbd9f91adc74d7925
org.wicketstuff	async-task-impl	7.5.0		34fd02dcd0de980577147d5ee1518af018664944
org.wicketstuff	async-task-impl	7.6.0		eff1fc71eb44d9533c8798606330ee97d7d419cf
org.wicketstuff	async-task-impl	7.7.0		d4ab1cd2baeff2c37726412fee50b7a1546af1e3
org.wicketstuff	async-task-impl	7.8.0		1d8e662fd86af475c99dfdf1f8295839e731ea57
org.wicketstuff	async-task-impl	7.8.1		656af8db0dbc7d06a412d9464d437934ccabb84a
org.wicketstuff	async-task-impl	7.9.0		6db83b38cee0beb52baca2711360ddc49d4c50b9
org.wicketstuff	async-task-impl	8.0.0		ba096ca6738145c9b18b30e50432d6e17c9efe8f
org.wicketstuff	async-task-impl	8.0.0-M1		49c20557363244614614462a67fa2c0759f98bae
org.wicketstuff	async-task-impl	8.0.0-M2		3d2633251dd9753381792d1e7b693af647a0f533
org.wicketstuff	async-task-impl	8.0.0-M3		c11e4b4df0b2b4a2d70cded2ff4276c562657fd0
org.wicketstuff	async-task-impl	8.0.0-M4		4d28d6e921641cfe3d1218256029974f149863b1
org.wicketstuff	async-task-impl	8.0.0-M5		eb63dcff190f49c63f27b755243fee69d2ecc2db
org.wicketstuff	async-task-impl	8.0.0-M6		22b27906c3a6dfb598328e7dc3babfb5f2e331f2
org.wicketstuff	async-task-impl	8.0.0-M7		f3e5c8dec6a3f3f976973337cdd276c51f69cb87
org.wicketstuff	async-task-impl	8.0.0-M8		9a2afcca157013a73a08aa509b32262372f13f84
org.wicketstuff	async-task-impl	8.0.0-M9		7f755d2646521f1fe697dffa9d95328332ff58db
org.wicketstuff	async-task-impl	8.1.0		3e083448b264b622e9f89994f1bb139102eab1a9
org.wicketstuff	async-task-impl	8.10.0		c34acc4b3b1eb2b561b648f719ddb748647bf079
org.wicketstuff	async-task-impl	8.11.0		8bc054ad5b61a9e92cfb362148274bcb54415524
org.wicketstuff	async-task-impl	8.12.0		4295c9e13d2fe1fd8a0199dbdbb6b943c4537b7b
org.wicketstuff	async-task-impl	8.13.0		3a6aabba026a620a3906a6dcbed53d272b3ebfcc
org.wicketstuff	async-task-impl	8.14.0		6fb137d7f2f65ac91de393a33242584e70f4ce73
org.wicketstuff	async-task-impl	8.15.0		1321d695cc24d73628c393a86a9743d8420970aa
org.wicketstuff	async-task-impl	8.16.0		cfb338d0ea549ce70e3cdb9f02455ffc5e52d3f1
org.wicketstuff	async-task-impl	8.17.0		e2a7eb60b05fc3b376955c7b1163234d714e7980
org.wicketstuff	async-task-impl	8.2.0		7f856cb0e447ae549aaa2d1b40e5b7544d37655e
org.wicketstuff	async-task-impl	8.3.0		7a13856c9511fc7d88ca158609465300475aad94
org.wicketstuff	async-task-impl	8.4.0		9487533893add5eac89964cb5704e6334a5003b8
org.wicketstuff	async-task-impl	8.5.0		2ce4638f56ee6360f505da9f09ab90d1676330d8
org.wicketstuff	async-task-impl	8.6.0		70e23fa5df419a74864db3e46d4f9b401339760c
org.wicketstuff	async-task-impl	8.7.0		0bdced37825201eef51535f48c1ce2fdf139c0ad
org.wicketstuff	async-task-impl	8.8.0		a761887cc6ac5699c7fc16460685d31d4bbc5baa
org.wicketstuff	async-task-impl	8.9.0		a39f96baf2beeda2d6ebaf62357804aa284158ae
org.wicketstuff	async-task-impl	9.0.0		3ad4db857f14e31542e9f3b7f6b0ee174b2ac4da
org.wicketstuff	async-task-impl	9.0.0-M1		a43601d314d393497c57d1d60f25f561b3f835fb
org.wicketstuff	async-task-impl	9.0.0-M2		ca2891822eb125e3fd75b47a9cbb056ccec2ef1f
org.wicketstuff	async-task-impl	9.0.0-M3		2670169da9488d70421f230ab498b152b9bc4c0d
org.wicketstuff	async-task-impl	9.0.0-M4		9aad275474a8c602e9fff3e1648f94ee897137fb
org.wicketstuff	async-task-impl	9.0.0-M5		5a56bb4dc6e1faa6ea81b081c98b6bfe79f46121
org.wicketstuff	async-task-impl	9.0.0-M5.1		e859f6346248fdc676f8672ee62783067b3610ff
org.wicketstuff	async-task-impl	9.0.1-M3		9331a01d92afe7ec94b3d741aa28cbe1341a6755
org.wicketstuff	async-task-impl	9.1.0		4951a80efe9d64e1597c7ab651f3403aafee3818
org.wicketstuff	async-task-impl	9.10.0		f30df8e1fbe78214af12aeadbe43611cbf106d4f
org.wicketstuff	async-task-impl	9.11.0		ed87002e6242991f554e50acad12bf1bfd8f9225
org.wicketstuff	async-task-impl	9.12.0		f4efedf22b2e18d814ad1316fc1e767b24101c30
org.wicketstuff	async-task-impl	9.13.0		24b489adf8f80d0063f0b4ff4143df8c3791b474
org.wicketstuff	async-task-impl	9.14.0		ce6291d198402c844d9f05046a25bfc0705a55ad
org.wicketstuff	async-task-impl	9.15.0		a68789b4ff802bd498900a28089b8ce3970f4d7e
org.wicketstuff	async-task-impl	9.16.0		659e04f09489d8591bf2d396bc7cb51564274a6a
org.wicketstuff	async-task-impl	9.17.0		cd60ef55d880487b257588cca9cee913c0dc912d
org.wicketstuff	async-task-impl	9.18.0		25ea9678cbca0fe6b898e0bd5e268b3285633591
org.wicketstuff	async-task-impl	9.19.0		3265a4f9570b124fecdfcb35c294526a4a23d1a1
org.wicketstuff	async-task-impl	9.2.0		4f4b169a0fffe746b88ca38c1c024e1b0a941a1a
org.wicketstuff	async-task-impl	9.20.0		8d7de1836076d48d45771936a05c2e5adcb5f3bc
org.wicketstuff	async-task-impl	9.3.0		5b2457726fba420cd4c0604bcaa153cd3ff3eba5
org.wicketstuff	async-task-impl	9.4.0		5540de6c02f49b1fd91d01de4c1e536e6a496158
org.wicketstuff	async-task-impl	9.5.0		9937a2f120687abed9e93176a707ba2b2b531e68
org.wicketstuff	async-task-impl	9.6.0		17c0a50bb6c57fa27ebc24648bcfb5312a533070
org.wicketstuff	async-task-impl	9.7.0		bddfc3e2574c35f4005dc6034dfb252fe3433233
org.wicketstuff	async-task-impl	9.8.0		a1e9d78699201d1e4e20af45cc0ca1bf17e8e5fc
org.wicketstuff	async-task-impl	9.9.0		16c74854ee41ffaf349df3a01dc1430a70880828
org.wicketstuff	async-task-impl	9.9.1		0615ad3719f7b854a0db784d38487c9f1b0b6534
org.wso2.appserver.shade.org.opensaml	opensaml-security-api-shaded	3.2.0.wso2v1-m3		21d9107e7c10a83d5db2a2a7d0aba238d6f4c933
org.wso2.carbon.analytics-common	org.wso2.carbon.database.query.manager	6.0.11		8da0ba5e552fbf1ab1b51df9e2e69a401bc8f66b
org.wso2.carbon.analytics-common	org.wso2.carbon.database.query.manager	6.0.12		976a7316457a2de4cfae89fea02af0e34eab4eaa
org.wso2.carbon.analytics-common	org.wso2.carbon.database.query.manager	6.0.13		d63e3fd538185ee23de85514261621f364d185ff
org.wso2.carbon.analytics-common	org.wso2.carbon.database.query.manager	6.0.14		7fd953a73561dcbbcce8caad2b19a908261e4a3c
org.wso2.carbon.analytics-common	org.wso2.carbon.database.query.manager	6.0.15		5b3c5008d029375efdab3c1f57bf498641efcc8a
org.wso2.carbon.analytics-common	org.wso2.carbon.database.query.manager	6.0.16		6b1ed5a28e08307cc5c81df9fdae493b498f91fa
org.wso2.carbon.analytics-common	org.wso2.carbon.database.query.manager	6.0.17		e085eb32cf7e2602cef110332d57d5acc078f22b
org.wso2.carbon.analytics-common	org.wso2.carbon.database.query.manager	6.0.18		e7bcd1fb71487d0487646c23f604706f65ae176c
org.wso2.carbon.analytics-common	org.wso2.carbon.database.query.manager	6.0.19		64f891d8aeebd71f17dab90ff7750ce8a28d0d1e
org.wso2.carbon.analytics-common	org.wso2.carbon.database.query.manager	6.0.20		88d999d0e3b88d425c048f087759cdb37610420c
org.wso2.carbon.analytics-common	org.wso2.carbon.database.query.manager	6.0.21		1455c756c5a91b7cd4bd37b3599da739d2a6c340
org.wso2.carbon.analytics-common	org.wso2.carbon.database.query.manager	6.0.22		d9c303afcb4442f5d0408cd1079d059750a70f29
org.wso2.carbon.analytics-common	org.wso2.carbon.database.query.manager	6.0.23		9cbd70d613a42d810d86da258b3886b95c2b5aed
org.wso2.carbon.analytics-common	org.wso2.carbon.database.query.manager	6.0.24		02dbe35d69a68a999c7513f94e574e28bbd95d09
org.wso2.carbon.analytics-common	org.wso2.carbon.database.query.manager	6.0.25		1f4bd66470adf33d27418a7b8258b46fa31953a9
org.wso2.carbon.analytics-common	org.wso2.carbon.database.query.manager	6.0.26		881844fb8a61dcf898b9bb828e971fe8c6c8cde6
org.wso2.carbon.analytics-common	org.wso2.carbon.database.query.manager	6.0.27		a43430863891c2752861db969a461be6bf32fdc1
org.wso2.carbon.analytics-common	org.wso2.carbon.database.query.manager	6.0.28		a5da9e5a896a06d81993c8dfecf9e8588ee79f07
org.wso2.carbon.analytics-common	org.wso2.carbon.database.query.manager	6.0.29		030abdcfb8f9461ea1b3ef55dd9b9d03d027d891
org.wso2.carbon.analytics-common	org.wso2.carbon.database.query.manager	6.0.31		68db31e224d222348e4f2c919d129a0762cc1d96
org.wso2.carbon.analytics-common	org.wso2.carbon.database.query.manager	6.0.32		d7ab54c8b9fdbf12e416c2e1a09d25ab17821429
org.wso2.carbon.analytics-common	org.wso2.carbon.database.query.manager	6.0.33		b7645d9d68b1d59b3c5b71fcc22c4bde7bcfabca
org.wso2.carbon.analytics-common	org.wso2.carbon.database.query.manager	6.0.34		f2cf7055d8adcba7c5cb1eabf4929b2d271bf272
org.wso2.carbon.analytics-common	org.wso2.carbon.database.query.manager	6.0.35		f63509f742e838b4f8afb5ce7cde7c4d493c6b5e
org.wso2.carbon.analytics-common	org.wso2.carbon.database.query.manager	6.0.36		b6d21b96ddbf7602a68b519b3205cfd2355ba584
org.wso2.carbon.analytics-common	org.wso2.carbon.database.query.manager	6.0.37		5aace23ad3f1a1df77db53d999822bcdb26e58c1
org.wso2.carbon.analytics-common	org.wso2.carbon.database.query.manager	6.0.38		c53e7f5d96659795fe461b8824e66341c9692c77
org.wso2.carbon.analytics-common	org.wso2.carbon.database.query.manager	6.0.39		75ad5327279033e73c45907dbe7ed832938c97fe
org.wso2.carbon.analytics-common	org.wso2.carbon.database.query.manager	6.0.40		a4ba9a5ef8c892818a20e175dbd052b8d2077512
org.wso2.carbon.analytics-common	org.wso2.carbon.database.query.manager	6.0.41		e3fef1b5efa7186e69588a2d8e3100d19e64f811
org.wso2.carbon.analytics-common	org.wso2.carbon.database.query.manager	6.0.42		b03c59808a6f5cf0a78ea41abe951b9a67930360
org.wso2.carbon.analytics-common	org.wso2.carbon.database.query.manager	6.0.43		5c3794c9c0ddcd082287ede08b55aa622a71de26
org.wso2.carbon.analytics-common	org.wso2.carbon.database.query.manager	6.0.44		2593f7ee17fdeea4548b8804ac680a8fe91d2d76
org.wso2.carbon.analytics-common	org.wso2.carbon.database.query.manager	6.0.45		be7b4606f83525638768b239f1888f38bd27ff23
org.wso2.carbon.analytics-common	org.wso2.carbon.database.query.manager	6.0.46		a4c0b3fccef3eb4ecb34999e123a354d9babbe78
org.wso2.carbon.analytics-common	org.wso2.carbon.database.query.manager	6.0.48		bc8209bb4943ef80c12def9aaf1141da96daaad2
org.wso2.carbon.analytics-common	org.wso2.carbon.database.query.manager	6.0.49		14d5fb37efdf2f7afb62ba3af3dd9d220cff116a
org.wso2.carbon.analytics-common	org.wso2.carbon.database.query.manager	6.0.51		600bd706c4df614f85b29f852c82ede649b0a72b
org.wso2.carbon.analytics-common	org.wso2.carbon.database.query.manager	6.0.52		656fb42c36c018fcbdbcb90ff5c2266d9adb2989
org.wso2.carbon.analytics-common	org.wso2.carbon.database.query.manager	6.0.53		9e7938e9aa0274b60a7a4e1a1d4b4881c89050e9
org.wso2.carbon.analytics-common	org.wso2.carbon.database.query.manager	6.0.54		3b38860d426993fec4e6521d337a6dce01d054ee
org.wso2.carbon.analytics-common	org.wso2.carbon.database.query.manager	6.0.55		c92accc0fe50abd11a53d270e9a8cabb96867d8d
org.wso2.carbon.analytics-common	org.wso2.carbon.database.query.manager	6.0.56		2476208faf06452a5e6a8e4c669444f4b4c9bd78
org.wso2.carbon.analytics-common	org.wso2.carbon.database.query.manager	6.0.57		c625e2bba3be20e9aa25950d3c815103f24bf727
org.wso2.carbon.analytics-common	org.wso2.carbon.database.query.manager	6.0.58		d37ddce2a539eb7ae63819decb5a7d324897c62c
org.wso2.carbon.analytics-common	org.wso2.carbon.database.query.manager	6.0.59		62a4a91cb5af1c746eeeae34df9f52e849c82079
org.wso2.carbon.analytics-common	org.wso2.carbon.database.query.manager	6.0.60		26cb8c4eeed34fcd377a8a20dc048bcdf2e6ebf6
org.wso2.carbon.analytics-common	org.wso2.carbon.database.query.manager	6.0.61		cf96736e804284bedabc718469ce4ca831b6f26e
org.wso2.carbon.analytics-common	org.wso2.carbon.database.query.manager	6.0.62		65c55a14daabf56852000d1b120cd41b67b514c3
org.wso2.carbon.analytics-common	org.wso2.carbon.database.query.manager	6.0.63		a3a0cf469f2683010c00cf4bb944e744a9f36bb8
org.wso2.carbon.analytics-common	org.wso2.carbon.database.query.manager	6.0.64		469eec5650751a50793c4462f940b8819f089309
org.wso2.carbon.analytics-common	org.wso2.carbon.database.query.manager	6.0.65		d201ae81f37597c423307b0bc6b9ccc5fc2436d5
org.wso2.carbon.analytics-common	org.wso2.carbon.database.query.manager	6.0.66		121192e0c31c95ce160d3b968e1de03b0ecf7703
org.wso2.carbon.analytics-common	org.wso2.carbon.database.query.manager	6.0.67		06c4b9a657a5a6939ab4e411885aabf4b30631e9
org.wso2.carbon.analytics-common	org.wso2.carbon.database.query.manager	6.0.68		6eee94a28b7b35ecf645d099fe571da12358de8e
org.wso2.carbon.analytics-common	org.wso2.carbon.database.query.manager	6.0.69		a5b1e82054131dbcbbf5ddb3495924ac11ee0e42
org.wso2.carbon.analytics-common	org.wso2.carbon.database.query.manager	6.0.70		f2cf24059d4de0806f75b36ad42794cfc2697622
org.wso2.carbon.analytics-common	org.wso2.carbon.database.query.manager	6.0.71		0f3c6a402840b8e0dd145468eff1a4beb262c114
org.wso2.carbon.analytics-common	org.wso2.carbon.database.query.manager	6.0.72		c95e9971d08f751cd1f116e871c73622b53a670e
org.wso2.carbon.analytics-common	org.wso2.carbon.database.query.manager	6.0.73		ba8606b9190d1f0c8d29fe5996711b007fe78e9e
org.wso2.carbon.analytics-common	org.wso2.carbon.database.query.manager	6.0.74		38c36270fc69179d1fd74acf5791fa5f99165735
org.wso2.carbon.analytics-common	org.wso2.carbon.database.query.manager	6.1.0		89dfbb1c1c1eec6413c413d1f4c039e7664fb9de
org.wso2.carbon.analytics-common	org.wso2.carbon.database.query.manager	6.1.1		aa22dd3bcfdd3d55e05d7611f12f88bcf8f83428
org.wso2.carbon.analytics-common	org.wso2.carbon.database.query.manager	6.1.10		145c8580829f98fd21a0ddf5eaad9fbd9a6c9f7d
org.wso2.carbon.analytics-common	org.wso2.carbon.database.query.manager	6.1.11		0c8c6e3093833327d649d3b89b47a7406bd72700
org.wso2.carbon.analytics-common	org.wso2.carbon.database.query.manager	6.1.12		b4abf9da184dd11c0c983bcd0bece0bcfcf932ee
org.wso2.carbon.analytics-common	org.wso2.carbon.database.query.manager	6.1.13		db64b848893f7d6cad163b503884beaba4cb4949
org.wso2.carbon.analytics-common	org.wso2.carbon.database.query.manager	6.1.14		2ebed34f91de80519a04da2292dcefa94886a26a
org.wso2.carbon.analytics-common	org.wso2.carbon.database.query.manager	6.1.15		999c2c68490f5d82f95fc98cf561160d04053efb
org.wso2.carbon.analytics-common	org.wso2.carbon.database.query.manager	6.1.16		3f3599c23a346252716903ab35892fbfca0bcd5e
org.wso2.carbon.analytics-common	org.wso2.carbon.database.query.manager	6.1.17		c84b533442a6a1da494e30154ca5d59a9f981f43
org.wso2.carbon.analytics-common	org.wso2.carbon.database.query.manager	6.1.18		ccd78ed9417e4b3afad2d578c17e0850c791cef2
org.wso2.carbon.analytics-common	org.wso2.carbon.database.query.manager	6.1.19		255ea29934533d733ad34113643966e26fe34275
org.wso2.carbon.analytics-common	org.wso2.carbon.database.query.manager	6.1.2		046e3f312de2b1b56e469e4e831135407e9b7e35
org.wso2.carbon.analytics-common	org.wso2.carbon.database.query.manager	6.1.20		6deee46ade2b2d43dec7d67e38ce9c873e3d190e
org.wso2.carbon.analytics-common	org.wso2.carbon.database.query.manager	6.1.21		153899acd54f64e45d8c15eeeff96aa328511b58
org.wso2.carbon.analytics-common	org.wso2.carbon.database.query.manager	6.1.22		1ae0918088e7b03e90ceda243c11baaed2063b24
org.wso2.carbon.analytics-common	org.wso2.carbon.database.query.manager	6.1.23		7a2844d7f7edd87b43671434ce60bdce4cd23557
org.wso2.carbon.analytics-common	org.wso2.carbon.database.query.manager	6.1.24		721f6d213f1ac2ee229892b6091518f5bfbd3cf0
org.wso2.carbon.analytics-common	org.wso2.carbon.database.query.manager	6.1.25		da47de9dd9674a1a7e45ee2c77dd03b67a5cf215
org.wso2.carbon.analytics-common	org.wso2.carbon.database.query.manager	6.1.26		86575a463a4855f1d50b1e369893291d5bdf12eb
org.wso2.carbon.analytics-common	org.wso2.carbon.database.query.manager	6.1.3		dab216d71e7f4d9e6c7cb7f0beb7e1c4c930dc10
org.wso2.carbon.analytics-common	org.wso2.carbon.database.query.manager	6.1.33		d07c0e48b3c84250e22d77555b17166123f15b90
org.wso2.carbon.analytics-common	org.wso2.carbon.database.query.manager	6.1.34		ca07d7b91c2ed8f8f273cd37f7600c99e24ac0be
org.wso2.carbon.analytics-common	org.wso2.carbon.database.query.manager	6.1.35		18fc2b698cf1e1a16d5300e2db333c033f09e384
org.wso2.carbon.analytics-common	org.wso2.carbon.database.query.manager	6.1.36		396e201543ce05e1d3c25f694ea01f8b2bb743d2
org.wso2.carbon.analytics-common	org.wso2.carbon.database.query.manager	6.1.4		0c0b5a1f3b338d37075b496e0f488247167d2c6f
org.wso2.carbon.analytics-common	org.wso2.carbon.database.query.manager	6.1.42		37f367d2f369790fedf14fadd9b90e3a506e127b
org.wso2.carbon.analytics-common	org.wso2.carbon.database.query.manager	6.1.43		d6dbb68d329b8309c99fafeabf17d5d457f1237d
org.wso2.carbon.analytics-common	org.wso2.carbon.database.query.manager	6.1.44		8bd7ed6a2b907d58bd78cd7fbe1bec226a766ec7
org.wso2.carbon.analytics-common	org.wso2.carbon.database.query.manager	6.1.45		9ed33b07bd74d9a3ec6d7c92b05210e01aff90ff
org.wso2.carbon.analytics-common	org.wso2.carbon.database.query.manager	6.1.46		a86c177644717171260aee5af301f138f0911faf
org.wso2.carbon.analytics-common	org.wso2.carbon.database.query.manager	6.1.47		b8164567c16e1f8c2686e8d881ab8a618ddf1015
org.wso2.carbon.analytics-common	org.wso2.carbon.database.query.manager	6.1.48		8953f66b2e651636e8cc123d48b18fb00daf8549
org.wso2.carbon.analytics-common	org.wso2.carbon.database.query.manager	6.1.49		f803a219ac03f80e45e50194305e611fa042530d
org.wso2.carbon.analytics-common	org.wso2.carbon.database.query.manager	6.1.5		d492dda539030c23170e0b298b1d00cc4547268c
org.wso2.carbon.analytics-common	org.wso2.carbon.database.query.manager	6.1.50		4466920b614b8c74e881f146911c7e947ef2cea9
org.wso2.carbon.analytics-common	org.wso2.carbon.database.query.manager	6.1.51		63ce17cc4012dc85d3359700764c5d831e2892b0
org.wso2.carbon.analytics-common	org.wso2.carbon.database.query.manager	6.1.52		5a5190fe46d3a3578533ecc8cf90a916fe052b48
org.wso2.carbon.analytics-common	org.wso2.carbon.database.query.manager	6.1.53		891d16eb5706c0b8cef2023d8bba19d2cda1172b
org.wso2.carbon.analytics-common	org.wso2.carbon.database.query.manager	6.1.54		9bbf41f2f67af2881d4418aea4cf8ce02aee1129
org.wso2.carbon.analytics-common	org.wso2.carbon.database.query.manager	6.1.55		f21a166985febf2f71d35ddebd928096c1370b09
org.wso2.carbon.analytics-common	org.wso2.carbon.database.query.manager	6.1.56		29bcdf4fedca2e1d4a705d5df7c3fd7ade871742
org.wso2.carbon.analytics-common	org.wso2.carbon.database.query.manager	6.1.57		232b5e176c2867e6aa37a75a75c2125dddbc0fbb
org.wso2.carbon.analytics-common	org.wso2.carbon.database.query.manager	6.1.6		00c51a9fea111ef27e671b6b4157d253dfc1e1bb
org.wso2.carbon.analytics-common	org.wso2.carbon.database.query.manager	6.1.60		01de68fc9a6acf858342abc3dc4957ed91ef8cce
org.wso2.carbon.analytics-common	org.wso2.carbon.database.query.manager	6.1.61		0a9b7bb6dc34e13e722f62b329d2e5e3627c1099
org.wso2.carbon.analytics-common	org.wso2.carbon.database.query.manager	6.1.62		3dc5a6bbc4eb3f2839ffd0b62b159f640e1ad6e8
org.wso2.carbon.analytics-common	org.wso2.carbon.database.query.manager	6.1.63		c413e2c6e080efeffa2832e5ca25ef922071bf42
org.wso2.carbon.analytics-common	org.wso2.carbon.database.query.manager	6.1.64		3769b5f3fd2dea6226487edd777e3c917ec064a3
org.wso2.carbon.analytics-common	org.wso2.carbon.database.query.manager	6.1.65		9a9de5b430cd30c9d9a11831a37189f88d2fd4a4
org.wso2.carbon.analytics-common	org.wso2.carbon.database.query.manager	6.1.66		2986c4b5d047283008586765b5837e86c59d7f65
org.wso2.carbon.analytics-common	org.wso2.carbon.database.query.manager	6.1.7		8def2bed4d7b8779a7a1ede76336fbd67cb0753a
org.wso2.carbon.analytics-common	org.wso2.carbon.database.query.manager	6.1.8		44abb7bce0d6c020452c5937afca1b778e81d179
org.wso2.carbon.analytics-common	org.wso2.carbon.database.query.manager	6.1.9		4f3ee7ae4174e51fa270eb06a968b6abde28fede
org.wso2.carbon.mediation	org.wso2.carbon.mediator.drop.ui	4.6.100		03b5fde3c3e1aca5018b9c9c59fa130e52c69664
org.wso2.carbon.mediation	org.wso2.carbon.mediator.drop.ui	4.6.101		6e2cdd35a7b26aa2a5dfd3e071bc2624c36723d6
org.wso2.carbon.mediation	org.wso2.carbon.mediator.drop.ui	4.6.102		ddf43ce96a1c6ed042ccca6abd901bde4c39c297
org.wso2.carbon.mediation	org.wso2.carbon.mediator.drop.ui	4.6.103		f6779c38c36448bc71cf8cf51930e3e31d490bba
org.wso2.carbon.mediation	org.wso2.carbon.mediator.drop.ui	4.6.104		7cb288cd4035c3266268850e45b12eb75cd9b311
org.wso2.carbon.mediation	org.wso2.carbon.mediator.drop.ui	4.6.105		42b060da5149c8bdd26bac2ccd18447a62e0f746
org.wso2.carbon.mediation	org.wso2.carbon.mediator.drop.ui	4.6.106		86542103d50468682766dbf74acfa717546998a8
org.wso2.carbon.mediation	org.wso2.carbon.mediator.drop.ui	4.6.107		38dcf01d55c556c812186f182fcebec60e6efef9
org.wso2.carbon.mediation	org.wso2.carbon.mediator.drop.ui	4.6.108		4f911ff73c47d00f1fa97c01739400028c80f712
org.wso2.carbon.mediation	org.wso2.carbon.mediator.drop.ui	4.6.109		32419e7ab74f571f6bcf22ff659dbc9ea66ad84b
org.wso2.carbon.mediation	org.wso2.carbon.mediator.drop.ui	4.6.110		63400c71f8c50159c95abeec71edd3e95b44f844
org.wso2.carbon.mediation	org.wso2.carbon.mediator.drop.ui	4.6.111		79605cce11a3abcfed8338aea94bebfc186faaae
org.wso2.carbon.mediation	org.wso2.carbon.mediator.drop.ui	4.6.113		97e2cb8b71ad29cdfcc9f3e44314481003aedb61
org.wso2.carbon.mediation	org.wso2.carbon.mediator.drop.ui	4.6.114		753363d098083638e1aa9b8fe7791d02cb47e27f
org.wso2.carbon.mediation	org.wso2.carbon.mediator.drop.ui	4.6.115		dcf59d3ff2d5d53b535ce7fdc9c7f14d546bbc31
org.wso2.carbon.mediation	org.wso2.carbon.mediator.drop.ui	4.6.116		9563e2b038eb4b98d6fe74d0d3e5655c9dcf3eec
org.wso2.carbon.mediation	org.wso2.carbon.mediator.drop.ui	4.6.137		258dd20c5077c2f8bae70382b3ed77bdca4d9dc0
org.wso2.carbon.mediation	org.wso2.carbon.mediator.drop.ui	4.6.138		53eea0a4e5ccfa9a629969f74928633fc4a96bd4
org.wso2.carbon.mediation	org.wso2.carbon.mediator.drop.ui	4.6.139		104da4939195491503775701c99217bffee83c2b
org.wso2.carbon.mediation	org.wso2.carbon.mediator.drop.ui	4.6.140		7177740211540beee69b537263952daf22dc76f0
org.wso2.carbon.mediation	org.wso2.carbon.mediator.drop.ui	4.6.141		7a4e364a980f986c5fe6a19949aacadef2404809
org.wso2.carbon.mediation	org.wso2.carbon.mediator.drop.ui	4.6.142		cdc77ee189418e427c275841fe0479d000506164
org.wso2.carbon.mediation	org.wso2.carbon.mediator.drop.ui	4.6.143		39f459f6013c6a5f80debcbce4e3184ea2564924
org.wso2.carbon.mediation	org.wso2.carbon.mediator.drop.ui	4.6.144		832e07aa6b3b6cdbb7d1e9df5fe46b51c3d504ff
org.wso2.carbon.mediation	org.wso2.carbon.mediator.drop.ui	4.6.145		dd1ddef7124597b7fe55650821f5b0db35490d91
org.wso2.carbon.mediation	org.wso2.carbon.mediator.drop.ui	4.6.146		0c84bf28acb91138b864593cc7a63ed01ac36e6e
org.wso2.carbon.mediation	org.wso2.carbon.mediator.drop.ui	4.6.147		697ae75378e3daaf1e89a2d759cf7cfb8725cba5
org.wso2.carbon.mediation	org.wso2.carbon.mediator.drop.ui	4.6.148		78df7e2efb117f0edc169aca85bd400c2eb7c991
org.wso2.carbon.mediation	org.wso2.carbon.mediator.drop.ui	4.6.149		28b9132bf209fe2978512fc577932a02a657b958
org.wso2.carbon.mediation	org.wso2.carbon.mediator.drop.ui	4.6.150		c9cb49a59dff2876ce5026583297950e500b41ec
org.wso2.carbon.mediation	org.wso2.carbon.mediator.drop.ui	4.6.151		831e41e23a954334b8d9b3eeff2659745cf0059c
org.wso2.carbon.mediation	org.wso2.carbon.mediator.drop.ui	4.6.26		7f12e998f16205ee34681fc4725ff5bb8615be03
org.wso2.carbon.mediation	org.wso2.carbon.mediator.drop.ui	4.6.27		76a0f546657eaae9d9f18e0d928e9e6c90aa9596
org.wso2.carbon.mediation	org.wso2.carbon.mediator.drop.ui	4.6.28		913c63ae9e54a891f495f79f75693aeb82fbad58
org.wso2.carbon.mediation	org.wso2.carbon.mediator.drop.ui	4.6.29		9b781158f66d9f3eeffff50eb346eb8ea1b9fe5b
org.wso2.carbon.mediation	org.wso2.carbon.mediator.drop.ui	4.6.30		66608c7891179872802458c2e8a5f30fdc8598cf
org.wso2.carbon.mediation	org.wso2.carbon.mediator.drop.ui	4.6.31		de8d1364b9100373f3730b6279b574f615a63552
org.wso2.carbon.mediation	org.wso2.carbon.mediator.drop.ui	4.6.32		46b339fd653e43b3ee5ca023e81faae85bf73583
org.wso2.carbon.mediation	org.wso2.carbon.mediator.drop.ui	4.6.33		a1cc7700b0dd29cb47ea420bd73b56a4b7b89175
org.wso2.carbon.mediation	org.wso2.carbon.mediator.drop.ui	4.6.34		700220259931d1b792d4804b59499eed89ab80fb
org.wso2.carbon.mediation	org.wso2.carbon.mediator.drop.ui	4.6.35		bbddc7b6a2c12b4f3f80a18974280c88dd5babc2
org.wso2.carbon.mediation	org.wso2.carbon.mediator.drop.ui	4.6.36		55ceb0f815c3ba931f9aaa4bbdd6d6687f9188cc
org.wso2.carbon.mediation	org.wso2.carbon.mediator.drop.ui	4.6.37		ad22bc61d22f009cbc56e750e35277f85ddd09d5
org.wso2.carbon.mediation	org.wso2.carbon.mediator.drop.ui	4.6.38		a684173501f98aa5f49950c14cfd4cb8c0fb7a3d
org.wso2.carbon.mediation	org.wso2.carbon.mediator.drop.ui	4.6.39		8b7d7019569bdc8496f4b59b9b821f204e1a26a6
org.wso2.carbon.mediation	org.wso2.carbon.mediator.drop.ui	4.6.40		5bfca7b94c44cb68a58ba0319f49609a7a30904c
org.wso2.carbon.mediation	org.wso2.carbon.mediator.drop.ui	4.6.41		76f15fb1d88f94be5fc43e6971c59185ab4a4f3b
org.wso2.carbon.mediation	org.wso2.carbon.mediator.drop.ui	4.6.42		10f4af63c519b25b47ab6334ba3b3703fd92a6d4
org.wso2.carbon.mediation	org.wso2.carbon.mediator.drop.ui	4.6.43		4c1015b2038aee260554ab83bac200c42c60a3a6
org.wso2.carbon.mediation	org.wso2.carbon.mediator.drop.ui	4.6.44		2772d563ca9f99a6345c610542fc72d07b3742cc
org.wso2.carbon.mediation	org.wso2.carbon.mediator.drop.ui	4.6.45		cdecda63fd7161da8c453adcdd4899330da53339
org.wso2.carbon.mediation	org.wso2.carbon.mediator.drop.ui	4.6.46		d7bfd5f1034cdb38f7ffc1050d16e9a5b49f8386
org.wso2.carbon.mediation	org.wso2.carbon.mediator.drop.ui	4.6.47		791b66fd4fe0bb635fdcbf77c9f3d66bd815ee0e
org.wso2.carbon.mediation	org.wso2.carbon.mediator.drop.ui	4.6.48		948ba81a5443255c367dd472659034debc2f53f2
org.wso2.carbon.mediation	org.wso2.carbon.mediator.drop.ui	4.6.49		77fc6d5c9e24caa89ef33487a36ec182475606f5
org.wso2.carbon.mediation	org.wso2.carbon.mediator.drop.ui	4.6.51		71cc8c6f1324683c83a04bfb72d7b30dc8e2d19a
org.wso2.carbon.mediation	org.wso2.carbon.mediator.drop.ui	4.6.52		e9cecbacdaffb53aa66e72a2ed1035a574f9efa3
org.wso2.carbon.mediation	org.wso2.carbon.mediator.drop.ui	4.6.53		f4223c37666a4cb34b05cbca6334140e7171a288
org.wso2.carbon.mediation	org.wso2.carbon.mediator.drop.ui	4.6.54		cf491ee2081e49fdb6436d64b3ec6058872f9754
org.wso2.carbon.mediation	org.wso2.carbon.mediator.drop.ui	4.6.56		16e11167619156afaf7efb214f041752f9a2bd43
org.wso2.carbon.mediation	org.wso2.carbon.mediator.drop.ui	4.6.57		5d955f52ae39dcd37d9518fea33bfac78236159d
org.wso2.carbon.mediation	org.wso2.carbon.mediator.drop.ui	4.6.58		d6af250b3be03fe5272ba2d4d1e1c33477a6f71c
org.wso2.carbon.mediation	org.wso2.carbon.mediator.drop.ui	4.6.59		11ff3a0c66cd530a0cfcf85952db3abb569af687
org.wso2.carbon.mediation	org.wso2.carbon.mediator.drop.ui	4.6.60		be0f83f55f80874c9f93d8c2c59f04a85c46c25f
org.wso2.carbon.mediation	org.wso2.carbon.mediator.drop.ui	4.6.61		2ab2e20df0edca512c09d4b68439a6042f8af271
org.wso2.carbon.mediation	org.wso2.carbon.mediator.drop.ui	4.6.62		c8d8441a25540e7891405b22944db7295d4829b0
org.wso2.carbon.mediation	org.wso2.carbon.mediator.drop.ui	4.6.63		260da90dfc12d1f034178ae82f5aba484fd348b5
org.wso2.carbon.mediation	org.wso2.carbon.mediator.drop.ui	4.6.64		0e4791cdc04927fc7a6a4d9aa8d79057a9a1955b
org.wso2.carbon.mediation	org.wso2.carbon.mediator.drop.ui	4.6.65		650f88789491a44837ef45dfce1ec32f04ade9c2
org.wso2.carbon.mediation	org.wso2.carbon.mediator.drop.ui	4.6.66		1d7491c1d4d76f3dae340d3b1d32a03b276a3012
org.wso2.carbon.mediation	org.wso2.carbon.mediator.drop.ui	4.6.67		fbcc7eac047706634855cfe7161bac225b320811
org.wso2.carbon.mediation	org.wso2.carbon.mediator.drop.ui	4.6.68		9e3996b122ffb03df4f779bf2e863f3cdbd5fb08
org.wso2.carbon.mediation	org.wso2.carbon.mediator.drop.ui	4.6.69		9a3803f87856a02e3c3a40d2701e9df6e9b3f5bb
org.wso2.carbon.mediation	org.wso2.carbon.mediator.drop.ui	4.6.70		b5ca23b7b4210c4393d6f60970e7a51354c71d99
org.wso2.carbon.mediation	org.wso2.carbon.mediator.drop.ui	4.6.71		329d1c7d1290380d4ae49bf0b4ae7d397360b144
org.wso2.carbon.mediation	org.wso2.carbon.mediator.drop.ui	4.6.72		6f9057c6aacd8d321b33f0d2e759c3a85c6eca52
org.wso2.carbon.mediation	org.wso2.carbon.mediator.drop.ui	4.6.73		bc3707e5db5c9efa3648d667c9fac36fbf3929c0
org.wso2.carbon.mediation	org.wso2.carbon.mediator.drop.ui	4.6.74		8583a08b0d386ec9a6ed0e3b86b9795bea3d7210
org.wso2.carbon.mediation	org.wso2.carbon.mediator.drop.ui	4.6.75		69a9a75e1952591a9bffb675c8c6c7941fc24b57
org.wso2.carbon.mediation	org.wso2.carbon.mediator.drop.ui	4.6.76		13e30ae2cee5b68e1ad0da78bbfce43210623e8d
org.wso2.carbon.mediation	org.wso2.carbon.mediator.drop.ui	4.6.77		85ab244a46df7656b54e449cb47fa1748a1c3d6a
org.wso2.carbon.mediation	org.wso2.carbon.mediator.drop.ui	4.6.78		b32ce6720c88fafb67c5daedfb9e2314581dd67a
org.wso2.carbon.mediation	org.wso2.carbon.mediator.drop.ui	4.6.79		a7746d4768bc9eabcc250a55b486e18710c263b6
org.wso2.carbon.mediation	org.wso2.carbon.mediator.drop.ui	4.6.80		6bbe3fe87f1f7fe08406957e8225bb694ace78f9
org.wso2.carbon.mediation	org.wso2.carbon.mediator.drop.ui	4.6.81		93f03c4e2cc13665b5c3dfda2648639d6b567629
org.wso2.carbon.mediation	org.wso2.carbon.mediator.drop.ui	4.6.82		76c72436148afbedf1cdac36357569f514d7ebdd
org.wso2.carbon.mediation	org.wso2.carbon.mediator.drop.ui	4.6.83		0df38cf3c5988fbc5bb5788d920d986491d6e7ac
org.wso2.carbon.mediation	org.wso2.carbon.mediator.drop.ui	4.6.84		e4b8d2bb6251868d389f7dd92f91a6db60955c4f
org.wso2.carbon.mediation	org.wso2.carbon.mediator.drop.ui	4.6.85		cdd954060d16622c9d53096c1b116516cd8505ce
org.wso2.carbon.mediation	org.wso2.carbon.mediator.drop.ui	4.6.86		bb684da216199353f280535e88c4cf4c771678c9
org.wso2.carbon.mediation	org.wso2.carbon.mediator.drop.ui	4.6.87		fe6ebfc28510411ee8681db92f22bde7ccd0a70f
org.wso2.carbon.mediation	org.wso2.carbon.mediator.drop.ui	4.6.88		58da8011511d4c049ca19cdacf88d9972c787741
org.wso2.carbon.mediation	org.wso2.carbon.mediator.drop.ui	4.6.89		c49759013d9cb5634b369b109f64c57403239807
org.wso2.carbon.mediation	org.wso2.carbon.mediator.drop.ui	4.6.90		5e427910c587b5c577846571c1678db9bf1fc1b1
org.wso2.carbon.mediation	org.wso2.carbon.mediator.drop.ui	4.6.91		19e4d97e7629495545fc8c046c85e38a5aab959b
org.wso2.carbon.mediation	org.wso2.carbon.mediator.drop.ui	4.6.92		0470eaa5b8ff7f087a5ae353d0ebe17526c3a4f1
org.wso2.carbon.mediation	org.wso2.carbon.mediator.drop.ui	4.6.93		54796332ad2cb90cf06e364f8a8d3315dcdfd9cb
org.wso2.carbon.mediation	org.wso2.carbon.mediator.drop.ui	4.6.94		e2f04c962b2bb0143f92369c79d4fe9df3a5f788
org.wso2.carbon.mediation	org.wso2.carbon.mediator.drop.ui	4.6.95		2ca8dc9750e6de66c3d84c55e77218fc78a20690
org.wso2.carbon.mediation	org.wso2.carbon.mediator.drop.ui	4.6.96		33f31463b52efe929275571b03b25f917bedfa72
org.wso2.carbon.mediation	org.wso2.carbon.mediator.drop.ui	4.6.97		88531682c527a5d969802cb30f64e59e5bfbf700
org.wso2.carbon.mediation	org.wso2.carbon.mediator.drop.ui	4.6.98		6b8cda39095186754ff756db0be7bb00c2552814
org.wso2.carbon.mediation	org.wso2.carbon.mediator.drop.ui	4.6.99		8a34c732ae8ce3f0b0169a3ec6dbe045ef1d7dc4
org.wso2.carbon.mediation	org.wso2.carbon.mediator.drop.ui	4.7.100		b23d3baff978bcc1bd65b778ecbd904f5b93d13e
org.wso2.carbon.mediation	org.wso2.carbon.mediator.drop.ui	4.7.101		ff618cc9085fa8174a266934814d8c8034d8e768
org.wso2.carbon.mediation	org.wso2.carbon.mediator.drop.ui	4.7.102		56a655209c5c3408c0cb48f2a6a916edd43242e4
org.wso2.carbon.mediation	org.wso2.carbon.mediator.drop.ui	4.7.103		28ad4ec1be486825033b70432787600ffcef20a9
org.wso2.carbon.mediation	org.wso2.carbon.mediator.drop.ui	4.7.104		abda309625fdf70efd74847e00d4d5763b248b5b
org.wso2.carbon.mediation	org.wso2.carbon.mediator.drop.ui	4.7.105		35be659f409e6b9a8b57b7bbc2452ef10b47e929
org.wso2.carbon.mediation	org.wso2.carbon.mediator.drop.ui	4.7.106		4f0d84617bf7088a092dac276cc37b40c180be7d
org.wso2.carbon.mediation	org.wso2.carbon.mediator.drop.ui	4.7.107		d1705a9d65cfb415c9cf50216959df93a45c82ce
org.wso2.carbon.mediation	org.wso2.carbon.mediator.drop.ui	4.7.108		bba5d2b889d05f9654a6f015b00dc4e0a12d9674
org.wso2.carbon.mediation	org.wso2.carbon.mediator.drop.ui	4.7.109		1c4c4774673c4437275dc1ce0a93d66db5a2871f
org.wso2.carbon.mediation	org.wso2.carbon.mediator.drop.ui	4.7.110		400028b0553bc5fac653caeb068458b0cded48c3
org.wso2.carbon.mediation	org.wso2.carbon.mediator.drop.ui	4.7.111		69f6dd9bc3a5213312fb395f611f23078356c93a
org.wso2.carbon.mediation	org.wso2.carbon.mediator.drop.ui	4.7.112		3d3eb7e8c366bdde588658d5ed5c3e6b7d6c15b0
org.wso2.carbon.mediation	org.wso2.carbon.mediator.drop.ui	4.7.113		15f836754f6729f560f3559a988c0791ef4260d8
org.wso2.carbon.mediation	org.wso2.carbon.mediator.drop.ui	4.7.114		cf042b3855b9760e6b4bbb9e32390a5902617a66
org.wso2.carbon.mediation	org.wso2.carbon.mediator.drop.ui	4.7.115		eb6392d1460b51c95d32a0d428b141d96171ed80
org.wso2.carbon.mediation	org.wso2.carbon.mediator.drop.ui	4.7.116		1f100b6b17a60cb87c7be2a3f445dba79e20c5e1
org.wso2.carbon.mediation	org.wso2.carbon.mediator.drop.ui	4.7.117		b79cea5bca4605642b3f601ad9dc99d358ff7c1c
org.wso2.carbon.mediation	org.wso2.carbon.mediator.drop.ui	4.7.118		da2b954fb12c9df0e9945e76ead6ea099e972e52
org.wso2.carbon.mediation	org.wso2.carbon.mediator.drop.ui	4.7.119		f90bcc7c45c555c0878e2c6e468ad42e1e360477
org.wso2.carbon.mediation	org.wso2.carbon.mediator.drop.ui	4.7.120		a53216f72526ec9a977faf1020081a28d54e37fb
org.wso2.carbon.mediation	org.wso2.carbon.mediator.drop.ui	4.7.121		76d52ab4f2538ebe0c0c4f664d5320981f0384a4
org.wso2.carbon.mediation	org.wso2.carbon.mediator.drop.ui	4.7.122		6fc50191947bfc905c6bebdaa0bbca0e60ae23d8
org.wso2.carbon.mediation	org.wso2.carbon.mediator.drop.ui	4.7.137		dfb85686b843738c6946e36131820354060233e1
org.wso2.carbon.mediation	org.wso2.carbon.mediator.drop.ui	4.7.138		b69634c327f8324805ab0370211bcaba2507039d
org.wso2.carbon.mediation	org.wso2.carbon.mediator.drop.ui	4.7.139		fdcf6644a04b4c4dcf323fe62d1114521b7f4e5a
org.wso2.carbon.mediation	org.wso2.carbon.mediator.drop.ui	4.7.140		eada83b8c3330dcfe665ef4a4615597e2226569c
org.wso2.carbon.mediation	org.wso2.carbon.mediator.drop.ui	4.7.141		91e89a09dda06efe1b7e755815fec766f018cf62
org.wso2.carbon.mediation	org.wso2.carbon.mediator.drop.ui	4.7.142		9f321f8d6ef4bcba3eb9ec8217a3eda593c2a900
org.wso2.carbon.mediation	org.wso2.carbon.mediator.drop.ui	4.7.143		55602ea5ec68c138e4c01561acd597bca2ed53d9
org.wso2.carbon.mediation	org.wso2.carbon.mediator.drop.ui	4.7.144		935fb02b7b2f123acf7daed79c510f94014a56d5
org.wso2.carbon.mediation	org.wso2.carbon.mediator.drop.ui	4.7.145		e05b874c5455a0f75b96a74eae7c216bf3e666c8
org.wso2.carbon.mediation	org.wso2.carbon.mediator.drop.ui	4.7.146		c900c540018bd5fe204879b94f715182caa16543
org.wso2.carbon.mediation	org.wso2.carbon.mediator.drop.ui	4.7.147		50b8a58cd9dbb1e03db9ef2e4df8b35c22311233
org.wso2.carbon.mediation	org.wso2.carbon.mediator.drop.ui	4.7.148		718bdd95693fe627fab42251ea461b681c34bd34
org.wso2.carbon.mediation	org.wso2.carbon.mediator.drop.ui	4.7.159		4e282f1910c1fbfd8236545631045ba2c533de0b
org.wso2.carbon.mediation	org.wso2.carbon.mediator.drop.ui	4.7.16		93bda3faf954906aeb5b4efae735277873b63899
org.wso2.carbon.mediation	org.wso2.carbon.mediator.drop.ui	4.7.160		4117e5bb53cb07bfe79f046549dbfc505202d1c1
org.wso2.carbon.mediation	org.wso2.carbon.mediator.drop.ui	4.7.161		69856982c6d39f47c023c24f626b62166b66f385
org.wso2.carbon.mediation	org.wso2.carbon.mediator.drop.ui	4.7.162		af1b471782c61f6c8bebea45c85fb66ed517e934
org.wso2.carbon.mediation	org.wso2.carbon.mediator.drop.ui	4.7.163		ab06bd346ca7856faf254fa2c426fd132ad54f05
org.wso2.carbon.mediation	org.wso2.carbon.mediator.drop.ui	4.7.164		67065eb4ab2a42628718bfe74f4db31bdc161483
org.wso2.carbon.mediation	org.wso2.carbon.mediator.drop.ui	4.7.165		e27134c48cac4ebcb08930ec030e670c071a4a1d
org.wso2.carbon.mediation	org.wso2.carbon.mediator.drop.ui	4.7.166		fc2d4938ecf6f26c9087be22e2266d83395c1658
org.wso2.carbon.mediation	org.wso2.carbon.mediator.drop.ui	4.7.167		0d78227609248e404ec339204e5e1bff9e79ef39
org.wso2.carbon.mediation	org.wso2.carbon.mediator.drop.ui	4.7.168		83f40d8a35842f1d0749df751421b3d22e3d9095
org.wso2.carbon.mediation	org.wso2.carbon.mediator.drop.ui	4.7.17		994f4d96dd1463f36b9c13a642c65b5a1631fb28
org.wso2.carbon.mediation	org.wso2.carbon.mediator.drop.ui	4.7.170		4b768cdf3f09da7769d292f050439d57597d9df1
org.wso2.carbon.mediation	org.wso2.carbon.mediator.drop.ui	4.7.171		246b7195fcba18f8695a42c175e04192df67c357
org.wso2.carbon.mediation	org.wso2.carbon.mediator.drop.ui	4.7.172		c3d71d5714ec08ef92a58ed77bad3a6913a91229
org.wso2.carbon.mediation	org.wso2.carbon.mediator.drop.ui	4.7.173		a2241b650e27c844331b3c9e72fc44e5972eea3f
org.wso2.carbon.mediation	org.wso2.carbon.mediator.drop.ui	4.7.174		70f31d62df74c699ff8e23c3057a027ede09abd4
org.wso2.carbon.mediation	org.wso2.carbon.mediator.drop.ui	4.7.175		c5aab820c80e666c53cfeee5d1196a0b0a6df887
org.wso2.carbon.mediation	org.wso2.carbon.mediator.drop.ui	4.7.176		ca593909c928bc3b411afd4f406892fc8105bc94
org.wso2.carbon.mediation	org.wso2.carbon.mediator.drop.ui	4.7.177		392f87320bba325759295d3f6226cfca71bd64a0
org.wso2.carbon.mediation	org.wso2.carbon.mediator.drop.ui	4.7.18		cd141ba9231a75f038ed5998d695d917830ded6a
org.wso2.carbon.mediation	org.wso2.carbon.mediator.drop.ui	4.7.19		bb00b6d1c203a2d72065a3eab812ef292d6080f7
org.wso2.carbon.mediation	org.wso2.carbon.mediator.drop.ui	4.7.190		91d5222d4028fc9b4c3dd236fc2604055468511b
org.wso2.carbon.mediation	org.wso2.carbon.mediator.drop.ui	4.7.191		d4d818243f8ca0f979633ed2968eb98e4542033a
org.wso2.carbon.mediation	org.wso2.carbon.mediator.drop.ui	4.7.20		bbf8246d227db809b0c2443d643d53067649235f
org.wso2.carbon.mediation	org.wso2.carbon.mediator.drop.ui	4.7.200		dd7458bdf501099a1ed5cd11e02e72654288921c
org.wso2.carbon.mediation	org.wso2.carbon.mediator.drop.ui	4.7.205		5a7f2bf07232baf88052c5a6d0900fab559d887a
org.wso2.carbon.mediation	org.wso2.carbon.mediator.drop.ui	4.7.206		ff0e43b5f50342a8651d91869114a883a65a9e47
org.wso2.carbon.mediation	org.wso2.carbon.mediator.drop.ui	4.7.207		a1bc8e5e4c43675b64d8ac391ac5dabf08c42541
org.wso2.carbon.mediation	org.wso2.carbon.mediator.drop.ui	4.7.208		9ad33d383857505db63041e0ef1350365b405b57
org.wso2.carbon.mediation	org.wso2.carbon.mediator.drop.ui	4.7.209		e0a3284c04e1140b45cd413109644e28f9f0606e
org.wso2.carbon.mediation	org.wso2.carbon.mediator.drop.ui	4.7.21		9c63ab8c611dfa5a2e267584fb7077002b4e70c1
org.wso2.carbon.mediation	org.wso2.carbon.mediator.drop.ui	4.7.214		8b6e84e30920ad8eb445adcd56dfef5006201fd2
org.wso2.carbon.mediation	org.wso2.carbon.mediator.drop.ui	4.7.215		4f23cf1732501128d1bbceb6a0dc8b49dceec0b9
org.wso2.carbon.mediation	org.wso2.carbon.mediator.drop.ui	4.7.217		82b1471460d4cedd548f7e17faea1c7929e044ac
org.wso2.carbon.mediation	org.wso2.carbon.mediator.drop.ui	4.7.218		b029b4c23a60ed42cb50b3953b03b23d7b285282
org.wso2.carbon.mediation	org.wso2.carbon.mediator.drop.ui	4.7.219		25c23d134d2c44323348570ce5a91e269a89748a
org.wso2.carbon.mediation	org.wso2.carbon.mediator.drop.ui	4.7.22		058f61cee0493da0de6b96b0b13e1bca64b1046d
org.wso2.carbon.mediation	org.wso2.carbon.mediator.drop.ui	4.7.224		66b783808710ae7d32b1706eb3fc4e23e2a9edf8
org.wso2.carbon.mediation	org.wso2.carbon.mediator.drop.ui	4.7.23		38bcf8562220625fd0d56f2be4c88ec574e26bf9
org.wso2.carbon.mediation	org.wso2.carbon.mediator.drop.ui	4.7.30		020db2e23573c3508c5d22c32e713e0749a262ce
org.wso2.carbon.mediation	org.wso2.carbon.mediator.drop.ui	4.7.34		345883869b9c603b666f8b71056a59b5dec98753
org.wso2.carbon.mediation	org.wso2.carbon.mediator.drop.ui	4.7.35		253e2ec390ac462a51345d43f276a6bc1764df57
org.wso2.carbon.mediation	org.wso2.carbon.mediator.drop.ui	4.7.36		60e2f6dfb242675834eff988effab9fd7c7009c1
org.wso2.carbon.mediation	org.wso2.carbon.mediator.drop.ui	4.7.37		6688086faaafad16c8c0f7dd9955d4969705557b
org.wso2.carbon.mediation	org.wso2.carbon.mediator.drop.ui	4.7.38		042dbc6c3bfa9463bbbbff1a5f08f77eadec530b
org.wso2.carbon.mediation	org.wso2.carbon.mediator.drop.ui	4.7.39		1fa8ddc78866a329fba7960ab0de16c7fad7c999
org.wso2.carbon.mediation	org.wso2.carbon.mediator.drop.ui	4.7.41		2b17db2492759fdc639bb7dc4b440347e6a55857
org.wso2.carbon.mediation	org.wso2.carbon.mediator.drop.ui	4.7.42		7f1f0502803c9cc2cf3037f750aaaa71f88d2e04
org.wso2.carbon.mediation	org.wso2.carbon.mediator.drop.ui	4.7.43		e96061e715195996d47bf3310b1c41c1eb8c34eb
org.wso2.carbon.mediation	org.wso2.carbon.mediator.drop.ui	4.7.44		84e62905f871bebd8a77c7825f29de18e1fde72f
org.wso2.carbon.mediation	org.wso2.carbon.mediator.drop.ui	4.7.45		6a94154f47ad70221e4f846bc6c0afeded0a3c45
org.wso2.carbon.mediation	org.wso2.carbon.mediator.drop.ui	4.7.46		dd1b53268018c48c9f4aa7644979b5483ce36990
org.wso2.carbon.mediation	org.wso2.carbon.mediator.drop.ui	4.7.47		c2d6abf01ee132255720bf1efba6fd7e6b1a8045
org.wso2.carbon.mediation	org.wso2.carbon.mediator.drop.ui	4.7.48		ce6a9bc83d29a60cdb6f3605b0fac91cfa578365
org.wso2.carbon.mediation	org.wso2.carbon.mediator.drop.ui	4.7.49		eac38f883abeb202e123bb422cf4b13ec6ca978a
org.wso2.carbon.mediation	org.wso2.carbon.mediator.drop.ui	4.7.50		15d7b2b80571261c2b799e00febdfc0f1564e419
org.wso2.carbon.mediation	org.wso2.carbon.mediator.drop.ui	4.7.51		2cf7d05abb239a4eab16a2944a90a72b40d1e5dd
org.wso2.carbon.mediation	org.wso2.carbon.mediator.drop.ui	4.7.52		600006170201ff2a91b0190fb605186739fdc154
org.wso2.carbon.mediation	org.wso2.carbon.mediator.drop.ui	4.7.53		077862d3e8423c528651d4b7a7ded239e02f380f
org.wso2.carbon.mediation	org.wso2.carbon.mediator.drop.ui	4.7.54		9bb9127daa7b1b763e5c6fd4d308921b8237024a
org.wso2.carbon.mediation	org.wso2.carbon.mediator.drop.ui	4.7.55		e4e82e937a343f2041592aab24b41b6e13169a42
org.wso2.carbon.mediation	org.wso2.carbon.mediator.drop.ui	4.7.56		9f5b7fb6c57a8a38c90e43e628139a8805b58154
org.wso2.carbon.mediation	org.wso2.carbon.mediator.drop.ui	4.7.57		ba310610e361c65966c57d82b7a575a986504212
org.wso2.carbon.mediation	org.wso2.carbon.mediator.drop.ui	4.7.58		ecca121fafd0b8e396c32c90c504318e35771ef3
org.wso2.carbon.mediation	org.wso2.carbon.mediator.drop.ui	4.7.59		7c3e0452f56fa22176f5e2c809b6e87e5f58a02e
org.wso2.carbon.mediation	org.wso2.carbon.mediator.drop.ui	4.7.60		98f527be1ecd040b7c73457e0080df59875c38b8
org.wso2.carbon.mediation	org.wso2.carbon.mediator.drop.ui	4.7.61		c91911233481d991caf1eea6268969b99ab8fc21
org.wso2.carbon.mediation	org.wso2.carbon.mediator.drop.ui	4.7.62		9a5dc40222a76b0c5e067f31411955872f7fc1cb
org.wso2.carbon.mediation	org.wso2.carbon.mediator.drop.ui	4.7.63		900a76a1e99eb61cf2fad81b121f48b9367f764b
org.wso2.carbon.mediation	org.wso2.carbon.mediator.drop.ui	4.7.64		72e5e495d58ce470793b5b79e270acc22cd90d99
org.wso2.carbon.mediation	org.wso2.carbon.mediator.drop.ui	4.7.65		a737f2b47a1846febd19c47993f8882c587f9780
org.wso2.carbon.mediation	org.wso2.carbon.mediator.drop.ui	4.7.66		9c2682684ae8b45999e5e990684c87cd69fbc46c
org.wso2.carbon.mediation	org.wso2.carbon.mediator.drop.ui	4.7.67		9a59ab842b52fa79dc2cb4c63850bc0c4b835557
org.wso2.carbon.mediation	org.wso2.carbon.mediator.drop.ui	4.7.68		2b493ef368eadbf3c3190c2c486ae8df14862a6e
org.wso2.carbon.mediation	org.wso2.carbon.mediator.drop.ui	4.7.69		b8a25036768e9fee36eaab57f1c45f7bbe33c5f6
org.wso2.carbon.mediation	org.wso2.carbon.mediator.drop.ui	4.7.70		932bec6f65820ecf5fa5518347baba10ee430651
org.wso2.carbon.mediation	org.wso2.carbon.mediator.drop.ui	4.7.72		acf27e8dd19e841023243bfe201a07a0670fb2ac
org.wso2.carbon.mediation	org.wso2.carbon.mediator.drop.ui	4.7.74		69b6adf433ab023884bc29d43ac34994eba249df
org.wso2.carbon.mediation	org.wso2.carbon.mediator.drop.ui	4.7.75		90fe3c1c2655dfd8c8124dae53294e03afd31554
org.wso2.carbon.mediation	org.wso2.carbon.mediator.drop.ui	4.7.76		fb4448a9244773ed3be33c7ea1eb708421d6141c
org.wso2.carbon.mediation	org.wso2.carbon.mediator.drop.ui	4.7.77		f5070840913e58cd0485433444413d82d324ae22
org.wso2.carbon.mediation	org.wso2.carbon.mediator.drop.ui	4.7.78		d370a473f3d589bae55606bc4d6e7f05b795c33a
org.wso2.carbon.mediation	org.wso2.carbon.mediator.drop.ui	4.7.79		7a50edd77750a46381fcfd633d90c8cbed80d9d0
org.wso2.carbon.mediation	org.wso2.carbon.mediator.drop.ui	4.7.80		419370e87d11d58c6e9cc9f94745b2d34f005610
org.wso2.carbon.mediation	org.wso2.carbon.mediator.drop.ui	4.7.81		573915fd2cfa5db08c48a9791343dbeb7e110d8b
org.wso2.carbon.mediation	org.wso2.carbon.mediator.drop.ui	4.7.82		4c2a7874c7b696cde7528c9b661e928a36c08ef3
org.wso2.carbon.mediation	org.wso2.carbon.mediator.drop.ui	4.7.83		b97144388a16276a831d63b69eb9498651b57859
org.wso2.carbon.mediation	org.wso2.carbon.mediator.drop.ui	4.7.84		c22ad32445c9d839a16479f2b7bfd8f6e4ed9857
org.wso2.carbon.mediation	org.wso2.carbon.mediator.drop.ui	4.7.85		d27d84c1982c7b3d405da439fcf0b10e91845fc2
org.wso2.carbon.mediation	org.wso2.carbon.mediator.drop.ui	4.7.86		940a4aacc7470dff3b682bb63ff3b6840707a66b
org.wso2.carbon.mediation	org.wso2.carbon.mediator.drop.ui	4.7.87		a0c8811ba8ea97fec504a5663a429ce3e480aadd
org.wso2.carbon.mediation	org.wso2.carbon.mediator.drop.ui	4.7.88		3657f6a08f94d8d6754aa5c0ffc21c19e2df9edf
org.wso2.carbon.mediation	org.wso2.carbon.mediator.drop.ui	4.7.89		6d5be687a31ed59236bb279efaf1221e4cb4d6c9
org.wso2.carbon.mediation	org.wso2.carbon.mediator.drop.ui	4.7.90		845b556cd72052f8ddead5675b8c7928bf3b0fa1
org.wso2.carbon.mediation	org.wso2.carbon.mediator.drop.ui	4.7.91		ee29f6873cf2ea3df513c73112f91815ae3f1f55
org.wso2.carbon.mediation	org.wso2.carbon.mediator.drop.ui	4.7.92		97da58217b9a1c37b8460e0a2d1ab63e41b56f75
org.wso2.carbon.mediation	org.wso2.carbon.mediator.drop.ui	4.7.93		86d5f8b489949b5c80cdd59c80ae90ae4240904c
org.wso2.carbon.mediation	org.wso2.carbon.mediator.drop.ui	4.7.94		2e52db094672603242911ea707250b436c577f9f
org.wso2.carbon.mediation	org.wso2.carbon.mediator.drop.ui	4.7.95		54a80317a9c81ebbd724488ce819855aecbc24b7
org.wso2.carbon.mediation	org.wso2.carbon.mediator.drop.ui	4.7.96		1a3103b52f12caebcd382ad85d211c827bdb25e3
org.wso2.carbon.mediation	org.wso2.carbon.mediator.drop.ui	4.7.97		2abae35326ef73b8e5c93776d9b6178fbea0e2d0
org.wso2.carbon.mediation	org.wso2.carbon.mediator.drop.ui	4.7.98		e4148e874856771850df548e9d13709e9591f0b8
org.wso2.carbon.mediation	org.wso2.carbon.mediator.drop.ui	4.7.99		d81c32bfae157626e92d4b96d96589daf4bfaa94
software.amazon.sagemaker.featurestore	sagemaker-feature-store-spark-sdk_2.12	1.0.0		de6a677fd7ab86c1d2f3a359df9c118fcabacff1
software.amazon.sagemaker.featurestore	sagemaker-feature-store-spark-sdk_2.12	1.1.0		e752ba31850877956caf4147f086a0f29c0c1088
software.amazon.sagemaker.featurestore	sagemaker-feature-store-spark-sdk_2.12	1.1.1		cff731063ec79f01320ea9eebc5c42cf7fa3c8da
software.amazon.sagemaker.featurestore	sagemaker-feature-store-spark-sdk_2.12	1.1.2		e1794f14f1c212dd0eb9c1daf37bca965b7b42e3
