au.com.dius	pact-jvm-server_2.11	2.0.0		ff5d5d351e82c9b7db1d060678ee3a4f619db4b4
au.com.dius	pact-jvm-server_2.11	2.0.1		0c01612d8985bbd89ccf2d25db694ffea71cc37e
au.com.dius	pact-jvm-server_2.11	2.0.2		eb0bd989dfb31b7f0000a16b60aa16f9d04f4de1
au.com.dius	pact-jvm-server_2.11	2.0.3		7729cada4dd91d4649fe15169df61715f2fff5c5
au.com.dius	pact-jvm-server_2.11	2.0.4		ce968e6977ddf13675cf23129e7bb9d071aabb87
au.com.dius	pact-jvm-server_2.11	2.0.5		1f1522e8c4ffa5530f0cfb801a73940a9575df89
au.com.dius	pact-jvm-server_2.11	2.0.6		1f2be0a30ae263def41b0d19361b88305031751e
au.com.dius	pact-jvm-server_2.11	2.0.7		936f51cec3915d37a99bf0c57b27404ede42ed26
au.com.dius	pact-jvm-server_2.11	2.0.8		dea7efdb44326a5a491fa8433411a8bae387c891
au.com.dius	pact-jvm-server_2.11	2.0.9		b20b7fac89b68918d7c7343f14b723323341c440
au.com.dius	pact-jvm-server_2.11	2.1.0		12609021a6283b0bf7e87e9e076f8493cd1db44d
au.com.dius	pact-jvm-server_2.11	2.1.1		336604acb8fe75af9f34a7aceb8ec814b17b137b
au.com.dius	pact-jvm-server_2.11	2.1.10		46f6a95f48d9e4f86c476804f7a1ea36b3ac2db7
au.com.dius	pact-jvm-server_2.11	2.1.11		2dd4eb2341329d298d3203d67a32f1310b12a632
au.com.dius	pact-jvm-server_2.11	2.1.12		3bd2abdcfda84a082575866b27c24bbf1179b99b
au.com.dius	pact-jvm-server_2.11	2.1.13		abc54c81e744af864a5f81066a44c49f0165dcef
au.com.dius	pact-jvm-server_2.11	2.1.2		c7d5b2b1badcda40a0ca1b8abdd68a89c62a8de7
au.com.dius	pact-jvm-server_2.11	2.1.3		ba2ace833c1b4616981591a5be95eec6365807f1
au.com.dius	pact-jvm-server_2.11	2.1.4		8735aab60f2156046faa577170c0b5828b7818a6
au.com.dius	pact-jvm-server_2.11	2.1.5		bc62b1358ec58081ceefd7b08022e3d47f634b7c
au.com.dius	pact-jvm-server_2.11	2.1.6		d23a820208eda246231160d9fecee4db02631658
au.com.dius	pact-jvm-server_2.11	2.1.7		25dcfcd80b8aa4f67b7634a3d887170d8c9cfde4
au.com.dius	pact-jvm-server_2.11	2.1.8		8435ca7d5d412514320981840395c5a61518a44c
au.com.dius	pact-jvm-server_2.11	2.1.9		a048c61b18a0435e878a0673c5dc6606b234a9d2
au.com.dius	pact-jvm-server_2.11	2.2.0		52bfeaf026faa9765e90cefffb463877579959e6
au.com.dius	pact-jvm-server_2.11	2.2.1		eb257e5abe7280a22096d45a2b6491bbe5950455
au.com.dius	pact-jvm-server_2.11	2.2.10		374afffca6c3410e208b30a0c33e42b166647c97
au.com.dius	pact-jvm-server_2.11	2.2.11		fb2bd2e0ea63304bb7bd03d9a0834404279cdc15
au.com.dius	pact-jvm-server_2.11	2.2.12		cd8d747d5e79e9bf68e5506af7ccfba019ec2aed
au.com.dius	pact-jvm-server_2.11	2.2.13		9c0373ba4f1712a1924f4aff74cb2ea5a3586701
au.com.dius	pact-jvm-server_2.11	2.2.14		45a3c25c5308df2d849cffd9fc8159c019db55c6
au.com.dius	pact-jvm-server_2.11	2.2.15		e3f55b9d213ba790b763ec9f70aed7b7bbe59245
au.com.dius	pact-jvm-server_2.11	2.2.2		c04d2d933e3483f2e2d5891b036f688c81ce2db2
au.com.dius	pact-jvm-server_2.11	2.2.3		93b9e71f8c42e03df33fe0d0a1753725a1bfc55a
au.com.dius	pact-jvm-server_2.11	2.2.4		89e643876964128361bd4693ac4b5f1bde0b6205
au.com.dius	pact-jvm-server_2.11	2.2.5		78039731d8766036351651a6851ce7f426d4a13d
au.com.dius	pact-jvm-server_2.11	2.2.6		dadc2556665b613baa8dd56403198484c454d4e0
au.com.dius	pact-jvm-server_2.11	2.2.7		3fe2b4b4066824655c6a46d6816178fe038526ac
au.com.dius	pact-jvm-server_2.11	2.2.8		e0133b4ed86020e1a34185d76d8f18794202bee2
au.com.dius	pact-jvm-server_2.11	2.2.9		d7c053b22047b76d744f4f7c7a2343d804a8e4a5
au.com.dius	pact-jvm-server_2.11	2.3.3		e96067a9bc8efea15b8b4117cd568dc06ee87327
au.com.dius	pact-jvm-server_2.11	2.4.0		2ff8d9c5b8f8cecf84ebd3ab74a45e0e9b6767db
au.com.dius	pact-jvm-server_2.11	2.4.10		442aa61e8b21c5068e50491f8186880f52ab3641
au.com.dius	pact-jvm-server_2.11	2.4.11		c8be610331503c018445f12f4eaff145452516a7
au.com.dius	pact-jvm-server_2.11	2.4.12		83f37a26bcca3803265f240b56b0e1b623c70ddf
au.com.dius	pact-jvm-server_2.11	2.4.13		640839360ba8571763dd233e694fd66ca2d531ee
au.com.dius	pact-jvm-server_2.11	2.4.14		90fe7a47e4545d6b53facbe2e0ac41a06cdf9652
au.com.dius	pact-jvm-server_2.11	2.4.16		7d1090b3c1b9614ca6cedf4a9090bdf184eeff31
au.com.dius	pact-jvm-server_2.11	2.4.17		cf786d9041d0fa36e939a680048e9c791193fcbc
au.com.dius	pact-jvm-server_2.11	2.4.18		ab88d99d29a54642cf798300b768cfe5cbaf802e
au.com.dius	pact-jvm-server_2.11	2.4.19		8969db82db3b0027cc01dc4920b682791dea815c
au.com.dius	pact-jvm-server_2.11	2.4.2		585b4fba03ade676757c487841bd2cd4bf1eef22
au.com.dius	pact-jvm-server_2.11	2.4.20		c87df6641accc0b5d28e056288f6f80063fb9755
au.com.dius	pact-jvm-server_2.11	2.4.4		af956ecdb3fa93777b5b0a23c7cd3421a92b5271
au.com.dius	pact-jvm-server_2.11	2.4.5		42bd0cf18097832f9b890747aaed98478cf68d83
au.com.dius	pact-jvm-server_2.11	2.4.6		d8e004113da4e8b6420fc93c1fb046a91ad9393e
au.com.dius	pact-jvm-server_2.11	2.4.7		41abfb1ca3724a63590f0c00f35fce1416137065
au.com.dius	pact-jvm-server_2.11	2.4.8		7cb75b5605cacf585e554f2ff9bd07c0f0c34f31
au.com.dius	pact-jvm-server_2.11	2.4.9		204c2dc550cd2272f6442f5a88f97cf8dd118269
au.com.dius	pact-jvm-server_2.11	3.0.0		5a55bf2c07bbf94bc456ba742f0405868e354ff3
au.com.dius	pact-jvm-server_2.11	3.0.1		137803e773dcf0b84553ff6592dad21e3bcc05d0
au.com.dius	pact-jvm-server_2.11	3.0.2		6f204f84f6dd18cbff540a78efc263834e8e16f3
au.com.dius	pact-jvm-server_2.11	3.0.3		93b4170ebc75f7d48ad59fc4b502bdc3c5d08b82
au.com.dius	pact-jvm-server_2.11	3.0.4		6e6c4d30e50fc5a5ab4422c84b56624fc6098641
au.com.dius	pact-jvm-server_2.11	3.1.0		312dd71f5bd2767121a770294b3572ca9923c224
au.com.dius	pact-jvm-server_2.11	3.1.1		4c1ba1b73571cf4d49decde178a93941ad0b67d2
au.com.dius	pact-jvm-server_2.11	3.1.2		f3f275354adc8ce0db9c51078ec10a4f58f05503
au.com.dius	pact-jvm-server_2.11	3.1.3		f2db6f92a2e767de7c59f8890fa3b3474f1ba5cd
au.com.dius	pact-jvm-server_2.11	3.2.0		09bb76f862331cd05f00cac6e96b0a4000f2239c
au.com.dius	pact-jvm-server_2.11	3.2.1		055bc3d8a34d1ddbd1d8c19afc9cc23d9f96ade8
au.com.dius	pact-jvm-server_2.11	3.2.10		ba0936a0a60b8d47c745b0438b9ce49e32c4ef4e
au.com.dius	pact-jvm-server_2.11	3.2.11		1755c1936f9f51f4544946ad1e660e62ed67d606
au.com.dius	pact-jvm-server_2.11	3.2.12		f0366e9e16d2ecf364708d1e6c4a598409ecc8c0
au.com.dius	pact-jvm-server_2.11	3.2.13		aae952a3a2abd4309cb912ca7b2ecb0cf82de096
au.com.dius	pact-jvm-server_2.11	3.2.2		5c22860ce381be7c4c96c03ec16a32503676df0e
au.com.dius	pact-jvm-server_2.11	3.2.3		bc16641a823eafba22082c88c5d34d8973d39dbb
au.com.dius	pact-jvm-server_2.11	3.2.4		7cb5e67a91964cb1e0b34da8258d42f17e5439dc
au.com.dius	pact-jvm-server_2.11	3.2.5		6465a9e0ed6bcd77033b789228a3e516d98344f3
au.com.dius	pact-jvm-server_2.11	3.2.6		dbcf82257ae6c7b5cb65dc60d620d0d18130ebbd
au.com.dius	pact-jvm-server_2.11	3.2.7		860bb9d62012aaffdc54fabbc1c8527c6dbc2fc7
au.com.dius	pact-jvm-server_2.11	3.2.8		7e55241db08190b22123b624b5415f05c102d640
au.com.dius	pact-jvm-server_2.11	3.2.9		58f40b6cea2d48775c893563aad9a6fe89d16120
au.com.dius	pact-jvm-server_2.11	3.3.0		14f694180b148d7c26b4169449579e82f447df91
au.com.dius	pact-jvm-server_2.11	3.3.0-beta.0		38eb024449071d988c6e8db3813c93ebe443dd30
au.com.dius	pact-jvm-server_2.11	3.3.1		a3feae49c9818418e56e438fd1d731a25ceee58b
au.com.dius	pact-jvm-server_2.11	3.3.10		b3966ec711720c0cb55e81d0330af9b5b4dfbf7d
au.com.dius	pact-jvm-server_2.11	3.3.2		f914544e1d1143be09b41acc87b087882ce99420
au.com.dius	pact-jvm-server_2.11	3.3.3		6d8e61dcb99841d4dafc68d2e8d0f777665fe8c2
au.com.dius	pact-jvm-server_2.11	3.3.4		b63cf4e8d9026ada4f373ec82e02ccd9775c1c22
au.com.dius	pact-jvm-server_2.11	3.3.5		399e981a48335e7d8f16a099290a37a621fe580c
au.com.dius	pact-jvm-server_2.11	3.3.6		f4e134c20366aa0fd1450840f773eabeebb7618d
au.com.dius	pact-jvm-server_2.11	3.3.7		377e0b9ea102af94267f174e95f6ee78b03499fc
au.com.dius	pact-jvm-server_2.11	3.3.8		7eba33a7eef8c116f872e51833fe9e26e23d3176
au.com.dius	pact-jvm-server_2.11	3.3.9		d0d77a67faea5492c0241a3a02025784c7338981
au.com.dius	pact-jvm-server_2.11	3.4.0		366e762cc4d8c65e16f5e3a113d7dfbe5a5a878c
au.com.dius	pact-jvm-server_2.11	3.4.1		a9f2ed9f2e74e9064ab9b593ffc008a25da4c6ee
au.com.dius	pact-jvm-server_2.11	3.5.0		35635b3c2231ab27d74c6e7314fb9f9e65c66fc4
au.com.dius	pact-jvm-server_2.11	3.5.0-beta.1		7b240ee4206f098d83816ec7246685ea2e1b0d00
au.com.dius	pact-jvm-server_2.11	3.5.0-beta.2		8e3ad859bc79d1827090c08e2fb9f8901f24a1ef
au.com.dius	pact-jvm-server_2.11	3.5.0-beta.3		f78d1180e8ed6c05ac182c8c11107f79a3072cf9
au.com.dius	pact-jvm-server_2.11	3.5.0-beta.4		460a7c25df50fc3a2c92148b1fb31710d5ea9b9a
au.com.dius	pact-jvm-server_2.11	3.5.0-jre7		9ea66495bd1af7eba6cc089d971a54f7f32b5069
au.com.dius	pact-jvm-server_2.11	3.5.0-jre7.1		a77f1a37de27248b7ffe376964eecd4fca61b8f8
au.com.dius	pact-jvm-server_2.11	3.5.0-rc.1		35e40ebe16a78ca22747c9804abfa5491519bc01
au.com.dius	pact-jvm-server_2.11	3.5.0-rc.2		73a46fd8d8a7bbe016204a538267ecff974a0f54
au.com.dius	pact-jvm-server_2.11	3.5.0-rc.3		822c6e923084cdadfcd4c6542b0132b6bfd3d8cb
au.com.dius	pact-jvm-server_2.11	3.5.1		97b4b6b9928eee759e74f38df27edddaa170850e
au.com.dius	pact-jvm-server_2.11	3.5.1-jre7.1		6f91d7c2321fadc513207aa1dbddeaf7a0ebdc60
au.com.dius	pact-jvm-server_2.11	3.5.10		aaa6c133440ec6c474a82d26ecc3fd79febd9ae2
au.com.dius	pact-jvm-server_2.11	3.5.11		124bf26fb0f8115afd71fe5e9a81a82980082256
au.com.dius	pact-jvm-server_2.11	3.5.12		7799f736118fd62dd958c202d911c05366d4868a
au.com.dius	pact-jvm-server_2.11	3.5.13		c4cd2bda6f628c9f6fbd4c499550b74f6faf67f9
au.com.dius	pact-jvm-server_2.11	3.5.14		fea93b41e7bd04a8d625d811ebc261fe8f7b46bc
au.com.dius	pact-jvm-server_2.11	3.5.15		08fcc7077f0ee13ef111f47558b5d2e8daab7aef
au.com.dius	pact-jvm-server_2.11	3.5.16		6d9ed74719f55d6ef9f4beb70409f78e57700611
au.com.dius	pact-jvm-server_2.11	3.5.17		6691192a812007975caa626a24dcfce2ffd49ad9
au.com.dius	pact-jvm-server_2.11	3.5.2		457c236d9d8e3a36be2dd36d2d352ae4f2710d80
au.com.dius	pact-jvm-server_2.11	3.5.2-jre7.0		54f8159b4ddbf188c16e727fd5fa25d8bbc2506b
au.com.dius	pact-jvm-server_2.11	3.5.3		d6a0714bd25a2233fa1e1f19742f448167a8dab2
au.com.dius	pact-jvm-server_2.11	3.5.3-jre7.0		10546846e99cc6d5caf37a889fc05a4b9527d131
au.com.dius	pact-jvm-server_2.11	3.5.4		a9bebcda58465918e436243ccff89d0f0ef178d1
au.com.dius	pact-jvm-server_2.11	3.5.4-jre7.0		8fac0eeff83a04c5370de83d7a3700476135bd92
au.com.dius	pact-jvm-server_2.11	3.5.5		418fb58d7cf3e2bca598a79549539225a4448bcd
au.com.dius	pact-jvm-server_2.11	3.5.5-jre7.0		1e63b6f8b8f48a8f1ab190e1df172b1a37ba31b5
au.com.dius	pact-jvm-server_2.11	3.5.6		cab9494dde13e5fb80f5d0ef9e16384e3d40525c
au.com.dius	pact-jvm-server_2.11	3.5.6-jre7.0		e412e06c54dc77c0316cc1b5f065a95666b93538
au.com.dius	pact-jvm-server_2.11	3.5.7		229f221bb54a4baaddbad206632ab60b91fb5a29
au.com.dius	pact-jvm-server_2.11	3.5.7-jre7.0		413a82e4ba894ae29724d4e6e802e3114dcda52f
au.com.dius	pact-jvm-server_2.11	3.5.8		ab70817876782c57237465e7eaf91a507b1f3f13
au.com.dius	pact-jvm-server_2.11	3.5.9		155fe6fd62988867cfa34a0d8522fdd7d7d4ab60
com.adobe.aio.aem	aio-aem-events-publish	0.0.36		2efda781ec97e3b119fb1402ffadd263b7d60e49
com.adobe.aio.aem	aio-aem-events-publish	0.0.36	aem65	59c4a2528a3636e0cfa47b92f39111d6d027ed8a
com.adobe.aio.aem	aio-aem-events-publish	0.0.38		d0f83aacd3d08655d462b7783f47c9d3dd404b64
com.adobe.aio.aem	aio-aem-events-publish	0.0.38	aem65	99fc6491c399c0c3529f1bfc2897908ddcf35a62
com.adobe.aio.aem	aio-aem-events-publish	0.0.40		979925eb9efbcf6207905659c06f5f9a99e1ff29
com.adobe.aio.aem	aio-aem-events-publish	0.0.40	aem65	403efafa8a2a3cdee24532268277a8c5ba52a5c0
com.adobe.aio.aem	aio-aem-events-publish	0.0.42		1a9a92b77ca6f31322ef9a5f732af928240c6006
com.adobe.aio.aem	aio-aem-events-publish	0.0.42	aem65	8e37ee11307d86a9acdf22daf042176bea5e3330
com.adobe.aio.aem	aio-aem-events-publish	0.0.44		312a6ad1608978f120b18ec7f5adcf79566defad
com.adobe.aio.aem	aio-aem-events-publish	0.0.44	aem65	42624209168709e6887b43b097277cff625c08f4
com.adobe.aio.aem	aio-aem-events-publish	0.0.46		9bc5493159895f93cb9c1dbc1934786b334cc1c2
com.adobe.aio.aem	aio-aem-events-publish	0.0.46	aem65	fdb7b40a2ba6ffaa8346ecbf761aaaf918bb1704
com.adobe.aio.aem	aio-aem-events-publish	0.1.10		584f67b790479ee840a51169394c2f63198d5462
com.adobe.aio.aem	aio-aem-events-publish	0.1.10	aem65	f7120f6cf55e5338d8f920c2e3c919ec7e210da1
com.adobe.aio.aem	aio-aem-events-publish	0.1.2		d6be77ca63371278d6c3fe3549d905fd8cd29a1e
com.adobe.aio.aem	aio-aem-events-publish	0.1.2	aem65	dc567e0f96974b097c7ef51de3851ebe1d58e614
com.adobe.aio.aem	aio-aem-events-publish	0.1.4		73def872211da053a93f3da8a10cee1222fd0dbc
com.adobe.aio.aem	aio-aem-events-publish	0.1.4	aem65	30372c7b2a7f077d795bfcccdb8690328083762e
com.adobe.aio.aem	aio-aem-events-publish	0.1.8		be5521fa9b493a9798fb0f4424641b660161ee61
com.adobe.aio.aem	aio-aem-events-publish	0.1.8	aem65	ef5939e530ef7825579752d716d56e7c3d6530b0
com.adobe.aio.aem	aio-aem-events-publish	1.0.0		51725cf6d2e62d4891065c33f4715f12518d239a
com.adobe.aio.aem	aio-aem-events-publish	1.0.0	aem65	8487e9661ee7547b5ae30ee8cffba6ab639539e4
com.adobe.aio.aem	aio-aem-events-publish	1.0.10		0498b5bdac922f8c0b97ae045f07fcb36eddbb6f
com.adobe.aio.aem	aio-aem-events-publish	1.0.10	aem65	98c1ad0e366388d19ba76d71a98f1c9e74a0112e
com.adobe.aio.aem	aio-aem-events-publish	1.0.12		cbc94e472fb75c0cd6293cd201b93529a771bc5b
com.adobe.aio.aem	aio-aem-events-publish	1.0.12	aem65	21edb38d262a733a7f0c6189c44f4fafc3b3730a
com.adobe.aio.aem	aio-aem-events-publish	1.0.14		8c4a53b9a6ec3a62453bad8540cce2d8d667e55e
com.adobe.aio.aem	aio-aem-events-publish	1.0.14	aem65	2df04e712e9447c6decb5f8cd2dad002f604dc18
com.adobe.aio.aem	aio-aem-events-publish	1.0.16		e8f7352ed2c2a377c81200c977f47c1bced372cd
com.adobe.aio.aem	aio-aem-events-publish	1.0.16	aem65	3d163677fc6099009324397b3cee8909c34c327c
com.adobe.aio.aem	aio-aem-events-publish	1.0.18		e1a367c277537c90224261da21c57d1a7b39110a
com.adobe.aio.aem	aio-aem-events-publish	1.0.18	aem65	93e4c6592e96c26e2ee1b804685b7c1eaeb9aaee
com.adobe.aio.aem	aio-aem-events-publish	1.0.2		0c19ad204d1b9e5cc95f2229288230c5aad1c20f
com.adobe.aio.aem	aio-aem-events-publish	1.0.2	aem65	480e1db000d14f40d53b678adb1dc3fbad34dc1c
com.adobe.aio.aem	aio-aem-events-publish	1.0.6		7b76f8dce0ff0ec376577e616f027a7299585a2d
com.adobe.aio.aem	aio-aem-events-publish	1.0.6	aem65	e2e01977096631ce09a09d7d0fa00cd220628438
com.adobe.aio.aem	aio-aem-events-publish	1.0.7		d6604dcd0a8d5fb358a6de794b90a37941ae0081
com.adobe.aio.aem	aio-aem-events-publish	1.0.7	aem65	76157669ff0fb785bd6d06500cfbdaa73ed1a52a
com.adobe.aio.aem	aio-aem-events-publish	1.1.0		2f353e79620f905a87537cd8d701590219594c8c
com.adobe.aio.aem	aio-aem-events-publish	1.1.0	aem65	c7fc4c3619986f14c597a38a7472b6382900e948
com.adobe.aio.aem	aio-aem-events-publish	1.1.12		1326c2e4cbf2c13b7ca839e7f0ae9ef101407d0c
com.adobe.aio.aem	aio-aem-events-publish	1.1.12	aem65	bbdeece2dadccacf241abc1da4854d666e3de684
com.adobe.aio.aem	aio-aem-events-publish	1.1.14		46babc30d5cbb41ca73a7b3214786c57bfa6e095
com.adobe.aio.aem	aio-aem-events-publish	1.1.14	aem65	3aa9cf5354e2e22ef12c8e5a3c157879271cc7a9
com.adobe.aio.aem	aio-aem-events-publish	1.1.16		07cc272e9259c71bc565a389ecd05364a56b1d0e
com.adobe.aio.aem	aio-aem-events-publish	1.1.16	aem65	7ab3f22133f6882b1fd2e77aa7cbb6ef9ec7a5fd
com.adobe.aio.aem	aio-aem-events-publish	1.1.18		b9875d39ce7391b72d343258e4b3171a70d74ca8
com.adobe.aio.aem	aio-aem-events-publish	1.1.18	aem65	07e6ecdbaf51c66e2ae6570bb2ac6231da99085e
com.adobe.aio.aem	aio-aem-events-publish	1.1.2		ee47996579aa4e7c479905cebc460b45384323cb
com.adobe.aio.aem	aio-aem-events-publish	1.1.2	aem65	ada920b8db756e69ca2e2e90ad90d826dd7ff5ed
com.adobe.aio.aem	aio-aem-events-publish	1.1.20		c3537a89de60ecef7748084d6250a5640e7c7858
com.adobe.aio.aem	aio-aem-events-publish	1.1.20	aem65	8c295b8d923ed03aa1c5aa7853f3e44490823ab9
com.adobe.aio.aem	aio-aem-events-publish	1.1.22		df2e6f884e575a931609332c83d6101a7b55d8e9
com.adobe.aio.aem	aio-aem-events-publish	1.1.22	aem65	b79719b5b612cfd2a08e8441f5c36ab664d5bc16
com.adobe.aio.aem	aio-aem-events-publish	1.1.24		59c95a435f6058af27aab2cc69280a0c9b6ea869
com.adobe.aio.aem	aio-aem-events-publish	1.1.24	aem65	9120860a1f75e18598bc2074baef933113e717cb
com.adobe.aio.aem	aio-aem-events-publish	1.1.26		5642ac96e04fcd2f9a7c739d0a366533cc5a61d6
com.adobe.aio.aem	aio-aem-events-publish	1.1.26	aem65	d37fd3740226a5f9e034dcf02ed3b5db69a9a925
com.adobe.aio.aem	aio-aem-events-publish	1.1.28		234570475909667cefa1364bedd7201faacfdaa5
com.adobe.aio.aem	aio-aem-events-publish	1.1.28	aem65	94ca6a2610ec6f5a33419a88db6b7527bb0c4d78
com.adobe.aio.aem	aio-aem-events-publish	1.1.4		0e5ee4c99c566bd21238ee77fbf583c1f5077b06
com.adobe.aio.aem	aio-aem-events-publish	1.1.4	aem65	81704d986114d8ed687e3cf071a52dba2e244343
com.adobe.aio.aem	aio-aem-events-publish	1.1.8		5d7c8c2dc1dfbf027debb941749fe0992c2af02c
com.adobe.aio.aem	aio-aem-events-publish	1.1.8	aem65	c48ff00de47f04a65c834aac92bb6f6d1256b9ad
com.adobe.aio.aem	aio-aem-events-publish	2.0.0		e28ad26b18c5261fb57a3fa73a0f89a4e3215082
com.adobe.aio.aem	aio-aem-events-publish	2.0.0	aem65	a30f5c97f1c2c6f1730b2fa1f2d6db39d219a066
com.adobe.aio.aem	aio-aem-events-publish	2.0.2		bc8994553f6d5e63581a9f7726352d223bafa398
com.adobe.aio.aem	aio-aem-events-publish	2.0.2	aem65	b2fec3668dffd2540083f480e73ea6a1b6687c9d
com.busymachines	pureharm-db-core-psql_2.13	0.0.6		5b6a54a35c52a493eb1a4dd7ac114fcf8c936903
com.busymachines	pureharm-db-core-psql_2.13	0.0.6-M3		ff40fd4787d034dbba65075b9d4361665488ef26
com.busymachines	pureharm-db-core-psql_2.13	0.0.6-M4		03bf6087ff6325c71a3416152b5d50fb76248019
com.busymachines	pureharm-db-core-psql_2.13	0.0.6-M5		0db0a8bd4dae3b6e76ae5b4eb90e5adb20292772
com.busymachines	pureharm-db-core-psql_2.13	0.0.6-M6		c6059f19a717c409f9fdb96efdae4dea06d24815
com.busymachines	pureharm-db-core-psql_2.13	0.0.6-M7		8af8ce044baae3edb417bd671216276dfd54defe
com.busymachines	pureharm-db-core-psql_2.13	0.0.6-RC1		15a665de6659a417508cb997a54560ea8b74b525
com.busymachines	pureharm-db-core-psql_2.13	0.0.7		f749a9c0e6a7a22a5c5f73147ad9ee97df8c21ca
com.busymachines	pureharm-db-core-psql_2.13	0.0.7-M1		f32e3c633787fb3d2f3fac4fe8a13959004ec484
com.busymachines	pureharm-db-core-psql_2.13	0.0.7-M2		c98129dcf796b76e79b5a762e85b08db2be38c70
com.busymachines	pureharm-db-core-psql_2.13	0.0.7-M3		fb7d9449045ed97d1815b338687222ee286baf75
com.catchpoint	cp-trace-instrument-integrations-redis	0.0.10		92fac519b629f04a74559b081c5bd22b081a053f
com.catchpoint	cp-trace-instrument-integrations-redis	0.0.11		75b78040af1efd17112a80829cc975dbdfdc6b5b
com.catchpoint	cp-trace-instrument-integrations-redis	0.0.12		81f5c811205f7ccbc08fdea677802dba362c4568
com.catchpoint	cp-trace-instrument-integrations-redis	0.0.13		28285ed4bc3be61399880b2e5c9cae5508597a39
com.catchpoint	cp-trace-instrument-integrations-redis	0.0.14		08e27d1174c1ba41fb8741bf6f3d0f635fb207e0
com.catchpoint	cp-trace-instrument-integrations-redis	0.0.15		990317bcbbb4830b4dd5df55066e4e938f90a481
com.catchpoint	cp-trace-instrument-integrations-redis	0.0.16		4bfa3f6b87a39436f45194a9d85a3de6defc55c7
com.catchpoint	cp-trace-instrument-integrations-redis	0.0.17		2b83b6ef6c7ea0e04de22053cf1c2d7abcb9fe13
com.catchpoint	cp-trace-instrument-integrations-redis	0.0.18		af8e33e1f7cd68c27d46ccf45c0c0e34b18dba98
com.catchpoint	cp-trace-instrument-integrations-redis	0.0.19		9f012ae58ccbfdcf6223c66e5ad68e520a6521b0
com.catchpoint	cp-trace-instrument-integrations-redis	0.0.20		6fe9db162879cbc93bb5a5ed846ad28793909bfd
com.catchpoint	cp-trace-instrument-integrations-redis	0.0.7		b2c8339e03049f3c464d94dfb8a3ef89d3537d2a
com.catchpoint	cp-trace-instrument-integrations-redis	0.0.8		3e995bc67a075d9ca0d239f2714b296c2525a9ce
com.catchpoint	cp-trace-instrument-integrations-redis	0.0.9		5381c84ef5b50d97141a83ffc963adf9bb8cc19e
com.formkiq	graalvm-annotations	1.0.0		a4d53eb3a0b4a13d6cdcd48ff6787c51a93979eb
com.formkiq	graalvm-annotations	1.1.0		fa5f02c0ef8a994256a86e5f24dc0b7d3917c433
com.formkiq	graalvm-annotations	1.2.0		5dfe7ad870f64697aa89003a1bb97cb94e9f1f2c
com.github.aaronp	agora-exec-api_2.11	v0.2.0		93693ca536b1cb3c78e0e5cf483d9f8692a3da7c
com.github.aaronp	agora-exec-api_2.11	v0.2.1		4db3a05cb54ba6f7ca5f1071735f5f116bd14adb
com.github.aaronp	agora-exec-api_2.11	v0.3.0		03d7d59ac66d258613cb051b24b5c114d27786ce
com.github.aaronp	agora-exec-api_2.11	v0.3.1		e2fa9ef16b21a838f4c41cd96cff98a43ab72e92
com.github.agaro1121	scala-slack-core_2.11	0.2.11		dce0417d1ee8584f747d92fa7a1a3079de518424
com.github.agaro1121	scala-slack-core_2.11	0.2.13		b6b5a55a6bf3f916eb72b4ccf7a56a23ba862a65
com.github.agaro1121	scala-slack-core_2.11	0.2.16		38078a62f621cde6b3bfc38215cdc306823399e5
com.github.agaro1121	scala-slack-core_2.11	0.2.17		60b5db8d4e8383fffcfdeb7fdf99b92ccec99b8b
com.github.agaro1121	scala-slack-core_2.11	0.2.18		7b5745f4414e76831c4715b4151285226126f81f
com.github.agaro1121	scala-slack-core_2.11	0.2.21		4beb113d5f73d761f6bb7d74bc608e505e542ab5
com.github.agaro1121	scala-slack-core_2.11	0.2.22		582ef7a68655b4215e23767fb7d46cc4f53cf214
com.github.agaro1121	scala-slack-core_2.11	0.2.23		df9d60c21b2e0e62738da24ef1732075b9edb4e6
com.github.agaro1121	scala-slack-core_2.11	0.2.24		cc37baaa77bbdb68c27302ceed8cfd8dd3d3124a
com.github.agaro1121	scala-slack-core_2.11	0.2.25		6ba0e5049b772281c927facadeb482d3ec983d3a
com.github.agaro1121	scala-slack-core_2.11	0.2.27		e0473a8ed2e41be7e3bc81ec2005c25e07992df6
com.github.agaro1121	scala-slack-core_2.11	0.2.28		dac5f1e5014cfd26cf9845fa76bd0ea0d33a4cf9
com.github.agaro1121	scala-slack-core_2.11	0.2.6		efc3fd0ae2a475737a3b9b276166b56fb564143b
com.github.agaro1121	scala-slack-core_2.11	0.2.7		5979523cc93b98ec330fd5f2ab6c3b545a337d5f
com.github.agaro1121	scala-slack-core_2.11	0.2.8		db90d62e82e726deb8c8ea6e149e27ea74e744d1
com.github.dandelion	dandelion-core-samples-bom	1.0.0		N/A
com.github.dandelion	dandelion-core-samples-bom	1.0.1		N/A
com.github.dandelion	dandelion-core-samples-bom	1.1.0		N/A
com.github.dandelion	dandelion-core-samples-bom	1.1.1		N/A
com.github.emc-mongoose	mongoose-ui	3.3.0		62a8e1fea524c0630eefc0b6fff2d5872b5ac379
com.github.emc-mongoose	mongoose-ui	3.3.1		922b1d36e726a6237dd05ef2101d0b37339099e5
com.github.emc-mongoose	mongoose-ui	3.4.0		da37b01af0fbe742ceeac2e6066125fc48ed568b
com.github.emc-mongoose	mongoose-ui	3.4.1		c9d9612cf522b2cb91c652baad01d9347d10c834
com.github.emc-mongoose	mongoose-ui	3.5.0		a5b34d195a916034409ea9b8125dcdd839b7d37c
com.github.emc-mongoose	mongoose-ui	3.5.0-alpha0		cf3bfeb5fea792d4816f585d378cd2af854da872
com.github.emc-mongoose	mongoose-ui	3.5.0-alpha1		58a10094c0ef0370d620180d7c1a2987f522f61d
com.github.emc-mongoose	mongoose-ui	3.5.0-alpha2		ab8a339d24507659fe40509f906c00593380b2e6
com.github.emc-mongoose	mongoose-ui	3.5.0-alpha3		7e2c4861a6dfc42a2a4a377600f08a08bb8e2549
com.github.emc-mongoose	mongoose-ui	3.5.0-alpha4		08ba760264052f526d740787c652b31fa2e2ca93
com.github.emc-mongoose	mongoose-ui	3.5.0-alpha5		61c507577f484399dd4866c0a5624a3a247a5261
com.github.emc-mongoose	mongoose-ui	3.5.0-alpha6		76b217f403785387450dc4fc9ad0b51a164f7cad
com.github.emc-mongoose	mongoose-ui	3.5.0-alpha7		dd747f0395117eb8e0daa55abeb0e61e8db5ff4a
com.github.emc-mongoose	mongoose-ui	3.5.0-alpha8		6403ab5857cc790b53a7953e3054476bcc891ab0
com.github.emc-mongoose	mongoose-ui	3.5.1		4576151a33b090989393e4909dfc76d7c113a0b4
com.github.emc-mongoose	mongoose-ui	3.6.0		32233933f8c3ea9e5a3a722f776eb8504474da8b
com.github.emc-mongoose	mongoose-ui	3.6.0-alpha0		a106d9bbbff9e5edfb52dddd2ca4eb1de7720844
com.github.emc-mongoose	mongoose-ui	3.6.0-alpha1		19e14c83c431cfb92a7fb257468e40fd22f84e16
com.github.emc-mongoose	mongoose-ui	3.6.0-beta2		e3d7d6dfbd3a57c519cea5a6be12ee6f6dc3388c
com.github.emc-mongoose	mongoose-ui	3.6.0-beta3		e1b7d20f18e3e8b6e6c67f4a812aea22eea5bcee
com.github.emc-mongoose	mongoose-ui	3.6.0-beta4		a7c9973e9592df65f3713986d8b920c61c80de78
com.github.emc-mongoose	mongoose-ui	3.6.0-beta5		908e28599c3ad2fd6083387319c7da544fdeb661
com.github.emc-mongoose	mongoose-ui	3.6.0-beta7		55d55aaf22424b701bb48148b458a6820e9fc4e0
com.github.emc-mongoose	mongoose-ui	3.6.0-beta8		f0385f0f088e744bab93d5c4a3775dad841bfc16
com.github.emc-mongoose	mongoose-ui	3.6.2		2870cea67f722138b338c440fc6d450f4aaff954
com.github.emc-mongoose	mongoose-ui	4.0.0-alpha		edc2122f9bfa390c946fa7edc3b211001dd7c7c1
com.github.emc-mongoose	mongoose-ui	4.0.0-alpha0		4bef77c44c4d5bfbf151dfb8f99a8518ee0d15f2
com.github.emc-mongoose	mongoose-ui	4.0.0-alpha1		6e9e39c11f5eeca4cd14c77b50bfbf6ba64d756b
com.github.emc-mongoose	mongoose-ui	4.0.0-alpha2		110a10a83f8d4b49010f3a14659aa4a020d4b72e
com.github.emc-mongoose	mongoose-ui	4.0.0-alpha3		3e9e66d65037ba8b40cfdb21f07838fe0f5f0418
com.github.emc-mongoose	mongoose-ui	4.0.0-alpha4		1dcadcae46d130c7f6ae48e575b31a6e8b61177b
com.github.emc-mongoose	mongoose-ui	4.0.0-alpha5		7cecc8de19a89403df829d72998ca7efbdfa4fb5
com.github.fommil.netlib	all	1.0		N/A
com.github.fommil.netlib	all	1.1		N/A
com.github.fommil.netlib	all	1.1.1		N/A
com.github.fommil.netlib	all	1.1.2		N/A
com.github.j5ik2o	scala-ddd-base-project_2.12	1.0.0		ed04f093dfbacaa2bcdf91c861e401460c52665d
com.github.j5ik2o	scala-ddd-base-project_2.12	1.0.1		490fa90a98263364a7cc52051ea544480303decb
com.github.j5ik2o	scala-ddd-base-project_2.12	1.0.2		9dc49fcd21e5b9e57b766db5f7e671a91eef51a2
com.github.j5ik2o	scala-ddd-base-project_2.12	1.0.21		0e605312376d9aff40393b1fe62d77a9148e70f5
com.github.j5ik2o	scala-ddd-base-project_2.12	1.0.22		6f1e0e2c2632d64d648e40ae43d1adecd7ec14db
com.github.j5ik2o	scala-ddd-base-project_2.12	1.0.23		5ae08ee581e69c780f7cda354fc2f35848364ae6
com.github.j5ik2o	scala-ddd-base-project_2.12	1.0.24		008948154387cb6ea08af5bc4ad8574b9ea162af
com.github.j5ik2o	scala-ddd-base-project_2.12	1.0.25		f3790570875c4a5e629e83bde17327d7f9dbd1cc
com.github.j5ik2o	scala-ddd-base-project_2.12	1.0.26		10bf831988bb071b591a5b6deacb03d8248ec8fe
com.github.j5ik2o	scala-ddd-base-project_2.12	1.0.27		3f0e2303ecd313466b1a6affffefbc3a20aae305
com.github.j5ik2o	scala-ddd-base-project_2.12	1.0.3		77c215883c9712526b255f76456a704d00417fc7
com.github.j5ik2o	scala-ddd-base-project_2.12	1.0.5		8e3565edea73d39bc5cbc8ddfc630fc7e0412010
com.github.j5ik2o	scala-ddd-base-project_2.12	1.0.6		49852ee709def4222df9aa9048b25612fb9eddcc
com.github.jchanghong	parent	2.1.0		N/A
com.github.jchanghong	parent	2.2.6		N/A
com.github.jchanghong	parent	2.3.0		N/A
com.github.jchanghong	parent	2.3.0.1		N/A
com.github.jchanghong	parent	2.3.0.12		N/A
com.github.jchanghong	parent	2.3.0.13		N/A
com.github.jchanghong	parent	2.3.0.2		N/A
com.github.jchanghong	parent	2.3.0.20		N/A
com.github.jchanghong	parent	2.3.0.21		N/A
com.github.jchanghong	parent	2.3.0.3		N/A
com.github.jchanghong	parent	2.3.0.30		N/A
com.github.jchanghong	parent	2.3.1.1		N/A
com.github.jchanghong	parent	2.3.2.1		N/A
com.github.jchanghong	parent	2.3.2.3		N/A
com.github.jchanghong	parent	2.3.2.4		N/A
com.github.jchanghong	parent	2.3.3.3		N/A
com.github.jchanghong	parent	2.3.3.4		N/A
com.github.jchanghong	parent	2.3.3.5		N/A
com.github.jchanghong	parent	2.3.3.6		N/A
com.github.jchanghong	parent	2.3.3.7		N/A
com.github.jchanghong	parent	2.3.3.8		N/A
com.github.jchanghong	parent	2.3.4		N/A
com.github.jchanghong	parent	3.0.11		N/A
com.github.jchanghong	parent	3.0.12		N/A
com.github.jchanghong	parent	3.0.14		N/A
com.github.jchanghong	parent	3.0.15		N/A
com.github.jchanghong	parent	3.0.16		N/A
com.github.jchanghong	parent	3.0.17		N/A
com.github.jchanghong	parent	3.0.18		N/A
com.github.jchanghong	parent	3.0.19		N/A
com.github.jchanghong	parent	3.0.21		N/A
com.github.jchanghong	parent	3.0.22		N/A
com.github.jchanghong	parent	3.0.26		N/A
com.github.jchanghong	parent	3.0.28		N/A
com.github.jchanghong	parent	3.0.30		N/A
com.github.jchanghong	parent	3.0.32		N/A
com.github.jchanghong	parent	3.0.34		N/A
com.github.jchanghong	parent	3.0.36		N/A
com.github.jchanghong	parent	3.0.38		N/A
com.github.songzhijian	myLeetCode	1.0.1-RELEASE		76049090f4db3a7333b49fff56f8ec98bdf5fbb1
com.github.songzhijian	myLeetCode	1.0.2-RELEASE		7d3825d5f421d17c7ba692e1fd85c88addfcb57d
com.github.songzhijian	myLeetCode	1.0.3-RELEASE		5dfbdf9989608f8b67856972db8d478fcb296ebb
com.github.songzhijian	myLeetCode	1.0.4-RELEASE		117f1d7d61d067b3561a7cea91f141a89ba96ecd
com.github.songzhijian	myLeetCode	1.0.6-RELEASE		cb0116d0ff4de6d044fdf692ff12a87b278bc6bc
com.google.api.grpc	grpc-google-common-protos-	0.1.6		36865e08ddc9df7c5616eae3ac2f816bf5416450
com.google.cloud	google-cloud-container-bom	0.118.0-beta		N/A
com.google.cloud	google-cloud-container-bom	0.119.0-beta		N/A
com.google.cloud	google-cloud-container-bom	0.119.1-beta		N/A
com.google.cloud	google-cloud-container-bom	1.0.0		N/A
com.google.cloud	google-cloud-container-bom	1.0.1		N/A
com.google.cloud	google-cloud-container-bom	1.0.2		N/A
com.google.cloud	google-cloud-container-bom	1.0.3		N/A
com.google.cloud	google-cloud-container-bom	1.0.4		N/A
com.google.cloud	google-cloud-container-bom	1.1.0		N/A
com.google.cloud	google-cloud-container-bom	1.1.1		N/A
com.google.cloud	google-cloud-container-bom	1.1.2		N/A
com.google.cloud	google-cloud-container-bom	1.2.0		N/A
com.google.cloud	google-cloud-container-bom	1.2.1		N/A
com.google.cloud	google-cloud-container-bom	1.2.3		N/A
com.google.cloud	google-cloud-container-bom	1.2.4		N/A
com.google.cloud	google-cloud-container-bom	1.2.5		N/A
com.google.cloud	google-cloud-container-bom	1.2.6		N/A
com.google.cloud	google-cloud-container-bom	1.3.0		N/A
com.google.cloud	google-cloud-container-bom	1.3.1		N/A
com.google.cloud	google-cloud-container-bom	1.3.2		N/A
com.google.cloud	google-cloud-container-bom	1.3.3		N/A
com.google.cloud	google-cloud-container-bom	1.3.4		N/A
com.google.cloud	google-cloud-container-bom	1.4.0		N/A
com.google.cloud	google-cloud-container-bom	1.5.0		N/A
com.google.cloud	google-cloud-container-bom	2.0.0		N/A
com.google.cloud	google-cloud-container-bom	2.0.1		N/A
com.google.cloud	google-cloud-container-bom	2.0.2		N/A
com.google.cloud	google-cloud-container-bom	2.1.0		N/A
com.google.cloud	google-cloud-container-bom	2.1.1		N/A
com.google.cloud	google-cloud-container-bom	2.10.0		N/A
com.google.cloud	google-cloud-container-bom	2.11.0		N/A
com.google.cloud	google-cloud-container-bom	2.12.0		N/A
com.google.cloud	google-cloud-container-bom	2.13.0		N/A
com.google.cloud	google-cloud-container-bom	2.14.0		N/A
com.google.cloud	google-cloud-container-bom	2.15.0		N/A
com.google.cloud	google-cloud-container-bom	2.16.0		N/A
com.google.cloud	google-cloud-container-bom	2.17.0		N/A
com.google.cloud	google-cloud-container-bom	2.18.0		N/A
com.google.cloud	google-cloud-container-bom	2.19.0		N/A
com.google.cloud	google-cloud-container-bom	2.2.0		N/A
com.google.cloud	google-cloud-container-bom	2.2.1		N/A
com.google.cloud	google-cloud-container-bom	2.20.0		N/A
com.google.cloud	google-cloud-container-bom	2.21.0		N/A
com.google.cloud	google-cloud-container-bom	2.22.0		N/A
com.google.cloud	google-cloud-container-bom	2.23.0		N/A
com.google.cloud	google-cloud-container-bom	2.24.0		N/A
com.google.cloud	google-cloud-container-bom	2.25.0		N/A
com.google.cloud	google-cloud-container-bom	2.26.0		N/A
com.google.cloud	google-cloud-container-bom	2.27.0		N/A
com.google.cloud	google-cloud-container-bom	2.3.0		N/A
com.google.cloud	google-cloud-container-bom	2.3.1		N/A
com.google.cloud	google-cloud-container-bom	2.3.2		N/A
com.google.cloud	google-cloud-container-bom	2.3.3		N/A
com.google.cloud	google-cloud-container-bom	2.3.4		N/A
com.google.cloud	google-cloud-container-bom	2.3.5		N/A
com.google.cloud	google-cloud-container-bom	2.3.6		N/A
com.google.cloud	google-cloud-container-bom	2.3.7		N/A
com.google.cloud	google-cloud-container-bom	2.3.8		N/A
com.google.cloud	google-cloud-container-bom	2.30.0		N/A
com.google.cloud	google-cloud-container-bom	2.31.0		N/A
com.google.cloud	google-cloud-container-bom	2.32.0		N/A
com.google.cloud	google-cloud-container-bom	2.33.0		N/A
com.google.cloud	google-cloud-container-bom	2.34.0		N/A
com.google.cloud	google-cloud-container-bom	2.35.0		N/A
com.google.cloud	google-cloud-container-bom	2.36.0		N/A
com.google.cloud	google-cloud-container-bom	2.37.0		N/A
com.google.cloud	google-cloud-container-bom	2.38.0		N/A
com.google.cloud	google-cloud-container-bom	2.39.0		N/A
com.google.cloud	google-cloud-container-bom	2.4.0		N/A
com.google.cloud	google-cloud-container-bom	2.4.1		N/A
com.google.cloud	google-cloud-container-bom	2.40.0		N/A
com.google.cloud	google-cloud-container-bom	2.41.0		N/A
com.google.cloud	google-cloud-container-bom	2.42.0		N/A
com.google.cloud	google-cloud-container-bom	2.43.0		N/A
com.google.cloud	google-cloud-container-bom	2.44.0		N/A
com.google.cloud	google-cloud-container-bom	2.45.0		N/A
com.google.cloud	google-cloud-container-bom	2.46.0		N/A
com.google.cloud	google-cloud-container-bom	2.47.0		N/A
com.google.cloud	google-cloud-container-bom	2.48.0		N/A
com.google.cloud	google-cloud-container-bom	2.49.0		N/A
com.google.cloud	google-cloud-container-bom	2.5.0		N/A
com.google.cloud	google-cloud-container-bom	2.5.1		N/A
com.google.cloud	google-cloud-container-bom	2.5.2		N/A
com.google.cloud	google-cloud-container-bom	2.50.0		N/A
com.google.cloud	google-cloud-container-bom	2.51.0		N/A
com.google.cloud	google-cloud-container-bom	2.52.0		N/A
com.google.cloud	google-cloud-container-bom	2.54.0		N/A
com.google.cloud	google-cloud-container-bom	2.55.0		N/A
com.google.cloud	google-cloud-container-bom	2.56.0		N/A
com.google.cloud	google-cloud-container-bom	2.57.0		N/A
com.google.cloud	google-cloud-container-bom	2.58.0		N/A
com.google.cloud	google-cloud-container-bom	2.59.0		N/A
com.google.cloud	google-cloud-container-bom	2.6.0		N/A
com.google.cloud	google-cloud-container-bom	2.60.0		N/A
com.google.cloud	google-cloud-container-bom	2.61.0		N/A
com.google.cloud	google-cloud-container-bom	2.62.0		N/A
com.google.cloud	google-cloud-container-bom	2.63.0		N/A
com.google.cloud	google-cloud-container-bom	2.64.0		N/A
com.google.cloud	google-cloud-container-bom	2.7.0		N/A
com.google.cloud	google-cloud-container-bom	2.8.0		N/A
com.google.cloud	google-cloud-container-bom	2.9.0		N/A
com.jamesward.kotlin-universe-catalog	betas	2023.09.27-1		N/A
com.jamesward.kotlin-universe-catalog	betas	2023.09.27-2		N/A
com.jiuxian	mossrose-ui	1.0.0-RELEASE		eba576943ffe9eb9fc160b9e45e11b9ec746f8e0
com.jiuxian	mossrose-ui	1.1.0-RELEASE		93fda5e4f892a4dd3d5d58f48eb7081a4a5fe5de
com.jiuxian	mossrose-ui	1.1.1-RELEASE		1ac5e4a8bf568f81e7b8d5ffb940c8cd4165d6b0
com.jiuxian	mossrose-ui	1.1.2-RELEASE		de8691bdc12d3fe16d8bb79cb1952deb5903fa65
com.jiuxian	mossrose-ui	1.1.3-RELEASE		cd0e9bd7c4a8921e3ccf74537b1988ff28209731
com.jiuxian	mossrose-ui	1.1.5-RELEASE		900e94060b2cbc09589e9f11616aeeead46b70a7
com.karadzhov	scala-iso-country-i18n-ar_sjs1_3	0.3.0		1fc754287239a1fc173dfe7393948265826b9e7e
com.karadzhov	scala-iso-country-i18n-ar_sjs1_3	0.3.1		87fea55a8f9baaf1d8d51ef4e06b04041c06ca1d
com.karadzhov	scala-iso-country-i18n-ar_sjs1_3	0.4.0		ce45a1ed4c32018d64b0cb36230d5e572896dca7
com.karadzhov	scala-iso-country-i18n-ar_sjs1_3	0.5.0		24e289ff95d2e0ee5a6b6d8d3086a58420dd99ae
com.liferay	com.liferay.wsrp.service	1.0.0		073179b90c0348d6187a742a4834b071e308058a
com.liferay	com.liferay.wsrp.service	1.0.1		603bad3077f773a4b092777816e12f556fa558ac
com.liferay	com.liferay.wsrp.service	1.0.10		f585b9b2f9d0474a185ae37222294196fd50e3eb
com.liferay	com.liferay.wsrp.service	1.0.11		81048c96e16eca961a04ddd077028ecc2cfa667e
com.liferay	com.liferay.wsrp.service	1.0.12		1eab7641a797cb91939b6c6cef00d00977ac5081
com.liferay	com.liferay.wsrp.service	1.0.13		a91f5dfc691ef872c25257eff69b5c9a7235adb7
com.liferay	com.liferay.wsrp.service	1.0.13	wsdd	df076f7e03b3ce5408c38f4fc12ea5801acfba7e
com.liferay	com.liferay.wsrp.service	1.0.14		81928e45d9c63552ea79a217d812a1580a6221ec
com.liferay	com.liferay.wsrp.service	1.0.14	wsdd	36b24b3550969fb572dc51a6de87e2d841d30913
com.liferay	com.liferay.wsrp.service	1.0.15		e71c3ca54233d872128412b13f83c12ff69b3ede
com.liferay	com.liferay.wsrp.service	1.0.15	wsdd	2dc16e74a50b53f25777a7e28b154eda49dfa10d
com.liferay	com.liferay.wsrp.service	1.0.16		6852183f2fa7d74e9721078a2b0901a91d2740ca
com.liferay	com.liferay.wsrp.service	1.0.16	wsdd	912408c860c13ab5b903cff33c8652538480b0c2
com.liferay	com.liferay.wsrp.service	1.0.17		a67f89516d7d79b38cc8f3d2e360eaa72a299723
com.liferay	com.liferay.wsrp.service	1.0.17	wsdd	c9de75a59766f1af8ad165a99adbbbbe35fef51d
com.liferay	com.liferay.wsrp.service	1.0.18		3f8bb6d1f1482ac0273d007adc44f78f70e15f54
com.liferay	com.liferay.wsrp.service	1.0.18	wsdd	acbfbb5fa4d0adcc4ea87257d28b42f7659a41b9
com.liferay	com.liferay.wsrp.service	1.0.19		086fb6126f5bde1c918a8c9c71293139c61f3513
com.liferay	com.liferay.wsrp.service	1.0.19	wsdd	b3bacc21aec5b8b3aae246ec0b30a0a4c5e971be
com.liferay	com.liferay.wsrp.service	1.0.2		19842953eeb83f5a6242ad16a46b9b5e5c58026d
com.liferay	com.liferay.wsrp.service	1.0.20		4e3f760498a853d622f9f2b56f4142eeca08ac62
com.liferay	com.liferay.wsrp.service	1.0.20	wsdd	97f1d1e04fcd3c9a1b8214eb87f9ee92567800fc
com.liferay	com.liferay.wsrp.service	1.0.21		0dbab6ee00eea309d070f431fecc2dba2651f0c5
com.liferay	com.liferay.wsrp.service	1.0.21	wsdd	2577c21fe0929961b4559176e6473597042a7f3b
com.liferay	com.liferay.wsrp.service	1.0.22		55ebb8ddb40cb69f8b5cd39d682d74d15d314455
com.liferay	com.liferay.wsrp.service	1.0.22	wsdd	f8bf06ab82f4d277f4a20f0ac7a67c5a9ab72f68
com.liferay	com.liferay.wsrp.service	1.0.23		bf65f636837ffad09a87d65b51c415d70b3d58c1
com.liferay	com.liferay.wsrp.service	1.0.23	wsdd	b5471740dbbdcbb11a162e733e6a5245d2bd0875
com.liferay	com.liferay.wsrp.service	1.0.24		09b2ac011ecba0b38eca71e983a8e38043ac0a1d
com.liferay	com.liferay.wsrp.service	1.0.24	wsdd	78d8e47a7dffee10b80483068f865114ee12d777
com.liferay	com.liferay.wsrp.service	1.0.25		a101c00f2e252e6f3d56a9d7efb4fcba9e82d128
com.liferay	com.liferay.wsrp.service	1.0.25	wsdd	eb4b118d92765f159f643cac8fd133b67dac795f
com.liferay	com.liferay.wsrp.service	1.0.26		d8093862d13ea63abb941317f64d9f95e6e0086b
com.liferay	com.liferay.wsrp.service	1.0.26	wsdd	a4aba1779ecc1f3c50b077cc2ecad401846eb1b6
com.liferay	com.liferay.wsrp.service	1.0.27		8796aa196bef7da748774c4bcf9b3d4bfa77099a
com.liferay	com.liferay.wsrp.service	1.0.27	wsdd	0462046a16fba0240e824436a0e23c13dbe27254
com.liferay	com.liferay.wsrp.service	1.0.28		af99d457ed9df26eb14ef32744bafae0c84e1ce6
com.liferay	com.liferay.wsrp.service	1.0.28	wsdd	44bc1d4dd7937e27638bbe866caa97e165e1e474
com.liferay	com.liferay.wsrp.service	1.0.3		e2980e87bbab5fa61d009dc8227301a1ed08e805
com.liferay	com.liferay.wsrp.service	1.0.4		a19c3aaa6fafa4a97e7e259412a0c01366d100bf
com.liferay	com.liferay.wsrp.service	1.0.5		6f30d2dfc17d09e90335fa79d35ad5912dcedce5
com.liferay	com.liferay.wsrp.service	1.0.6		874f9f3e8f90aec9d61211f0f6c53df1151dffb8
com.liferay	com.liferay.wsrp.service	1.0.7		44a5b53a41e46e7de3a87cbc886b4e3fcd3618cb
com.liferay	com.liferay.wsrp.service	1.0.8		ba71d4497123a4795256b2d3b10ffffc0b46d54e
com.liferay	com.liferay.wsrp.service	1.0.9		5e96de7e50c0afb63aa3f7143a3977079fb50b15
com.liferay	com.liferay.wsrp.service	1.1.0		26481bf99947364bc866f0693c05e8143beb4f42
com.liferay	com.liferay.wsrp.service	1.1.0	wsdd	c26bb2d5280b7d4d00813eed6e09417824897d8c
com.liferay	com.liferay.wsrp.service	1.1.1		92668f3d1a1a3e6e83456eebeabcb8a464319769
com.liferay	com.liferay.wsrp.service	1.1.1	wsdd	ca9f0c80cd717634305c927975e28069cdaf1c0d
com.liferay	com.liferay.wsrp.service	1.1.10		5de3b38dee36b400d4d8388e1a3f5cf8f7c34b3b
com.liferay	com.liferay.wsrp.service	1.1.10	wsdd	3a5005735c71d19b64e302e5f93c6b089d3f6c16
com.liferay	com.liferay.wsrp.service	1.1.2		08a53c90f88f36edbaf06a71aa6816fbbc71eb1a
com.liferay	com.liferay.wsrp.service	1.1.2	wsdd	2c050045acead4c43bd99daeef3b8f5a9732f48b
com.liferay	com.liferay.wsrp.service	1.1.3		61f73bea8e3186f4971e689ff4ac4094f61ff3c6
com.liferay	com.liferay.wsrp.service	1.1.3	wsdd	a80aa7e91cdade237834cbee5a2c5ce038ab2512
com.liferay	com.liferay.wsrp.service	1.1.4		14cabd361cb61cadf22b6829abd361ce47549dc7
com.liferay	com.liferay.wsrp.service	1.1.4	wsdd	0a2b851488fc4a638c7b36a8c1bda9535c6f71c8
com.liferay	com.liferay.wsrp.service	1.1.5		bfe2e7c9ca7d2ebb9ae133cb2005b993d6627e42
com.liferay	com.liferay.wsrp.service	1.1.5	wsdd	55df4a1394eda79510ae6f2f293fc3f4915f3cd9
com.liferay	com.liferay.wsrp.service	1.1.6		732cbde985121962a09cf2be993305830684ca4e
com.liferay	com.liferay.wsrp.service	1.1.6	wsdd	0d28de10a62e4ace96a2fffd8440c0df74a31583
com.liferay	com.liferay.wsrp.service	1.1.7		2fcf31ec57b917f095e296dceb65a05fda926269
com.liferay	com.liferay.wsrp.service	1.1.7	wsdd	1870f13c9f4ba5e3a2d02aab8dda566744b14163
com.liferay	com.liferay.wsrp.service	1.1.8		d27524abf287fc6b192b6ba4e6812e63130dd7dc
com.liferay	com.liferay.wsrp.service	1.1.8	wsdd	3deab2eb99eca518a32844f801ef412752d64a5f
com.liferay	com.liferay.wsrp.service	1.1.9		047f2493554ed484fa12e123a60413ea4bffd11b
com.liferay	com.liferay.wsrp.service	1.1.9	wsdd	2331594c8e17c36d14adc211853b8e8d9c840f79
com.liferay	com.liferay.wsrp.service	2.0.0		d5f5fb7a43f8a3840462fecfed4361dcd2291e3e
com.liferay	com.liferay.wsrp.service	2.0.0	wsdd	b5e5dfbc4cd6221b4319a40975d05c22db7bdefd
com.liferay	com.liferay.wsrp.service	2.0.1		db577a9f89f7f406954866508cd8b1d2978cdfb2
com.liferay	com.liferay.wsrp.service	2.0.1	wsdd	b20a2b0ce8e91d08577beb083d3011c3f6320592
com.liferay	com.liferay.wsrp.service	2.0.10		6f6084aead5408ec3064d6980c40e922e623e818
com.liferay	com.liferay.wsrp.service	2.0.10	wsdd	2ca641f514ad62f53050d3720022f54bbcca0a47
com.liferay	com.liferay.wsrp.service	2.0.11		ec36021c2494fba1440f68720b73e87bbf047052
com.liferay	com.liferay.wsrp.service	2.0.11	wsdd	deb1b0a3def4ade7e99a46ebb53424b0e997febe
com.liferay	com.liferay.wsrp.service	2.0.12		bb622be041783f14c2bb9b3a297d659108d5a4bc
com.liferay	com.liferay.wsrp.service	2.0.12	wsdd	275eef9914e1258c2107ab850f7c629bff9a9df3
com.liferay	com.liferay.wsrp.service	2.0.13		c71073d2c38582b8712d5d775f73a930132b86e7
com.liferay	com.liferay.wsrp.service	2.0.13	wsdd	f4188d32821d4a9fa75d1f338f67e8704ff797d9
com.liferay	com.liferay.wsrp.service	2.0.14		19ece5693dff85aeaf32b199a16386f21813b616
com.liferay	com.liferay.wsrp.service	2.0.14	wsdd	70f16e62630d2a5da52796928c81d0c3b35a8fdc
com.liferay	com.liferay.wsrp.service	2.0.15		f2a936771eb54c1aaba84f1ada5c7b54e284e7f5
com.liferay	com.liferay.wsrp.service	2.0.15	wsdd	84b9d2adc4bd61be9c764e9696791a9b595cabd1
com.liferay	com.liferay.wsrp.service	2.0.16		1e6219dca56a2bee45a1dee8092ae8e985c248e8
com.liferay	com.liferay.wsrp.service	2.0.16	wsdd	1ccdb3fdd8ed149c6d5147acc28d2b3f274e604b
com.liferay	com.liferay.wsrp.service	2.0.17		bef0eabbf5db3603ae2b3cb2c740ef73448f9b43
com.liferay	com.liferay.wsrp.service	2.0.17	wsdd	bc58713f9f7e8c0b86163105bb8a6a28b7204708
com.liferay	com.liferay.wsrp.service	2.0.18		a4b70a00d9c6c52f06cd92c01d11f0bc4d276239
com.liferay	com.liferay.wsrp.service	2.0.18	wsdd	2434c4356b85dea0b7c467138484008b6bae4193
com.liferay	com.liferay.wsrp.service	2.0.19		3b72f34538fb1da2928334dbaf1c3ebcd478ce01
com.liferay	com.liferay.wsrp.service	2.0.19	wsdd	d390387832e77bbdbf7921fa3b40432dca59ec8a
com.liferay	com.liferay.wsrp.service	2.0.2		7c91b08405aa2e7e24847bcf45a1d63a87305751
com.liferay	com.liferay.wsrp.service	2.0.2	wsdd	d852cf00a1d5514e26f52cda734fc0dedb199255
com.liferay	com.liferay.wsrp.service	2.0.20		532ec3fc9536bee35866bcae6c4365e6cd63be96
com.liferay	com.liferay.wsrp.service	2.0.20	wsdd	0dda595456308a39bbe15773a0726d0bbf11f6f4
com.liferay	com.liferay.wsrp.service	2.0.21		54c6042880279ef09c6ddc529c4b4fe2c0b5467f
com.liferay	com.liferay.wsrp.service	2.0.21	wsdd	49aa95729d692c6c1266d7672e97da64a2d97d80
com.liferay	com.liferay.wsrp.service	2.0.22		324d4e370c54d2b6975594d954f29aeccd648777
com.liferay	com.liferay.wsrp.service	2.0.22	wsdd	fcb2598df0f0039681af8d75a3476bb92a7345cd
com.liferay	com.liferay.wsrp.service	2.0.23		82773947fe5183376ab508e8f8609e7e7f58b403
com.liferay	com.liferay.wsrp.service	2.0.23	wsdd	c9aab3910e8cdd20e58f9d2318adeecd2990bcb0
com.liferay	com.liferay.wsrp.service	2.0.24		6ef230f5932740c22b9a179fe7a94432a407ae85
com.liferay	com.liferay.wsrp.service	2.0.24	wsdd	d2c384aee818808a08d4b81c9148fb268d4cad3f
com.liferay	com.liferay.wsrp.service	2.0.25		82c8402a7e492d96255a8bb383eeafcafb7632be
com.liferay	com.liferay.wsrp.service	2.0.25	wsdd	07284feb5a4dc1b8c62c86ab3a3eafd05f481565
com.liferay	com.liferay.wsrp.service	2.0.26		431070df31f4b9108a9fae1d4934f643ad028ebd
com.liferay	com.liferay.wsrp.service	2.0.26	wsdd	187b106f3bfdd73c8f6ba5cdaf6b028f338f94db
com.liferay	com.liferay.wsrp.service	2.0.27		f3da60ab0dc52dfe9b14b782840916dc9cdcf593
com.liferay	com.liferay.wsrp.service	2.0.27	wsdd	f57e8bc37dfdc4846cddcec4b052935e894fb8a9
com.liferay	com.liferay.wsrp.service	2.0.28		eb90467109d4cba7d7d662cb300ff5e2927cbb71
com.liferay	com.liferay.wsrp.service	2.0.28	wsdd	c2d9ba4be640276ad5c732a038afa90a436d68db
com.liferay	com.liferay.wsrp.service	2.0.29		678afa28526592d11d8b0f06ae6a35ec70a79d86
com.liferay	com.liferay.wsrp.service	2.0.29	wsdd	0bc63fccf1edc2b41f2b3e76c57c71e1a0cad01f
com.liferay	com.liferay.wsrp.service	2.0.3		425b65786638d9bf55dcfd6bfa66b00a745da509
com.liferay	com.liferay.wsrp.service	2.0.3	wsdd	c3d7619c38426c8577e81d69d80c65c95a847972
com.liferay	com.liferay.wsrp.service	2.0.30		03a7f2e132c646e0346d23b89b29aaeda4c7e883
com.liferay	com.liferay.wsrp.service	2.0.30	wsdd	25ebef70a2505dac15b363b7da40012d02abb5e1
com.liferay	com.liferay.wsrp.service	2.0.31		cdd069dce8908147a8b9e5a496b2f27b49303e2f
com.liferay	com.liferay.wsrp.service	2.0.31	wsdd	bd07265af5b886586dbee4e3dac8698cf1701681
com.liferay	com.liferay.wsrp.service	2.0.32		35ccd5c72e288a69a016a379d17b181320585e4f
com.liferay	com.liferay.wsrp.service	2.0.32	wsdd	fa963af896565fd33044313754f587d7a6701e60
com.liferay	com.liferay.wsrp.service	2.0.33		346c69c8d9e83a35e354e3101c1b974ad6f37968
com.liferay	com.liferay.wsrp.service	2.0.33	wsdd	3e89f1c65276899be4585d6504fe3211188b3fcb
com.liferay	com.liferay.wsrp.service	2.0.34		fb104a4eaaa2df8822f2418a318a3435f64a01ed
com.liferay	com.liferay.wsrp.service	2.0.34	wsdd	02dffbfa33702c91fb04b2e1379d9f907ae2936c
com.liferay	com.liferay.wsrp.service	2.0.35		0bdd935189ef572e9ab3c16af901d998fbf86021
com.liferay	com.liferay.wsrp.service	2.0.35	wsdd	f24433d947f00bea2a6ffe3a22e530b383b55eb1
com.liferay	com.liferay.wsrp.service	2.0.36		6a67e1f730c2cf078395728b5a843e1077c05002
com.liferay	com.liferay.wsrp.service	2.0.36	wsdd	b22fcce5064569bc9d431dad3e8ccb01a5c23e6e
com.liferay	com.liferay.wsrp.service	2.0.37		ec63fadf5f2db1df0586659eea841be638146128
com.liferay	com.liferay.wsrp.service	2.0.37	wsdd	2f053fc5df4e62bad8647a882351951b2e05ffab
com.liferay	com.liferay.wsrp.service	2.0.38		597bded42ce5559c1531b09ac88ac37c3cd53752
com.liferay	com.liferay.wsrp.service	2.0.38	wsdd	f00ae90054d4f5297cb4773b3612bd6dfca9fe15
com.liferay	com.liferay.wsrp.service	2.0.39		4e0e8b8fca97a18aa920213d3d637b2cfae79cad
com.liferay	com.liferay.wsrp.service	2.0.39	wsdd	2b450e4d61d292b9bf7d2da7b334b7700206e17a
com.liferay	com.liferay.wsrp.service	2.0.4		3cc1d71b18f91e7791c39c12e504180f65ec0c74
com.liferay	com.liferay.wsrp.service	2.0.4	wsdd	08d5ff38d3bc8189e6dc8969e569e98e3f44f69b
com.liferay	com.liferay.wsrp.service	2.0.40		844cdcc5a51409c7c3e4068fb5616d31f4f2e1ef
com.liferay	com.liferay.wsrp.service	2.0.40	wsdd	d1c79118550130ce5f5d96d1205d356a5cd7863e
com.liferay	com.liferay.wsrp.service	2.0.41		3cbdf0b699192774b4e548de6e99e2b4daba92fc
com.liferay	com.liferay.wsrp.service	2.0.41	wsdd	e37c79a67235a0b852bbd8193ec8ddedc9b2cdee
com.liferay	com.liferay.wsrp.service	2.0.42		662f2e8417eea43b82739b8ad5f5e07d16c31c1f
com.liferay	com.liferay.wsrp.service	2.0.42	wsdd	574fb780360999ef88b4722b1bf9c60096ebabea
com.liferay	com.liferay.wsrp.service	2.0.43		8955f6d56384d3261e7be7a5ed93c25bae96ab1e
com.liferay	com.liferay.wsrp.service	2.0.43	wsdd	e29826d4a2028be0ab766d7c21ac8cebde38fe01
com.liferay	com.liferay.wsrp.service	2.0.44		f7d6d583bedac6136616f664559f0f3f50c21818
com.liferay	com.liferay.wsrp.service	2.0.44	wsdd	322f0e7aaedd94c059c14c65702ef80558bdb193
com.liferay	com.liferay.wsrp.service	2.0.45		670e9a764978e4a88d1f3ff34e6e6a1b9fc90649
com.liferay	com.liferay.wsrp.service	2.0.45	wsdd	c2c3266ccd7c2f76e08c2a0350939799d644cd8a
com.liferay	com.liferay.wsrp.service	2.0.46		e04a396df01f8a90ae40bb1a6cf8e08081db6465
com.liferay	com.liferay.wsrp.service	2.0.46	wsdd	a7c7ec5ca49c5577c46d4b5368b2e836f3ff56fa
com.liferay	com.liferay.wsrp.service	2.0.47		f54a80975360cba7e6dbc83cf23589a8f923573b
com.liferay	com.liferay.wsrp.service	2.0.47	wsdd	9db46342d9ee6e9e82b3bbcb2a94151ca46210f4
com.liferay	com.liferay.wsrp.service	2.0.48		1abb8600ed21bc70c69262d76d081e0830562f19
com.liferay	com.liferay.wsrp.service	2.0.48	wsdd	87193ae01d6b07ad67f3e4067f0f3fbc11973fff
com.liferay	com.liferay.wsrp.service	2.0.49		aafc02afe0c96e8cad2fb29681b40acdbaa22a8e
com.liferay	com.liferay.wsrp.service	2.0.49	wsdd	a00799c462e92e653c9a00f1dd394377ccff999b
com.liferay	com.liferay.wsrp.service	2.0.5		01c4713b70d254586b27e1ea7a352ad93e96f4ae
com.liferay	com.liferay.wsrp.service	2.0.5	wsdd	4a42e0be8a021d35d9a148b35d93f3e15e7ba3db
com.liferay	com.liferay.wsrp.service	2.0.50		6800c04a4a51f5855d3f38a2ab81c4b99bb68593
com.liferay	com.liferay.wsrp.service	2.0.50	wsdd	65785677fd25212acf7b1907e8436b43009ade76
com.liferay	com.liferay.wsrp.service	2.0.51		5d5d8d0ca418d8db37dfbfdfe0a8228fd58b76c0
com.liferay	com.liferay.wsrp.service	2.0.51	wsdd	26ddb074582f590bb925ecdce542d3ee75cc1f01
com.liferay	com.liferay.wsrp.service	2.0.52		01a0782fa7dd757b4a46dd3c6776ff09d0b9d82f
com.liferay	com.liferay.wsrp.service	2.0.52	wsdd	983e870950c9a4d8f81783072eb4bfb785da3b16
com.liferay	com.liferay.wsrp.service	2.0.53		b74aa8e78c8778814d167452d20ec47fab3439ff
com.liferay	com.liferay.wsrp.service	2.0.53	wsdd	2c1fbf156e70fac4be499af3dc49d1b2add25673
com.liferay	com.liferay.wsrp.service	2.0.54		08c83e012d2c1573914416cc4d16451b1fb39f48
com.liferay	com.liferay.wsrp.service	2.0.54	wsdd	8e69729d93df7046713fa1be4266c546f911f2af
com.liferay	com.liferay.wsrp.service	2.0.55		07a7d6247e26e400dcef5cb3e98f09dd70a45dc3
com.liferay	com.liferay.wsrp.service	2.0.55	wsdd	cced0ab4037922274225070fadf7a0501bdc48a6
com.liferay	com.liferay.wsrp.service	2.0.56		ddd1810cab0877758f8fd849cd0709e5c677e64c
com.liferay	com.liferay.wsrp.service	2.0.56	wsdd	03f3a3ed0e945896c609fca7158daed15b663bee
com.liferay	com.liferay.wsrp.service	2.0.57		062b7e339ff851093d4ac7a73cb2cf8f776d9c8b
com.liferay	com.liferay.wsrp.service	2.0.57	wsdd	977f9bff9b4fa1c8abd1735706a4033150394d4d
com.liferay	com.liferay.wsrp.service	2.0.58		fef7de8aac027a18be7d3e2a49f3dc542b8f82c1
com.liferay	com.liferay.wsrp.service	2.0.58	wsdd	f12595923f3b5170cd79504413144ae0f9069644
com.liferay	com.liferay.wsrp.service	2.0.59		3e1eab7b8c6ce096e456121c997439298709dd00
com.liferay	com.liferay.wsrp.service	2.0.59	wsdd	37db84085f294c3bdb0389972b126f4fbf742b3b
com.liferay	com.liferay.wsrp.service	2.0.6		0a2cd5aeea7d8b480e44a762f988fc9e68962e2f
com.liferay	com.liferay.wsrp.service	2.0.6	wsdd	58ffd9ae84e4fc1f47d21acbbf37973258c2fc9d
com.liferay	com.liferay.wsrp.service	2.0.60		eed3cd0f3cf2dc01c9bf04ef86139346d770dbc7
com.liferay	com.liferay.wsrp.service	2.0.60	wsdd	a253c49e6e846e0ff95fd1183614fe6be37233e0
com.liferay	com.liferay.wsrp.service	2.0.61		8d0a1fc8ee60ca4c2cc70b5a3e5a227615b89fda
com.liferay	com.liferay.wsrp.service	2.0.61	wsdd	787d6d08f07c168760ab61116e14d8e5becdf08b
com.liferay	com.liferay.wsrp.service	2.0.62		d17ff63d7bb1111521065dac2b7367ffe0b451ad
com.liferay	com.liferay.wsrp.service	2.0.62	wsdd	eb51e10df69366e886e00550958f013fee155054
com.liferay	com.liferay.wsrp.service	2.0.63		36f9190b073b6089f23029f2fd109adc5cb6541f
com.liferay	com.liferay.wsrp.service	2.0.63	wsdd	f97801b58eaad08d022297fb797122c621f002b4
com.liferay	com.liferay.wsrp.service	2.0.64		726ded57bb16c48728e70c53e51c71a4bdb06354
com.liferay	com.liferay.wsrp.service	2.0.64	wsdd	f6f01351ba7e28d20e382b8a80d44a38e294a0b8
com.liferay	com.liferay.wsrp.service	2.0.65		4555ee9138764d8c58a7ea3e3d9c6db46b0df188
com.liferay	com.liferay.wsrp.service	2.0.65	wsdd	d9e000b7594c126f42a915e208426b50799883f7
com.liferay	com.liferay.wsrp.service	2.0.66		4bf83ccae856f789f6fc2925820b8232923bc201
com.liferay	com.liferay.wsrp.service	2.0.66	wsdd	c402adae504ffd3ac9de8f2239782f6e6025911c
com.liferay	com.liferay.wsrp.service	2.0.67		c807a32b9e2ab84e6ba6b9a2f545f11d67bfe728
com.liferay	com.liferay.wsrp.service	2.0.67	wsdd	7d601d9975ee9131f1c2abbb85baa37bf85c9835
com.liferay	com.liferay.wsrp.service	2.0.68		5969347fd6ec5870f18483f6dc6eaf5df1dbc3d0
com.liferay	com.liferay.wsrp.service	2.0.68	wsdd	8875a087063d4a9a182ba83b24364698a35eaab1
com.liferay	com.liferay.wsrp.service	2.0.69		1a83c6d07a2844eb6aeafba970c7de04dc600354
com.liferay	com.liferay.wsrp.service	2.0.69	wsdd	f3409a215e5d9653370435eeb458efb0258b0d08
com.liferay	com.liferay.wsrp.service	2.0.7		a24d337183311fda29364b2da5d672e9d253e731
com.liferay	com.liferay.wsrp.service	2.0.7	wsdd	6c3e063665387034cfb71951bcfbe930bf445627
com.liferay	com.liferay.wsrp.service	2.0.70		a3e3db35831de61108552edc8969e0d52f82da2c
com.liferay	com.liferay.wsrp.service	2.0.70	wsdd	cecd266acaa37ddcc0452b88d70c655305cd41dc
com.liferay	com.liferay.wsrp.service	2.0.71		c9f70db36ce9455876ab4f872a1d53a84e9af62a
com.liferay	com.liferay.wsrp.service	2.0.71	wsdd	37d0c877bb29d298fda8e84217a618c30c3e15f8
com.liferay	com.liferay.wsrp.service	2.0.72		531b5892a7b632b82f2ec9648268f03f930b77ac
com.liferay	com.liferay.wsrp.service	2.0.72	wsdd	2c0a6ad46c4dfc8df2bd95543ca016e6f0f4992f
com.liferay	com.liferay.wsrp.service	2.0.73		ee671c358c529b47af38abf4116da8887145ab76
com.liferay	com.liferay.wsrp.service	2.0.73	wsdd	fff6adbc6c37f7e13cc6e3ad16c6d5dd2386bf6d
com.liferay	com.liferay.wsrp.service	2.0.74		0f8ed789f01fb1fd3259cd3a3b384b350601fc5d
com.liferay	com.liferay.wsrp.service	2.0.74	wsdd	bbe0d543b4b49e4fc547fae059039a53539b5476
com.liferay	com.liferay.wsrp.service	2.0.75		27169ad75775938d096556a6b524f12ef758daf9
com.liferay	com.liferay.wsrp.service	2.0.75	wsdd	eeb7e3222cd5d1f45dde9884e915bbae0d8709c0
com.liferay	com.liferay.wsrp.service	2.0.76		3100b412d0ed7119f4eae78a85e103bc3f949ba3
com.liferay	com.liferay.wsrp.service	2.0.76	wsdd	45724f586340e028ebdb102393dce13f7beb9400
com.liferay	com.liferay.wsrp.service	2.0.8		33afb584ae570e0c6e19e7b44f66de59f8223dd7
com.liferay	com.liferay.wsrp.service	2.0.8	wsdd	7bd0f32056238eb3463a84cc2212116f8433f8b0
com.liferay	com.liferay.wsrp.service	2.0.9		900e74e0d9f596c1c1c6d302e80f5b4e2e0d0072
com.liferay	com.liferay.wsrp.service	2.0.9	wsdd	f1840718a409625c561fa8f44308b4b5bd5e409e
com.lihaoyi	mill-contrib-playlib-worker-2.7_2.12	0.3.6-69-5d7c40		d923a0def6edf9c70df08807cd190b509346265e
com.lihaoyi	mill-contrib-playlib-worker-2.7_2.12	0.3.6-80-ddd54c		cd99a8578a3a4dd937ee8a2f8587fe3454be6c9b
com.lihaoyi	mill-contrib-playlib-worker-2.7_2.12	0.3.6-81-0d16d7		bb1b58007b7d1d8983547eddfcd6faaa612bc117
com.lihaoyi	mill-contrib-playlib-worker-2.7_2.12	0.3.6-82-b2d480		cdc6dfdbc342b2d7ba2b1f66520b4e207551bf3b
com.lihaoyi	mill-contrib-playlib-worker-2.7_2.12	0.3.6-83-547b29		d4294ba4d5ea873c3fd387b987dd853f20d9f2c7
com.lihaoyi	mill-contrib-playlib-worker-2.7_2.12	0.3.6-85-38fce6		95449b5e8a28f949226c1c35b295cc9ce9e982fe
com.lihaoyi	mill-contrib-playlib-worker-2.7_2.12	0.3.6-88-ecfbc9		0f30d0815d9922dd3789f28e90f33cec0b8a8168
com.lihaoyi	mill-contrib-playlib-worker-2.7_2.12	0.3.6-90-6c8660		78edb7f6c3bbfedc5a87a9be612617039fa066ea
com.lihaoyi	mill-contrib-playlib-worker-2.7_2.12	0.3.6-92-68505a		30ad2f531ac7efb77eb99e213773c15f8976fc76
com.lihaoyi	mill-contrib-playlib-worker-2.7_2.12	0.3.6-93-1d1c8c		d0415bda6f65fde11c6cf83a69c8a1dc649d3d9e
com.lihaoyi	mill-contrib-playlib-worker-2.7_2.12	0.3.6-94-694d32		bc810a48f68f0687c8bb0f9e22520df42eaa08ca
com.lihaoyi	mill-contrib-playlib-worker-2.7_2.12	0.3.6-95-abbc82		d5a06255f2c4ca25a02b32482fb9df4c483d18b0
com.lihaoyi	mill-contrib-playlib-worker-2.7_2.12	0.3.7		78705325a94470193157144ab4c6b2b413c1e9c2
com.lihaoyi	mill-contrib-playlib-worker-2.7_2.12	0.3.8		38b5b8e6ebce34d5325b6a8e0baa0c91f78e7515
com.lihaoyi	mill-contrib-playlib-worker-2.7_2.12	0.3.9		2906e3f652bed3d3f81891ef4e7e84a9ea616a93
com.lihaoyi	mill-contrib-playlib-worker-2.7_2.12	0.4.0		87a002c42a8ef8b7b723f39a6e65f2dfc6d73a19
com.lihaoyi	mill-contrib-playlib-worker-2.7_2.12	0.4.0-1-6a1025		7c4f62c7d2b6aca64c37578a79b972e3fe34f0ec
com.lihaoyi	mill-contrib-playlib-worker-2.7_2.12	0.4.0-11-26a18d		f6a3f88a0e4205a33cfcce8b1756168ad501a22a
com.lihaoyi	mill-contrib-playlib-worker-2.7_2.12	0.4.0-12-102ddf		7879e3f794d75b4ec7855c79e24d673dfa6a8e13
com.lihaoyi	mill-contrib-playlib-worker-2.7_2.12	0.4.0-13-31a482		a1af631d1e62b561b864572498e2d23969a7abc1
com.lihaoyi	mill-contrib-playlib-worker-2.7_2.12	0.4.0-2-4dbbce		88c25bf02da041a026a9dc8125d8872eda015fd8
com.lihaoyi	mill-contrib-playlib-worker-2.7_2.12	0.4.0-5-68c813		930bfbf7cbf04d6a3d233e7b6545a5ffcc846014
com.lihaoyi	mill-contrib-playlib-worker-2.7_2.12	0.4.0-6-ba75ec		fb7ebbfc599f91aac7a871be8f31905bb54d7b48
com.lihaoyi	mill-contrib-playlib-worker-2.7_2.12	0.4.0-7-7cd9df		244b289c14d561fee9c254cf85e2a40936d14d1e
com.lihaoyi	mill-contrib-playlib-worker-2.7_2.12	0.4.0-9-1db2ee		821c03690fdcf683c12f79d17b7ba6414e25e135
com.lihaoyi	mill-contrib-playlib-worker-2.7_2.12	0.4.1		319c3d053b45ecc8cb9de6746a63e936adfbf509
com.lihaoyi	mill-contrib-playlib-worker-2.7_2.12	0.4.1-1-55eb7e		637db595c78f6c7fc06ae653a27adb410e07ef33
com.lihaoyi	mill-contrib-playlib-worker-2.7_2.12	0.4.1-10-2cda5d		cf4999b18bffa8c14f3ca0db59ea6fb68cbae3fe
com.lihaoyi	mill-contrib-playlib-worker-2.7_2.12	0.4.1-2-07b3e0		f10122c9a90f868b8e3707eaf0320d11713fd038
com.lihaoyi	mill-contrib-playlib-worker-2.7_2.12	0.4.1-21-da1436		a51d92f506f579fa10ebfcc40a73b06e2e260e9e
com.lihaoyi	mill-contrib-playlib-worker-2.7_2.12	0.4.1-3-4bbfbf		e9d2bb4d40adce6805b04d984a35fcb48e2b5657
com.lihaoyi	mill-contrib-playlib-worker-2.7_2.12	0.4.1-4-158d11		149b706555c16a5a01f67a1ea1006188e8d8c7aa
com.lihaoyi	mill-contrib-playlib-worker-2.7_2.12	0.4.1-5-6b8130		d75f09c0813832b5e064be1be35c32d7482804a7
com.lihaoyi	mill-contrib-playlib-worker-2.7_2.12	0.4.1-7-eeec02		fba83d97c6568748955679bd53017f3e65b24038
com.lihaoyi	mill-contrib-playlib-worker-2.7_2.12	0.4.1-8-14ab2d		a3610e146fdbe20ed14e8ec96c90c28dec8fa0a1
com.lihaoyi	mill-contrib-playlib-worker-2.7_2.12	0.4.2		198f4aa46e693e7dd23b98e6886acbc69f338bf4
com.lihaoyi	mill-contrib-playlib-worker-2.7_2.12	0.4.2-1-020e28		2d0bcfc617bae199d17b3e0acbaeeb2f27afb9b8
com.lihaoyi	mill-contrib-playlib-worker-2.7_2.12	0.4.2-13-1f7157		50bda3360c05f2248c8fe4cf8c1e7149a9e2b37b
com.lihaoyi	mill-contrib-playlib-worker-2.7_2.12	0.4.2-15-0e636d		886d359c0e7c91fd4d0dadd63ce2931ea9404094
com.lihaoyi	mill-contrib-playlib-worker-2.7_2.12	0.4.2-16-79a63f		0debcc1eadc2d82202e85a04b7cac94c8bc113c8
com.lihaoyi	mill-contrib-playlib-worker-2.7_2.12	0.4.2-17-a8d1ad		c714fd5382283ffbfcae60760ce53ab6421e06ee
com.lihaoyi	mill-contrib-playlib-worker-2.7_2.12	0.4.2-2-d2af62		5675f8f45a48a7346f1d0e3c9c2dceba92758039
com.lihaoyi	mill-contrib-playlib-worker-2.7_2.12	0.4.2-27-7f30ec		f615baed1261b4fc785b15683c114f8f69297744
com.lihaoyi	mill-contrib-playlib-worker-2.7_2.12	0.4.2-28-4860ed		13167d40b1fa2bd49993d03ea1dc8aa64c234725
com.lihaoyi	mill-contrib-playlib-worker-2.7_2.12	0.4.2-5-e0a3bb		ec83ec637b3337327a1826d6ac98c8c712ad964f
com.lihaoyi	mill-contrib-playlib-worker-2.7_2.12	0.4.2-8-a4a49e		e382af3186ea93e154253ef1da184d465ae59335
com.lihaoyi	mill-contrib-playlib-worker-2.7_2.12	0.5.0		158a1bc6ac2c0fb4d2938adee8740d9c2a235f48
com.lihaoyi	mill-contrib-playlib-worker-2.7_2.12	0.5.0-1-83aa7d		ab65960af748fb5d04d545b4923feff2ea12b565
com.lihaoyi	mill-contrib-playlib-worker-2.7_2.12	0.5.0-10-b0e75b		25dd5834a003bd0d295437f80314be66da5e5311
com.lihaoyi	mill-contrib-playlib-worker-2.7_2.12	0.5.0-11-bf9648		163ff0e9f3ceb18cd23fda2d32766a7e01b5db3b
com.lihaoyi	mill-contrib-playlib-worker-2.7_2.12	0.5.0-13-4e3bcc		f8f598a03813af98ea3aeea08315cb05a2323228
com.lihaoyi	mill-contrib-playlib-worker-2.7_2.12	0.5.0-14-512d09		d9e5bba162e5a1aeee56247e381c97c994030f39
com.lihaoyi	mill-contrib-playlib-worker-2.7_2.12	0.5.0-15-1a05b8		3a1a50b283cb35dc89832cd50a76b0966748e89c
com.lihaoyi	mill-contrib-playlib-worker-2.7_2.12	0.5.0-16-ca1def		2826da1add7ca98941bcdaead714917a6b0e53d9
com.lihaoyi	mill-contrib-playlib-worker-2.7_2.12	0.5.0-17-c9c216		88c90506840d2bcdee55a7536629c68b959ef546
com.lihaoyi	mill-contrib-playlib-worker-2.7_2.12	0.5.0-18-d2b311		2d5aaf32c789e34841b08923c63795c100d18893
com.lihaoyi	mill-contrib-playlib-worker-2.7_2.12	0.5.0-19-e39182		1294a7d9dba079522ddf67412b1beaa003420b34
com.lihaoyi	mill-contrib-playlib-worker-2.7_2.12	0.5.0-2-fe8667		5e2f6a150088964e937074d68ba5c11aa02930e9
com.lihaoyi	mill-contrib-playlib-worker-2.7_2.12	0.5.0-20-78b512		ea218e682a2825cc8822d4657f42f5cc25e0b55d
com.lihaoyi	mill-contrib-playlib-worker-2.7_2.12	0.5.0-21-735562		28d3d860fa47fa6a224cc281a333d92bd8597ef5
com.lihaoyi	mill-contrib-playlib-worker-2.7_2.12	0.5.0-22-af64c0		7d028f31792051539f44d75f06df65adc260fb17
com.lihaoyi	mill-contrib-playlib-worker-2.7_2.12	0.5.0-25-8b91f0		57168347914637bd8534677c1ca00eea25d9d0ab
com.lihaoyi	mill-contrib-playlib-worker-2.7_2.12	0.5.0-26-ed8ea5		2ddd4bf67ad99d07fe10bdaf4559a7d1b963925b
com.lihaoyi	mill-contrib-playlib-worker-2.7_2.12	0.5.0-3-4faefb		f3ee0816db5094fcbc3bdabe737ec0c20a366722
com.lihaoyi	mill-contrib-playlib-worker-2.7_2.12	0.5.0-4-996b05		66f116fd1f1ddecc4b11332daff8abfb4cbff6e6
com.lihaoyi	mill-contrib-playlib-worker-2.7_2.12	0.5.0-6-2b62f2		4fa202e372479c14fc09a35c3bc1cf59ee25f73a
com.lihaoyi	mill-contrib-playlib-worker-2.7_2.12	0.5.0-7-b70ea4		5d830822ea0e5f4a23c0f994c1a76a81c664a2f7
com.lihaoyi	mill-contrib-playlib-worker-2.7_2.12	0.5.0-8-52bb78		0fda5ba056bb5502ca90606b39beb1fec22ea654
com.lihaoyi	mill-contrib-playlib-worker-2.7_2.12	0.5.0-9-6eb1d8		56f63e3250d76f9bca4e01976eba8a85830d85a0
com.lihaoyi	mill-contrib-playlib-worker-2.7_2.12	0.5.1		c49dbaa3f2cc7e44d8702626ab5b736f3b020086
com.lihaoyi	mill-contrib-playlib-worker-2.7_2.12	0.5.1-1-826dea		e2007ea42dace88346b99427a257a3979ebcc1bb
com.lihaoyi	mill-contrib-playlib-worker-2.7_2.12	0.5.1-10-bc71cd		50277b2ed0f53087cb78080dbba2af88d5b65a62
com.lihaoyi	mill-contrib-playlib-worker-2.7_2.12	0.5.1-11-de22b5		1c98d544278b4763ffb6087b6f897f49eb2219d3
com.lihaoyi	mill-contrib-playlib-worker-2.7_2.12	0.5.1-12-3e0431		bcd2522a0d956f6d628ded2734a4cb296ad0ba43
com.lihaoyi	mill-contrib-playlib-worker-2.7_2.12	0.5.1-13-0de4e8		c5bd2237a1d674dbe3666af77e0bd800a237444e
com.lihaoyi	mill-contrib-playlib-worker-2.7_2.12	0.5.1-14-ef3708		fe3429c2ccc0a0bdfef2674ab747263c7a427b2f
com.lihaoyi	mill-contrib-playlib-worker-2.7_2.12	0.5.1-15-6c7a42		ff242172f8f8e8b831a783d33631ba8d1dab91a5
com.lihaoyi	mill-contrib-playlib-worker-2.7_2.12	0.5.1-16-7c75ab		78b5e352bc744233786e008c12c31547b616b4ba
com.lihaoyi	mill-contrib-playlib-worker-2.7_2.12	0.5.1-18-4d0ecc		72ecdcb122359ce650320fca264a0d3de154e707
com.lihaoyi	mill-contrib-playlib-worker-2.7_2.12	0.5.1-19-a6adf5		e9e07f179440724465aafea7d179c57102230291
com.lihaoyi	mill-contrib-playlib-worker-2.7_2.12	0.5.1-20-395a9b		690f50814d4fa72032c926226880a210cbbe3687
com.lihaoyi	mill-contrib-playlib-worker-2.7_2.12	0.5.1-21-9354e9		606d9b1bb35efee145dcbca8b23a8f7cea27fc49
com.lihaoyi	mill-contrib-playlib-worker-2.7_2.12	0.5.1-6-6f1cdf		be7ee741817324ee42d0058c7b7fbb3ad89dba61
com.lihaoyi	mill-contrib-playlib-worker-2.7_2.12	0.5.1-7-99ec26		f2e173d2d81e64f835981c9ea1218aa4e006609d
com.lihaoyi	mill-contrib-playlib-worker-2.7_2.12	0.5.1-8-e6f6a9		19a3c35136e0cc67a4bfb38cd9dfcb48e02d18d4
com.lihaoyi	mill-contrib-playlib-worker-2.7_2.12	0.5.1-83-6a19be		19abfbaf904c5b02add977c27551412d7f129d0f
com.lihaoyi	mill-contrib-playlib-worker-2.7_2.12	0.5.1-9-f9a999		26ceaf54c74076991b1d547d6c3f7571c07f1345
com.lihaoyi	mill-contrib-playlib-worker-2.7_2.12	0.5.2		34acda6a003ca112d3187f82ffbe9140083cd158
com.lihaoyi	mill-contrib-playlib-worker-2.7_2.12	0.5.2-1-d68585		17f0432f84ce82af4b4317d9ab95ec49421758bf
com.lihaoyi	mill-contrib-playlib-worker-2.7_2.12	0.5.2-10-d7591b		192dd17b92ce31ceb3f6d07c0da190c3f80ab89c
com.lihaoyi	mill-contrib-playlib-worker-2.7_2.12	0.5.2-12-b21466		ca5576b52a6878949597de6938113b03d76e0a6c
com.lihaoyi	mill-contrib-playlib-worker-2.7_2.12	0.5.2-13-5c81ee		6187e1f12bafbaf744904f14b9fc96173b88c870
com.lihaoyi	mill-contrib-playlib-worker-2.7_2.12	0.5.2-14-4e5fec		636d20a0d27496e0f8460846b534c79b019d7a62
com.lihaoyi	mill-contrib-playlib-worker-2.7_2.12	0.5.2-15-b2bdae		c07a279bb281ca560566b6500502e3018358b3bc
com.lihaoyi	mill-contrib-playlib-worker-2.7_2.12	0.5.2-16-d996fe		c3139772991f8f7a99c3b20339f41fa77de3c623
com.lihaoyi	mill-contrib-playlib-worker-2.7_2.12	0.5.2-17-2b5c24		c8d8e50cc7f5100b18801206e712fefc691622f2
com.lihaoyi	mill-contrib-playlib-worker-2.7_2.12	0.5.2-19-754f41		52823ae09d254091865ca2bdea3d24207b3d92a4
com.lihaoyi	mill-contrib-playlib-worker-2.7_2.12	0.5.2-2-5b90cc		3d4c4643710ab75ede532020e240bef9bb7bb804
com.lihaoyi	mill-contrib-playlib-worker-2.7_2.12	0.5.2-20-51f879		e7d3f0bc919ce44d3e4968cfe474d4cb4a8b2992
com.lihaoyi	mill-contrib-playlib-worker-2.7_2.12	0.5.2-21-45cbd2		ee147a8ddb770eed3c92d606680f4c566cd1dbc4
com.lihaoyi	mill-contrib-playlib-worker-2.7_2.12	0.5.2-22-8d95c8		1d448c7aad080a8b8254bc92f9644a57cab7933b
com.lihaoyi	mill-contrib-playlib-worker-2.7_2.12	0.5.2-27-449634		afa4d6ebb8ed62723e39568afce6715c8178345a
com.lihaoyi	mill-contrib-playlib-worker-2.7_2.12	0.5.2-28-b5296b		12d8ad380c4d91c1768a72683fbdd7432ae305e6
com.lihaoyi	mill-contrib-playlib-worker-2.7_2.12	0.5.2-29-a89bf2		5255de0c0914af14ccfede0a2ba0ec3cbf952e57
com.lihaoyi	mill-contrib-playlib-worker-2.7_2.12	0.5.2-3-c1ee26		33192cad9120925fa55d26536ad3603f6d887def
com.lihaoyi	mill-contrib-playlib-worker-2.7_2.12	0.5.2-30-acf21e		647caaf99e2793a84fe1dfa59ad8c168c0a8a469
com.lihaoyi	mill-contrib-playlib-worker-2.7_2.12	0.5.2-31-77a301		515a9a602ff740462f4d8fb214d32448fba49948
com.lihaoyi	mill-contrib-playlib-worker-2.7_2.12	0.5.2-33-9c2eb8		1aa2613ff86493762a1a5d4d87dafbc94d3191ff
com.lihaoyi	mill-contrib-playlib-worker-2.7_2.12	0.5.2-34-260d19		7ae80c55e031a2532339fd59b5e51e6608709026
com.lihaoyi	mill-contrib-playlib-worker-2.7_2.12	0.5.2-4-32a3ef		47bef93a1f393b2e2090b311f6fc9553a3babb1a
com.lihaoyi	mill-contrib-playlib-worker-2.7_2.12	0.5.2-5-4f3942		ece2a7bbbc1e6d8081bc7a77e7fd7e1335964076
com.lihaoyi	mill-contrib-playlib-worker-2.7_2.12	0.5.2-6-c3af02		bdd3f16f0bb32b7b5b3fdbec9bb9f6b6ec87b822
com.lihaoyi	mill-contrib-playlib-worker-2.7_2.12	0.5.2-7-662b5b		d22095100440560f74ef0b91e68b1193886cfb99
com.lihaoyi	mill-contrib-playlib-worker-2.7_2.12	0.5.2-8-1fea42		a3fc7d969b0c0596c04cf9d2f09112098437ba29
com.lihaoyi	mill-contrib-playlib-worker-2.7_2.12	0.5.2-9-ea4f04		acb4279de6649297187830a5f3679eb8e942dbd2
com.lihaoyi	mill-contrib-playlib-worker-2.7_2.12	0.5.3		d962f3417082df99feed70bd7e2fe4ca08e9e8d3
com.lihaoyi	mill-contrib-playlib-worker-2.7_2.12	0.5.3-1-6980db		dea27a6af236275768c825d938bc2b3dac61854b
com.lihaoyi	mill-contrib-playlib-worker-2.7_2.12	0.5.3-10-f01025		86523b033b736a9c44a8e8be7238e5870eeaa0ac
com.lihaoyi	mill-contrib-playlib-worker-2.7_2.12	0.5.3-11-b82c6c		d1bc05e845c15518e6a11c684d5e1c612309619d
com.lihaoyi	mill-contrib-playlib-worker-2.7_2.12	0.5.3-12-8819a3		d0192586eda19f3977d7863e2e2ebc071f6c1030
com.lihaoyi	mill-contrib-playlib-worker-2.7_2.12	0.5.3-13-4f4fab		aefc5d9a3f7a60a4ff87f439545da80d2228571f
com.lihaoyi	mill-contrib-playlib-worker-2.7_2.12	0.5.3-17-f29952		4f6e67ac50877aabbd481db1a738883753defef0
com.lihaoyi	mill-contrib-playlib-worker-2.7_2.12	0.5.3-2-4c9e4b		0acd2714efb0cf38336f0c720d77fa45d1f5f5c9
com.lihaoyi	mill-contrib-playlib-worker-2.7_2.12	0.5.3-3-c6f932		c7fe771ddaee70319297d60835dcd88ab521f6c8
com.lihaoyi	mill-contrib-playlib-worker-2.7_2.12	0.5.3-4-60edf6		7e775f4307e280c19be6845f5f8a87a0099d912c
com.lihaoyi	mill-contrib-playlib-worker-2.7_2.12	0.5.3-5-5b18fe		2ec9287591c7301a4e17a0652ad881a5aa3774a0
com.lihaoyi	mill-contrib-playlib-worker-2.7_2.12	0.5.3-7-4f127d		b9ebf6db3c191cc2d817e97d9a2111da0d026c7f
com.lihaoyi	mill-contrib-playlib-worker-2.7_2.12	0.5.3-8-2d0cd5		b2d176d6b69b21f25629a0cbb8de761bef5ab260
com.lihaoyi	mill-contrib-playlib-worker-2.7_2.12	0.5.3-9-6906ff		6c5924733ad52b17513648d11be84ec6d8ab0d73
com.lihaoyi	mill-contrib-playlib-worker-2.7_2.12	0.5.4		63038787db980cf1b527b915cafb13df8954a145
com.lihaoyi	mill-contrib-playlib-worker-2.7_2.12	0.5.4-1-abdbd4		b1c6cb5b8a52b1a0f4577a01ff3c54e0661e4ee4
com.lihaoyi	mill-contrib-playlib-worker-2.7_2.12	0.5.5		f255dfe7c7ae42617f9f076190c555ac3d511a0b
com.lihaoyi	mill-contrib-playlib-worker-2.7_2.12	0.5.6		ef84706c4d472869520fee2b4cc623161e370275
com.lihaoyi	mill-contrib-playlib-worker-2.7_2.12	0.5.6-1-3b88d5		c6ae5cd8b9bdad29517ab676b40cffbe6c09e010
com.lihaoyi	mill-contrib-playlib-worker-2.7_2.12	0.5.6-2-913825		1c7729fdd2dbfd19d1d1e0addc2e6f7066c38f3e
com.lihaoyi	mill-contrib-playlib-worker-2.7_2.12	0.5.6-3-17805a		8f1712fe372710fbaf8ec573a0f2d115324559e9
com.lihaoyi	mill-contrib-playlib-worker-2.7_2.12	0.5.6-4-512f49		346c341b9a469c5fdb908d02cf48be5875395265
com.lihaoyi	mill-contrib-playlib-worker-2.7_2.12	0.5.7		581f70bf4c8e44bfc2652261aaee8d18309c99d1
com.lihaoyi	mill-contrib-playlib-worker-2.7_2.12	0.5.7-1-64a6e3		30db7bd49fdfaaeb6fd2697496b45a2168824e65
com.lihaoyi	mill-contrib-playlib-worker-2.7_2.12	0.5.7-2-f6010f		dd8b1e731cb55bcc7c84fe12269471815d1c9ec0
com.lihaoyi	mill-contrib-playlib-worker-2.7_2.12	0.5.7-5-94d364		2d3eefb87d2baf98340c6f0e4f60297bda945fc4
com.lihaoyi	mill-contrib-playlib-worker-2.7_2.12	0.5.7-6-8f0b5b		22047c2caaed26fea02f6f6cdab697cab5741905
com.lihaoyi	mill-contrib-playlib-worker-2.7_2.12	0.5.8		4c07fe40a293cbf5f5768ffa832883f5b4fe221c
com.lihaoyi	mill-contrib-playlib-worker-2.7_2.12	0.5.8-1-24e050		c0e20586ad092c1ff640c30f0ac5d786b2cd8aaf
com.lihaoyi	mill-contrib-playlib-worker-2.7_2.12	0.5.8-2-1240d1		0cc40bec4ad9ce6d25fa98f62853d48d2923be3f
com.lihaoyi	mill-contrib-playlib-worker-2.7_2.12	0.5.9		b84f43018030c58ffd7383be56404dd9ad78f0f7
com.lihaoyi	mill-contrib-playlib-worker-2.7_2.12	0.5.9-1-639dc1		86037ff8e875ac8aa5dd42ca3d4ab5c264f9ece7
com.lihaoyi	mill-contrib-playlib-worker-2.7_2.12	0.5.9-2-38fe77		b7f5b798821532c5bd1fc680bd4c8b600320241d
com.lihaoyi	mill-contrib-playlib-worker-2.7_2.12	0.5.9-3-274d64		5733ccbbe3607e04b24082219bfe0b80d223cc1f
com.lihaoyi	mill-contrib-playlib-worker-2.7_2.12	0.5.9-6-484657		29ad227f28f8f647a36ea049aa3b122b45c087d7
com.lihaoyi	mill-contrib-playlib-worker-2.7_2.12	0.6.0		908d0a6d58d93f02c49fae0e0a47c97be4b18513
com.lihaoyi	mill-contrib-playlib-worker-2.7_2.12	0.6.0-10-c69469		597f50892b4425474b48ebd498dec722d50f5144
com.lihaoyi	mill-contrib-playlib-worker-2.7_2.12	0.6.0-11-ae8b3d		0484e981dd4b06e0fb25b80a44de1041a7b8e21a
com.lihaoyi	mill-contrib-playlib-worker-2.7_2.12	0.6.0-12-80eb7e		e10c1b1696759579d37d68f5b4fc48e391887f72
com.lihaoyi	mill-contrib-playlib-worker-2.7_2.12	0.6.0-14-f4b655		81839465d39819779b6ae6c32e7f724e2891c87e
com.lihaoyi	mill-contrib-playlib-worker-2.7_2.12	0.6.0-15-ee0405		2febedac98bd2992376d5169e31191092f1d5b12
com.lihaoyi	mill-contrib-playlib-worker-2.7_2.12	0.6.0-16-8c2c58		a004cd36229b3e8276f4b5e2333ed7efeeca428e
com.lihaoyi	mill-contrib-playlib-worker-2.7_2.12	0.6.0-17-81b84d		383ce975ac6b0b32366d8a3a99c27bc9e84a0c13
com.lihaoyi	mill-contrib-playlib-worker-2.7_2.12	0.6.0-18-c7873b		f66e9f61684a208c85f1ea333920285a7efda989
com.lihaoyi	mill-contrib-playlib-worker-2.7_2.12	0.6.0-19-996f25		d907218162dbab421f7dd0fc1acc1228905d6a88
com.lihaoyi	mill-contrib-playlib-worker-2.7_2.12	0.6.0-2-4ae5c8		ee0b376a41f75c796273292a67da98bb153c2073
com.lihaoyi	mill-contrib-playlib-worker-2.7_2.12	0.6.0-21-93fc8e		b39806c75337343d92b258eaa1813271ed9cd967
com.lihaoyi	mill-contrib-playlib-worker-2.7_2.12	0.6.0-24-312842		8d3e8756307b0b825f63ecec983ef94635ca9f9a
com.lihaoyi	mill-contrib-playlib-worker-2.7_2.12	0.6.0-25-713017		0d7f94b0f3181f3bbe565ae0b8451f0c1f7763f0
com.lihaoyi	mill-contrib-playlib-worker-2.7_2.12	0.6.0-26-3bb4b0		7d53547e09c859560f178ea9ad51ae4fa359e4f2
com.lihaoyi	mill-contrib-playlib-worker-2.7_2.12	0.6.0-27-c03984		c0d47a1ea022e5c5db07c1e090ec141d28192e3a
com.lihaoyi	mill-contrib-playlib-worker-2.7_2.12	0.6.0-28-5b9f82		867d1d55ffc291846d37e6d1434b1814e4b84b94
com.lihaoyi	mill-contrib-playlib-worker-2.7_2.12	0.6.0-29-88cef4		2e183b9dd1dc0af8755b320acf1dae2414917989
com.lihaoyi	mill-contrib-playlib-worker-2.7_2.12	0.6.0-3-4f6cf0		11c43916b6570b8242de4264bb50892b548654b7
com.lihaoyi	mill-contrib-playlib-worker-2.7_2.12	0.6.0-4-269a94		23e8f74694875edd0fbc619bdec4149ac71ce4c7
com.lihaoyi	mill-contrib-playlib-worker-2.7_2.12	0.6.0-5-d0b74f		2a02ba48ac86a6844484058293aee7be315ed647
com.lihaoyi	mill-contrib-playlib-worker-2.7_2.12	0.6.0-6-acdbf4		199c27f078553e9788ad88c81e5237d62cb679f5
com.lihaoyi	mill-contrib-playlib-worker-2.7_2.12	0.6.0-8-98fc5a		fa86917d326f38cf66af2e5ab7232c1bc0d63a8c
com.lihaoyi	mill-contrib-playlib-worker-2.7_2.12	0.6.0-9-9962e5		229830ef155bfbfae76e13edd4f745b829782a85
com.lihaoyi	mill-contrib-playlib-worker-2.7_2.12	0.6.1		792c6a3c5a67979191557522ba0d87d0c6a60305
com.lihaoyi	mill-contrib-playlib-worker-2.7_2.12	0.6.1-10-c0481b		a821ddd2389a03a422423f3516b104cd0566fc77
com.lihaoyi	mill-contrib-playlib-worker-2.7_2.12	0.6.1-11-3e553b		39119ff52907262f6778b15d5d7e56e9c980d092
com.lihaoyi	mill-contrib-playlib-worker-2.7_2.12	0.6.1-12-0a8764		15c41d4ea21201c921cf3059a468c136cf508b32
com.lihaoyi	mill-contrib-playlib-worker-2.7_2.12	0.6.1-120-8d6b23		9671c8fe7e58569cb8118577fe7d0a21c0485adb
com.lihaoyi	mill-contrib-playlib-worker-2.7_2.12	0.6.1-121-3f10a4		bc93193acea4250f1be1023a66fe4cbf9acecd26
com.lihaoyi	mill-contrib-playlib-worker-2.7_2.12	0.6.1-122-5be570		bb5867b0286b9d1ca6932cf69a6c372a9b8670f6
com.lihaoyi	mill-contrib-playlib-worker-2.7_2.12	0.6.1-123-6b987b		1dda8ed76b37866671de1754d866ff2858faac9e
com.lihaoyi	mill-contrib-playlib-worker-2.7_2.12	0.6.1-124-85aa6b		4e922b5a88da9c4f2c999c160796c2eb346b4ab7
com.lihaoyi	mill-contrib-playlib-worker-2.7_2.12	0.6.1-126-49ed03		bbbc44ee2f825365047cb9dc84fc4ce46a7f5baf
com.lihaoyi	mill-contrib-playlib-worker-2.7_2.12	0.6.1-127-050798		a2b1e089c94c14a51ea27fb5b2cd01a7b7431461
com.lihaoyi	mill-contrib-playlib-worker-2.7_2.12	0.6.1-13-09451a		975343fd1917de609bbe5056f7fce3b9fa02c788
com.lihaoyi	mill-contrib-playlib-worker-2.7_2.12	0.6.1-14-0817cb		dfa04e6d26e0874a772a8ef88c0374d63be51e3b
com.lihaoyi	mill-contrib-playlib-worker-2.7_2.12	0.6.1-15-6c5104		aedfd7a6bcb900b34f7dfafbf6bf5e2bccb5c267
com.lihaoyi	mill-contrib-playlib-worker-2.7_2.12	0.6.1-16-c93ea4		8dfc9a6be373fee2f33985f34a7a91dab3bfb8d5
com.lihaoyi	mill-contrib-playlib-worker-2.7_2.12	0.6.1-17-dae71f		6cc45ea3bf0bef8fa1d34936d94b77c77ed32ce1
com.lihaoyi	mill-contrib-playlib-worker-2.7_2.12	0.6.1-18-caddfa		4cdd36131b4544ecdceccfca18c4b787a5a145a0
com.lihaoyi	mill-contrib-playlib-worker-2.7_2.12	0.6.1-2-421ba1		0e6f8335ce4760e380a7fd52b6e10a48ae58a3b2
com.lihaoyi	mill-contrib-playlib-worker-2.7_2.12	0.6.1-21-6c2260		ef1e8d74d6d876dc99b535755c6901c46f6c518d
com.lihaoyi	mill-contrib-playlib-worker-2.7_2.12	0.6.1-22-c8ee26		3dc465dc764be90cc19f7f288e390428a136eeb0
com.lihaoyi	mill-contrib-playlib-worker-2.7_2.12	0.6.1-23-2287e0		a7087174c095c32fe578ef72d0127518462c52d4
com.lihaoyi	mill-contrib-playlib-worker-2.7_2.12	0.6.1-25-360107		c6ed70623d0ed90479ebe42e1b1ced1948978068
com.lihaoyi	mill-contrib-playlib-worker-2.7_2.12	0.6.1-3-7c8264		19cc2c5e65d79de1a7ee501d18852fca0af669df
com.lihaoyi	mill-contrib-playlib-worker-2.7_2.12	0.6.1-30-cd437c		c721248bc367bb991822625c92f48206486299bc
com.lihaoyi	mill-contrib-playlib-worker-2.7_2.12	0.6.1-6-20c197		bcc0d218baf4ec9e2445e4d363fceaf4e54c02b6
com.lihaoyi	mill-contrib-playlib-worker-2.7_2.12	0.6.1-7-750053		e5b3947ae9558fdd1a62edea00e797d3e5659016
com.lihaoyi	mill-contrib-playlib-worker-2.7_2.12	0.6.1-8-49d8ad		9542b1bc35ad8eb7e033864ad1a1e7b0cb2c183a
com.lihaoyi	mill-contrib-playlib-worker-2.7_2.12	0.6.1-9-8a39c4		fffa037e89ddfceb40b0a9104305020fa41d04c6
com.lihaoyi	mill-contrib-playlib-worker-2.7_2.12	0.6.2		ffccce9cc78441bcb4defb6d2ce44622d7620857
com.lihaoyi	mill-contrib-playlib-worker-2.7_2.12	0.6.2-10-37d791		7d28621f8da0a0126bc2d5f1d2ebd2f03d425c11
com.lihaoyi	mill-contrib-playlib-worker-2.7_2.12	0.6.2-11-f97b9c		6e5adfbeaafdbc5601eafd4f4afba30cc3ac9fc8
com.lihaoyi	mill-contrib-playlib-worker-2.7_2.12	0.6.2-14-029675		0d19570b335394886aa5338aba278205f7b8c590
com.lihaoyi	mill-contrib-playlib-worker-2.7_2.12	0.6.2-15-84e866		7ac7ca6bd5fa410acb5c65cf50b9c5316d985197
com.lihaoyi	mill-contrib-playlib-worker-2.7_2.12	0.6.2-16-b169e9		552d1adbfea03c5654d11b68c260d239d0bb8427
com.lihaoyi	mill-contrib-playlib-worker-2.7_2.12	0.6.2-18-2b3fb0		a0e985c700a962b61eb79210850e01288e6b9122
com.lihaoyi	mill-contrib-playlib-worker-2.7_2.12	0.6.2-19-d70e81		a7f3aa47c4a569094d40503d73664a4ec69f1843
com.lihaoyi	mill-contrib-playlib-worker-2.7_2.12	0.6.2-20-08228b		18bc87b642ef2258e45dc43d4a96b7065987e008
com.lihaoyi	mill-contrib-playlib-worker-2.7_2.12	0.6.2-25-6628cf		ab9e5e7cd10fccdea7b106c380cf18c4b22bb09a
com.lihaoyi	mill-contrib-playlib-worker-2.7_2.12	0.6.2-26-cbbf1e		fd853baa4a94baede4a8a3c1e68e026087670582
com.lihaoyi	mill-contrib-playlib-worker-2.7_2.12	0.6.2-29-33ce50		9383fc39b47de8fcbff620d167dba4c15a1c6e29
com.lihaoyi	mill-contrib-playlib-worker-2.7_2.12	0.6.2-3-3206d5		237f36dc0bf499a8707cdb41c9dc67fc48881454
com.lihaoyi	mill-contrib-playlib-worker-2.7_2.12	0.6.2-30-70bc8d		94ecf31b2194c5962bcffc76abf99df3545c038b
com.lihaoyi	mill-contrib-playlib-worker-2.7_2.12	0.6.2-31-ad23e6		51617edfac11f2bea90a78782bdcd270ef278924
com.lihaoyi	mill-contrib-playlib-worker-2.7_2.12	0.6.2-35-7d1144		f3804c4428660bf38bfc29b2e5cfc867d18cd8c5
com.lihaoyi	mill-contrib-playlib-worker-2.7_2.12	0.6.2-38-f56ca9		17a37e8c65a5ad5819bedc85e29344a28083fad0
com.lihaoyi	mill-contrib-playlib-worker-2.7_2.12	0.6.2-5-387140		772563f648c68decda2bf55c3a0cc3beeee716ae
com.lihaoyi	mill-contrib-playlib-worker-2.7_2.12	0.6.2-54-2faed7		4d148ae629484db50769735dcc19630fd5b563b3
com.lihaoyi	mill-contrib-playlib-worker-2.7_2.12	0.6.2-56-08a57a		98a83cd40e2529e605c28014f57460972288449f
com.lihaoyi	mill-contrib-playlib-worker-2.7_2.12	0.6.2-57-589bf2		36c4816fb37384dc8b0bdfc13857cb1ff0b630e3
com.lihaoyi	mill-contrib-playlib-worker-2.7_2.12	0.6.2-58-24d577		82a12ded1a7532ffc2cd21707630d93600ea52d3
com.lihaoyi	mill-contrib-playlib-worker-2.7_2.12	0.6.2-59-6e0bd9		163754cc571f7c139914fd866e50bdb31b620e71
com.lihaoyi	mill-contrib-playlib-worker-2.7_2.12	0.6.2-62-005dd8		f5a4ed572f7094d5e11270d594b6e464ecb75eca
com.lihaoyi	mill-contrib-playlib-worker-2.7_2.12	0.6.2-65-d6cf01		0b048566aba0c8f088dd3e91a3255cd5f9b48e87
com.lihaoyi	mill-contrib-playlib-worker-2.7_2.12	0.6.2-66-0a443f		0dc4faba93bccee4fabc81964a0111f586b13d10
com.lihaoyi	mill-contrib-playlib-worker-2.7_2.12	0.6.2-67-ec435c		df40d563d5fa2930627f2105a564d43bd2b54edc
com.lihaoyi	mill-contrib-playlib-worker-2.7_2.12	0.6.2-7-66ea4a		cfa70347a80bb62b827e3e9a1b444d99371b1c2b
com.lihaoyi	mill-contrib-playlib-worker-2.7_2.12	0.6.2-7-f10b89		fc0711080e29710b9b8fc208958787f7f7456846
com.lihaoyi	mill-contrib-playlib-worker-2.7_2.12	0.6.2-8-7aad56		c779197d90414d32c35258dc8b533b19c198511e
com.lihaoyi	mill-contrib-playlib-worker-2.7_2.12	0.6.2-9-fd6494		9140649e25ee45bd9678cbe768e037e72649a43d
com.lihaoyi	mill-contrib-playlib-worker-2.7_2.12	0.6.3		7b64e2439fa804decad1a8623fc432a12c9d2a32
com.lihaoyi	mill-contrib-playlib-worker-2.7_2.12	0.7.0		f93ae32b88a8d7daf17de096ddd360e364bb68b5
com.lihaoyi	mill-contrib-playlib-worker-2.7_2.12	0.7.0-4-a7de70		9ec9d2766dc747ae112aa71995fe6e164b9a58a1
com.lihaoyi	mill-contrib-playlib-worker-2.7_2.12	0.7.0-5-ad988f		f90658a7206d90ffeaa04781cf75cc8bbaea74d4
com.lihaoyi	mill-contrib-playlib-worker-2.7_2.12	0.7.0-6-ab8142		1e14f08804e5acac861e0b7162c0111025642ec3
com.lihaoyi	mill-contrib-playlib-worker-2.7_2.12	0.7.0-7-fadba5		c03610992069d44095e121b28a25821422e7f4f4
com.lihaoyi	mill-contrib-playlib-worker-2.7_2.12	0.7.0-8-1ba8d1		c445e7562dddb669d928bacc3b0f86e9599d7930
com.lihaoyi	mill-contrib-playlib-worker-2.7_2.12	0.7.0-9-6d7a34		257217a7aafffd1f14a25cda5d1a0c1cfa9fb12e
com.lihaoyi	mill-contrib-playlib-worker-2.7_2.12	0.7.1		b066e9a0304446b93bcce4add4cd0c69dbf45480
com.lihaoyi	mill-contrib-playlib-worker-2.7_2.12	0.7.1-1-401ef1		3a41da1252c568af3e038de7df99c1a7aefe6d7e
com.lihaoyi	mill-contrib-playlib-worker-2.7_2.12	0.7.1-2-94eec6		83f4bab972d1c249d88307125947e01f280a799c
com.lihaoyi	mill-contrib-playlib-worker-2.7_2.12	0.7.2		a80968e880182eea66aade5ebf7bd33ef5af973e
com.lihaoyi	mill-contrib-playlib-worker-2.7_2.12	0.7.2-1-082c1f		11d6b2f2df9f896cd53d80dddc4e8d9dd31cbf94
com.lihaoyi	mill-contrib-playlib-worker-2.7_2.12	0.7.2-4-f1d394		e35260cba2ce7fe36745ee9908751bb95baecbc5
com.lihaoyi	mill-contrib-playlib-worker-2.7_2.12	0.7.2-5-7d7126		4011d4c077e2173ab22f08cdc0afe5e86c289add
com.lihaoyi	mill-contrib-playlib-worker-2.7_2.12	0.7.2-6-6d9aee		3a48221514263cfcb35397ea03d29d222167c77c
com.lihaoyi	mill-contrib-playlib-worker-2.7_2.12	0.7.2-7-c9f8ba		884afacc1da0ddf59504f578f0761774f13c85c2
com.lihaoyi	mill-contrib-playlib-worker-2.7_2.12	0.7.2-8-f7dfc8		1f8bb27a6a2592ed7f96d64e476dee8161ca8324
com.lihaoyi	mill-contrib-playlib-worker-2.7_2.12	0.7.2-9-7d1221		83b0240a021e59d61b13badfb6653d172a4ed4dd
com.lihaoyi	mill-contrib-playlib-worker-2.7_2.12	0.7.3		d1b37fcf00689bff6c9fa6de122decda8aa7afaa
com.lihaoyi	mill-contrib-playlib-worker-2.7_2.12	0.7.3-1-969259		47429faba7037c27a8757966dd91ca68897596cd
com.lihaoyi	mill-contrib-playlib-worker-2.7_2.12	0.7.3-10-497538		5950642e78a7f154b9d0f7b7ad49c25879a440a0
com.lihaoyi	mill-contrib-playlib-worker-2.7_2.12	0.7.3-11-686524		178e122520365f1a5edcfa15a30846ba041e4a8e
com.lihaoyi	mill-contrib-playlib-worker-2.7_2.12	0.7.3-12-678d5b		834a16cf8cd34a209f3b0273be3c8db4df23de74
com.lihaoyi	mill-contrib-playlib-worker-2.7_2.12	0.7.3-14-14db46		6820e85942ce17fede136eb5662d7300f8919481
com.lihaoyi	mill-contrib-playlib-worker-2.7_2.12	0.7.3-15-515cb5		e42ffd28a7966d5c7c79d830fe39d47fc5a5d28a
com.lihaoyi	mill-contrib-playlib-worker-2.7_2.12	0.7.3-17-825d0b		a98aeec4ddb966483153dc5e19ef3eeed9b6c602
com.lihaoyi	mill-contrib-playlib-worker-2.7_2.12	0.7.3-18-e263dc		935867e18cd1cce23b59034dedaa9c49bce09b6f
com.lihaoyi	mill-contrib-playlib-worker-2.7_2.12	0.7.3-2-bc6694		3623e49ed6cb685d32a649d4d6d33beeef48c3ba
com.lihaoyi	mill-contrib-playlib-worker-2.7_2.12	0.7.3-3-67216a		2997a0de8214ab778ae5061e74174dce32934d68
com.lihaoyi	mill-contrib-playlib-worker-2.7_2.12	0.7.3-5-ae737d		3a3666f915b16bb09ccbfc21e537c7b6e456fd6c
com.lihaoyi	mill-contrib-playlib-worker-2.7_2.12	0.7.3-7-6e37a0		d883cfc55cdd7cec60b87045f13f0237d2ebcf53
com.lihaoyi	mill-contrib-playlib-worker-2.7_2.12	0.7.3-8-3f1f18		284b853e597e1b181ba1b9195d9b9a523898bbcb
com.lihaoyi	mill-contrib-playlib-worker-2.7_2.12	0.7.4		bfca3ec6fded9cb49d4e78c421fc4082c56eed31
com.lihaoyi	mill-contrib-playlib-worker-2.7_2.12	0.7.4-3-0e3f26		9bad7672a46a40bc7c26a255372f82200e3c9cec
com.lihaoyi	mill-contrib-playlib-worker-2.7_2.12	0.7.4-4-4fe00f		b8b22b683b75cc6e4bd0f860a7fabbb9418da936
com.lihaoyi	mill-contrib-playlib-worker-2.7_2.12	0.7.4-5-438ebc		d6098e55d9c5dfb5d709c2cce8ac03f8ddbe648a
com.lihaoyi	mill-contrib-playlib-worker-2.7_2.12	0.7.4-7-6b492a		aceb3eac125e1c210c0f8de54dff7ba114ac9dab
com.lihaoyi	mill-contrib-playlib-worker-2.7_2.12	0.8.0		b2f2314490c1d44e1ef6bf2adabee2f65e362500
com.lihaoyi	mill-contrib-playlib-worker-2.7_2.12	0.8.0-1-d81662		32cfd193e419182dca9cc20c352609cbf9fac875
com.lihaoyi	mill-contrib-playlib-worker-2.7_2.12	0.8.0-10-096f6f		e8fe612a9b8e8f17944a6b6b4dc0254b83677b95
com.lihaoyi	mill-contrib-playlib-worker-2.7_2.12	0.8.0-11-8cd135		5364c3e6000a0681d12517dc79c45a47d4c2c3e5
com.lihaoyi	mill-contrib-playlib-worker-2.7_2.12	0.8.0-12-375f4e		24b6a1976e83f51cf10d1b917cf6d14d96cb1429
com.lihaoyi	mill-contrib-playlib-worker-2.7_2.12	0.8.0-13-105f53		e9fd11274dacd555960b229cca172ab1d85acdf0
com.lihaoyi	mill-contrib-playlib-worker-2.7_2.12	0.8.0-14-5f18e5		0ce5a21b787a9ffea8acf00c82a50aa5b3c62082
com.lihaoyi	mill-contrib-playlib-worker-2.7_2.12	0.8.0-15-080141		f97640660f8e1c35773046df6c7d7b7b004cb536
com.lihaoyi	mill-contrib-playlib-worker-2.7_2.12	0.8.0-16-2f9b63		5c04f9ae19694d1fd8a1368d3885acc9287fea7b
com.lihaoyi	mill-contrib-playlib-worker-2.7_2.12	0.8.0-17-81ae1d		7eee4839a4965da7c6c825af60ce7fbf0c3cb54e
com.lihaoyi	mill-contrib-playlib-worker-2.7_2.12	0.8.0-18-300906		d3a3137e275cad9626950ad6622abf7b8d834c0f
com.lihaoyi	mill-contrib-playlib-worker-2.7_2.12	0.8.0-2-5e164d		9574fdaace5fa026b82877c2d9ca4d5fd31c2cdd
com.lihaoyi	mill-contrib-playlib-worker-2.7_2.12	0.8.0-20-cc0d0f		398c58ac83a5ed115d86e67df34abe79d8880802
com.lihaoyi	mill-contrib-playlib-worker-2.7_2.12	0.8.0-21-aa3240		671254ebfcccc7403cb693d20e2ea7b0430421e3
com.lihaoyi	mill-contrib-playlib-worker-2.7_2.12	0.8.0-24-ff1ef4		b48371e27859848dc234cfaec44e2dc955e48d1a
com.lihaoyi	mill-contrib-playlib-worker-2.7_2.12	0.8.0-25-0dcbd7		d3ef99a6e885b9a430f8633e47ae8ca3501e588a
com.lihaoyi	mill-contrib-playlib-worker-2.7_2.12	0.8.0-27-c5b120		0968d7ce6f6c47527a3b7bb3104f5202061fd20a
com.lihaoyi	mill-contrib-playlib-worker-2.7_2.12	0.8.0-28-3e4d9a		fc25be4eb9c0dec967dcad76796cc96b758c91b7
com.lihaoyi	mill-contrib-playlib-worker-2.7_2.12	0.8.0-29-92b950		d9fd4bcf077cfcd66bf99aafebe651b511c64bfa
com.lihaoyi	mill-contrib-playlib-worker-2.7_2.12	0.8.0-30-656310		2d7432919298a45317334ceaa251eaffb51171d6
com.lihaoyi	mill-contrib-playlib-worker-2.7_2.12	0.8.0-33-9c881a		a1a2f8318c17cbce28dfedd82e3159198d36e1bf
com.lihaoyi	mill-contrib-playlib-worker-2.7_2.12	0.8.0-34-e8d42a		47beed77b7f78fc832f7ec8b588d751afa805bf6
com.lihaoyi	mill-contrib-playlib-worker-2.7_2.12	0.8.0-35-0e9764		124781680e66904e00083d5f829c4fdcf856703c
com.lihaoyi	mill-contrib-playlib-worker-2.7_2.12	0.8.0-36-4f40cb		dbdf74d2b879cdc4f9597576ca389d611b017438
com.lihaoyi	mill-contrib-playlib-worker-2.7_2.12	0.8.0-37-f7150b		ac32faeefc8fc449461cd7e1c35a3fcf80aa03ed
com.lihaoyi	mill-contrib-playlib-worker-2.7_2.12	0.8.0-40-84950e		a1f034f3bc042b7ab3f5908db7a897ba0cfb84bf
com.lihaoyi	mill-contrib-playlib-worker-2.7_2.12	0.8.0-41-58503e		df106fdae6fae4b08cb55e3502389c327c20da00
com.lihaoyi	mill-contrib-playlib-worker-2.7_2.12	0.8.0-5-1a410f		806450c7bc6d51da4f63f9abf392a4fbacac36cf
com.lihaoyi	mill-contrib-playlib-worker-2.7_2.12	0.8.0-52-082011		706d5c5cd8a8bf9d4d549464fa469aa84e19f01c
com.lihaoyi	mill-contrib-playlib-worker-2.7_2.12	0.8.0-53-c964fb		5a4ab612c67a23d622bc6f177c9e78d227401ab5
com.lihaoyi	mill-contrib-playlib-worker-2.7_2.12	0.8.0-54-69087b		edb203887e08375e8f52f3d4921ebe5f9d9ce062
com.lihaoyi	mill-contrib-playlib-worker-2.7_2.12	0.8.0-56-f787cc		43b26bbae566b86f3c5157895fe7544f65929674
com.lihaoyi	mill-contrib-playlib-worker-2.7_2.12	0.8.0-6-bbbf19		a6aa5f340e919331cf2eecb0984c93b2e7ec887d
com.lihaoyi	mill-contrib-playlib-worker-2.7_2.12	0.8.0-7-3fc4b2		2e6a9e795c87631c49878e4b0ca00dcb79a61cd9
com.lihaoyi	mill-contrib-playlib-worker-2.7_2.12	0.8.0-8-0a8d46		933f2c51237a4811b4e6d8014b4d70068b7c8b82
com.lihaoyi	mill-contrib-playlib-worker-2.7_2.12	0.8.0-9-6a7a11		0e92c6c440cf4f672050da14241c9156b2f385bc
com.lihaoyi	mill-contrib-playlib-worker-2.7_2.12	0.9.0		a99f673857bfd2c0224da5d658c7a26f6ccbe255
com.lihaoyi	mill-contrib-playlib-worker-2.7_2.12	0.9.1		29f05ccc512c3d70906d598b73545022e77ba58c
com.lihaoyi	mill-contrib-playlib-worker-2.7_2.12	0.9.2		bfc0f95d5747057188438510546ea09e795115aa
com.lihaoyi	mill-contrib-playlib-worker-2.7_2.12	0.9.3		0c6bf454087d6a0f20ae5716db5cf98734aaf46b
com.lihaoyi	mill-contrib-playlib-worker-2.7_2.12	0.9.3-1-1b4d35		8dad3e01dec1d54d30b154f079095e305f84963d
com.lihaoyi	mill-contrib-playlib-worker-2.7_2.12	0.9.3-13-d92c46		8edd034cf09b34318d0a16627a9930025abf1ede
com.lihaoyi	mill-contrib-playlib-worker-2.7_2.12	0.9.3-14-da8a6e		0f74938ae5937c7781e96d9330a79569438cb6e9
com.lihaoyi	mill-contrib-playlib-worker-2.7_2.12	0.9.3-15-7df6c0		a480e21e16122dd14be2cbc1c6160bc6797bb602
com.lihaoyi	mill-contrib-playlib-worker-2.7_2.12	0.9.3-16-4c6cc4		b4872309ab0dca6ed6f82c7d080ef19d538fd0c8
com.lihaoyi	mill-contrib-playlib-worker-2.7_2.12	0.9.3-17-3f8afc		8aa1625a6d61e3bc5c712b72c297ec91964cbff5
com.lihaoyi	mill-contrib-playlib-worker-2.7_2.12	0.9.3-2-1f56b8		ba908f00fb83ad6f6fa5a2e9e925ce4079bbba87
com.lihaoyi	mill-contrib-playlib-worker-2.7_2.12	0.9.3-21-002361		973d55d3abc1ae73da5be5d4ac570004ce61d37e
com.lihaoyi	mill-contrib-playlib-worker-2.7_2.12	0.9.3-23-4716a2		d898db30ecf660200e5a027f9302b15fa8449932
com.lihaoyi	mill-contrib-playlib-worker-2.7_2.12	0.9.3-32-a91070		2d42137afdaf14d90ee18e8f59b7496684725950
com.lihaoyi	mill-contrib-playlib-worker-2.7_2.12	0.9.3-35-551f18		9f0ed2ed8f10366e217c0e894d712d19be2fc131
com.lihaoyi	mill-contrib-playlib-worker-2.7_2.12	0.9.3-37-f3bfc6		301fbe22ed507fbb4b3a8f3e2650f655b8d0fa50
com.lihaoyi	mill-contrib-playlib-worker-2.7_2.12	0.9.3-38-b2327d		1c07bd57fb122c8104c2c11631d3f6e7b5d93787
com.lihaoyi	mill-contrib-playlib-worker-2.7_2.12	0.9.3-39-28bd9e		aec33f40083c73d036b755bebb14295092caf21c
com.lihaoyi	mill-contrib-playlib-worker-2.7_2.12	0.9.3-41-256878		170e462cd4330b7dda76812e071a45c2cd921c4c
com.lihaoyi	mill-contrib-playlib-worker-2.7_2.12	0.9.3-43-1e0dd7		9799be0152f85e1386d535b24fd5f363c9955dc0
com.lihaoyi	mill-contrib-playlib-worker-2.7_2.12	0.9.3-44-825478		e9e16c01df50444d9184cb23056044c1aa2883e9
com.lihaoyi	mill-contrib-playlib-worker-2.7_2.12	0.9.3-45-96f6e3		278f7cc120a7ecb525c8224eb6118792101965d5
com.lihaoyi	mill-contrib-playlib-worker-2.7_2.12	0.9.3-46-28f54b		d466dcd399c274bc49d4e52d7b31c59e592ba68d
com.lihaoyi	mill-contrib-playlib-worker-2.7_2.12	0.9.3-7-c1411b		1892412b9c7ef294afa82a45e5553e04a596d3b0
com.lihaoyi	mill-contrib-playlib-worker-2.7_2.12	0.9.4		27deaa406222fffde2971d1b1436a9aa6fc13495
com.lihaoyi	mill-contrib-playlib-worker-2.7_2.12	0.9.4-1-e01436		d8b74ac09802afd4ab6fef0239d02afd7e158ee3
com.lihaoyi	mill-contrib-playlib-worker-2.7_2.12	0.9.4-12-e5bf9d		2ce330069b0f07138baae8b642bf77323a98387f
com.lihaoyi	mill-contrib-playlib-worker-2.7_2.12	0.9.4-13-75bc5a		d923341d9ae875bc9edbc5ca8abe4bb3eaa9ece0
com.lihaoyi	mill-contrib-playlib-worker-2.7_2.12	0.9.4-14-04519c		8c12727e00b95e5adbba06e368309658d9c73556
com.lihaoyi	mill-contrib-playlib-worker-2.7_2.12	0.9.4-15-79937c		805ddcc30c2ad2616a9ca9513c349b4ee5d99b17
com.lihaoyi	mill-contrib-playlib-worker-2.7_2.12	0.9.4-16-735e67		2d3c6d5ef93e4f60aa5dd2c0a878ab7632320578
com.lihaoyi	mill-contrib-playlib-worker-2.7_2.12	0.9.4-17-492abb		8ff33278d85f553b375e4232f0a190277ad78b31
com.lihaoyi	mill-contrib-playlib-worker-2.7_2.12	0.9.4-18-82ea87		a957f5e6682996267041323cb1d0929a98f29f93
com.lihaoyi	mill-contrib-playlib-worker-2.7_2.12	0.9.4-2-568635		2f0d038f38778e59750e2dc18fc3bada37ead6e6
com.lihaoyi	mill-contrib-playlib-worker-2.7_2.12	0.9.4-22-06b894		caee6a9443ea3eaf301d3d7d7b0b6ecd66729f0c
com.lihaoyi	mill-contrib-playlib-worker-2.7_2.12	0.9.4-23-5435e7		8badfc0edaee3ad6c22d1c5beed6ea73cee9713d
com.lihaoyi	mill-contrib-playlib-worker-2.7_2.12	0.9.4-24-2bcb5f		732a0f58fe488407bef26950dc0276443d16a499
com.lihaoyi	mill-contrib-playlib-worker-2.7_2.12	0.9.4-28-570a49		c6b0750fa430f65cdb2e4b2f86cb487cc552952f
com.lihaoyi	mill-contrib-playlib-worker-2.7_2.12	0.9.4-29-9d1d6f		09d471a275f6d158045c953dfe5ceb5e85e94aca
com.lihaoyi	mill-contrib-playlib-worker-2.7_2.12	0.9.4-3-3e58c8		4319dcc868220eb82686b5f78dea76beb8dcfeae
com.lihaoyi	mill-contrib-playlib-worker-2.7_2.12	0.9.4-4-6f917a		19ab4f563201087a5eb85bc45a783caad68fde08
com.lihaoyi	mill-contrib-playlib-worker-2.7_2.12	0.9.4-5-e33d61		591f5b30b628eb1c52517b8320ae4c65f8b2c59f
com.lihaoyi	mill-contrib-playlib-worker-2.7_2.12	0.9.4-6-2d809b		b22072490c1c2f854801c028e92c28d7d78c6bbb
com.lihaoyi	mill-contrib-playlib-worker-2.7_2.12	0.9.4-7-2397d5		4809862916c51f29358e6a64e1d6dbc0e890bca0
com.lihaoyi	mill-contrib-playlib-worker-2.7_2.12	0.9.4-8-4c655e		190fdfe4ba575c1aa5d0db6f5de1c854c01eb6e9
com.lihaoyi	mill-contrib-playlib-worker-2.7_2.12	0.9.5		cec0207bd5c352f44fc3166bb2869ed76b79f90b
com.lihaoyi	mill-contrib-playlib-worker-2.7_2.12	0.9.5-1-1509f9		9437043e9770f60bb1075eb76c80332bbbeb7252
com.lihaoyi	mill-contrib-playlib-worker-2.7_2.12	0.9.5-101-6ddbfe		8c31e5bb94246cf7deecdae986e1f5e8772a1e8a
com.lihaoyi	mill-contrib-playlib-worker-2.7_2.12	0.9.5-102-5a1083		fd5d2be226b45fded13ada8f3ae40cd5de93bc92
com.lihaoyi	mill-contrib-playlib-worker-2.7_2.12	0.9.5-11-2e2feb		ad40592727588459e552593a7f123c42785b1b95
com.lihaoyi	mill-contrib-playlib-worker-2.7_2.12	0.9.5-12-e1aca4		014680d94c7d7a9ae4e4bad1c5d68e6c62e428f6
com.lihaoyi	mill-contrib-playlib-worker-2.7_2.12	0.9.5-13-706547		50239444875b55af6594720766bc1687d5d5b89f
com.lihaoyi	mill-contrib-playlib-worker-2.7_2.12	0.9.5-14-84021e		ce42cf289b53b25befd6da6fae1508033e255ad2
com.lihaoyi	mill-contrib-playlib-worker-2.7_2.12	0.9.5-15-2be01d		cbd7811abe5eee70be7642570c0630b5e565848f
com.lihaoyi	mill-contrib-playlib-worker-2.7_2.12	0.9.5-16-b2c3b9		d186e437012f1d5d3e970c570ca1e42c864d2d4a
com.lihaoyi	mill-contrib-playlib-worker-2.7_2.12	0.9.5-17-0be859		602c070445878bc968e0a41a5ef3a029828f6d6c
com.lihaoyi	mill-contrib-playlib-worker-2.7_2.12	0.9.5-18-d932a1		5caa251f50ca78106f255af0265327882e9e97f0
com.lihaoyi	mill-contrib-playlib-worker-2.7_2.12	0.9.5-2-24de5b		30f95641262c552f5e700248efa5ea03db482018
com.lihaoyi	mill-contrib-playlib-worker-2.7_2.12	0.9.5-20-49d44a		b14de7deec9cb172d541cde1b20dc9c5f8328885
com.lihaoyi	mill-contrib-playlib-worker-2.7_2.12	0.9.5-21-682340		e93258a7a847975bce92e50b3c68e35093dc7bf6
com.lihaoyi	mill-contrib-playlib-worker-2.7_2.12	0.9.5-22-55b58a		58b1f9b5dc75c1709fed2c98db7483f48da21a35
com.lihaoyi	mill-contrib-playlib-worker-2.7_2.12	0.9.5-23-c03a30		f313a39592a683dfceb3832e9e5b40ebb8db07a7
com.lihaoyi	mill-contrib-playlib-worker-2.7_2.12	0.9.5-24-e258c4		fb375e0b9bfc58eff93e6473118824462fb5a85c
com.lihaoyi	mill-contrib-playlib-worker-2.7_2.12	0.9.5-25-b82e92		3955ca79c18e1c7bae2297057044f0c1995380be
com.lihaoyi	mill-contrib-playlib-worker-2.7_2.12	0.9.5-27-7a38e9		ff8ab27c9abf0eb059a54f0602008d8dd6ae4016
com.lihaoyi	mill-contrib-playlib-worker-2.7_2.12	0.9.5-3-c1122a		ff1c6dabbeb2a68b41dda25fe04b4b0ef9982629
com.lihaoyi	mill-contrib-playlib-worker-2.7_2.12	0.9.5-32-9a5c95		1e3701b816858b89d01e4d44deba621d503bae60
com.lihaoyi	mill-contrib-playlib-worker-2.7_2.12	0.9.5-34-a2c6b4		06334dfde9fce3e461a74a76ab6c76c1a0210738
com.lihaoyi	mill-contrib-playlib-worker-2.7_2.12	0.9.5-36-2e5b8e		8dbef3ed3272af5159f8cbf407e6374cc1c21ce8
com.lihaoyi	mill-contrib-playlib-worker-2.7_2.12	0.9.5-38-275669		018ace70f34e5f047fc077799b9d6da6997e7ceb
com.lihaoyi	mill-contrib-playlib-worker-2.7_2.12	0.9.5-39-6cf96e		d9e0f6272f99044899915efc08693005554c20f6
com.lihaoyi	mill-contrib-playlib-worker-2.7_2.12	0.9.5-46-c500ca		41831834deb7257c617da9633f09c83b7981bdb1
com.lihaoyi	mill-contrib-playlib-worker-2.7_2.12	0.9.5-48-4ad87f		664c99196b73f00e00ae39befa271cb037bdd648
com.lihaoyi	mill-contrib-playlib-worker-2.7_2.12	0.9.5-49-d26574		aca97de6e0633c68a666edc3b0801808a19db98c
com.lihaoyi	mill-contrib-playlib-worker-2.7_2.12	0.9.5-5-f0f249		7563d96c68c805ef00fc908d7a729a6ff3f568f3
com.lihaoyi	mill-contrib-playlib-worker-2.7_2.12	0.9.5-51-4f5754		6ff309c41b3bc7acef91ba7660f5df87680ce94a
com.lihaoyi	mill-contrib-playlib-worker-2.7_2.12	0.9.5-52-ef6d5d		f011c260657d796a0a1dc2a370b2ec0bbbcdd3f4
com.lihaoyi	mill-contrib-playlib-worker-2.7_2.12	0.9.5-53-20b42e		6a9e2b350cac472be8dab0c77ac5b22feecb55c3
com.lihaoyi	mill-contrib-playlib-worker-2.7_2.12	0.9.5-54-0079a6		59c5d7cf608ba841c7cefeeb2157972f5878e5ff
com.lihaoyi	mill-contrib-playlib-worker-2.7_2.12	0.9.5-55-fbe745		b1c2a91d4a1942a22b1daf4c16f55cbab2cef099
com.lihaoyi	mill-contrib-playlib-worker-2.7_2.12	0.9.5-56-eb1afb		9d1ccbe8cf6a8c21a8ac07f25a6ecb4d25fee8af
com.lihaoyi	mill-contrib-playlib-worker-2.7_2.12	0.9.5-57-c62680		b354f91736a6ec58c154d2971757f6360de9a184
com.lihaoyi	mill-contrib-playlib-worker-2.7_2.12	0.9.5-58-45073b		d7c740c9a5e2642f530628614a2ee9c4895cb383
com.lihaoyi	mill-contrib-playlib-worker-2.7_2.12	0.9.5-59-863f1a		7e6a21d0cc304c5c3530b272dabf7a5f0b9c42d3
com.lihaoyi	mill-contrib-playlib-worker-2.7_2.12	0.9.5-6-7666fc		a190327e194a88f4780a66fec8fef2739d7a0a7c
com.lihaoyi	mill-contrib-playlib-worker-2.7_2.12	0.9.5-60-95580f		269a0a3dff5abaae4bb01d81357ad1adcef55d31
com.lihaoyi	mill-contrib-playlib-worker-2.7_2.12	0.9.5-61-127503		9b2ec07eb07263079a6880196f8f2ccec16b448a
com.lihaoyi	mill-contrib-playlib-worker-2.7_2.12	0.9.5-62-4ba057		77dd6dc326e8fc7a2abb4732c87456e16150265a
com.lihaoyi	mill-contrib-playlib-worker-2.7_2.12	0.9.5-63-0f05ad		73d34102d09528e4b5425ca35e2da2b76945115d
com.lihaoyi	mill-contrib-playlib-worker-2.7_2.12	0.9.5-64-004a2f		a0dad3393fab34b198e2ac8d851755882aefe4a1
com.lihaoyi	mill-contrib-playlib-worker-2.7_2.12	0.9.5-65-baa291		a30fb1108ae4c7ba5411b4bdfae58f0361fc450b
com.lihaoyi	mill-contrib-playlib-worker-2.7_2.12	0.9.5-66-84d373		1f43c6cca820e339a4088eb511094ee42944e097
com.lihaoyi	mill-contrib-playlib-worker-2.7_2.12	0.9.5-67-c9a289		9c0a5352bdc45a05f01e02297024ff3b1be7de4b
com.lihaoyi	mill-contrib-playlib-worker-2.7_2.12	0.9.5-68-492b95		9de539375c26cc5f60299d1dc4c1e2095d002b5f
com.lihaoyi	mill-contrib-playlib-worker-2.7_2.12	0.9.5-69-decd1c		356411438a39939e7e601aa5d2bfc6701c0abad2
com.lihaoyi	mill-contrib-playlib-worker-2.7_2.12	0.9.5-7-f9a698		319b531346c1424a276fc513b5881538d567a9a8
com.lihaoyi	mill-contrib-playlib-worker-2.7_2.12	0.9.5-73-442205		8d6827259d514d10a7217be6c9dd22a254680519
com.lihaoyi	mill-contrib-playlib-worker-2.7_2.12	0.9.5-74-cbd899		e9020ee1dba8b58587d850db00d2a396681bb3a3
com.lihaoyi	mill-contrib-playlib-worker-2.7_2.12	0.9.5-75-2e724b		7f6fc07ccbc932f8b6e54dceac7a562a9dcbda34
com.lihaoyi	mill-contrib-playlib-worker-2.7_2.12	0.9.5-8-888156		936d3e7ee1a56b32be318aa4ca758d5719338cbb
com.lihaoyi	mill-contrib-playlib-worker-2.7_2.12	0.9.5-9-8e56ac		94f2c0e3d4a0a6d0978dbd3bd65d755932ae98dd
com.lihaoyi	mill-contrib-playlib-worker-2.7_2.12	0.9.6		3e79f64fbec4a7ac25ae93c659f1b46b87801e34
com.lihaoyi	mill-contrib-playlib-worker-2.7_2.12	0.9.6-1-0a7e8c		55c350b8efea060772782b1a8c9c1af0b9290b7b
com.lihaoyi	mill-contrib-playlib-worker-2.7_2.12	0.9.6-11-b8f649		35a77e4f0f74612fc37cad499482e455063b7a8c
com.lihaoyi	mill-contrib-playlib-worker-2.7_2.12	0.9.6-13-729277		3869b75ed27b8a9fc50b099e02f57aaa92a83619
com.lihaoyi	mill-contrib-playlib-worker-2.7_2.12	0.9.6-14-5728b4		ce41e613033a43c40ce8c0d7234ad3fdd431f0af
com.lihaoyi	mill-contrib-playlib-worker-2.7_2.12	0.9.6-16-a5da34		a07a215ebb0e675fa10bb35f2905dec0b7211c8f
com.lihaoyi	mill-contrib-playlib-worker-2.7_2.12	0.9.6-17-027cfe		740091e5932518e4c6a7b21f0b51611f6e4e3c91
com.lihaoyi	mill-contrib-playlib-worker-2.7_2.12	0.9.6-18-b261b5		3c8ea6142bb7bc9741b86c8189949cb2205ad543
com.lihaoyi	mill-contrib-playlib-worker-2.7_2.12	0.9.6-19-ad6b16		f30d6b53c6a7863d603e82f734b1864b2e1fd66e
com.lihaoyi	mill-contrib-playlib-worker-2.7_2.12	0.9.6-2-13af01		dfae84d80c3fd5493212ce109b01ef96902987d0
com.lihaoyi	mill-contrib-playlib-worker-2.7_2.12	0.9.6-20-d95b51		669aae7ab072a5886bbd1238127874ec0602f834
com.lihaoyi	mill-contrib-playlib-worker-2.7_2.12	0.9.6-21-1a634f		59d73620bee81d99635b67f46f99a0558ab2e36a
com.lihaoyi	mill-contrib-playlib-worker-2.7_2.12	0.9.6-23-03e72d		da0131f70debadb7dd0bcc1444d27eab48b9a35c
com.lihaoyi	mill-contrib-playlib-worker-2.7_2.12	0.9.6-24-b68afc		32ac688f94c14eeca8e387eb1363d0de0fb36929
com.lihaoyi	mill-contrib-playlib-worker-2.7_2.12	0.9.6-25-de5a61		8f418123f33a6eab808f3c505d35f3b29613fa73
com.lihaoyi	mill-contrib-playlib-worker-2.7_2.12	0.9.6-26-822374		5b93e08a8776511611d91ba1051e225773f77437
com.lihaoyi	mill-contrib-playlib-worker-2.7_2.12	0.9.6-39-99385d		8698e8be2256d65684aa9fd8a8a1e6112d468abd
com.lihaoyi	mill-contrib-playlib-worker-2.7_2.12	0.9.6-4-f43492		9df0f67216c9edfea47271ee2477f53c8d4af441
com.lihaoyi	mill-contrib-playlib-worker-2.7_2.12	0.9.6-40-61df8f		b59077fc9ede89daf59bcefe83fbf1692d9c8ace
com.lihaoyi	mill-contrib-playlib-worker-2.7_2.12	0.9.6-41-456bfe		3892c71dfb54e717353ebca187a5779fa8518a22
com.lihaoyi	mill-contrib-playlib-worker-2.7_2.12	0.9.6-43-fea79f		b4c04060baa282c1cafa29202ebd4f412764b68f
com.lihaoyi	mill-contrib-playlib-worker-2.7_2.12	0.9.6-44-034b5c		5a863426c89aca0fe26df835de83e780e4b71231
com.lihaoyi	mill-contrib-playlib-worker-2.7_2.12	0.9.6-45-8e91fe		dd2f46e64d0bc9f358eadf0e925afced73412ebf
com.lihaoyi	mill-contrib-playlib-worker-2.7_2.12	0.9.6-46-ab4d61		aa0b29e8673a131b12adf0cfd4344129bffdfe69
com.lihaoyi	mill-contrib-playlib-worker-2.7_2.12	0.9.6-47-f269d4		adc3407b436a104d554b3654f2d60794ae9f1a1d
com.lihaoyi	mill-contrib-playlib-worker-2.7_2.12	0.9.6-48-ab21d6		5081d282d78903353492f32c423d7d75248dadc3
com.lihaoyi	mill-contrib-playlib-worker-2.7_2.12	0.9.6-49-4c37c3		969d5da505d03748e155c2e7986dabe36547c501
com.lihaoyi	mill-contrib-playlib-worker-2.7_2.12	0.9.6-5-687118		6494c4c9bc28f47f0e07451cb4807466d3d1c5db
com.lihaoyi	mill-contrib-playlib-worker-2.7_2.12	0.9.6-51-e4c838		5feb185b974528cd12af058e09c8baec41a20d4f
com.lihaoyi	mill-contrib-playlib-worker-2.7_2.12	0.9.6-53-57c938		5b3709cdaecc9dce8b88802672ce842b8c10a704
com.lihaoyi	mill-contrib-playlib-worker-2.7_2.12	0.9.6-54-9d09bc		6ac8c269e9bac14327a48ff8342e93ee9299b3da
com.lihaoyi	mill-contrib-playlib-worker-2.7_2.12	0.9.6-55-025dcc		74938046e53a81422f7e9a293567950526762cb5
com.lihaoyi	mill-contrib-playlib-worker-2.7_2.12	0.9.6-56-95ae83		501a77c57b36e0e00c03bf698c6db2e3b4a4d7f7
com.lihaoyi	mill-contrib-playlib-worker-2.7_2.12	0.9.6-57-602210		b11855fc1f125c0d8f141013e5e4aa0a6433dcc9
com.lihaoyi	mill-contrib-playlib-worker-2.7_2.12	0.9.6-58-ad58f9		70bf2436f6866b37cb4ca9984577bc212ca5189a
com.lihaoyi	mill-contrib-playlib-worker-2.7_2.12	0.9.6-59-b383b6		4353194929c1f37e389bb7197d2e07b67ceae713
com.lihaoyi	mill-contrib-playlib-worker-2.7_2.12	0.9.6-6-8655b7		8f1d8164a1d9ac32b41bf5364cdc994cd19928c0
com.lihaoyi	mill-contrib-playlib-worker-2.7_2.12	0.9.6-61-bd7927		a298e757cf657e6e2a71ef5d149edfc431d2feaf
com.lihaoyi	mill-contrib-playlib-worker-2.7_2.12	0.9.6-62-5af674		fbe0f2634005b2f0cc0401dced5447e40f98b74b
com.lihaoyi	mill-contrib-playlib-worker-2.7_2.12	0.9.6-63-31bd29		9417550fbfc82459c56c31a39479e5b9dba101ff
com.lihaoyi	mill-contrib-playlib-worker-2.7_2.12	0.9.6-64-e4bac7		0c8d5bbc9b4b8669bfc52a8710bec4e73fed6d4a
com.lihaoyi	mill-contrib-playlib-worker-2.7_2.12	0.9.6-7-f36cd3		fac1d861d71bfdbc4773554276df828b64e848b8
com.lihaoyi	mill-contrib-playlib-worker-2.7_2.12	0.9.6-8-f5cc25		e78b6a909b8fbf97cf5b73d5e2ec401a82cc31dc
com.lihaoyi	mill-contrib-playlib-worker-2.7_2.12	0.9.6-9-e431ba		588d06baac4dc275f7bb2a4ab7f34d62758819e2
com.lihaoyi	mill-contrib-playlib-worker-2.7_2.12	0.9.7		c1d8a87155252e510fbeef23ca55d178c459700f
com.lihaoyi	mill-contrib-playlib-worker-2.7_2.12	0.9.7-1-2e4588		e61f9cf946c34ef896b4aba207c75d997bd82ec0
com.lihaoyi	mill-contrib-playlib-worker-2.7_2.12	0.9.7-2-dc1cea		e9924e9d3e92c94e4f37287abf253b0f6925839c
com.lihaoyi	mill-contrib-playlib-worker-2.7_2.12	2780582bcfd73c8888a7bfa198351e413b684459-0-278058		c727e091aa7cdb013e6016e4e5c455b306e16078
com.lihaoyi	mill-contrib-playlib-worker-2.7_2.12	289f9e3aa3f5014a5c64319da8e6ab993947ade2-0-289f9e		cedda99c93d0de029795b3407de3ee419ee05f9e
com.lihaoyi	mill-contrib-playlib-worker-2.7_2.12	30aef7442ebdfba721edfd63495f167c466bc21d-0-30aef7		e6898669ed729e9f1a6a112482890c24a261e56f
com.lihaoyi	mill-contrib-playlib-worker-2.7_2.12	42fcbe7b2d5e51b1e7a351bdd91ce96c87fdfbb2-0-42fcbe		2346766b49b30807c3370e5b8c0918f2d72f82dc
com.lihaoyi	mill-contrib-playlib-worker-2.7_2.12	ce520f9a262e0f76dab432d1ff655b8e747d711a-0-ce520f		806da1c6114c60b46bb97ae1bef7b0c8b7820164
com.lihaoyi	mill-contrib-playlib-worker-2.7_2.12	ef0537c9b70100d3b2e94c6b1b1e07bc1e08edb2-0-ef0537		74d0bfe78a6492d490fe595485221669b82801ba
com.lihaoyi	mill-contrib-playlib-worker-2.7_2.12	ff07ba9e001f650a0023a33bdad116a0a17f5c13-0-ff07ba		e075d76500e4158d6fe4b5c3de156cf45815f774
com.likethesalad.android	android-buddy-tools	0.8.4		c2ae380ea52665ffbdada504c83b41fe16af95ea
com.likethesalad.android	android-buddy-tools	0.8.5		74d03aead5144549c3baee918bb7ecb4beec309f
com.likethesalad.android	android-buddy-tools	1.0.0		7c429f20316db88ac941b514a92e7e1febfbd2dc
com.likethesalad.android	android-buddy-tools	1.0.1		a09cdc1ef3f7cbdd71280d85b370745ac551a143
com.likethesalad.android	android-buddy-tools	1.0.2		3d14966b94d9371e82ec437d22bebe9c26cf690b
com.likethesalad.android	android-buddy-tools	1.0.3		3b2d638a42738ea00a0c2dc807104339725208c4
com.likethesalad.android	android-buddy-tools	1.1.0		0d7225285bf28cac602c035ae3f4bea92ea3670e
com.likethesalad.android	android-buddy-tools	1.1.1		47819b1a6a9e7072ee8c920d1c23d5a4d1082591
com.luhuiguo	aspose-pdf	22.12		1e09e55f9be316f039f2671da13d83ffc7f2060e
com.luhuiguo	aspose-pdf	22.4		948b4bceb45f2cdd8eff1942e396c9b66228b5da
com.luhuiguo	aspose-pdf	22.9		d8ee47aaf3ba1aa7d0962606500cd972b790cbb8
com.luhuiguo	aspose-pdf	23.1		e1cc9a5727d5041bc01dd57d1aa00e7c698d8c84
com.mitteloupe.solid	solidfragment	1.0.7		N/A
com.mohamnag	jandlebars	0.0.1		852ab4163bde2c97ee6f8790e0c67af985e165f1
com.mohamnag	jandlebars	0.0.2		f9b958dba3e0a84ce3a0ea7c50e14f0c7b3e48eb
com.nbsaas.boot	framework	1.0.1		N/A
com.nbsaas.boot	framework	1.0.10-2023		N/A
com.nbsaas.boot	framework	1.0.10-boot3		N/A
com.nbsaas.boot	framework	1.0.11-2023		N/A
com.nbsaas.boot	framework	1.0.12-2023		N/A
com.nbsaas.boot	framework	1.0.13-2023		N/A
com.nbsaas.boot	framework	1.0.14-2023		N/A
com.nbsaas.boot	framework	1.0.15-2023		N/A
com.nbsaas.boot	framework	1.0.16-2023		N/A
com.nbsaas.boot	framework	1.0.17-2023		N/A
com.nbsaas.boot	framework	1.0.18-2023		N/A
com.nbsaas.boot	framework	1.0.19-2023		N/A
com.nbsaas.boot	framework	1.0.2-2023-02-26		N/A
com.nbsaas.boot	framework	1.0.2-boot3		N/A
com.nbsaas.boot	framework	1.0.3-2023-03-03		N/A
com.nbsaas.boot	framework	1.0.3-boot3		N/A
com.nbsaas.boot	framework	1.0.4-2023-03-25		N/A
com.nbsaas.boot	framework	1.0.4-boot3		N/A
com.nbsaas.boot	framework	1.0.5-2023-04-08		N/A
com.nbsaas.boot	framework	1.0.5-boot3		N/A
com.nbsaas.boot	framework	1.0.6-2023-04-09		N/A
com.nbsaas.boot	framework	1.0.6-boot3		N/A
com.nbsaas.boot	framework	1.0.7-2023		N/A
com.nbsaas.boot	framework	1.0.7-boot3		N/A
com.nbsaas.boot	framework	1.0.8-2023		N/A
com.nbsaas.boot	framework	1.0.8-boot3		N/A
com.nbsaas.boot	framework	1.0.9-2023		N/A
com.nbsaas.boot	framework	1.0.9-boot3		N/A
com.nbsaas.boot	framework	1.1.1-2023		N/A
com.nbsaas.boot	framework	1.1.10-2024		N/A
com.nbsaas.boot	framework	1.1.19-2024		N/A
com.nbsaas.boot	framework	1.1.2-2023		N/A
com.nbsaas.boot	framework	1.1.20-2024		N/A
com.nbsaas.boot	framework	1.1.21-2024		N/A
com.nbsaas.boot	framework	1.1.3-2023		N/A
com.nbsaas.boot	framework	1.1.4-2023		N/A
com.nbsaas.boot	framework	1.1.5-2023		N/A
com.nbsaas.boot	framework	1.1.6-2023		N/A
com.nbsaas.boot	framework	1.1.7-2024		N/A
com.nbsaas.boot	framework	1.1.8-2024		N/A
com.nbsaas.boot	framework	1.1.9-2024		N/A
com.nrinaudo	kantan.codecs-scalaz-laws_2.13	0.5.1		482d5c48155b7ed331a85217a713f0f60dfb56cb
com.nrinaudo	kantan.codecs-scalaz-laws_2.13	0.5.2		e164e6f06fe97c213901ecce857cda519dfcb049
com.nrinaudo	kantan.codecs-scalaz-laws_2.13	0.5.3		a088f9c1ae90500d69900f37b2aaff75f698151c
com.nrinaudo	kantan.codecs-scalaz-laws_2.13	0.6.0		f507bc576b34c92455b99747ad9999255511a181
com.rbkmoney	bouncer-proto	1.10-99003d3		f65d1a73396c51916665d2db71aec9aee69ea02e
com.rbkmoney	bouncer-proto	1.10-99003d3	v10	a5fefb54d2e0c57dbcc45a87178ee64dee6c024e
com.rbkmoney	bouncer-proto	1.11-60026b3		70f3e6214c5c4e087dc35bb01a4208a90c3c6f5a
com.rbkmoney	bouncer-proto	1.11-60026b3	v11	57ef51da1b6d4211fd9189570426bc7eeda23969
com.rbkmoney	bouncer-proto	1.12-542d8c7		8c8764fb888b140517658fd11eae714204e8b291
com.rbkmoney	bouncer-proto	1.12-542d8c7	v12	867dd552d855729add40522888ccff85efde895c
com.rbkmoney	bouncer-proto	1.13-7e00d96		2b3279be39986644bd14637c8b307feab2716c8d
com.rbkmoney	bouncer-proto	1.13-7e00d96	v13	076ef17a292a521f81ef86f76a1b648885e84fa6
com.rbkmoney	bouncer-proto	1.14-20f3ecd		61125ce7cb56de0e25781afd3d8ddec2437a87da
com.rbkmoney	bouncer-proto	1.14-20f3ecd	v14	4a911af3a142819d91bac64ea3f37de11cdc5d3c
com.rbkmoney	bouncer-proto	1.15-7ac8871		9fc3af3368af4dcd27fab184a2e9ffa5b9148e4b
com.rbkmoney	bouncer-proto	1.15-7ac8871	v15	a5c864297dad73c57c8f72fb1ae19d765388cd13
com.rbkmoney	bouncer-proto	1.16-a126059		1027d05bb72b31cc9e62081cb5ea10b0497826ba
com.rbkmoney	bouncer-proto	1.16-a126059	v16	5144c62165fc75aa30abe72266b09911c039d763
com.rbkmoney	bouncer-proto	1.17-73e5e40		c84d3b90b5be34bdc1935f255d8a8e82cb9ebabc
com.rbkmoney	bouncer-proto	1.17-73e5e40	v17	879f71b06a6f580ecf4bc3b54cffba88b3564702
com.rbkmoney	bouncer-proto	1.18-da66fd5		eee2d7281b1c1fff423d75530c72bc728336ec91
com.rbkmoney	bouncer-proto	1.18-da66fd5	v18	1d270d3cf9e1e97cfda106d26b049e500dd51cc4
com.rbkmoney	bouncer-proto	1.19-584e0ed		988a0e4c43879de008bc449aa019103bb808591e
com.rbkmoney	bouncer-proto	1.19-584e0ed	v19	eb3a2a1377d86482948ef2cd54132da4aecd9bec
com.rbkmoney	bouncer-proto	1.20-7dee26e		468a51bd5fd572c61e2549d2c10b1eafd06478af
com.rbkmoney	bouncer-proto	1.20-7dee26e	v20	4f42667670d8efcfbfe7742bd4bc98278b178ca1
com.rbkmoney	bouncer-proto	1.21-60cedce		c58be53d674e2c3ca8a5e9d25826a287d078f5ec
com.rbkmoney	bouncer-proto	1.21-60cedce	v21	667f7a09f381efede8cb09bc9d9aae715fe004bd
com.rbkmoney	bouncer-proto	1.22-111c21e		71375f8d27a49a2eff5ec8fa6f00356a65cefe04
com.rbkmoney	bouncer-proto	1.22-111c21e	v22	3edbdd0f1557e2bd9db3caf400be85e63a5e6260
com.rbkmoney	bouncer-proto	1.23-e574cb4		90938cf63ecf10fe49a6316e7e2c1815aba56e90
com.rbkmoney	bouncer-proto	1.23-e574cb4	v23	b7ad204dca78d94b2a2b5ff8d9033f2779292ec1
com.rbkmoney	bouncer-proto	1.24-9056cb2		5583f8e7e0df45d418ac401d1a4212a0bc962d88
com.rbkmoney	bouncer-proto	1.24-9056cb2	v24	7b47df797f0d30d241975a793fabec5e54d39532
com.rbkmoney	bouncer-proto	1.25-8da12fe		72810a2fa3ac404668e2ee5c21a57dfae3524a92
com.rbkmoney	bouncer-proto	1.25-8da12fe	v25	73e13d031cee6c23417578fc3bfd95035ee8a7b6
com.rbkmoney	bouncer-proto	1.26-19bd3d6		c31c8d65a07228b8390ed06fdde3dd76c35defdc
com.rbkmoney	bouncer-proto	1.26-19bd3d6	v26	75971dee0650360dafc8e3c2f49f5c2c74cc7990
com.rbkmoney	bouncer-proto	1.27-cc50cc4		e26c31cf18464f47265818b00d0c46fc69545a1e
com.rbkmoney	bouncer-proto	1.27-cc50cc4	v27	25a1a3263d35dce6ba7a7b2fb88bf579f4b6c505
com.rbkmoney	bouncer-proto	1.6-72f36bf		2761de5483b2107cc2aede3338f61b83108d1af1
com.rbkmoney	bouncer-proto	1.6-72f36bf	v6	17bb39540454bf7d3af4c381c81c4def8a95dd7c
com.rbkmoney	bouncer-proto	1.7-ea44337		55333fa36e500ac976cd9f63af12219abcc90f0c
com.rbkmoney	bouncer-proto	1.7-ea44337	v7	d745a64a435ee07b7b502db0dce2ad08b925fd56
com.rbkmoney	bouncer-proto	1.8-133aa5e		fc38f8145bbd13e816c1193d0dda2bf3db5eab60
com.rbkmoney	bouncer-proto	1.8-133aa5e	v8	51ea05e653974dc1720722b24d20d93a071719e2
com.rbkmoney	bouncer-proto	1.9-aab9db7		ae44e3b7c683a8b2f50dc1b57e7a2472e10849fb
com.rbkmoney	bouncer-proto	1.9-aab9db7	v9	ea120e9f9298e70eed4e0af06b8c88a15e9aedb3
com.scleradb	sclera-plugin-opennlp_2.13	4.0		9c44a42ab004093560692af8a035a50e0135233a
com.semantics3	Sem3Java	1.1.17		d6e1d5e89f3b04ce7c35f6f4158cfde90592b7d2
com.semantics3	Sem3Java	1.2.1		a7f3569aa50ede8c131381704365f03df0b61fa0
com.semantics3	Sem3Java	1.2.1	jar-with-dependencies	b077a38b186e4c2a4e13535615834669e6956e59
com.semantics3	Sem3Java	1.2.2		0b14d52d41b3ea53c3a38e864497921d2f8fc842
com.semantics3	Sem3Java	1.2.2	jar-with-dependencies	b23bb616a99be2c50c94dbd5d8e545f0bd0daf9a
com.semantics3	Sem3Java	1.2.3		8169673fba1ed975f12b24bc04bb4595b7158600
com.semantics3	Sem3Java	1.2.3	jar-with-dependencies	cd4ab936c8539fd7a3cb9821d7e4288d194f1cec
com.semantics3	Sem3Java	1.2.4		bf19269c420f90aa2686f15f68510e63061cb80b
com.semantics3	Sem3Java	1.2.4	jar-with-dependencies	30e6e28a8fd0b00843484a103a8367a7fda94d95
com.senspark.ee	soomla-store	2.10.0		N/A
com.senspark.ee	soomla-store	2.10.1		N/A
com.senspark.ee	soomla-store	2.10.2		N/A
com.senspark.ee	soomla-store	2.10.3		N/A
com.senspark.ee	soomla-store	2.7.0		N/A
com.senspark.ee	soomla-store	2.7.1		N/A
com.senspark.ee	soomla-store	2.7.2		N/A
com.senspark.ee	soomla-store	2.7.3		N/A
com.senspark.ee	soomla-store	2.7.4		N/A
com.senspark.ee	soomla-store	2.8.0		N/A
com.senspark.ee	soomla-store	2.8.1		N/A
com.senspark.ee	soomla-store	2.9.0		N/A
com.senspark.ee	soomla-store	2.9.2		N/A
com.solacesystems	sol-jms-ra	10.12.0		508612f40f5308179ac2dbdb9f66802fc1f2fa99
com.solacesystems	sol-jms-ra	10.12.1		34bc70917763d99c2edfa572ca59a4b9bd446d1f
com.solacesystems	sol-jms-ra	10.13.0		7407dad76620a00afbe03a1147842d5c5bed70f4
com.solacesystems	sol-jms-ra	10.13.1		0c9de7f026a55bf8863c0640906ca38b2f455ce9
com.solacesystems	sol-jms-ra	10.14.0		cad38f786efa6abf7b5b09da0877402e75e3dd05
com.solacesystems	sol-jms-ra	10.15.0		b578b2a5a988985d1662346a0c72bd79a2f5c29a
com.solacesystems	sol-jms-ra	10.16.0		cead3cd60405e4df4612bee99f87b2789b8c1d34
com.solacesystems	sol-jms-ra	10.17.0		5aa1c4854d80cee73a2a89b89e9960fc7cf92d42
com.solacesystems	sol-jms-ra	10.18.0		e9cac4f55399a05336c5dc7fcecab0c4407edce2
com.solacesystems	sol-jms-ra	10.19.0		6ddbcd9cb9b2fbd4257b96cda11a3ab244aa660f
com.solacesystems	sol-jms-ra	10.20.0		8a0ec801596c9ba4993ad32f654a9d169abeded5
com.solacesystems	sol-jms-ra	10.21.0		3a4c8f1782722ffc2237dbdba94deacf375d2ae4
com.solacesystems	sol-jms-ra	10.22.0		46308f129857b7b2e77e64bd3b83cdf782f12fe0
com.solacesystems	sol-jms-ra	10.23.0		387a80d33a63ae25e8ee3ecc8b1e68ac3d01dac8
com.solacesystems	sol-jms-ra	10.24.0		90b44eca7dfa9be04d2309ad1bfe85edf4725635
com.solacesystems	sol-jms-ra	10.24.1		5355104ebd463ea625e4d2630b9a8f7eccf10d01
com.solacesystems	sol-jms-ra	10.25.0		d02244da279e6927ffe61c992c8c0f4bd489c311
com.solacesystems	sol-jms-ra	10.25.1		6fbbe805c447098498985d0329209ff858f1fab7
com.solacesystems	sol-jms-ra	10.25.2		172d2a9824ad399fac0bf553d14a30655071f303
com.solacesystems	sol-jms-ra	10.26.0		88ba72de2ee175d8933a3b8be020e85b854d3fa1
com.solacesystems	sol-jms-ra	10.27.0		df65c869c16806058da8600d3403b6351d6a1203
com.sun.jersey.glassfish.v3	jersey-gfv3-docs-and-samples	1.0.3		N/A
com.sun.jersey.glassfish.v3	jersey-gfv3-docs-and-samples	1.0.3.1		N/A
com.sun.jersey.glassfish.v3	jersey-gfv3-docs-and-samples	1.1.0-ea		N/A
com.sun.jersey.glassfish.v3	jersey-gfv3-docs-and-samples	1.1.1-ea		N/A
com.sun.jersey.glassfish.v3	jersey-gfv3-docs-and-samples	1.1.2-ea		N/A
com.sun.jersey.glassfish.v3	jersey-gfv3-docs-and-samples	1.1.3-ea		N/A
com.sun.jersey.glassfish.v3	jersey-gfv3-docs-and-samples	1.1.4		N/A
com.sun.jersey.glassfish.v3	jersey-gfv3-docs-and-samples	1.1.4.1		N/A
com.sun.jersey.glassfish.v3	jersey-gfv3-docs-and-samples	1.1.5		N/A
com.sun.jersey.glassfish.v3	jersey-gfv3-docs-and-samples	1.1.5.1		N/A
com.sun.jersey.glassfish.v3	jersey-gfv3-docs-and-samples	1.1.5.2		N/A
com.sun.jersey.glassfish.v3	jersey-gfv3-docs-and-samples	1.10		N/A
com.sun.jersey.glassfish.v3	jersey-gfv3-docs-and-samples	1.10-b01		N/A
com.sun.jersey.glassfish.v3	jersey-gfv3-docs-and-samples	1.10-b02		N/A
com.sun.jersey.glassfish.v3	jersey-gfv3-docs-and-samples	1.10-b03		N/A
com.sun.jersey.glassfish.v3	jersey-gfv3-docs-and-samples	1.10-b04		N/A
com.sun.jersey.glassfish.v3	jersey-gfv3-docs-and-samples	1.10-b05		N/A
com.sun.jersey.glassfish.v3	jersey-gfv3-docs-and-samples	1.11		N/A
com.sun.jersey.glassfish.v3	jersey-gfv3-docs-and-samples	1.11-b01		N/A
com.sun.jersey.glassfish.v3	jersey-gfv3-docs-and-samples	1.11-b02		N/A
com.sun.jersey.glassfish.v3	jersey-gfv3-docs-and-samples	1.11-b03		N/A
com.sun.jersey.glassfish.v3	jersey-gfv3-docs-and-samples	1.11-b04		N/A
com.sun.jersey.glassfish.v3	jersey-gfv3-docs-and-samples	1.11.1		N/A
com.sun.jersey.glassfish.v3	jersey-gfv3-docs-and-samples	1.11.2		N/A
com.sun.jersey.glassfish.v3	jersey-gfv3-docs-and-samples	1.12		N/A
com.sun.jersey.glassfish.v3	jersey-gfv3-docs-and-samples	1.12-b01		N/A
com.sun.jersey.glassfish.v3	jersey-gfv3-docs-and-samples	1.13		N/A
com.sun.jersey.glassfish.v3	jersey-gfv3-docs-and-samples	1.13-b01		N/A
com.sun.jersey.glassfish.v3	jersey-gfv3-docs-and-samples	1.14		N/A
com.sun.jersey.glassfish.v3	jersey-gfv3-docs-and-samples	1.15		N/A
com.sun.jersey.glassfish.v3	jersey-gfv3-docs-and-samples	1.16		N/A
com.sun.jersey.glassfish.v3	jersey-gfv3-docs-and-samples	1.17		N/A
com.sun.jersey.glassfish.v3	jersey-gfv3-docs-and-samples	1.17.1		N/A
com.sun.jersey.glassfish.v3	jersey-gfv3-docs-and-samples	1.18		N/A
com.sun.jersey.glassfish.v3	jersey-gfv3-docs-and-samples	1.18.1		N/A
com.sun.jersey.glassfish.v3	jersey-gfv3-docs-and-samples	1.18.2		N/A
com.sun.jersey.glassfish.v3	jersey-gfv3-docs-and-samples	1.18.3		N/A
com.sun.jersey.glassfish.v3	jersey-gfv3-docs-and-samples	1.18.4		N/A
com.sun.jersey.glassfish.v3	jersey-gfv3-docs-and-samples	1.18.5		N/A
com.sun.jersey.glassfish.v3	jersey-gfv3-docs-and-samples	1.18.6		N/A
com.sun.jersey.glassfish.v3	jersey-gfv3-docs-and-samples	1.19		N/A
com.sun.jersey.glassfish.v3	jersey-gfv3-docs-and-samples	1.19.1		N/A
com.sun.jersey.glassfish.v3	jersey-gfv3-docs-and-samples	1.19.2		N/A
com.sun.jersey.glassfish.v3	jersey-gfv3-docs-and-samples	1.19.3		N/A
com.sun.jersey.glassfish.v3	jersey-gfv3-docs-and-samples	1.19.4		N/A
com.sun.jersey.glassfish.v3	jersey-gfv3-docs-and-samples	1.2		N/A
com.sun.jersey.glassfish.v3	jersey-gfv3-docs-and-samples	1.3		N/A
com.sun.jersey.glassfish.v3	jersey-gfv3-docs-and-samples	1.4		N/A
com.sun.jersey.glassfish.v3	jersey-gfv3-docs-and-samples	1.4-ea01		N/A
com.sun.jersey.glassfish.v3	jersey-gfv3-docs-and-samples	1.4-ea02		N/A
com.sun.jersey.glassfish.v3	jersey-gfv3-docs-and-samples	1.4-ea03		N/A
com.sun.jersey.glassfish.v3	jersey-gfv3-docs-and-samples	1.4-ea04		N/A
com.sun.jersey.glassfish.v3	jersey-gfv3-docs-and-samples	1.4-ea05		N/A
com.sun.jersey.glassfish.v3	jersey-gfv3-docs-and-samples	1.4-ea06		N/A
com.sun.jersey.glassfish.v3	jersey-gfv3-docs-and-samples	1.5		N/A
com.sun.jersey.glassfish.v3	jersey-gfv3-docs-and-samples	1.5-ea01		N/A
com.sun.jersey.glassfish.v3	jersey-gfv3-docs-and-samples	1.5-ea02		N/A
com.sun.jersey.glassfish.v3	jersey-gfv3-docs-and-samples	1.5-ea03		N/A
com.sun.jersey.glassfish.v3	jersey-gfv3-docs-and-samples	1.5-ea04		N/A
com.sun.jersey.glassfish.v3	jersey-gfv3-docs-and-samples	1.5-ea05		N/A
com.sun.jersey.glassfish.v3	jersey-gfv3-docs-and-samples	1.5-ea06		N/A
com.sun.jersey.glassfish.v3	jersey-gfv3-docs-and-samples	1.5-ea07		N/A
com.sun.jersey.glassfish.v3	jersey-gfv3-docs-and-samples	1.5-ea08		N/A
com.sun.jersey.glassfish.v3	jersey-gfv3-docs-and-samples	1.5-ea09		N/A
com.sun.jersey.glassfish.v3	jersey-gfv3-docs-and-samples	1.6		N/A
com.sun.jersey.glassfish.v3	jersey-gfv3-docs-and-samples	1.6-ea01		N/A
com.sun.jersey.glassfish.v3	jersey-gfv3-docs-and-samples	1.6-ea02		N/A
com.sun.jersey.glassfish.v3	jersey-gfv3-docs-and-samples	1.6-ea03		N/A
com.sun.jersey.glassfish.v3	jersey-gfv3-docs-and-samples	1.6-ea04		N/A
com.sun.jersey.glassfish.v3	jersey-gfv3-docs-and-samples	1.6-ea05		N/A
com.sun.jersey.glassfish.v3	jersey-gfv3-docs-and-samples	1.6-ea06		N/A
com.sun.jersey.glassfish.v3	jersey-gfv3-docs-and-samples	1.7		N/A
com.sun.jersey.glassfish.v3	jersey-gfv3-docs-and-samples	1.7-ea01		N/A
com.sun.jersey.glassfish.v3	jersey-gfv3-docs-and-samples	1.7-ea02		N/A
com.sun.jersey.glassfish.v3	jersey-gfv3-docs-and-samples	1.7-ea03		N/A
com.sun.jersey.glassfish.v3	jersey-gfv3-docs-and-samples	1.7-ea04		N/A
com.sun.jersey.glassfish.v3	jersey-gfv3-docs-and-samples	1.7-ea05		N/A
com.sun.jersey.glassfish.v3	jersey-gfv3-docs-and-samples	1.7-ea06		N/A
com.sun.jersey.glassfish.v3	jersey-gfv3-docs-and-samples	1.7-ea07		N/A
com.sun.jersey.glassfish.v3	jersey-gfv3-docs-and-samples	1.8		N/A
com.sun.jersey.glassfish.v3	jersey-gfv3-docs-and-samples	1.8-ea01		N/A
com.sun.jersey.glassfish.v3	jersey-gfv3-docs-and-samples	1.8-ea02		N/A
com.sun.jersey.glassfish.v3	jersey-gfv3-docs-and-samples	1.8-ea03		N/A
com.sun.jersey.glassfish.v3	jersey-gfv3-docs-and-samples	1.8-ea04		N/A
com.sun.jersey.glassfish.v3	jersey-gfv3-docs-and-samples	1.9		N/A
com.sun.jersey.glassfish.v3	jersey-gfv3-docs-and-samples	1.9-ea01		N/A
com.sun.jersey.glassfish.v3	jersey-gfv3-docs-and-samples	1.9-ea02		N/A
com.sun.jersey.glassfish.v3	jersey-gfv3-docs-and-samples	1.9-ea03		N/A
com.sun.jersey.glassfish.v3	jersey-gfv3-docs-and-samples	1.9-ea04		N/A
com.sun.jersey.glassfish.v3	jersey-gfv3-docs-and-samples	1.9-ea06		N/A
com.sun.jersey.glassfish.v3	jersey-gfv3-docs-and-samples	1.9-ea07		N/A
com.sun.jersey.glassfish.v3	jersey-gfv3-docs-and-samples	1.9.1		N/A
com.thebrownfoxx	karbon-linuxx64	0.1.0-alpha02		N/A
com.thebrownfoxx	karbon-linuxx64	0.3.1		N/A
com.thebrownfoxx	karbon-linuxx64	0.3.2		N/A
com.thebrownfoxx	karbon-linuxx64	0.4.0		N/A
com.thebrownfoxx	karbon-linuxx64	0.5.0		N/A
com.thebrownfoxx	karbon-linuxx64	0.5.1		N/A
com.thebrownfoxx	karbon-linuxx64	0.6.1		N/A
com.tradeshift.sdk	tradeshift-sdk-apps	0.2.0		21de3af13984feef19bbabc11ef95d81c75606b4
com.vuukle.android	ads-mediation-mopub-single-listener	2.0.6		N/A
com.vuukle.android	ads-mediation-mopub-single-listener	2.0.7		N/A
com.vuukle.android	ads-mediation-mopub-single-listener	2.0.8		N/A
com.vuukle.android	ads-mediation-mopub-single-listener	2.0.9		N/A
com.vuukle.android	ads-mediation-mopub-single-listener	2.1.0		N/A
com.vuukle.android	ads-mediation-mopub-single-listener	2.1.1		N/A
com.vuukle.android	ads-mediation-mopub-single-listener	2.1.2		N/A
com.vuukle.android	ads-mediation-mopub-single-listener	2.1.3		N/A
com.vuukle.android	ads-mediation-mopub-single-listener	2.1.4		N/A
com.vuukle.android	ads-mediation-mopub-single-listener	2.1.5		N/A
de.digitalcollections	digitalcollections-core-backend-api	1.0.0		5438666b1be08e85838e274c543dbd67fe7677d5
de.digitalcollections	digitalcollections-core-backend-api	1.0.1		049a4227934c4d5af8b93ddcb978e0d1d1f9f948
de.digitalcollections	digitalcollections-core-backend-api	1.1.0		e7764faa641ef55055b43721351a317d43ccfaf4
de.digitalcollections	digitalcollections-core-backend-api	1.2.0		16ab60e0f020aa28588fc2973db2c4fe8c3393c9
de.digitalcollections	digitalcollections-core-backend-api	1.2.1		b54cf8d4d8a02c882f5ba9f480a7bb57bf6cff36
de.digitalcollections	digitalcollections-core-backend-api	1.2.2		d186bf099500ef2b2f9b3d6e8624c7b603c0b3aa
de.digitalcollections	digitalcollections-core-backend-api	1.2.3		be4b44340d55f1f60706ee9a5f6db9304a32ffd9
de.digitalcollections	digitalcollections-core-backend-api	1.2.4		a2af88e1b5b541237fc323bf96b1d708183cd3d0
de.digitalcollections	digitalcollections-core-backend-api	1.2.5		df00de4c3c2acf042df3e374280ae5dbd46f2535
de.mklinger.jgroups	jgroups-http2	1.0		22198fe81f63666601cc0417176760e6a1c87447
de.mklinger.jgroups	jgroups-http2	1.1		62b5006d4159d5d917b6e147bc206e431939ce0c
de.mklinger.jgroups	jgroups-http2	1.10		331ee4a86f06580e097ba83e6e6f3418874442f3
de.mklinger.jgroups	jgroups-http2	1.11		c877b40622f0a84b709cef358cc91463cb903a7c
de.mklinger.jgroups	jgroups-http2	1.12		5acbe4671bbd5d527b01422e10bd518ed5a67e69
de.mklinger.jgroups	jgroups-http2	1.13		26de3066c0152f9fb30182f32220731e08cf57bf
de.mklinger.jgroups	jgroups-http2	1.14		b21b5d99e64ff6116329ef93beb1920c5eefb398
de.mklinger.jgroups	jgroups-http2	1.15		dcbe7ac6d28d0a08e5b2b194781431a5a4dde16c
de.mklinger.jgroups	jgroups-http2	1.16		602b536fbf960e41148c58e3d7189b21c10bec90
de.mklinger.jgroups	jgroups-http2	1.2		02763fa2d44ebaf780cec22fd4ab97bbcb57d9a2
de.mklinger.jgroups	jgroups-http2	1.3		206750629af0b6768c84d921ad83404e829292bd
de.mklinger.jgroups	jgroups-http2	1.4		ca1da81864a1c502d258a8a2f0004dbdbb991b13
de.mklinger.jgroups	jgroups-http2	1.5		35d11b8d9398ce137806aa5c4c44b451b4e330e0
de.mklinger.jgroups	jgroups-http2	1.5.1		b3381d542c172ded94385170656c4e3c66658c4f
de.mklinger.jgroups	jgroups-http2	1.6		3daf077fa9d215e57b5b4f51adbaf62c920b4afb
de.mklinger.jgroups	jgroups-http2	1.6.1		0ab899f3534592fd26766dbeeaa4fa0975d3a4c3
de.mklinger.jgroups	jgroups-http2	1.7		c41bc48978ae76a5a9e00edb53d691e6a940a21e
de.mklinger.jgroups	jgroups-http2	1.8		33268263e27976711986de61de2134c5057d5540
de.mklinger.jgroups	jgroups-http2	1.9		3fbec0371f5c38b7688ab75cc8a046c67c676716
de.mklinger.jgroups	jgroups-http2	2.0		31a29194b403d41dda3095f9e66274c56a3ebd24
de.mklinger.jgroups	jgroups-http2	2.1		844a61d2e156d14020c94e1b01b228fb9e0f7c23
de.mklinger.jgroups	jgroups-http2	2.2		dfcbd9a8e760cbf031ab59f9c2046f2753bce5bb
de.mklinger.jgroups	jgroups-http2	2.3		c0351e0eafefa0c313c3a728369fb7ad898007d1
de.sciss	lucre-confluent_2.13	3.13.1		2c7cebd4d7eb96ec2961b6d8041b8d62a2c7545c
de.sciss	lucre-confluent_2.13	3.14.0		808764f99b3c708de466adc72744fe540a4f4f58
de.sciss	lucre-confluent_2.13	3.15.0		5c4fa968e3c2ee4a5749252484b5d39402435b65
de.sciss	lucre-confluent_2.13	3.15.1		8bafe3cc86bf639920a0a46ca7975e052143e294
de.sciss	lucre-confluent_2.13	3.15.2		1b43d90b7e234f2227c29a8479c636fe3d028642
de.sciss	lucre-confluent_2.13	3.15.3		1c0087496bd4316f701a5a53d855081ae48014cd
de.sciss	lucre-confluent_2.13	3.16.0		ecc4c78ee45ae420fe5bf132f4509765e58e3876
de.sciss	lucre-confluent_2.13	3.16.1		3537a61e40ac4e6e4f99c4e106831d3bbe98aefa
de.sciss	lucre-confluent_2.13	3.16.2		877db320c9cf87ee487515663c9c69237b77a1bb
de.sciss	lucre-confluent_2.13	3.16.3		7ace510c7c5c134ca3abac3cedc87e78f788fb53
de.sciss	lucre-confluent_2.13	3.16.4		6f68d34715bb6f3f0195127a880691fc01eb8f87
de.sciss	lucre-confluent_2.13	3.17.0		0e914fc1f86c9582ce0f312d56e6d6130c104cb3
de.sciss	lucre-confluent_2.13	3.17.1		559093b27bf4c0e9041ad1c61785bc6e80c40373
de.sciss	lucre-confluent_2.13	3.17.2		ce481e0192b519c54a8360b8ee6f93c2a97676b6
de.sciss	lucre-confluent_2.13	3.17.3		060b800cd5815374de6b4cb3e258cb672bf845c6
de.sciss	lucre-confluent_2.13	3.17.4		60bb4ee5923d9655ab429a811a6e6fbe3e28a4ad
de.sciss	lucre-confluent_2.13	3.17.5		c4a08d5b6453aa53b5573825297acf535305f2db
de.sciss	lucre-confluent_2.13	3.17.6		25f4d275ebe0c484ea210796fbb140c4c5ed381a
de.sciss	lucre-confluent_2.13	3.17.7		ceb659e99b88e22dda910e20a77ed30d056f34d5
de.sciss	lucre-confluent_2.13	4.0.0		32f089444e19bb1a0966ac98c28fdb229d15dcab
de.sciss	lucre-confluent_2.13	4.0.1		13332f23b6a6dd226e594a0eb8831bc8b8cd2f6d
de.sciss	lucre-confluent_2.13	4.1.0		5590b20ac4c11ac5ba06a0ef7e8fc611ffd2d326
de.sciss	lucre-confluent_2.13	4.2.0		0b2330c9e2b21f2cbf232978c1c154b4203c2b2f
de.sciss	lucre-confluent_2.13	4.3.0		dc7322e2b16f0c568c2c92aa2289965d3ef163d6
de.sciss	lucre-confluent_2.13	4.4.0		37df7108c21dd2e7cdeaa70ca82a3b83126967b2
de.sciss	lucre-confluent_2.13	4.4.1		37a4e35a573d5ea83aa9470cfdf7e0cce1e46692
de.sciss	lucre-confluent_2.13	4.4.2		6e0c506a2f6925186c0c6b89ab4948a5998325c3
de.sciss	lucre-confluent_2.13	4.4.3		eb59017af873bd92bbf5e6fbe47aba6d65ea1c96
de.sciss	lucre-confluent_2.13	4.4.4		f6cfc6629b772335db3f89815e3b5e32764b8f50
de.sciss	lucre-confluent_2.13	4.4.5		4def89688645dcd48db664292247eb3e00fb0f35
de.sciss	lucre-confluent_2.13	4.5.0		95169929b117d1f66138a620436f4bcaf373b98a
de.sciss	lucre-confluent_2.13	4.5.1		8f83ac38933e09305fb096eba391d15ff0096c5f
de.sciss	lucre-confluent_2.13	4.5.2		6210770b4840ab8626df00e372ab161d77f13f66
de.sciss	lucre-confluent_2.13	4.5.3		a6abe46288ca6f31735f770f1e5eca13642c5584
de.sciss	lucre-confluent_2.13	4.6.0		6bb12798ebf088158017c60aea675c72ad724391
de.sciss	lucre-confluent_2.13	4.6.1		6d982f13d03c5de7dd84bfb63a8fa593a1fc4097
de.sciss	lucre-confluent_2.13	4.6.2		df88ed39894a68baa724fe4986ca2ac64871b8d4
de.sciss	lucre-confluent_2.13	4.6.3		94877acd79679074662a124818141968fddc0167
de.sciss	lucre-confluent_2.13	4.6.4		444b8efea820e94ffcbd6bfa16c06b104851af38
de.sciss	lucre-confluent_2.13	4.6.5		6b1a105711b8200537bb0d0d8d02d77a9f39b682
de.sciss	lucre-confluent_2.13	4.6.6		778a274095725810c97da27305fb44a57ac47faa
de.sciss	scalacolliderswing-interpreter_2.13.0-RC1	1.41.1		eab94e1257d429fd23d859bf9a058c62086fb936
de.srsoftware	tools.result	1.0.0		efea260ab32d10c7ee1437365af46e74fee8bf34
de.srsoftware	tools.result	1.0.1		b852b1aa4ef247dcd586575d056c70dd1fea3661
dev.teogor.ceres	framework-core	1.0.0-alpha01		N/A
dev.teogor.ceres	framework-core	1.0.0-alpha02		N/A
dev.teogor.ceres	framework-core	1.0.0-alpha03		N/A
dev.teogor.ceres	framework-core	1.0.0-alpha04		N/A
dev.zwander	kmpplatform-iosarm64	0.1.0		N/A
dev.zwander	kmpplatform-iosarm64	0.1.0	metadata	908d9e81680dbc85947fb9dd5e39ba6dcfc7f162
io.apigee.trireme	trireme-samples	0.6.7		N/A
io.apigee.trireme	trireme-samples	0.6.8		N/A
io.apigee.trireme	trireme-samples	0.6.9		N/A
io.apigee.trireme	trireme-samples	0.7.0		N/A
io.apigee.trireme	trireme-samples	0.7.1		N/A
io.apigee.trireme	trireme-samples	0.7.2		N/A
io.apigee.trireme	trireme-samples	0.7.3		N/A
io.apigee.trireme	trireme-samples	0.7.4		N/A
io.apigee.trireme	trireme-samples	0.7.5		N/A
io.apigee.trireme	trireme-samples	0.8.0		N/A
io.apigee.trireme	trireme-samples	0.8.1		N/A
io.apigee.trireme	trireme-samples	0.8.2		N/A
io.apigee.trireme	trireme-samples	0.8.3		N/A
io.apigee.trireme	trireme-samples	0.8.4		N/A
io.apigee.trireme	trireme-samples	0.8.5		N/A
io.apigee.trireme	trireme-samples	0.8.5.1		N/A
io.apigee.trireme	trireme-samples	0.8.6		N/A
io.apigee.trireme	trireme-samples	0.8.7		N/A
io.apigee.trireme	trireme-samples	0.8.8		N/A
io.apigee.trireme	trireme-samples	0.8.9		N/A
io.apigee.trireme	trireme-samples	0.9.0		N/A
io.apigee.trireme	trireme-samples	0.9.1		N/A
io.apigee.trireme	trireme-samples	0.9.2		N/A
io.apigee.trireme	trireme-samples	0.9.3		N/A
io.apigee.trireme	trireme-samples	0.9.4		N/A
io.fabric8	open-cluster-management-policy-model	5.12.0		1363ea779a425d7a93cbf8b9e8c4bd8491b487e8
io.fabric8	open-cluster-management-policy-model	5.12.1		b88c399ad4ff2b2afff9a6dcb992f48f870d41a6
io.fabric8	open-cluster-management-policy-model	5.12.2		fcbad2bd53e425f780ac0d59a2f7346eb74ff879
io.fabric8	open-cluster-management-policy-model	5.12.3		d8b36f528377261353a6f7c535e2bf7bc82a051a
io.fabric8	open-cluster-management-policy-model	5.12.4		ac01e495197a5116bc48cda5f0bf4c7df5f5e47f
io.fabric8	open-cluster-management-policy-model	6.0.0		63c9e4a45aaafdfc5321dd6b3f23cbc89ec787c1
io.fabric8	open-cluster-management-policy-model	6.0.0-RC1		7a0fe2ff0ea63363021f8c190cdef7a52f1e75e1
io.fabric8	open-cluster-management-policy-model	6.1.0		f3040d2d1693274a14cc4d673970ec907fc33324
io.fabric8	open-cluster-management-policy-model	6.1.1		5f5c45a182730201f62f86fe38fd2a56298c5d1a
io.fabric8	open-cluster-management-policy-model	6.10.0		5c3d89d8eada69d5796a5db5f78b70a6b710034f
io.fabric8	open-cluster-management-policy-model	6.11.0		80ae392d076372a21b58bd2ba105ed5890a3666a
io.fabric8	open-cluster-management-policy-model	6.12.0		ae2eb25388f33049fd6371a1e544f5491092dbd3
io.fabric8	open-cluster-management-policy-model	6.12.1		12247386c1d7eede0181498c1b540788c7dfed08
io.fabric8	open-cluster-management-policy-model	6.13.0		f80356745a447b91cd6f7b0b00caeaf072e39d6d
io.fabric8	open-cluster-management-policy-model	6.13.1		117274a9b53508f758dfea6ec6220e57f54006f2
io.fabric8	open-cluster-management-policy-model	6.13.2		4876c32424449c3521e54602c2ba4a2a3a488268
io.fabric8	open-cluster-management-policy-model	6.13.3		f726628a9610f6b55ee3eed4a6805a28fafac0c2
io.fabric8	open-cluster-management-policy-model	6.13.4		2affda6bdfd1b7035903bc150ad9ffe4fe0a8f58
io.fabric8	open-cluster-management-policy-model	6.13.5		6839da188cb0c9c0c610a23603d8c158eed28fa5
io.fabric8	open-cluster-management-policy-model	6.2.0		ffbb294d6e79b65c6ffccebfcef23155eb4aa1e6
io.fabric8	open-cluster-management-policy-model	6.3.0		a81c20b01094f96f6d958e31fb9fe363f180f962
io.fabric8	open-cluster-management-policy-model	6.3.1		994b243e09fb9a4bd8daf7d08fa9d46df51094f0
io.fabric8	open-cluster-management-policy-model	6.4.0		f55aeab6b244b3a93fb2214ebc2d3f63fe678ff7
io.fabric8	open-cluster-management-policy-model	6.4.1		28a574935f79a44882245a1d1c74219b2aff8f03
io.fabric8	open-cluster-management-policy-model	6.5.0		fddc4b82938538fc826695b22561ea7ca0459014
io.fabric8	open-cluster-management-policy-model	6.5.1		a61875b95b263bdb56c04ce25608fe3a49c42d80
io.fabric8	open-cluster-management-policy-model	6.6.0		53c3573796061f9f029dd05d840b8cb07b18b04d
io.fabric8	open-cluster-management-policy-model	6.6.1		2554a0a05ff65b807e4a7224c6086adc15b1ba1a
io.fabric8	open-cluster-management-policy-model	6.6.2		33507b3bf7df5f620bc10ea0010219104a4f265b
io.fabric8	open-cluster-management-policy-model	6.7.0		c39004e3b2e2731fd6e256880cca62c31f840edc
io.fabric8	open-cluster-management-policy-model	6.7.1		61557347fd21c344c278ede12e4b3054b18d82ea
io.fabric8	open-cluster-management-policy-model	6.7.2		1e4f798321953bd9f0fb02c0522c4b51a0f716a0
io.fabric8	open-cluster-management-policy-model	6.8.0		054595e9120172f912c7bdacd1bf95817c79eafd
io.fabric8	open-cluster-management-policy-model	6.8.1		12e6d1ebe77b71198834d1aaf4e75bbefab4ef99
io.fabric8	open-cluster-management-policy-model	6.9.0		379fa53f065da1303a44a02e19c2f0d98522a114
io.fabric8	open-cluster-management-policy-model	6.9.1		dc660803b3704582b17fac588aea2f1611dca8a1
io.fabric8	open-cluster-management-policy-model	6.9.2		79e5a54e119c431db9026c45215cbd3650804ba6
io.github.kostaskougios	reflectlib_2.12	0.1.0		ae79abb10824300d921bbe809391e90c8661d4e7
io.github.landrynorris.analytiks	analytiks-test-iossimulatorarm64	0.1.0		N/A
io.github.landrynorris.analytiks	analytiks-test-iossimulatorarm64	0.1.0	metadata	80c8f86d4777993d5e1c5c0809abe9221be04993
io.github.mooe1215	mooez-event	1.0		N/A
io.github.oewntk	towndb	1.0.0		cadd18742d5d0fe5eff98b734c6358b14d06d989
io.github.oewntk	towndb	1.0.1		16889801ce909d7096e1254c499b589e774181b1
io.github.oewntk	towndb	1.0.2		df2e6a65b5843264941c2419bf7b9b56a32e6d05
io.github.oewntk	towndb	1.0.4		d6c875ba5fb673f45972231ab5528ba9d9ec447a
io.github.oewntk	towndb	2.1.0		94088573aae2a21f5ed979dd007c71b4ce1937d2
io.github.oewntk	towndb	2.1.1		1a4e1eb2f7d76bf2c596b39195e1b0138e1e4a4f
io.github.oewntk	towndb	2.1.2		8068b11c3e5b8ed88a31fa677be85267115138a2
io.github.oewntk	towndb	2.1.3		50dd598db34783510386dfe76f3097b8c7b231f6
io.github.oewntk	towndb	2.2.0		50783d5504efc05ab48b15ab5c4babcef520819f
io.github.oewntk	towndb	2.2.1		6a281df846f0f4978d73af38190047acdce14083
io.github.oewntk	towndb	2.2.2		a92681cbd539f48aded334872b110a1334c4e85c
io.github.oewntk	towndb	2.3.1		e8f92b59000b03ed89237b9887afd61d084a70f0
io.github.protocol-laboratory	bookkeeper-admin-api	0.0.3		2813d6d125f21ec9aaf65140d53934911edc1ab5
io.github.qsy7.java.modules.browser	modules	0.1.0		N/A
io.github.qsy7.java.modules.browser	modules	0.1.2		N/A
io.github.qsy7.java.modules.browser	modules	0.3.3		N/A
io.github.rhdunn	xqt-platform-xml-macosx64	0.2.0		N/A
io.github.rhdunn	xqt-platform-xml-macosx64	0.2.0	metadata	a5caaf2c4c3bd35ff79e8d4e4dbccad99e94087c
io.github.thearchitect123	kmpEssentials-tvosarm64	0.8.0		N/A
io.github.thearchitect123	kmpEssentials-tvosarm64	0.8.0	metadata	0a887f5cb5158be8557b5cdb10c78d1746f4bdbc
io.github.thearchitect123	kmpEssentials-tvosarm64	0.8.1		N/A
io.github.thearchitect123	kmpEssentials-tvosarm64	0.8.1	metadata	0a887f5cb5158be8557b5cdb10c78d1746f4bdbc
io.github.thearchitect123	kmpEssentials-tvosarm64	0.8.2		N/A
io.github.thearchitect123	kmpEssentials-tvosarm64	0.8.2	metadata	0a887f5cb5158be8557b5cdb10c78d1746f4bdbc
io.github.thearchitect123	kmpEssentials-tvosarm64	0.8.3		N/A
io.github.thearchitect123	kmpEssentials-tvosarm64	0.8.3	metadata	64b73bbaca6a2bc07d46358777274b97bea93f71
io.github.thearchitect123	kmpEssentials-tvosarm64	0.8.4		N/A
io.github.thearchitect123	kmpEssentials-tvosarm64	0.8.4	metadata	253e9fa111ad5838628b9ebaa99cd9a9ecc5df63
io.github.thearchitect123	kmpEssentials-tvosarm64	0.8.5		N/A
io.github.thearchitect123	kmpEssentials-tvosarm64	0.8.5	metadata	261093be97857ed94040389a37949b777d4ccb69
io.github.thearchitect123	kmpEssentials-tvosarm64	0.8.6		N/A
io.github.thearchitect123	kmpEssentials-tvosarm64	0.8.6	metadata	34162bee8ec4c231d07ef99bd34625196e628f97
io.github.thearchitect123	kmpEssentials-tvosarm64	0.8.7		N/A
io.github.thearchitect123	kmpEssentials-tvosarm64	0.8.7	metadata	34162bee8ec4c231d07ef99bd34625196e628f97
io.github.thearchitect123	kmpEssentials-tvosarm64	0.8.8		N/A
io.github.thearchitect123	kmpEssentials-tvosarm64	0.8.8	metadata	34162bee8ec4c231d07ef99bd34625196e628f97
io.github.thearchitect123	kmpEssentials-tvosarm64	0.8.9		N/A
io.github.thearchitect123	kmpEssentials-tvosarm64	0.8.9	metadata	34162bee8ec4c231d07ef99bd34625196e628f97
io.github.thearchitect123	kmpEssentials-tvosarm64	0.9.0		N/A
io.github.thearchitect123	kmpEssentials-tvosarm64	0.9.0	metadata	06389017a6d912529c1e9d9d350ba992786020d8
io.github.thearchitect123	kmpEssentials-tvosarm64	0.9.1		N/A
io.github.thearchitect123	kmpEssentials-tvosarm64	0.9.1	metadata	06389017a6d912529c1e9d9d350ba992786020d8
io.github.thearchitect123	kmpEssentials-tvosarm64	0.9.2		N/A
io.github.thearchitect123	kmpEssentials-tvosarm64	0.9.2	metadata	642d93e742509321687ff51e21a3b0e402328886
io.github.thearchitect123	kmpEssentials-tvosarm64	0.9.4		N/A
io.github.thearchitect123	kmpEssentials-tvosarm64	0.9.4	metadata	0b5f515bfbca76fdbd21db96ce32a5564fa2974a
io.github.thearchitect123	kmpEssentials-tvosarm64	0.9.5		N/A
io.github.thearchitect123	kmpEssentials-tvosarm64	0.9.5	metadata	0b5f515bfbca76fdbd21db96ce32a5564fa2974a
io.github.thearchitect123	kmpEssentials-tvosarm64	0.9.6		N/A
io.github.thearchitect123	kmpEssentials-tvosarm64	0.9.6	metadata	0b5f515bfbca76fdbd21db96ce32a5564fa2974a
io.github.thearchitect123	kmpEssentials-tvosarm64	0.9.7		N/A
io.github.thearchitect123	kmpEssentials-tvosarm64	0.9.7	metadata	0b5f515bfbca76fdbd21db96ce32a5564fa2974a
io.github.thearchitect123	kmpEssentials-tvosarm64	1.0.0		N/A
io.github.thearchitect123	kmpEssentials-tvosarm64	1.0.0	metadata	0b5f515bfbca76fdbd21db96ce32a5564fa2974a
io.github.thearchitect123	kmpEssentials-tvosarm64	1.0.1		N/A
io.github.thearchitect123	kmpEssentials-tvosarm64	1.0.1	metadata	0b5f515bfbca76fdbd21db96ce32a5564fa2974a
io.github.thearchitect123	kmpEssentials-tvosarm64	1.0.2		N/A
io.github.thearchitect123	kmpEssentials-tvosarm64	1.0.2	metadata	f8ce9ae4b75353bef5b8171cec4d8ad9b54c048e
io.github.thearchitect123	kmpEssentials-tvosarm64	1.0.3		N/A
io.github.thearchitect123	kmpEssentials-tvosarm64	1.0.3	metadata	e70a5fd11c5c67227cdc0fc2c805bacb6894aaac
io.github.thearchitect123	kmpEssentials-tvosarm64	1.0.4		N/A
io.github.thearchitect123	kmpEssentials-tvosarm64	1.0.4	metadata	da94f10f560e1f1827c423a82e5cc6e5851c23d6
io.github.thearchitect123	kmpEssentials-tvosarm64	1.0.5		N/A
io.github.thearchitect123	kmpEssentials-tvosarm64	1.0.5	metadata	da94f10f560e1f1827c423a82e5cc6e5851c23d6
io.github.thearchitect123	kmpEssentials-tvosarm64	1.0.7		N/A
io.github.thearchitect123	kmpEssentials-tvosarm64	1.0.7	metadata	da94f10f560e1f1827c423a82e5cc6e5851c23d6
io.github.thearchitect123	kmpEssentials-tvosarm64	1.0.8		N/A
io.github.thearchitect123	kmpEssentials-tvosarm64	1.0.8	metadata	d8281eda8d5333fcf68962082c72491f7625099f
io.github.thearchitect123	kmpEssentials-tvosarm64	1.0.9		N/A
io.github.thearchitect123	kmpEssentials-tvosarm64	1.0.9	metadata	288f957ff740bad7a40da07ff38d1203d9fd688a
io.github.thearchitect123	kmpEssentials-tvosarm64	1.1.0		N/A
io.github.thearchitect123	kmpEssentials-tvosarm64	1.1.0	metadata	3cac957dde81647b1310216a6c50c9b84ee08de0
io.github.thearchitect123	kmpEssentials-tvosarm64	1.1.1		N/A
io.github.thearchitect123	kmpEssentials-tvosarm64	1.1.1	metadata	a64312b4ba2dcc400a0a023db37ca8f5a80503e4
io.github.thearchitect123	kmpEssentials-tvosarm64	1.1.2		N/A
io.github.thearchitect123	kmpEssentials-tvosarm64	1.1.2	metadata	a64312b4ba2dcc400a0a023db37ca8f5a80503e4
io.github.thearchitect123	kmpEssentials-tvosarm64	1.1.3		N/A
io.github.thearchitect123	kmpEssentials-tvosarm64	1.1.3	metadata	a64312b4ba2dcc400a0a023db37ca8f5a80503e4
io.github.thearchitect123	kmpEssentials-tvosarm64	1.1.4		N/A
io.github.thearchitect123	kmpEssentials-tvosarm64	1.1.4	metadata	a64312b4ba2dcc400a0a023db37ca8f5a80503e4
io.github.thearchitect123	kmpEssentials-tvosarm64	1.1.5		N/A
io.github.thearchitect123	kmpEssentials-tvosarm64	1.1.5	metadata	a64312b4ba2dcc400a0a023db37ca8f5a80503e4
io.github.thearchitect123	kmpEssentials-tvosarm64	1.1.6		N/A
io.github.thearchitect123	kmpEssentials-tvosarm64	1.1.6	metadata	a64312b4ba2dcc400a0a023db37ca8f5a80503e4
io.github.thearchitect123	kmpEssentials-tvosarm64	1.1.7		N/A
io.github.thearchitect123	kmpEssentials-tvosarm64	1.1.7	metadata	a64312b4ba2dcc400a0a023db37ca8f5a80503e4
io.github.thearchitect123	kmpEssentials-tvosarm64	1.1.8		N/A
io.github.thearchitect123	kmpEssentials-tvosarm64	1.1.8	metadata	27fe9726248e3fad344c2e49e849b39a8d6d77af
io.github.thearchitect123	kmpEssentials-tvosarm64	1.1.9		N/A
io.github.thearchitect123	kmpEssentials-tvosarm64	1.1.9	metadata	b477570c0102ec53d6dfb2d1529d887467ba6ad9
io.github.thearchitect123	kmpEssentials-tvosarm64	1.2.0		N/A
io.github.thearchitect123	kmpEssentials-tvosarm64	1.2.0	metadata	06743cfcbde7cd44847b245210680fb0273eed83
io.github.thearchitect123	kmpEssentials-tvosarm64	1.2.1		N/A
io.github.thearchitect123	kmpEssentials-tvosarm64	1.2.1	metadata	06743cfcbde7cd44847b245210680fb0273eed83
io.github.thearchitect123	kmpEssentials-tvosarm64	1.2.2		N/A
io.github.thearchitect123	kmpEssentials-tvosarm64	1.2.2	metadata	06743cfcbde7cd44847b245210680fb0273eed83
io.github.thearchitect123	kmpEssentials-tvosarm64	1.2.3		N/A
io.github.thearchitect123	kmpEssentials-tvosarm64	1.2.3	metadata	06743cfcbde7cd44847b245210680fb0273eed83
io.github.thearchitect123	kmpEssentials-tvosarm64	1.2.4		N/A
io.github.thearchitect123	kmpEssentials-tvosarm64	1.2.4	metadata	06743cfcbde7cd44847b245210680fb0273eed83
io.github.thearchitect123	kmpEssentials-tvosarm64	1.2.5		N/A
io.github.thearchitect123	kmpEssentials-tvosarm64	1.2.5	metadata	d3e990a0d3c0e81f9f7a116fcbea0d6b75383f11
io.github.thearchitect123	kmpEssentials-tvosarm64	1.2.6		N/A
io.github.thearchitect123	kmpEssentials-tvosarm64	1.2.6	metadata	2bc22af144e3f20ac938ae62317c03555fca87af
io.github.thearchitect123	kmpEssentials-tvosarm64	1.2.7		N/A
io.github.thearchitect123	kmpEssentials-tvosarm64	1.2.7	metadata	2bc22af144e3f20ac938ae62317c03555fca87af
io.github.thearchitect123	kmpEssentials-tvosarm64	1.2.8		N/A
io.github.thearchitect123	kmpEssentials-tvosarm64	1.2.8	metadata	07180f3f0b00a9cd8f0762b025466673fbc949bf
io.github.thearchitect123	kmpEssentials-tvosarm64	1.2.9		N/A
io.github.thearchitect123	kmpEssentials-tvosarm64	1.2.9	metadata	a07fbc7bdb2f5cb2798d3d91673d0bc59ff7df22
io.github.thearchitect123	kmpEssentials-tvosarm64	1.3.0		N/A
io.github.thearchitect123	kmpEssentials-tvosarm64	1.3.0	metadata	dc8b71e1548b8895ca757019e3edb1f77a8a1cc7
io.github.thearchitect123	kmpEssentials-tvosarm64	1.3.2		N/A
io.github.thearchitect123	kmpEssentials-tvosarm64	1.3.2	metadata	66950808e85381a4c5ce1d11e848fdc12e5f4ebd
io.github.thearchitect123	kmpEssentials-tvosarm64	1.3.3		N/A
io.github.thearchitect123	kmpEssentials-tvosarm64	1.3.3	metadata	66950808e85381a4c5ce1d11e848fdc12e5f4ebd
io.github.thearchitect123	kmpEssentials-tvosarm64	1.3.4		N/A
io.github.thearchitect123	kmpEssentials-tvosarm64	1.3.4	metadata	d8fe42004232109475aa6f41494215d30ba810cf
io.github.thearchitect123	kmpEssentials-tvosarm64	1.3.5		N/A
io.github.thearchitect123	kmpEssentials-tvosarm64	1.3.5	metadata	d8fe42004232109475aa6f41494215d30ba810cf
io.github.thearchitect123	kmpEssentials-tvosarm64	1.3.6		N/A
io.github.thearchitect123	kmpEssentials-tvosarm64	1.3.6	metadata	d8fe42004232109475aa6f41494215d30ba810cf
io.github.thearchitect123	kmpEssentials-tvosarm64	1.3.7		N/A
io.github.thearchitect123	kmpEssentials-tvosarm64	1.3.7	metadata	d8fe42004232109475aa6f41494215d30ba810cf
io.github.thearchitect123	kmpEssentials-tvosarm64	1.3.9		N/A
io.github.thearchitect123	kmpEssentials-tvosarm64	1.3.9	metadata	d8fe42004232109475aa6f41494215d30ba810cf
io.github.thearchitect123	kmpEssentials-tvosarm64	1.4.0		N/A
io.github.thearchitect123	kmpEssentials-tvosarm64	1.4.0	metadata	d8fe42004232109475aa6f41494215d30ba810cf
io.github.thearchitect123	kmpEssentials-tvosarm64	1.4.1		N/A
io.github.thearchitect123	kmpEssentials-tvosarm64	1.4.1	metadata	d8fe42004232109475aa6f41494215d30ba810cf
io.github.thearchitect123	kmpEssentials-tvosarm64	1.4.2		N/A
io.github.thearchitect123	kmpEssentials-tvosarm64	1.4.2	metadata	a3488ae86dc4e8f736f3edc51c3157e668e89263
io.github.thearchitect123	kmpEssentials-tvosarm64	1.4.3		N/A
io.github.thearchitect123	kmpEssentials-tvosarm64	1.4.3	metadata	01deb5b9f387ad4e20d6b9497f9631e37391b9fd
io.github.thearchitect123	kmpEssentials-tvosarm64	1.4.4		N/A
io.github.thearchitect123	kmpEssentials-tvosarm64	1.4.4	metadata	01deb5b9f387ad4e20d6b9497f9631e37391b9fd
io.github.thearchitect123	kmpEssentials-tvosarm64	1.4.5		N/A
io.github.thearchitect123	kmpEssentials-tvosarm64	1.4.5	metadata	d1e310a0d398be916d6260ec645548a85722796a
io.github.thearchitect123	kmpEssentials-tvosarm64	1.4.6		N/A
io.github.thearchitect123	kmpEssentials-tvosarm64	1.4.6	metadata	472d9625f774850dd3b499d7a4241e996b78c95e
io.github.thearchitect123	kmpEssentials-tvosarm64	1.4.8		N/A
io.github.thearchitect123	kmpEssentials-tvosarm64	1.4.8	metadata	dec492abc22274d320fbbec4526892f4f189ae2f
io.github.thearchitect123	kmpEssentials-tvosarm64	1.4.9		N/A
io.github.thearchitect123	kmpEssentials-tvosarm64	1.4.9	metadata	7a3cf0d3c0afec8f9f49456f0114ea4730f48409
io.github.thearchitect123	kmpEssentials-tvosarm64	1.5.0		N/A
io.github.thearchitect123	kmpEssentials-tvosarm64	1.5.0	metadata	7a3cf0d3c0afec8f9f49456f0114ea4730f48409
io.github.thearchitect123	kmpEssentials-tvosarm64	1.5.1		N/A
io.github.thearchitect123	kmpEssentials-tvosarm64	1.5.1	metadata	7a3cf0d3c0afec8f9f49456f0114ea4730f48409
io.github.thearchitect123	kmpEssentials-tvosarm64	1.5.2		N/A
io.github.thearchitect123	kmpEssentials-tvosarm64	1.5.2	metadata	7a3cf0d3c0afec8f9f49456f0114ea4730f48409
io.github.thearchitect123	kmpEssentials-tvosarm64	1.5.3		N/A
io.github.thearchitect123	kmpEssentials-tvosarm64	1.5.3	metadata	7a3cf0d3c0afec8f9f49456f0114ea4730f48409
io.github.thearchitect123	kmpEssentials-tvosarm64	1.5.4		N/A
io.github.thearchitect123	kmpEssentials-tvosarm64	1.5.4	metadata	7a3cf0d3c0afec8f9f49456f0114ea4730f48409
io.github.thearchitect123	kmpEssentials-tvosarm64	1.5.5		N/A
io.github.thearchitect123	kmpEssentials-tvosarm64	1.5.5	metadata	472033625d7d6e62e54791d0d3f3f0984d903ef0
io.github.thearchitect123	kmpEssentials-tvosarm64	1.5.6		N/A
io.github.thearchitect123	kmpEssentials-tvosarm64	1.5.6	metadata	bd8d1b6cf2b350394610d67eefd693aae2fd0079
io.github.thearchitect123	kmpEssentials-tvosarm64	1.5.7		N/A
io.github.thearchitect123	kmpEssentials-tvosarm64	1.5.7	metadata	bd8d1b6cf2b350394610d67eefd693aae2fd0079
io.github.thearchitect123	kmpEssentials-tvosarm64	1.5.8		N/A
io.github.thearchitect123	kmpEssentials-tvosarm64	1.5.8	metadata	bd8d1b6cf2b350394610d67eefd693aae2fd0079
io.github.thearchitect123	kmpEssentials-tvosarm64	1.5.9		N/A
io.github.thearchitect123	kmpEssentials-tvosarm64	1.5.9	metadata	d97c0a69c6cb43d98a99354cd0bc5ae91a03b61b
io.github.thearchitect123	kmpEssentials-tvosarm64	1.6.0		N/A
io.github.thearchitect123	kmpEssentials-tvosarm64	1.6.0	metadata	a3da9d37e42f829b9efe2de4889dda8f0d23a087
io.github.thearchitect123	kmpEssentials-tvosarm64	1.6.1		N/A
io.github.thearchitect123	kmpEssentials-tvosarm64	1.6.1	metadata	a3da9d37e42f829b9efe2de4889dda8f0d23a087
io.github.thearchitect123	kmpEssentials-tvosarm64	1.6.3		N/A
io.github.thearchitect123	kmpEssentials-tvosarm64	1.6.3	metadata	240e865b453531030eec65ae5e886255c0f405e6
io.github.thearchitect123	kmpEssentials-tvosarm64	1.6.4		N/A
io.github.thearchitect123	kmpEssentials-tvosarm64	1.6.4	metadata	3df24e5fcf9b15691cbff0aaba2de3fa2bcadf2a
io.github.thearchitect123	kmpEssentials-tvosarm64	1.6.5		N/A
io.github.thearchitect123	kmpEssentials-tvosarm64	1.6.5	metadata	abbeacf494fa9ca0107a51161365a9a63d0ed470
io.github.thearchitect123	kmpEssentials-tvosarm64	1.6.6		N/A
io.github.thearchitect123	kmpEssentials-tvosarm64	1.6.6	metadata	4c4bd23bc09c1af09e60c4f7d608993b0eb7cec1
io.github.thearchitect123	kmpEssentials-tvosarm64	1.6.7		N/A
io.github.thearchitect123	kmpEssentials-tvosarm64	1.6.7	metadata	54effa73ecd22f0df6a0392ee5e910ac2630b7b2
io.github.thearchitect123	kmpEssentials-tvosarm64	1.6.9		N/A
io.github.thearchitect123	kmpEssentials-tvosarm64	1.6.9	metadata	4bc2396ba842e0f968a14c6130961138475080fb
io.github.thearchitect123	kmpEssentials-tvosarm64	1.7.0		N/A
io.github.thearchitect123	kmpEssentials-tvosarm64	1.7.0	metadata	17fd603a57992faf254c0e0a1d0bb9a3588b4058
io.github.thearchitect123	kmpEssentials-tvosarm64	1.7.1		N/A
io.github.thearchitect123	kmpEssentials-tvosarm64	1.7.1	metadata	17fd603a57992faf254c0e0a1d0bb9a3588b4058
io.github.thearchitect123	kmpEssentials-tvosarm64	1.7.2		N/A
io.github.thearchitect123	kmpEssentials-tvosarm64	1.7.2	metadata	17fd603a57992faf254c0e0a1d0bb9a3588b4058
io.github.thearchitect123	kmpEssentials-tvosarm64	1.7.3		N/A
io.github.thearchitect123	kmpEssentials-tvosarm64	1.7.3	metadata	5468ccec467a968220b3d2910540b2fecef35e6c
io.github.thearchitect123	kmpEssentials-tvosarm64	1.7.5		N/A
io.github.thearchitect123	kmpEssentials-tvosarm64	1.7.5	metadata	1c3e89794f83fb83bd9b4356baa25d16fc77df58
io.github.thearchitect123	kmpEssentials-tvosarm64	1.7.6		N/A
io.github.thearchitect123	kmpEssentials-tvosarm64	1.7.6	metadata	1c3e89794f83fb83bd9b4356baa25d16fc77df58
io.github.thearchitect123	kmpEssentials-tvosarm64	1.7.8		N/A
io.github.thearchitect123	kmpEssentials-tvosarm64	1.7.8	metadata	8e28c355b41bf9f15b29012bf12708f357fb7c50
io.github.thearchitect123	kmpEssentials-tvosarm64	1.7.9		N/A
io.github.thearchitect123	kmpEssentials-tvosarm64	1.7.9	metadata	8e28c355b41bf9f15b29012bf12708f357fb7c50
io.github.thearchitect123	kmpEssentials-tvosarm64	1.8.0		N/A
io.github.thearchitect123	kmpEssentials-tvosarm64	1.8.0	metadata	4f235491b916aa4ba894ce0798879b94ad7e1b08
io.github.thearchitect123	kmpEssentials-tvosarm64	1.8.1		N/A
io.github.thearchitect123	kmpEssentials-tvosarm64	1.8.1	metadata	4f235491b916aa4ba894ce0798879b94ad7e1b08
io.github.thearchitect123	kmpEssentials-tvosarm64	1.8.2		N/A
io.github.thearchitect123	kmpEssentials-tvosarm64	1.8.2	metadata	4f235491b916aa4ba894ce0798879b94ad7e1b08
io.github.thearchitect123	kmpEssentials-tvosarm64	1.8.4		N/A
io.github.thearchitect123	kmpEssentials-tvosarm64	1.8.4	metadata	4f235491b916aa4ba894ce0798879b94ad7e1b08
io.github.thearchitect123	kmpEssentials-tvosarm64	1.8.5		N/A
io.github.thearchitect123	kmpEssentials-tvosarm64	1.8.5	metadata	4f235491b916aa4ba894ce0798879b94ad7e1b08
io.github.thearchitect123	kmpEssentials-tvosarm64	1.8.7		N/A
io.github.thearchitect123	kmpEssentials-tvosarm64	1.8.7	metadata	632dd593585be2daf45f62daa61b85ad9e2e92f9
io.github.thearchitect123	kmpEssentials-tvosarm64	1.8.8		N/A
io.github.thearchitect123	kmpEssentials-tvosarm64	1.8.8	metadata	b9087625a212f77a46383fd0ee376706caf69acf
io.github.thearchitect123	kmpEssentials-tvosarm64	1.8.9		N/A
io.github.thearchitect123	kmpEssentials-tvosarm64	1.8.9	metadata	44bb3f68e4456920fd01c99e42b255aa0e1ab96c
io.github.thearchitect123	kmpEssentials-tvosarm64	1.9.0		N/A
io.github.thearchitect123	kmpEssentials-tvosarm64	1.9.0	metadata	44bb3f68e4456920fd01c99e42b255aa0e1ab96c
io.github.thearchitect123	kmpEssentials-tvosarm64	1.9.1		N/A
io.github.thearchitect123	kmpEssentials-tvosarm64	1.9.1	metadata	44bb3f68e4456920fd01c99e42b255aa0e1ab96c
io.github.thearchitect123	kmpEssentials-tvosarm64	1.9.2		N/A
io.github.thearchitect123	kmpEssentials-tvosarm64	1.9.2	metadata	0e77813a6c9b3d654fd55d33c62bf3660b842498
io.github.thearchitect123	kmpEssentials-tvosarm64	1.9.3		N/A
io.github.thearchitect123	kmpEssentials-tvosarm64	1.9.3	metadata	0e77813a6c9b3d654fd55d33c62bf3660b842498
io.github.thearchitect123	kmpEssentials-tvosarm64	1.9.4		N/A
io.github.thearchitect123	kmpEssentials-tvosarm64	1.9.4	metadata	9fa5ae7956e31218d6aefd400c7966659e5f6195
io.github.thearchitect123	kmpEssentials-tvosarm64	1.9.5		N/A
io.github.thearchitect123	kmpEssentials-tvosarm64	1.9.5	metadata	e1506294fa5eb0ab66b054cc9881429643c5bf1b
io.github.thearchitect123	kmpEssentials-tvosarm64	1.9.6		N/A
io.github.thearchitect123	kmpEssentials-tvosarm64	1.9.6	metadata	7401c0d63d5ef6dc3a10e73e983ce4933956d079
io.github.thearchitect123	kmpEssentials-tvosarm64	1.9.7		N/A
io.github.thearchitect123	kmpEssentials-tvosarm64	1.9.7	metadata	7f52ccfad456ff7dadfcfc58f150ab8ca909b378
io.github.thearchitect123	kmpEssentials-tvosarm64	1.9.8		N/A
io.github.thearchitect123	kmpEssentials-tvosarm64	1.9.8	metadata	7f52ccfad456ff7dadfcfc58f150ab8ca909b378
io.github.thearchitect123	kmpEssentials-tvosarm64	1.9.9		N/A
io.github.thearchitect123	kmpEssentials-tvosarm64	1.9.9	metadata	7f52ccfad456ff7dadfcfc58f150ab8ca909b378
io.github.thearchitect123	kmpEssentials-tvosarm64	2.0.0		N/A
io.github.thearchitect123	kmpEssentials-tvosarm64	2.0.0	metadata	592444c9027d7b1ccc220d51f9db95e1d39e3522
io.github.thearchitect123	kmpEssentials-tvosarm64	2.0.1		N/A
io.github.thearchitect123	kmpEssentials-tvosarm64	2.0.1	metadata	592444c9027d7b1ccc220d51f9db95e1d39e3522
io.github.thearchitect123	kmpEssentials-tvosarm64	2.0.2		N/A
io.github.thearchitect123	kmpEssentials-tvosarm64	2.0.2	metadata	592444c9027d7b1ccc220d51f9db95e1d39e3522
io.github.thearchitect123	kmpEssentials-tvosarm64	2.0.3		N/A
io.github.thearchitect123	kmpEssentials-tvosarm64	2.0.3	metadata	1caf98ee42e40c3a1e637a0bb7b65a840bba69dd
io.github.thearchitect123	kmpEssentials-tvosarm64	2.0.4		N/A
io.github.thearchitect123	kmpEssentials-tvosarm64	2.0.4	metadata	1caf98ee42e40c3a1e637a0bb7b65a840bba69dd
io.github.thearchitect123	kmpEssentials-tvosarm64	2.0.5		N/A
io.github.thearchitect123	kmpEssentials-tvosarm64	2.0.5	metadata	61e05b02a2e38b63a554c2ab3bc3d0bf8135f31f
io.github.thearchitect123	kmpEssentials-tvosarm64	2.0.6		N/A
io.github.thearchitect123	kmpEssentials-tvosarm64	2.0.6	metadata	03d9a6df459dd39caff050c2604a65320b9adb9c
io.github.thearchitect123	kmpEssentials-tvosarm64	2.0.7		N/A
io.github.thearchitect123	kmpEssentials-tvosarm64	2.0.7	metadata	03d9a6df459dd39caff050c2604a65320b9adb9c
io.github.thearchitect123	kmpEssentials-tvosarm64	2.0.8		N/A
io.github.thearchitect123	kmpEssentials-tvosarm64	2.0.8	metadata	03d9a6df459dd39caff050c2604a65320b9adb9c
io.github.thearchitect123	kmpEssentials-tvosarm64	2.0.9		N/A
io.github.thearchitect123	kmpEssentials-tvosarm64	2.0.9	metadata	03d9a6df459dd39caff050c2604a65320b9adb9c
io.github.thearchitect123	kmpEssentials-tvosarm64	2.1.0		N/A
io.github.thearchitect123	kmpEssentials-tvosarm64	2.1.0	metadata	03d9a6df459dd39caff050c2604a65320b9adb9c
io.github.thearchitect123	kmpEssentials-tvosarm64	2.1.1		N/A
io.github.thearchitect123	kmpEssentials-tvosarm64	2.1.1	metadata	03d9a6df459dd39caff050c2604a65320b9adb9c
io.github.thearchitect123	kmpEssentials-tvosarm64	2.1.2		N/A
io.github.thearchitect123	kmpEssentials-tvosarm64	2.1.2	metadata	03d9a6df459dd39caff050c2604a65320b9adb9c
io.github.thearchitect123	kmpEssentials-tvosarm64	2.1.3		N/A
io.github.thearchitect123	kmpEssentials-tvosarm64	2.1.3	metadata	803c5f445fd2ae10395b3248b56de281fbf53cad
io.github.thearchitect123	kmpEssentials-tvosarm64	2.1.4		N/A
io.github.thearchitect123	kmpEssentials-tvosarm64	2.1.4	metadata	803c5f445fd2ae10395b3248b56de281fbf53cad
io.github.thearchitect123	kmpEssentials-tvosarm64	2.1.5		N/A
io.github.thearchitect123	kmpEssentials-tvosarm64	2.1.5	metadata	803c5f445fd2ae10395b3248b56de281fbf53cad
io.github.thearchitect123	kmpEssentials-tvosarm64	2.1.7		N/A
io.github.thearchitect123	kmpEssentials-tvosarm64	2.1.7	metadata	bfea1a0ba83093fc81b0a910a3b9f8e04b7de807
io.github.thearchitect123	kmpEssentials-tvosarm64	2.1.8		N/A
io.github.thearchitect123	kmpEssentials-tvosarm64	2.1.8	metadata	d7dc9b90e1a7d60ef353c611b7b4ce8f6131f993
io.github.thearchitect123	kmpEssentials-tvosarm64	2.1.9		N/A
io.github.thearchitect123	kmpEssentials-tvosarm64	2.1.9	metadata	f96cf60a269f3255cf0bc17f8abbb18aa08eaf60
io.github.thearchitect123	kmpEssentials-tvosarm64	2.2.0		N/A
io.github.thearchitect123	kmpEssentials-tvosarm64	2.2.0	metadata	3ea2d06066085752357fd1a15fe2d4e008c45511
io.github.thearchitect123	kmpEssentials-tvosarm64	2.2.1		N/A
io.github.thearchitect123	kmpEssentials-tvosarm64	2.2.1	metadata	3ea2d06066085752357fd1a15fe2d4e008c45511
io.github.thearchitect123	kmpEssentials-tvosarm64	2.2.5		N/A
io.github.thearchitect123	kmpEssentials-tvosarm64	2.2.5	metadata	8a4e9f4b106c86342305c8afa3c5be5f6789ad46
io.github.thearchitect123	kmpEssentials-tvosarm64	2.2.6		N/A
io.github.thearchitect123	kmpEssentials-tvosarm64	2.2.6	metadata	8a4e9f4b106c86342305c8afa3c5be5f6789ad46
io.github.thearchitect123	kmpEssentials-tvosarm64	2.2.7		N/A
io.github.thearchitect123	kmpEssentials-tvosarm64	2.2.7	metadata	8a4e9f4b106c86342305c8afa3c5be5f6789ad46
io.github.thearchitect123	kmpEssentials-tvosarm64	2.2.8		N/A
io.github.thearchitect123	kmpEssentials-tvosarm64	2.2.8	metadata	f1a8935cc56a94c83287b935d2e9f5479477d8ed
io.github.thearchitect123	kmpEssentials-tvosarm64	2.2.9		N/A
io.github.thearchitect123	kmpEssentials-tvosarm64	2.2.9	metadata	f1a8935cc56a94c83287b935d2e9f5479477d8ed
io.github.thearchitect123	kmpEssentials-tvosarm64	2.3.0		N/A
io.github.thearchitect123	kmpEssentials-tvosarm64	2.3.0	metadata	ba672b2b1f12c281033da6d596c8bfdc23882eaf
io.github.thearchitect123	kmpEssentials-tvosarm64	2.3.1		N/A
io.github.thearchitect123	kmpEssentials-tvosarm64	2.3.1	metadata	ba672b2b1f12c281033da6d596c8bfdc23882eaf
io.github.zrun1024	zrun-commons-job	0.0.1		026b9b60cbf0114db3e3345445622f012716442a
io.github.zrun1024	zrun-commons-job	0.0.3		2c947a40701bd8c2e973ce4a667fabef28dad1b2
io.github.zrun1024	zrun-commons-job	0.0.3-RELEASE		b67c547d63ae21b31a0cf777626987bb46aac77d
io.github.zrun1024	zrun-commons-job	0.0.5		c5f116c136eb1eb61aeda7569e50d965321893fe
io.github.zrun1024	zrun-commons-job	0.1.1		af7ae401698ce99ed9198c7b100da16bd2184586
io.github.zrun1024	zrun-commons-job	1.1		82275269141fdf89c10f8664d76d230f429f73a5
io.github.zrun1024	zrun-commons-job	1.2		f2f23013645b9496e71e18e6898214496f66fc8c
io.github.zrun1024	zrun-commons-job	1.3		57d96552e109d978cd67862f7bd6d8103aae080a
io.github.zrun1024	zrun-commons-job	1.3.1		9be07f0996e0a12ee78b51614ca1582a9fe7cedb
io.github.zrun1024	zrun-commons-job	1.3.2		705c24084f9cc326fc98fbaa2ec92263bb0450d6
io.github.zrun1024	zrun-commons-job	1.3.3		4059111941b40d9fd002814c068931264f078437
io.github.zrun1024	zrun-commons-job	1.3.4		091f0ad1a230ffd5cc426f43c4797c4bdd56e358
io.github.zrun1024	zrun-commons-job	1.3.5		56e59fdfd28ecf8737561f97badbe7dbd6c7b0d5
io.github.zrun1024	zrun-commons-job	1.3.6		db0f555982034ceffce652cbfe4fa5e183cea14a
io.github.zrun1024	zrun-commons-job	1.3.7		6d7ebd60b6aa0545cdf614c5522d16135977a644
io.github.zrun1024	zrun-commons-job	1.3.8		909e795f56c8bd453f9166220dc92d63423a38b1
io.github.zrun1024	zrun-commons-job	1.3.9		fd37daedf8340896fd882d6e71436b1bd2286450
io.matthewnelson.kotlin-components	encoding-base64-androidnativex86	1.1.4		N/A
io.matthewnelson.kotlin-components	encoding-base64-androidnativex86	1.1.5		N/A
io.matthewnelson.kotlin-components	encoding-base64-androidnativex86	1.2.0		N/A
io.matthewnelson.kotlin-components	encoding-base64-androidnativex86	1.2.1		N/A
io.matthewnelson.kotlin-components	encoding-base64-androidnativex86	1.2.2		N/A
io.matthewnelson.kotlin-components	encoding-base64-androidnativex86	1.2.3		N/A
io.matthewnelson.kotlin-components	encoding-core-androidnativex86	1.2.0		N/A
io.matthewnelson.kotlin-components	encoding-core-androidnativex86	1.2.1		N/A
io.matthewnelson.kotlin-components	encoding-core-androidnativex86	1.2.2		N/A
io.matthewnelson.kotlin-components	encoding-core-androidnativex86	1.2.3		N/A
io.robe	robe-parent	0.4.5.2		N/A
io.robe	robe-parent	0.4.5.3		N/A
io.robe	robe-parent	0.4.5.4		N/A
io.robe	robe-parent	0.4.5.5		N/A
io.robe	robe-parent	0.5.0.0		N/A
io.robe	robe-parent	0.5.0.0-1001		N/A
io.robe	robe-parent	0.5.0.0-1002		N/A
io.robe	robe-parent	0.5.0.0-1003		N/A
io.robe	robe-parent	0.5.0.0-1004		N/A
io.robe	robe-parent	0.5.0.0-1005		N/A
io.robe	robe-parent	0.5.0.0-1006		N/A
io.robe	robe-parent	0.5.0.0-1007		N/A
io.robe	robe-parent	0.5.0.0-1008		N/A
io.robe	robe-parent	0.5.0.0-1009		N/A
io.robe	robe-parent	0.5.0.0-1010		N/A
io.robe	robe-parent	0.5.0.0-1011		N/A
io.robe	robe-parent	0.5.0.0-1012		N/A
io.robe	robe-parent	0.5.0.0-1013		N/A
io.robe	robe-parent	0.5.0.0-1014		N/A
io.robe	robe-parent	0.5.0.0-1015		N/A
io.robe	robe-parent	0.5.0.0-1016		N/A
io.robe	robe-parent	0.5.0.0-1017		N/A
io.robe	robe-parent	0.5.0.0-1018		N/A
io.robe	robe-parent	0.5.0.0-1019		N/A
io.robe	robe-parent	0.5.0.0-1020		N/A
io.robe	robe-parent	0.5.0.0-1021		N/A
io.robe	robe-parent	0.5.0.0-1022		N/A
io.robe	robe-parent	0.5.0.0-1023		N/A
io.robe	robe-parent	0.5.0.0-1024		N/A
io.robe	robe-parent	0.5.0.0-1025		N/A
io.robe	robe-parent	0.5.0.0-1026		N/A
io.robe	robe-parent	0.5.0.0-1027		N/A
io.robe	robe-parent	0.5.0.0-1028		N/A
io.robe	robe-parent	0.5.0.0-1029		N/A
io.robe	robe-parent	0.5.0.0-1030		N/A
io.robe	robe-parent	0.5.0.0-1031		N/A
io.robe	robe-parent	0.5.0.0-1032		N/A
io.robe	robe-parent	0.5.0.0-1033		N/A
io.robe	robe-parent	0.5.0.0-1034		N/A
io.robe	robe-parent	0.5.0.0-1035		N/A
io.robe	robe-parent	0.5.0.0-1036		N/A
io.robe	robe-parent	0.5.0.0-1037		N/A
io.robe	robe-parent	0.5.0.0-1038		N/A
io.robe	robe-parent	0.5.0.0-1039		N/A
love.forte.simbot.util	simbot-util-stage-loop-watchosdevicearm64	3.0.0		N/A
love.forte.simbot.util	simbot-util-stage-loop-watchosdevicearm64	3.0.0	metadata	d63940bf038392a3fe959019b21034cf2112c01d
love.forte.simbot.util	simbot-util-stage-loop-watchosdevicearm64	3.0.0-RC.2		N/A
love.forte.simbot.util	simbot-util-stage-loop-watchosdevicearm64	3.0.0-RC.2	metadata	fc473e552b55f98f154f9c81ad7f81d1a7e9c2a9
love.forte.simbot.util	simbot-util-stage-loop-watchosdevicearm64	3.0.0-RC.3		N/A
love.forte.simbot.util	simbot-util-stage-loop-watchosdevicearm64	3.0.0-RC.3	metadata	fe147b655d45e32bc1b7f1610a8ce656fe0b1967
love.forte.simbot.util	simbot-util-stage-loop-watchosdevicearm64	3.1.0		N/A
love.forte.simbot.util	simbot-util-stage-loop-watchosdevicearm64	3.1.0	metadata	3905b12fecd7417706438af760959a4ea6e64f4d
love.forte.simbot.util	simbot-util-stage-loop-watchosdevicearm64	3.2.0		N/A
love.forte.simbot.util	simbot-util-stage-loop-watchosdevicearm64	3.2.0	metadata	8fdcb2bdf8935738578c4fe167c128a4d4dae3d3
love.forte.simbot.util	simbot-util-stage-loop-watchosdevicearm64	3.3.0		N/A
love.forte.simbot.util	simbot-util-stage-loop-watchosdevicearm64	3.3.0	metadata	222b4099dd40069b1dbdc00762584b1d74ec4a00
love.forte.simbot.util	simbot-util-stage-loop-watchosdevicearm64	3.3.0-beta1		N/A
love.forte.simbot.util	simbot-util-stage-loop-watchosdevicearm64	3.3.0-beta1	metadata	a42da353f2b84c39c1658851c0feee669995fbe1
net.nan21.dnet	nan21.dnet.core.extjs.lib	1.0.3		85c9f54de1a07c70f562e55112968ab4342715e2
net.nan21.dnet	nan21.dnet.core.extjs.lib	1.0.4		6aac277e4b8588a14f0926393e4a3d8fd208f367
net.nan21.dnet	nan21.dnet.core.extjs.lib	1.0.5		7bcab76134002c75640eb79bf2da96bd5cd076d2
net.nan21.dnet	nan21.dnet.core.extjs.lib	1.0.6		687932d02dea6b02a63c3af51ccec66801a56bcf
no.finn.search	solr-integrationtest-support	7.0		e03a2e7c912a488016bf91c24f1a7ead554c4b59
no.finn.search	solr-integrationtest-support	7.1.2		6d87dbcb053e8168b4da3eb4e361b2f8043db728
no.finn.search	solr-integrationtest-support	7.1.3		181daf3745085a3860f102b4d0d760a071466c91
no.finn.search	solr-integrationtest-support	7.1.4		0693f11ad08bbfe946cee9d9322e01fc90a545eb
no.finn.search	solr-integrationtest-support	7.1.7		bf058e5b169f7490bfae7a8a8537cb3162fb7667
org.aksw.jenax	jenax-arq-functions	4.4.0-1		96df2d2872e83d8d9fae8c573122c17712a89e1b
org.aksw.jenax	jenax-arq-functions	4.4.0-2		bb9d9a3fd9423e4fdc8dcb5c833fa11717c54c23
org.aksw.jenax	jenax-arq-functions	4.8.0-1		7fb8696221931ac6475da0f7ee76c82a4672cbf4
org.aksw.jenax	jenax-arq-functions	4.8.0-2		467219fcafa67f2e78b873ace5a140773d73b4d7
org.aksw.jenax	jenax-arq-functions	4.9.0-1		9cc654f8f6baabba2f06a671e6aac45fcb30a0ab
org.aksw.jenax	jenax-arq-functions	5.0.0-1		8042311ce701da00c6da22946557ddeef7589e9b
org.aksw.jenax	jenax-arq-functions	5.2.0-1		9b493adfd3100f91281e32735f651789b8566f7e
org.apache.camel	camel-google-parent	3.10.0		N/A
org.apache.camel	camel-google-parent	3.11.0		N/A
org.apache.camel	camel-google-parent	3.11.1		N/A
org.apache.camel	camel-google-parent	3.11.2		N/A
org.apache.camel	camel-google-parent	3.11.3		N/A
org.apache.camel	camel-google-parent	3.11.4		N/A
org.apache.camel	camel-google-parent	3.11.5		N/A
org.apache.camel	camel-google-parent	3.11.6		N/A
org.apache.camel	camel-google-parent	3.11.7		N/A
org.apache.camel	camel-google-parent	3.12.0		N/A
org.apache.camel	camel-google-parent	3.13.0		N/A
org.apache.camel	camel-google-parent	3.14.0		N/A
org.apache.camel	camel-google-parent	3.14.1		N/A
org.apache.camel	camel-google-parent	3.14.10		N/A
org.apache.camel	camel-google-parent	3.14.2		N/A
org.apache.camel	camel-google-parent	3.14.3		N/A
org.apache.camel	camel-google-parent	3.14.4		N/A
org.apache.camel	camel-google-parent	3.14.5		N/A
org.apache.camel	camel-google-parent	3.14.6		N/A
org.apache.camel	camel-google-parent	3.14.7		N/A
org.apache.camel	camel-google-parent	3.14.8		N/A
org.apache.camel	camel-google-parent	3.14.9		N/A
org.apache.camel	camel-google-parent	3.15.0		N/A
org.apache.camel	camel-google-parent	3.16.0		N/A
org.apache.camel	camel-google-parent	3.17.0		N/A
org.apache.camel	camel-google-parent	3.18.0		N/A
org.apache.camel	camel-google-parent	3.18.1		N/A
org.apache.camel	camel-google-parent	3.18.2		N/A
org.apache.camel	camel-google-parent	3.18.3		N/A
org.apache.camel	camel-google-parent	3.18.4		N/A
org.apache.camel	camel-google-parent	3.18.5		N/A
org.apache.camel	camel-google-parent	3.18.6		N/A
org.apache.camel	camel-google-parent	3.18.7		N/A
org.apache.camel	camel-google-parent	3.18.8		N/A
org.apache.camel	camel-google-parent	3.19.0		N/A
org.apache.camel	camel-google-parent	3.20.0		N/A
org.apache.camel	camel-google-parent	3.20.1		N/A
org.apache.camel	camel-google-parent	3.20.2		N/A
org.apache.camel	camel-google-parent	3.20.3		N/A
org.apache.camel	camel-google-parent	3.20.4		N/A
org.apache.camel	camel-google-parent	3.20.5		N/A
org.apache.camel	camel-google-parent	3.20.6		N/A
org.apache.camel	camel-google-parent	3.20.7		N/A
org.apache.camel	camel-google-parent	3.20.8		N/A
org.apache.camel	camel-google-parent	3.20.9		N/A
org.apache.camel	camel-google-parent	3.21.0		N/A
org.apache.camel	camel-google-parent	3.21.1		N/A
org.apache.camel	camel-google-parent	3.21.2		N/A
org.apache.camel	camel-google-parent	3.21.3		N/A
org.apache.camel	camel-google-parent	3.21.4		N/A
org.apache.camel	camel-google-parent	3.21.5		N/A
org.apache.camel	camel-google-parent	3.22.0		N/A
org.apache.camel	camel-google-parent	3.22.1		N/A
org.apache.camel	camel-google-parent	3.22.2		N/A
org.apache.camel	camel-google-parent	3.22.3		N/A
org.apache.camel	camel-google-parent	3.22.4		N/A
org.apache.camel	camel-google-parent	3.9.0		N/A
org.apache.camel	camel-google-parent	4.0.0		N/A
org.apache.camel	camel-google-parent	4.0.0-M1		N/A
org.apache.camel	camel-google-parent	4.0.0-M2		N/A
org.apache.camel	camel-google-parent	4.0.0-M3		N/A
org.apache.camel	camel-google-parent	4.0.0-RC1		N/A
org.apache.camel	camel-google-parent	4.0.0-RC2		N/A
org.apache.camel	camel-google-parent	4.0.1		N/A
org.apache.camel	camel-google-parent	4.0.2		N/A
org.apache.camel	camel-google-parent	4.0.3		N/A
org.apache.camel	camel-google-parent	4.0.4		N/A
org.apache.camel	camel-google-parent	4.0.5		N/A
org.apache.camel	camel-google-parent	4.0.6		N/A
org.apache.camel	camel-google-parent	4.1.0		N/A
org.apache.camel	camel-google-parent	4.10.0		N/A
org.apache.camel	camel-google-parent	4.10.1		N/A
org.apache.camel	camel-google-parent	4.10.2		N/A
org.apache.camel	camel-google-parent	4.10.3		N/A
org.apache.camel	camel-google-parent	4.10.4		N/A
org.apache.camel	camel-google-parent	4.11.0		N/A
org.apache.camel	camel-google-parent	4.2.0		N/A
org.apache.camel	camel-google-parent	4.3.0		N/A
org.apache.camel	camel-google-parent	4.4.0		N/A
org.apache.camel	camel-google-parent	4.4.1		N/A
org.apache.camel	camel-google-parent	4.4.2		N/A
org.apache.camel	camel-google-parent	4.4.3		N/A
org.apache.camel	camel-google-parent	4.4.4		N/A
org.apache.camel	camel-google-parent	4.4.5		N/A
org.apache.camel	camel-google-parent	4.5.0		N/A
org.apache.camel	camel-google-parent	4.6.0		N/A
org.apache.camel	camel-google-parent	4.7.0		N/A
org.apache.camel	camel-google-parent	4.8.0		N/A
org.apache.camel	camel-google-parent	4.8.1		N/A
org.apache.camel	camel-google-parent	4.8.2		N/A
org.apache.camel	camel-google-parent	4.8.3		N/A
org.apache.camel	camel-google-parent	4.8.4		N/A
org.apache.camel	camel-google-parent	4.8.5		N/A
org.apache.camel	camel-google-parent	4.8.6		N/A
org.apache.camel	camel-google-parent	4.9.0		N/A
org.apache.camel	camel-pubnub-starter	2.19.0		3b79f75094a7efbb5f5cff5c762bb56538537435
org.apache.camel	camel-pubnub-starter	2.19.1		8f7596078f758318c1640a6432c5770db2fe4672
org.apache.camel	camel-pubnub-starter	2.19.2		9d6a81d0a8284500fcea3ed8408f5fc054f0599d
org.apache.camel	camel-pubnub-starter	2.19.3		9db86496d351be3de127e9fa4d9456047b42f1f0
org.apache.camel	camel-pubnub-starter	2.19.4		b4c0151871a3947345575b0b4f0a64ffd0d0032d
org.apache.camel	camel-pubnub-starter	2.19.5		dc0764ef10c0e29cc46aaf45a00415d7c0eb71f6
org.apache.camel	camel-pubnub-starter	2.20.0		2cb1b3085c937e3166a1596895cbde408ecf39cf
org.apache.camel	camel-pubnub-starter	2.20.1		686f2bd0e895d96761faab207119e30be9d18be6
org.apache.camel	camel-pubnub-starter	2.20.2		e9eb312cfb0862eb71ae17afdbfda8dfff7bae8b
org.apache.camel	camel-pubnub-starter	2.20.3		692e3f43b8da0241436d60ba58607734b22b9caf
org.apache.camel	camel-pubnub-starter	2.20.4		f63025de5610d2af14e139a66cbcd5ef04a957e4
org.apache.camel	camel-pubnub-starter	2.21.0		66dc598e2881eb31d3045ca2efb0d9289227a8d1
org.apache.camel	camel-pubnub-starter	2.21.1		e02e48cef877daab3f81c9d7d9d01b61c67b0db1
org.apache.camel	camel-pubnub-starter	2.21.2		5162b6fd54cc374ae4e30c7c673ed8073d487079
org.apache.camel	camel-pubnub-starter	2.21.3		175b16ef5ce0a4dcd1869f2c989239ad96d40463
org.apache.camel	camel-pubnub-starter	2.21.4		780548396ba182acecd0ec0b99f0524103b999d7
org.apache.camel	camel-pubnub-starter	2.21.5		763ba420ba71cbf0d83c369ee4f3d5b04bb95e22
org.apache.camel	camel-pubnub-starter	2.22.0		23f05759f7ec732465a9640434aa9a324b75e67b
org.apache.camel	camel-pubnub-starter	2.22.1		9957cca0181829daf0344f146c38061a0cdfa48a
org.apache.camel	camel-pubnub-starter	2.22.2		7f6829f9c19331994fb83e9f6537088a46b8405e
org.apache.camel	camel-pubnub-starter	2.22.3		20b963a602daffe1183fb44d35fa83d6c5abcf33
org.apache.camel	camel-pubnub-starter	2.22.4		498b64d96effefc9b5901c4a6f79223a8a0d827b
org.apache.camel	camel-pubnub-starter	2.22.5		206f07ea69d440b4e9b2aa062e8e1bf44f57cdce
org.apache.camel	camel-pubnub-starter	2.23.0		48ba23e563111c5cd47edd4c01c44996f981045c
org.apache.camel	camel-pubnub-starter	2.23.1		cff941713c4802c42cc4f8a2f7b78f441fbbb472
org.apache.camel	camel-pubnub-starter	2.23.2		1d7594891d38c0d96265f78581d3d55f8fc831e0
org.apache.camel	camel-pubnub-starter	2.23.3		e35d7bd8d1b64fb21f82bfec5f7ea6a56df80a7f
org.apache.camel	camel-pubnub-starter	2.23.4		8430e134f7883a068e637d1ec8b04012766b9b21
org.apache.camel	camel-pubnub-starter	2.24.0		20ed80e9cdb20b00fe0e1b1ce469879781ff6d3d
org.apache.camel	camel-pubnub-starter	2.24.1		120851a6d41cbaccf0642f5454c0912af45f08be
org.apache.camel	camel-pubnub-starter	2.24.2		693ad6b8a8f498269e069b0cd6d82486ce43a1cf
org.apache.camel	camel-pubnub-starter	2.24.3		ac967446e09895c9ab994a55fb69be81dd101e60
org.apache.camel	camel-pubnub-starter	2.25.0		59d0a6c435922059b3b4006dfe05a747c8e15bd5
org.apache.camel	camel-pubnub-starter	2.25.1		64f8f880c9e63c7177488353c3abb3f3b6ebc8ba
org.apache.camel	camel-pubnub-starter	2.25.2		49ef54826dcbb32c756211141850ae214d8893fa
org.apache.camel	camel-pubnub-starter	2.25.3		cdd04d25d6c3a4b908420f9fc7487d2a92df2a50
org.apache.camel	camel-pubnub-starter	2.25.4		c9ece5347ba8b7cfc2d420ed88525868d44c962f
org.apache.camel	camel-pubnub-starter	3.0.0-M1		1be4d0b916e2050a7a8d8e6d9897c93f8086f909
org.apache.camel	camel-pubnub-starter	3.0.0-M2		eb3be847d40ec51d937f353ea6ffd13f65cb9212
org.apache.camel	camel-pubnub-starter	3.0.0-M3		6a45a3f807b0f1afbccd9e0c185466008799a43a
org.apache.camel	camel-pubnub-starter	3.0.0-M4		7e398976501f59f9e4f103ad2a1d26c75cbd5843
org.apache.camel	camel-pubnub-starter	3.0.0-RC1		7339b00325b294151eaeae30799c915a3676967c
org.apache.camel	camel-pubnub-starter	3.0.0-RC2		fe7cf36db9fb6bf1005a817a67fcb71ae3d36a13
org.apache.camel	camel-pubnub-starter	3.0.0-RC3		410a171bb97d844c4bfe0db1108af550824c3f1e
org.apache.camel.kafkaconnector	camel-ssh-source-kafka-connector	1.0.0		a6ae11a531e24c6665e7999ef0f60e49e9f67890
org.apache.camel.kafkaconnector	camel-ssh-source-kafka-connector	3.18.1		57500bb8c52c184e35dde2cae3d2ad4ce5eb80d8
org.apache.camel.kafkaconnector	camel-ssh-source-kafka-connector	3.18.2		8f0d50880994daa5809550363b149a066ec429e2
org.apache.camel.kafkaconnector	camel-ssh-source-kafka-connector	3.19.0		fb0fb4cea65bfc47d6dd9b814ecf800017187056
org.apache.camel.kafkaconnector	camel-ssh-source-kafka-connector	3.20.0		706f64c56a4e58c45d62fb34315822e074b5df0e
org.apache.camel.kafkaconnector	camel-ssh-source-kafka-connector	3.20.3		d74ecdb52562edf20cb6ea0dfcb9ccec33368f12
org.apache.camel.kafkaconnector	camel-ssh-source-kafka-connector	3.20.6		875e8b7f41d20e1ffdf4034b066fea8ddb561a86
org.apache.camel.kafkaconnector	camel-ssh-source-kafka-connector	3.21.0		4a030ffcd0b7da422e28c173315d514fbc0b8a6a
org.apache.camel.kafkaconnector	camel-ssh-source-kafka-connector	4.0.0		076dcbb5b416237c5df873d958328a634cd4fa00
org.apache.camel.kafkaconnector	camel-ssh-source-kafka-connector	4.0.3		770c30410cc3ebb4577817e3e3a4366708de872f
org.apache.camel.kafkaconnector	camel-ssh-source-kafka-connector	4.10.2		ac87ca138b9e84c1aa63bcc4bcd825efcad17ebc
org.apache.camel.kafkaconnector	camel-ssh-source-kafka-connector	4.10.3		b74b3177c2aaa0c4cb70f29b4c076b4bf8bcfdaf
org.apache.camel.kafkaconnector	camel-ssh-source-kafka-connector	4.11.0		c6a72d702d07c72f3d1adb19abcd9855e0047799
org.apache.camel.kafkaconnector	camel-ssh-source-kafka-connector	4.4.2		9af42ce0d7616189a288507c7e7a7202ba1247d8
org.apache.camel.kafkaconnector	camel-ssh-source-kafka-connector	4.4.3		038c2bdfcfc5960a134e1be0c29af3a555ca3d6d
org.apache.camel.kafkaconnector	camel-ssh-source-kafka-connector	4.8.0		c7cb5e814664bde6af9e65724bc21b606f78fe72
org.apache.camel.kafkaconnector	camel-ssh-source-kafka-connector	4.8.3		523ec87a027fda9db68115221fe549acbe4f6b2f
org.apache.camel.kafkaconnector	camel-ssh-source-kafka-connector	4.8.5		58031a474885134f1bb9e3091b64b08f030f333f
org.apache.helix	metrics-common	1.0.0		f3beb6356df38f1303b0b9721876de0e80c3c90a
org.apache.helix	metrics-common	1.0.1		aa8c5d335ec81b5b977c9d5b32a4545c2497014b
org.apache.helix	metrics-common	1.0.2		f96727d8f4f23a24622cf3b73c3fd0dd39d0747a
org.apache.helix	metrics-common	1.0.3		b1e312ab91e1c26c75f954368d100ab5226636b2
org.apache.helix	metrics-common	1.0.4		960d553c5e2c38eda90f1ae29906721c76286198
org.apache.helix	metrics-common	1.1.0		a020a7493d55754d852f0be9c4d15a50019cb204
org.apache.helix	metrics-common	1.2.0		a2346e6f031280cf3fd4b12903e98f237e732398
org.apache.helix	metrics-common	1.3.0		e51e411c20afb97d490b5fd14c766d8bd50572a7
org.apache.helix	metrics-common	1.3.1		490598330417a2e86184ce3d5024ab8d08dd05d2
org.apache.helix	metrics-common	1.4.0		2a228462ba3bf01256d31db282de33e891df5c4c
org.apache.helix	metrics-common	1.4.0	jdk8	c1510390f2e1973c02772cd2900fe7c772a13245
org.apache.helix	metrics-common	1.4.1		e1b056f337009dd8c80d031a7118c4dc5b19666f
org.apache.helix	metrics-common	1.4.1	jdk8	b465831ef0983a6035a18cbd33870e40a028844b
org.apache.helix	metrics-common	1.4.2		66027c819c9756161454d55098d942a0e50dc1a0
org.apache.helix	metrics-common	1.4.2	jdk8	5ed18146786ea515eeeb0190e7f7217dd3fcc538
org.apache.helix	metrics-common	1.4.3		b144613a0ce62ee3601cfd6a064c6e630ed8567f
org.apache.helix	metrics-common	1.4.3	jdk8	b13153ead79678ca448c9b3918453735b52fe14e
org.apache.hyracks	hyracks-documentation	0.2.16-incubating		e994f5a6ac9176f1f1142dad3e77f2fc5e646d9f
org.apache.inlong	sort-connector-pulsar	1.10.0		bd3472e08cc5cbf39cf520f0ea4683ef002f93b8
org.apache.inlong	sort-connector-pulsar	1.11.0		c5a88cdfe0e523e5fa41e1bd37dcb814bb8f7d71
org.apache.inlong	sort-connector-pulsar	1.12.0		07664f4dd76f46d5e3ad6b33c4220366316fc014
org.apache.inlong	sort-connector-pulsar	1.13.0		f1bddfa742f19675015e4f2af8ed289bdca80dfc
org.apache.inlong	sort-connector-pulsar	1.2.0-incubating		c8976fc3f2a347ad753c45a7d772fdd9e8db225c
org.apache.inlong	sort-connector-pulsar	1.3.0		3d0709d50096a098ff0c3ffaa2e65d3128bae85a
org.apache.inlong	sort-connector-pulsar	1.4.0		d910b307b3d80cb096c162bad396893755e9566e
org.apache.inlong	sort-connector-pulsar	1.5.0		ea8269a738d94262b06d6e0d00c1c51e156ac121
org.apache.inlong	sort-connector-pulsar	1.6.0		ce193421bfaabf3f18265af73aa2dd5489ea2fac
org.apache.inlong	sort-connector-pulsar	1.7.0		03b3adfe1c009d58d6e9769dd6cd0d70216377e8
org.apache.inlong	sort-connector-pulsar	1.9.0		7fc3822726ee45e0a0e03f4a3ade12ae9e0ea116
org.apache.inlong	sort-connector-pulsar	2.0.0		a98f817c50fe8a9b2b78e07c6f29aecc7b6c8d41
org.apache.inlong	sort-connector-pulsar	2.1.0		88e49ebc1fbf20078a017d58bf53edccd167ccdd
org.apache.sqoop	sqoop-security	1.99.5		8a6881ec4e68b33ac55fae59f7843187185bfc30
org.apache.sqoop	sqoop-security	1.99.6		50e2055fb21d2e86f87716b08401b6281dc721ba
org.apache.sqoop	sqoop-security	1.99.7		de74acefca92c36ab10c2009ac5fe2b16dd0b4bf
org.apidesign.bck2brwsr	ko-bck2brwsr	0.10		3216ac1fdba93e1f42dc706f167bab6a5ecb4a2b
org.apidesign.bck2brwsr	ko-bck2brwsr	0.11		87a283fdfc7e1eff1d831fcadcd7f29048b0ee0e
org.apidesign.bck2brwsr	ko-bck2brwsr	0.12		79e31d7e9652ff7b225b36956546276f1c719ab1
org.apidesign.bck2brwsr	ko-bck2brwsr	0.12	bck2brwsr	3991cde9aaf1308ba43cdac61c795c20bb1dba58
org.apidesign.bck2brwsr	ko-bck2brwsr	0.13		41515335f764cf3c9825ce6d9e5697bdd6d5d927
org.apidesign.bck2brwsr	ko-bck2brwsr	0.13	bck2brwsr	5adfe8867f5c92c92b607d0552cd348f741fe079
org.apidesign.bck2brwsr	ko-bck2brwsr	0.14		2f0303588712d0cd3c3807946fc2a15a75691ea4
org.apidesign.bck2brwsr	ko-bck2brwsr	0.14	bck2brwsr	48057f0f77d349eac9159dd83f6beaefa78c6512
org.apidesign.bck2brwsr	ko-bck2brwsr	0.15		f71857a7fabd6cf384379c119645b035c76568c3
org.apidesign.bck2brwsr	ko-bck2brwsr	0.15	bck2brwsr	40dc1be601b948c68bfde3096d332abc161d60ca
org.apidesign.bck2brwsr	ko-bck2brwsr	0.16		35713c3e1ed8107621557254f027e1e89024db44
org.apidesign.bck2brwsr	ko-bck2brwsr	0.16	bck2brwsr	ee453ab3c0db5452b4182e1de87b98fe4e09bb11
org.apidesign.bck2brwsr	ko-bck2brwsr	0.17		65092f4e88fb1617f60c2cfd6cc6c84aae1c445a
org.apidesign.bck2brwsr	ko-bck2brwsr	0.17	bck2brwsr	80c2c6f09208c9bad9339159d760c98ff24d83d9
org.apidesign.bck2brwsr	ko-bck2brwsr	0.18		8e38be49838299c4c3fbbb669946d4a88386de73
org.apidesign.bck2brwsr	ko-bck2brwsr	0.18	bck2brwsr	05b7b5b2985e7ee785114c6e435a4011ae5a84a0
org.apidesign.bck2brwsr	ko-bck2brwsr	0.19		a2ee4d3bd3bea964263c12b5c5bd4b0f1f6904f7
org.apidesign.bck2brwsr	ko-bck2brwsr	0.19	bck2brwsr	553a5427a99847c1359450730889a7701262ad02
org.apidesign.bck2brwsr	ko-bck2brwsr	0.20		671730a6c94d0a41cf9309ba96e3d41ee2492d86
org.apidesign.bck2brwsr	ko-bck2brwsr	0.20	bck2brwsr	6925fcd8d11fdab699e62510008e784d1b5490c5
org.apidesign.bck2brwsr	ko-bck2brwsr	0.21		9403c7d741c79da52ca7a033ee828f6fabc3535c
org.apidesign.bck2brwsr	ko-bck2brwsr	0.21	bck2brwsr	4e4d33a59635e14cc55753bb124e235c1259581b
org.apidesign.bck2brwsr	ko-bck2brwsr	0.22		b124691632afc36d634723b734d191b17cdaf595
org.apidesign.bck2brwsr	ko-bck2brwsr	0.22	bck2brwsr	8fa682dd40102f9178200ea771a3f764ce33d6e8
org.apidesign.bck2brwsr	ko-bck2brwsr	0.23		7cda8b167ad8bbe09f23b7c7af1bd1da5f3856f1
org.apidesign.bck2brwsr	ko-bck2brwsr	0.23	bck2brwsr	096dfef973a6a9bd438a90305662f1913ecdbd7d
org.apidesign.bck2brwsr	ko-bck2brwsr	0.30		8b5d256889f69d4111e0bc2221873c0f72f104f4
org.apidesign.bck2brwsr	ko-bck2brwsr	0.30	bck2brwsr	0d092c78895e0312db504dbd5403dc6d17af74ed
org.apidesign.bck2brwsr	ko-bck2brwsr	0.31		3bfb9023ff1263410d44edc347e9e5637cd38aaa
org.apidesign.bck2brwsr	ko-bck2brwsr	0.31	bck2brwsr	5ff247ff468be108cef8044cecf1f54c0a3918cf
org.apidesign.bck2brwsr	ko-bck2brwsr	0.32		8a8f68c93e92d323230f5fd9edf23cbc6f6b4b58
org.apidesign.bck2brwsr	ko-bck2brwsr	0.32	bck2brwsr	8e7f4ae88e6deff5cead39754c16005901089677
org.apidesign.bck2brwsr	ko-bck2brwsr	0.50		b45f065c0f1850f82354a424ff8e657f4ce9cde7
org.apidesign.bck2brwsr	ko-bck2brwsr	0.50	bck2brwsr	41a8c96ca324ab6ef40a47b239bfb3ec4ca67ca1
org.apidesign.bck2brwsr	ko-bck2brwsr	0.51		8c98f5b4ac7de12103d286dfa35a0e063693dc96
org.apidesign.bck2brwsr	ko-bck2brwsr	0.51	bck2brwsr	521f252f783d6f6e0db8008e01da0ed77a466417
org.apidesign.bck2brwsr	ko-bck2brwsr	0.52		05151ad6d30597f4dfe3e4fb04d260dd344e9730
org.apidesign.bck2brwsr	ko-bck2brwsr	0.52	bck2brwsr	bf768c9e5badb8fed73fc0118a8524a7f319b712
org.apidesign.bck2brwsr	ko-bck2brwsr	0.53		308f7ea7ec787e6d6f87181141f7b151d020022d
org.apidesign.bck2brwsr	ko-bck2brwsr	0.53	bck2brwsr	39452a4f525e0e62d35675e2ff5bcbe5d09fe38c
org.apidesign.bck2brwsr	ko-bck2brwsr	0.54		8fab23c0f8c6d669d74355a6725d22fde8095593
org.apidesign.bck2brwsr	ko-bck2brwsr	0.54	bck2brwsr	40187af1a16c21ae02511fca469640e531e8c983
org.apidesign.bck2brwsr	ko-bck2brwsr	0.8		a16f6f062ebc458d4902dc3a9db7ea185bdec1e5
org.apidesign.bck2brwsr	ko-bck2brwsr	0.8.1		e961cc33b0c4a8c2f07418501d2ced2b0e739dc4
org.apidesign.bck2brwsr	ko-bck2brwsr	0.9		a2ca855a004b5fa1caec387bb3224cddcddd895f
org.eclipse.jst.ws.axis2.creation	core	1.0.1-v200708241921		f9df9b96f89faa445d9e12bf0b2c22ac1bb06239
org.eclipse.swt.gtk.solaris	sparc	3.3.0-v3346		4223d62b22d2c12db8b1cdc8f4ca05269782b10c
org.fastquery	jersey-mvc-velocity	1.0		fa903d5f9b32274a8d959a8a21a08400a209c67d
org.fastquery	jersey-mvc-velocity	1.1		8344ef866cfe8491c6063b49294aeadb58038ff2
org.fastquery	jersey-mvc-velocity	1.2		9aa003b4b0e623434f3e735450b34a1db7ecb9a1
org.gvnix	org.gvnix.web.menu.roo.addon	1.4.0.RELEASE		fb77fae3a23156dc1ea065c3a5118ca78b49f7ab
org.gvnix	org.gvnix.web.menu.roo.addon	1.4.1.RELEASE		d4ea0f786953a4530ec6f9fb13d7444f087f2090
org.gvnix	org.gvnix.web.menu.roo.addon	1.5.0.RELEASE		57a0ae6839b3bc3f3823b1abd639a090952cf20b
org.gvnix	org.gvnix.web.menu.roo.addon	1.5.1.RC1		682b6b3cf038bc9829bf6c68119fb57e0e852aed
org.gvnix	org.gvnix.web.menu.roo.addon	1.5.1.RC2		512e5c9c4c147a8c724a6c404b6f91f58ea006cb
org.gvnix	org.gvnix.web.menu.roo.addon	1.5.1.RC3		7215f72e95370a5c9f44f5b320c211f66bfaa5b8
org.gvnix	org.gvnix.web.menu.roo.addon	1.5.1.RC4		168549e4358833b19d541dc83e454e7e442fadf0
org.gvnix	org.gvnix.web.menu.roo.addon	2.0.0.M1		ad3bc4c5cc02df82c91952fa5a07cbf878932c3e
org.jboss.errai	errai-bus-websocket-parent	3.1.0.CR1		N/A
org.jboss.errai	errai-bus-websocket-parent	3.1.0.Final		N/A
org.jboss.errai	errai-bus-websocket-parent	3.1.1.Final		N/A
org.jboss.errai	errai-bus-websocket-parent	3.1.2.Final		N/A
org.jboss.errai	errai-bus-websocket-parent	3.2.0.Beta1		N/A
org.jboss.errai	errai-bus-websocket-parent	3.2.0.CR1		N/A
org.jboss.errai	errai-bus-websocket-parent	3.2.0.Final		N/A
org.jboss.errai	errai-bus-websocket-parent	3.2.1.Final		N/A
org.jboss.errai	errai-bus-websocket-parent	3.2.2.Final		N/A
org.jboss.errai	errai-bus-websocket-parent	3.2.3.Final		N/A
org.jboss.errai	errai-bus-websocket-parent	3.2.4.Final		N/A
org.jboss.errai	errai-bus-websocket-parent	3.2.5.Final		N/A
org.jboss.errai	errai-bus-websocket-parent	4.0.0.Beta1		N/A
org.jboss.errai	errai-bus-websocket-parent	4.0.0.Beta2		N/A
org.jboss.errai	errai-bus-websocket-parent	4.0.0.Beta3		N/A
org.jboss.errai	errai-bus-websocket-parent	4.0.0.Beta4		N/A
org.jboss.errai	errai-bus-websocket-parent	4.0.0.Beta5		N/A
org.jboss.errai	errai-bus-websocket-parent	4.0.0.Beta6		N/A
org.jboss.errai	errai-bus-websocket-parent	4.0.0.Beta7		N/A
org.jboss.errai	errai-bus-websocket-parent	4.0.0.CR1		N/A
org.jboss.errai	errai-bus-websocket-parent	4.0.0.CR2		N/A
org.jboss.errai	errai-bus-websocket-parent	4.0.0.CR3		N/A
org.jboss.errai	errai-bus-websocket-parent	4.0.0.Final		N/A
org.jboss.errai	errai-bus-websocket-parent	4.0.1.Beta1		N/A
org.jboss.errai	errai-bus-websocket-parent	4.0.1.Beta2		N/A
org.jboss.errai	errai-bus-websocket-parent	4.0.2.Final		N/A
org.jboss.errai	errai-bus-websocket-parent	4.0.3.Final		N/A
org.jboss.errai	errai-bus-websocket-parent	4.1.0.Final		N/A
org.jboss.errai	errai-bus-websocket-parent	4.1.1.Final		N/A
org.jboss.errai	errai-bus-websocket-parent	4.1.2.Final		N/A
org.jboss.errai	errai-bus-websocket-parent	4.1.3.Final		N/A
org.jboss.errai	errai-bus-websocket-parent	4.10.0.Final		N/A
org.jboss.errai	errai-bus-websocket-parent	4.11.0.Final		N/A
org.jboss.errai	errai-bus-websocket-parent	4.11.1.Final		N/A
org.jboss.errai	errai-bus-websocket-parent	4.11.2.Final		N/A
org.jboss.errai	errai-bus-websocket-parent	4.11.3.Final		N/A
org.jboss.errai	errai-bus-websocket-parent	4.11.4.Final		N/A
org.jboss.errai	errai-bus-websocket-parent	4.11.5.Final		N/A
org.jboss.errai	errai-bus-websocket-parent	4.12.0.Final		N/A
org.jboss.errai	errai-bus-websocket-parent	4.13.0.Final		N/A
org.jboss.errai	errai-bus-websocket-parent	4.14.0.Final		N/A
org.jboss.errai	errai-bus-websocket-parent	4.14.1.Final		N/A
org.jboss.errai	errai-bus-websocket-parent	4.14.2.Final		N/A
org.jboss.errai	errai-bus-websocket-parent	4.15.0.Final		N/A
org.jboss.errai	errai-bus-websocket-parent	4.16.0.Final		N/A
org.jboss.errai	errai-bus-websocket-parent	4.2.0.Final		N/A
org.jboss.errai	errai-bus-websocket-parent	4.2.1.Final		N/A
org.jboss.errai	errai-bus-websocket-parent	4.2.2.Final		N/A
org.jboss.errai	errai-bus-websocket-parent	4.2.3.Final		N/A
org.jboss.errai	errai-bus-websocket-parent	4.3.0.Final		N/A
org.jboss.errai	errai-bus-websocket-parent	4.3.1.Final		N/A
org.jboss.errai	errai-bus-websocket-parent	4.3.2.Final		N/A
org.jboss.errai	errai-bus-websocket-parent	4.3.3.Final		N/A
org.jboss.errai	errai-bus-websocket-parent	4.3.4.Final		N/A
org.jboss.errai	errai-bus-websocket-parent	4.4.0.Final		N/A
org.jboss.errai	errai-bus-websocket-parent	4.4.1.Final		N/A
org.jboss.errai	errai-bus-websocket-parent	4.5.0.Final		N/A
org.jboss.errai	errai-bus-websocket-parent	4.6.0.Final		N/A
org.jboss.errai	errai-bus-websocket-parent	4.7.0.Final		N/A
org.jboss.errai	errai-bus-websocket-parent	4.8.0.Final		N/A
org.jboss.errai	errai-bus-websocket-parent	4.9.0.Final		N/A
org.json4s	json4s-scalaz_3	3.7.0-M16		d0593c38ea8132ae9543450eb53f86cbc1b82b49
org.json4s	json4s-scalaz_3	3.7.0-RC1		e6fab963718f0f957e0d159b74209feefaad0b91
org.json4s	json4s-scalaz_3	4.0.0		6f843aadce63e6534a0a2c783a406ed4160670b0
org.json4s	json4s-scalaz_3	4.0.1		2920660d5e4258032ffde54cac0b2ca72610ebbd
org.json4s	json4s-scalaz_3	4.0.2		ebc751f0c18a4e75ee8f0250d0998e6dc3fa32c4
org.json4s	json4s-scalaz_3	4.0.3		93e64e3cbd791d0c8ddccc5da41fbbe8f4e48dfd
org.json4s	json4s-scalaz_3	4.0.4		3cd0089a1287b68181d59e1bf731fff0f904ec17
org.json4s	json4s-scalaz_3	4.0.5		36314883f959552478cb655a545b6a6a3e1be9c9
org.json4s	json4s-scalaz_3	4.0.6		496cf4769e52117b413958985b2de97473c995b1
org.json4s	json4s-scalaz_3	4.0.7		464addd4f32b05f26187a430ec1513d85bb7e38a
org.json4s	json4s-scalaz_3	4.1.0-M1		9b2da220b049abd5cc07bf1170c01641cce2b279
org.json4s	json4s-scalaz_3	4.1.0-M2		b45eef3d0d35f86707c89d05c1ec622d0537f936
org.json4s	json4s-scalaz_3	4.1.0-M3		2d262ea3693e42694ef72e145b80a2d6b26dd718
org.json4s	json4s-scalaz_3	4.1.0-M4		92afe31b8b7bfc9397079319fa32d4f1e25591da
org.json4s	json4s-scalaz_3	4.1.0-M5		fbea9816d9e454ddc133be3ed730882b0c4b4aac
org.json4s	json4s-scalaz_3	4.1.0-M6		ec37623b09dc654a08819073579f7649bca0c41b
org.json4s	json4s-scalaz_3	4.1.0-M7		21c48c4b42291a69543a9fd3a7c2383542bbf6af
org.json4s	json4s-scalaz_3	4.1.0-M8		4bd516f28915ae27d2824d7cd4f88905dcc8b54e
org.mobicents.cluster	core	1.13.1.FINAL		64e955b0290d81805743224dd50e7ac72f11802f
org.mobicents.cluster	core	1.14.0.FINAL		ca2ecb9cb913127f3b2032a58e1955288aa7405f
org.mobicents.cluster	core	1.15.10		6b254e77a2daf0dd8ee786a76197fcd6bd84ac2c
org.mobicents.cluster	core	1.15.11		424fa3a3f3436d1c9f90fd66b1d0fbd20846276f
org.mobicents.cluster	core	1.15.12		17c51bd0a8844dca09fc32d288b181274c3c0a09
org.mobicents.cluster	core	1.15.14		8717947e1ab8e4af3f53d0e05c9145aca4758d79
org.mobicents.cluster	core	1.15.15		7041252c4437a4850df4d8f6cd820a2f09792601
org.mobicents.cluster	core	1.15.16		0333dae1eb0bd71af073c0ae8ac4e26d2438a2d0
org.mobicents.cluster	core	1.15.17		bffdbecaabe0b61a947fc87fbe81ba9870cf2777
org.mobicents.cluster	core	1.15.18		3b7cecfe8838b3c5e59bf4e472dd5115f091ee59
org.mobicents.cluster	core	1.15.19		aeeb86ad27e6d88b40841ac2d8c877d8cc17cb50
org.mobicents.cluster	core	1.15.20		fdffaa5d8fd7a4b8372a8af55f3d7cf3207f3b4c
org.mobicents.cluster	core	1.15.21		15abde8736c60651cc5e14e576d62235fabccf21
org.mobicents.cluster	core	1.15.22		504a9e827574854d0ac935590bf1084047e8f925
org.mobicents.cluster	core	1.15.23		8eae25f559501216b33f33937c88f80a0cc316b9
org.mobicents.cluster	core	1.15.24		2492c8e6208241075b78ee8ff7c42a3e7375cba8
org.mobicents.cluster	core	1.15.25		58b7e643942ce5a6df98a532d21cf80f6bb376c1
org.mobicents.cluster	core	1.15.26		ceb16f1978a1c97d8258ea0e6f7c97e95bebfe93
org.mobicents.cluster	core	1.15.6		50d14ea59e2889af859bf90aadc30de907083fca
org.mobicents.cluster	core	1.15.7		a562fc4d289e997aef4a7a8b7d6cb592a94652cb
org.mobicents.cluster	core	1.15.8		7fcadec23185e8c54514e505c209f6ea5573526d
org.mobicents.cluster	core	1.15.9		c7f0eec73b33c32d8bbdf7d5a435e4d31a990d4f
org.mobicents.cluster	core	3.0.0.1		b5895c513dddedd5af9dd1b2bae1c837ebc8a5e0
org.ow2.dragon	dragon-aop	1.0		c3eea8e58d72c1d51e4ef38a8d5b83917d2bffe5
org.ow2.dragon	dragon-aop	1.0-RC1		f77dc1d5a3f792e82af56ae89f16971c2483c2e6
org.ow2.dragon	dragon-aop	1.1		841290464cbfbd753a596562384f67c4702327d2
org.ow2.dragon	dragon-aop	1.1-alpha1		0aa8d4a2f33ba84d83519b5cfad85995d1c13a6e
org.scalameta	metabrowse-cli_2.12	0.2.0		6e9d97dd9e0e5cfa5dc422bcc83be5b9c36c830b
org.scalameta	metabrowse-cli_2.12	0.2.1		fda24919905a179fa61009abe5f257630cba110a
org.scalameta	metabrowse-cli_2.12	0.2.2		7194b494a5145d14bc2cae649d31633784fa8044
org.scalameta	metabrowse-cli_2.12	0.2.3		551a1b67351a792b7fa98b5a6b00f4c141e37d78
org.scalameta	metabrowse-cli_2.12	0.2.4		7b44d68499caeb36fb3c99abdc2d7dd4f8187400
org.scalameta	metabrowse-cli_2.12	0.2.5		21301607b4e9d144059c98440b3295df88b3faa0
org.siggi-ci	hookserver-accounts	0.10.0		c8e75aea2a3741851c10fa7334920a36a079988e
org.siggi-ci	hookserver-accounts	0.12.0		43b740505333eff14c77f9cdba4195d771b8e5ef
org.sonatype.goodies.dropwizard	dropwizard-support-testbase	1.2.0		3a47c78ba7d3220eb42b0a40445b09a4bd1438b7
org.sonatype.goodies.dropwizard	dropwizard-support-testbase	1.2.1		d1d8b1d69eb08e32fbd48917ba5e758e1e40d4d5
org.sonatype.goodies.dropwizard	dropwizard-support-testbase	1.3.0		6a313ffc11cfb8d8c6b7c1dc1ac69ec866bd1c53
org.sonatype.goodies.dropwizard	dropwizard-support-testbase	2.0.0		9c731bb19b39a697048aecedf15c35c87d575621
org.ton	ton-kotlin-liteclient-tvossimulatorarm64	0.3.0		N/A
org.ton	ton-kotlin-liteclient-tvossimulatorarm64	0.3.0	metadata	1f3e5282e25d9127ce081afdc9fc1d81003175e3
org.ton	ton-kotlin-liteclient-tvossimulatorarm64	0.3.1		N/A
org.ton	ton-kotlin-liteclient-tvossimulatorarm64	0.3.1	metadata	25e97cbbd817eff2d510c3096678d0cfc11b1c6b
org.ton	ton-kotlin-liteclient-tvossimulatorarm64	0.4.2		N/A
org.ton	ton-kotlin-liteclient-tvossimulatorarm64	0.4.2	metadata	507082318f810a331e0720ce1d1e04bf6364da15
org.ton	ton-kotlin-liteclient-tvossimulatorarm64	0.4.3		N/A
org.ton	ton-kotlin-liteclient-tvossimulatorarm64	0.4.3	metadata	0b9a8dd019525d0eaaca3bb7646a76a6d8f42d85
org.webjars.npm	cardboard-vr-display	1.0.13		a492b1a8838547b5b26ce9782c02f8abe7b708c5
org.webjars.npm	cardboard-vr-display	1.0.16		a4d9e8d02cfe3acc5dc93488378fb40e133c3808
org.webjars.npm	cardboard-vr-display	1.0.18		3763872008723fad89c95ab9fb895b2c2c4c1ef4
org.webjars.npm	cardboard-vr-display	1.0.19		4846390ef620aa43a6d09566c35da067f4e2f25a
org.webjars.npm	cucumber__messages	10.0.2		a63130a8691a29c000d4fd28cfe0e29d86aff3d1
org.webjars.npm	fooloomanzoo__input-picker-pattern	3.0.10		b52021fd1c926cda03106bb43c6cb542c95e770d
org.webjars.npm	strong-log-transformer	2.1.0		237b1560762d6b4d77ef55cb2046a6d2767a5617
org.wildfly.security	wildfly-elytron-tool	1.0.0.Alpha1		6c5f3dc775ec029d13cb1b86bf49b1444eb1d2e3
org.wildfly.security	wildfly-elytron-tool	1.0.0.Alpha2		0437eed593cd265a79cb9f27d7c1edd8a4c23b33
org.wildfly.security	wildfly-elytron-tool	1.0.0.Alpha3		0603ddf94710f18ed0cc6df02d5c15083bf8cede
org.wildfly.security	wildfly-elytron-tool	1.0.0.Alpha4		2c9c21664e3b6ebf78253540c326535a2af2d3d3
org.wildfly.security	wildfly-elytron-tool	1.0.0.Beta1		7f453458d3eac768d66df361f3152d547c471769
org.wildfly.security	wildfly-elytron-tool	1.0.0.Beta2		7d61ba7e13af1d4f3abba149523e02c1fb140d05
org.wildfly.security	wildfly-elytron-tool	1.0.0.Beta3		4bc4a4a8b90571c41a7362cd5ccf430435169332
org.wildfly.security	wildfly-elytron-tool	1.0.0.Beta4		f2bb13820175dc25c732d0945566ea4ba347b60f
org.wildfly.security	wildfly-elytron-tool	1.0.0.Beta5		531139b15674a935bb85da0c0a11762518f226ee
org.wildfly.security	wildfly-elytron-tool	1.0.0.Beta6		1c3b5ee5ef4fc3704e8029096e8b2385fbf85ad0
org.wildfly.security	wildfly-elytron-tool	1.0.0.Beta7		312f6bcf35d1c3bec6591885b0fc40f3b9ed4d01
org.wildfly.security	wildfly-elytron-tool	1.0.0.CR1		2ec10d3babecb1fef7b13ad1824b3d4911f48e7a
org.wildfly.security	wildfly-elytron-tool	1.0.0.CR2		4e5805ee9f296f18d4a7cbaaee2091a8eeb69e5b
org.wildfly.security	wildfly-elytron-tool	1.0.0.CR3		6ad9a1931057b84792fef9cd217352f36b7520c2
org.wildfly.security	wildfly-elytron-tool	1.0.0.CR4		ae8c508f7aea1fa28b1d99dd6cadb60a369271f0
org.wildfly.security	wildfly-elytron-tool	1.0.0.Final		9b65d372b17026224afd55657f760dde3e8fc075
org.wildfly.security	wildfly-elytron-tool	1.0.1.Final		f1ec64519ccdb65e0487050a5e8942568a89cf9c
org.wildfly.security	wildfly-elytron-tool	1.0.2.Final		2747c933041ebf7125068f1f027deb358a7c2c68
org.wildfly.security	wildfly-elytron-tool	1.0.3.Final		16e5dbf6331201c223fd2b39e9ca18c2b4ce80c5
org.wildfly.security	wildfly-elytron-tool	1.0.4.Final		daa7c5521ed0f0bcbccd5f1da95862ca1086f8a5
org.wildfly.security	wildfly-elytron-tool	1.0.5.Final		fbf7e72e938de4fd6d8197dd24485397ece5a43b
org.wildfly.security	wildfly-elytron-tool	1.0.6.Final		b7250e6d410e1b0e03f69f4e9d49bf82af24a10b
org.wildfly.security	wildfly-elytron-tool	1.0.7.Final		b9ac407ce1e24c2e2afd517121a7b8b1a41f7df0
org.wildfly.security	wildfly-elytron-tool	1.0.8.Final		3e0373fc3b66b2fb1108c72dab79b9861afdb91b
org.wildfly.security	wildfly-elytron-tool	1.0.9.Final		7e4877df3b51e975dd626f8b6c916c054e35ebb7
org.wildfly.security	wildfly-elytron-tool	1.1.0.Final		fa0a59b7597e63374a418b55af80c18f37970390
org.wildfly.security	wildfly-elytron-tool	1.1.1.Final		861a04c5c3edd5d0fc41ea566c6d3865090363a1
org.wildfly.security	wildfly-elytron-tool	1.1.2.Final		a1e88dc3146decab423327ee610db60c426e87cf
org.wildfly.security	wildfly-elytron-tool	1.1.3.Final		c5ccf996301cdf8434379fd699be93542f34e29b
org.wildfly.security	wildfly-elytron-tool	1.1.4.Final		1520e2b2b2f8da6490c6e78d5bb3d63b4f071897
org.wildfly.security	wildfly-elytron-tool	1.10.0.CR1		5d034cd8cee4d25ecbcd97d2080e8f88b6eee412
org.wildfly.security	wildfly-elytron-tool	1.10.0.CR2		3c3c70d5ba2ab890e9b2c8ef1097f3015982204d
org.wildfly.security	wildfly-elytron-tool	1.10.0.CR3		9b45fe162676a088fcabd2e0ba26c715b14a0586
org.wildfly.security	wildfly-elytron-tool	1.10.0.CR4		d400ee673ff3a2870761bac26bc7657254f0c7e8
org.wildfly.security	wildfly-elytron-tool	1.10.0.CR5		7828933aff2a3a9d906128b8491567ed62cc7275
org.wildfly.security	wildfly-elytron-tool	1.10.0.CR6		cfb596d3a75878f93561fdf101b922c806b603af
org.wildfly.security	wildfly-elytron-tool	1.10.0.Final		7a6b896c68a21fdcf6ee280cc6c1c58d18b7506f
org.wildfly.security	wildfly-elytron-tool	1.10.1.Final		8fd5b9064346389cde95bf2ea9838881d78d2457
org.wildfly.security	wildfly-elytron-tool	1.10.10.Final		3d9712708881f28a83aec954e9b83be761b27c48
org.wildfly.security	wildfly-elytron-tool	1.10.11.Final		f211df156e8f5d78fc7b2f0df442fb83d28583a8
org.wildfly.security	wildfly-elytron-tool	1.10.12.Final		2aa9aaf74aa7b08c8a802aa2cff50ee7455f5382
org.wildfly.security	wildfly-elytron-tool	1.10.13.Final		75240ea1b3e508689793490302da0f9bf8ede21a
org.wildfly.security	wildfly-elytron-tool	1.10.14.Final		cd6fa2aad17720f2cfaec12ac697af23528b408d
org.wildfly.security	wildfly-elytron-tool	1.10.15.Final		b61abd0cd06089a11a42f14add99164c98e6a002
org.wildfly.security	wildfly-elytron-tool	1.10.2.Final		b8241330ad5b01b47b30c32c8d12ad9b213235b5
org.wildfly.security	wildfly-elytron-tool	1.10.3.Final		e4515987429351c25f5078464e52afdafa9b2a95
org.wildfly.security	wildfly-elytron-tool	1.10.4.Final		4a1232088b7de8137a5e8696904e21707588d880
org.wildfly.security	wildfly-elytron-tool	1.10.5.Final		4bfc2735d1406f1e71f4d4f13f20e1df03b0e374
org.wildfly.security	wildfly-elytron-tool	1.10.6.Final		0040eafe80978d3eb673a28a8149c3f153abd85c
org.wildfly.security	wildfly-elytron-tool	1.10.7.Final		de202dce6d86bd49fa57f9e599f2e42758ec6ebc
org.wildfly.security	wildfly-elytron-tool	1.10.8.Final		f882826da007ce40282b5994aca3be28c7131edc
org.wildfly.security	wildfly-elytron-tool	1.10.9.Final		b7ccf8536d44e840febb28dbef7501876524339c
org.wildfly.security	wildfly-elytron-tool	1.11.0.CR1		468073441dc4fcd6050ed692bf63f45a955a711c
org.wildfly.security	wildfly-elytron-tool	1.11.0.CR2		6ca7b190a511fb77e83da64d84b9b8c02605cab3
org.wildfly.security	wildfly-elytron-tool	1.11.0.CR3		1f84093be7d323b211084d847166915dcc86269e
org.wildfly.security	wildfly-elytron-tool	1.11.0.CR4		2c85d03303637f86843f485cd761c14dabd5a3ac
org.wildfly.security	wildfly-elytron-tool	1.11.0.CR5		5dccfaa0e223d4e8e93242f90987d12759dad6c6
org.wildfly.security	wildfly-elytron-tool	1.11.0.Final		6d3ed661f06bd450a7512b7f4e6e936831c45d0f
org.wildfly.security	wildfly-elytron-tool	1.11.1.Final		3bc986125904a6bd471f4ae41a3329baf50b13d6
org.wildfly.security	wildfly-elytron-tool	1.11.2.Final		5b0c9c43b0a876fa20167668b0566f4d58d6714f
org.wildfly.security	wildfly-elytron-tool	1.11.3.Final		00d91e1becb69b35e5d80e14661d9670d9fccd4d
org.wildfly.security	wildfly-elytron-tool	1.11.4.Final		dee45342aca4dd10957c6c09743f103a107cfeb3
org.wildfly.security	wildfly-elytron-tool	1.12.0.CR1		2c7231d5583137540a8c2d377146f215dfc78f55
org.wildfly.security	wildfly-elytron-tool	1.12.0.CR2		f894ca9dbbf771d0f15286ada657781422ab7b22
org.wildfly.security	wildfly-elytron-tool	1.12.0.CR3		fd8a299c4fa1eb1283140263ed04aa21461798bd
org.wildfly.security	wildfly-elytron-tool	1.12.0.Final		b1525705fa547cd3b0e28bbe6fcc658eec006264
org.wildfly.security	wildfly-elytron-tool	1.12.1.Final		2683791d36d12e9ccb7712550a7d69080e01d6d5
org.wildfly.security	wildfly-elytron-tool	1.13.0.CR1		b1b611c2f7d56a177ecc9cb3186b8d921381f0fb
org.wildfly.security	wildfly-elytron-tool	1.13.0.CR2		bd88ce0c305b9d5c1fc2861061923c0db8dd3491
org.wildfly.security	wildfly-elytron-tool	1.13.0.CR3		2aa306d836b2775256eb663eff95a90356416075
org.wildfly.security	wildfly-elytron-tool	1.13.0.CR4		1c7c4b6a00d29005394818951b56f0182a1c5504
org.wildfly.security	wildfly-elytron-tool	1.13.0.Final		c518e5d20180bf47e5577b1f3e229aeba871ff93
org.wildfly.security	wildfly-elytron-tool	1.13.1.Final		9ae5d7a4da0637b17b8dc73ff01017569f399866
org.wildfly.security	wildfly-elytron-tool	1.13.2.Final		1db065aeb5695f10c1f2237af51af55646b930d8
org.wildfly.security	wildfly-elytron-tool	1.14.0.Final		db0c38e8fc2ea8391859d1264df2d7954308ba95
org.wildfly.security	wildfly-elytron-tool	1.14.1.Final		3868d4a999d18861a551a23eaf0183bf389b4229
org.wildfly.security	wildfly-elytron-tool	1.14.2.Final		1919ef66a788604153cf175a65fb1943f5efb4aa
org.wildfly.security	wildfly-elytron-tool	1.15.0.CR1		b33b8b1cda31fe6ac39eb2bf9529e5142ae92ea4
org.wildfly.security	wildfly-elytron-tool	1.15.0.Final		5c93a609ce39615ebfe6e4296a9f90ce3dccab8b
org.wildfly.security	wildfly-elytron-tool	1.15.1.Final		1cd45bce16e6a653cd5cbd6786ddfb0d36c85ae9
org.wildfly.security	wildfly-elytron-tool	1.15.10.Final		4d703d79f1baf5a8728b2065dc58e3cebab45c28
org.wildfly.security	wildfly-elytron-tool	1.15.11.Final		549b3f718468f5a371688840541a9c9940e561eb
org.wildfly.security	wildfly-elytron-tool	1.15.12.Final		7d5075f11d8af59695e417d33226002790800e0f
org.wildfly.security	wildfly-elytron-tool	1.15.13.Final		2f7b266d35eb8f71c3a8e4e4fcd9c6bdc766947e
org.wildfly.security	wildfly-elytron-tool	1.15.14.Final		06d7093086a764634e9a1a44bf17681f00eb4dc3
org.wildfly.security	wildfly-elytron-tool	1.15.15.Final		ad0a070889659f6c5dceeaf40b97ae57298cfaf0
org.wildfly.security	wildfly-elytron-tool	1.15.16.Final		1ab613a6aa10963b97460b00a5b9087eb5864f77
org.wildfly.security	wildfly-elytron-tool	1.15.17.Final		413230be29fa9549a7e896f2b1f7859fb4bdff3a
org.wildfly.security	wildfly-elytron-tool	1.15.18.Final		30f8853c47d9ff125ef4b911cad3f6a4bf3e1844
org.wildfly.security	wildfly-elytron-tool	1.15.19.Final		ad60e839548f408eb6593e2174f15c3320c467e2
org.wildfly.security	wildfly-elytron-tool	1.15.2.Final		7d1b345b721e8438298c30d51edde2863ab8c287
org.wildfly.security	wildfly-elytron-tool	1.15.20.Final		69e547f3bfff8dac56a15231a0a2deb41123cfdf
org.wildfly.security	wildfly-elytron-tool	1.15.21.Final		93e09a1a4b96c64451b45933f9df95c48e66a726
org.wildfly.security	wildfly-elytron-tool	1.15.22.Final		e6ef0f42c4cba9a25c4b1d4170bad87f3209d1b9
org.wildfly.security	wildfly-elytron-tool	1.15.23.Final		5aa86047067a58e0289aa7f1cc2a672b085fa1e8
org.wildfly.security	wildfly-elytron-tool	1.15.24.Final		25fbd951420cdd2a377dbe5f5a4871ba5f67ce0b
org.wildfly.security	wildfly-elytron-tool	1.15.25.Final		bd11b4401c8b06d7446062038942dfd9f0f613b2
org.wildfly.security	wildfly-elytron-tool	1.15.26.Final		efb3288015c8a9bd75b42d65c40c6286aac89304
org.wildfly.security	wildfly-elytron-tool	1.15.3.Final		fd480e22fd57ee412079255108fd7662119bd5ae
org.wildfly.security	wildfly-elytron-tool	1.15.4.Final		19944d216f72be5e8f198b5d2862154090ce9766
org.wildfly.security	wildfly-elytron-tool	1.15.5.Final		fb8f633fca4c49ac10347e3a777be09256ecff14
org.wildfly.security	wildfly-elytron-tool	1.15.6.Final		2cb0391ff17d04938b78c3b2f8854384cf0c8140
org.wildfly.security	wildfly-elytron-tool	1.15.7.Final		b8967d429f888ff5e5c8605a6aa0facec452e3e4
org.wildfly.security	wildfly-elytron-tool	1.15.8.Final		10e73a870d46755dfd29c07f3d7ed9765b2bc4b1
org.wildfly.security	wildfly-elytron-tool	1.15.9.Final		85372c354a82b9321aad57312470fcd9e79900b9
org.wildfly.security	wildfly-elytron-tool	1.16.0.CR1		0febc794e2e4d1b7f981b14a143bd0b59c60e0b8
org.wildfly.security	wildfly-elytron-tool	1.16.0.Final		84f71b1de22b10b7a336aa411e18d31f227c7968
org.wildfly.security	wildfly-elytron-tool	1.16.1.Final		32efb803075e28d224dc618fbc22421a0b843ffc
org.wildfly.security	wildfly-elytron-tool	1.17.0.Final		2698ac3de32505f3c2808cf7c27c460c1aae0f71
org.wildfly.security	wildfly-elytron-tool	1.17.1.Final		dc93436085b9847957ab224c9c1ee4959453f117
org.wildfly.security	wildfly-elytron-tool	1.17.2.Final		e0962770b9eb9e0172ca4139bccdf6401eebd932
org.wildfly.security	wildfly-elytron-tool	1.17.3.Final		149458a0422f7ed6b4f4b72ea1376a4e214b8535
org.wildfly.security	wildfly-elytron-tool	1.18.0.Final		3cf8feb70f341bb973f888dc063b787045a0a2b3
org.wildfly.security	wildfly-elytron-tool	1.18.1.Final		b8d52dab53b380955c785afd9ffc454287a1f81d
org.wildfly.security	wildfly-elytron-tool	1.18.2.Final		aa527b78d5747e99e2baf254c301862402163c5b
org.wildfly.security	wildfly-elytron-tool	1.18.3.Final		4d47d4846109546f29b14a62462d1479a97da93b
org.wildfly.security	wildfly-elytron-tool	1.19.0.Final		2423579a149ac9b32667e1a52d2fc630e62c828f
org.wildfly.security	wildfly-elytron-tool	1.19.1.Final		c8ba19025f6ecedf99ac7ea9d399083398a693a2
org.wildfly.security	wildfly-elytron-tool	1.2.0.Final		364f13f18199ccd53c95730edddb6b77cbd855ff
org.wildfly.security	wildfly-elytron-tool	1.2.1.Final		aff9c3cfdb61d96fc9d8f4f7e63d04bc22a3970b
org.wildfly.security	wildfly-elytron-tool	1.2.2.Final		e6ebef9668943212627a3c87423e86bec71580ea
org.wildfly.security	wildfly-elytron-tool	1.20.0.Final		c616134f092eda381b4d04508933d0f8127b8193
org.wildfly.security	wildfly-elytron-tool	1.20.1.Final		bdf1253408bb2fc530aa3948c9ed013344f72599
org.wildfly.security	wildfly-elytron-tool	1.20.2.Final		9166301118369f530ca2adec0275d754c901dff4
org.wildfly.security	wildfly-elytron-tool	1.20.3.Final		a34e6bff5263fbb9ff03c63d501c22edd1cc3241
org.wildfly.security	wildfly-elytron-tool	1.20.4.Final		7bcea7d1dcfd88cb3a3e04bf67791ce04aa5c0f7
org.wildfly.security	wildfly-elytron-tool	1.3.0.Final		7a3454219c71f14023a39bb5e8f40cad60a4ee6e
org.wildfly.security	wildfly-elytron-tool	1.4.0.Final		1d2117b5136e90ab7041a8777bfb05e0c1e6c9b1
org.wildfly.security	wildfly-elytron-tool	1.4.1.Final		898134312b2c71e0da4344ee483c346644d02f09
org.wildfly.security	wildfly-elytron-tool	1.4.2.Final		0c1e3091a12642cb2d2d3535771c05fad13d48eb
org.wildfly.security	wildfly-elytron-tool	1.4.3.Final		9c73cb854232aabb9d626af15b90ed236a1e00d9
org.wildfly.security	wildfly-elytron-tool	1.4.4.Final		6bf6a6ce530f5b94a363342ea96a8f8b29d592aa
org.wildfly.security	wildfly-elytron-tool	1.5.0.Final		155208fcf623c8295878ddaae0895758fb31753b
org.wildfly.security	wildfly-elytron-tool	1.6.0.CR1		bebafdba9d63dd52acdcc0d0e0b80c21e3a842c7
org.wildfly.security	wildfly-elytron-tool	1.6.0.Final		814cdab3a066ec9026d4872a0e74c0dfeb736027
org.wildfly.security	wildfly-elytron-tool	1.9.0.CR1		51e0aac4cde219ca0179af0f868734ad6134ecd0
org.wildfly.security	wildfly-elytron-tool	1.9.0.CR2		bbafc0692c7a7c691a10640f48ae2dde0a9b171b
org.wildfly.security	wildfly-elytron-tool	1.9.0.CR3		8df8864f82c850da62eab4a355dcd81182efc2d0
org.wildfly.security	wildfly-elytron-tool	1.9.0.CR4		54c1108526e7c319416ebc6c7694f0f6765f759c
org.wildfly.security	wildfly-elytron-tool	1.9.0.CR5		688271f417dd481ea7855a9720641d7c758eaafd
org.wildfly.security	wildfly-elytron-tool	1.9.0.Final		83d106bd807622a3085b998c063a12a79a2802c4
org.wildfly.security	wildfly-elytron-tool	1.9.1.Final		ae19f557d1ed41d5c05862c60c240f1cf7e046b1
org.wildfly.security	wildfly-elytron-tool	2.0.0.Alpha1		fe2c22e51f156850cadecf5bce034398cb5c1d6e
org.wildfly.security	wildfly-elytron-tool	2.0.0.Alpha10		2cdfe5914d4b81a522f0c115b2b31c456e5311f3
org.wildfly.security	wildfly-elytron-tool	2.0.0.Alpha2		7f0ad9ebdf3679dbcc3da7dd2506e3bef4f35d38
org.wildfly.security	wildfly-elytron-tool	2.0.0.Alpha3		63e2fffbdb17d940c1b102c2d9769ed7afadb810
org.wildfly.security	wildfly-elytron-tool	2.0.0.Alpha4		7d7d55aa3998ca4434b4c8c59878f94f63b92561
org.wildfly.security	wildfly-elytron-tool	2.0.0.Alpha5		697f3a2059d82c36206a72b643e8fe471bc14e96
org.wildfly.security	wildfly-elytron-tool	2.0.0.Alpha6		d7fbef58272ce212b978345e00590e9a852621d9
org.wildfly.security	wildfly-elytron-tool	2.0.0.Alpha7		322d1d3ea886ead4ff84ab93916494b2072a5afd
org.wildfly.security	wildfly-elytron-tool	2.0.0.Alpha8		e3e3c606ad03e44b15011f5810d7217373a2c2fe
org.wildfly.security	wildfly-elytron-tool	2.0.0.Alpha9		80325c8c2b60f8e475f38ff0aa9c074acc312036
org.wildfly.security	wildfly-elytron-tool	2.0.0.Beta1		9f9b0f39a4f5e845453cdffbaf4ebb155f93461f
org.wildfly.security	wildfly-elytron-tool	2.0.0.Beta2		a88e39a4561b666a6492f79f28242828995b01e0
org.wildfly.security	wildfly-elytron-tool	2.0.0.Beta3		8326489350cd97e30cbcf2a327d84af6ae61cd1e
org.wildfly.security	wildfly-elytron-tool	2.0.0.Final		0743d35cedfcbe15fd768a5c37d2826cc4664b29
org.wildfly.security	wildfly-elytron-tool	2.1.0.Final		f8ec2237d3bfa2b766f7c13e390fcab5a778058a
org.wildfly.security	wildfly-elytron-tool	2.2.0.Final		53f948c217c855df51d7b5cde23f579cef154d0d
org.wildfly.security	wildfly-elytron-tool	2.2.1.Final		76e8098ace190d8239beb2e437725ffd7877ee96
org.wildfly.security	wildfly-elytron-tool	2.2.10.Final		a68b886123476d67712ea0c1cd177b427eb3077e
org.wildfly.security	wildfly-elytron-tool	2.2.11.Final		f046fe702caf16acbe4b322807172c4a9d4d6575
org.wildfly.security	wildfly-elytron-tool	2.2.2.Final		81e1a6193ab574ec23f7c3c2ce263f1f7288fa0b
org.wildfly.security	wildfly-elytron-tool	2.2.3.Final		4c574769e4cf87ff53f63c5daef079175ef2b095
org.wildfly.security	wildfly-elytron-tool	2.2.4.Final		d776e874fa85aef39b72a9b66cc575f1aa2c2b63
org.wildfly.security	wildfly-elytron-tool	2.2.5.Final		8f946cb6c167804f6a297f3801aebecee7532bbf
org.wildfly.security	wildfly-elytron-tool	2.2.6.Final		76072ee2c8edea2f999cc451354205e066e0ffff
org.wildfly.security	wildfly-elytron-tool	2.2.7.Final		600e59184f0a12c33968e3a5a2a2c8a8b1dc02d0
org.wildfly.security	wildfly-elytron-tool	2.2.8.Final		24fa0c40326946ddc069cae52975da50853df366
org.wildfly.security	wildfly-elytron-tool	2.2.9.Final		3099a82cac77d3c1e1e2c020c426817eb9e53828
org.wildfly.security	wildfly-elytron-tool	2.3.0.Final		58887ef44ac7e6c05008cbb02b635eaa6d392c1b
org.wildfly.security	wildfly-elytron-tool	2.3.1.Final		f4fd42197b60b833a2c4e9088e4d099e73cb7e5c
org.wildfly.security	wildfly-elytron-tool	2.4.0.CR1		0bae4afacd5e481ecf3934fb2fb59062e442ae76
org.wildfly.security	wildfly-elytron-tool	2.4.0.Final		06da727a3c838c3e68a18280635073ff30561ef2
org.wildfly.security	wildfly-elytron-tool	2.4.1.Final		bcb575e4c568c8addcaa4e279bb943cf2ced21e0
org.wildfly.security	wildfly-elytron-tool	2.4.2.Final		74541f464320714fa4eefa415defd525b4ee1e29
org.wildfly.security	wildfly-elytron-tool	2.5.0.CR1		9554a13b63aacae0f6a0d3aeabb7458bd04a174b
org.wildfly.security	wildfly-elytron-tool	2.5.0.Final		f9dac03bc71af907bdfac3f2e2a23167c69bac24
org.wildfly.security	wildfly-elytron-tool	2.5.1.Final		3cd8b5713dee299b3cd7a40f5eabb6d5c820e4df
org.wildfly.security	wildfly-elytron-tool	2.5.2.Final		6bf30e0d86c905e813deeca74dfb23fc5c7dbe77
org.wildfly.security	wildfly-elytron-tool	2.6.0.Final		764c166d1c0f9e3637c045d10f3f6092787d636c
org.wildfly.security	wildfly-elytron-tool	2.6.1.Final		4b1372e153981722e6cadf10e547935145e138c3
org.wildfly.security	wildfly-elytron-tool	2.6.2.Final		3a92fc31369ef91402d2757496ddeac7d78268d3
org.wildfly.security	wildfly-elytron-tool	2.6.3.Final		202f7cbb23fa272935b9509899fe42cddab98ce4
org.wildfly.security	wildfly-elytron-tool	2.6.4.Final		659319ff7309c18aac5f187cfe17cc95bc7cdbee
org.wso2.carbon.identity.framework	org.wso2.carbon.identity.notification.mgt.category.feature	5.10.0		N/A
org.wso2.carbon.identity.framework	org.wso2.carbon.identity.notification.mgt.category.feature	5.10.1		N/A
org.wso2.carbon.identity.framework	org.wso2.carbon.identity.notification.mgt.category.feature	5.10.10		N/A
org.wso2.carbon.identity.framework	org.wso2.carbon.identity.notification.mgt.category.feature	5.10.100		N/A
org.wso2.carbon.identity.framework	org.wso2.carbon.identity.notification.mgt.category.feature	5.10.101		N/A
org.wso2.carbon.identity.framework	org.wso2.carbon.identity.notification.mgt.category.feature	5.10.102		N/A
org.wso2.carbon.identity.framework	org.wso2.carbon.identity.notification.mgt.category.feature	5.10.103		N/A
org.wso2.carbon.identity.framework	org.wso2.carbon.identity.notification.mgt.category.feature	5.10.104		N/A
org.wso2.carbon.identity.framework	org.wso2.carbon.identity.notification.mgt.category.feature	5.10.105		N/A
org.wso2.carbon.identity.framework	org.wso2.carbon.identity.notification.mgt.category.feature	5.10.106		N/A
org.wso2.carbon.identity.framework	org.wso2.carbon.identity.notification.mgt.category.feature	5.10.107		N/A
org.wso2.carbon.identity.framework	org.wso2.carbon.identity.notification.mgt.category.feature	5.10.108		N/A
org.wso2.carbon.identity.framework	org.wso2.carbon.identity.notification.mgt.category.feature	5.10.109		N/A
org.wso2.carbon.identity.framework	org.wso2.carbon.identity.notification.mgt.category.feature	5.10.11		N/A
org.wso2.carbon.identity.framework	org.wso2.carbon.identity.notification.mgt.category.feature	5.10.110		N/A
org.wso2.carbon.identity.framework	org.wso2.carbon.identity.notification.mgt.category.feature	5.10.111		N/A
org.wso2.carbon.identity.framework	org.wso2.carbon.identity.notification.mgt.category.feature	5.10.112		N/A
org.wso2.carbon.identity.framework	org.wso2.carbon.identity.notification.mgt.category.feature	5.10.113		N/A
org.wso2.carbon.identity.framework	org.wso2.carbon.identity.notification.mgt.category.feature	5.10.114		N/A
org.wso2.carbon.identity.framework	org.wso2.carbon.identity.notification.mgt.category.feature	5.10.115		N/A
org.wso2.carbon.identity.framework	org.wso2.carbon.identity.notification.mgt.category.feature	5.10.116		N/A
org.wso2.carbon.identity.framework	org.wso2.carbon.identity.notification.mgt.category.feature	5.10.117		N/A
org.wso2.carbon.identity.framework	org.wso2.carbon.identity.notification.mgt.category.feature	5.10.118		N/A
org.wso2.carbon.identity.framework	org.wso2.carbon.identity.notification.mgt.category.feature	5.10.119		N/A
org.wso2.carbon.identity.framework	org.wso2.carbon.identity.notification.mgt.category.feature	5.10.12		N/A
org.wso2.carbon.identity.framework	org.wso2.carbon.identity.notification.mgt.category.feature	5.10.120		N/A
org.wso2.carbon.identity.framework	org.wso2.carbon.identity.notification.mgt.category.feature	5.10.121		N/A
org.wso2.carbon.identity.framework	org.wso2.carbon.identity.notification.mgt.category.feature	5.10.122		N/A
org.wso2.carbon.identity.framework	org.wso2.carbon.identity.notification.mgt.category.feature	5.10.123		N/A
org.wso2.carbon.identity.framework	org.wso2.carbon.identity.notification.mgt.category.feature	5.10.124		N/A
org.wso2.carbon.identity.framework	org.wso2.carbon.identity.notification.mgt.category.feature	5.10.125		N/A
org.wso2.carbon.identity.framework	org.wso2.carbon.identity.notification.mgt.category.feature	5.10.126		N/A
org.wso2.carbon.identity.framework	org.wso2.carbon.identity.notification.mgt.category.feature	5.10.127		N/A
org.wso2.carbon.identity.framework	org.wso2.carbon.identity.notification.mgt.category.feature	5.10.128		N/A
org.wso2.carbon.identity.framework	org.wso2.carbon.identity.notification.mgt.category.feature	5.10.129		N/A
org.wso2.carbon.identity.framework	org.wso2.carbon.identity.notification.mgt.category.feature	5.10.13		N/A
org.wso2.carbon.identity.framework	org.wso2.carbon.identity.notification.mgt.category.feature	5.10.130		N/A
org.wso2.carbon.identity.framework	org.wso2.carbon.identity.notification.mgt.category.feature	5.10.131		N/A
org.wso2.carbon.identity.framework	org.wso2.carbon.identity.notification.mgt.category.feature	5.10.132		N/A
org.wso2.carbon.identity.framework	org.wso2.carbon.identity.notification.mgt.category.feature	5.10.133		N/A
org.wso2.carbon.identity.framework	org.wso2.carbon.identity.notification.mgt.category.feature	5.10.134		N/A
org.wso2.carbon.identity.framework	org.wso2.carbon.identity.notification.mgt.category.feature	5.10.14		N/A
org.wso2.carbon.identity.framework	org.wso2.carbon.identity.notification.mgt.category.feature	5.10.15		N/A
org.wso2.carbon.identity.framework	org.wso2.carbon.identity.notification.mgt.category.feature	5.10.16		N/A
org.wso2.carbon.identity.framework	org.wso2.carbon.identity.notification.mgt.category.feature	5.10.17		N/A
org.wso2.carbon.identity.framework	org.wso2.carbon.identity.notification.mgt.category.feature	5.10.18		N/A
org.wso2.carbon.identity.framework	org.wso2.carbon.identity.notification.mgt.category.feature	5.10.19		N/A
org.wso2.carbon.identity.framework	org.wso2.carbon.identity.notification.mgt.category.feature	5.10.2		N/A
org.wso2.carbon.identity.framework	org.wso2.carbon.identity.notification.mgt.category.feature	5.10.20		N/A
org.wso2.carbon.identity.framework	org.wso2.carbon.identity.notification.mgt.category.feature	5.10.21		N/A
org.wso2.carbon.identity.framework	org.wso2.carbon.identity.notification.mgt.category.feature	5.10.22		N/A
org.wso2.carbon.identity.framework	org.wso2.carbon.identity.notification.mgt.category.feature	5.10.23		N/A
org.wso2.carbon.identity.framework	org.wso2.carbon.identity.notification.mgt.category.feature	5.10.24		N/A
org.wso2.carbon.identity.framework	org.wso2.carbon.identity.notification.mgt.category.feature	5.10.25		N/A
org.wso2.carbon.identity.framework	org.wso2.carbon.identity.notification.mgt.category.feature	5.10.26		N/A
org.wso2.carbon.identity.framework	org.wso2.carbon.identity.notification.mgt.category.feature	5.10.27		N/A
org.wso2.carbon.identity.framework	org.wso2.carbon.identity.notification.mgt.category.feature	5.10.28		N/A
org.wso2.carbon.identity.framework	org.wso2.carbon.identity.notification.mgt.category.feature	5.10.29		N/A
org.wso2.carbon.identity.framework	org.wso2.carbon.identity.notification.mgt.category.feature	5.10.3		N/A
org.wso2.carbon.identity.framework	org.wso2.carbon.identity.notification.mgt.category.feature	5.10.30		N/A
org.wso2.carbon.identity.framework	org.wso2.carbon.identity.notification.mgt.category.feature	5.10.31		N/A
org.wso2.carbon.identity.framework	org.wso2.carbon.identity.notification.mgt.category.feature	5.10.32		N/A
org.wso2.carbon.identity.framework	org.wso2.carbon.identity.notification.mgt.category.feature	5.10.33		N/A
org.wso2.carbon.identity.framework	org.wso2.carbon.identity.notification.mgt.category.feature	5.10.34		N/A
org.wso2.carbon.identity.framework	org.wso2.carbon.identity.notification.mgt.category.feature	5.10.35		N/A
org.wso2.carbon.identity.framework	org.wso2.carbon.identity.notification.mgt.category.feature	5.10.36		N/A
org.wso2.carbon.identity.framework	org.wso2.carbon.identity.notification.mgt.category.feature	5.10.37		N/A
org.wso2.carbon.identity.framework	org.wso2.carbon.identity.notification.mgt.category.feature	5.10.38		N/A
org.wso2.carbon.identity.framework	org.wso2.carbon.identity.notification.mgt.category.feature	5.10.39		N/A
org.wso2.carbon.identity.framework	org.wso2.carbon.identity.notification.mgt.category.feature	5.10.4		N/A
org.wso2.carbon.identity.framework	org.wso2.carbon.identity.notification.mgt.category.feature	5.10.40		N/A
org.wso2.carbon.identity.framework	org.wso2.carbon.identity.notification.mgt.category.feature	5.10.41		N/A
org.wso2.carbon.identity.framework	org.wso2.carbon.identity.notification.mgt.category.feature	5.10.42		N/A
org.wso2.carbon.identity.framework	org.wso2.carbon.identity.notification.mgt.category.feature	5.10.43		N/A
org.wso2.carbon.identity.framework	org.wso2.carbon.identity.notification.mgt.category.feature	5.10.44		N/A
org.wso2.carbon.identity.framework	org.wso2.carbon.identity.notification.mgt.category.feature	5.10.45		N/A
org.wso2.carbon.identity.framework	org.wso2.carbon.identity.notification.mgt.category.feature	5.10.46		N/A
org.wso2.carbon.identity.framework	org.wso2.carbon.identity.notification.mgt.category.feature	5.10.47		N/A
org.wso2.carbon.identity.framework	org.wso2.carbon.identity.notification.mgt.category.feature	5.10.48		N/A
org.wso2.carbon.identity.framework	org.wso2.carbon.identity.notification.mgt.category.feature	5.10.49		N/A
org.wso2.carbon.identity.framework	org.wso2.carbon.identity.notification.mgt.category.feature	5.10.5		N/A
org.wso2.carbon.identity.framework	org.wso2.carbon.identity.notification.mgt.category.feature	5.10.50		N/A
org.wso2.carbon.identity.framework	org.wso2.carbon.identity.notification.mgt.category.feature	5.10.51		N/A
org.wso2.carbon.identity.framework	org.wso2.carbon.identity.notification.mgt.category.feature	5.10.52		N/A
org.wso2.carbon.identity.framework	org.wso2.carbon.identity.notification.mgt.category.feature	5.10.53		N/A
org.wso2.carbon.identity.framework	org.wso2.carbon.identity.notification.mgt.category.feature	5.10.54		N/A
org.wso2.carbon.identity.framework	org.wso2.carbon.identity.notification.mgt.category.feature	5.10.55		N/A
org.wso2.carbon.identity.framework	org.wso2.carbon.identity.notification.mgt.category.feature	5.10.56		N/A
org.wso2.carbon.identity.framework	org.wso2.carbon.identity.notification.mgt.category.feature	5.10.57		N/A
org.wso2.carbon.identity.framework	org.wso2.carbon.identity.notification.mgt.category.feature	5.10.58		N/A
org.wso2.carbon.identity.framework	org.wso2.carbon.identity.notification.mgt.category.feature	5.10.59		N/A
org.wso2.carbon.identity.framework	org.wso2.carbon.identity.notification.mgt.category.feature	5.10.6		N/A
org.wso2.carbon.identity.framework	org.wso2.carbon.identity.notification.mgt.category.feature	5.10.60		N/A
org.wso2.carbon.identity.framework	org.wso2.carbon.identity.notification.mgt.category.feature	5.10.61		N/A
org.wso2.carbon.identity.framework	org.wso2.carbon.identity.notification.mgt.category.feature	5.10.62		N/A
org.wso2.carbon.identity.framework	org.wso2.carbon.identity.notification.mgt.category.feature	5.10.63		N/A
org.wso2.carbon.identity.framework	org.wso2.carbon.identity.notification.mgt.category.feature	5.10.64		N/A
org.wso2.carbon.identity.framework	org.wso2.carbon.identity.notification.mgt.category.feature	5.10.65		N/A
org.wso2.carbon.identity.framework	org.wso2.carbon.identity.notification.mgt.category.feature	5.10.66		N/A
org.wso2.carbon.identity.framework	org.wso2.carbon.identity.notification.mgt.category.feature	5.10.67		N/A
org.wso2.carbon.identity.framework	org.wso2.carbon.identity.notification.mgt.category.feature	5.10.68		N/A
org.wso2.carbon.identity.framework	org.wso2.carbon.identity.notification.mgt.category.feature	5.10.69		N/A
org.wso2.carbon.identity.framework	org.wso2.carbon.identity.notification.mgt.category.feature	5.10.7		N/A
org.wso2.carbon.identity.framework	org.wso2.carbon.identity.notification.mgt.category.feature	5.10.70		N/A
org.wso2.carbon.identity.framework	org.wso2.carbon.identity.notification.mgt.category.feature	5.10.71		N/A
org.wso2.carbon.identity.framework	org.wso2.carbon.identity.notification.mgt.category.feature	5.10.72		N/A
org.wso2.carbon.identity.framework	org.wso2.carbon.identity.notification.mgt.category.feature	5.10.73		N/A
org.wso2.carbon.identity.framework	org.wso2.carbon.identity.notification.mgt.category.feature	5.10.74		N/A
org.wso2.carbon.identity.framework	org.wso2.carbon.identity.notification.mgt.category.feature	5.10.75		N/A
org.wso2.carbon.identity.framework	org.wso2.carbon.identity.notification.mgt.category.feature	5.10.76		N/A
org.wso2.carbon.identity.framework	org.wso2.carbon.identity.notification.mgt.category.feature	5.10.77		N/A
org.wso2.carbon.identity.framework	org.wso2.carbon.identity.notification.mgt.category.feature	5.10.78		N/A
org.wso2.carbon.identity.framework	org.wso2.carbon.identity.notification.mgt.category.feature	5.10.79		N/A
org.wso2.carbon.identity.framework	org.wso2.carbon.identity.notification.mgt.category.feature	5.10.8		N/A
org.wso2.carbon.identity.framework	org.wso2.carbon.identity.notification.mgt.category.feature	5.10.80		N/A
org.wso2.carbon.identity.framework	org.wso2.carbon.identity.notification.mgt.category.feature	5.10.81		N/A
org.wso2.carbon.identity.framework	org.wso2.carbon.identity.notification.mgt.category.feature	5.10.82		N/A
org.wso2.carbon.identity.framework	org.wso2.carbon.identity.notification.mgt.category.feature	5.10.83		N/A
org.wso2.carbon.identity.framework	org.wso2.carbon.identity.notification.mgt.category.feature	5.10.84		N/A
org.wso2.carbon.identity.framework	org.wso2.carbon.identity.notification.mgt.category.feature	5.10.85		N/A
org.wso2.carbon.identity.framework	org.wso2.carbon.identity.notification.mgt.category.feature	5.10.86		N/A
org.wso2.carbon.identity.framework	org.wso2.carbon.identity.notification.mgt.category.feature	5.10.87		N/A
org.wso2.carbon.identity.framework	org.wso2.carbon.identity.notification.mgt.category.feature	5.10.88		N/A
org.wso2.carbon.identity.framework	org.wso2.carbon.identity.notification.mgt.category.feature	5.10.89		N/A
org.wso2.carbon.identity.framework	org.wso2.carbon.identity.notification.mgt.category.feature	5.10.9		N/A
org.wso2.carbon.identity.framework	org.wso2.carbon.identity.notification.mgt.category.feature	5.10.90		N/A
org.wso2.carbon.identity.framework	org.wso2.carbon.identity.notification.mgt.category.feature	5.10.91		N/A
org.wso2.carbon.identity.framework	org.wso2.carbon.identity.notification.mgt.category.feature	5.10.92		N/A
org.wso2.carbon.identity.framework	org.wso2.carbon.identity.notification.mgt.category.feature	5.10.93		N/A
org.wso2.carbon.identity.framework	org.wso2.carbon.identity.notification.mgt.category.feature	5.10.94		N/A
org.wso2.carbon.identity.framework	org.wso2.carbon.identity.notification.mgt.category.feature	5.10.95		N/A
org.wso2.carbon.identity.framework	org.wso2.carbon.identity.notification.mgt.category.feature	5.10.96		N/A
org.wso2.carbon.identity.framework	org.wso2.carbon.identity.notification.mgt.category.feature	5.10.97		N/A
org.wso2.carbon.identity.framework	org.wso2.carbon.identity.notification.mgt.category.feature	5.10.98		N/A
org.wso2.carbon.identity.framework	org.wso2.carbon.identity.notification.mgt.category.feature	5.10.99		N/A
org.wso2.carbon.identity.framework	org.wso2.carbon.identity.notification.mgt.category.feature	5.11.0		N/A
org.wso2.carbon.identity.framework	org.wso2.carbon.identity.notification.mgt.category.feature	5.11.1		N/A
org.wso2.carbon.identity.framework	org.wso2.carbon.identity.notification.mgt.category.feature	5.11.10		N/A
org.wso2.carbon.identity.framework	org.wso2.carbon.identity.notification.mgt.category.feature	5.11.100		N/A
org.wso2.carbon.identity.framework	org.wso2.carbon.identity.notification.mgt.category.feature	5.11.101		N/A
org.wso2.carbon.identity.framework	org.wso2.carbon.identity.notification.mgt.category.feature	5.11.102		N/A
org.wso2.carbon.identity.framework	org.wso2.carbon.identity.notification.mgt.category.feature	5.11.103		N/A
org.wso2.carbon.identity.framework	org.wso2.carbon.identity.notification.mgt.category.feature	5.11.104		N/A
org.wso2.carbon.identity.framework	org.wso2.carbon.identity.notification.mgt.category.feature	5.11.105		N/A
org.wso2.carbon.identity.framework	org.wso2.carbon.identity.notification.mgt.category.feature	5.11.106		N/A
org.wso2.carbon.identity.framework	org.wso2.carbon.identity.notification.mgt.category.feature	5.11.107		N/A
org.wso2.carbon.identity.framework	org.wso2.carbon.identity.notification.mgt.category.feature	5.11.108		N/A
org.wso2.carbon.identity.framework	org.wso2.carbon.identity.notification.mgt.category.feature	5.11.109		N/A
org.wso2.carbon.identity.framework	org.wso2.carbon.identity.notification.mgt.category.feature	5.11.11		N/A
org.wso2.carbon.identity.framework	org.wso2.carbon.identity.notification.mgt.category.feature	5.11.110		N/A
org.wso2.carbon.identity.framework	org.wso2.carbon.identity.notification.mgt.category.feature	5.11.111		N/A
org.wso2.carbon.identity.framework	org.wso2.carbon.identity.notification.mgt.category.feature	5.11.112		N/A
org.wso2.carbon.identity.framework	org.wso2.carbon.identity.notification.mgt.category.feature	5.11.113		N/A
org.wso2.carbon.identity.framework	org.wso2.carbon.identity.notification.mgt.category.feature	5.11.114		N/A
org.wso2.carbon.identity.framework	org.wso2.carbon.identity.notification.mgt.category.feature	5.11.115		N/A
org.wso2.carbon.identity.framework	org.wso2.carbon.identity.notification.mgt.category.feature	5.11.116		N/A
org.wso2.carbon.identity.framework	org.wso2.carbon.identity.notification.mgt.category.feature	5.11.117		N/A
org.wso2.carbon.identity.framework	org.wso2.carbon.identity.notification.mgt.category.feature	5.11.118		N/A
org.wso2.carbon.identity.framework	org.wso2.carbon.identity.notification.mgt.category.feature	5.11.119		N/A
org.wso2.carbon.identity.framework	org.wso2.carbon.identity.notification.mgt.category.feature	5.11.12		N/A
org.wso2.carbon.identity.framework	org.wso2.carbon.identity.notification.mgt.category.feature	5.11.120		N/A
org.wso2.carbon.identity.framework	org.wso2.carbon.identity.notification.mgt.category.feature	5.11.121		N/A
org.wso2.carbon.identity.framework	org.wso2.carbon.identity.notification.mgt.category.feature	5.11.122		N/A
org.wso2.carbon.identity.framework	org.wso2.carbon.identity.notification.mgt.category.feature	5.11.123		N/A
org.wso2.carbon.identity.framework	org.wso2.carbon.identity.notification.mgt.category.feature	5.11.124		N/A
org.wso2.carbon.identity.framework	org.wso2.carbon.identity.notification.mgt.category.feature	5.11.125		N/A
org.wso2.carbon.identity.framework	org.wso2.carbon.identity.notification.mgt.category.feature	5.11.126		N/A
org.wso2.carbon.identity.framework	org.wso2.carbon.identity.notification.mgt.category.feature	5.11.127		N/A
org.wso2.carbon.identity.framework	org.wso2.carbon.identity.notification.mgt.category.feature	5.11.128		N/A
org.wso2.carbon.identity.framework	org.wso2.carbon.identity.notification.mgt.category.feature	5.11.129		N/A
org.wso2.carbon.identity.framework	org.wso2.carbon.identity.notification.mgt.category.feature	5.11.13		N/A
org.wso2.carbon.identity.framework	org.wso2.carbon.identity.notification.mgt.category.feature	5.11.130		N/A
org.wso2.carbon.identity.framework	org.wso2.carbon.identity.notification.mgt.category.feature	5.11.131		N/A
org.wso2.carbon.identity.framework	org.wso2.carbon.identity.notification.mgt.category.feature	5.11.132		N/A
org.wso2.carbon.identity.framework	org.wso2.carbon.identity.notification.mgt.category.feature	5.11.133		N/A
org.wso2.carbon.identity.framework	org.wso2.carbon.identity.notification.mgt.category.feature	5.11.134		N/A
org.wso2.carbon.identity.framework	org.wso2.carbon.identity.notification.mgt.category.feature	5.11.135		N/A
org.wso2.carbon.identity.framework	org.wso2.carbon.identity.notification.mgt.category.feature	5.11.136		N/A
org.wso2.carbon.identity.framework	org.wso2.carbon.identity.notification.mgt.category.feature	5.11.137		N/A
org.wso2.carbon.identity.framework	org.wso2.carbon.identity.notification.mgt.category.feature	5.11.138		N/A
org.wso2.carbon.identity.framework	org.wso2.carbon.identity.notification.mgt.category.feature	5.11.139		N/A
org.wso2.carbon.identity.framework	org.wso2.carbon.identity.notification.mgt.category.feature	5.11.14		N/A
org.wso2.carbon.identity.framework	org.wso2.carbon.identity.notification.mgt.category.feature	5.11.140		N/A
org.wso2.carbon.identity.framework	org.wso2.carbon.identity.notification.mgt.category.feature	5.11.141		N/A
org.wso2.carbon.identity.framework	org.wso2.carbon.identity.notification.mgt.category.feature	5.11.142		N/A
org.wso2.carbon.identity.framework	org.wso2.carbon.identity.notification.mgt.category.feature	5.11.143		N/A
org.wso2.carbon.identity.framework	org.wso2.carbon.identity.notification.mgt.category.feature	5.11.144		N/A
org.wso2.carbon.identity.framework	org.wso2.carbon.identity.notification.mgt.category.feature	5.11.145		N/A
org.wso2.carbon.identity.framework	org.wso2.carbon.identity.notification.mgt.category.feature	5.11.146		N/A
org.wso2.carbon.identity.framework	org.wso2.carbon.identity.notification.mgt.category.feature	5.11.147		N/A
org.wso2.carbon.identity.framework	org.wso2.carbon.identity.notification.mgt.category.feature	5.11.148		N/A
org.wso2.carbon.identity.framework	org.wso2.carbon.identity.notification.mgt.category.feature	5.11.149		N/A
org.wso2.carbon.identity.framework	org.wso2.carbon.identity.notification.mgt.category.feature	5.11.15		N/A
org.wso2.carbon.identity.framework	org.wso2.carbon.identity.notification.mgt.category.feature	5.11.150		N/A
org.wso2.carbon.identity.framework	org.wso2.carbon.identity.notification.mgt.category.feature	5.11.151		N/A
org.wso2.carbon.identity.framework	org.wso2.carbon.identity.notification.mgt.category.feature	5.11.152		N/A
org.wso2.carbon.identity.framework	org.wso2.carbon.identity.notification.mgt.category.feature	5.11.153		N/A
org.wso2.carbon.identity.framework	org.wso2.carbon.identity.notification.mgt.category.feature	5.11.154		N/A
org.wso2.carbon.identity.framework	org.wso2.carbon.identity.notification.mgt.category.feature	5.11.155		N/A
org.wso2.carbon.identity.framework	org.wso2.carbon.identity.notification.mgt.category.feature	5.11.156		N/A
org.wso2.carbon.identity.framework	org.wso2.carbon.identity.notification.mgt.category.feature	5.11.157		N/A
org.wso2.carbon.identity.framework	org.wso2.carbon.identity.notification.mgt.category.feature	5.11.158		N/A
org.wso2.carbon.identity.framework	org.wso2.carbon.identity.notification.mgt.category.feature	5.11.159		N/A
org.wso2.carbon.identity.framework	org.wso2.carbon.identity.notification.mgt.category.feature	5.11.16		N/A
org.wso2.carbon.identity.framework	org.wso2.carbon.identity.notification.mgt.category.feature	5.11.160		N/A
org.wso2.carbon.identity.framework	org.wso2.carbon.identity.notification.mgt.category.feature	5.11.161		N/A
org.wso2.carbon.identity.framework	org.wso2.carbon.identity.notification.mgt.category.feature	5.11.162		N/A
org.wso2.carbon.identity.framework	org.wso2.carbon.identity.notification.mgt.category.feature	5.11.163		N/A
org.wso2.carbon.identity.framework	org.wso2.carbon.identity.notification.mgt.category.feature	5.11.164		N/A
org.wso2.carbon.identity.framework	org.wso2.carbon.identity.notification.mgt.category.feature	5.11.165		N/A
org.wso2.carbon.identity.framework	org.wso2.carbon.identity.notification.mgt.category.feature	5.11.166		N/A
org.wso2.carbon.identity.framework	org.wso2.carbon.identity.notification.mgt.category.feature	5.11.167		N/A
org.wso2.carbon.identity.framework	org.wso2.carbon.identity.notification.mgt.category.feature	5.11.168		N/A
org.wso2.carbon.identity.framework	org.wso2.carbon.identity.notification.mgt.category.feature	5.11.169		N/A
org.wso2.carbon.identity.framework	org.wso2.carbon.identity.notification.mgt.category.feature	5.11.17		N/A
org.wso2.carbon.identity.framework	org.wso2.carbon.identity.notification.mgt.category.feature	5.11.170		N/A
org.wso2.carbon.identity.framework	org.wso2.carbon.identity.notification.mgt.category.feature	5.11.171		N/A
org.wso2.carbon.identity.framework	org.wso2.carbon.identity.notification.mgt.category.feature	5.11.172		N/A
org.wso2.carbon.identity.framework	org.wso2.carbon.identity.notification.mgt.category.feature	5.11.173		N/A
org.wso2.carbon.identity.framework	org.wso2.carbon.identity.notification.mgt.category.feature	5.11.174		N/A
org.wso2.carbon.identity.framework	org.wso2.carbon.identity.notification.mgt.category.feature	5.11.175		N/A
org.wso2.carbon.identity.framework	org.wso2.carbon.identity.notification.mgt.category.feature	5.11.176		N/A
org.wso2.carbon.identity.framework	org.wso2.carbon.identity.notification.mgt.category.feature	5.11.177		N/A
org.wso2.carbon.identity.framework	org.wso2.carbon.identity.notification.mgt.category.feature	5.11.178		N/A
org.wso2.carbon.identity.framework	org.wso2.carbon.identity.notification.mgt.category.feature	5.11.179		N/A
org.wso2.carbon.identity.framework	org.wso2.carbon.identity.notification.mgt.category.feature	5.11.18		N/A
org.wso2.carbon.identity.framework	org.wso2.carbon.identity.notification.mgt.category.feature	5.11.180		N/A
org.wso2.carbon.identity.framework	org.wso2.carbon.identity.notification.mgt.category.feature	5.11.181		N/A
org.wso2.carbon.identity.framework	org.wso2.carbon.identity.notification.mgt.category.feature	5.11.182		N/A
org.wso2.carbon.identity.framework	org.wso2.carbon.identity.notification.mgt.category.feature	5.11.183		N/A
org.wso2.carbon.identity.framework	org.wso2.carbon.identity.notification.mgt.category.feature	5.11.184		N/A
org.wso2.carbon.identity.framework	org.wso2.carbon.identity.notification.mgt.category.feature	5.11.185		N/A
org.wso2.carbon.identity.framework	org.wso2.carbon.identity.notification.mgt.category.feature	5.11.186		N/A
org.wso2.carbon.identity.framework	org.wso2.carbon.identity.notification.mgt.category.feature	5.11.187		N/A
org.wso2.carbon.identity.framework	org.wso2.carbon.identity.notification.mgt.category.feature	5.11.188		N/A
org.wso2.carbon.identity.framework	org.wso2.carbon.identity.notification.mgt.category.feature	5.11.189		N/A
org.wso2.carbon.identity.framework	org.wso2.carbon.identity.notification.mgt.category.feature	5.11.19		N/A
org.wso2.carbon.identity.framework	org.wso2.carbon.identity.notification.mgt.category.feature	5.11.190		N/A
org.wso2.carbon.identity.framework	org.wso2.carbon.identity.notification.mgt.category.feature	5.11.191		N/A
org.wso2.carbon.identity.framework	org.wso2.carbon.identity.notification.mgt.category.feature	5.11.192		N/A
org.wso2.carbon.identity.framework	org.wso2.carbon.identity.notification.mgt.category.feature	5.11.193		N/A
org.wso2.carbon.identity.framework	org.wso2.carbon.identity.notification.mgt.category.feature	5.11.194		N/A
org.wso2.carbon.identity.framework	org.wso2.carbon.identity.notification.mgt.category.feature	5.11.195		N/A
org.wso2.carbon.identity.framework	org.wso2.carbon.identity.notification.mgt.category.feature	5.11.196		N/A
org.wso2.carbon.identity.framework	org.wso2.carbon.identity.notification.mgt.category.feature	5.11.197		N/A
org.wso2.carbon.identity.framework	org.wso2.carbon.identity.notification.mgt.category.feature	5.11.198		N/A
org.wso2.carbon.identity.framework	org.wso2.carbon.identity.notification.mgt.category.feature	5.11.199		N/A
org.wso2.carbon.identity.framework	org.wso2.carbon.identity.notification.mgt.category.feature	5.11.2		N/A
org.wso2.carbon.identity.framework	org.wso2.carbon.identity.notification.mgt.category.feature	5.11.20		N/A
org.wso2.carbon.identity.framework	org.wso2.carbon.identity.notification.mgt.category.feature	5.11.200		N/A
org.wso2.carbon.identity.framework	org.wso2.carbon.identity.notification.mgt.category.feature	5.11.201		N/A
org.wso2.carbon.identity.framework	org.wso2.carbon.identity.notification.mgt.category.feature	5.11.202		N/A
org.wso2.carbon.identity.framework	org.wso2.carbon.identity.notification.mgt.category.feature	5.11.203		N/A
org.wso2.carbon.identity.framework	org.wso2.carbon.identity.notification.mgt.category.feature	5.11.204		N/A
org.wso2.carbon.identity.framework	org.wso2.carbon.identity.notification.mgt.category.feature	5.11.205		N/A
org.wso2.carbon.identity.framework	org.wso2.carbon.identity.notification.mgt.category.feature	5.11.206		N/A
org.wso2.carbon.identity.framework	org.wso2.carbon.identity.notification.mgt.category.feature	5.11.207		N/A
org.wso2.carbon.identity.framework	org.wso2.carbon.identity.notification.mgt.category.feature	5.11.208		N/A
org.wso2.carbon.identity.framework	org.wso2.carbon.identity.notification.mgt.category.feature	5.11.209		N/A
org.wso2.carbon.identity.framework	org.wso2.carbon.identity.notification.mgt.category.feature	5.11.21		N/A
org.wso2.carbon.identity.framework	org.wso2.carbon.identity.notification.mgt.category.feature	5.11.210		N/A
org.wso2.carbon.identity.framework	org.wso2.carbon.identity.notification.mgt.category.feature	5.11.211		N/A
org.wso2.carbon.identity.framework	org.wso2.carbon.identity.notification.mgt.category.feature	5.11.212		N/A
org.wso2.carbon.identity.framework	org.wso2.carbon.identity.notification.mgt.category.feature	5.11.213		N/A
org.wso2.carbon.identity.framework	org.wso2.carbon.identity.notification.mgt.category.feature	5.11.214		N/A
org.wso2.carbon.identity.framework	org.wso2.carbon.identity.notification.mgt.category.feature	5.11.215		N/A
org.wso2.carbon.identity.framework	org.wso2.carbon.identity.notification.mgt.category.feature	5.11.216		N/A
org.wso2.carbon.identity.framework	org.wso2.carbon.identity.notification.mgt.category.feature	5.11.217		N/A
org.wso2.carbon.identity.framework	org.wso2.carbon.identity.notification.mgt.category.feature	5.11.218		N/A
org.wso2.carbon.identity.framework	org.wso2.carbon.identity.notification.mgt.category.feature	5.11.219		N/A
org.wso2.carbon.identity.framework	org.wso2.carbon.identity.notification.mgt.category.feature	5.11.22		N/A
org.wso2.carbon.identity.framework	org.wso2.carbon.identity.notification.mgt.category.feature	5.11.220		N/A
org.wso2.carbon.identity.framework	org.wso2.carbon.identity.notification.mgt.category.feature	5.11.221		N/A
org.wso2.carbon.identity.framework	org.wso2.carbon.identity.notification.mgt.category.feature	5.11.222		N/A
org.wso2.carbon.identity.framework	org.wso2.carbon.identity.notification.mgt.category.feature	5.11.223		N/A
org.wso2.carbon.identity.framework	org.wso2.carbon.identity.notification.mgt.category.feature	5.11.224		N/A
org.wso2.carbon.identity.framework	org.wso2.carbon.identity.notification.mgt.category.feature	5.11.225		N/A
org.wso2.carbon.identity.framework	org.wso2.carbon.identity.notification.mgt.category.feature	5.11.226		N/A
org.wso2.carbon.identity.framework	org.wso2.carbon.identity.notification.mgt.category.feature	5.11.227		N/A
org.wso2.carbon.identity.framework	org.wso2.carbon.identity.notification.mgt.category.feature	5.11.228		N/A
org.wso2.carbon.identity.framework	org.wso2.carbon.identity.notification.mgt.category.feature	5.11.229		N/A
org.wso2.carbon.identity.framework	org.wso2.carbon.identity.notification.mgt.category.feature	5.11.23		N/A
org.wso2.carbon.identity.framework	org.wso2.carbon.identity.notification.mgt.category.feature	5.11.230		N/A
org.wso2.carbon.identity.framework	org.wso2.carbon.identity.notification.mgt.category.feature	5.11.231		N/A
org.wso2.carbon.identity.framework	org.wso2.carbon.identity.notification.mgt.category.feature	5.11.232		N/A
org.wso2.carbon.identity.framework	org.wso2.carbon.identity.notification.mgt.category.feature	5.11.233		N/A
org.wso2.carbon.identity.framework	org.wso2.carbon.identity.notification.mgt.category.feature	5.11.234		N/A
org.wso2.carbon.identity.framework	org.wso2.carbon.identity.notification.mgt.category.feature	5.11.235		N/A
org.wso2.carbon.identity.framework	org.wso2.carbon.identity.notification.mgt.category.feature	5.11.236		N/A
org.wso2.carbon.identity.framework	org.wso2.carbon.identity.notification.mgt.category.feature	5.11.237		N/A
org.wso2.carbon.identity.framework	org.wso2.carbon.identity.notification.mgt.category.feature	5.11.238		N/A
org.wso2.carbon.identity.framework	org.wso2.carbon.identity.notification.mgt.category.feature	5.11.239		N/A
org.wso2.carbon.identity.framework	org.wso2.carbon.identity.notification.mgt.category.feature	5.11.24		N/A
org.wso2.carbon.identity.framework	org.wso2.carbon.identity.notification.mgt.category.feature	5.11.240		N/A
org.wso2.carbon.identity.framework	org.wso2.carbon.identity.notification.mgt.category.feature	5.11.241		N/A
org.wso2.carbon.identity.framework	org.wso2.carbon.identity.notification.mgt.category.feature	5.11.242		N/A
org.wso2.carbon.identity.framework	org.wso2.carbon.identity.notification.mgt.category.feature	5.11.243		N/A
org.wso2.carbon.identity.framework	org.wso2.carbon.identity.notification.mgt.category.feature	5.11.244		N/A
org.wso2.carbon.identity.framework	org.wso2.carbon.identity.notification.mgt.category.feature	5.11.245		N/A
org.wso2.carbon.identity.framework	org.wso2.carbon.identity.notification.mgt.category.feature	5.11.246		N/A
org.wso2.carbon.identity.framework	org.wso2.carbon.identity.notification.mgt.category.feature	5.11.247		N/A
org.wso2.carbon.identity.framework	org.wso2.carbon.identity.notification.mgt.category.feature	5.11.248		N/A
org.wso2.carbon.identity.framework	org.wso2.carbon.identity.notification.mgt.category.feature	5.11.249		N/A
org.wso2.carbon.identity.framework	org.wso2.carbon.identity.notification.mgt.category.feature	5.11.25		N/A
org.wso2.carbon.identity.framework	org.wso2.carbon.identity.notification.mgt.category.feature	5.11.250		N/A
org.wso2.carbon.identity.framework	org.wso2.carbon.identity.notification.mgt.category.feature	5.11.251		N/A
org.wso2.carbon.identity.framework	org.wso2.carbon.identity.notification.mgt.category.feature	5.11.252		N/A
org.wso2.carbon.identity.framework	org.wso2.carbon.identity.notification.mgt.category.feature	5.11.253		N/A
org.wso2.carbon.identity.framework	org.wso2.carbon.identity.notification.mgt.category.feature	5.11.254		N/A
org.wso2.carbon.identity.framework	org.wso2.carbon.identity.notification.mgt.category.feature	5.11.255		N/A
org.wso2.carbon.identity.framework	org.wso2.carbon.identity.notification.mgt.category.feature	5.11.256		N/A
org.wso2.carbon.identity.framework	org.wso2.carbon.identity.notification.mgt.category.feature	5.11.256-23112018		N/A
org.wso2.carbon.identity.framework	org.wso2.carbon.identity.notification.mgt.category.feature	5.11.257		N/A
org.wso2.carbon.identity.framework	org.wso2.carbon.identity.notification.mgt.category.feature	5.11.258		N/A
org.wso2.carbon.identity.framework	org.wso2.carbon.identity.notification.mgt.category.feature	5.11.259		N/A
org.wso2.carbon.identity.framework	org.wso2.carbon.identity.notification.mgt.category.feature	5.11.26		N/A
org.wso2.carbon.identity.framework	org.wso2.carbon.identity.notification.mgt.category.feature	5.11.260		N/A
org.wso2.carbon.identity.framework	org.wso2.carbon.identity.notification.mgt.category.feature	5.11.261		N/A
org.wso2.carbon.identity.framework	org.wso2.carbon.identity.notification.mgt.category.feature	5.11.262		N/A
org.wso2.carbon.identity.framework	org.wso2.carbon.identity.notification.mgt.category.feature	5.11.263		N/A
org.wso2.carbon.identity.framework	org.wso2.carbon.identity.notification.mgt.category.feature	5.11.27		N/A
org.wso2.carbon.identity.framework	org.wso2.carbon.identity.notification.mgt.category.feature	5.11.28		N/A
org.wso2.carbon.identity.framework	org.wso2.carbon.identity.notification.mgt.category.feature	5.11.29		N/A
org.wso2.carbon.identity.framework	org.wso2.carbon.identity.notification.mgt.category.feature	5.11.3		N/A
org.wso2.carbon.identity.framework	org.wso2.carbon.identity.notification.mgt.category.feature	5.11.30		N/A
org.wso2.carbon.identity.framework	org.wso2.carbon.identity.notification.mgt.category.feature	5.11.31		N/A
org.wso2.carbon.identity.framework	org.wso2.carbon.identity.notification.mgt.category.feature	5.11.32		N/A
org.wso2.carbon.identity.framework	org.wso2.carbon.identity.notification.mgt.category.feature	5.11.33		N/A
org.wso2.carbon.identity.framework	org.wso2.carbon.identity.notification.mgt.category.feature	5.11.34		N/A
org.wso2.carbon.identity.framework	org.wso2.carbon.identity.notification.mgt.category.feature	5.11.35		N/A
org.wso2.carbon.identity.framework	org.wso2.carbon.identity.notification.mgt.category.feature	5.11.36		N/A
org.wso2.carbon.identity.framework	org.wso2.carbon.identity.notification.mgt.category.feature	5.11.37		N/A
org.wso2.carbon.identity.framework	org.wso2.carbon.identity.notification.mgt.category.feature	5.11.38		N/A
org.wso2.carbon.identity.framework	org.wso2.carbon.identity.notification.mgt.category.feature	5.11.39		N/A
org.wso2.carbon.identity.framework	org.wso2.carbon.identity.notification.mgt.category.feature	5.11.4		N/A
org.wso2.carbon.identity.framework	org.wso2.carbon.identity.notification.mgt.category.feature	5.11.40		N/A
org.wso2.carbon.identity.framework	org.wso2.carbon.identity.notification.mgt.category.feature	5.11.41		N/A
org.wso2.carbon.identity.framework	org.wso2.carbon.identity.notification.mgt.category.feature	5.11.42		N/A
org.wso2.carbon.identity.framework	org.wso2.carbon.identity.notification.mgt.category.feature	5.11.43		N/A
org.wso2.carbon.identity.framework	org.wso2.carbon.identity.notification.mgt.category.feature	5.11.44		N/A
org.wso2.carbon.identity.framework	org.wso2.carbon.identity.notification.mgt.category.feature	5.11.45		N/A
org.wso2.carbon.identity.framework	org.wso2.carbon.identity.notification.mgt.category.feature	5.11.47		N/A
org.wso2.carbon.identity.framework	org.wso2.carbon.identity.notification.mgt.category.feature	5.11.48		N/A
org.wso2.carbon.identity.framework	org.wso2.carbon.identity.notification.mgt.category.feature	5.11.49		N/A
org.wso2.carbon.identity.framework	org.wso2.carbon.identity.notification.mgt.category.feature	5.11.5		N/A
org.wso2.carbon.identity.framework	org.wso2.carbon.identity.notification.mgt.category.feature	5.11.50		N/A
org.wso2.carbon.identity.framework	org.wso2.carbon.identity.notification.mgt.category.feature	5.11.51		N/A
org.wso2.carbon.identity.framework	org.wso2.carbon.identity.notification.mgt.category.feature	5.11.52		N/A
org.wso2.carbon.identity.framework	org.wso2.carbon.identity.notification.mgt.category.feature	5.11.53		N/A
org.wso2.carbon.identity.framework	org.wso2.carbon.identity.notification.mgt.category.feature	5.11.54		N/A
org.wso2.carbon.identity.framework	org.wso2.carbon.identity.notification.mgt.category.feature	5.11.55		N/A
org.wso2.carbon.identity.framework	org.wso2.carbon.identity.notification.mgt.category.feature	5.11.56		N/A
org.wso2.carbon.identity.framework	org.wso2.carbon.identity.notification.mgt.category.feature	5.11.57		N/A
org.wso2.carbon.identity.framework	org.wso2.carbon.identity.notification.mgt.category.feature	5.11.58		N/A
org.wso2.carbon.identity.framework	org.wso2.carbon.identity.notification.mgt.category.feature	5.11.59		N/A
org.wso2.carbon.identity.framework	org.wso2.carbon.identity.notification.mgt.category.feature	5.11.6		N/A
org.wso2.carbon.identity.framework	org.wso2.carbon.identity.notification.mgt.category.feature	5.11.60		N/A
org.wso2.carbon.identity.framework	org.wso2.carbon.identity.notification.mgt.category.feature	5.11.61		N/A
org.wso2.carbon.identity.framework	org.wso2.carbon.identity.notification.mgt.category.feature	5.11.62		N/A
org.wso2.carbon.identity.framework	org.wso2.carbon.identity.notification.mgt.category.feature	5.11.63		N/A
org.wso2.carbon.identity.framework	org.wso2.carbon.identity.notification.mgt.category.feature	5.11.64		N/A
org.wso2.carbon.identity.framework	org.wso2.carbon.identity.notification.mgt.category.feature	5.11.65		N/A
org.wso2.carbon.identity.framework	org.wso2.carbon.identity.notification.mgt.category.feature	5.11.66		N/A
org.wso2.carbon.identity.framework	org.wso2.carbon.identity.notification.mgt.category.feature	5.11.67		N/A
org.wso2.carbon.identity.framework	org.wso2.carbon.identity.notification.mgt.category.feature	5.11.68		N/A
org.wso2.carbon.identity.framework	org.wso2.carbon.identity.notification.mgt.category.feature	5.11.69		N/A
org.wso2.carbon.identity.framework	org.wso2.carbon.identity.notification.mgt.category.feature	5.11.7		N/A
org.wso2.carbon.identity.framework	org.wso2.carbon.identity.notification.mgt.category.feature	5.11.70		N/A
org.wso2.carbon.identity.framework	org.wso2.carbon.identity.notification.mgt.category.feature	5.11.71		N/A
org.wso2.carbon.identity.framework	org.wso2.carbon.identity.notification.mgt.category.feature	5.11.72		N/A
org.wso2.carbon.identity.framework	org.wso2.carbon.identity.notification.mgt.category.feature	5.11.73		N/A
org.wso2.carbon.identity.framework	org.wso2.carbon.identity.notification.mgt.category.feature	5.11.74		N/A
org.wso2.carbon.identity.framework	org.wso2.carbon.identity.notification.mgt.category.feature	5.11.75		N/A
org.wso2.carbon.identity.framework	org.wso2.carbon.identity.notification.mgt.category.feature	5.11.76		N/A
org.wso2.carbon.identity.framework	org.wso2.carbon.identity.notification.mgt.category.feature	5.11.77		N/A
org.wso2.carbon.identity.framework	org.wso2.carbon.identity.notification.mgt.category.feature	5.11.78		N/A
org.wso2.carbon.identity.framework	org.wso2.carbon.identity.notification.mgt.category.feature	5.11.79		N/A
org.wso2.carbon.identity.framework	org.wso2.carbon.identity.notification.mgt.category.feature	5.11.8		N/A
org.wso2.carbon.identity.framework	org.wso2.carbon.identity.notification.mgt.category.feature	5.11.80		N/A
org.wso2.carbon.identity.framework	org.wso2.carbon.identity.notification.mgt.category.feature	5.11.81		N/A
org.wso2.carbon.identity.framework	org.wso2.carbon.identity.notification.mgt.category.feature	5.11.82		N/A
org.wso2.carbon.identity.framework	org.wso2.carbon.identity.notification.mgt.category.feature	5.11.83		N/A
org.wso2.carbon.identity.framework	org.wso2.carbon.identity.notification.mgt.category.feature	5.11.84		N/A
org.wso2.carbon.identity.framework	org.wso2.carbon.identity.notification.mgt.category.feature	5.11.85		N/A
org.wso2.carbon.identity.framework	org.wso2.carbon.identity.notification.mgt.category.feature	5.11.86		N/A
org.wso2.carbon.identity.framework	org.wso2.carbon.identity.notification.mgt.category.feature	5.11.87		N/A
org.wso2.carbon.identity.framework	org.wso2.carbon.identity.notification.mgt.category.feature	5.11.88		N/A
org.wso2.carbon.identity.framework	org.wso2.carbon.identity.notification.mgt.category.feature	5.11.89		N/A
org.wso2.carbon.identity.framework	org.wso2.carbon.identity.notification.mgt.category.feature	5.11.9		N/A
org.wso2.carbon.identity.framework	org.wso2.carbon.identity.notification.mgt.category.feature	5.11.90		N/A
org.wso2.carbon.identity.framework	org.wso2.carbon.identity.notification.mgt.category.feature	5.11.91		N/A
org.wso2.carbon.identity.framework	org.wso2.carbon.identity.notification.mgt.category.feature	5.11.92		N/A
org.wso2.carbon.identity.framework	org.wso2.carbon.identity.notification.mgt.category.feature	5.11.93		N/A
org.wso2.carbon.identity.framework	org.wso2.carbon.identity.notification.mgt.category.feature	5.11.94		N/A
org.wso2.carbon.identity.framework	org.wso2.carbon.identity.notification.mgt.category.feature	5.11.95		N/A
org.wso2.carbon.identity.framework	org.wso2.carbon.identity.notification.mgt.category.feature	5.11.96		N/A
org.wso2.carbon.identity.framework	org.wso2.carbon.identity.notification.mgt.category.feature	5.11.97		N/A
org.wso2.carbon.identity.framework	org.wso2.carbon.identity.notification.mgt.category.feature	5.11.98		N/A
org.wso2.carbon.identity.framework	org.wso2.carbon.identity.notification.mgt.category.feature	5.11.99		N/A
org.wso2.carbon.identity.framework	org.wso2.carbon.identity.notification.mgt.category.feature	5.12.0		N/A
org.wso2.carbon.identity.framework	org.wso2.carbon.identity.notification.mgt.category.feature	5.12.1		N/A
org.wso2.carbon.identity.framework	org.wso2.carbon.identity.notification.mgt.category.feature	5.12.10		N/A
org.wso2.carbon.identity.framework	org.wso2.carbon.identity.notification.mgt.category.feature	5.12.100		N/A
org.wso2.carbon.identity.framework	org.wso2.carbon.identity.notification.mgt.category.feature	5.12.101		N/A
org.wso2.carbon.identity.framework	org.wso2.carbon.identity.notification.mgt.category.feature	5.12.102		N/A
org.wso2.carbon.identity.framework	org.wso2.carbon.identity.notification.mgt.category.feature	5.12.103		N/A
org.wso2.carbon.identity.framework	org.wso2.carbon.identity.notification.mgt.category.feature	5.12.104		N/A
org.wso2.carbon.identity.framework	org.wso2.carbon.identity.notification.mgt.category.feature	5.12.105		N/A
org.wso2.carbon.identity.framework	org.wso2.carbon.identity.notification.mgt.category.feature	5.12.106		N/A
org.wso2.carbon.identity.framework	org.wso2.carbon.identity.notification.mgt.category.feature	5.12.107		N/A
org.wso2.carbon.identity.framework	org.wso2.carbon.identity.notification.mgt.category.feature	5.12.108		N/A
org.wso2.carbon.identity.framework	org.wso2.carbon.identity.notification.mgt.category.feature	5.12.109		N/A
org.wso2.carbon.identity.framework	org.wso2.carbon.identity.notification.mgt.category.feature	5.12.11		N/A
org.wso2.carbon.identity.framework	org.wso2.carbon.identity.notification.mgt.category.feature	5.12.110		N/A
org.wso2.carbon.identity.framework	org.wso2.carbon.identity.notification.mgt.category.feature	5.12.111		N/A
org.wso2.carbon.identity.framework	org.wso2.carbon.identity.notification.mgt.category.feature	5.12.112		N/A
org.wso2.carbon.identity.framework	org.wso2.carbon.identity.notification.mgt.category.feature	5.12.113		N/A
org.wso2.carbon.identity.framework	org.wso2.carbon.identity.notification.mgt.category.feature	5.12.114		N/A
org.wso2.carbon.identity.framework	org.wso2.carbon.identity.notification.mgt.category.feature	5.12.115		N/A
org.wso2.carbon.identity.framework	org.wso2.carbon.identity.notification.mgt.category.feature	5.12.116		N/A
org.wso2.carbon.identity.framework	org.wso2.carbon.identity.notification.mgt.category.feature	5.12.117		N/A
org.wso2.carbon.identity.framework	org.wso2.carbon.identity.notification.mgt.category.feature	5.12.118		N/A
org.wso2.carbon.identity.framework	org.wso2.carbon.identity.notification.mgt.category.feature	5.12.119		N/A
org.wso2.carbon.identity.framework	org.wso2.carbon.identity.notification.mgt.category.feature	5.12.12		N/A
org.wso2.carbon.identity.framework	org.wso2.carbon.identity.notification.mgt.category.feature	5.12.120		N/A
org.wso2.carbon.identity.framework	org.wso2.carbon.identity.notification.mgt.category.feature	5.12.121		N/A
org.wso2.carbon.identity.framework	org.wso2.carbon.identity.notification.mgt.category.feature	5.12.122		N/A
org.wso2.carbon.identity.framework	org.wso2.carbon.identity.notification.mgt.category.feature	5.12.123		N/A
org.wso2.carbon.identity.framework	org.wso2.carbon.identity.notification.mgt.category.feature	5.12.124		N/A
org.wso2.carbon.identity.framework	org.wso2.carbon.identity.notification.mgt.category.feature	5.12.125		N/A
org.wso2.carbon.identity.framework	org.wso2.carbon.identity.notification.mgt.category.feature	5.12.126		N/A
org.wso2.carbon.identity.framework	org.wso2.carbon.identity.notification.mgt.category.feature	5.12.127		N/A
org.wso2.carbon.identity.framework	org.wso2.carbon.identity.notification.mgt.category.feature	5.12.128		N/A
org.wso2.carbon.identity.framework	org.wso2.carbon.identity.notification.mgt.category.feature	5.12.129		N/A
org.wso2.carbon.identity.framework	org.wso2.carbon.identity.notification.mgt.category.feature	5.12.13		N/A
org.wso2.carbon.identity.framework	org.wso2.carbon.identity.notification.mgt.category.feature	5.12.130		N/A
org.wso2.carbon.identity.framework	org.wso2.carbon.identity.notification.mgt.category.feature	5.12.131		N/A
org.wso2.carbon.identity.framework	org.wso2.carbon.identity.notification.mgt.category.feature	5.12.132		N/A
org.wso2.carbon.identity.framework	org.wso2.carbon.identity.notification.mgt.category.feature	5.12.133		N/A
org.wso2.carbon.identity.framework	org.wso2.carbon.identity.notification.mgt.category.feature	5.12.134		N/A
org.wso2.carbon.identity.framework	org.wso2.carbon.identity.notification.mgt.category.feature	5.12.135		N/A
org.wso2.carbon.identity.framework	org.wso2.carbon.identity.notification.mgt.category.feature	5.12.136		N/A
org.wso2.carbon.identity.framework	org.wso2.carbon.identity.notification.mgt.category.feature	5.12.137		N/A
org.wso2.carbon.identity.framework	org.wso2.carbon.identity.notification.mgt.category.feature	5.12.138		N/A
org.wso2.carbon.identity.framework	org.wso2.carbon.identity.notification.mgt.category.feature	5.12.139		N/A
org.wso2.carbon.identity.framework	org.wso2.carbon.identity.notification.mgt.category.feature	5.12.14		N/A
org.wso2.carbon.identity.framework	org.wso2.carbon.identity.notification.mgt.category.feature	5.12.140		N/A
org.wso2.carbon.identity.framework	org.wso2.carbon.identity.notification.mgt.category.feature	5.12.141		N/A
org.wso2.carbon.identity.framework	org.wso2.carbon.identity.notification.mgt.category.feature	5.12.142		N/A
org.wso2.carbon.identity.framework	org.wso2.carbon.identity.notification.mgt.category.feature	5.12.143		N/A
org.wso2.carbon.identity.framework	org.wso2.carbon.identity.notification.mgt.category.feature	5.12.144		N/A
org.wso2.carbon.identity.framework	org.wso2.carbon.identity.notification.mgt.category.feature	5.12.145		N/A
org.wso2.carbon.identity.framework	org.wso2.carbon.identity.notification.mgt.category.feature	5.12.146		N/A
org.wso2.carbon.identity.framework	org.wso2.carbon.identity.notification.mgt.category.feature	5.12.147		N/A
org.wso2.carbon.identity.framework	org.wso2.carbon.identity.notification.mgt.category.feature	5.12.148		N/A
org.wso2.carbon.identity.framework	org.wso2.carbon.identity.notification.mgt.category.feature	5.12.149		N/A
org.wso2.carbon.identity.framework	org.wso2.carbon.identity.notification.mgt.category.feature	5.12.15		N/A
org.wso2.carbon.identity.framework	org.wso2.carbon.identity.notification.mgt.category.feature	5.12.150		N/A
org.wso2.carbon.identity.framework	org.wso2.carbon.identity.notification.mgt.category.feature	5.12.151		N/A
org.wso2.carbon.identity.framework	org.wso2.carbon.identity.notification.mgt.category.feature	5.12.152		N/A
org.wso2.carbon.identity.framework	org.wso2.carbon.identity.notification.mgt.category.feature	5.12.153		N/A
org.wso2.carbon.identity.framework	org.wso2.carbon.identity.notification.mgt.category.feature	5.12.154		N/A
org.wso2.carbon.identity.framework	org.wso2.carbon.identity.notification.mgt.category.feature	5.12.155		N/A
org.wso2.carbon.identity.framework	org.wso2.carbon.identity.notification.mgt.category.feature	5.12.156		N/A
org.wso2.carbon.identity.framework	org.wso2.carbon.identity.notification.mgt.category.feature	5.12.157		N/A
org.wso2.carbon.identity.framework	org.wso2.carbon.identity.notification.mgt.category.feature	5.12.158		N/A
org.wso2.carbon.identity.framework	org.wso2.carbon.identity.notification.mgt.category.feature	5.12.159		N/A
org.wso2.carbon.identity.framework	org.wso2.carbon.identity.notification.mgt.category.feature	5.12.16		N/A
org.wso2.carbon.identity.framework	org.wso2.carbon.identity.notification.mgt.category.feature	5.12.160		N/A
org.wso2.carbon.identity.framework	org.wso2.carbon.identity.notification.mgt.category.feature	5.12.161		N/A
org.wso2.carbon.identity.framework	org.wso2.carbon.identity.notification.mgt.category.feature	5.12.162		N/A
org.wso2.carbon.identity.framework	org.wso2.carbon.identity.notification.mgt.category.feature	5.12.163		N/A
org.wso2.carbon.identity.framework	org.wso2.carbon.identity.notification.mgt.category.feature	5.12.164		N/A
org.wso2.carbon.identity.framework	org.wso2.carbon.identity.notification.mgt.category.feature	5.12.165		N/A
org.wso2.carbon.identity.framework	org.wso2.carbon.identity.notification.mgt.category.feature	5.12.166		N/A
org.wso2.carbon.identity.framework	org.wso2.carbon.identity.notification.mgt.category.feature	5.12.167		N/A
org.wso2.carbon.identity.framework	org.wso2.carbon.identity.notification.mgt.category.feature	5.12.168		N/A
org.wso2.carbon.identity.framework	org.wso2.carbon.identity.notification.mgt.category.feature	5.12.169		N/A
org.wso2.carbon.identity.framework	org.wso2.carbon.identity.notification.mgt.category.feature	5.12.17		N/A
org.wso2.carbon.identity.framework	org.wso2.carbon.identity.notification.mgt.category.feature	5.12.170		N/A
org.wso2.carbon.identity.framework	org.wso2.carbon.identity.notification.mgt.category.feature	5.12.171		N/A
org.wso2.carbon.identity.framework	org.wso2.carbon.identity.notification.mgt.category.feature	5.12.172		N/A
org.wso2.carbon.identity.framework	org.wso2.carbon.identity.notification.mgt.category.feature	5.12.173		N/A
org.wso2.carbon.identity.framework	org.wso2.carbon.identity.notification.mgt.category.feature	5.12.174		N/A
org.wso2.carbon.identity.framework	org.wso2.carbon.identity.notification.mgt.category.feature	5.12.175		N/A
org.wso2.carbon.identity.framework	org.wso2.carbon.identity.notification.mgt.category.feature	5.12.176		N/A
org.wso2.carbon.identity.framework	org.wso2.carbon.identity.notification.mgt.category.feature	5.12.177		N/A
org.wso2.carbon.identity.framework	org.wso2.carbon.identity.notification.mgt.category.feature	5.12.178		N/A
org.wso2.carbon.identity.framework	org.wso2.carbon.identity.notification.mgt.category.feature	5.12.179		N/A
org.wso2.carbon.identity.framework	org.wso2.carbon.identity.notification.mgt.category.feature	5.12.18		N/A
org.wso2.carbon.identity.framework	org.wso2.carbon.identity.notification.mgt.category.feature	5.12.180		N/A
org.wso2.carbon.identity.framework	org.wso2.carbon.identity.notification.mgt.category.feature	5.12.181		N/A
org.wso2.carbon.identity.framework	org.wso2.carbon.identity.notification.mgt.category.feature	5.12.182		N/A
org.wso2.carbon.identity.framework	org.wso2.carbon.identity.notification.mgt.category.feature	5.12.183		N/A
org.wso2.carbon.identity.framework	org.wso2.carbon.identity.notification.mgt.category.feature	5.12.184		N/A
org.wso2.carbon.identity.framework	org.wso2.carbon.identity.notification.mgt.category.feature	5.12.185		N/A
org.wso2.carbon.identity.framework	org.wso2.carbon.identity.notification.mgt.category.feature	5.12.186		N/A
org.wso2.carbon.identity.framework	org.wso2.carbon.identity.notification.mgt.category.feature	5.12.187		N/A
org.wso2.carbon.identity.framework	org.wso2.carbon.identity.notification.mgt.category.feature	5.12.188		N/A
org.wso2.carbon.identity.framework	org.wso2.carbon.identity.notification.mgt.category.feature	5.12.189		N/A
org.wso2.carbon.identity.framework	org.wso2.carbon.identity.notification.mgt.category.feature	5.12.19		N/A
org.wso2.carbon.identity.framework	org.wso2.carbon.identity.notification.mgt.category.feature	5.12.190		N/A
org.wso2.carbon.identity.framework	org.wso2.carbon.identity.notification.mgt.category.feature	5.12.191		N/A
org.wso2.carbon.identity.framework	org.wso2.carbon.identity.notification.mgt.category.feature	5.12.192		N/A
org.wso2.carbon.identity.framework	org.wso2.carbon.identity.notification.mgt.category.feature	5.12.193		N/A
org.wso2.carbon.identity.framework	org.wso2.carbon.identity.notification.mgt.category.feature	5.12.194		N/A
org.wso2.carbon.identity.framework	org.wso2.carbon.identity.notification.mgt.category.feature	5.12.195		N/A
org.wso2.carbon.identity.framework	org.wso2.carbon.identity.notification.mgt.category.feature	5.12.196		N/A
org.wso2.carbon.identity.framework	org.wso2.carbon.identity.notification.mgt.category.feature	5.12.197		N/A
org.wso2.carbon.identity.framework	org.wso2.carbon.identity.notification.mgt.category.feature	5.12.198		N/A
org.wso2.carbon.identity.framework	org.wso2.carbon.identity.notification.mgt.category.feature	5.12.199		N/A
org.wso2.carbon.identity.framework	org.wso2.carbon.identity.notification.mgt.category.feature	5.12.2		N/A
org.wso2.carbon.identity.framework	org.wso2.carbon.identity.notification.mgt.category.feature	5.12.20		N/A
org.wso2.carbon.identity.framework	org.wso2.carbon.identity.notification.mgt.category.feature	5.12.200		N/A
org.wso2.carbon.identity.framework	org.wso2.carbon.identity.notification.mgt.category.feature	5.12.201		N/A
org.wso2.carbon.identity.framework	org.wso2.carbon.identity.notification.mgt.category.feature	5.12.202		N/A
org.wso2.carbon.identity.framework	org.wso2.carbon.identity.notification.mgt.category.feature	5.12.203		N/A
org.wso2.carbon.identity.framework	org.wso2.carbon.identity.notification.mgt.category.feature	5.12.204		N/A
org.wso2.carbon.identity.framework	org.wso2.carbon.identity.notification.mgt.category.feature	5.12.205		N/A
org.wso2.carbon.identity.framework	org.wso2.carbon.identity.notification.mgt.category.feature	5.12.206		N/A
org.wso2.carbon.identity.framework	org.wso2.carbon.identity.notification.mgt.category.feature	5.12.207		N/A
org.wso2.carbon.identity.framework	org.wso2.carbon.identity.notification.mgt.category.feature	5.12.208		N/A
org.wso2.carbon.identity.framework	org.wso2.carbon.identity.notification.mgt.category.feature	5.12.209		N/A
org.wso2.carbon.identity.framework	org.wso2.carbon.identity.notification.mgt.category.feature	5.12.21		N/A
org.wso2.carbon.identity.framework	org.wso2.carbon.identity.notification.mgt.category.feature	5.12.210		N/A
org.wso2.carbon.identity.framework	org.wso2.carbon.identity.notification.mgt.category.feature	5.12.211		N/A
org.wso2.carbon.identity.framework	org.wso2.carbon.identity.notification.mgt.category.feature	5.12.212		N/A
org.wso2.carbon.identity.framework	org.wso2.carbon.identity.notification.mgt.category.feature	5.12.213		N/A
org.wso2.carbon.identity.framework	org.wso2.carbon.identity.notification.mgt.category.feature	5.12.214		N/A
org.wso2.carbon.identity.framework	org.wso2.carbon.identity.notification.mgt.category.feature	5.12.215		N/A
org.wso2.carbon.identity.framework	org.wso2.carbon.identity.notification.mgt.category.feature	5.12.216		N/A
org.wso2.carbon.identity.framework	org.wso2.carbon.identity.notification.mgt.category.feature	5.12.217		N/A
org.wso2.carbon.identity.framework	org.wso2.carbon.identity.notification.mgt.category.feature	5.12.218		N/A
org.wso2.carbon.identity.framework	org.wso2.carbon.identity.notification.mgt.category.feature	5.12.219		N/A
org.wso2.carbon.identity.framework	org.wso2.carbon.identity.notification.mgt.category.feature	5.12.22		N/A
org.wso2.carbon.identity.framework	org.wso2.carbon.identity.notification.mgt.category.feature	5.12.220		N/A
org.wso2.carbon.identity.framework	org.wso2.carbon.identity.notification.mgt.category.feature	5.12.221		N/A
org.wso2.carbon.identity.framework	org.wso2.carbon.identity.notification.mgt.category.feature	5.12.222		N/A
org.wso2.carbon.identity.framework	org.wso2.carbon.identity.notification.mgt.category.feature	5.12.223		N/A
org.wso2.carbon.identity.framework	org.wso2.carbon.identity.notification.mgt.category.feature	5.12.224		N/A
org.wso2.carbon.identity.framework	org.wso2.carbon.identity.notification.mgt.category.feature	5.12.225		N/A
org.wso2.carbon.identity.framework	org.wso2.carbon.identity.notification.mgt.category.feature	5.12.226		N/A
org.wso2.carbon.identity.framework	org.wso2.carbon.identity.notification.mgt.category.feature	5.12.227		N/A
org.wso2.carbon.identity.framework	org.wso2.carbon.identity.notification.mgt.category.feature	5.12.228		N/A
org.wso2.carbon.identity.framework	org.wso2.carbon.identity.notification.mgt.category.feature	5.12.229		N/A
org.wso2.carbon.identity.framework	org.wso2.carbon.identity.notification.mgt.category.feature	5.12.23		N/A
org.wso2.carbon.identity.framework	org.wso2.carbon.identity.notification.mgt.category.feature	5.12.230		N/A
org.wso2.carbon.identity.framework	org.wso2.carbon.identity.notification.mgt.category.feature	5.12.231		N/A
org.wso2.carbon.identity.framework	org.wso2.carbon.identity.notification.mgt.category.feature	5.12.232		N/A
org.wso2.carbon.identity.framework	org.wso2.carbon.identity.notification.mgt.category.feature	5.12.233		N/A
org.wso2.carbon.identity.framework	org.wso2.carbon.identity.notification.mgt.category.feature	5.12.234		N/A
org.wso2.carbon.identity.framework	org.wso2.carbon.identity.notification.mgt.category.feature	5.12.235		N/A
org.wso2.carbon.identity.framework	org.wso2.carbon.identity.notification.mgt.category.feature	5.12.236		N/A
org.wso2.carbon.identity.framework	org.wso2.carbon.identity.notification.mgt.category.feature	5.12.237		N/A
org.wso2.carbon.identity.framework	org.wso2.carbon.identity.notification.mgt.category.feature	5.12.238		N/A
org.wso2.carbon.identity.framework	org.wso2.carbon.identity.notification.mgt.category.feature	5.12.239		N/A
org.wso2.carbon.identity.framework	org.wso2.carbon.identity.notification.mgt.category.feature	5.12.24		N/A
org.wso2.carbon.identity.framework	org.wso2.carbon.identity.notification.mgt.category.feature	5.12.240		N/A
org.wso2.carbon.identity.framework	org.wso2.carbon.identity.notification.mgt.category.feature	5.12.241		N/A
org.wso2.carbon.identity.framework	org.wso2.carbon.identity.notification.mgt.category.feature	5.12.242		N/A
org.wso2.carbon.identity.framework	org.wso2.carbon.identity.notification.mgt.category.feature	5.12.243		N/A
org.wso2.carbon.identity.framework	org.wso2.carbon.identity.notification.mgt.category.feature	5.12.244		N/A
org.wso2.carbon.identity.framework	org.wso2.carbon.identity.notification.mgt.category.feature	5.12.245		N/A
org.wso2.carbon.identity.framework	org.wso2.carbon.identity.notification.mgt.category.feature	5.12.246		N/A
org.wso2.carbon.identity.framework	org.wso2.carbon.identity.notification.mgt.category.feature	5.12.247		N/A
org.wso2.carbon.identity.framework	org.wso2.carbon.identity.notification.mgt.category.feature	5.12.248		N/A
org.wso2.carbon.identity.framework	org.wso2.carbon.identity.notification.mgt.category.feature	5.12.249		N/A
org.wso2.carbon.identity.framework	org.wso2.carbon.identity.notification.mgt.category.feature	5.12.25		N/A
org.wso2.carbon.identity.framework	org.wso2.carbon.identity.notification.mgt.category.feature	5.12.250		N/A
org.wso2.carbon.identity.framework	org.wso2.carbon.identity.notification.mgt.category.feature	5.12.251		N/A
org.wso2.carbon.identity.framework	org.wso2.carbon.identity.notification.mgt.category.feature	5.12.252		N/A
org.wso2.carbon.identity.framework	org.wso2.carbon.identity.notification.mgt.category.feature	5.12.253		N/A
org.wso2.carbon.identity.framework	org.wso2.carbon.identity.notification.mgt.category.feature	5.12.254		N/A
org.wso2.carbon.identity.framework	org.wso2.carbon.identity.notification.mgt.category.feature	5.12.255		N/A
org.wso2.carbon.identity.framework	org.wso2.carbon.identity.notification.mgt.category.feature	5.12.256		N/A
org.wso2.carbon.identity.framework	org.wso2.carbon.identity.notification.mgt.category.feature	5.12.257		N/A
org.wso2.carbon.identity.framework	org.wso2.carbon.identity.notification.mgt.category.feature	5.12.258		N/A
org.wso2.carbon.identity.framework	org.wso2.carbon.identity.notification.mgt.category.feature	5.12.259		N/A
org.wso2.carbon.identity.framework	org.wso2.carbon.identity.notification.mgt.category.feature	5.12.26		N/A
org.wso2.carbon.identity.framework	org.wso2.carbon.identity.notification.mgt.category.feature	5.12.260		N/A
org.wso2.carbon.identity.framework	org.wso2.carbon.identity.notification.mgt.category.feature	5.12.261		N/A
org.wso2.carbon.identity.framework	org.wso2.carbon.identity.notification.mgt.category.feature	5.12.262		N/A
org.wso2.carbon.identity.framework	org.wso2.carbon.identity.notification.mgt.category.feature	5.12.263		N/A
org.wso2.carbon.identity.framework	org.wso2.carbon.identity.notification.mgt.category.feature	5.12.264		N/A
org.wso2.carbon.identity.framework	org.wso2.carbon.identity.notification.mgt.category.feature	5.12.265		N/A
org.wso2.carbon.identity.framework	org.wso2.carbon.identity.notification.mgt.category.feature	5.12.266		N/A
org.wso2.carbon.identity.framework	org.wso2.carbon.identity.notification.mgt.category.feature	5.12.267		N/A
org.wso2.carbon.identity.framework	org.wso2.carbon.identity.notification.mgt.category.feature	5.12.268		N/A
org.wso2.carbon.identity.framework	org.wso2.carbon.identity.notification.mgt.category.feature	5.12.269		N/A
org.wso2.carbon.identity.framework	org.wso2.carbon.identity.notification.mgt.category.feature	5.12.27		N/A
org.wso2.carbon.identity.framework	org.wso2.carbon.identity.notification.mgt.category.feature	5.12.270		N/A
org.wso2.carbon.identity.framework	org.wso2.carbon.identity.notification.mgt.category.feature	5.12.271		N/A
org.wso2.carbon.identity.framework	org.wso2.carbon.identity.notification.mgt.category.feature	5.12.272		N/A
org.wso2.carbon.identity.framework	org.wso2.carbon.identity.notification.mgt.category.feature	5.12.273		N/A
org.wso2.carbon.identity.framework	org.wso2.carbon.identity.notification.mgt.category.feature	5.12.274		N/A
org.wso2.carbon.identity.framework	org.wso2.carbon.identity.notification.mgt.category.feature	5.12.275		N/A
org.wso2.carbon.identity.framework	org.wso2.carbon.identity.notification.mgt.category.feature	5.12.276		N/A
org.wso2.carbon.identity.framework	org.wso2.carbon.identity.notification.mgt.category.feature	5.12.277		N/A
org.wso2.carbon.identity.framework	org.wso2.carbon.identity.notification.mgt.category.feature	5.12.278		N/A
org.wso2.carbon.identity.framework	org.wso2.carbon.identity.notification.mgt.category.feature	5.12.279		N/A
org.wso2.carbon.identity.framework	org.wso2.carbon.identity.notification.mgt.category.feature	5.12.28		N/A
org.wso2.carbon.identity.framework	org.wso2.carbon.identity.notification.mgt.category.feature	5.12.280		N/A
org.wso2.carbon.identity.framework	org.wso2.carbon.identity.notification.mgt.category.feature	5.12.281		N/A
org.wso2.carbon.identity.framework	org.wso2.carbon.identity.notification.mgt.category.feature	5.12.282		N/A
org.wso2.carbon.identity.framework	org.wso2.carbon.identity.notification.mgt.category.feature	5.12.283		N/A
org.wso2.carbon.identity.framework	org.wso2.carbon.identity.notification.mgt.category.feature	5.12.284		N/A
org.wso2.carbon.identity.framework	org.wso2.carbon.identity.notification.mgt.category.feature	5.12.285		N/A
org.wso2.carbon.identity.framework	org.wso2.carbon.identity.notification.mgt.category.feature	5.12.286		N/A
org.wso2.carbon.identity.framework	org.wso2.carbon.identity.notification.mgt.category.feature	5.12.287		N/A
org.wso2.carbon.identity.framework	org.wso2.carbon.identity.notification.mgt.category.feature	5.12.288		N/A
org.wso2.carbon.identity.framework	org.wso2.carbon.identity.notification.mgt.category.feature	5.12.289		N/A
org.wso2.carbon.identity.framework	org.wso2.carbon.identity.notification.mgt.category.feature	5.12.29		N/A
org.wso2.carbon.identity.framework	org.wso2.carbon.identity.notification.mgt.category.feature	5.12.290		N/A
org.wso2.carbon.identity.framework	org.wso2.carbon.identity.notification.mgt.category.feature	5.12.291		N/A
org.wso2.carbon.identity.framework	org.wso2.carbon.identity.notification.mgt.category.feature	5.12.292		N/A
org.wso2.carbon.identity.framework	org.wso2.carbon.identity.notification.mgt.category.feature	5.12.293		N/A
org.wso2.carbon.identity.framework	org.wso2.carbon.identity.notification.mgt.category.feature	5.12.294		N/A
org.wso2.carbon.identity.framework	org.wso2.carbon.identity.notification.mgt.category.feature	5.12.295		N/A
org.wso2.carbon.identity.framework	org.wso2.carbon.identity.notification.mgt.category.feature	5.12.296		N/A
org.wso2.carbon.identity.framework	org.wso2.carbon.identity.notification.mgt.category.feature	5.12.297		N/A
org.wso2.carbon.identity.framework	org.wso2.carbon.identity.notification.mgt.category.feature	5.12.298		N/A
org.wso2.carbon.identity.framework	org.wso2.carbon.identity.notification.mgt.category.feature	5.12.299		N/A
org.wso2.carbon.identity.framework	org.wso2.carbon.identity.notification.mgt.category.feature	5.12.3		N/A
org.wso2.carbon.identity.framework	org.wso2.carbon.identity.notification.mgt.category.feature	5.12.30		N/A
org.wso2.carbon.identity.framework	org.wso2.carbon.identity.notification.mgt.category.feature	5.12.300		N/A
org.wso2.carbon.identity.framework	org.wso2.carbon.identity.notification.mgt.category.feature	5.12.301		N/A
org.wso2.carbon.identity.framework	org.wso2.carbon.identity.notification.mgt.category.feature	5.12.302		N/A
org.wso2.carbon.identity.framework	org.wso2.carbon.identity.notification.mgt.category.feature	5.12.303		N/A
org.wso2.carbon.identity.framework	org.wso2.carbon.identity.notification.mgt.category.feature	5.12.304		N/A
org.wso2.carbon.identity.framework	org.wso2.carbon.identity.notification.mgt.category.feature	5.12.305		N/A
org.wso2.carbon.identity.framework	org.wso2.carbon.identity.notification.mgt.category.feature	5.12.306		N/A
org.wso2.carbon.identity.framework	org.wso2.carbon.identity.notification.mgt.category.feature	5.12.307		N/A
org.wso2.carbon.identity.framework	org.wso2.carbon.identity.notification.mgt.category.feature	5.12.308		N/A
org.wso2.carbon.identity.framework	org.wso2.carbon.identity.notification.mgt.category.feature	5.12.309		N/A
org.wso2.carbon.identity.framework	org.wso2.carbon.identity.notification.mgt.category.feature	5.12.31		N/A
org.wso2.carbon.identity.framework	org.wso2.carbon.identity.notification.mgt.category.feature	5.12.310		N/A
org.wso2.carbon.identity.framework	org.wso2.carbon.identity.notification.mgt.category.feature	5.12.311		N/A
org.wso2.carbon.identity.framework	org.wso2.carbon.identity.notification.mgt.category.feature	5.12.312		N/A
org.wso2.carbon.identity.framework	org.wso2.carbon.identity.notification.mgt.category.feature	5.12.313		N/A
org.wso2.carbon.identity.framework	org.wso2.carbon.identity.notification.mgt.category.feature	5.12.314		N/A
org.wso2.carbon.identity.framework	org.wso2.carbon.identity.notification.mgt.category.feature	5.12.315		N/A
org.wso2.carbon.identity.framework	org.wso2.carbon.identity.notification.mgt.category.feature	5.12.316		N/A
org.wso2.carbon.identity.framework	org.wso2.carbon.identity.notification.mgt.category.feature	5.12.317		N/A
org.wso2.carbon.identity.framework	org.wso2.carbon.identity.notification.mgt.category.feature	5.12.318		N/A
org.wso2.carbon.identity.framework	org.wso2.carbon.identity.notification.mgt.category.feature	5.12.319		N/A
org.wso2.carbon.identity.framework	org.wso2.carbon.identity.notification.mgt.category.feature	5.12.32		N/A
org.wso2.carbon.identity.framework	org.wso2.carbon.identity.notification.mgt.category.feature	5.12.320		N/A
org.wso2.carbon.identity.framework	org.wso2.carbon.identity.notification.mgt.category.feature	5.12.321		N/A
org.wso2.carbon.identity.framework	org.wso2.carbon.identity.notification.mgt.category.feature	5.12.322		N/A
org.wso2.carbon.identity.framework	org.wso2.carbon.identity.notification.mgt.category.feature	5.12.323		N/A
org.wso2.carbon.identity.framework	org.wso2.carbon.identity.notification.mgt.category.feature	5.12.324		N/A
org.wso2.carbon.identity.framework	org.wso2.carbon.identity.notification.mgt.category.feature	5.12.325		N/A
org.wso2.carbon.identity.framework	org.wso2.carbon.identity.notification.mgt.category.feature	5.12.326		N/A
org.wso2.carbon.identity.framework	org.wso2.carbon.identity.notification.mgt.category.feature	5.12.327		N/A
org.wso2.carbon.identity.framework	org.wso2.carbon.identity.notification.mgt.category.feature	5.12.328		N/A
org.wso2.carbon.identity.framework	org.wso2.carbon.identity.notification.mgt.category.feature	5.12.329		N/A
org.wso2.carbon.identity.framework	org.wso2.carbon.identity.notification.mgt.category.feature	5.12.33		N/A
org.wso2.carbon.identity.framework	org.wso2.carbon.identity.notification.mgt.category.feature	5.12.330		N/A
org.wso2.carbon.identity.framework	org.wso2.carbon.identity.notification.mgt.category.feature	5.12.331		N/A
org.wso2.carbon.identity.framework	org.wso2.carbon.identity.notification.mgt.category.feature	5.12.332		N/A
org.wso2.carbon.identity.framework	org.wso2.carbon.identity.notification.mgt.category.feature	5.12.333		N/A
org.wso2.carbon.identity.framework	org.wso2.carbon.identity.notification.mgt.category.feature	5.12.334		N/A
org.wso2.carbon.identity.framework	org.wso2.carbon.identity.notification.mgt.category.feature	5.12.335		N/A
org.wso2.carbon.identity.framework	org.wso2.carbon.identity.notification.mgt.category.feature	5.12.336		N/A
org.wso2.carbon.identity.framework	org.wso2.carbon.identity.notification.mgt.category.feature	5.12.337		N/A
org.wso2.carbon.identity.framework	org.wso2.carbon.identity.notification.mgt.category.feature	5.12.338		N/A
org.wso2.carbon.identity.framework	org.wso2.carbon.identity.notification.mgt.category.feature	5.12.339		N/A
org.wso2.carbon.identity.framework	org.wso2.carbon.identity.notification.mgt.category.feature	5.12.34		N/A
org.wso2.carbon.identity.framework	org.wso2.carbon.identity.notification.mgt.category.feature	5.12.340		N/A
org.wso2.carbon.identity.framework	org.wso2.carbon.identity.notification.mgt.category.feature	5.12.341		N/A
org.wso2.carbon.identity.framework	org.wso2.carbon.identity.notification.mgt.category.feature	5.12.342		N/A
org.wso2.carbon.identity.framework	org.wso2.carbon.identity.notification.mgt.category.feature	5.12.343		N/A
org.wso2.carbon.identity.framework	org.wso2.carbon.identity.notification.mgt.category.feature	5.12.344		N/A
org.wso2.carbon.identity.framework	org.wso2.carbon.identity.notification.mgt.category.feature	5.12.345		N/A
org.wso2.carbon.identity.framework	org.wso2.carbon.identity.notification.mgt.category.feature	5.12.346		N/A
org.wso2.carbon.identity.framework	org.wso2.carbon.identity.notification.mgt.category.feature	5.12.347		N/A
org.wso2.carbon.identity.framework	org.wso2.carbon.identity.notification.mgt.category.feature	5.12.348		N/A
org.wso2.carbon.identity.framework	org.wso2.carbon.identity.notification.mgt.category.feature	5.12.349		N/A
org.wso2.carbon.identity.framework	org.wso2.carbon.identity.notification.mgt.category.feature	5.12.35		N/A
org.wso2.carbon.identity.framework	org.wso2.carbon.identity.notification.mgt.category.feature	5.12.350		N/A
org.wso2.carbon.identity.framework	org.wso2.carbon.identity.notification.mgt.category.feature	5.12.351		N/A
org.wso2.carbon.identity.framework	org.wso2.carbon.identity.notification.mgt.category.feature	5.12.352		N/A
org.wso2.carbon.identity.framework	org.wso2.carbon.identity.notification.mgt.category.feature	5.12.353		N/A
org.wso2.carbon.identity.framework	org.wso2.carbon.identity.notification.mgt.category.feature	5.12.354		N/A
org.wso2.carbon.identity.framework	org.wso2.carbon.identity.notification.mgt.category.feature	5.12.355		N/A
org.wso2.carbon.identity.framework	org.wso2.carbon.identity.notification.mgt.category.feature	5.12.356		N/A
org.wso2.carbon.identity.framework	org.wso2.carbon.identity.notification.mgt.category.feature	5.12.357		N/A
org.wso2.carbon.identity.framework	org.wso2.carbon.identity.notification.mgt.category.feature	5.12.358		N/A
org.wso2.carbon.identity.framework	org.wso2.carbon.identity.notification.mgt.category.feature	5.12.359		N/A
org.wso2.carbon.identity.framework	org.wso2.carbon.identity.notification.mgt.category.feature	5.12.36		N/A
org.wso2.carbon.identity.framework	org.wso2.carbon.identity.notification.mgt.category.feature	5.12.360		N/A
org.wso2.carbon.identity.framework	org.wso2.carbon.identity.notification.mgt.category.feature	5.12.361		N/A
org.wso2.carbon.identity.framework	org.wso2.carbon.identity.notification.mgt.category.feature	5.12.362		N/A
org.wso2.carbon.identity.framework	org.wso2.carbon.identity.notification.mgt.category.feature	5.12.363		N/A
org.wso2.carbon.identity.framework	org.wso2.carbon.identity.notification.mgt.category.feature	5.12.364		N/A
org.wso2.carbon.identity.framework	org.wso2.carbon.identity.notification.mgt.category.feature	5.12.365		N/A
org.wso2.carbon.identity.framework	org.wso2.carbon.identity.notification.mgt.category.feature	5.12.366		N/A
org.wso2.carbon.identity.framework	org.wso2.carbon.identity.notification.mgt.category.feature	5.12.367		N/A
org.wso2.carbon.identity.framework	org.wso2.carbon.identity.notification.mgt.category.feature	5.12.368		N/A
org.wso2.carbon.identity.framework	org.wso2.carbon.identity.notification.mgt.category.feature	5.12.369		N/A
org.wso2.carbon.identity.framework	org.wso2.carbon.identity.notification.mgt.category.feature	5.12.37		N/A
org.wso2.carbon.identity.framework	org.wso2.carbon.identity.notification.mgt.category.feature	5.12.370		N/A
org.wso2.carbon.identity.framework	org.wso2.carbon.identity.notification.mgt.category.feature	5.12.371		N/A
org.wso2.carbon.identity.framework	org.wso2.carbon.identity.notification.mgt.category.feature	5.12.372		N/A
org.wso2.carbon.identity.framework	org.wso2.carbon.identity.notification.mgt.category.feature	5.12.373		N/A
org.wso2.carbon.identity.framework	org.wso2.carbon.identity.notification.mgt.category.feature	5.12.374		N/A
org.wso2.carbon.identity.framework	org.wso2.carbon.identity.notification.mgt.category.feature	5.12.375		N/A
org.wso2.carbon.identity.framework	org.wso2.carbon.identity.notification.mgt.category.feature	5.12.376		N/A
org.wso2.carbon.identity.framework	org.wso2.carbon.identity.notification.mgt.category.feature	5.12.377		N/A
org.wso2.carbon.identity.framework	org.wso2.carbon.identity.notification.mgt.category.feature	5.12.378		N/A
org.wso2.carbon.identity.framework	org.wso2.carbon.identity.notification.mgt.category.feature	5.12.379		N/A
org.wso2.carbon.identity.framework	org.wso2.carbon.identity.notification.mgt.category.feature	5.12.38		N/A
org.wso2.carbon.identity.framework	org.wso2.carbon.identity.notification.mgt.category.feature	5.12.380		N/A
org.wso2.carbon.identity.framework	org.wso2.carbon.identity.notification.mgt.category.feature	5.12.381		N/A
org.wso2.carbon.identity.framework	org.wso2.carbon.identity.notification.mgt.category.feature	5.12.382		N/A
org.wso2.carbon.identity.framework	org.wso2.carbon.identity.notification.mgt.category.feature	5.12.383		N/A
org.wso2.carbon.identity.framework	org.wso2.carbon.identity.notification.mgt.category.feature	5.12.384		N/A
org.wso2.carbon.identity.framework	org.wso2.carbon.identity.notification.mgt.category.feature	5.12.385		N/A
org.wso2.carbon.identity.framework	org.wso2.carbon.identity.notification.mgt.category.feature	5.12.386		N/A
org.wso2.carbon.identity.framework	org.wso2.carbon.identity.notification.mgt.category.feature	5.12.387		N/A
org.wso2.carbon.identity.framework	org.wso2.carbon.identity.notification.mgt.category.feature	5.12.388		N/A
org.wso2.carbon.identity.framework	org.wso2.carbon.identity.notification.mgt.category.feature	5.12.389		N/A
org.wso2.carbon.identity.framework	org.wso2.carbon.identity.notification.mgt.category.feature	5.12.39		N/A
org.wso2.carbon.identity.framework	org.wso2.carbon.identity.notification.mgt.category.feature	5.12.390		N/A
org.wso2.carbon.identity.framework	org.wso2.carbon.identity.notification.mgt.category.feature	5.12.391		N/A
org.wso2.carbon.identity.framework	org.wso2.carbon.identity.notification.mgt.category.feature	5.12.392		N/A
org.wso2.carbon.identity.framework	org.wso2.carbon.identity.notification.mgt.category.feature	5.12.393		N/A
org.wso2.carbon.identity.framework	org.wso2.carbon.identity.notification.mgt.category.feature	5.12.394		N/A
org.wso2.carbon.identity.framework	org.wso2.carbon.identity.notification.mgt.category.feature	5.12.395		N/A
org.wso2.carbon.identity.framework	org.wso2.carbon.identity.notification.mgt.category.feature	5.12.396		N/A
org.wso2.carbon.identity.framework	org.wso2.carbon.identity.notification.mgt.category.feature	5.12.397		N/A
org.wso2.carbon.identity.framework	org.wso2.carbon.identity.notification.mgt.category.feature	5.12.398		N/A
org.wso2.carbon.identity.framework	org.wso2.carbon.identity.notification.mgt.category.feature	5.12.4		N/A
org.wso2.carbon.identity.framework	org.wso2.carbon.identity.notification.mgt.category.feature	5.12.40		N/A
org.wso2.carbon.identity.framework	org.wso2.carbon.identity.notification.mgt.category.feature	5.12.41		N/A
org.wso2.carbon.identity.framework	org.wso2.carbon.identity.notification.mgt.category.feature	5.12.42		N/A
org.wso2.carbon.identity.framework	org.wso2.carbon.identity.notification.mgt.category.feature	5.12.43		N/A
org.wso2.carbon.identity.framework	org.wso2.carbon.identity.notification.mgt.category.feature	5.12.44		N/A
org.wso2.carbon.identity.framework	org.wso2.carbon.identity.notification.mgt.category.feature	5.12.45		N/A
org.wso2.carbon.identity.framework	org.wso2.carbon.identity.notification.mgt.category.feature	5.12.46		N/A
org.wso2.carbon.identity.framework	org.wso2.carbon.identity.notification.mgt.category.feature	5.12.47		N/A
org.wso2.carbon.identity.framework	org.wso2.carbon.identity.notification.mgt.category.feature	5.12.48		N/A
org.wso2.carbon.identity.framework	org.wso2.carbon.identity.notification.mgt.category.feature	5.12.49		N/A
org.wso2.carbon.identity.framework	org.wso2.carbon.identity.notification.mgt.category.feature	5.12.5		N/A
org.wso2.carbon.identity.framework	org.wso2.carbon.identity.notification.mgt.category.feature	5.12.51		N/A
org.wso2.carbon.identity.framework	org.wso2.carbon.identity.notification.mgt.category.feature	5.12.52		N/A
org.wso2.carbon.identity.framework	org.wso2.carbon.identity.notification.mgt.category.feature	5.12.53		N/A
org.wso2.carbon.identity.framework	org.wso2.carbon.identity.notification.mgt.category.feature	5.12.54		N/A
org.wso2.carbon.identity.framework	org.wso2.carbon.identity.notification.mgt.category.feature	5.12.55		N/A
org.wso2.carbon.identity.framework	org.wso2.carbon.identity.notification.mgt.category.feature	5.12.56		N/A
org.wso2.carbon.identity.framework	org.wso2.carbon.identity.notification.mgt.category.feature	5.12.57		N/A
org.wso2.carbon.identity.framework	org.wso2.carbon.identity.notification.mgt.category.feature	5.12.58		N/A
org.wso2.carbon.identity.framework	org.wso2.carbon.identity.notification.mgt.category.feature	5.12.59		N/A
org.wso2.carbon.identity.framework	org.wso2.carbon.identity.notification.mgt.category.feature	5.12.6		N/A
org.wso2.carbon.identity.framework	org.wso2.carbon.identity.notification.mgt.category.feature	5.12.60		N/A
org.wso2.carbon.identity.framework	org.wso2.carbon.identity.notification.mgt.category.feature	5.12.61		N/A
org.wso2.carbon.identity.framework	org.wso2.carbon.identity.notification.mgt.category.feature	5.12.62		N/A
org.wso2.carbon.identity.framework	org.wso2.carbon.identity.notification.mgt.category.feature	5.12.63		N/A
org.wso2.carbon.identity.framework	org.wso2.carbon.identity.notification.mgt.category.feature	5.12.64		N/A
org.wso2.carbon.identity.framework	org.wso2.carbon.identity.notification.mgt.category.feature	5.12.65		N/A
org.wso2.carbon.identity.framework	org.wso2.carbon.identity.notification.mgt.category.feature	5.12.66		N/A
org.wso2.carbon.identity.framework	org.wso2.carbon.identity.notification.mgt.category.feature	5.12.67		N/A
org.wso2.carbon.identity.framework	org.wso2.carbon.identity.notification.mgt.category.feature	5.12.68		N/A
org.wso2.carbon.identity.framework	org.wso2.carbon.identity.notification.mgt.category.feature	5.12.69		N/A
org.wso2.carbon.identity.framework	org.wso2.carbon.identity.notification.mgt.category.feature	5.12.7		N/A
org.wso2.carbon.identity.framework	org.wso2.carbon.identity.notification.mgt.category.feature	5.12.70		N/A
org.wso2.carbon.identity.framework	org.wso2.carbon.identity.notification.mgt.category.feature	5.12.71		N/A
org.wso2.carbon.identity.framework	org.wso2.carbon.identity.notification.mgt.category.feature	5.12.72		N/A
org.wso2.carbon.identity.framework	org.wso2.carbon.identity.notification.mgt.category.feature	5.12.73		N/A
org.wso2.carbon.identity.framework	org.wso2.carbon.identity.notification.mgt.category.feature	5.12.74		N/A
org.wso2.carbon.identity.framework	org.wso2.carbon.identity.notification.mgt.category.feature	5.12.75		N/A
org.wso2.carbon.identity.framework	org.wso2.carbon.identity.notification.mgt.category.feature	5.12.76		N/A
org.wso2.carbon.identity.framework	org.wso2.carbon.identity.notification.mgt.category.feature	5.12.77		N/A
org.wso2.carbon.identity.framework	org.wso2.carbon.identity.notification.mgt.category.feature	5.12.78		N/A
org.wso2.carbon.identity.framework	org.wso2.carbon.identity.notification.mgt.category.feature	5.12.79		N/A
org.wso2.carbon.identity.framework	org.wso2.carbon.identity.notification.mgt.category.feature	5.12.8		N/A
org.wso2.carbon.identity.framework	org.wso2.carbon.identity.notification.mgt.category.feature	5.12.80		N/A
org.wso2.carbon.identity.framework	org.wso2.carbon.identity.notification.mgt.category.feature	5.12.81		N/A
org.wso2.carbon.identity.framework	org.wso2.carbon.identity.notification.mgt.category.feature	5.12.82		N/A
org.wso2.carbon.identity.framework	org.wso2.carbon.identity.notification.mgt.category.feature	5.12.83		N/A
org.wso2.carbon.identity.framework	org.wso2.carbon.identity.notification.mgt.category.feature	5.12.84		N/A
org.wso2.carbon.identity.framework	org.wso2.carbon.identity.notification.mgt.category.feature	5.12.85		N/A
org.wso2.carbon.identity.framework	org.wso2.carbon.identity.notification.mgt.category.feature	5.12.86		N/A
org.wso2.carbon.identity.framework	org.wso2.carbon.identity.notification.mgt.category.feature	5.12.87		N/A
org.wso2.carbon.identity.framework	org.wso2.carbon.identity.notification.mgt.category.feature	5.12.88		N/A
org.wso2.carbon.identity.framework	org.wso2.carbon.identity.notification.mgt.category.feature	5.12.89		N/A
org.wso2.carbon.identity.framework	org.wso2.carbon.identity.notification.mgt.category.feature	5.12.9		N/A
org.wso2.carbon.identity.framework	org.wso2.carbon.identity.notification.mgt.category.feature	5.12.90		N/A
org.wso2.carbon.identity.framework	org.wso2.carbon.identity.notification.mgt.category.feature	5.12.91		N/A
org.wso2.carbon.identity.framework	org.wso2.carbon.identity.notification.mgt.category.feature	5.12.92		N/A
org.wso2.carbon.identity.framework	org.wso2.carbon.identity.notification.mgt.category.feature	5.12.93		N/A
org.wso2.carbon.identity.framework	org.wso2.carbon.identity.notification.mgt.category.feature	5.12.94		N/A
org.wso2.carbon.identity.framework	org.wso2.carbon.identity.notification.mgt.category.feature	5.12.95		N/A
org.wso2.carbon.identity.framework	org.wso2.carbon.identity.notification.mgt.category.feature	5.12.96		N/A
org.wso2.carbon.identity.framework	org.wso2.carbon.identity.notification.mgt.category.feature	5.12.97		N/A
org.wso2.carbon.identity.framework	org.wso2.carbon.identity.notification.mgt.category.feature	5.12.98		N/A
org.wso2.carbon.identity.framework	org.wso2.carbon.identity.notification.mgt.category.feature	5.12.99		N/A
org.wso2.carbon.identity.framework	org.wso2.carbon.identity.notification.mgt.category.feature	5.14.100		N/A
org.wso2.carbon.identity.framework	org.wso2.carbon.identity.notification.mgt.category.feature	5.14.101		N/A
org.wso2.carbon.identity.framework	org.wso2.carbon.identity.notification.mgt.category.feature	5.14.102		N/A
org.wso2.carbon.identity.framework	org.wso2.carbon.identity.notification.mgt.category.feature	5.14.103		N/A
org.wso2.carbon.identity.framework	org.wso2.carbon.identity.notification.mgt.category.feature	5.14.104		N/A
org.wso2.carbon.identity.framework	org.wso2.carbon.identity.notification.mgt.category.feature	5.14.105		N/A
org.wso2.carbon.identity.framework	org.wso2.carbon.identity.notification.mgt.category.feature	5.14.106		N/A
org.wso2.carbon.identity.framework	org.wso2.carbon.identity.notification.mgt.category.feature	5.14.107		N/A
org.wso2.carbon.identity.framework	org.wso2.carbon.identity.notification.mgt.category.feature	5.14.108		N/A
org.wso2.carbon.identity.framework	org.wso2.carbon.identity.notification.mgt.category.feature	5.14.109		N/A
org.wso2.carbon.identity.framework	org.wso2.carbon.identity.notification.mgt.category.feature	5.14.78		N/A
org.wso2.carbon.identity.framework	org.wso2.carbon.identity.notification.mgt.category.feature	5.14.79		N/A
org.wso2.carbon.identity.framework	org.wso2.carbon.identity.notification.mgt.category.feature	5.14.80		N/A
org.wso2.carbon.identity.framework	org.wso2.carbon.identity.notification.mgt.category.feature	5.14.81		N/A
org.wso2.carbon.identity.framework	org.wso2.carbon.identity.notification.mgt.category.feature	5.14.82		N/A
org.wso2.carbon.identity.framework	org.wso2.carbon.identity.notification.mgt.category.feature	5.14.83		N/A
org.wso2.carbon.identity.framework	org.wso2.carbon.identity.notification.mgt.category.feature	5.14.84		N/A
org.wso2.carbon.identity.framework	org.wso2.carbon.identity.notification.mgt.category.feature	5.14.85		N/A
org.wso2.carbon.identity.framework	org.wso2.carbon.identity.notification.mgt.category.feature	5.14.86		N/A
org.wso2.carbon.identity.framework	org.wso2.carbon.identity.notification.mgt.category.feature	5.14.87		N/A
org.wso2.carbon.identity.framework	org.wso2.carbon.identity.notification.mgt.category.feature	5.14.88		N/A
org.wso2.carbon.identity.framework	org.wso2.carbon.identity.notification.mgt.category.feature	5.14.89		N/A
org.wso2.carbon.identity.framework	org.wso2.carbon.identity.notification.mgt.category.feature	5.14.90		N/A
org.wso2.carbon.identity.framework	org.wso2.carbon.identity.notification.mgt.category.feature	5.14.91		N/A
org.wso2.carbon.identity.framework	org.wso2.carbon.identity.notification.mgt.category.feature	5.14.92		N/A
org.wso2.carbon.identity.framework	org.wso2.carbon.identity.notification.mgt.category.feature	5.14.93		N/A
org.wso2.carbon.identity.framework	org.wso2.carbon.identity.notification.mgt.category.feature	5.14.94		N/A
org.wso2.carbon.identity.framework	org.wso2.carbon.identity.notification.mgt.category.feature	5.14.95		N/A
org.wso2.carbon.identity.framework	org.wso2.carbon.identity.notification.mgt.category.feature	5.14.96		N/A
org.wso2.carbon.identity.framework	org.wso2.carbon.identity.notification.mgt.category.feature	5.14.97		N/A
org.wso2.carbon.identity.framework	org.wso2.carbon.identity.notification.mgt.category.feature	5.14.98		N/A
org.wso2.carbon.identity.framework	org.wso2.carbon.identity.notification.mgt.category.feature	5.14.99		N/A
org.wso2.carbon.identity.framework	org.wso2.carbon.identity.notification.mgt.category.feature	5.15.34		N/A
org.wso2.carbon.identity.framework	org.wso2.carbon.identity.notification.mgt.category.feature	5.15.35		N/A
org.wso2.carbon.identity.framework	org.wso2.carbon.identity.notification.mgt.category.feature	5.15.36		N/A
org.wso2.carbon.identity.framework	org.wso2.carbon.identity.notification.mgt.category.feature	5.15.37		N/A
org.wso2.carbon.identity.framework	org.wso2.carbon.identity.notification.mgt.category.feature	5.15.38		N/A
org.wso2.carbon.identity.framework	org.wso2.carbon.identity.notification.mgt.category.feature	5.15.39		N/A
org.wso2.carbon.identity.framework	org.wso2.carbon.identity.notification.mgt.category.feature	5.15.40		N/A
org.wso2.carbon.identity.framework	org.wso2.carbon.identity.notification.mgt.category.feature	5.15.41		N/A
org.wso2.carbon.identity.framework	org.wso2.carbon.identity.notification.mgt.category.feature	5.15.42		N/A
org.wso2.carbon.identity.framework	org.wso2.carbon.identity.notification.mgt.category.feature	5.15.43		N/A
org.wso2.carbon.identity.framework	org.wso2.carbon.identity.notification.mgt.category.feature	5.15.44		N/A
org.wso2.carbon.identity.framework	org.wso2.carbon.identity.notification.mgt.category.feature	5.15.45		N/A
org.wso2.carbon.identity.framework	org.wso2.carbon.identity.notification.mgt.category.feature	5.15.46		N/A
org.wso2.carbon.identity.framework	org.wso2.carbon.identity.notification.mgt.category.feature	5.15.47		N/A
org.wso2.carbon.identity.framework	org.wso2.carbon.identity.notification.mgt.category.feature	5.15.48		N/A
org.wso2.carbon.identity.framework	org.wso2.carbon.identity.notification.mgt.category.feature	5.15.49		N/A
org.wso2.carbon.identity.framework	org.wso2.carbon.identity.notification.mgt.category.feature	5.15.50		N/A
org.wso2.carbon.identity.framework	org.wso2.carbon.identity.notification.mgt.category.feature	5.15.51		N/A
org.wso2.carbon.identity.framework	org.wso2.carbon.identity.notification.mgt.category.feature	5.15.52		N/A
org.wso2.carbon.identity.framework	org.wso2.carbon.identity.notification.mgt.category.feature	5.15.53		N/A
org.wso2.carbon.identity.framework	org.wso2.carbon.identity.notification.mgt.category.feature	5.15.54		N/A
org.wso2.carbon.identity.framework	org.wso2.carbon.identity.notification.mgt.category.feature	5.15.55		N/A
org.wso2.carbon.identity.framework	org.wso2.carbon.identity.notification.mgt.category.feature	5.15.56		N/A
org.wso2.carbon.identity.framework	org.wso2.carbon.identity.notification.mgt.category.feature	5.15.57		N/A
org.wso2.carbon.identity.framework	org.wso2.carbon.identity.notification.mgt.category.feature	5.15.58		N/A
org.wso2.carbon.identity.framework	org.wso2.carbon.identity.notification.mgt.category.feature	5.15.59		N/A
org.wso2.carbon.identity.framework	org.wso2.carbon.identity.notification.mgt.category.feature	5.15.60		N/A
org.wso2.carbon.identity.framework	org.wso2.carbon.identity.notification.mgt.category.feature	5.15.61		N/A
org.wso2.carbon.identity.framework	org.wso2.carbon.identity.notification.mgt.category.feature	5.15.62		N/A
org.wso2.carbon.identity.framework	org.wso2.carbon.identity.notification.mgt.category.feature	5.15.63		N/A
org.wso2.carbon.identity.framework	org.wso2.carbon.identity.notification.mgt.category.feature	5.15.64		N/A
org.wso2.carbon.identity.framework	org.wso2.carbon.identity.notification.mgt.category.feature	5.15.65		N/A
org.wso2.carbon.identity.framework	org.wso2.carbon.identity.notification.mgt.category.feature	5.16.0		N/A
org.wso2.carbon.identity.framework	org.wso2.carbon.identity.notification.mgt.category.feature	5.16.100		N/A
org.wso2.carbon.identity.framework	org.wso2.carbon.identity.notification.mgt.category.feature	5.16.101		N/A
org.wso2.carbon.identity.framework	org.wso2.carbon.identity.notification.mgt.category.feature	5.16.102		N/A
org.wso2.carbon.identity.framework	org.wso2.carbon.identity.notification.mgt.category.feature	5.16.103		N/A
org.wso2.carbon.identity.framework	org.wso2.carbon.identity.notification.mgt.category.feature	5.16.104		N/A
org.wso2.carbon.identity.framework	org.wso2.carbon.identity.notification.mgt.category.feature	5.16.105		N/A
org.wso2.carbon.identity.framework	org.wso2.carbon.identity.notification.mgt.category.feature	5.16.106		N/A
org.wso2.carbon.identity.framework	org.wso2.carbon.identity.notification.mgt.category.feature	5.16.107		N/A
org.wso2.carbon.identity.framework	org.wso2.carbon.identity.notification.mgt.category.feature	5.16.108		N/A
org.wso2.carbon.identity.framework	org.wso2.carbon.identity.notification.mgt.category.feature	5.16.109		N/A
org.wso2.carbon.identity.framework	org.wso2.carbon.identity.notification.mgt.category.feature	5.16.110		N/A
org.wso2.carbon.identity.framework	org.wso2.carbon.identity.notification.mgt.category.feature	5.16.111		N/A
org.wso2.carbon.identity.framework	org.wso2.carbon.identity.notification.mgt.category.feature	5.16.112		N/A
org.wso2.carbon.identity.framework	org.wso2.carbon.identity.notification.mgt.category.feature	5.16.113		N/A
org.wso2.carbon.identity.framework	org.wso2.carbon.identity.notification.mgt.category.feature	5.16.114		N/A
org.wso2.carbon.identity.framework	org.wso2.carbon.identity.notification.mgt.category.feature	5.16.115		N/A
org.wso2.carbon.identity.framework	org.wso2.carbon.identity.notification.mgt.category.feature	5.16.116		N/A
org.wso2.carbon.identity.framework	org.wso2.carbon.identity.notification.mgt.category.feature	5.16.117		N/A
org.wso2.carbon.identity.framework	org.wso2.carbon.identity.notification.mgt.category.feature	5.16.118		N/A
org.wso2.carbon.identity.framework	org.wso2.carbon.identity.notification.mgt.category.feature	5.16.119		N/A
org.wso2.carbon.identity.framework	org.wso2.carbon.identity.notification.mgt.category.feature	5.16.120		N/A
org.wso2.carbon.identity.framework	org.wso2.carbon.identity.notification.mgt.category.feature	5.16.63		N/A
org.wso2.carbon.identity.framework	org.wso2.carbon.identity.notification.mgt.category.feature	5.16.64		N/A
org.wso2.carbon.identity.framework	org.wso2.carbon.identity.notification.mgt.category.feature	5.16.65		N/A
org.wso2.carbon.identity.framework	org.wso2.carbon.identity.notification.mgt.category.feature	5.16.66		N/A
org.wso2.carbon.identity.framework	org.wso2.carbon.identity.notification.mgt.category.feature	5.16.67		N/A
org.wso2.carbon.identity.framework	org.wso2.carbon.identity.notification.mgt.category.feature	5.16.68		N/A
org.wso2.carbon.identity.framework	org.wso2.carbon.identity.notification.mgt.category.feature	5.16.69		N/A
org.wso2.carbon.identity.framework	org.wso2.carbon.identity.notification.mgt.category.feature	5.16.70		N/A
org.wso2.carbon.identity.framework	org.wso2.carbon.identity.notification.mgt.category.feature	5.16.71		N/A
org.wso2.carbon.identity.framework	org.wso2.carbon.identity.notification.mgt.category.feature	5.16.72		N/A
org.wso2.carbon.identity.framework	org.wso2.carbon.identity.notification.mgt.category.feature	5.16.73		N/A
org.wso2.carbon.identity.framework	org.wso2.carbon.identity.notification.mgt.category.feature	5.16.74		N/A
org.wso2.carbon.identity.framework	org.wso2.carbon.identity.notification.mgt.category.feature	5.16.75		N/A
org.wso2.carbon.identity.framework	org.wso2.carbon.identity.notification.mgt.category.feature	5.16.76		N/A
org.wso2.carbon.identity.framework	org.wso2.carbon.identity.notification.mgt.category.feature	5.16.77		N/A
org.wso2.carbon.identity.framework	org.wso2.carbon.identity.notification.mgt.category.feature	5.16.78		N/A
org.wso2.carbon.identity.framework	org.wso2.carbon.identity.notification.mgt.category.feature	5.16.79		N/A
org.wso2.carbon.identity.framework	org.wso2.carbon.identity.notification.mgt.category.feature	5.16.80		N/A
org.wso2.carbon.identity.framework	org.wso2.carbon.identity.notification.mgt.category.feature	5.16.81		N/A
org.wso2.carbon.identity.framework	org.wso2.carbon.identity.notification.mgt.category.feature	5.16.82		N/A
org.wso2.carbon.identity.framework	org.wso2.carbon.identity.notification.mgt.category.feature	5.16.83		N/A
org.wso2.carbon.identity.framework	org.wso2.carbon.identity.notification.mgt.category.feature	5.16.84		N/A
org.wso2.carbon.identity.framework	org.wso2.carbon.identity.notification.mgt.category.feature	5.16.85		N/A
org.wso2.carbon.identity.framework	org.wso2.carbon.identity.notification.mgt.category.feature	5.16.86		N/A
org.wso2.carbon.identity.framework	org.wso2.carbon.identity.notification.mgt.category.feature	5.16.87		N/A
org.wso2.carbon.identity.framework	org.wso2.carbon.identity.notification.mgt.category.feature	5.16.88		N/A
org.wso2.carbon.identity.framework	org.wso2.carbon.identity.notification.mgt.category.feature	5.16.89		N/A
org.wso2.carbon.identity.framework	org.wso2.carbon.identity.notification.mgt.category.feature	5.16.90		N/A
org.wso2.carbon.identity.framework	org.wso2.carbon.identity.notification.mgt.category.feature	5.16.91		N/A
org.wso2.carbon.identity.framework	org.wso2.carbon.identity.notification.mgt.category.feature	5.16.92		N/A
org.wso2.carbon.identity.framework	org.wso2.carbon.identity.notification.mgt.category.feature	5.16.93		N/A
org.wso2.carbon.identity.framework	org.wso2.carbon.identity.notification.mgt.category.feature	5.16.94		N/A
org.wso2.carbon.identity.framework	org.wso2.carbon.identity.notification.mgt.category.feature	5.16.95		N/A
org.wso2.carbon.identity.framework	org.wso2.carbon.identity.notification.mgt.category.feature	5.16.96		N/A
org.wso2.carbon.identity.framework	org.wso2.carbon.identity.notification.mgt.category.feature	5.16.97		N/A
org.wso2.carbon.identity.framework	org.wso2.carbon.identity.notification.mgt.category.feature	5.16.98		N/A
org.wso2.carbon.identity.framework	org.wso2.carbon.identity.notification.mgt.category.feature	5.16.99		N/A
org.wso2.carbon.identity.framework	org.wso2.carbon.identity.notification.mgt.category.feature	5.17.0		N/A
org.wso2.carbon.identity.framework	org.wso2.carbon.identity.notification.mgt.category.feature	5.17.1		N/A
org.wso2.carbon.identity.framework	org.wso2.carbon.identity.notification.mgt.category.feature	5.17.10		N/A
org.wso2.carbon.identity.framework	org.wso2.carbon.identity.notification.mgt.category.feature	5.17.100		N/A
org.wso2.carbon.identity.framework	org.wso2.carbon.identity.notification.mgt.category.feature	5.17.101		N/A
org.wso2.carbon.identity.framework	org.wso2.carbon.identity.notification.mgt.category.feature	5.17.102		N/A
org.wso2.carbon.identity.framework	org.wso2.carbon.identity.notification.mgt.category.feature	5.17.103		N/A
org.wso2.carbon.identity.framework	org.wso2.carbon.identity.notification.mgt.category.feature	5.17.104		N/A
org.wso2.carbon.identity.framework	org.wso2.carbon.identity.notification.mgt.category.feature	5.17.105		N/A
org.wso2.carbon.identity.framework	org.wso2.carbon.identity.notification.mgt.category.feature	5.17.106		N/A
org.wso2.carbon.identity.framework	org.wso2.carbon.identity.notification.mgt.category.feature	5.17.107		N/A
org.wso2.carbon.identity.framework	org.wso2.carbon.identity.notification.mgt.category.feature	5.17.108		N/A
org.wso2.carbon.identity.framework	org.wso2.carbon.identity.notification.mgt.category.feature	5.17.109		N/A
org.wso2.carbon.identity.framework	org.wso2.carbon.identity.notification.mgt.category.feature	5.17.11		N/A
org.wso2.carbon.identity.framework	org.wso2.carbon.identity.notification.mgt.category.feature	5.17.110		N/A
org.wso2.carbon.identity.framework	org.wso2.carbon.identity.notification.mgt.category.feature	5.17.111		N/A
org.wso2.carbon.identity.framework	org.wso2.carbon.identity.notification.mgt.category.feature	5.17.112		N/A
org.wso2.carbon.identity.framework	org.wso2.carbon.identity.notification.mgt.category.feature	5.17.113		N/A
org.wso2.carbon.identity.framework	org.wso2.carbon.identity.notification.mgt.category.feature	5.17.114		N/A
org.wso2.carbon.identity.framework	org.wso2.carbon.identity.notification.mgt.category.feature	5.17.115		N/A
org.wso2.carbon.identity.framework	org.wso2.carbon.identity.notification.mgt.category.feature	5.17.116		N/A
org.wso2.carbon.identity.framework	org.wso2.carbon.identity.notification.mgt.category.feature	5.17.117		N/A
org.wso2.carbon.identity.framework	org.wso2.carbon.identity.notification.mgt.category.feature	5.17.12		N/A
org.wso2.carbon.identity.framework	org.wso2.carbon.identity.notification.mgt.category.feature	5.17.13		N/A
org.wso2.carbon.identity.framework	org.wso2.carbon.identity.notification.mgt.category.feature	5.17.14		N/A
org.wso2.carbon.identity.framework	org.wso2.carbon.identity.notification.mgt.category.feature	5.17.15		N/A
org.wso2.carbon.identity.framework	org.wso2.carbon.identity.notification.mgt.category.feature	5.17.16		N/A
org.wso2.carbon.identity.framework	org.wso2.carbon.identity.notification.mgt.category.feature	5.17.17		N/A
org.wso2.carbon.identity.framework	org.wso2.carbon.identity.notification.mgt.category.feature	5.17.18		N/A
org.wso2.carbon.identity.framework	org.wso2.carbon.identity.notification.mgt.category.feature	5.17.19		N/A
org.wso2.carbon.identity.framework	org.wso2.carbon.identity.notification.mgt.category.feature	5.17.2		N/A
org.wso2.carbon.identity.framework	org.wso2.carbon.identity.notification.mgt.category.feature	5.17.20		N/A
org.wso2.carbon.identity.framework	org.wso2.carbon.identity.notification.mgt.category.feature	5.17.21		N/A
org.wso2.carbon.identity.framework	org.wso2.carbon.identity.notification.mgt.category.feature	5.17.22		N/A
org.wso2.carbon.identity.framework	org.wso2.carbon.identity.notification.mgt.category.feature	5.17.23		N/A
org.wso2.carbon.identity.framework	org.wso2.carbon.identity.notification.mgt.category.feature	5.17.24		N/A
org.wso2.carbon.identity.framework	org.wso2.carbon.identity.notification.mgt.category.feature	5.17.25		N/A
org.wso2.carbon.identity.framework	org.wso2.carbon.identity.notification.mgt.category.feature	5.17.26		N/A
org.wso2.carbon.identity.framework	org.wso2.carbon.identity.notification.mgt.category.feature	5.17.27		N/A
org.wso2.carbon.identity.framework	org.wso2.carbon.identity.notification.mgt.category.feature	5.17.28		N/A
org.wso2.carbon.identity.framework	org.wso2.carbon.identity.notification.mgt.category.feature	5.17.29		N/A
org.wso2.carbon.identity.framework	org.wso2.carbon.identity.notification.mgt.category.feature	5.17.3		N/A
org.wso2.carbon.identity.framework	org.wso2.carbon.identity.notification.mgt.category.feature	5.17.30		N/A
org.wso2.carbon.identity.framework	org.wso2.carbon.identity.notification.mgt.category.feature	5.17.31		N/A
org.wso2.carbon.identity.framework	org.wso2.carbon.identity.notification.mgt.category.feature	5.17.32		N/A
org.wso2.carbon.identity.framework	org.wso2.carbon.identity.notification.mgt.category.feature	5.17.33		N/A
org.wso2.carbon.identity.framework	org.wso2.carbon.identity.notification.mgt.category.feature	5.17.34		N/A
org.wso2.carbon.identity.framework	org.wso2.carbon.identity.notification.mgt.category.feature	5.17.35		N/A
org.wso2.carbon.identity.framework	org.wso2.carbon.identity.notification.mgt.category.feature	5.17.36		N/A
org.wso2.carbon.identity.framework	org.wso2.carbon.identity.notification.mgt.category.feature	5.17.37		N/A
org.wso2.carbon.identity.framework	org.wso2.carbon.identity.notification.mgt.category.feature	5.17.38		N/A
org.wso2.carbon.identity.framework	org.wso2.carbon.identity.notification.mgt.category.feature	5.17.39		N/A
org.wso2.carbon.identity.framework	org.wso2.carbon.identity.notification.mgt.category.feature	5.17.4		N/A
org.wso2.carbon.identity.framework	org.wso2.carbon.identity.notification.mgt.category.feature	5.17.40		N/A
org.wso2.carbon.identity.framework	org.wso2.carbon.identity.notification.mgt.category.feature	5.17.41		N/A
org.wso2.carbon.identity.framework	org.wso2.carbon.identity.notification.mgt.category.feature	5.17.42		N/A
org.wso2.carbon.identity.framework	org.wso2.carbon.identity.notification.mgt.category.feature	5.17.43		N/A
org.wso2.carbon.identity.framework	org.wso2.carbon.identity.notification.mgt.category.feature	5.17.44		N/A
org.wso2.carbon.identity.framework	org.wso2.carbon.identity.notification.mgt.category.feature	5.17.45		N/A
org.wso2.carbon.identity.framework	org.wso2.carbon.identity.notification.mgt.category.feature	5.17.46		N/A
org.wso2.carbon.identity.framework	org.wso2.carbon.identity.notification.mgt.category.feature	5.17.47		N/A
org.wso2.carbon.identity.framework	org.wso2.carbon.identity.notification.mgt.category.feature	5.17.48		N/A
org.wso2.carbon.identity.framework	org.wso2.carbon.identity.notification.mgt.category.feature	5.17.49		N/A
org.wso2.carbon.identity.framework	org.wso2.carbon.identity.notification.mgt.category.feature	5.17.5		N/A
org.wso2.carbon.identity.framework	org.wso2.carbon.identity.notification.mgt.category.feature	5.17.50		N/A
org.wso2.carbon.identity.framework	org.wso2.carbon.identity.notification.mgt.category.feature	5.17.51		N/A
org.wso2.carbon.identity.framework	org.wso2.carbon.identity.notification.mgt.category.feature	5.17.52		N/A
org.wso2.carbon.identity.framework	org.wso2.carbon.identity.notification.mgt.category.feature	5.17.53		N/A
org.wso2.carbon.identity.framework	org.wso2.carbon.identity.notification.mgt.category.feature	5.17.54		N/A
org.wso2.carbon.identity.framework	org.wso2.carbon.identity.notification.mgt.category.feature	5.17.55		N/A
org.wso2.carbon.identity.framework	org.wso2.carbon.identity.notification.mgt.category.feature	5.17.56		N/A
org.wso2.carbon.identity.framework	org.wso2.carbon.identity.notification.mgt.category.feature	5.17.57		N/A
org.wso2.carbon.identity.framework	org.wso2.carbon.identity.notification.mgt.category.feature	5.17.58		N/A
org.wso2.carbon.identity.framework	org.wso2.carbon.identity.notification.mgt.category.feature	5.17.59		N/A
org.wso2.carbon.identity.framework	org.wso2.carbon.identity.notification.mgt.category.feature	5.17.6		N/A
org.wso2.carbon.identity.framework	org.wso2.carbon.identity.notification.mgt.category.feature	5.17.60		N/A
org.wso2.carbon.identity.framework	org.wso2.carbon.identity.notification.mgt.category.feature	5.17.61		N/A
org.wso2.carbon.identity.framework	org.wso2.carbon.identity.notification.mgt.category.feature	5.17.62		N/A
org.wso2.carbon.identity.framework	org.wso2.carbon.identity.notification.mgt.category.feature	5.17.63		N/A
org.wso2.carbon.identity.framework	org.wso2.carbon.identity.notification.mgt.category.feature	5.17.64		N/A
org.wso2.carbon.identity.framework	org.wso2.carbon.identity.notification.mgt.category.feature	5.17.65		N/A
org.wso2.carbon.identity.framework	org.wso2.carbon.identity.notification.mgt.category.feature	5.17.66		N/A
org.wso2.carbon.identity.framework	org.wso2.carbon.identity.notification.mgt.category.feature	5.17.67		N/A
org.wso2.carbon.identity.framework	org.wso2.carbon.identity.notification.mgt.category.feature	5.17.68		N/A
org.wso2.carbon.identity.framework	org.wso2.carbon.identity.notification.mgt.category.feature	5.17.69		N/A
org.wso2.carbon.identity.framework	org.wso2.carbon.identity.notification.mgt.category.feature	5.17.7		N/A
org.wso2.carbon.identity.framework	org.wso2.carbon.identity.notification.mgt.category.feature	5.17.70		N/A
org.wso2.carbon.identity.framework	org.wso2.carbon.identity.notification.mgt.category.feature	5.17.71		N/A
org.wso2.carbon.identity.framework	org.wso2.carbon.identity.notification.mgt.category.feature	5.17.72		N/A
org.wso2.carbon.identity.framework	org.wso2.carbon.identity.notification.mgt.category.feature	5.17.73		N/A
org.wso2.carbon.identity.framework	org.wso2.carbon.identity.notification.mgt.category.feature	5.17.74		N/A
org.wso2.carbon.identity.framework	org.wso2.carbon.identity.notification.mgt.category.feature	5.17.75		N/A
org.wso2.carbon.identity.framework	org.wso2.carbon.identity.notification.mgt.category.feature	5.17.76		N/A
org.wso2.carbon.identity.framework	org.wso2.carbon.identity.notification.mgt.category.feature	5.17.77		N/A
org.wso2.carbon.identity.framework	org.wso2.carbon.identity.notification.mgt.category.feature	5.17.78		N/A
org.wso2.carbon.identity.framework	org.wso2.carbon.identity.notification.mgt.category.feature	5.17.79		N/A
org.wso2.carbon.identity.framework	org.wso2.carbon.identity.notification.mgt.category.feature	5.17.8		N/A
org.wso2.carbon.identity.framework	org.wso2.carbon.identity.notification.mgt.category.feature	5.17.80		N/A
org.wso2.carbon.identity.framework	org.wso2.carbon.identity.notification.mgt.category.feature	5.17.81		N/A
org.wso2.carbon.identity.framework	org.wso2.carbon.identity.notification.mgt.category.feature	5.17.82		N/A
org.wso2.carbon.identity.framework	org.wso2.carbon.identity.notification.mgt.category.feature	5.17.83		N/A
org.wso2.carbon.identity.framework	org.wso2.carbon.identity.notification.mgt.category.feature	5.17.84		N/A
org.wso2.carbon.identity.framework	org.wso2.carbon.identity.notification.mgt.category.feature	5.17.85		N/A
org.wso2.carbon.identity.framework	org.wso2.carbon.identity.notification.mgt.category.feature	5.17.86		N/A
org.wso2.carbon.identity.framework	org.wso2.carbon.identity.notification.mgt.category.feature	5.17.87		N/A
org.wso2.carbon.identity.framework	org.wso2.carbon.identity.notification.mgt.category.feature	5.17.88		N/A
org.wso2.carbon.identity.framework	org.wso2.carbon.identity.notification.mgt.category.feature	5.17.89		N/A
org.wso2.carbon.identity.framework	org.wso2.carbon.identity.notification.mgt.category.feature	5.17.9		N/A
org.wso2.carbon.identity.framework	org.wso2.carbon.identity.notification.mgt.category.feature	5.17.90		N/A
org.wso2.carbon.identity.framework	org.wso2.carbon.identity.notification.mgt.category.feature	5.17.91		N/A
org.wso2.carbon.identity.framework	org.wso2.carbon.identity.notification.mgt.category.feature	5.17.92		N/A
org.wso2.carbon.identity.framework	org.wso2.carbon.identity.notification.mgt.category.feature	5.17.93		N/A
org.wso2.carbon.identity.framework	org.wso2.carbon.identity.notification.mgt.category.feature	5.17.94		N/A
org.wso2.carbon.identity.framework	org.wso2.carbon.identity.notification.mgt.category.feature	5.17.95		N/A
org.wso2.carbon.identity.framework	org.wso2.carbon.identity.notification.mgt.category.feature	5.17.96		N/A
org.wso2.carbon.identity.framework	org.wso2.carbon.identity.notification.mgt.category.feature	5.17.97		N/A
org.wso2.carbon.identity.framework	org.wso2.carbon.identity.notification.mgt.category.feature	5.17.98		N/A
org.wso2.carbon.identity.framework	org.wso2.carbon.identity.notification.mgt.category.feature	5.17.99		N/A
org.wso2.carbon.identity.framework	org.wso2.carbon.identity.notification.mgt.category.feature	5.18.0		N/A
org.wso2.carbon.identity.framework	org.wso2.carbon.identity.notification.mgt.category.feature	5.18.1		N/A
org.wso2.carbon.identity.framework	org.wso2.carbon.identity.notification.mgt.category.feature	5.18.10		N/A
org.wso2.carbon.identity.framework	org.wso2.carbon.identity.notification.mgt.category.feature	5.18.100		N/A
org.wso2.carbon.identity.framework	org.wso2.carbon.identity.notification.mgt.category.feature	5.18.101		N/A
org.wso2.carbon.identity.framework	org.wso2.carbon.identity.notification.mgt.category.feature	5.18.102		N/A
org.wso2.carbon.identity.framework	org.wso2.carbon.identity.notification.mgt.category.feature	5.18.103		N/A
org.wso2.carbon.identity.framework	org.wso2.carbon.identity.notification.mgt.category.feature	5.18.104		N/A
org.wso2.carbon.identity.framework	org.wso2.carbon.identity.notification.mgt.category.feature	5.18.105		N/A
org.wso2.carbon.identity.framework	org.wso2.carbon.identity.notification.mgt.category.feature	5.18.106		N/A
org.wso2.carbon.identity.framework	org.wso2.carbon.identity.notification.mgt.category.feature	5.18.107		N/A
org.wso2.carbon.identity.framework	org.wso2.carbon.identity.notification.mgt.category.feature	5.18.108		N/A
org.wso2.carbon.identity.framework	org.wso2.carbon.identity.notification.mgt.category.feature	5.18.109		N/A
org.wso2.carbon.identity.framework	org.wso2.carbon.identity.notification.mgt.category.feature	5.18.11		N/A
org.wso2.carbon.identity.framework	org.wso2.carbon.identity.notification.mgt.category.feature	5.18.110		N/A
org.wso2.carbon.identity.framework	org.wso2.carbon.identity.notification.mgt.category.feature	5.18.111		N/A
org.wso2.carbon.identity.framework	org.wso2.carbon.identity.notification.mgt.category.feature	5.18.112		N/A
org.wso2.carbon.identity.framework	org.wso2.carbon.identity.notification.mgt.category.feature	5.18.113		N/A
org.wso2.carbon.identity.framework	org.wso2.carbon.identity.notification.mgt.category.feature	5.18.114		N/A
org.wso2.carbon.identity.framework	org.wso2.carbon.identity.notification.mgt.category.feature	5.18.115		N/A
org.wso2.carbon.identity.framework	org.wso2.carbon.identity.notification.mgt.category.feature	5.18.116		N/A
org.wso2.carbon.identity.framework	org.wso2.carbon.identity.notification.mgt.category.feature	5.18.117		N/A
org.wso2.carbon.identity.framework	org.wso2.carbon.identity.notification.mgt.category.feature	5.18.118		N/A
org.wso2.carbon.identity.framework	org.wso2.carbon.identity.notification.mgt.category.feature	5.18.119		N/A
org.wso2.carbon.identity.framework	org.wso2.carbon.identity.notification.mgt.category.feature	5.18.12		N/A
org.wso2.carbon.identity.framework	org.wso2.carbon.identity.notification.mgt.category.feature	5.18.120		N/A
org.wso2.carbon.identity.framework	org.wso2.carbon.identity.notification.mgt.category.feature	5.18.121		N/A
org.wso2.carbon.identity.framework	org.wso2.carbon.identity.notification.mgt.category.feature	5.18.122		N/A
org.wso2.carbon.identity.framework	org.wso2.carbon.identity.notification.mgt.category.feature	5.18.123		N/A
org.wso2.carbon.identity.framework	org.wso2.carbon.identity.notification.mgt.category.feature	5.18.124		N/A
org.wso2.carbon.identity.framework	org.wso2.carbon.identity.notification.mgt.category.feature	5.18.125		N/A
org.wso2.carbon.identity.framework	org.wso2.carbon.identity.notification.mgt.category.feature	5.18.126		N/A
org.wso2.carbon.identity.framework	org.wso2.carbon.identity.notification.mgt.category.feature	5.18.127		N/A
org.wso2.carbon.identity.framework	org.wso2.carbon.identity.notification.mgt.category.feature	5.18.128		N/A
org.wso2.carbon.identity.framework	org.wso2.carbon.identity.notification.mgt.category.feature	5.18.129		N/A
org.wso2.carbon.identity.framework	org.wso2.carbon.identity.notification.mgt.category.feature	5.18.13		N/A
org.wso2.carbon.identity.framework	org.wso2.carbon.identity.notification.mgt.category.feature	5.18.130		N/A
org.wso2.carbon.identity.framework	org.wso2.carbon.identity.notification.mgt.category.feature	5.18.131		N/A
org.wso2.carbon.identity.framework	org.wso2.carbon.identity.notification.mgt.category.feature	5.18.132		N/A
org.wso2.carbon.identity.framework	org.wso2.carbon.identity.notification.mgt.category.feature	5.18.133		N/A
org.wso2.carbon.identity.framework	org.wso2.carbon.identity.notification.mgt.category.feature	5.18.134		N/A
org.wso2.carbon.identity.framework	org.wso2.carbon.identity.notification.mgt.category.feature	5.18.135		N/A
org.wso2.carbon.identity.framework	org.wso2.carbon.identity.notification.mgt.category.feature	5.18.136		N/A
org.wso2.carbon.identity.framework	org.wso2.carbon.identity.notification.mgt.category.feature	5.18.137		N/A
org.wso2.carbon.identity.framework	org.wso2.carbon.identity.notification.mgt.category.feature	5.18.138		N/A
org.wso2.carbon.identity.framework	org.wso2.carbon.identity.notification.mgt.category.feature	5.18.139		N/A
org.wso2.carbon.identity.framework	org.wso2.carbon.identity.notification.mgt.category.feature	5.18.14		N/A
org.wso2.carbon.identity.framework	org.wso2.carbon.identity.notification.mgt.category.feature	5.18.140		N/A
org.wso2.carbon.identity.framework	org.wso2.carbon.identity.notification.mgt.category.feature	5.18.141		N/A
org.wso2.carbon.identity.framework	org.wso2.carbon.identity.notification.mgt.category.feature	5.18.142		N/A
org.wso2.carbon.identity.framework	org.wso2.carbon.identity.notification.mgt.category.feature	5.18.143		N/A
org.wso2.carbon.identity.framework	org.wso2.carbon.identity.notification.mgt.category.feature	5.18.144		N/A
org.wso2.carbon.identity.framework	org.wso2.carbon.identity.notification.mgt.category.feature	5.18.145		N/A
org.wso2.carbon.identity.framework	org.wso2.carbon.identity.notification.mgt.category.feature	5.18.146		N/A
org.wso2.carbon.identity.framework	org.wso2.carbon.identity.notification.mgt.category.feature	5.18.147		N/A
org.wso2.carbon.identity.framework	org.wso2.carbon.identity.notification.mgt.category.feature	5.18.148		N/A
org.wso2.carbon.identity.framework	org.wso2.carbon.identity.notification.mgt.category.feature	5.18.149		N/A
org.wso2.carbon.identity.framework	org.wso2.carbon.identity.notification.mgt.category.feature	5.18.15		N/A
org.wso2.carbon.identity.framework	org.wso2.carbon.identity.notification.mgt.category.feature	5.18.150		N/A
org.wso2.carbon.identity.framework	org.wso2.carbon.identity.notification.mgt.category.feature	5.18.151		N/A
org.wso2.carbon.identity.framework	org.wso2.carbon.identity.notification.mgt.category.feature	5.18.152		N/A
org.wso2.carbon.identity.framework	org.wso2.carbon.identity.notification.mgt.category.feature	5.18.153		N/A
org.wso2.carbon.identity.framework	org.wso2.carbon.identity.notification.mgt.category.feature	5.18.154		N/A
org.wso2.carbon.identity.framework	org.wso2.carbon.identity.notification.mgt.category.feature	5.18.155		N/A
org.wso2.carbon.identity.framework	org.wso2.carbon.identity.notification.mgt.category.feature	5.18.156		N/A
org.wso2.carbon.identity.framework	org.wso2.carbon.identity.notification.mgt.category.feature	5.18.157		N/A
org.wso2.carbon.identity.framework	org.wso2.carbon.identity.notification.mgt.category.feature	5.18.158		N/A
org.wso2.carbon.identity.framework	org.wso2.carbon.identity.notification.mgt.category.feature	5.18.159		N/A
org.wso2.carbon.identity.framework	org.wso2.carbon.identity.notification.mgt.category.feature	5.18.16		N/A
org.wso2.carbon.identity.framework	org.wso2.carbon.identity.notification.mgt.category.feature	5.18.160		N/A
org.wso2.carbon.identity.framework	org.wso2.carbon.identity.notification.mgt.category.feature	5.18.161		N/A
org.wso2.carbon.identity.framework	org.wso2.carbon.identity.notification.mgt.category.feature	5.18.162		N/A
org.wso2.carbon.identity.framework	org.wso2.carbon.identity.notification.mgt.category.feature	5.18.164		N/A
org.wso2.carbon.identity.framework	org.wso2.carbon.identity.notification.mgt.category.feature	5.18.165		N/A
org.wso2.carbon.identity.framework	org.wso2.carbon.identity.notification.mgt.category.feature	5.18.167		N/A
org.wso2.carbon.identity.framework	org.wso2.carbon.identity.notification.mgt.category.feature	5.18.168		N/A
org.wso2.carbon.identity.framework	org.wso2.carbon.identity.notification.mgt.category.feature	5.18.169		N/A
org.wso2.carbon.identity.framework	org.wso2.carbon.identity.notification.mgt.category.feature	5.18.17		N/A
org.wso2.carbon.identity.framework	org.wso2.carbon.identity.notification.mgt.category.feature	5.18.170		N/A
org.wso2.carbon.identity.framework	org.wso2.carbon.identity.notification.mgt.category.feature	5.18.171		N/A
org.wso2.carbon.identity.framework	org.wso2.carbon.identity.notification.mgt.category.feature	5.18.172		N/A
org.wso2.carbon.identity.framework	org.wso2.carbon.identity.notification.mgt.category.feature	5.18.173		N/A
org.wso2.carbon.identity.framework	org.wso2.carbon.identity.notification.mgt.category.feature	5.18.174		N/A
org.wso2.carbon.identity.framework	org.wso2.carbon.identity.notification.mgt.category.feature	5.18.175		N/A
org.wso2.carbon.identity.framework	org.wso2.carbon.identity.notification.mgt.category.feature	5.18.176		N/A
org.wso2.carbon.identity.framework	org.wso2.carbon.identity.notification.mgt.category.feature	5.18.177		N/A
org.wso2.carbon.identity.framework	org.wso2.carbon.identity.notification.mgt.category.feature	5.18.178		N/A
org.wso2.carbon.identity.framework	org.wso2.carbon.identity.notification.mgt.category.feature	5.18.179		N/A
org.wso2.carbon.identity.framework	org.wso2.carbon.identity.notification.mgt.category.feature	5.18.18		N/A
org.wso2.carbon.identity.framework	org.wso2.carbon.identity.notification.mgt.category.feature	5.18.180		N/A
org.wso2.carbon.identity.framework	org.wso2.carbon.identity.notification.mgt.category.feature	5.18.181		N/A
org.wso2.carbon.identity.framework	org.wso2.carbon.identity.notification.mgt.category.feature	5.18.182		N/A
org.wso2.carbon.identity.framework	org.wso2.carbon.identity.notification.mgt.category.feature	5.18.183		N/A
org.wso2.carbon.identity.framework	org.wso2.carbon.identity.notification.mgt.category.feature	5.18.184		N/A
org.wso2.carbon.identity.framework	org.wso2.carbon.identity.notification.mgt.category.feature	5.18.185		N/A
org.wso2.carbon.identity.framework	org.wso2.carbon.identity.notification.mgt.category.feature	5.18.186		N/A
org.wso2.carbon.identity.framework	org.wso2.carbon.identity.notification.mgt.category.feature	5.18.187		N/A
org.wso2.carbon.identity.framework	org.wso2.carbon.identity.notification.mgt.category.feature	5.18.188		N/A
org.wso2.carbon.identity.framework	org.wso2.carbon.identity.notification.mgt.category.feature	5.18.189		N/A
org.wso2.carbon.identity.framework	org.wso2.carbon.identity.notification.mgt.category.feature	5.18.19		N/A
org.wso2.carbon.identity.framework	org.wso2.carbon.identity.notification.mgt.category.feature	5.18.190		N/A
org.wso2.carbon.identity.framework	org.wso2.carbon.identity.notification.mgt.category.feature	5.18.191		N/A
org.wso2.carbon.identity.framework	org.wso2.carbon.identity.notification.mgt.category.feature	5.18.192		N/A
org.wso2.carbon.identity.framework	org.wso2.carbon.identity.notification.mgt.category.feature	5.18.193		N/A
org.wso2.carbon.identity.framework	org.wso2.carbon.identity.notification.mgt.category.feature	5.18.194		N/A
org.wso2.carbon.identity.framework	org.wso2.carbon.identity.notification.mgt.category.feature	5.18.195		N/A
org.wso2.carbon.identity.framework	org.wso2.carbon.identity.notification.mgt.category.feature	5.18.196		N/A
org.wso2.carbon.identity.framework	org.wso2.carbon.identity.notification.mgt.category.feature	5.18.197		N/A
org.wso2.carbon.identity.framework	org.wso2.carbon.identity.notification.mgt.category.feature	5.18.198		N/A
org.wso2.carbon.identity.framework	org.wso2.carbon.identity.notification.mgt.category.feature	5.18.199		N/A
org.wso2.carbon.identity.framework	org.wso2.carbon.identity.notification.mgt.category.feature	5.18.2		N/A
org.wso2.carbon.identity.framework	org.wso2.carbon.identity.notification.mgt.category.feature	5.18.20		N/A
org.wso2.carbon.identity.framework	org.wso2.carbon.identity.notification.mgt.category.feature	5.18.200		N/A
org.wso2.carbon.identity.framework	org.wso2.carbon.identity.notification.mgt.category.feature	5.18.201		N/A
org.wso2.carbon.identity.framework	org.wso2.carbon.identity.notification.mgt.category.feature	5.18.202		N/A
org.wso2.carbon.identity.framework	org.wso2.carbon.identity.notification.mgt.category.feature	5.18.203		N/A
org.wso2.carbon.identity.framework	org.wso2.carbon.identity.notification.mgt.category.feature	5.18.204		N/A
org.wso2.carbon.identity.framework	org.wso2.carbon.identity.notification.mgt.category.feature	5.18.205		N/A
org.wso2.carbon.identity.framework	org.wso2.carbon.identity.notification.mgt.category.feature	5.18.206		N/A
org.wso2.carbon.identity.framework	org.wso2.carbon.identity.notification.mgt.category.feature	5.18.207		N/A
org.wso2.carbon.identity.framework	org.wso2.carbon.identity.notification.mgt.category.feature	5.18.208		N/A
org.wso2.carbon.identity.framework	org.wso2.carbon.identity.notification.mgt.category.feature	5.18.209		N/A
org.wso2.carbon.identity.framework	org.wso2.carbon.identity.notification.mgt.category.feature	5.18.21		N/A
org.wso2.carbon.identity.framework	org.wso2.carbon.identity.notification.mgt.category.feature	5.18.210		N/A
org.wso2.carbon.identity.framework	org.wso2.carbon.identity.notification.mgt.category.feature	5.18.211		N/A
org.wso2.carbon.identity.framework	org.wso2.carbon.identity.notification.mgt.category.feature	5.18.212		N/A
org.wso2.carbon.identity.framework	org.wso2.carbon.identity.notification.mgt.category.feature	5.18.213		N/A
org.wso2.carbon.identity.framework	org.wso2.carbon.identity.notification.mgt.category.feature	5.18.214		N/A
org.wso2.carbon.identity.framework	org.wso2.carbon.identity.notification.mgt.category.feature	5.18.215		N/A
org.wso2.carbon.identity.framework	org.wso2.carbon.identity.notification.mgt.category.feature	5.18.216		N/A
org.wso2.carbon.identity.framework	org.wso2.carbon.identity.notification.mgt.category.feature	5.18.217		N/A
org.wso2.carbon.identity.framework	org.wso2.carbon.identity.notification.mgt.category.feature	5.18.218		N/A
org.wso2.carbon.identity.framework	org.wso2.carbon.identity.notification.mgt.category.feature	5.18.219		N/A
org.wso2.carbon.identity.framework	org.wso2.carbon.identity.notification.mgt.category.feature	5.18.22		N/A
org.wso2.carbon.identity.framework	org.wso2.carbon.identity.notification.mgt.category.feature	5.18.220		N/A
org.wso2.carbon.identity.framework	org.wso2.carbon.identity.notification.mgt.category.feature	5.18.221		N/A
org.wso2.carbon.identity.framework	org.wso2.carbon.identity.notification.mgt.category.feature	5.18.222		N/A
org.wso2.carbon.identity.framework	org.wso2.carbon.identity.notification.mgt.category.feature	5.18.223		N/A
org.wso2.carbon.identity.framework	org.wso2.carbon.identity.notification.mgt.category.feature	5.18.224		N/A
org.wso2.carbon.identity.framework	org.wso2.carbon.identity.notification.mgt.category.feature	5.18.225		N/A
org.wso2.carbon.identity.framework	org.wso2.carbon.identity.notification.mgt.category.feature	5.18.226		N/A
org.wso2.carbon.identity.framework	org.wso2.carbon.identity.notification.mgt.category.feature	5.18.227		N/A
org.wso2.carbon.identity.framework	org.wso2.carbon.identity.notification.mgt.category.feature	5.18.228		N/A
org.wso2.carbon.identity.framework	org.wso2.carbon.identity.notification.mgt.category.feature	5.18.229		N/A
org.wso2.carbon.identity.framework	org.wso2.carbon.identity.notification.mgt.category.feature	5.18.23		N/A
org.wso2.carbon.identity.framework	org.wso2.carbon.identity.notification.mgt.category.feature	5.18.230		N/A
org.wso2.carbon.identity.framework	org.wso2.carbon.identity.notification.mgt.category.feature	5.18.231		N/A
org.wso2.carbon.identity.framework	org.wso2.carbon.identity.notification.mgt.category.feature	5.18.232		N/A
org.wso2.carbon.identity.framework	org.wso2.carbon.identity.notification.mgt.category.feature	5.18.233		N/A
org.wso2.carbon.identity.framework	org.wso2.carbon.identity.notification.mgt.category.feature	5.18.234		N/A
org.wso2.carbon.identity.framework	org.wso2.carbon.identity.notification.mgt.category.feature	5.18.235		N/A
org.wso2.carbon.identity.framework	org.wso2.carbon.identity.notification.mgt.category.feature	5.18.236		N/A
org.wso2.carbon.identity.framework	org.wso2.carbon.identity.notification.mgt.category.feature	5.18.237		N/A
org.wso2.carbon.identity.framework	org.wso2.carbon.identity.notification.mgt.category.feature	5.18.238		N/A
org.wso2.carbon.identity.framework	org.wso2.carbon.identity.notification.mgt.category.feature	5.18.239		N/A
org.wso2.carbon.identity.framework	org.wso2.carbon.identity.notification.mgt.category.feature	5.18.24		N/A
org.wso2.carbon.identity.framework	org.wso2.carbon.identity.notification.mgt.category.feature	5.18.240		N/A
org.wso2.carbon.identity.framework	org.wso2.carbon.identity.notification.mgt.category.feature	5.18.241		N/A
org.wso2.carbon.identity.framework	org.wso2.carbon.identity.notification.mgt.category.feature	5.18.242		N/A
org.wso2.carbon.identity.framework	org.wso2.carbon.identity.notification.mgt.category.feature	5.18.243		N/A
org.wso2.carbon.identity.framework	org.wso2.carbon.identity.notification.mgt.category.feature	5.18.244		N/A
org.wso2.carbon.identity.framework	org.wso2.carbon.identity.notification.mgt.category.feature	5.18.25		N/A
org.wso2.carbon.identity.framework	org.wso2.carbon.identity.notification.mgt.category.feature	5.18.253		N/A
org.wso2.carbon.identity.framework	org.wso2.carbon.identity.notification.mgt.category.feature	5.18.26		N/A
org.wso2.carbon.identity.framework	org.wso2.carbon.identity.notification.mgt.category.feature	5.18.27		N/A
org.wso2.carbon.identity.framework	org.wso2.carbon.identity.notification.mgt.category.feature	5.18.28		N/A
org.wso2.carbon.identity.framework	org.wso2.carbon.identity.notification.mgt.category.feature	5.18.29		N/A
org.wso2.carbon.identity.framework	org.wso2.carbon.identity.notification.mgt.category.feature	5.18.3		N/A
org.wso2.carbon.identity.framework	org.wso2.carbon.identity.notification.mgt.category.feature	5.18.30		N/A
org.wso2.carbon.identity.framework	org.wso2.carbon.identity.notification.mgt.category.feature	5.18.31		N/A
org.wso2.carbon.identity.framework	org.wso2.carbon.identity.notification.mgt.category.feature	5.18.32		N/A
org.wso2.carbon.identity.framework	org.wso2.carbon.identity.notification.mgt.category.feature	5.18.33		N/A
org.wso2.carbon.identity.framework	org.wso2.carbon.identity.notification.mgt.category.feature	5.18.34		N/A
org.wso2.carbon.identity.framework	org.wso2.carbon.identity.notification.mgt.category.feature	5.18.35		N/A
org.wso2.carbon.identity.framework	org.wso2.carbon.identity.notification.mgt.category.feature	5.18.36		N/A
org.wso2.carbon.identity.framework	org.wso2.carbon.identity.notification.mgt.category.feature	5.18.37		N/A
org.wso2.carbon.identity.framework	org.wso2.carbon.identity.notification.mgt.category.feature	5.18.38		N/A
org.wso2.carbon.identity.framework	org.wso2.carbon.identity.notification.mgt.category.feature	5.18.39		N/A
org.wso2.carbon.identity.framework	org.wso2.carbon.identity.notification.mgt.category.feature	5.18.4		N/A
org.wso2.carbon.identity.framework	org.wso2.carbon.identity.notification.mgt.category.feature	5.18.40		N/A
org.wso2.carbon.identity.framework	org.wso2.carbon.identity.notification.mgt.category.feature	5.18.41		N/A
org.wso2.carbon.identity.framework	org.wso2.carbon.identity.notification.mgt.category.feature	5.18.42		N/A
org.wso2.carbon.identity.framework	org.wso2.carbon.identity.notification.mgt.category.feature	5.18.43		N/A
org.wso2.carbon.identity.framework	org.wso2.carbon.identity.notification.mgt.category.feature	5.18.44		N/A
org.wso2.carbon.identity.framework	org.wso2.carbon.identity.notification.mgt.category.feature	5.18.45		N/A
org.wso2.carbon.identity.framework	org.wso2.carbon.identity.notification.mgt.category.feature	5.18.46		N/A
org.wso2.carbon.identity.framework	org.wso2.carbon.identity.notification.mgt.category.feature	5.18.47		N/A
org.wso2.carbon.identity.framework	org.wso2.carbon.identity.notification.mgt.category.feature	5.18.48		N/A
org.wso2.carbon.identity.framework	org.wso2.carbon.identity.notification.mgt.category.feature	5.18.49		N/A
org.wso2.carbon.identity.framework	org.wso2.carbon.identity.notification.mgt.category.feature	5.18.5		N/A
org.wso2.carbon.identity.framework	org.wso2.carbon.identity.notification.mgt.category.feature	5.18.50		N/A
org.wso2.carbon.identity.framework	org.wso2.carbon.identity.notification.mgt.category.feature	5.18.51		N/A
org.wso2.carbon.identity.framework	org.wso2.carbon.identity.notification.mgt.category.feature	5.18.52		N/A
org.wso2.carbon.identity.framework	org.wso2.carbon.identity.notification.mgt.category.feature	5.18.53		N/A
org.wso2.carbon.identity.framework	org.wso2.carbon.identity.notification.mgt.category.feature	5.18.54		N/A
org.wso2.carbon.identity.framework	org.wso2.carbon.identity.notification.mgt.category.feature	5.18.55		N/A
org.wso2.carbon.identity.framework	org.wso2.carbon.identity.notification.mgt.category.feature	5.18.56		N/A
org.wso2.carbon.identity.framework	org.wso2.carbon.identity.notification.mgt.category.feature	5.18.57		N/A
org.wso2.carbon.identity.framework	org.wso2.carbon.identity.notification.mgt.category.feature	5.18.58		N/A
org.wso2.carbon.identity.framework	org.wso2.carbon.identity.notification.mgt.category.feature	5.18.59		N/A
org.wso2.carbon.identity.framework	org.wso2.carbon.identity.notification.mgt.category.feature	5.18.6		N/A
org.wso2.carbon.identity.framework	org.wso2.carbon.identity.notification.mgt.category.feature	5.18.60		N/A
org.wso2.carbon.identity.framework	org.wso2.carbon.identity.notification.mgt.category.feature	5.18.61		N/A
org.wso2.carbon.identity.framework	org.wso2.carbon.identity.notification.mgt.category.feature	5.18.62		N/A
org.wso2.carbon.identity.framework	org.wso2.carbon.identity.notification.mgt.category.feature	5.18.63		N/A
org.wso2.carbon.identity.framework	org.wso2.carbon.identity.notification.mgt.category.feature	5.18.64		N/A
org.wso2.carbon.identity.framework	org.wso2.carbon.identity.notification.mgt.category.feature	5.18.65		N/A
org.wso2.carbon.identity.framework	org.wso2.carbon.identity.notification.mgt.category.feature	5.18.66		N/A
org.wso2.carbon.identity.framework	org.wso2.carbon.identity.notification.mgt.category.feature	5.18.67		N/A
org.wso2.carbon.identity.framework	org.wso2.carbon.identity.notification.mgt.category.feature	5.18.68		N/A
org.wso2.carbon.identity.framework	org.wso2.carbon.identity.notification.mgt.category.feature	5.18.69		N/A
org.wso2.carbon.identity.framework	org.wso2.carbon.identity.notification.mgt.category.feature	5.18.7		N/A
org.wso2.carbon.identity.framework	org.wso2.carbon.identity.notification.mgt.category.feature	5.18.70		N/A
org.wso2.carbon.identity.framework	org.wso2.carbon.identity.notification.mgt.category.feature	5.18.71		N/A
org.wso2.carbon.identity.framework	org.wso2.carbon.identity.notification.mgt.category.feature	5.18.72		N/A
org.wso2.carbon.identity.framework	org.wso2.carbon.identity.notification.mgt.category.feature	5.18.73		N/A
org.wso2.carbon.identity.framework	org.wso2.carbon.identity.notification.mgt.category.feature	5.18.74		N/A
org.wso2.carbon.identity.framework	org.wso2.carbon.identity.notification.mgt.category.feature	5.18.75		N/A
org.wso2.carbon.identity.framework	org.wso2.carbon.identity.notification.mgt.category.feature	5.18.76		N/A
org.wso2.carbon.identity.framework	org.wso2.carbon.identity.notification.mgt.category.feature	5.18.77		N/A
org.wso2.carbon.identity.framework	org.wso2.carbon.identity.notification.mgt.category.feature	5.18.78		N/A
org.wso2.carbon.identity.framework	org.wso2.carbon.identity.notification.mgt.category.feature	5.18.79		N/A
org.wso2.carbon.identity.framework	org.wso2.carbon.identity.notification.mgt.category.feature	5.18.8		N/A
org.wso2.carbon.identity.framework	org.wso2.carbon.identity.notification.mgt.category.feature	5.18.80		N/A
org.wso2.carbon.identity.framework	org.wso2.carbon.identity.notification.mgt.category.feature	5.18.81		N/A
org.wso2.carbon.identity.framework	org.wso2.carbon.identity.notification.mgt.category.feature	5.18.82		N/A
org.wso2.carbon.identity.framework	org.wso2.carbon.identity.notification.mgt.category.feature	5.18.83		N/A
org.wso2.carbon.identity.framework	org.wso2.carbon.identity.notification.mgt.category.feature	5.18.84		N/A
org.wso2.carbon.identity.framework	org.wso2.carbon.identity.notification.mgt.category.feature	5.18.85		N/A
org.wso2.carbon.identity.framework	org.wso2.carbon.identity.notification.mgt.category.feature	5.18.86		N/A
org.wso2.carbon.identity.framework	org.wso2.carbon.identity.notification.mgt.category.feature	5.18.87		N/A
org.wso2.carbon.identity.framework	org.wso2.carbon.identity.notification.mgt.category.feature	5.18.88		N/A
org.wso2.carbon.identity.framework	org.wso2.carbon.identity.notification.mgt.category.feature	5.18.89		N/A
org.wso2.carbon.identity.framework	org.wso2.carbon.identity.notification.mgt.category.feature	5.18.9		N/A
org.wso2.carbon.identity.framework	org.wso2.carbon.identity.notification.mgt.category.feature	5.18.90		N/A
org.wso2.carbon.identity.framework	org.wso2.carbon.identity.notification.mgt.category.feature	5.18.91		N/A
org.wso2.carbon.identity.framework	org.wso2.carbon.identity.notification.mgt.category.feature	5.18.92		N/A
org.wso2.carbon.identity.framework	org.wso2.carbon.identity.notification.mgt.category.feature	5.18.93		N/A
org.wso2.carbon.identity.framework	org.wso2.carbon.identity.notification.mgt.category.feature	5.18.94		N/A
org.wso2.carbon.identity.framework	org.wso2.carbon.identity.notification.mgt.category.feature	5.18.95		N/A
org.wso2.carbon.identity.framework	org.wso2.carbon.identity.notification.mgt.category.feature	5.18.96		N/A
org.wso2.carbon.identity.framework	org.wso2.carbon.identity.notification.mgt.category.feature	5.18.97		N/A
org.wso2.carbon.identity.framework	org.wso2.carbon.identity.notification.mgt.category.feature	5.18.98		N/A
org.wso2.carbon.identity.framework	org.wso2.carbon.identity.notification.mgt.category.feature	5.18.99		N/A
org.wso2.carbon.identity.framework	org.wso2.carbon.identity.notification.mgt.category.feature	5.19.0		N/A
org.wso2.carbon.identity.framework	org.wso2.carbon.identity.notification.mgt.category.feature	5.19.1		N/A
org.wso2.carbon.identity.framework	org.wso2.carbon.identity.notification.mgt.category.feature	5.19.10		N/A
org.wso2.carbon.identity.framework	org.wso2.carbon.identity.notification.mgt.category.feature	5.19.11		N/A
org.wso2.carbon.identity.framework	org.wso2.carbon.identity.notification.mgt.category.feature	5.19.12		N/A
org.wso2.carbon.identity.framework	org.wso2.carbon.identity.notification.mgt.category.feature	5.19.13		N/A
org.wso2.carbon.identity.framework	org.wso2.carbon.identity.notification.mgt.category.feature	5.19.14		N/A
org.wso2.carbon.identity.framework	org.wso2.carbon.identity.notification.mgt.category.feature	5.19.15		N/A
org.wso2.carbon.identity.framework	org.wso2.carbon.identity.notification.mgt.category.feature	5.19.16		N/A
org.wso2.carbon.identity.framework	org.wso2.carbon.identity.notification.mgt.category.feature	5.19.17		N/A
org.wso2.carbon.identity.framework	org.wso2.carbon.identity.notification.mgt.category.feature	5.19.18		N/A
org.wso2.carbon.identity.framework	org.wso2.carbon.identity.notification.mgt.category.feature	5.19.19		N/A
org.wso2.carbon.identity.framework	org.wso2.carbon.identity.notification.mgt.category.feature	5.19.2		N/A
org.wso2.carbon.identity.framework	org.wso2.carbon.identity.notification.mgt.category.feature	5.19.20		N/A
org.wso2.carbon.identity.framework	org.wso2.carbon.identity.notification.mgt.category.feature	5.19.21		N/A
org.wso2.carbon.identity.framework	org.wso2.carbon.identity.notification.mgt.category.feature	5.19.22		N/A
org.wso2.carbon.identity.framework	org.wso2.carbon.identity.notification.mgt.category.feature	5.19.23		N/A
org.wso2.carbon.identity.framework	org.wso2.carbon.identity.notification.mgt.category.feature	5.19.24		N/A
org.wso2.carbon.identity.framework	org.wso2.carbon.identity.notification.mgt.category.feature	5.19.25		N/A
org.wso2.carbon.identity.framework	org.wso2.carbon.identity.notification.mgt.category.feature	5.19.26		N/A
org.wso2.carbon.identity.framework	org.wso2.carbon.identity.notification.mgt.category.feature	5.19.27		N/A
org.wso2.carbon.identity.framework	org.wso2.carbon.identity.notification.mgt.category.feature	5.19.28		N/A
org.wso2.carbon.identity.framework	org.wso2.carbon.identity.notification.mgt.category.feature	5.19.29		N/A
org.wso2.carbon.identity.framework	org.wso2.carbon.identity.notification.mgt.category.feature	5.19.3		N/A
org.wso2.carbon.identity.framework	org.wso2.carbon.identity.notification.mgt.category.feature	5.19.30		N/A
org.wso2.carbon.identity.framework	org.wso2.carbon.identity.notification.mgt.category.feature	5.19.31		N/A
org.wso2.carbon.identity.framework	org.wso2.carbon.identity.notification.mgt.category.feature	5.19.32		N/A
org.wso2.carbon.identity.framework	org.wso2.carbon.identity.notification.mgt.category.feature	5.19.33		N/A
org.wso2.carbon.identity.framework	org.wso2.carbon.identity.notification.mgt.category.feature	5.19.34		N/A
org.wso2.carbon.identity.framework	org.wso2.carbon.identity.notification.mgt.category.feature	5.19.35		N/A
org.wso2.carbon.identity.framework	org.wso2.carbon.identity.notification.mgt.category.feature	5.19.36		N/A
org.wso2.carbon.identity.framework	org.wso2.carbon.identity.notification.mgt.category.feature	5.19.37		N/A
org.wso2.carbon.identity.framework	org.wso2.carbon.identity.notification.mgt.category.feature	5.19.38		N/A
org.wso2.carbon.identity.framework	org.wso2.carbon.identity.notification.mgt.category.feature	5.19.39		N/A
org.wso2.carbon.identity.framework	org.wso2.carbon.identity.notification.mgt.category.feature	5.19.4		N/A
org.wso2.carbon.identity.framework	org.wso2.carbon.identity.notification.mgt.category.feature	5.19.40		N/A
org.wso2.carbon.identity.framework	org.wso2.carbon.identity.notification.mgt.category.feature	5.19.41		N/A
org.wso2.carbon.identity.framework	org.wso2.carbon.identity.notification.mgt.category.feature	5.19.42		N/A
org.wso2.carbon.identity.framework	org.wso2.carbon.identity.notification.mgt.category.feature	5.19.43		N/A
org.wso2.carbon.identity.framework	org.wso2.carbon.identity.notification.mgt.category.feature	5.19.44		N/A
org.wso2.carbon.identity.framework	org.wso2.carbon.identity.notification.mgt.category.feature	5.19.45		N/A
org.wso2.carbon.identity.framework	org.wso2.carbon.identity.notification.mgt.category.feature	5.19.46		N/A
org.wso2.carbon.identity.framework	org.wso2.carbon.identity.notification.mgt.category.feature	5.19.47		N/A
org.wso2.carbon.identity.framework	org.wso2.carbon.identity.notification.mgt.category.feature	5.19.48		N/A
org.wso2.carbon.identity.framework	org.wso2.carbon.identity.notification.mgt.category.feature	5.19.49		N/A
org.wso2.carbon.identity.framework	org.wso2.carbon.identity.notification.mgt.category.feature	5.19.5		N/A
org.wso2.carbon.identity.framework	org.wso2.carbon.identity.notification.mgt.category.feature	5.19.50		N/A
org.wso2.carbon.identity.framework	org.wso2.carbon.identity.notification.mgt.category.feature	5.19.51		N/A
org.wso2.carbon.identity.framework	org.wso2.carbon.identity.notification.mgt.category.feature	5.19.52		N/A
org.wso2.carbon.identity.framework	org.wso2.carbon.identity.notification.mgt.category.feature	5.19.53		N/A
org.wso2.carbon.identity.framework	org.wso2.carbon.identity.notification.mgt.category.feature	5.19.54		N/A
org.wso2.carbon.identity.framework	org.wso2.carbon.identity.notification.mgt.category.feature	5.19.55		N/A
org.wso2.carbon.identity.framework	org.wso2.carbon.identity.notification.mgt.category.feature	5.19.56		N/A
org.wso2.carbon.identity.framework	org.wso2.carbon.identity.notification.mgt.category.feature	5.19.57		N/A
org.wso2.carbon.identity.framework	org.wso2.carbon.identity.notification.mgt.category.feature	5.19.58		N/A
org.wso2.carbon.identity.framework	org.wso2.carbon.identity.notification.mgt.category.feature	5.19.6		N/A
org.wso2.carbon.identity.framework	org.wso2.carbon.identity.notification.mgt.category.feature	5.19.7		N/A
org.wso2.carbon.identity.framework	org.wso2.carbon.identity.notification.mgt.category.feature	5.19.8		N/A
org.wso2.carbon.identity.framework	org.wso2.carbon.identity.notification.mgt.category.feature	5.19.9		N/A
org.wso2.carbon.identity.framework	org.wso2.carbon.identity.notification.mgt.category.feature	5.20.0		N/A
org.wso2.carbon.identity.framework	org.wso2.carbon.identity.notification.mgt.category.feature	5.20.1		N/A
org.wso2.carbon.identity.framework	org.wso2.carbon.identity.notification.mgt.category.feature	5.20.10		N/A
org.wso2.carbon.identity.framework	org.wso2.carbon.identity.notification.mgt.category.feature	5.20.100		N/A
org.wso2.carbon.identity.framework	org.wso2.carbon.identity.notification.mgt.category.feature	5.20.101		N/A
org.wso2.carbon.identity.framework	org.wso2.carbon.identity.notification.mgt.category.feature	5.20.102		N/A
org.wso2.carbon.identity.framework	org.wso2.carbon.identity.notification.mgt.category.feature	5.20.103		N/A
org.wso2.carbon.identity.framework	org.wso2.carbon.identity.notification.mgt.category.feature	5.20.104		N/A
org.wso2.carbon.identity.framework	org.wso2.carbon.identity.notification.mgt.category.feature	5.20.105		N/A
org.wso2.carbon.identity.framework	org.wso2.carbon.identity.notification.mgt.category.feature	5.20.106		N/A
org.wso2.carbon.identity.framework	org.wso2.carbon.identity.notification.mgt.category.feature	5.20.107		N/A
org.wso2.carbon.identity.framework	org.wso2.carbon.identity.notification.mgt.category.feature	5.20.108		N/A
org.wso2.carbon.identity.framework	org.wso2.carbon.identity.notification.mgt.category.feature	5.20.109		N/A
org.wso2.carbon.identity.framework	org.wso2.carbon.identity.notification.mgt.category.feature	5.20.11		N/A
org.wso2.carbon.identity.framework	org.wso2.carbon.identity.notification.mgt.category.feature	5.20.110		N/A
org.wso2.carbon.identity.framework	org.wso2.carbon.identity.notification.mgt.category.feature	5.20.111		N/A
org.wso2.carbon.identity.framework	org.wso2.carbon.identity.notification.mgt.category.feature	5.20.112		N/A
org.wso2.carbon.identity.framework	org.wso2.carbon.identity.notification.mgt.category.feature	5.20.113		N/A
org.wso2.carbon.identity.framework	org.wso2.carbon.identity.notification.mgt.category.feature	5.20.114		N/A
org.wso2.carbon.identity.framework	org.wso2.carbon.identity.notification.mgt.category.feature	5.20.115		N/A
org.wso2.carbon.identity.framework	org.wso2.carbon.identity.notification.mgt.category.feature	5.20.116		N/A
org.wso2.carbon.identity.framework	org.wso2.carbon.identity.notification.mgt.category.feature	5.20.117		N/A
org.wso2.carbon.identity.framework	org.wso2.carbon.identity.notification.mgt.category.feature	5.20.118		N/A
org.wso2.carbon.identity.framework	org.wso2.carbon.identity.notification.mgt.category.feature	5.20.119		N/A
org.wso2.carbon.identity.framework	org.wso2.carbon.identity.notification.mgt.category.feature	5.20.12		N/A
org.wso2.carbon.identity.framework	org.wso2.carbon.identity.notification.mgt.category.feature	5.20.120		N/A
org.wso2.carbon.identity.framework	org.wso2.carbon.identity.notification.mgt.category.feature	5.20.121		N/A
org.wso2.carbon.identity.framework	org.wso2.carbon.identity.notification.mgt.category.feature	5.20.122		N/A
org.wso2.carbon.identity.framework	org.wso2.carbon.identity.notification.mgt.category.feature	5.20.123		N/A
org.wso2.carbon.identity.framework	org.wso2.carbon.identity.notification.mgt.category.feature	5.20.124		N/A
org.wso2.carbon.identity.framework	org.wso2.carbon.identity.notification.mgt.category.feature	5.20.125		N/A
org.wso2.carbon.identity.framework	org.wso2.carbon.identity.notification.mgt.category.feature	5.20.126		N/A
org.wso2.carbon.identity.framework	org.wso2.carbon.identity.notification.mgt.category.feature	5.20.127		N/A
org.wso2.carbon.identity.framework	org.wso2.carbon.identity.notification.mgt.category.feature	5.20.128		N/A
org.wso2.carbon.identity.framework	org.wso2.carbon.identity.notification.mgt.category.feature	5.20.129		N/A
org.wso2.carbon.identity.framework	org.wso2.carbon.identity.notification.mgt.category.feature	5.20.13		N/A
org.wso2.carbon.identity.framework	org.wso2.carbon.identity.notification.mgt.category.feature	5.20.130		N/A
org.wso2.carbon.identity.framework	org.wso2.carbon.identity.notification.mgt.category.feature	5.20.131		N/A
org.wso2.carbon.identity.framework	org.wso2.carbon.identity.notification.mgt.category.feature	5.20.132		N/A
org.wso2.carbon.identity.framework	org.wso2.carbon.identity.notification.mgt.category.feature	5.20.133		N/A
org.wso2.carbon.identity.framework	org.wso2.carbon.identity.notification.mgt.category.feature	5.20.134		N/A
org.wso2.carbon.identity.framework	org.wso2.carbon.identity.notification.mgt.category.feature	5.20.135		N/A
org.wso2.carbon.identity.framework	org.wso2.carbon.identity.notification.mgt.category.feature	5.20.136		N/A
org.wso2.carbon.identity.framework	org.wso2.carbon.identity.notification.mgt.category.feature	5.20.137		N/A
org.wso2.carbon.identity.framework	org.wso2.carbon.identity.notification.mgt.category.feature	5.20.138		N/A
org.wso2.carbon.identity.framework	org.wso2.carbon.identity.notification.mgt.category.feature	5.20.139		N/A
org.wso2.carbon.identity.framework	org.wso2.carbon.identity.notification.mgt.category.feature	5.20.14		N/A
org.wso2.carbon.identity.framework	org.wso2.carbon.identity.notification.mgt.category.feature	5.20.140		N/A
org.wso2.carbon.identity.framework	org.wso2.carbon.identity.notification.mgt.category.feature	5.20.141		N/A
org.wso2.carbon.identity.framework	org.wso2.carbon.identity.notification.mgt.category.feature	5.20.142		N/A
org.wso2.carbon.identity.framework	org.wso2.carbon.identity.notification.mgt.category.feature	5.20.143		N/A
org.wso2.carbon.identity.framework	org.wso2.carbon.identity.notification.mgt.category.feature	5.20.144		N/A
org.wso2.carbon.identity.framework	org.wso2.carbon.identity.notification.mgt.category.feature	5.20.145		N/A
org.wso2.carbon.identity.framework	org.wso2.carbon.identity.notification.mgt.category.feature	5.20.146		N/A
org.wso2.carbon.identity.framework	org.wso2.carbon.identity.notification.mgt.category.feature	5.20.147		N/A
org.wso2.carbon.identity.framework	org.wso2.carbon.identity.notification.mgt.category.feature	5.20.148		N/A
org.wso2.carbon.identity.framework	org.wso2.carbon.identity.notification.mgt.category.feature	5.20.149		N/A
org.wso2.carbon.identity.framework	org.wso2.carbon.identity.notification.mgt.category.feature	5.20.15		N/A
org.wso2.carbon.identity.framework	org.wso2.carbon.identity.notification.mgt.category.feature	5.20.150		N/A
org.wso2.carbon.identity.framework	org.wso2.carbon.identity.notification.mgt.category.feature	5.20.151		N/A
org.wso2.carbon.identity.framework	org.wso2.carbon.identity.notification.mgt.category.feature	5.20.152		N/A
org.wso2.carbon.identity.framework	org.wso2.carbon.identity.notification.mgt.category.feature	5.20.153		N/A
org.wso2.carbon.identity.framework	org.wso2.carbon.identity.notification.mgt.category.feature	5.20.154		N/A
org.wso2.carbon.identity.framework	org.wso2.carbon.identity.notification.mgt.category.feature	5.20.155		N/A
org.wso2.carbon.identity.framework	org.wso2.carbon.identity.notification.mgt.category.feature	5.20.156		N/A
org.wso2.carbon.identity.framework	org.wso2.carbon.identity.notification.mgt.category.feature	5.20.157		N/A
org.wso2.carbon.identity.framework	org.wso2.carbon.identity.notification.mgt.category.feature	5.20.158		N/A
org.wso2.carbon.identity.framework	org.wso2.carbon.identity.notification.mgt.category.feature	5.20.159		N/A
org.wso2.carbon.identity.framework	org.wso2.carbon.identity.notification.mgt.category.feature	5.20.16		N/A
org.wso2.carbon.identity.framework	org.wso2.carbon.identity.notification.mgt.category.feature	5.20.160		N/A
org.wso2.carbon.identity.framework	org.wso2.carbon.identity.notification.mgt.category.feature	5.20.161		N/A
org.wso2.carbon.identity.framework	org.wso2.carbon.identity.notification.mgt.category.feature	5.20.162		N/A
org.wso2.carbon.identity.framework	org.wso2.carbon.identity.notification.mgt.category.feature	5.20.163		N/A
org.wso2.carbon.identity.framework	org.wso2.carbon.identity.notification.mgt.category.feature	5.20.164		N/A
org.wso2.carbon.identity.framework	org.wso2.carbon.identity.notification.mgt.category.feature	5.20.165		N/A
org.wso2.carbon.identity.framework	org.wso2.carbon.identity.notification.mgt.category.feature	5.20.166		N/A
org.wso2.carbon.identity.framework	org.wso2.carbon.identity.notification.mgt.category.feature	5.20.167		N/A
org.wso2.carbon.identity.framework	org.wso2.carbon.identity.notification.mgt.category.feature	5.20.168		N/A
org.wso2.carbon.identity.framework	org.wso2.carbon.identity.notification.mgt.category.feature	5.20.169		N/A
org.wso2.carbon.identity.framework	org.wso2.carbon.identity.notification.mgt.category.feature	5.20.17		N/A
org.wso2.carbon.identity.framework	org.wso2.carbon.identity.notification.mgt.category.feature	5.20.170		N/A
org.wso2.carbon.identity.framework	org.wso2.carbon.identity.notification.mgt.category.feature	5.20.171		N/A
org.wso2.carbon.identity.framework	org.wso2.carbon.identity.notification.mgt.category.feature	5.20.172		N/A
org.wso2.carbon.identity.framework	org.wso2.carbon.identity.notification.mgt.category.feature	5.20.173		N/A
org.wso2.carbon.identity.framework	org.wso2.carbon.identity.notification.mgt.category.feature	5.20.174		N/A
org.wso2.carbon.identity.framework	org.wso2.carbon.identity.notification.mgt.category.feature	5.20.175		N/A
org.wso2.carbon.identity.framework	org.wso2.carbon.identity.notification.mgt.category.feature	5.20.176		N/A
org.wso2.carbon.identity.framework	org.wso2.carbon.identity.notification.mgt.category.feature	5.20.177		N/A
org.wso2.carbon.identity.framework	org.wso2.carbon.identity.notification.mgt.category.feature	5.20.178		N/A
org.wso2.carbon.identity.framework	org.wso2.carbon.identity.notification.mgt.category.feature	5.20.179		N/A
org.wso2.carbon.identity.framework	org.wso2.carbon.identity.notification.mgt.category.feature	5.20.18		N/A
org.wso2.carbon.identity.framework	org.wso2.carbon.identity.notification.mgt.category.feature	5.20.180		N/A
org.wso2.carbon.identity.framework	org.wso2.carbon.identity.notification.mgt.category.feature	5.20.181		N/A
org.wso2.carbon.identity.framework	org.wso2.carbon.identity.notification.mgt.category.feature	5.20.182		N/A
org.wso2.carbon.identity.framework	org.wso2.carbon.identity.notification.mgt.category.feature	5.20.183		N/A
org.wso2.carbon.identity.framework	org.wso2.carbon.identity.notification.mgt.category.feature	5.20.184		N/A
org.wso2.carbon.identity.framework	org.wso2.carbon.identity.notification.mgt.category.feature	5.20.185		N/A
org.wso2.carbon.identity.framework	org.wso2.carbon.identity.notification.mgt.category.feature	5.20.186		N/A
org.wso2.carbon.identity.framework	org.wso2.carbon.identity.notification.mgt.category.feature	5.20.187		N/A
org.wso2.carbon.identity.framework	org.wso2.carbon.identity.notification.mgt.category.feature	5.20.188		N/A
org.wso2.carbon.identity.framework	org.wso2.carbon.identity.notification.mgt.category.feature	5.20.189		N/A
org.wso2.carbon.identity.framework	org.wso2.carbon.identity.notification.mgt.category.feature	5.20.19		N/A
org.wso2.carbon.identity.framework	org.wso2.carbon.identity.notification.mgt.category.feature	5.20.190		N/A
org.wso2.carbon.identity.framework	org.wso2.carbon.identity.notification.mgt.category.feature	5.20.191		N/A
org.wso2.carbon.identity.framework	org.wso2.carbon.identity.notification.mgt.category.feature	5.20.192		N/A
org.wso2.carbon.identity.framework	org.wso2.carbon.identity.notification.mgt.category.feature	5.20.193		N/A
org.wso2.carbon.identity.framework	org.wso2.carbon.identity.notification.mgt.category.feature	5.20.194		N/A
org.wso2.carbon.identity.framework	org.wso2.carbon.identity.notification.mgt.category.feature	5.20.195		N/A
org.wso2.carbon.identity.framework	org.wso2.carbon.identity.notification.mgt.category.feature	5.20.196		N/A
org.wso2.carbon.identity.framework	org.wso2.carbon.identity.notification.mgt.category.feature	5.20.197		N/A
org.wso2.carbon.identity.framework	org.wso2.carbon.identity.notification.mgt.category.feature	5.20.198		N/A
org.wso2.carbon.identity.framework	org.wso2.carbon.identity.notification.mgt.category.feature	5.20.199		N/A
org.wso2.carbon.identity.framework	org.wso2.carbon.identity.notification.mgt.category.feature	5.20.20		N/A
org.wso2.carbon.identity.framework	org.wso2.carbon.identity.notification.mgt.category.feature	5.20.200		N/A
org.wso2.carbon.identity.framework	org.wso2.carbon.identity.notification.mgt.category.feature	5.20.201		N/A
org.wso2.carbon.identity.framework	org.wso2.carbon.identity.notification.mgt.category.feature	5.20.202		N/A
org.wso2.carbon.identity.framework	org.wso2.carbon.identity.notification.mgt.category.feature	5.20.203		N/A
org.wso2.carbon.identity.framework	org.wso2.carbon.identity.notification.mgt.category.feature	5.20.204		N/A
org.wso2.carbon.identity.framework	org.wso2.carbon.identity.notification.mgt.category.feature	5.20.205		N/A
org.wso2.carbon.identity.framework	org.wso2.carbon.identity.notification.mgt.category.feature	5.20.206		N/A
org.wso2.carbon.identity.framework	org.wso2.carbon.identity.notification.mgt.category.feature	5.20.207		N/A
org.wso2.carbon.identity.framework	org.wso2.carbon.identity.notification.mgt.category.feature	5.20.208		N/A
org.wso2.carbon.identity.framework	org.wso2.carbon.identity.notification.mgt.category.feature	5.20.209		N/A
org.wso2.carbon.identity.framework	org.wso2.carbon.identity.notification.mgt.category.feature	5.20.21		N/A
org.wso2.carbon.identity.framework	org.wso2.carbon.identity.notification.mgt.category.feature	5.20.210		N/A
org.wso2.carbon.identity.framework	org.wso2.carbon.identity.notification.mgt.category.feature	5.20.211		N/A
org.wso2.carbon.identity.framework	org.wso2.carbon.identity.notification.mgt.category.feature	5.20.212		N/A
org.wso2.carbon.identity.framework	org.wso2.carbon.identity.notification.mgt.category.feature	5.20.213		N/A
org.wso2.carbon.identity.framework	org.wso2.carbon.identity.notification.mgt.category.feature	5.20.214		N/A
org.wso2.carbon.identity.framework	org.wso2.carbon.identity.notification.mgt.category.feature	5.20.215		N/A
org.wso2.carbon.identity.framework	org.wso2.carbon.identity.notification.mgt.category.feature	5.20.216		N/A
org.wso2.carbon.identity.framework	org.wso2.carbon.identity.notification.mgt.category.feature	5.20.217		N/A
org.wso2.carbon.identity.framework	org.wso2.carbon.identity.notification.mgt.category.feature	5.20.218		N/A
org.wso2.carbon.identity.framework	org.wso2.carbon.identity.notification.mgt.category.feature	5.20.219		N/A
org.wso2.carbon.identity.framework	org.wso2.carbon.identity.notification.mgt.category.feature	5.20.22		N/A
org.wso2.carbon.identity.framework	org.wso2.carbon.identity.notification.mgt.category.feature	5.20.220		N/A
org.wso2.carbon.identity.framework	org.wso2.carbon.identity.notification.mgt.category.feature	5.20.221		N/A
org.wso2.carbon.identity.framework	org.wso2.carbon.identity.notification.mgt.category.feature	5.20.222		N/A
org.wso2.carbon.identity.framework	org.wso2.carbon.identity.notification.mgt.category.feature	5.20.223		N/A
org.wso2.carbon.identity.framework	org.wso2.carbon.identity.notification.mgt.category.feature	5.20.224		N/A
org.wso2.carbon.identity.framework	org.wso2.carbon.identity.notification.mgt.category.feature	5.20.225		N/A
org.wso2.carbon.identity.framework	org.wso2.carbon.identity.notification.mgt.category.feature	5.20.226		N/A
org.wso2.carbon.identity.framework	org.wso2.carbon.identity.notification.mgt.category.feature	5.20.227		N/A
org.wso2.carbon.identity.framework	org.wso2.carbon.identity.notification.mgt.category.feature	5.20.228		N/A
org.wso2.carbon.identity.framework	org.wso2.carbon.identity.notification.mgt.category.feature	5.20.229		N/A
org.wso2.carbon.identity.framework	org.wso2.carbon.identity.notification.mgt.category.feature	5.20.23		N/A
org.wso2.carbon.identity.framework	org.wso2.carbon.identity.notification.mgt.category.feature	5.20.230		N/A
org.wso2.carbon.identity.framework	org.wso2.carbon.identity.notification.mgt.category.feature	5.20.231		N/A
org.wso2.carbon.identity.framework	org.wso2.carbon.identity.notification.mgt.category.feature	5.20.232		N/A
org.wso2.carbon.identity.framework	org.wso2.carbon.identity.notification.mgt.category.feature	5.20.233		N/A
org.wso2.carbon.identity.framework	org.wso2.carbon.identity.notification.mgt.category.feature	5.20.234		N/A
org.wso2.carbon.identity.framework	org.wso2.carbon.identity.notification.mgt.category.feature	5.20.235		N/A
org.wso2.carbon.identity.framework	org.wso2.carbon.identity.notification.mgt.category.feature	5.20.236		N/A
org.wso2.carbon.identity.framework	org.wso2.carbon.identity.notification.mgt.category.feature	5.20.237		N/A
org.wso2.carbon.identity.framework	org.wso2.carbon.identity.notification.mgt.category.feature	5.20.238		N/A
org.wso2.carbon.identity.framework	org.wso2.carbon.identity.notification.mgt.category.feature	5.20.239		N/A
org.wso2.carbon.identity.framework	org.wso2.carbon.identity.notification.mgt.category.feature	5.20.24		N/A
org.wso2.carbon.identity.framework	org.wso2.carbon.identity.notification.mgt.category.feature	5.20.240		N/A
org.wso2.carbon.identity.framework	org.wso2.carbon.identity.notification.mgt.category.feature	5.20.241		N/A
org.wso2.carbon.identity.framework	org.wso2.carbon.identity.notification.mgt.category.feature	5.20.242		N/A
org.wso2.carbon.identity.framework	org.wso2.carbon.identity.notification.mgt.category.feature	5.20.243		N/A
org.wso2.carbon.identity.framework	org.wso2.carbon.identity.notification.mgt.category.feature	5.20.244		N/A
org.wso2.carbon.identity.framework	org.wso2.carbon.identity.notification.mgt.category.feature	5.20.245		N/A
org.wso2.carbon.identity.framework	org.wso2.carbon.identity.notification.mgt.category.feature	5.20.246		N/A
org.wso2.carbon.identity.framework	org.wso2.carbon.identity.notification.mgt.category.feature	5.20.247		N/A
org.wso2.carbon.identity.framework	org.wso2.carbon.identity.notification.mgt.category.feature	5.20.248		N/A
org.wso2.carbon.identity.framework	org.wso2.carbon.identity.notification.mgt.category.feature	5.20.249		N/A
org.wso2.carbon.identity.framework	org.wso2.carbon.identity.notification.mgt.category.feature	5.20.25		N/A
org.wso2.carbon.identity.framework	org.wso2.carbon.identity.notification.mgt.category.feature	5.20.250		N/A
org.wso2.carbon.identity.framework	org.wso2.carbon.identity.notification.mgt.category.feature	5.20.251		N/A
org.wso2.carbon.identity.framework	org.wso2.carbon.identity.notification.mgt.category.feature	5.20.252		N/A
org.wso2.carbon.identity.framework	org.wso2.carbon.identity.notification.mgt.category.feature	5.20.253		N/A
org.wso2.carbon.identity.framework	org.wso2.carbon.identity.notification.mgt.category.feature	5.20.254		N/A
org.wso2.carbon.identity.framework	org.wso2.carbon.identity.notification.mgt.category.feature	5.20.255		N/A
org.wso2.carbon.identity.framework	org.wso2.carbon.identity.notification.mgt.category.feature	5.20.256		N/A
org.wso2.carbon.identity.framework	org.wso2.carbon.identity.notification.mgt.category.feature	5.20.257		N/A
org.wso2.carbon.identity.framework	org.wso2.carbon.identity.notification.mgt.category.feature	5.20.258		N/A
org.wso2.carbon.identity.framework	org.wso2.carbon.identity.notification.mgt.category.feature	5.20.259		N/A
org.wso2.carbon.identity.framework	org.wso2.carbon.identity.notification.mgt.category.feature	5.20.26		N/A
org.wso2.carbon.identity.framework	org.wso2.carbon.identity.notification.mgt.category.feature	5.20.260		N/A
org.wso2.carbon.identity.framework	org.wso2.carbon.identity.notification.mgt.category.feature	5.20.261		N/A
org.wso2.carbon.identity.framework	org.wso2.carbon.identity.notification.mgt.category.feature	5.20.262		N/A
org.wso2.carbon.identity.framework	org.wso2.carbon.identity.notification.mgt.category.feature	5.20.263		N/A
org.wso2.carbon.identity.framework	org.wso2.carbon.identity.notification.mgt.category.feature	5.20.264		N/A
org.wso2.carbon.identity.framework	org.wso2.carbon.identity.notification.mgt.category.feature	5.20.265		N/A
org.wso2.carbon.identity.framework	org.wso2.carbon.identity.notification.mgt.category.feature	5.20.266		N/A
org.wso2.carbon.identity.framework	org.wso2.carbon.identity.notification.mgt.category.feature	5.20.267		N/A
org.wso2.carbon.identity.framework	org.wso2.carbon.identity.notification.mgt.category.feature	5.20.268		N/A
org.wso2.carbon.identity.framework	org.wso2.carbon.identity.notification.mgt.category.feature	5.20.269		N/A
org.wso2.carbon.identity.framework	org.wso2.carbon.identity.notification.mgt.category.feature	5.20.27		N/A
org.wso2.carbon.identity.framework	org.wso2.carbon.identity.notification.mgt.category.feature	5.20.270		N/A
org.wso2.carbon.identity.framework	org.wso2.carbon.identity.notification.mgt.category.feature	5.20.271		N/A
org.wso2.carbon.identity.framework	org.wso2.carbon.identity.notification.mgt.category.feature	5.20.272		N/A
org.wso2.carbon.identity.framework	org.wso2.carbon.identity.notification.mgt.category.feature	5.20.273		N/A
org.wso2.carbon.identity.framework	org.wso2.carbon.identity.notification.mgt.category.feature	5.20.274		N/A
org.wso2.carbon.identity.framework	org.wso2.carbon.identity.notification.mgt.category.feature	5.20.275		N/A
org.wso2.carbon.identity.framework	org.wso2.carbon.identity.notification.mgt.category.feature	5.20.276		N/A
org.wso2.carbon.identity.framework	org.wso2.carbon.identity.notification.mgt.category.feature	5.20.277		N/A
org.wso2.carbon.identity.framework	org.wso2.carbon.identity.notification.mgt.category.feature	5.20.278		N/A
org.wso2.carbon.identity.framework	org.wso2.carbon.identity.notification.mgt.category.feature	5.20.279		N/A
org.wso2.carbon.identity.framework	org.wso2.carbon.identity.notification.mgt.category.feature	5.20.28		N/A
org.wso2.carbon.identity.framework	org.wso2.carbon.identity.notification.mgt.category.feature	5.20.280		N/A
org.wso2.carbon.identity.framework	org.wso2.carbon.identity.notification.mgt.category.feature	5.20.281		N/A
org.wso2.carbon.identity.framework	org.wso2.carbon.identity.notification.mgt.category.feature	5.20.282		N/A
org.wso2.carbon.identity.framework	org.wso2.carbon.identity.notification.mgt.category.feature	5.20.283		N/A
org.wso2.carbon.identity.framework	org.wso2.carbon.identity.notification.mgt.category.feature	5.20.284		N/A
org.wso2.carbon.identity.framework	org.wso2.carbon.identity.notification.mgt.category.feature	5.20.285		N/A
org.wso2.carbon.identity.framework	org.wso2.carbon.identity.notification.mgt.category.feature	5.20.286		N/A
org.wso2.carbon.identity.framework	org.wso2.carbon.identity.notification.mgt.category.feature	5.20.287		N/A
org.wso2.carbon.identity.framework	org.wso2.carbon.identity.notification.mgt.category.feature	5.20.288		N/A
org.wso2.carbon.identity.framework	org.wso2.carbon.identity.notification.mgt.category.feature	5.20.289		N/A
org.wso2.carbon.identity.framework	org.wso2.carbon.identity.notification.mgt.category.feature	5.20.29		N/A
org.wso2.carbon.identity.framework	org.wso2.carbon.identity.notification.mgt.category.feature	5.20.290		N/A
org.wso2.carbon.identity.framework	org.wso2.carbon.identity.notification.mgt.category.feature	5.20.291		N/A
org.wso2.carbon.identity.framework	org.wso2.carbon.identity.notification.mgt.category.feature	5.20.292		N/A
org.wso2.carbon.identity.framework	org.wso2.carbon.identity.notification.mgt.category.feature	5.20.293		N/A
org.wso2.carbon.identity.framework	org.wso2.carbon.identity.notification.mgt.category.feature	5.20.294		N/A
org.wso2.carbon.identity.framework	org.wso2.carbon.identity.notification.mgt.category.feature	5.20.295		N/A
org.wso2.carbon.identity.framework	org.wso2.carbon.identity.notification.mgt.category.feature	5.20.296		N/A
org.wso2.carbon.identity.framework	org.wso2.carbon.identity.notification.mgt.category.feature	5.20.297		N/A
org.wso2.carbon.identity.framework	org.wso2.carbon.identity.notification.mgt.category.feature	5.20.298		N/A
org.wso2.carbon.identity.framework	org.wso2.carbon.identity.notification.mgt.category.feature	5.20.299		N/A
org.wso2.carbon.identity.framework	org.wso2.carbon.identity.notification.mgt.category.feature	5.20.3		N/A
org.wso2.carbon.identity.framework	org.wso2.carbon.identity.notification.mgt.category.feature	5.20.30		N/A
org.wso2.carbon.identity.framework	org.wso2.carbon.identity.notification.mgt.category.feature	5.20.300		N/A
org.wso2.carbon.identity.framework	org.wso2.carbon.identity.notification.mgt.category.feature	5.20.301		N/A
org.wso2.carbon.identity.framework	org.wso2.carbon.identity.notification.mgt.category.feature	5.20.302		N/A
org.wso2.carbon.identity.framework	org.wso2.carbon.identity.notification.mgt.category.feature	5.20.303		N/A
org.wso2.carbon.identity.framework	org.wso2.carbon.identity.notification.mgt.category.feature	5.20.304		N/A
org.wso2.carbon.identity.framework	org.wso2.carbon.identity.notification.mgt.category.feature	5.20.305		N/A
org.wso2.carbon.identity.framework	org.wso2.carbon.identity.notification.mgt.category.feature	5.20.306		N/A
org.wso2.carbon.identity.framework	org.wso2.carbon.identity.notification.mgt.category.feature	5.20.307		N/A
org.wso2.carbon.identity.framework	org.wso2.carbon.identity.notification.mgt.category.feature	5.20.308		N/A
org.wso2.carbon.identity.framework	org.wso2.carbon.identity.notification.mgt.category.feature	5.20.309		N/A
org.wso2.carbon.identity.framework	org.wso2.carbon.identity.notification.mgt.category.feature	5.20.31		N/A
org.wso2.carbon.identity.framework	org.wso2.carbon.identity.notification.mgt.category.feature	5.20.310		N/A
org.wso2.carbon.identity.framework	org.wso2.carbon.identity.notification.mgt.category.feature	5.20.311		N/A
org.wso2.carbon.identity.framework	org.wso2.carbon.identity.notification.mgt.category.feature	5.20.312		N/A
org.wso2.carbon.identity.framework	org.wso2.carbon.identity.notification.mgt.category.feature	5.20.313		N/A
org.wso2.carbon.identity.framework	org.wso2.carbon.identity.notification.mgt.category.feature	5.20.314		N/A
org.wso2.carbon.identity.framework	org.wso2.carbon.identity.notification.mgt.category.feature	5.20.315		N/A
org.wso2.carbon.identity.framework	org.wso2.carbon.identity.notification.mgt.category.feature	5.20.316		N/A
org.wso2.carbon.identity.framework	org.wso2.carbon.identity.notification.mgt.category.feature	5.20.317		N/A
org.wso2.carbon.identity.framework	org.wso2.carbon.identity.notification.mgt.category.feature	5.20.318		N/A
org.wso2.carbon.identity.framework	org.wso2.carbon.identity.notification.mgt.category.feature	5.20.319		N/A
org.wso2.carbon.identity.framework	org.wso2.carbon.identity.notification.mgt.category.feature	5.20.32		N/A
org.wso2.carbon.identity.framework	org.wso2.carbon.identity.notification.mgt.category.feature	5.20.320		N/A
org.wso2.carbon.identity.framework	org.wso2.carbon.identity.notification.mgt.category.feature	5.20.321		N/A
org.wso2.carbon.identity.framework	org.wso2.carbon.identity.notification.mgt.category.feature	5.20.322		N/A
org.wso2.carbon.identity.framework	org.wso2.carbon.identity.notification.mgt.category.feature	5.20.323		N/A
org.wso2.carbon.identity.framework	org.wso2.carbon.identity.notification.mgt.category.feature	5.20.324		N/A
org.wso2.carbon.identity.framework	org.wso2.carbon.identity.notification.mgt.category.feature	5.20.33		N/A
org.wso2.carbon.identity.framework	org.wso2.carbon.identity.notification.mgt.category.feature	5.20.34		N/A
org.wso2.carbon.identity.framework	org.wso2.carbon.identity.notification.mgt.category.feature	5.20.35		N/A
org.wso2.carbon.identity.framework	org.wso2.carbon.identity.notification.mgt.category.feature	5.20.36		N/A
org.wso2.carbon.identity.framework	org.wso2.carbon.identity.notification.mgt.category.feature	5.20.37		N/A
org.wso2.carbon.identity.framework	org.wso2.carbon.identity.notification.mgt.category.feature	5.20.38		N/A
org.wso2.carbon.identity.framework	org.wso2.carbon.identity.notification.mgt.category.feature	5.20.39		N/A
org.wso2.carbon.identity.framework	org.wso2.carbon.identity.notification.mgt.category.feature	5.20.4		N/A
org.wso2.carbon.identity.framework	org.wso2.carbon.identity.notification.mgt.category.feature	5.20.40		N/A
org.wso2.carbon.identity.framework	org.wso2.carbon.identity.notification.mgt.category.feature	5.20.41		N/A
org.wso2.carbon.identity.framework	org.wso2.carbon.identity.notification.mgt.category.feature	5.20.42		N/A
org.wso2.carbon.identity.framework	org.wso2.carbon.identity.notification.mgt.category.feature	5.20.43		N/A
org.wso2.carbon.identity.framework	org.wso2.carbon.identity.notification.mgt.category.feature	5.20.44		N/A
org.wso2.carbon.identity.framework	org.wso2.carbon.identity.notification.mgt.category.feature	5.20.448		N/A
org.wso2.carbon.identity.framework	org.wso2.carbon.identity.notification.mgt.category.feature	5.20.45		N/A
org.wso2.carbon.identity.framework	org.wso2.carbon.identity.notification.mgt.category.feature	5.20.46		N/A
org.wso2.carbon.identity.framework	org.wso2.carbon.identity.notification.mgt.category.feature	5.20.47		N/A
org.wso2.carbon.identity.framework	org.wso2.carbon.identity.notification.mgt.category.feature	5.20.48		N/A
org.wso2.carbon.identity.framework	org.wso2.carbon.identity.notification.mgt.category.feature	5.20.49		N/A
org.wso2.carbon.identity.framework	org.wso2.carbon.identity.notification.mgt.category.feature	5.20.5		N/A
org.wso2.carbon.identity.framework	org.wso2.carbon.identity.notification.mgt.category.feature	5.20.50		N/A
org.wso2.carbon.identity.framework	org.wso2.carbon.identity.notification.mgt.category.feature	5.20.51		N/A
org.wso2.carbon.identity.framework	org.wso2.carbon.identity.notification.mgt.category.feature	5.20.52		N/A
org.wso2.carbon.identity.framework	org.wso2.carbon.identity.notification.mgt.category.feature	5.20.53		N/A
org.wso2.carbon.identity.framework	org.wso2.carbon.identity.notification.mgt.category.feature	5.20.54		N/A
org.wso2.carbon.identity.framework	org.wso2.carbon.identity.notification.mgt.category.feature	5.20.55		N/A
org.wso2.carbon.identity.framework	org.wso2.carbon.identity.notification.mgt.category.feature	5.20.56		N/A
org.wso2.carbon.identity.framework	org.wso2.carbon.identity.notification.mgt.category.feature	5.20.57		N/A
org.wso2.carbon.identity.framework	org.wso2.carbon.identity.notification.mgt.category.feature	5.20.58		N/A
org.wso2.carbon.identity.framework	org.wso2.carbon.identity.notification.mgt.category.feature	5.20.59		N/A
org.wso2.carbon.identity.framework	org.wso2.carbon.identity.notification.mgt.category.feature	5.20.6		N/A
org.wso2.carbon.identity.framework	org.wso2.carbon.identity.notification.mgt.category.feature	5.20.60		N/A
org.wso2.carbon.identity.framework	org.wso2.carbon.identity.notification.mgt.category.feature	5.20.61		N/A
org.wso2.carbon.identity.framework	org.wso2.carbon.identity.notification.mgt.category.feature	5.20.62		N/A
org.wso2.carbon.identity.framework	org.wso2.carbon.identity.notification.mgt.category.feature	5.20.63		N/A
org.wso2.carbon.identity.framework	org.wso2.carbon.identity.notification.mgt.category.feature	5.20.64		N/A
org.wso2.carbon.identity.framework	org.wso2.carbon.identity.notification.mgt.category.feature	5.20.65		N/A
org.wso2.carbon.identity.framework	org.wso2.carbon.identity.notification.mgt.category.feature	5.20.66		N/A
org.wso2.carbon.identity.framework	org.wso2.carbon.identity.notification.mgt.category.feature	5.20.67		N/A
org.wso2.carbon.identity.framework	org.wso2.carbon.identity.notification.mgt.category.feature	5.20.68		N/A
org.wso2.carbon.identity.framework	org.wso2.carbon.identity.notification.mgt.category.feature	5.20.69		N/A
org.wso2.carbon.identity.framework	org.wso2.carbon.identity.notification.mgt.category.feature	5.20.7		N/A
org.wso2.carbon.identity.framework	org.wso2.carbon.identity.notification.mgt.category.feature	5.20.70		N/A
org.wso2.carbon.identity.framework	org.wso2.carbon.identity.notification.mgt.category.feature	5.20.71		N/A
org.wso2.carbon.identity.framework	org.wso2.carbon.identity.notification.mgt.category.feature	5.20.72		N/A
org.wso2.carbon.identity.framework	org.wso2.carbon.identity.notification.mgt.category.feature	5.20.73		N/A
org.wso2.carbon.identity.framework	org.wso2.carbon.identity.notification.mgt.category.feature	5.20.74		N/A
org.wso2.carbon.identity.framework	org.wso2.carbon.identity.notification.mgt.category.feature	5.20.75		N/A
org.wso2.carbon.identity.framework	org.wso2.carbon.identity.notification.mgt.category.feature	5.20.76		N/A
org.wso2.carbon.identity.framework	org.wso2.carbon.identity.notification.mgt.category.feature	5.20.77		N/A
org.wso2.carbon.identity.framework	org.wso2.carbon.identity.notification.mgt.category.feature	5.20.78		N/A
org.wso2.carbon.identity.framework	org.wso2.carbon.identity.notification.mgt.category.feature	5.20.79		N/A
org.wso2.carbon.identity.framework	org.wso2.carbon.identity.notification.mgt.category.feature	5.20.8		N/A
org.wso2.carbon.identity.framework	org.wso2.carbon.identity.notification.mgt.category.feature	5.20.80		N/A
org.wso2.carbon.identity.framework	org.wso2.carbon.identity.notification.mgt.category.feature	5.20.81		N/A
org.wso2.carbon.identity.framework	org.wso2.carbon.identity.notification.mgt.category.feature	5.20.82		N/A
org.wso2.carbon.identity.framework	org.wso2.carbon.identity.notification.mgt.category.feature	5.20.83		N/A
org.wso2.carbon.identity.framework	org.wso2.carbon.identity.notification.mgt.category.feature	5.20.84		N/A
org.wso2.carbon.identity.framework	org.wso2.carbon.identity.notification.mgt.category.feature	5.20.85		N/A
org.wso2.carbon.identity.framework	org.wso2.carbon.identity.notification.mgt.category.feature	5.20.86		N/A
org.wso2.carbon.identity.framework	org.wso2.carbon.identity.notification.mgt.category.feature	5.20.87		N/A
org.wso2.carbon.identity.framework	org.wso2.carbon.identity.notification.mgt.category.feature	5.20.88		N/A
org.wso2.carbon.identity.framework	org.wso2.carbon.identity.notification.mgt.category.feature	5.20.89		N/A
org.wso2.carbon.identity.framework	org.wso2.carbon.identity.notification.mgt.category.feature	5.20.9		N/A
org.wso2.carbon.identity.framework	org.wso2.carbon.identity.notification.mgt.category.feature	5.20.90		N/A
org.wso2.carbon.identity.framework	org.wso2.carbon.identity.notification.mgt.category.feature	5.20.91		N/A
org.wso2.carbon.identity.framework	org.wso2.carbon.identity.notification.mgt.category.feature	5.20.92		N/A
org.wso2.carbon.identity.framework	org.wso2.carbon.identity.notification.mgt.category.feature	5.20.93		N/A
org.wso2.carbon.identity.framework	org.wso2.carbon.identity.notification.mgt.category.feature	5.20.94		N/A
org.wso2.carbon.identity.framework	org.wso2.carbon.identity.notification.mgt.category.feature	5.20.95		N/A
org.wso2.carbon.identity.framework	org.wso2.carbon.identity.notification.mgt.category.feature	5.20.96		N/A
org.wso2.carbon.identity.framework	org.wso2.carbon.identity.notification.mgt.category.feature	5.20.97		N/A
org.wso2.carbon.identity.framework	org.wso2.carbon.identity.notification.mgt.category.feature	5.20.98		N/A
org.wso2.carbon.identity.framework	org.wso2.carbon.identity.notification.mgt.category.feature	5.20.99		N/A
org.wso2.carbon.identity.framework	org.wso2.carbon.identity.notification.mgt.category.feature	5.21.10		N/A
org.wso2.carbon.identity.framework	org.wso2.carbon.identity.notification.mgt.category.feature	5.21.11		N/A
org.wso2.carbon.identity.framework	org.wso2.carbon.identity.notification.mgt.category.feature	5.21.12		N/A
org.wso2.carbon.identity.framework	org.wso2.carbon.identity.notification.mgt.category.feature	5.21.13		N/A
org.wso2.carbon.identity.framework	org.wso2.carbon.identity.notification.mgt.category.feature	5.21.14		N/A
org.wso2.carbon.identity.framework	org.wso2.carbon.identity.notification.mgt.category.feature	5.21.15		N/A
org.wso2.carbon.identity.framework	org.wso2.carbon.identity.notification.mgt.category.feature	5.21.16		N/A
org.wso2.carbon.identity.framework	org.wso2.carbon.identity.notification.mgt.category.feature	5.21.17		N/A
org.wso2.carbon.identity.framework	org.wso2.carbon.identity.notification.mgt.category.feature	5.21.18		N/A
org.wso2.carbon.identity.framework	org.wso2.carbon.identity.notification.mgt.category.feature	5.21.19		N/A
org.wso2.carbon.identity.framework	org.wso2.carbon.identity.notification.mgt.category.feature	5.21.20		N/A
org.wso2.carbon.identity.framework	org.wso2.carbon.identity.notification.mgt.category.feature	5.21.21		N/A
org.wso2.carbon.identity.framework	org.wso2.carbon.identity.notification.mgt.category.feature	5.21.22		N/A
org.wso2.carbon.identity.framework	org.wso2.carbon.identity.notification.mgt.category.feature	5.21.23		N/A
org.wso2.carbon.identity.framework	org.wso2.carbon.identity.notification.mgt.category.feature	5.21.24		N/A
org.wso2.carbon.identity.framework	org.wso2.carbon.identity.notification.mgt.category.feature	5.21.25		N/A
org.wso2.carbon.identity.framework	org.wso2.carbon.identity.notification.mgt.category.feature	5.21.26		N/A
org.wso2.carbon.identity.framework	org.wso2.carbon.identity.notification.mgt.category.feature	5.21.27		N/A
org.wso2.carbon.identity.framework	org.wso2.carbon.identity.notification.mgt.category.feature	5.21.28		N/A
org.wso2.carbon.identity.framework	org.wso2.carbon.identity.notification.mgt.category.feature	5.21.29		N/A
org.wso2.carbon.identity.framework	org.wso2.carbon.identity.notification.mgt.category.feature	5.21.30		N/A
org.wso2.carbon.identity.framework	org.wso2.carbon.identity.notification.mgt.category.feature	5.21.31		N/A
org.wso2.carbon.identity.framework	org.wso2.carbon.identity.notification.mgt.category.feature	5.21.32		N/A
org.wso2.carbon.identity.framework	org.wso2.carbon.identity.notification.mgt.category.feature	5.21.33		N/A
org.wso2.carbon.identity.framework	org.wso2.carbon.identity.notification.mgt.category.feature	5.21.34		N/A
org.wso2.carbon.identity.framework	org.wso2.carbon.identity.notification.mgt.category.feature	5.21.35		N/A
org.wso2.carbon.identity.framework	org.wso2.carbon.identity.notification.mgt.category.feature	5.21.36		N/A
org.wso2.carbon.identity.framework	org.wso2.carbon.identity.notification.mgt.category.feature	5.21.37		N/A
org.wso2.carbon.identity.framework	org.wso2.carbon.identity.notification.mgt.category.feature	5.21.38		N/A
org.wso2.carbon.identity.framework	org.wso2.carbon.identity.notification.mgt.category.feature	5.21.39		N/A
org.wso2.carbon.identity.framework	org.wso2.carbon.identity.notification.mgt.category.feature	5.21.40		N/A
org.wso2.carbon.identity.framework	org.wso2.carbon.identity.notification.mgt.category.feature	5.21.41		N/A
org.wso2.carbon.identity.framework	org.wso2.carbon.identity.notification.mgt.category.feature	5.21.6		N/A
org.wso2.carbon.identity.framework	org.wso2.carbon.identity.notification.mgt.category.feature	5.21.7		N/A
org.wso2.carbon.identity.framework	org.wso2.carbon.identity.notification.mgt.category.feature	5.21.8		N/A
org.wso2.carbon.identity.framework	org.wso2.carbon.identity.notification.mgt.category.feature	5.21.9		N/A
org.wso2.carbon.identity.framework	org.wso2.carbon.identity.notification.mgt.category.feature	5.22.0		N/A
org.wso2.carbon.identity.framework	org.wso2.carbon.identity.notification.mgt.category.feature	5.22.1		N/A
org.wso2.carbon.identity.framework	org.wso2.carbon.identity.notification.mgt.category.feature	5.22.2		N/A
org.wso2.carbon.identity.framework	org.wso2.carbon.identity.notification.mgt.category.feature	5.22.3		N/A
org.wso2.carbon.identity.framework	org.wso2.carbon.identity.notification.mgt.category.feature	5.23.0		N/A
org.wso2.carbon.identity.framework	org.wso2.carbon.identity.notification.mgt.category.feature	5.23.1		N/A
org.wso2.carbon.identity.framework	org.wso2.carbon.identity.notification.mgt.category.feature	5.23.10		N/A
org.wso2.carbon.identity.framework	org.wso2.carbon.identity.notification.mgt.category.feature	5.23.11		N/A
org.wso2.carbon.identity.framework	org.wso2.carbon.identity.notification.mgt.category.feature	5.23.12		N/A
org.wso2.carbon.identity.framework	org.wso2.carbon.identity.notification.mgt.category.feature	5.23.13		N/A
org.wso2.carbon.identity.framework	org.wso2.carbon.identity.notification.mgt.category.feature	5.23.14		N/A
org.wso2.carbon.identity.framework	org.wso2.carbon.identity.notification.mgt.category.feature	5.23.15		N/A
org.wso2.carbon.identity.framework	org.wso2.carbon.identity.notification.mgt.category.feature	5.23.16		N/A
org.wso2.carbon.identity.framework	org.wso2.carbon.identity.notification.mgt.category.feature	5.23.17		N/A
org.wso2.carbon.identity.framework	org.wso2.carbon.identity.notification.mgt.category.feature	5.23.18		N/A
org.wso2.carbon.identity.framework	org.wso2.carbon.identity.notification.mgt.category.feature	5.23.19		N/A
org.wso2.carbon.identity.framework	org.wso2.carbon.identity.notification.mgt.category.feature	5.23.2		N/A
org.wso2.carbon.identity.framework	org.wso2.carbon.identity.notification.mgt.category.feature	5.23.20		N/A
org.wso2.carbon.identity.framework	org.wso2.carbon.identity.notification.mgt.category.feature	5.23.21		N/A
org.wso2.carbon.identity.framework	org.wso2.carbon.identity.notification.mgt.category.feature	5.23.22		N/A
org.wso2.carbon.identity.framework	org.wso2.carbon.identity.notification.mgt.category.feature	5.23.23		N/A
org.wso2.carbon.identity.framework	org.wso2.carbon.identity.notification.mgt.category.feature	5.23.24		N/A
org.wso2.carbon.identity.framework	org.wso2.carbon.identity.notification.mgt.category.feature	5.23.25		N/A
org.wso2.carbon.identity.framework	org.wso2.carbon.identity.notification.mgt.category.feature	5.23.26		N/A
org.wso2.carbon.identity.framework	org.wso2.carbon.identity.notification.mgt.category.feature	5.23.28		N/A
org.wso2.carbon.identity.framework	org.wso2.carbon.identity.notification.mgt.category.feature	5.23.29		N/A
org.wso2.carbon.identity.framework	org.wso2.carbon.identity.notification.mgt.category.feature	5.23.3		N/A
org.wso2.carbon.identity.framework	org.wso2.carbon.identity.notification.mgt.category.feature	5.23.30		N/A
org.wso2.carbon.identity.framework	org.wso2.carbon.identity.notification.mgt.category.feature	5.23.31		N/A
org.wso2.carbon.identity.framework	org.wso2.carbon.identity.notification.mgt.category.feature	5.23.32		N/A
org.wso2.carbon.identity.framework	org.wso2.carbon.identity.notification.mgt.category.feature	5.23.33		N/A
org.wso2.carbon.identity.framework	org.wso2.carbon.identity.notification.mgt.category.feature	5.23.34		N/A
org.wso2.carbon.identity.framework	org.wso2.carbon.identity.notification.mgt.category.feature	5.23.35		N/A
org.wso2.carbon.identity.framework	org.wso2.carbon.identity.notification.mgt.category.feature	5.23.36		N/A
org.wso2.carbon.identity.framework	org.wso2.carbon.identity.notification.mgt.category.feature	5.23.37		N/A
org.wso2.carbon.identity.framework	org.wso2.carbon.identity.notification.mgt.category.feature	5.23.38		N/A
org.wso2.carbon.identity.framework	org.wso2.carbon.identity.notification.mgt.category.feature	5.23.39		N/A
org.wso2.carbon.identity.framework	org.wso2.carbon.identity.notification.mgt.category.feature	5.23.4		N/A
org.wso2.carbon.identity.framework	org.wso2.carbon.identity.notification.mgt.category.feature	5.23.40		N/A
org.wso2.carbon.identity.framework	org.wso2.carbon.identity.notification.mgt.category.feature	5.23.41		N/A
org.wso2.carbon.identity.framework	org.wso2.carbon.identity.notification.mgt.category.feature	5.23.42		N/A
org.wso2.carbon.identity.framework	org.wso2.carbon.identity.notification.mgt.category.feature	5.23.43		N/A
org.wso2.carbon.identity.framework	org.wso2.carbon.identity.notification.mgt.category.feature	5.23.44		N/A
org.wso2.carbon.identity.framework	org.wso2.carbon.identity.notification.mgt.category.feature	5.23.45		N/A
org.wso2.carbon.identity.framework	org.wso2.carbon.identity.notification.mgt.category.feature	5.23.46		N/A
org.wso2.carbon.identity.framework	org.wso2.carbon.identity.notification.mgt.category.feature	5.23.47		N/A
org.wso2.carbon.identity.framework	org.wso2.carbon.identity.notification.mgt.category.feature	5.23.48		N/A
org.wso2.carbon.identity.framework	org.wso2.carbon.identity.notification.mgt.category.feature	5.23.49		N/A
org.wso2.carbon.identity.framework	org.wso2.carbon.identity.notification.mgt.category.feature	5.23.5		N/A
org.wso2.carbon.identity.framework	org.wso2.carbon.identity.notification.mgt.category.feature	5.23.50		N/A
org.wso2.carbon.identity.framework	org.wso2.carbon.identity.notification.mgt.category.feature	5.23.51		N/A
org.wso2.carbon.identity.framework	org.wso2.carbon.identity.notification.mgt.category.feature	5.23.52		N/A
org.wso2.carbon.identity.framework	org.wso2.carbon.identity.notification.mgt.category.feature	5.23.53		N/A
org.wso2.carbon.identity.framework	org.wso2.carbon.identity.notification.mgt.category.feature	5.23.54		N/A
org.wso2.carbon.identity.framework	org.wso2.carbon.identity.notification.mgt.category.feature	5.23.55		N/A
org.wso2.carbon.identity.framework	org.wso2.carbon.identity.notification.mgt.category.feature	5.23.56		N/A
org.wso2.carbon.identity.framework	org.wso2.carbon.identity.notification.mgt.category.feature	5.23.57		N/A
org.wso2.carbon.identity.framework	org.wso2.carbon.identity.notification.mgt.category.feature	5.23.6		N/A
org.wso2.carbon.identity.framework	org.wso2.carbon.identity.notification.mgt.category.feature	5.23.7		N/A
org.wso2.carbon.identity.framework	org.wso2.carbon.identity.notification.mgt.category.feature	5.23.8		N/A
org.wso2.carbon.identity.framework	org.wso2.carbon.identity.notification.mgt.category.feature	5.23.9		N/A
org.wso2.carbon.identity.framework	org.wso2.carbon.identity.notification.mgt.category.feature	5.24.0		N/A
org.wso2.carbon.identity.framework	org.wso2.carbon.identity.notification.mgt.category.feature	5.24.1		N/A
org.wso2.carbon.identity.framework	org.wso2.carbon.identity.notification.mgt.category.feature	5.24.10		N/A
org.wso2.carbon.identity.framework	org.wso2.carbon.identity.notification.mgt.category.feature	5.24.2		N/A
org.wso2.carbon.identity.framework	org.wso2.carbon.identity.notification.mgt.category.feature	5.24.3		N/A
org.wso2.carbon.identity.framework	org.wso2.carbon.identity.notification.mgt.category.feature	5.24.5		N/A
org.wso2.carbon.identity.framework	org.wso2.carbon.identity.notification.mgt.category.feature	5.24.6		N/A
org.wso2.carbon.identity.framework	org.wso2.carbon.identity.notification.mgt.category.feature	5.24.7		N/A
org.wso2.carbon.identity.framework	org.wso2.carbon.identity.notification.mgt.category.feature	5.24.8		N/A
org.wso2.carbon.identity.framework	org.wso2.carbon.identity.notification.mgt.category.feature	5.24.9		N/A
org.wso2.carbon.identity.framework	org.wso2.carbon.identity.notification.mgt.category.feature	5.25.0		N/A
org.wso2.carbon.identity.framework	org.wso2.carbon.identity.notification.mgt.category.feature	5.25.1		N/A
org.wso2.carbon.identity.framework	org.wso2.carbon.identity.notification.mgt.category.feature	5.25.10		N/A
org.wso2.carbon.identity.framework	org.wso2.carbon.identity.notification.mgt.category.feature	5.25.100		N/A
org.wso2.carbon.identity.framework	org.wso2.carbon.identity.notification.mgt.category.feature	5.25.101		N/A
org.wso2.carbon.identity.framework	org.wso2.carbon.identity.notification.mgt.category.feature	5.25.102		N/A
org.wso2.carbon.identity.framework	org.wso2.carbon.identity.notification.mgt.category.feature	5.25.103		N/A
org.wso2.carbon.identity.framework	org.wso2.carbon.identity.notification.mgt.category.feature	5.25.104		N/A
org.wso2.carbon.identity.framework	org.wso2.carbon.identity.notification.mgt.category.feature	5.25.105		N/A
org.wso2.carbon.identity.framework	org.wso2.carbon.identity.notification.mgt.category.feature	5.25.106		N/A
org.wso2.carbon.identity.framework	org.wso2.carbon.identity.notification.mgt.category.feature	5.25.107		N/A
org.wso2.carbon.identity.framework	org.wso2.carbon.identity.notification.mgt.category.feature	5.25.108		N/A
org.wso2.carbon.identity.framework	org.wso2.carbon.identity.notification.mgt.category.feature	5.25.109		N/A
org.wso2.carbon.identity.framework	org.wso2.carbon.identity.notification.mgt.category.feature	5.25.11		N/A
org.wso2.carbon.identity.framework	org.wso2.carbon.identity.notification.mgt.category.feature	5.25.110		N/A
org.wso2.carbon.identity.framework	org.wso2.carbon.identity.notification.mgt.category.feature	5.25.111		N/A
org.wso2.carbon.identity.framework	org.wso2.carbon.identity.notification.mgt.category.feature	5.25.112		N/A
org.wso2.carbon.identity.framework	org.wso2.carbon.identity.notification.mgt.category.feature	5.25.113		N/A
org.wso2.carbon.identity.framework	org.wso2.carbon.identity.notification.mgt.category.feature	5.25.114		N/A
org.wso2.carbon.identity.framework	org.wso2.carbon.identity.notification.mgt.category.feature	5.25.115		N/A
org.wso2.carbon.identity.framework	org.wso2.carbon.identity.notification.mgt.category.feature	5.25.12		N/A
org.wso2.carbon.identity.framework	org.wso2.carbon.identity.notification.mgt.category.feature	5.25.120		N/A
org.wso2.carbon.identity.framework	org.wso2.carbon.identity.notification.mgt.category.feature	5.25.121		N/A
org.wso2.carbon.identity.framework	org.wso2.carbon.identity.notification.mgt.category.feature	5.25.122		N/A
org.wso2.carbon.identity.framework	org.wso2.carbon.identity.notification.mgt.category.feature	5.25.123		N/A
org.wso2.carbon.identity.framework	org.wso2.carbon.identity.notification.mgt.category.feature	5.25.124		N/A
org.wso2.carbon.identity.framework	org.wso2.carbon.identity.notification.mgt.category.feature	5.25.125		N/A
org.wso2.carbon.identity.framework	org.wso2.carbon.identity.notification.mgt.category.feature	5.25.126		N/A
org.wso2.carbon.identity.framework	org.wso2.carbon.identity.notification.mgt.category.feature	5.25.127		N/A
org.wso2.carbon.identity.framework	org.wso2.carbon.identity.notification.mgt.category.feature	5.25.128		N/A
org.wso2.carbon.identity.framework	org.wso2.carbon.identity.notification.mgt.category.feature	5.25.129		N/A
org.wso2.carbon.identity.framework	org.wso2.carbon.identity.notification.mgt.category.feature	5.25.13		N/A
org.wso2.carbon.identity.framework	org.wso2.carbon.identity.notification.mgt.category.feature	5.25.130		N/A
org.wso2.carbon.identity.framework	org.wso2.carbon.identity.notification.mgt.category.feature	5.25.131		N/A
org.wso2.carbon.identity.framework	org.wso2.carbon.identity.notification.mgt.category.feature	5.25.132		N/A
org.wso2.carbon.identity.framework	org.wso2.carbon.identity.notification.mgt.category.feature	5.25.133		N/A
org.wso2.carbon.identity.framework	org.wso2.carbon.identity.notification.mgt.category.feature	5.25.134		N/A
org.wso2.carbon.identity.framework	org.wso2.carbon.identity.notification.mgt.category.feature	5.25.135		N/A
org.wso2.carbon.identity.framework	org.wso2.carbon.identity.notification.mgt.category.feature	5.25.136		N/A
org.wso2.carbon.identity.framework	org.wso2.carbon.identity.notification.mgt.category.feature	5.25.137		N/A
org.wso2.carbon.identity.framework	org.wso2.carbon.identity.notification.mgt.category.feature	5.25.138		N/A
org.wso2.carbon.identity.framework	org.wso2.carbon.identity.notification.mgt.category.feature	5.25.139		N/A
org.wso2.carbon.identity.framework	org.wso2.carbon.identity.notification.mgt.category.feature	5.25.14		N/A
org.wso2.carbon.identity.framework	org.wso2.carbon.identity.notification.mgt.category.feature	5.25.140		N/A
org.wso2.carbon.identity.framework	org.wso2.carbon.identity.notification.mgt.category.feature	5.25.141		N/A
org.wso2.carbon.identity.framework	org.wso2.carbon.identity.notification.mgt.category.feature	5.25.142		N/A
org.wso2.carbon.identity.framework	org.wso2.carbon.identity.notification.mgt.category.feature	5.25.143		N/A
org.wso2.carbon.identity.framework	org.wso2.carbon.identity.notification.mgt.category.feature	5.25.144		N/A
org.wso2.carbon.identity.framework	org.wso2.carbon.identity.notification.mgt.category.feature	5.25.145		N/A
org.wso2.carbon.identity.framework	org.wso2.carbon.identity.notification.mgt.category.feature	5.25.146		N/A
org.wso2.carbon.identity.framework	org.wso2.carbon.identity.notification.mgt.category.feature	5.25.147		N/A
org.wso2.carbon.identity.framework	org.wso2.carbon.identity.notification.mgt.category.feature	5.25.148		N/A
org.wso2.carbon.identity.framework	org.wso2.carbon.identity.notification.mgt.category.feature	5.25.149		N/A
org.wso2.carbon.identity.framework	org.wso2.carbon.identity.notification.mgt.category.feature	5.25.15		N/A
org.wso2.carbon.identity.framework	org.wso2.carbon.identity.notification.mgt.category.feature	5.25.150		N/A
org.wso2.carbon.identity.framework	org.wso2.carbon.identity.notification.mgt.category.feature	5.25.151		N/A
org.wso2.carbon.identity.framework	org.wso2.carbon.identity.notification.mgt.category.feature	5.25.152		N/A
org.wso2.carbon.identity.framework	org.wso2.carbon.identity.notification.mgt.category.feature	5.25.153		N/A
org.wso2.carbon.identity.framework	org.wso2.carbon.identity.notification.mgt.category.feature	5.25.154		N/A
org.wso2.carbon.identity.framework	org.wso2.carbon.identity.notification.mgt.category.feature	5.25.155		N/A
org.wso2.carbon.identity.framework	org.wso2.carbon.identity.notification.mgt.category.feature	5.25.156		N/A
org.wso2.carbon.identity.framework	org.wso2.carbon.identity.notification.mgt.category.feature	5.25.157		N/A
org.wso2.carbon.identity.framework	org.wso2.carbon.identity.notification.mgt.category.feature	5.25.158		N/A
org.wso2.carbon.identity.framework	org.wso2.carbon.identity.notification.mgt.category.feature	5.25.159		N/A
org.wso2.carbon.identity.framework	org.wso2.carbon.identity.notification.mgt.category.feature	5.25.16		N/A
org.wso2.carbon.identity.framework	org.wso2.carbon.identity.notification.mgt.category.feature	5.25.160		N/A
org.wso2.carbon.identity.framework	org.wso2.carbon.identity.notification.mgt.category.feature	5.25.161		N/A
org.wso2.carbon.identity.framework	org.wso2.carbon.identity.notification.mgt.category.feature	5.25.162		N/A
org.wso2.carbon.identity.framework	org.wso2.carbon.identity.notification.mgt.category.feature	5.25.163		N/A
org.wso2.carbon.identity.framework	org.wso2.carbon.identity.notification.mgt.category.feature	5.25.164		N/A
org.wso2.carbon.identity.framework	org.wso2.carbon.identity.notification.mgt.category.feature	5.25.165		N/A
org.wso2.carbon.identity.framework	org.wso2.carbon.identity.notification.mgt.category.feature	5.25.166		N/A
org.wso2.carbon.identity.framework	org.wso2.carbon.identity.notification.mgt.category.feature	5.25.17		N/A
org.wso2.carbon.identity.framework	org.wso2.carbon.identity.notification.mgt.category.feature	5.25.18		N/A
org.wso2.carbon.identity.framework	org.wso2.carbon.identity.notification.mgt.category.feature	5.25.19		N/A
org.wso2.carbon.identity.framework	org.wso2.carbon.identity.notification.mgt.category.feature	5.25.2		N/A
org.wso2.carbon.identity.framework	org.wso2.carbon.identity.notification.mgt.category.feature	5.25.20		N/A
org.wso2.carbon.identity.framework	org.wso2.carbon.identity.notification.mgt.category.feature	5.25.21		N/A
org.wso2.carbon.identity.framework	org.wso2.carbon.identity.notification.mgt.category.feature	5.25.22		N/A
org.wso2.carbon.identity.framework	org.wso2.carbon.identity.notification.mgt.category.feature	5.25.23		N/A
org.wso2.carbon.identity.framework	org.wso2.carbon.identity.notification.mgt.category.feature	5.25.24		N/A
org.wso2.carbon.identity.framework	org.wso2.carbon.identity.notification.mgt.category.feature	5.25.25		N/A
org.wso2.carbon.identity.framework	org.wso2.carbon.identity.notification.mgt.category.feature	5.25.26		N/A
org.wso2.carbon.identity.framework	org.wso2.carbon.identity.notification.mgt.category.feature	5.25.27		N/A
org.wso2.carbon.identity.framework	org.wso2.carbon.identity.notification.mgt.category.feature	5.25.28		N/A
org.wso2.carbon.identity.framework	org.wso2.carbon.identity.notification.mgt.category.feature	5.25.29		N/A
org.wso2.carbon.identity.framework	org.wso2.carbon.identity.notification.mgt.category.feature	5.25.3		N/A
org.wso2.carbon.identity.framework	org.wso2.carbon.identity.notification.mgt.category.feature	5.25.30		N/A
org.wso2.carbon.identity.framework	org.wso2.carbon.identity.notification.mgt.category.feature	5.25.31		N/A
org.wso2.carbon.identity.framework	org.wso2.carbon.identity.notification.mgt.category.feature	5.25.32		N/A
org.wso2.carbon.identity.framework	org.wso2.carbon.identity.notification.mgt.category.feature	5.25.33		N/A
org.wso2.carbon.identity.framework	org.wso2.carbon.identity.notification.mgt.category.feature	5.25.337		N/A
org.wso2.carbon.identity.framework	org.wso2.carbon.identity.notification.mgt.category.feature	5.25.338		N/A
org.wso2.carbon.identity.framework	org.wso2.carbon.identity.notification.mgt.category.feature	5.25.339		N/A
org.wso2.carbon.identity.framework	org.wso2.carbon.identity.notification.mgt.category.feature	5.25.34		N/A
org.wso2.carbon.identity.framework	org.wso2.carbon.identity.notification.mgt.category.feature	5.25.340		N/A
org.wso2.carbon.identity.framework	org.wso2.carbon.identity.notification.mgt.category.feature	5.25.341		N/A
org.wso2.carbon.identity.framework	org.wso2.carbon.identity.notification.mgt.category.feature	5.25.342		N/A
org.wso2.carbon.identity.framework	org.wso2.carbon.identity.notification.mgt.category.feature	5.25.343		N/A
org.wso2.carbon.identity.framework	org.wso2.carbon.identity.notification.mgt.category.feature	5.25.344		N/A
org.wso2.carbon.identity.framework	org.wso2.carbon.identity.notification.mgt.category.feature	5.25.345		N/A
org.wso2.carbon.identity.framework	org.wso2.carbon.identity.notification.mgt.category.feature	5.25.35		N/A
org.wso2.carbon.identity.framework	org.wso2.carbon.identity.notification.mgt.category.feature	5.25.36		N/A
org.wso2.carbon.identity.framework	org.wso2.carbon.identity.notification.mgt.category.feature	5.25.37		N/A
org.wso2.carbon.identity.framework	org.wso2.carbon.identity.notification.mgt.category.feature	5.25.38		N/A
org.wso2.carbon.identity.framework	org.wso2.carbon.identity.notification.mgt.category.feature	5.25.39		N/A
org.wso2.carbon.identity.framework	org.wso2.carbon.identity.notification.mgt.category.feature	5.25.4		N/A
org.wso2.carbon.identity.framework	org.wso2.carbon.identity.notification.mgt.category.feature	5.25.40		N/A
org.wso2.carbon.identity.framework	org.wso2.carbon.identity.notification.mgt.category.feature	5.25.41		N/A
org.wso2.carbon.identity.framework	org.wso2.carbon.identity.notification.mgt.category.feature	5.25.42		N/A
org.wso2.carbon.identity.framework	org.wso2.carbon.identity.notification.mgt.category.feature	5.25.43		N/A
org.wso2.carbon.identity.framework	org.wso2.carbon.identity.notification.mgt.category.feature	5.25.44		N/A
org.wso2.carbon.identity.framework	org.wso2.carbon.identity.notification.mgt.category.feature	5.25.45		N/A
org.wso2.carbon.identity.framework	org.wso2.carbon.identity.notification.mgt.category.feature	5.25.46		N/A
org.wso2.carbon.identity.framework	org.wso2.carbon.identity.notification.mgt.category.feature	5.25.47		N/A
org.wso2.carbon.identity.framework	org.wso2.carbon.identity.notification.mgt.category.feature	5.25.48		N/A
org.wso2.carbon.identity.framework	org.wso2.carbon.identity.notification.mgt.category.feature	5.25.49		N/A
org.wso2.carbon.identity.framework	org.wso2.carbon.identity.notification.mgt.category.feature	5.25.5		N/A
org.wso2.carbon.identity.framework	org.wso2.carbon.identity.notification.mgt.category.feature	5.25.50		N/A
org.wso2.carbon.identity.framework	org.wso2.carbon.identity.notification.mgt.category.feature	5.25.51		N/A
org.wso2.carbon.identity.framework	org.wso2.carbon.identity.notification.mgt.category.feature	5.25.52		N/A
org.wso2.carbon.identity.framework	org.wso2.carbon.identity.notification.mgt.category.feature	5.25.6		N/A
org.wso2.carbon.identity.framework	org.wso2.carbon.identity.notification.mgt.category.feature	5.25.650		N/A
org.wso2.carbon.identity.framework	org.wso2.carbon.identity.notification.mgt.category.feature	5.25.651		N/A
org.wso2.carbon.identity.framework	org.wso2.carbon.identity.notification.mgt.category.feature	5.25.652		N/A
org.wso2.carbon.identity.framework	org.wso2.carbon.identity.notification.mgt.category.feature	5.25.653		N/A
org.wso2.carbon.identity.framework	org.wso2.carbon.identity.notification.mgt.category.feature	5.25.655		N/A
org.wso2.carbon.identity.framework	org.wso2.carbon.identity.notification.mgt.category.feature	5.25.656		N/A
org.wso2.carbon.identity.framework	org.wso2.carbon.identity.notification.mgt.category.feature	5.25.657		N/A
org.wso2.carbon.identity.framework	org.wso2.carbon.identity.notification.mgt.category.feature	5.25.658		N/A
org.wso2.carbon.identity.framework	org.wso2.carbon.identity.notification.mgt.category.feature	5.25.659		N/A
org.wso2.carbon.identity.framework	org.wso2.carbon.identity.notification.mgt.category.feature	5.25.660		N/A
org.wso2.carbon.identity.framework	org.wso2.carbon.identity.notification.mgt.category.feature	5.25.661		N/A
org.wso2.carbon.identity.framework	org.wso2.carbon.identity.notification.mgt.category.feature	5.25.662		N/A
org.wso2.carbon.identity.framework	org.wso2.carbon.identity.notification.mgt.category.feature	5.25.663		N/A
org.wso2.carbon.identity.framework	org.wso2.carbon.identity.notification.mgt.category.feature	5.25.664		N/A
org.wso2.carbon.identity.framework	org.wso2.carbon.identity.notification.mgt.category.feature	5.25.665		N/A
org.wso2.carbon.identity.framework	org.wso2.carbon.identity.notification.mgt.category.feature	5.25.666		N/A
org.wso2.carbon.identity.framework	org.wso2.carbon.identity.notification.mgt.category.feature	5.25.667		N/A
org.wso2.carbon.identity.framework	org.wso2.carbon.identity.notification.mgt.category.feature	5.25.668		N/A
org.wso2.carbon.identity.framework	org.wso2.carbon.identity.notification.mgt.category.feature	5.25.669		N/A
org.wso2.carbon.identity.framework	org.wso2.carbon.identity.notification.mgt.category.feature	5.25.670		N/A
org.wso2.carbon.identity.framework	org.wso2.carbon.identity.notification.mgt.category.feature	5.25.671		N/A
org.wso2.carbon.identity.framework	org.wso2.carbon.identity.notification.mgt.category.feature	5.25.672		N/A
org.wso2.carbon.identity.framework	org.wso2.carbon.identity.notification.mgt.category.feature	5.25.673		N/A
org.wso2.carbon.identity.framework	org.wso2.carbon.identity.notification.mgt.category.feature	5.25.674		N/A
org.wso2.carbon.identity.framework	org.wso2.carbon.identity.notification.mgt.category.feature	5.25.675		N/A
org.wso2.carbon.identity.framework	org.wso2.carbon.identity.notification.mgt.category.feature	5.25.676		N/A
org.wso2.carbon.identity.framework	org.wso2.carbon.identity.notification.mgt.category.feature	5.25.677		N/A
org.wso2.carbon.identity.framework	org.wso2.carbon.identity.notification.mgt.category.feature	5.25.678		N/A
org.wso2.carbon.identity.framework	org.wso2.carbon.identity.notification.mgt.category.feature	5.25.679		N/A
org.wso2.carbon.identity.framework	org.wso2.carbon.identity.notification.mgt.category.feature	5.25.685		N/A
org.wso2.carbon.identity.framework	org.wso2.carbon.identity.notification.mgt.category.feature	5.25.686		N/A
org.wso2.carbon.identity.framework	org.wso2.carbon.identity.notification.mgt.category.feature	5.25.687		N/A
org.wso2.carbon.identity.framework	org.wso2.carbon.identity.notification.mgt.category.feature	5.25.694		N/A
org.wso2.carbon.identity.framework	org.wso2.carbon.identity.notification.mgt.category.feature	5.25.697		N/A
org.wso2.carbon.identity.framework	org.wso2.carbon.identity.notification.mgt.category.feature	5.25.698		N/A
org.wso2.carbon.identity.framework	org.wso2.carbon.identity.notification.mgt.category.feature	5.25.7		N/A
org.wso2.carbon.identity.framework	org.wso2.carbon.identity.notification.mgt.category.feature	5.25.706		N/A
org.wso2.carbon.identity.framework	org.wso2.carbon.identity.notification.mgt.category.feature	5.25.712		N/A
org.wso2.carbon.identity.framework	org.wso2.carbon.identity.notification.mgt.category.feature	5.25.713		N/A
org.wso2.carbon.identity.framework	org.wso2.carbon.identity.notification.mgt.category.feature	5.25.714		N/A
org.wso2.carbon.identity.framework	org.wso2.carbon.identity.notification.mgt.category.feature	5.25.77		N/A
org.wso2.carbon.identity.framework	org.wso2.carbon.identity.notification.mgt.category.feature	5.25.78		N/A
org.wso2.carbon.identity.framework	org.wso2.carbon.identity.notification.mgt.category.feature	5.25.79		N/A
org.wso2.carbon.identity.framework	org.wso2.carbon.identity.notification.mgt.category.feature	5.25.8		N/A
org.wso2.carbon.identity.framework	org.wso2.carbon.identity.notification.mgt.category.feature	5.25.80		N/A
org.wso2.carbon.identity.framework	org.wso2.carbon.identity.notification.mgt.category.feature	5.25.81		N/A
org.wso2.carbon.identity.framework	org.wso2.carbon.identity.notification.mgt.category.feature	5.25.82		N/A
org.wso2.carbon.identity.framework	org.wso2.carbon.identity.notification.mgt.category.feature	5.25.83		N/A
org.wso2.carbon.identity.framework	org.wso2.carbon.identity.notification.mgt.category.feature	5.25.84		N/A
org.wso2.carbon.identity.framework	org.wso2.carbon.identity.notification.mgt.category.feature	5.25.85		N/A
org.wso2.carbon.identity.framework	org.wso2.carbon.identity.notification.mgt.category.feature	5.25.86		N/A
org.wso2.carbon.identity.framework	org.wso2.carbon.identity.notification.mgt.category.feature	5.25.87		N/A
org.wso2.carbon.identity.framework	org.wso2.carbon.identity.notification.mgt.category.feature	5.25.88		N/A
org.wso2.carbon.identity.framework	org.wso2.carbon.identity.notification.mgt.category.feature	5.25.89		N/A
org.wso2.carbon.identity.framework	org.wso2.carbon.identity.notification.mgt.category.feature	5.25.9		N/A
org.wso2.carbon.identity.framework	org.wso2.carbon.identity.notification.mgt.category.feature	5.25.90		N/A
org.wso2.carbon.identity.framework	org.wso2.carbon.identity.notification.mgt.category.feature	5.25.91		N/A
org.wso2.carbon.identity.framework	org.wso2.carbon.identity.notification.mgt.category.feature	5.25.92		N/A
org.wso2.carbon.identity.framework	org.wso2.carbon.identity.notification.mgt.category.feature	5.25.93		N/A
org.wso2.carbon.identity.framework	org.wso2.carbon.identity.notification.mgt.category.feature	5.25.94		N/A
org.wso2.carbon.identity.framework	org.wso2.carbon.identity.notification.mgt.category.feature	5.25.95		N/A
org.wso2.carbon.identity.framework	org.wso2.carbon.identity.notification.mgt.category.feature	5.25.96		N/A
org.wso2.carbon.identity.framework	org.wso2.carbon.identity.notification.mgt.category.feature	5.25.97		N/A
org.wso2.carbon.identity.framework	org.wso2.carbon.identity.notification.mgt.category.feature	5.25.98		N/A
org.wso2.carbon.identity.framework	org.wso2.carbon.identity.notification.mgt.category.feature	5.25.99		N/A
org.wso2.carbon.identity.framework	org.wso2.carbon.identity.notification.mgt.category.feature	5.5.0		N/A
org.wso2.carbon.identity.framework	org.wso2.carbon.identity.notification.mgt.category.feature	5.5.1		N/A
org.wso2.carbon.identity.framework	org.wso2.carbon.identity.notification.mgt.category.feature	5.5.10		N/A
org.wso2.carbon.identity.framework	org.wso2.carbon.identity.notification.mgt.category.feature	5.5.11		N/A
org.wso2.carbon.identity.framework	org.wso2.carbon.identity.notification.mgt.category.feature	5.5.2		N/A
org.wso2.carbon.identity.framework	org.wso2.carbon.identity.notification.mgt.category.feature	5.5.3		N/A
org.wso2.carbon.identity.framework	org.wso2.carbon.identity.notification.mgt.category.feature	5.5.4		N/A
org.wso2.carbon.identity.framework	org.wso2.carbon.identity.notification.mgt.category.feature	5.5.5		N/A
org.wso2.carbon.identity.framework	org.wso2.carbon.identity.notification.mgt.category.feature	5.5.6		N/A
org.wso2.carbon.identity.framework	org.wso2.carbon.identity.notification.mgt.category.feature	5.5.7		N/A
org.wso2.carbon.identity.framework	org.wso2.carbon.identity.notification.mgt.category.feature	5.5.8		N/A
org.wso2.carbon.identity.framework	org.wso2.carbon.identity.notification.mgt.category.feature	5.5.9		N/A
org.wso2.carbon.identity.framework	org.wso2.carbon.identity.notification.mgt.category.feature	5.6.0		N/A
org.wso2.carbon.identity.framework	org.wso2.carbon.identity.notification.mgt.category.feature	5.6.1		N/A
org.wso2.carbon.identity.framework	org.wso2.carbon.identity.notification.mgt.category.feature	5.6.10		N/A
org.wso2.carbon.identity.framework	org.wso2.carbon.identity.notification.mgt.category.feature	5.6.11		N/A
org.wso2.carbon.identity.framework	org.wso2.carbon.identity.notification.mgt.category.feature	5.6.12		N/A
org.wso2.carbon.identity.framework	org.wso2.carbon.identity.notification.mgt.category.feature	5.6.13		N/A
org.wso2.carbon.identity.framework	org.wso2.carbon.identity.notification.mgt.category.feature	5.6.14		N/A
org.wso2.carbon.identity.framework	org.wso2.carbon.identity.notification.mgt.category.feature	5.6.15		N/A
org.wso2.carbon.identity.framework	org.wso2.carbon.identity.notification.mgt.category.feature	5.6.16		N/A
org.wso2.carbon.identity.framework	org.wso2.carbon.identity.notification.mgt.category.feature	5.6.17		N/A
org.wso2.carbon.identity.framework	org.wso2.carbon.identity.notification.mgt.category.feature	5.6.18		N/A
org.wso2.carbon.identity.framework	org.wso2.carbon.identity.notification.mgt.category.feature	5.6.19		N/A
org.wso2.carbon.identity.framework	org.wso2.carbon.identity.notification.mgt.category.feature	5.6.2		N/A
org.wso2.carbon.identity.framework	org.wso2.carbon.identity.notification.mgt.category.feature	5.6.20		N/A
org.wso2.carbon.identity.framework	org.wso2.carbon.identity.notification.mgt.category.feature	5.6.21		N/A
org.wso2.carbon.identity.framework	org.wso2.carbon.identity.notification.mgt.category.feature	5.6.22		N/A
org.wso2.carbon.identity.framework	org.wso2.carbon.identity.notification.mgt.category.feature	5.6.23		N/A
org.wso2.carbon.identity.framework	org.wso2.carbon.identity.notification.mgt.category.feature	5.6.24		N/A
org.wso2.carbon.identity.framework	org.wso2.carbon.identity.notification.mgt.category.feature	5.6.25		N/A
org.wso2.carbon.identity.framework	org.wso2.carbon.identity.notification.mgt.category.feature	5.6.26		N/A
org.wso2.carbon.identity.framework	org.wso2.carbon.identity.notification.mgt.category.feature	5.6.27		N/A
org.wso2.carbon.identity.framework	org.wso2.carbon.identity.notification.mgt.category.feature	5.6.28		N/A
org.wso2.carbon.identity.framework	org.wso2.carbon.identity.notification.mgt.category.feature	5.6.29		N/A
org.wso2.carbon.identity.framework	org.wso2.carbon.identity.notification.mgt.category.feature	5.6.3		N/A
org.wso2.carbon.identity.framework	org.wso2.carbon.identity.notification.mgt.category.feature	5.6.30		N/A
org.wso2.carbon.identity.framework	org.wso2.carbon.identity.notification.mgt.category.feature	5.6.31		N/A
org.wso2.carbon.identity.framework	org.wso2.carbon.identity.notification.mgt.category.feature	5.6.32		N/A
org.wso2.carbon.identity.framework	org.wso2.carbon.identity.notification.mgt.category.feature	5.6.33		N/A
org.wso2.carbon.identity.framework	org.wso2.carbon.identity.notification.mgt.category.feature	5.6.34		N/A
org.wso2.carbon.identity.framework	org.wso2.carbon.identity.notification.mgt.category.feature	5.6.35		N/A
org.wso2.carbon.identity.framework	org.wso2.carbon.identity.notification.mgt.category.feature	5.6.36		N/A
org.wso2.carbon.identity.framework	org.wso2.carbon.identity.notification.mgt.category.feature	5.6.37		N/A
org.wso2.carbon.identity.framework	org.wso2.carbon.identity.notification.mgt.category.feature	5.6.38		N/A
org.wso2.carbon.identity.framework	org.wso2.carbon.identity.notification.mgt.category.feature	5.6.39		N/A
org.wso2.carbon.identity.framework	org.wso2.carbon.identity.notification.mgt.category.feature	5.6.4		N/A
org.wso2.carbon.identity.framework	org.wso2.carbon.identity.notification.mgt.category.feature	5.6.40		N/A
org.wso2.carbon.identity.framework	org.wso2.carbon.identity.notification.mgt.category.feature	5.6.41		N/A
org.wso2.carbon.identity.framework	org.wso2.carbon.identity.notification.mgt.category.feature	5.6.42		N/A
org.wso2.carbon.identity.framework	org.wso2.carbon.identity.notification.mgt.category.feature	5.6.43		N/A
org.wso2.carbon.identity.framework	org.wso2.carbon.identity.notification.mgt.category.feature	5.6.44		N/A
org.wso2.carbon.identity.framework	org.wso2.carbon.identity.notification.mgt.category.feature	5.6.45		N/A
org.wso2.carbon.identity.framework	org.wso2.carbon.identity.notification.mgt.category.feature	5.6.46		N/A
org.wso2.carbon.identity.framework	org.wso2.carbon.identity.notification.mgt.category.feature	5.6.47		N/A
org.wso2.carbon.identity.framework	org.wso2.carbon.identity.notification.mgt.category.feature	5.6.48		N/A
org.wso2.carbon.identity.framework	org.wso2.carbon.identity.notification.mgt.category.feature	5.6.49		N/A
org.wso2.carbon.identity.framework	org.wso2.carbon.identity.notification.mgt.category.feature	5.6.5		N/A
org.wso2.carbon.identity.framework	org.wso2.carbon.identity.notification.mgt.category.feature	5.6.50		N/A
org.wso2.carbon.identity.framework	org.wso2.carbon.identity.notification.mgt.category.feature	5.6.51		N/A
org.wso2.carbon.identity.framework	org.wso2.carbon.identity.notification.mgt.category.feature	5.6.52		N/A
org.wso2.carbon.identity.framework	org.wso2.carbon.identity.notification.mgt.category.feature	5.6.54		N/A
org.wso2.carbon.identity.framework	org.wso2.carbon.identity.notification.mgt.category.feature	5.6.56		N/A
org.wso2.carbon.identity.framework	org.wso2.carbon.identity.notification.mgt.category.feature	5.6.58		N/A
org.wso2.carbon.identity.framework	org.wso2.carbon.identity.notification.mgt.category.feature	5.6.59		N/A
org.wso2.carbon.identity.framework	org.wso2.carbon.identity.notification.mgt.category.feature	5.6.6		N/A
org.wso2.carbon.identity.framework	org.wso2.carbon.identity.notification.mgt.category.feature	5.6.60		N/A
org.wso2.carbon.identity.framework	org.wso2.carbon.identity.notification.mgt.category.feature	5.6.61		N/A
org.wso2.carbon.identity.framework	org.wso2.carbon.identity.notification.mgt.category.feature	5.6.62		N/A
org.wso2.carbon.identity.framework	org.wso2.carbon.identity.notification.mgt.category.feature	5.6.63		N/A
org.wso2.carbon.identity.framework	org.wso2.carbon.identity.notification.mgt.category.feature	5.6.64		N/A
org.wso2.carbon.identity.framework	org.wso2.carbon.identity.notification.mgt.category.feature	5.6.65		N/A
org.wso2.carbon.identity.framework	org.wso2.carbon.identity.notification.mgt.category.feature	5.6.66		N/A
org.wso2.carbon.identity.framework	org.wso2.carbon.identity.notification.mgt.category.feature	5.6.67		N/A
org.wso2.carbon.identity.framework	org.wso2.carbon.identity.notification.mgt.category.feature	5.6.68		N/A
org.wso2.carbon.identity.framework	org.wso2.carbon.identity.notification.mgt.category.feature	5.6.69		N/A
org.wso2.carbon.identity.framework	org.wso2.carbon.identity.notification.mgt.category.feature	5.6.7		N/A
org.wso2.carbon.identity.framework	org.wso2.carbon.identity.notification.mgt.category.feature	5.6.70		N/A
org.wso2.carbon.identity.framework	org.wso2.carbon.identity.notification.mgt.category.feature	5.6.71		N/A
org.wso2.carbon.identity.framework	org.wso2.carbon.identity.notification.mgt.category.feature	5.6.72		N/A
org.wso2.carbon.identity.framework	org.wso2.carbon.identity.notification.mgt.category.feature	5.6.73		N/A
org.wso2.carbon.identity.framework	org.wso2.carbon.identity.notification.mgt.category.feature	5.6.74		N/A
org.wso2.carbon.identity.framework	org.wso2.carbon.identity.notification.mgt.category.feature	5.6.75		N/A
org.wso2.carbon.identity.framework	org.wso2.carbon.identity.notification.mgt.category.feature	5.6.76		N/A
org.wso2.carbon.identity.framework	org.wso2.carbon.identity.notification.mgt.category.feature	5.6.77		N/A
org.wso2.carbon.identity.framework	org.wso2.carbon.identity.notification.mgt.category.feature	5.6.78		N/A
org.wso2.carbon.identity.framework	org.wso2.carbon.identity.notification.mgt.category.feature	5.6.79		N/A
org.wso2.carbon.identity.framework	org.wso2.carbon.identity.notification.mgt.category.feature	5.6.8		N/A
org.wso2.carbon.identity.framework	org.wso2.carbon.identity.notification.mgt.category.feature	5.6.81		N/A
org.wso2.carbon.identity.framework	org.wso2.carbon.identity.notification.mgt.category.feature	5.6.82		N/A
org.wso2.carbon.identity.framework	org.wso2.carbon.identity.notification.mgt.category.feature	5.6.83		N/A
org.wso2.carbon.identity.framework	org.wso2.carbon.identity.notification.mgt.category.feature	5.6.84		N/A
org.wso2.carbon.identity.framework	org.wso2.carbon.identity.notification.mgt.category.feature	5.6.85		N/A
org.wso2.carbon.identity.framework	org.wso2.carbon.identity.notification.mgt.category.feature	5.6.86		N/A
org.wso2.carbon.identity.framework	org.wso2.carbon.identity.notification.mgt.category.feature	5.6.88		N/A
org.wso2.carbon.identity.framework	org.wso2.carbon.identity.notification.mgt.category.feature	5.6.89		N/A
org.wso2.carbon.identity.framework	org.wso2.carbon.identity.notification.mgt.category.feature	5.6.9		N/A
org.wso2.carbon.identity.framework	org.wso2.carbon.identity.notification.mgt.category.feature	5.6.90		N/A
org.wso2.carbon.identity.framework	org.wso2.carbon.identity.notification.mgt.category.feature	5.6.91		N/A
org.wso2.carbon.identity.framework	org.wso2.carbon.identity.notification.mgt.category.feature	5.6.92		N/A
org.wso2.carbon.identity.framework	org.wso2.carbon.identity.notification.mgt.category.feature	5.6.93		N/A
org.wso2.carbon.identity.framework	org.wso2.carbon.identity.notification.mgt.category.feature	5.6.94		N/A
org.wso2.carbon.identity.framework	org.wso2.carbon.identity.notification.mgt.category.feature	5.6.95		N/A
org.wso2.carbon.identity.framework	org.wso2.carbon.identity.notification.mgt.category.feature	5.6.96		N/A
org.wso2.carbon.identity.framework	org.wso2.carbon.identity.notification.mgt.category.feature	5.6.97		N/A
org.wso2.carbon.identity.framework	org.wso2.carbon.identity.notification.mgt.category.feature	5.6.98		N/A
org.wso2.carbon.identity.framework	org.wso2.carbon.identity.notification.mgt.category.feature	5.7.0		N/A
org.wso2.carbon.identity.framework	org.wso2.carbon.identity.notification.mgt.category.feature	5.7.1		N/A
org.wso2.carbon.identity.framework	org.wso2.carbon.identity.notification.mgt.category.feature	5.7.10		N/A
org.wso2.carbon.identity.framework	org.wso2.carbon.identity.notification.mgt.category.feature	5.7.11		N/A
org.wso2.carbon.identity.framework	org.wso2.carbon.identity.notification.mgt.category.feature	5.7.12		N/A
org.wso2.carbon.identity.framework	org.wso2.carbon.identity.notification.mgt.category.feature	5.7.13		N/A
org.wso2.carbon.identity.framework	org.wso2.carbon.identity.notification.mgt.category.feature	5.7.14		N/A
org.wso2.carbon.identity.framework	org.wso2.carbon.identity.notification.mgt.category.feature	5.7.15		N/A
org.wso2.carbon.identity.framework	org.wso2.carbon.identity.notification.mgt.category.feature	5.7.16		N/A
org.wso2.carbon.identity.framework	org.wso2.carbon.identity.notification.mgt.category.feature	5.7.17		N/A
org.wso2.carbon.identity.framework	org.wso2.carbon.identity.notification.mgt.category.feature	5.7.18		N/A
org.wso2.carbon.identity.framework	org.wso2.carbon.identity.notification.mgt.category.feature	5.7.19		N/A
org.wso2.carbon.identity.framework	org.wso2.carbon.identity.notification.mgt.category.feature	5.7.2		N/A
org.wso2.carbon.identity.framework	org.wso2.carbon.identity.notification.mgt.category.feature	5.7.20		N/A
org.wso2.carbon.identity.framework	org.wso2.carbon.identity.notification.mgt.category.feature	5.7.21		N/A
org.wso2.carbon.identity.framework	org.wso2.carbon.identity.notification.mgt.category.feature	5.7.22		N/A
org.wso2.carbon.identity.framework	org.wso2.carbon.identity.notification.mgt.category.feature	5.7.23		N/A
org.wso2.carbon.identity.framework	org.wso2.carbon.identity.notification.mgt.category.feature	5.7.24		N/A
org.wso2.carbon.identity.framework	org.wso2.carbon.identity.notification.mgt.category.feature	5.7.25		N/A
org.wso2.carbon.identity.framework	org.wso2.carbon.identity.notification.mgt.category.feature	5.7.26		N/A
org.wso2.carbon.identity.framework	org.wso2.carbon.identity.notification.mgt.category.feature	5.7.27		N/A
org.wso2.carbon.identity.framework	org.wso2.carbon.identity.notification.mgt.category.feature	5.7.28		N/A
org.wso2.carbon.identity.framework	org.wso2.carbon.identity.notification.mgt.category.feature	5.7.29		N/A
org.wso2.carbon.identity.framework	org.wso2.carbon.identity.notification.mgt.category.feature	5.7.3		N/A
org.wso2.carbon.identity.framework	org.wso2.carbon.identity.notification.mgt.category.feature	5.7.4		N/A
org.wso2.carbon.identity.framework	org.wso2.carbon.identity.notification.mgt.category.feature	5.7.5		N/A
org.wso2.carbon.identity.framework	org.wso2.carbon.identity.notification.mgt.category.feature	5.7.6		N/A
org.wso2.carbon.identity.framework	org.wso2.carbon.identity.notification.mgt.category.feature	5.7.7		N/A
org.wso2.carbon.identity.framework	org.wso2.carbon.identity.notification.mgt.category.feature	5.7.8		N/A
org.wso2.carbon.identity.framework	org.wso2.carbon.identity.notification.mgt.category.feature	5.7.9		N/A
org.wso2.carbon.identity.framework	org.wso2.carbon.identity.notification.mgt.category.feature	5.8.0		N/A
org.wso2.carbon.identity.framework	org.wso2.carbon.identity.notification.mgt.category.feature	5.8.1		N/A
org.wso2.carbon.identity.framework	org.wso2.carbon.identity.notification.mgt.category.feature	5.8.10		N/A
org.wso2.carbon.identity.framework	org.wso2.carbon.identity.notification.mgt.category.feature	5.8.100		N/A
org.wso2.carbon.identity.framework	org.wso2.carbon.identity.notification.mgt.category.feature	5.8.101		N/A
org.wso2.carbon.identity.framework	org.wso2.carbon.identity.notification.mgt.category.feature	5.8.102		N/A
org.wso2.carbon.identity.framework	org.wso2.carbon.identity.notification.mgt.category.feature	5.8.103		N/A
org.wso2.carbon.identity.framework	org.wso2.carbon.identity.notification.mgt.category.feature	5.8.104		N/A
org.wso2.carbon.identity.framework	org.wso2.carbon.identity.notification.mgt.category.feature	5.8.105		N/A
org.wso2.carbon.identity.framework	org.wso2.carbon.identity.notification.mgt.category.feature	5.8.106		N/A
org.wso2.carbon.identity.framework	org.wso2.carbon.identity.notification.mgt.category.feature	5.8.107		N/A
org.wso2.carbon.identity.framework	org.wso2.carbon.identity.notification.mgt.category.feature	5.8.108		N/A
org.wso2.carbon.identity.framework	org.wso2.carbon.identity.notification.mgt.category.feature	5.8.109		N/A
org.wso2.carbon.identity.framework	org.wso2.carbon.identity.notification.mgt.category.feature	5.8.11		N/A
org.wso2.carbon.identity.framework	org.wso2.carbon.identity.notification.mgt.category.feature	5.8.110		N/A
org.wso2.carbon.identity.framework	org.wso2.carbon.identity.notification.mgt.category.feature	5.8.111		N/A
org.wso2.carbon.identity.framework	org.wso2.carbon.identity.notification.mgt.category.feature	5.8.112		N/A
org.wso2.carbon.identity.framework	org.wso2.carbon.identity.notification.mgt.category.feature	5.8.113		N/A
org.wso2.carbon.identity.framework	org.wso2.carbon.identity.notification.mgt.category.feature	5.8.114		N/A
org.wso2.carbon.identity.framework	org.wso2.carbon.identity.notification.mgt.category.feature	5.8.115		N/A
org.wso2.carbon.identity.framework	org.wso2.carbon.identity.notification.mgt.category.feature	5.8.116		N/A
org.wso2.carbon.identity.framework	org.wso2.carbon.identity.notification.mgt.category.feature	5.8.117		N/A
org.wso2.carbon.identity.framework	org.wso2.carbon.identity.notification.mgt.category.feature	5.8.118		N/A
org.wso2.carbon.identity.framework	org.wso2.carbon.identity.notification.mgt.category.feature	5.8.119		N/A
org.wso2.carbon.identity.framework	org.wso2.carbon.identity.notification.mgt.category.feature	5.8.12		N/A
org.wso2.carbon.identity.framework	org.wso2.carbon.identity.notification.mgt.category.feature	5.8.120		N/A
org.wso2.carbon.identity.framework	org.wso2.carbon.identity.notification.mgt.category.feature	5.8.121		N/A
org.wso2.carbon.identity.framework	org.wso2.carbon.identity.notification.mgt.category.feature	5.8.122		N/A
org.wso2.carbon.identity.framework	org.wso2.carbon.identity.notification.mgt.category.feature	5.8.123		N/A
org.wso2.carbon.identity.framework	org.wso2.carbon.identity.notification.mgt.category.feature	5.8.124		N/A
org.wso2.carbon.identity.framework	org.wso2.carbon.identity.notification.mgt.category.feature	5.8.125		N/A
org.wso2.carbon.identity.framework	org.wso2.carbon.identity.notification.mgt.category.feature	5.8.126		N/A
org.wso2.carbon.identity.framework	org.wso2.carbon.identity.notification.mgt.category.feature	5.8.127		N/A
org.wso2.carbon.identity.framework	org.wso2.carbon.identity.notification.mgt.category.feature	5.8.128		N/A
org.wso2.carbon.identity.framework	org.wso2.carbon.identity.notification.mgt.category.feature	5.8.129		N/A
org.wso2.carbon.identity.framework	org.wso2.carbon.identity.notification.mgt.category.feature	5.8.13		N/A
org.wso2.carbon.identity.framework	org.wso2.carbon.identity.notification.mgt.category.feature	5.8.130		N/A
org.wso2.carbon.identity.framework	org.wso2.carbon.identity.notification.mgt.category.feature	5.8.131		N/A
org.wso2.carbon.identity.framework	org.wso2.carbon.identity.notification.mgt.category.feature	5.8.132		N/A
org.wso2.carbon.identity.framework	org.wso2.carbon.identity.notification.mgt.category.feature	5.8.133		N/A
org.wso2.carbon.identity.framework	org.wso2.carbon.identity.notification.mgt.category.feature	5.8.134		N/A
org.wso2.carbon.identity.framework	org.wso2.carbon.identity.notification.mgt.category.feature	5.8.135		N/A
org.wso2.carbon.identity.framework	org.wso2.carbon.identity.notification.mgt.category.feature	5.8.136		N/A
org.wso2.carbon.identity.framework	org.wso2.carbon.identity.notification.mgt.category.feature	5.8.137		N/A
org.wso2.carbon.identity.framework	org.wso2.carbon.identity.notification.mgt.category.feature	5.8.138		N/A
org.wso2.carbon.identity.framework	org.wso2.carbon.identity.notification.mgt.category.feature	5.8.139		N/A
org.wso2.carbon.identity.framework	org.wso2.carbon.identity.notification.mgt.category.feature	5.8.14		N/A
org.wso2.carbon.identity.framework	org.wso2.carbon.identity.notification.mgt.category.feature	5.8.140		N/A
org.wso2.carbon.identity.framework	org.wso2.carbon.identity.notification.mgt.category.feature	5.8.141		N/A
org.wso2.carbon.identity.framework	org.wso2.carbon.identity.notification.mgt.category.feature	5.8.142		N/A
org.wso2.carbon.identity.framework	org.wso2.carbon.identity.notification.mgt.category.feature	5.8.143		N/A
org.wso2.carbon.identity.framework	org.wso2.carbon.identity.notification.mgt.category.feature	5.8.144		N/A
org.wso2.carbon.identity.framework	org.wso2.carbon.identity.notification.mgt.category.feature	5.8.145		N/A
org.wso2.carbon.identity.framework	org.wso2.carbon.identity.notification.mgt.category.feature	5.8.146		N/A
org.wso2.carbon.identity.framework	org.wso2.carbon.identity.notification.mgt.category.feature	5.8.147		N/A
org.wso2.carbon.identity.framework	org.wso2.carbon.identity.notification.mgt.category.feature	5.8.148		N/A
org.wso2.carbon.identity.framework	org.wso2.carbon.identity.notification.mgt.category.feature	5.8.149		N/A
org.wso2.carbon.identity.framework	org.wso2.carbon.identity.notification.mgt.category.feature	5.8.15		N/A
org.wso2.carbon.identity.framework	org.wso2.carbon.identity.notification.mgt.category.feature	5.8.150		N/A
org.wso2.carbon.identity.framework	org.wso2.carbon.identity.notification.mgt.category.feature	5.8.151		N/A
org.wso2.carbon.identity.framework	org.wso2.carbon.identity.notification.mgt.category.feature	5.8.152		N/A
org.wso2.carbon.identity.framework	org.wso2.carbon.identity.notification.mgt.category.feature	5.8.153		N/A
org.wso2.carbon.identity.framework	org.wso2.carbon.identity.notification.mgt.category.feature	5.8.154		N/A
org.wso2.carbon.identity.framework	org.wso2.carbon.identity.notification.mgt.category.feature	5.8.155		N/A
org.wso2.carbon.identity.framework	org.wso2.carbon.identity.notification.mgt.category.feature	5.8.16		N/A
org.wso2.carbon.identity.framework	org.wso2.carbon.identity.notification.mgt.category.feature	5.8.17		N/A
org.wso2.carbon.identity.framework	org.wso2.carbon.identity.notification.mgt.category.feature	5.8.18		N/A
org.wso2.carbon.identity.framework	org.wso2.carbon.identity.notification.mgt.category.feature	5.8.19		N/A
org.wso2.carbon.identity.framework	org.wso2.carbon.identity.notification.mgt.category.feature	5.8.2		N/A
org.wso2.carbon.identity.framework	org.wso2.carbon.identity.notification.mgt.category.feature	5.8.20		N/A
org.wso2.carbon.identity.framework	org.wso2.carbon.identity.notification.mgt.category.feature	5.8.21		N/A
org.wso2.carbon.identity.framework	org.wso2.carbon.identity.notification.mgt.category.feature	5.8.22		N/A
org.wso2.carbon.identity.framework	org.wso2.carbon.identity.notification.mgt.category.feature	5.8.23		N/A
org.wso2.carbon.identity.framework	org.wso2.carbon.identity.notification.mgt.category.feature	5.8.24		N/A
org.wso2.carbon.identity.framework	org.wso2.carbon.identity.notification.mgt.category.feature	5.8.25		N/A
org.wso2.carbon.identity.framework	org.wso2.carbon.identity.notification.mgt.category.feature	5.8.26		N/A
org.wso2.carbon.identity.framework	org.wso2.carbon.identity.notification.mgt.category.feature	5.8.27		N/A
org.wso2.carbon.identity.framework	org.wso2.carbon.identity.notification.mgt.category.feature	5.8.28		N/A
org.wso2.carbon.identity.framework	org.wso2.carbon.identity.notification.mgt.category.feature	5.8.29		N/A
org.wso2.carbon.identity.framework	org.wso2.carbon.identity.notification.mgt.category.feature	5.8.3		N/A
org.wso2.carbon.identity.framework	org.wso2.carbon.identity.notification.mgt.category.feature	5.8.30		N/A
org.wso2.carbon.identity.framework	org.wso2.carbon.identity.notification.mgt.category.feature	5.8.31		N/A
org.wso2.carbon.identity.framework	org.wso2.carbon.identity.notification.mgt.category.feature	5.8.32		N/A
org.wso2.carbon.identity.framework	org.wso2.carbon.identity.notification.mgt.category.feature	5.8.33		N/A
org.wso2.carbon.identity.framework	org.wso2.carbon.identity.notification.mgt.category.feature	5.8.34		N/A
org.wso2.carbon.identity.framework	org.wso2.carbon.identity.notification.mgt.category.feature	5.8.35		N/A
org.wso2.carbon.identity.framework	org.wso2.carbon.identity.notification.mgt.category.feature	5.8.36		N/A
org.wso2.carbon.identity.framework	org.wso2.carbon.identity.notification.mgt.category.feature	5.8.37		N/A
org.wso2.carbon.identity.framework	org.wso2.carbon.identity.notification.mgt.category.feature	5.8.38		N/A
org.wso2.carbon.identity.framework	org.wso2.carbon.identity.notification.mgt.category.feature	5.8.39		N/A
org.wso2.carbon.identity.framework	org.wso2.carbon.identity.notification.mgt.category.feature	5.8.4		N/A
org.wso2.carbon.identity.framework	org.wso2.carbon.identity.notification.mgt.category.feature	5.8.40		N/A
org.wso2.carbon.identity.framework	org.wso2.carbon.identity.notification.mgt.category.feature	5.8.41		N/A
org.wso2.carbon.identity.framework	org.wso2.carbon.identity.notification.mgt.category.feature	5.8.42		N/A
org.wso2.carbon.identity.framework	org.wso2.carbon.identity.notification.mgt.category.feature	5.8.43		N/A
org.wso2.carbon.identity.framework	org.wso2.carbon.identity.notification.mgt.category.feature	5.8.44		N/A
org.wso2.carbon.identity.framework	org.wso2.carbon.identity.notification.mgt.category.feature	5.8.45		N/A
org.wso2.carbon.identity.framework	org.wso2.carbon.identity.notification.mgt.category.feature	5.8.46		N/A
org.wso2.carbon.identity.framework	org.wso2.carbon.identity.notification.mgt.category.feature	5.8.47		N/A
org.wso2.carbon.identity.framework	org.wso2.carbon.identity.notification.mgt.category.feature	5.8.48		N/A
org.wso2.carbon.identity.framework	org.wso2.carbon.identity.notification.mgt.category.feature	5.8.49		N/A
org.wso2.carbon.identity.framework	org.wso2.carbon.identity.notification.mgt.category.feature	5.8.5		N/A
org.wso2.carbon.identity.framework	org.wso2.carbon.identity.notification.mgt.category.feature	5.8.50		N/A
org.wso2.carbon.identity.framework	org.wso2.carbon.identity.notification.mgt.category.feature	5.8.51		N/A
org.wso2.carbon.identity.framework	org.wso2.carbon.identity.notification.mgt.category.feature	5.8.52		N/A
org.wso2.carbon.identity.framework	org.wso2.carbon.identity.notification.mgt.category.feature	5.8.53		N/A
org.wso2.carbon.identity.framework	org.wso2.carbon.identity.notification.mgt.category.feature	5.8.54		N/A
org.wso2.carbon.identity.framework	org.wso2.carbon.identity.notification.mgt.category.feature	5.8.55		N/A
org.wso2.carbon.identity.framework	org.wso2.carbon.identity.notification.mgt.category.feature	5.8.56		N/A
org.wso2.carbon.identity.framework	org.wso2.carbon.identity.notification.mgt.category.feature	5.8.57		N/A
org.wso2.carbon.identity.framework	org.wso2.carbon.identity.notification.mgt.category.feature	5.8.58		N/A
org.wso2.carbon.identity.framework	org.wso2.carbon.identity.notification.mgt.category.feature	5.8.59		N/A
org.wso2.carbon.identity.framework	org.wso2.carbon.identity.notification.mgt.category.feature	5.8.6		N/A
org.wso2.carbon.identity.framework	org.wso2.carbon.identity.notification.mgt.category.feature	5.8.60		N/A
org.wso2.carbon.identity.framework	org.wso2.carbon.identity.notification.mgt.category.feature	5.8.61		N/A
org.wso2.carbon.identity.framework	org.wso2.carbon.identity.notification.mgt.category.feature	5.8.62		N/A
org.wso2.carbon.identity.framework	org.wso2.carbon.identity.notification.mgt.category.feature	5.8.63		N/A
org.wso2.carbon.identity.framework	org.wso2.carbon.identity.notification.mgt.category.feature	5.8.64		N/A
org.wso2.carbon.identity.framework	org.wso2.carbon.identity.notification.mgt.category.feature	5.8.65		N/A
org.wso2.carbon.identity.framework	org.wso2.carbon.identity.notification.mgt.category.feature	5.8.66		N/A
org.wso2.carbon.identity.framework	org.wso2.carbon.identity.notification.mgt.category.feature	5.8.67		N/A
org.wso2.carbon.identity.framework	org.wso2.carbon.identity.notification.mgt.category.feature	5.8.68		N/A
org.wso2.carbon.identity.framework	org.wso2.carbon.identity.notification.mgt.category.feature	5.8.69		N/A
org.wso2.carbon.identity.framework	org.wso2.carbon.identity.notification.mgt.category.feature	5.8.7		N/A
org.wso2.carbon.identity.framework	org.wso2.carbon.identity.notification.mgt.category.feature	5.8.70		N/A
org.wso2.carbon.identity.framework	org.wso2.carbon.identity.notification.mgt.category.feature	5.8.71		N/A
org.wso2.carbon.identity.framework	org.wso2.carbon.identity.notification.mgt.category.feature	5.8.72		N/A
org.wso2.carbon.identity.framework	org.wso2.carbon.identity.notification.mgt.category.feature	5.8.73		N/A
org.wso2.carbon.identity.framework	org.wso2.carbon.identity.notification.mgt.category.feature	5.8.74		N/A
org.wso2.carbon.identity.framework	org.wso2.carbon.identity.notification.mgt.category.feature	5.8.75		N/A
org.wso2.carbon.identity.framework	org.wso2.carbon.identity.notification.mgt.category.feature	5.8.76		N/A
org.wso2.carbon.identity.framework	org.wso2.carbon.identity.notification.mgt.category.feature	5.8.77		N/A
org.wso2.carbon.identity.framework	org.wso2.carbon.identity.notification.mgt.category.feature	5.8.78		N/A
org.wso2.carbon.identity.framework	org.wso2.carbon.identity.notification.mgt.category.feature	5.8.79		N/A
org.wso2.carbon.identity.framework	org.wso2.carbon.identity.notification.mgt.category.feature	5.8.8		N/A
org.wso2.carbon.identity.framework	org.wso2.carbon.identity.notification.mgt.category.feature	5.8.80		N/A
org.wso2.carbon.identity.framework	org.wso2.carbon.identity.notification.mgt.category.feature	5.8.81		N/A
org.wso2.carbon.identity.framework	org.wso2.carbon.identity.notification.mgt.category.feature	5.8.82		N/A
org.wso2.carbon.identity.framework	org.wso2.carbon.identity.notification.mgt.category.feature	5.8.83		N/A
org.wso2.carbon.identity.framework	org.wso2.carbon.identity.notification.mgt.category.feature	5.8.84		N/A
org.wso2.carbon.identity.framework	org.wso2.carbon.identity.notification.mgt.category.feature	5.8.85		N/A
org.wso2.carbon.identity.framework	org.wso2.carbon.identity.notification.mgt.category.feature	5.8.86		N/A
org.wso2.carbon.identity.framework	org.wso2.carbon.identity.notification.mgt.category.feature	5.8.87		N/A
org.wso2.carbon.identity.framework	org.wso2.carbon.identity.notification.mgt.category.feature	5.8.88		N/A
org.wso2.carbon.identity.framework	org.wso2.carbon.identity.notification.mgt.category.feature	5.8.89		N/A
org.wso2.carbon.identity.framework	org.wso2.carbon.identity.notification.mgt.category.feature	5.8.9		N/A
org.wso2.carbon.identity.framework	org.wso2.carbon.identity.notification.mgt.category.feature	5.8.90		N/A
org.wso2.carbon.identity.framework	org.wso2.carbon.identity.notification.mgt.category.feature	5.8.91		N/A
org.wso2.carbon.identity.framework	org.wso2.carbon.identity.notification.mgt.category.feature	5.8.92		N/A
org.wso2.carbon.identity.framework	org.wso2.carbon.identity.notification.mgt.category.feature	5.8.93		N/A
org.wso2.carbon.identity.framework	org.wso2.carbon.identity.notification.mgt.category.feature	5.8.94		N/A
org.wso2.carbon.identity.framework	org.wso2.carbon.identity.notification.mgt.category.feature	5.8.95		N/A
org.wso2.carbon.identity.framework	org.wso2.carbon.identity.notification.mgt.category.feature	5.8.96		N/A
org.wso2.carbon.identity.framework	org.wso2.carbon.identity.notification.mgt.category.feature	5.8.97		N/A
org.wso2.carbon.identity.framework	org.wso2.carbon.identity.notification.mgt.category.feature	5.8.98		N/A
org.wso2.carbon.identity.framework	org.wso2.carbon.identity.notification.mgt.category.feature	5.8.99		N/A
org.wso2.carbon.identity.framework	org.wso2.carbon.identity.notification.mgt.category.feature	5.9.0		N/A
org.wso2.carbon.identity.framework	org.wso2.carbon.identity.notification.mgt.category.feature	6.0.0		N/A
org.wso2.carbon.identity.framework	org.wso2.carbon.identity.notification.mgt.category.feature	6.0.1		N/A
org.wso2.carbon.identity.framework	org.wso2.carbon.identity.notification.mgt.category.feature	6.0.10		N/A
org.wso2.carbon.identity.framework	org.wso2.carbon.identity.notification.mgt.category.feature	6.0.11		N/A
org.wso2.carbon.identity.framework	org.wso2.carbon.identity.notification.mgt.category.feature	6.0.12		N/A
org.wso2.carbon.identity.framework	org.wso2.carbon.identity.notification.mgt.category.feature	6.0.13		N/A
org.wso2.carbon.identity.framework	org.wso2.carbon.identity.notification.mgt.category.feature	6.0.15		N/A
org.wso2.carbon.identity.framework	org.wso2.carbon.identity.notification.mgt.category.feature	6.0.2		N/A
org.wso2.carbon.identity.framework	org.wso2.carbon.identity.notification.mgt.category.feature	6.0.3		N/A
org.wso2.carbon.identity.framework	org.wso2.carbon.identity.notification.mgt.category.feature	6.0.4		N/A
org.wso2.carbon.identity.framework	org.wso2.carbon.identity.notification.mgt.category.feature	6.0.5		N/A
org.wso2.carbon.identity.framework	org.wso2.carbon.identity.notification.mgt.category.feature	6.0.6		N/A
org.wso2.carbon.identity.framework	org.wso2.carbon.identity.notification.mgt.category.feature	6.0.7		N/A
org.wso2.carbon.identity.framework	org.wso2.carbon.identity.notification.mgt.category.feature	6.0.8		N/A
org.wso2.carbon.identity.framework	org.wso2.carbon.identity.notification.mgt.category.feature	6.0.9		N/A
org.wso2.carbon.identity.framework	org.wso2.carbon.identity.notification.mgt.category.feature	7.0.105		N/A
org.wso2.carbon.identity.framework	org.wso2.carbon.identity.notification.mgt.category.feature	7.0.106		N/A
org.wso2.carbon.identity.framework	org.wso2.carbon.identity.notification.mgt.category.feature	7.0.107		N/A
org.wso2.carbon.identity.framework	org.wso2.carbon.identity.notification.mgt.category.feature	7.0.109		N/A
org.wso2.carbon.identity.framework	org.wso2.carbon.identity.notification.mgt.category.feature	7.0.110		N/A
org.wso2.carbon.identity.framework	org.wso2.carbon.identity.notification.mgt.category.feature	7.0.28		N/A
org.wso2.carbon.identity.framework	org.wso2.carbon.identity.notification.mgt.category.feature	7.0.29		N/A
org.wso2.carbon.identity.framework	org.wso2.carbon.identity.notification.mgt.category.feature	7.0.30		N/A
org.wso2.carbon.identity.framework	org.wso2.carbon.identity.notification.mgt.category.feature	7.0.31		N/A
org.wso2.carbon.identity.framework	org.wso2.carbon.identity.notification.mgt.category.feature	7.0.32		N/A
org.wso2.carbon.identity.framework	org.wso2.carbon.identity.notification.mgt.category.feature	7.0.33		N/A
org.wso2.carbon.identity.framework	org.wso2.carbon.identity.notification.mgt.category.feature	7.0.34		N/A
org.wso2.carbon.identity.framework	org.wso2.carbon.identity.notification.mgt.category.feature	7.0.35		N/A
org.wso2.carbon.identity.framework	org.wso2.carbon.identity.notification.mgt.category.feature	7.0.36		N/A
org.wso2.carbon.identity.framework	org.wso2.carbon.identity.notification.mgt.category.feature	7.0.37		N/A
org.wso2.carbon.identity.framework	org.wso2.carbon.identity.notification.mgt.category.feature	7.0.38		N/A
org.wso2.carbon.identity.framework	org.wso2.carbon.identity.notification.mgt.category.feature	7.0.39		N/A
org.wso2.carbon.identity.framework	org.wso2.carbon.identity.notification.mgt.category.feature	7.0.40		N/A
org.wso2.carbon.identity.framework	org.wso2.carbon.identity.notification.mgt.category.feature	7.0.41		N/A
org.wso2.carbon.identity.framework	org.wso2.carbon.identity.notification.mgt.category.feature	7.0.42		N/A
org.wso2.carbon.identity.framework	org.wso2.carbon.identity.notification.mgt.category.feature	7.0.43		N/A
org.wso2.carbon.identity.framework	org.wso2.carbon.identity.notification.mgt.category.feature	7.0.44		N/A
org.wso2.carbon.identity.framework	org.wso2.carbon.identity.notification.mgt.category.feature	7.0.45		N/A
org.wso2.carbon.identity.framework	org.wso2.carbon.identity.notification.mgt.category.feature	7.0.46		N/A
org.wso2.carbon.identity.framework	org.wso2.carbon.identity.notification.mgt.category.feature	7.0.80		N/A
org.wso2.carbon.identity.framework	org.wso2.carbon.identity.notification.mgt.category.feature	7.0.81		N/A
org.wso2.carbon.identity.framework	org.wso2.carbon.identity.notification.mgt.category.feature	7.0.82		N/A
org.wso2.carbon.identity.framework	org.wso2.carbon.identity.notification.mgt.category.feature	7.0.83		N/A
org.wso2.carbon.identity.framework	org.wso2.carbon.identity.notification.mgt.category.feature	7.1.10		N/A
org.wso2.carbon.identity.framework	org.wso2.carbon.identity.notification.mgt.category.feature	7.1.11		N/A
org.wso2.carbon.identity.framework	org.wso2.carbon.identity.notification.mgt.category.feature	7.1.12		N/A
org.wso2.carbon.identity.framework	org.wso2.carbon.identity.notification.mgt.category.feature	7.1.13		N/A
org.wso2.carbon.identity.framework	org.wso2.carbon.identity.notification.mgt.category.feature	7.1.14		N/A
org.wso2.carbon.identity.framework	org.wso2.carbon.identity.notification.mgt.category.feature	7.1.15		N/A
org.wso2.carbon.identity.framework	org.wso2.carbon.identity.notification.mgt.category.feature	7.1.16		N/A
org.wso2.carbon.identity.framework	org.wso2.carbon.identity.notification.mgt.category.feature	7.1.17		N/A
org.wso2.carbon.identity.framework	org.wso2.carbon.identity.notification.mgt.category.feature	7.1.18		N/A
org.wso2.carbon.identity.framework	org.wso2.carbon.identity.notification.mgt.category.feature	7.1.19		N/A
org.wso2.carbon.identity.framework	org.wso2.carbon.identity.notification.mgt.category.feature	7.1.20		N/A
org.wso2.carbon.identity.framework	org.wso2.carbon.identity.notification.mgt.category.feature	7.1.21		N/A
org.wso2.carbon.identity.framework	org.wso2.carbon.identity.notification.mgt.category.feature	7.1.22		N/A
org.wso2.carbon.identity.framework	org.wso2.carbon.identity.notification.mgt.category.feature	7.1.23		N/A
org.wso2.carbon.identity.framework	org.wso2.carbon.identity.notification.mgt.category.feature	7.1.24		N/A
org.wso2.carbon.identity.framework	org.wso2.carbon.identity.notification.mgt.category.feature	7.1.25		N/A
org.wso2.carbon.identity.framework	org.wso2.carbon.identity.notification.mgt.category.feature	7.1.26		N/A
org.wso2.carbon.identity.framework	org.wso2.carbon.identity.notification.mgt.category.feature	7.1.27		N/A
org.wso2.carbon.identity.framework	org.wso2.carbon.identity.notification.mgt.category.feature	7.1.28		N/A
org.wso2.carbon.identity.framework	org.wso2.carbon.identity.notification.mgt.category.feature	7.1.29		N/A
org.wso2.carbon.identity.framework	org.wso2.carbon.identity.notification.mgt.category.feature	7.1.30		N/A
org.wso2.carbon.identity.framework	org.wso2.carbon.identity.notification.mgt.category.feature	7.1.31		N/A
org.wso2.carbon.identity.framework	org.wso2.carbon.identity.notification.mgt.category.feature	7.1.32		N/A
org.wso2.carbon.identity.framework	org.wso2.carbon.identity.notification.mgt.category.feature	7.1.33		N/A
org.wso2.carbon.identity.framework	org.wso2.carbon.identity.notification.mgt.category.feature	7.1.34		N/A
org.wso2.carbon.identity.framework	org.wso2.carbon.identity.notification.mgt.category.feature	7.1.35		N/A
org.wso2.carbon.identity.framework	org.wso2.carbon.identity.notification.mgt.category.feature	7.1.36		N/A
org.wso2.carbon.identity.framework	org.wso2.carbon.identity.notification.mgt.category.feature	7.1.37		N/A
org.wso2.carbon.identity.framework	org.wso2.carbon.identity.notification.mgt.category.feature	7.1.38		N/A
org.wso2.carbon.identity.framework	org.wso2.carbon.identity.notification.mgt.category.feature	7.1.39		N/A
org.wso2.carbon.identity.framework	org.wso2.carbon.identity.notification.mgt.category.feature	7.1.40		N/A
org.wso2.carbon.identity.framework	org.wso2.carbon.identity.notification.mgt.category.feature	7.1.41		N/A
org.wso2.carbon.identity.framework	org.wso2.carbon.identity.notification.mgt.category.feature	7.1.42		N/A
org.wso2.carbon.identity.framework	org.wso2.carbon.identity.notification.mgt.category.feature	7.1.43		N/A
org.wso2.carbon.identity.framework	org.wso2.carbon.identity.notification.mgt.category.feature	7.1.44		N/A
org.wso2.carbon.identity.framework	org.wso2.carbon.identity.notification.mgt.category.feature	7.1.45		N/A
org.wso2.carbon.identity.framework	org.wso2.carbon.identity.notification.mgt.category.feature	7.1.46		N/A
org.wso2.carbon.identity.framework	org.wso2.carbon.identity.notification.mgt.category.feature	7.1.47		N/A
org.wso2.carbon.identity.framework	org.wso2.carbon.identity.notification.mgt.category.feature	7.1.48		N/A
org.wso2.carbon.identity.framework	org.wso2.carbon.identity.notification.mgt.category.feature	7.1.49		N/A
org.wso2.carbon.identity.framework	org.wso2.carbon.identity.notification.mgt.category.feature	7.1.50		N/A
org.wso2.carbon.identity.framework	org.wso2.carbon.identity.notification.mgt.category.feature	7.1.51		N/A
org.wso2.carbon.identity.framework	org.wso2.carbon.identity.notification.mgt.category.feature	7.1.54		N/A
org.wso2.carbon.identity.framework	org.wso2.carbon.identity.notification.mgt.category.feature	7.1.55		N/A
org.wso2.carbon.identity.framework	org.wso2.carbon.identity.notification.mgt.category.feature	7.1.56		N/A
org.wso2.carbon.identity.framework	org.wso2.carbon.identity.notification.mgt.category.feature	7.1.57		N/A
org.wso2.carbon.identity.framework	org.wso2.carbon.identity.notification.mgt.category.feature	7.1.7		N/A
org.wso2.carbon.identity.framework	org.wso2.carbon.identity.notification.mgt.category.feature	7.1.8		N/A
org.wso2.carbon.identity.framework	org.wso2.carbon.identity.notification.mgt.category.feature	7.1.9		N/A
org.wso2.carbon.identity.framework	org.wso2.carbon.identity.notification.mgt.category.feature	7.2.0		N/A
org.wso2.carbon.identity.framework	org.wso2.carbon.identity.notification.mgt.category.feature	7.2.1		N/A
org.wso2.carbon.identity.framework	org.wso2.carbon.identity.notification.mgt.category.feature	7.2.10		N/A
org.wso2.carbon.identity.framework	org.wso2.carbon.identity.notification.mgt.category.feature	7.2.11		N/A
org.wso2.carbon.identity.framework	org.wso2.carbon.identity.notification.mgt.category.feature	7.2.12		N/A
org.wso2.carbon.identity.framework	org.wso2.carbon.identity.notification.mgt.category.feature	7.2.13		N/A
org.wso2.carbon.identity.framework	org.wso2.carbon.identity.notification.mgt.category.feature	7.2.14		N/A
org.wso2.carbon.identity.framework	org.wso2.carbon.identity.notification.mgt.category.feature	7.2.15		N/A
org.wso2.carbon.identity.framework	org.wso2.carbon.identity.notification.mgt.category.feature	7.2.16		N/A
org.wso2.carbon.identity.framework	org.wso2.carbon.identity.notification.mgt.category.feature	7.2.17		N/A
org.wso2.carbon.identity.framework	org.wso2.carbon.identity.notification.mgt.category.feature	7.2.18		N/A
org.wso2.carbon.identity.framework	org.wso2.carbon.identity.notification.mgt.category.feature	7.2.19		N/A
org.wso2.carbon.identity.framework	org.wso2.carbon.identity.notification.mgt.category.feature	7.2.2		N/A
org.wso2.carbon.identity.framework	org.wso2.carbon.identity.notification.mgt.category.feature	7.2.20		N/A
org.wso2.carbon.identity.framework	org.wso2.carbon.identity.notification.mgt.category.feature	7.2.21		N/A
org.wso2.carbon.identity.framework	org.wso2.carbon.identity.notification.mgt.category.feature	7.2.22		N/A
org.wso2.carbon.identity.framework	org.wso2.carbon.identity.notification.mgt.category.feature	7.2.23		N/A
org.wso2.carbon.identity.framework	org.wso2.carbon.identity.notification.mgt.category.feature	7.2.24		N/A
org.wso2.carbon.identity.framework	org.wso2.carbon.identity.notification.mgt.category.feature	7.2.3		N/A
org.wso2.carbon.identity.framework	org.wso2.carbon.identity.notification.mgt.category.feature	7.2.4		N/A
org.wso2.carbon.identity.framework	org.wso2.carbon.identity.notification.mgt.category.feature	7.2.42		N/A
org.wso2.carbon.identity.framework	org.wso2.carbon.identity.notification.mgt.category.feature	7.2.43		N/A
org.wso2.carbon.identity.framework	org.wso2.carbon.identity.notification.mgt.category.feature	7.2.44		N/A
org.wso2.carbon.identity.framework	org.wso2.carbon.identity.notification.mgt.category.feature	7.2.45		N/A
org.wso2.carbon.identity.framework	org.wso2.carbon.identity.notification.mgt.category.feature	7.2.5		N/A
org.wso2.carbon.identity.framework	org.wso2.carbon.identity.notification.mgt.category.feature	7.2.6		N/A
org.wso2.carbon.identity.framework	org.wso2.carbon.identity.notification.mgt.category.feature	7.2.7		N/A
org.wso2.carbon.identity.framework	org.wso2.carbon.identity.notification.mgt.category.feature	7.2.8		N/A
org.wso2.carbon.identity.framework	org.wso2.carbon.identity.notification.mgt.category.feature	7.2.9		N/A
org.wso2.carbon.identity.framework	org.wso2.carbon.identity.notification.mgt.category.feature	7.3.1		N/A
org.wso2.carbon.identity.framework	org.wso2.carbon.identity.notification.mgt.category.feature	7.3.2		N/A
org.wso2.carbon.identity.framework	org.wso2.carbon.identity.notification.mgt.category.feature	7.3.3		N/A
org.wso2.carbon.identity.framework	org.wso2.carbon.identity.notification.mgt.category.feature	7.3.34		N/A
org.wso2.carbon.identity.framework	org.wso2.carbon.identity.notification.mgt.category.feature	7.3.35		N/A
org.wso2.carbon.identity.framework	org.wso2.carbon.identity.notification.mgt.category.feature	7.3.4		N/A
org.wso2.carbon.identity.framework	org.wso2.carbon.identity.notification.mgt.category.feature	7.3.5		N/A
org.wso2.carbon.identity.framework	org.wso2.carbon.identity.notification.mgt.category.feature	7.3.6		N/A
org.wso2.carbon.identity.framework	org.wso2.carbon.identity.notification.mgt.category.feature	7.4.13		N/A
org.wso2.carbon.identity.framework	org.wso2.carbon.identity.notification.mgt.category.feature	7.4.14		N/A
org.wso2.carbon.identity.framework	org.wso2.carbon.identity.notification.mgt.category.feature	7.4.15		N/A
org.wso2.carbon.identity.framework	org.wso2.carbon.identity.notification.mgt.category.feature	7.4.16		N/A
org.wso2.carbon.identity.framework	org.wso2.carbon.identity.notification.mgt.category.feature	7.5.0		N/A
org.wso2.carbon.identity.framework	org.wso2.carbon.identity.notification.mgt.category.feature	7.5.1		N/A
org.wso2.carbon.identity.framework	org.wso2.carbon.identity.notification.mgt.category.feature	7.5.10		N/A
org.wso2.carbon.identity.framework	org.wso2.carbon.identity.notification.mgt.category.feature	7.5.11		N/A
org.wso2.carbon.identity.framework	org.wso2.carbon.identity.notification.mgt.category.feature	7.5.12		N/A
org.wso2.carbon.identity.framework	org.wso2.carbon.identity.notification.mgt.category.feature	7.5.13		N/A
org.wso2.carbon.identity.framework	org.wso2.carbon.identity.notification.mgt.category.feature	7.5.14		N/A
org.wso2.carbon.identity.framework	org.wso2.carbon.identity.notification.mgt.category.feature	7.5.15		N/A
org.wso2.carbon.identity.framework	org.wso2.carbon.identity.notification.mgt.category.feature	7.5.16		N/A
org.wso2.carbon.identity.framework	org.wso2.carbon.identity.notification.mgt.category.feature	7.5.17		N/A
org.wso2.carbon.identity.framework	org.wso2.carbon.identity.notification.mgt.category.feature	7.5.18		N/A
org.wso2.carbon.identity.framework	org.wso2.carbon.identity.notification.mgt.category.feature	7.5.19		N/A
org.wso2.carbon.identity.framework	org.wso2.carbon.identity.notification.mgt.category.feature	7.5.2		N/A
org.wso2.carbon.identity.framework	org.wso2.carbon.identity.notification.mgt.category.feature	7.5.20		N/A
org.wso2.carbon.identity.framework	org.wso2.carbon.identity.notification.mgt.category.feature	7.5.21		N/A
org.wso2.carbon.identity.framework	org.wso2.carbon.identity.notification.mgt.category.feature	7.5.22		N/A
org.wso2.carbon.identity.framework	org.wso2.carbon.identity.notification.mgt.category.feature	7.5.23		N/A
org.wso2.carbon.identity.framework	org.wso2.carbon.identity.notification.mgt.category.feature	7.5.24		N/A
org.wso2.carbon.identity.framework	org.wso2.carbon.identity.notification.mgt.category.feature	7.5.25		N/A
org.wso2.carbon.identity.framework	org.wso2.carbon.identity.notification.mgt.category.feature	7.5.26		N/A
org.wso2.carbon.identity.framework	org.wso2.carbon.identity.notification.mgt.category.feature	7.5.27		N/A
org.wso2.carbon.identity.framework	org.wso2.carbon.identity.notification.mgt.category.feature	7.5.28		N/A
org.wso2.carbon.identity.framework	org.wso2.carbon.identity.notification.mgt.category.feature	7.5.29		N/A
org.wso2.carbon.identity.framework	org.wso2.carbon.identity.notification.mgt.category.feature	7.5.3		N/A
org.wso2.carbon.identity.framework	org.wso2.carbon.identity.notification.mgt.category.feature	7.5.30		N/A
org.wso2.carbon.identity.framework	org.wso2.carbon.identity.notification.mgt.category.feature	7.5.31		N/A
org.wso2.carbon.identity.framework	org.wso2.carbon.identity.notification.mgt.category.feature	7.5.32		N/A
org.wso2.carbon.identity.framework	org.wso2.carbon.identity.notification.mgt.category.feature	7.5.33		N/A
org.wso2.carbon.identity.framework	org.wso2.carbon.identity.notification.mgt.category.feature	7.5.34		N/A
org.wso2.carbon.identity.framework	org.wso2.carbon.identity.notification.mgt.category.feature	7.5.35		N/A
org.wso2.carbon.identity.framework	org.wso2.carbon.identity.notification.mgt.category.feature	7.5.36		N/A
org.wso2.carbon.identity.framework	org.wso2.carbon.identity.notification.mgt.category.feature	7.5.37		N/A
org.wso2.carbon.identity.framework	org.wso2.carbon.identity.notification.mgt.category.feature	7.5.38		N/A
org.wso2.carbon.identity.framework	org.wso2.carbon.identity.notification.mgt.category.feature	7.5.4		N/A
org.wso2.carbon.identity.framework	org.wso2.carbon.identity.notification.mgt.category.feature	7.5.5		N/A
org.wso2.carbon.identity.framework	org.wso2.carbon.identity.notification.mgt.category.feature	7.5.6		N/A
org.wso2.carbon.identity.framework	org.wso2.carbon.identity.notification.mgt.category.feature	7.5.7		N/A
org.wso2.carbon.identity.framework	org.wso2.carbon.identity.notification.mgt.category.feature	7.5.8		N/A
org.wso2.carbon.identity.framework	org.wso2.carbon.identity.notification.mgt.category.feature	7.5.9		N/A
org.wso2.carbon.identity.framework	org.wso2.carbon.identity.notification.mgt.category.feature	7.6.2		N/A
org.wso2.carbon.identity.framework	org.wso2.carbon.identity.notification.mgt.category.feature	7.6.3		N/A
org.wso2.carbon.identity.framework	org.wso2.carbon.identity.notification.mgt.category.feature	7.6.4		N/A
org.wso2.carbon.identity.framework	org.wso2.carbon.identity.notification.mgt.category.feature	7.6.5		N/A
org.wso2.carbon.identity.framework	org.wso2.carbon.identity.notification.mgt.category.feature	7.6.6		N/A
org.wso2.carbon.identity.framework	org.wso2.carbon.identity.notification.mgt.category.feature	7.6.7		N/A
org.wso2.carbon.identity.framework	org.wso2.carbon.identity.notification.mgt.category.feature	7.7.100		N/A
org.wso2.carbon.identity.framework	org.wso2.carbon.identity.notification.mgt.category.feature	7.7.101		N/A
org.wso2.carbon.identity.framework	org.wso2.carbon.identity.notification.mgt.category.feature	7.7.102		N/A
org.wso2.carbon.identity.framework	org.wso2.carbon.identity.notification.mgt.category.feature	7.7.103		N/A
org.wso2.carbon.identity.framework	org.wso2.carbon.identity.notification.mgt.category.feature	7.7.104		N/A
org.wso2.carbon.identity.framework	org.wso2.carbon.identity.notification.mgt.category.feature	7.7.105		N/A
org.wso2.carbon.identity.framework	org.wso2.carbon.identity.notification.mgt.category.feature	7.7.106		N/A
org.wso2.carbon.identity.framework	org.wso2.carbon.identity.notification.mgt.category.feature	7.7.257		N/A
org.wso2.carbon.identity.framework	org.wso2.carbon.identity.notification.mgt.category.feature	7.7.258		N/A
org.wso2.carbon.identity.framework	org.wso2.carbon.identity.notification.mgt.category.feature	7.7.259		N/A
org.wso2.carbon.identity.framework	org.wso2.carbon.identity.notification.mgt.category.feature	7.7.260		N/A
org.wso2.carbon.identity.framework	org.wso2.carbon.identity.notification.mgt.category.feature	7.7.261		N/A
org.wso2.carbon.identity.framework	org.wso2.carbon.identity.notification.mgt.category.feature	7.7.262		N/A
org.wso2.carbon.identity.framework	org.wso2.carbon.identity.notification.mgt.category.feature	7.7.263		N/A
org.wso2.carbon.identity.framework	org.wso2.carbon.identity.notification.mgt.category.feature	7.7.264		N/A
org.wso2.carbon.identity.framework	org.wso2.carbon.identity.notification.mgt.category.feature	7.7.265		N/A
org.wso2.carbon.identity.framework	org.wso2.carbon.identity.notification.mgt.category.feature	7.7.266		N/A
org.wso2.carbon.identity.framework	org.wso2.carbon.identity.notification.mgt.category.feature	7.7.267		N/A
org.wso2.carbon.identity.framework	org.wso2.carbon.identity.notification.mgt.category.feature	7.7.268		N/A
org.wso2.carbon.identity.framework	org.wso2.carbon.identity.notification.mgt.category.feature	7.7.269		N/A
org.wso2.carbon.identity.framework	org.wso2.carbon.identity.notification.mgt.category.feature	7.7.74		N/A
org.wso2.carbon.identity.framework	org.wso2.carbon.identity.notification.mgt.category.feature	7.7.75		N/A
org.wso2.carbon.identity.framework	org.wso2.carbon.identity.notification.mgt.category.feature	7.7.76		N/A
org.wso2.carbon.identity.framework	org.wso2.carbon.identity.notification.mgt.category.feature	7.7.77		N/A
org.wso2.carbon.identity.framework	org.wso2.carbon.identity.notification.mgt.category.feature	7.7.78		N/A
org.wso2.carbon.identity.framework	org.wso2.carbon.identity.notification.mgt.category.feature	7.7.79		N/A
org.wso2.carbon.identity.framework	org.wso2.carbon.identity.notification.mgt.category.feature	7.7.80		N/A
org.wso2.carbon.identity.framework	org.wso2.carbon.identity.notification.mgt.category.feature	7.7.81		N/A
org.wso2.carbon.identity.framework	org.wso2.carbon.identity.notification.mgt.category.feature	7.7.82		N/A
org.wso2.carbon.identity.framework	org.wso2.carbon.identity.notification.mgt.category.feature	7.7.83		N/A
org.wso2.carbon.identity.framework	org.wso2.carbon.identity.notification.mgt.category.feature	7.7.84		N/A
org.wso2.carbon.identity.framework	org.wso2.carbon.identity.notification.mgt.category.feature	7.7.85		N/A
org.wso2.carbon.identity.framework	org.wso2.carbon.identity.notification.mgt.category.feature	7.7.86		N/A
org.wso2.carbon.identity.framework	org.wso2.carbon.identity.notification.mgt.category.feature	7.7.87		N/A
org.wso2.carbon.identity.framework	org.wso2.carbon.identity.notification.mgt.category.feature	7.7.88		N/A
org.wso2.carbon.identity.framework	org.wso2.carbon.identity.notification.mgt.category.feature	7.7.89		N/A
org.wso2.carbon.identity.framework	org.wso2.carbon.identity.notification.mgt.category.feature	7.7.90		N/A
org.wso2.carbon.identity.framework	org.wso2.carbon.identity.notification.mgt.category.feature	7.7.91		N/A
org.wso2.carbon.identity.framework	org.wso2.carbon.identity.notification.mgt.category.feature	7.7.92		N/A
org.wso2.carbon.identity.framework	org.wso2.carbon.identity.notification.mgt.category.feature	7.7.93		N/A
org.wso2.carbon.identity.framework	org.wso2.carbon.identity.notification.mgt.category.feature	7.7.94		N/A
org.wso2.carbon.identity.framework	org.wso2.carbon.identity.notification.mgt.category.feature	7.7.95		N/A
org.wso2.carbon.identity.framework	org.wso2.carbon.identity.notification.mgt.category.feature	7.7.96		N/A
org.wso2.carbon.identity.framework	org.wso2.carbon.identity.notification.mgt.category.feature	7.7.97		N/A
org.wso2.carbon.identity.framework	org.wso2.carbon.identity.notification.mgt.category.feature	7.7.98		N/A
org.wso2.carbon.identity.framework	org.wso2.carbon.identity.notification.mgt.category.feature	7.7.99		N/A
org.wso2.carbon.identity.framework	org.wso2.carbon.identity.notification.mgt.category.feature	7.8.0		N/A
org.wso2.carbon.identity.framework	org.wso2.carbon.identity.notification.mgt.category.feature	7.8.1		N/A
org.wso2.carbon.identity.framework	org.wso2.carbon.identity.notification.mgt.category.feature	7.8.100		N/A
org.wso2.carbon.identity.framework	org.wso2.carbon.identity.notification.mgt.category.feature	7.8.101		N/A
org.wso2.carbon.identity.framework	org.wso2.carbon.identity.notification.mgt.category.feature	7.8.102		N/A
org.wso2.carbon.identity.framework	org.wso2.carbon.identity.notification.mgt.category.feature	7.8.103		N/A
org.wso2.carbon.identity.framework	org.wso2.carbon.identity.notification.mgt.category.feature	7.8.2		N/A
org.wso2.carbon.identity.framework	org.wso2.carbon.identity.notification.mgt.category.feature	7.8.3		N/A
org.wso2.carbon.identity.framework	org.wso2.carbon.identity.notification.mgt.category.feature	7.8.92		N/A
org.wso2.carbon.identity.framework	org.wso2.carbon.identity.notification.mgt.category.feature	7.8.93		N/A
org.wso2.carbon.identity.framework	org.wso2.carbon.identity.notification.mgt.category.feature	7.8.94		N/A
org.wso2.carbon.identity.framework	org.wso2.carbon.identity.notification.mgt.category.feature	7.8.95		N/A
org.wso2.carbon.identity.framework	org.wso2.carbon.identity.notification.mgt.category.feature	7.8.96		N/A
org.wso2.carbon.identity.framework	org.wso2.carbon.identity.notification.mgt.category.feature	7.8.97		N/A
org.wso2.carbon.identity.framework	org.wso2.carbon.identity.notification.mgt.category.feature	7.8.98		N/A
org.wso2.carbon.identity.framework	org.wso2.carbon.identity.notification.mgt.category.feature	7.8.99		N/A
pl.touk.nussknacker	nussknacker-queryable-state_2.11	0.0.10		d4cd3b212cd0f417ef0967476b82a86cbf321612
pl.touk.nussknacker	nussknacker-queryable-state_2.11	0.0.11		0282f90d6128332697aa16e80733d6c98f89a9a9
pl.touk.nussknacker	nussknacker-queryable-state_2.11	0.0.12		604c4bb858c0cd24594d0bc92f8bdd137b1174c9
pl.touk.nussknacker	nussknacker-queryable-state_2.11	0.0.4		6bc39c8cdb57194a9513e1f668d822bf0e712ab7
pl.touk.nussknacker	nussknacker-queryable-state_2.11	0.0.5		8c148f085f718e209d7199195cd9aafdae90b64d
pl.touk.nussknacker	nussknacker-queryable-state_2.11	0.0.6		35e25a21ebf97662b4fe69cf57dd133eb2c05b46
pl.touk.nussknacker	nussknacker-queryable-state_2.11	0.0.7		1495f4239bddd783fee77eab8a74a53a10896c47
pl.touk.nussknacker	nussknacker-queryable-state_2.11	0.0.8		f51fc6d783820687ddc87c6d4325d3100dbd3f25
pl.touk.nussknacker	nussknacker-queryable-state_2.11	0.0.9		de1882e0fc1860a916e8cbf6498d0f81775ca29c
pl.touk.nussknacker	nussknacker-queryable-state_2.11	0.1.0		5a3f41a5eba2c7bd1e77034dd4afaf1988d75417
pl.touk.nussknacker	nussknacker-queryable-state_2.11	0.1.1		f9f6d7afc00877a5963b41e3974058e78903a0da
pl.touk.nussknacker	nussknacker-queryable-state_2.11	0.1.2		d776f5160050f0343c57a904c3933987109e2d4e
pl.touk.nussknacker	nussknacker-queryable-state_2.11	0.2.0		27c667920a18c3c27548a6ba796303c6003a055e
pl.touk.nussknacker	nussknacker-queryable-state_2.11	0.2.1		07ef66519748bf68c2dff256bc99ad16b61b86ac
pl.touk.nussknacker	nussknacker-queryable-state_2.11	0.2.2		0322da02d511ba1ece98b43403797cd362b43a75
pl.touk.nussknacker	nussknacker-queryable-state_2.11	0.3.0		ffe52ed745fcc21a0b279b49220eb76ce8658ed9
pl.touk.nussknacker	nussknacker-queryable-state_2.11	0.4.0		840b6a8351d5816947aab8e83676f6326778d466
pl.touk.nussknacker	nussknacker-queryable-state_2.11	0.4.0-RC1		8b1446e2cc96468a008f642baa10ee7064ffd548
pl.touk.nussknacker	nussknacker-queryable-state_2.11	0.4.1		2a395dc21725e641cfb4b0da12dc8211fb76d7d3
pl.touk.nussknacker	nussknacker-queryable-state_2.11	0.4.2		f3f7825ca147276068593a2004b6174acf06d147
pl.touk.nussknacker	nussknacker-queryable-state_2.11	0.4.3		bf9c753d3ef8e8e7b25336a1c06a601eacc23046
se.vgregion.liferay-user-associations	liferay-user-associations-system	1.0		N/A
se.vgregion.liferay-user-associations	liferay-user-associations-system	1.1		N/A
se.vgregion.liferay-user-associations	liferay-user-associations-system	1.10		N/A
se.vgregion.liferay-user-associations	liferay-user-associations-system	1.2		N/A
se.vgregion.liferay-user-associations	liferay-user-associations-system	1.4		N/A
se.vgregion.liferay-user-associations	liferay-user-associations-system	1.5		N/A
se.vgregion.liferay-user-associations	liferay-user-associations-system	1.6		N/A
se.vgregion.liferay-user-associations	liferay-user-associations-system	1.7		N/A
se.vgregion.liferay-user-associations	liferay-user-associations-system	1.8		N/A
