ae.teletronics.ejabberd	ejabberd-external-auth-java	1.0.0	-	28e6f167f9021e8fd12354fcf6aecacb888e9522
ai.apptuit.metrics	metrics-apptuit-prometheus-client	0.9.6	-	abe83eca3d9f901995fd0983e096e38e5e17326b
ai.apptuit.metrics	metrics-apptuit-prometheus-client	0.9.7	-	9fb249b7d6649f9502a6065f724104bf91a21aeb
ai.apptuit.metrics	metrics-apptuit-prometheus-client	0.9.8	-	4389ae1e830b4b6f4333e578fe6da97019164dd5
ai.apptuit.metrics	metrics-apptuit-prometheus-client	0.9.9	-	cbcb0b13181ef27e5966900b07f23f1ccb3f7850
app.moviebase	tmdb-api-js	0.1.3	-	fe57ca946998430569b8c2410c4adb183837aaaf
app.moviebase	tmdb-api-js	0.2.0	-	01d4e2fae126b457eceb4cebf192ca20e0267c7d
app.moviebase	tmdb-api-js	0.3.0	-	1d3506dfa72ac20329f42f0d4492d0f56c746708
app.moviebase	tmdb-api-js	0.3.1	-	35e071e15084d75c5998f4ecb7617b02dc16f821
app.moviebase	tmdb-api-js	0.3.4	-	c71aa859b6d40a0639aa9b43b96a4265596efb9a
app.moviebase	tmdb-api-js	0.4.0	-	f7d84558bd2dd0a522dc50eb1bf33eb009d43ab6
app.moviebase	tmdb-api-js	0.4.2	-	785490171853e048164764e452d9a15f418e3935
app.moviebase	tmdb-api-js	0.4.3	-	2bfffb3532c07baf03f1854e9697531679cfaa31
app.moviebase	tmdb-api-js	0.4.5	-	ec47fa1a3aaaa9064b13743d0d74611ffae99edb
app.moviebase	tmdb-api-js	0.4.6	-	7955534bb7891d183e4e7fecddb66f47bafa7c87
app.moviebase	tmdb-api-js	0.4.7	-	03b503deccdfc9b384f50d35ce06c226b6a7b85f
app.moviebase	tmdb-api-js	0.4.8	-	d6485652128c334cf1c332f4366ca0fcc6aeef5e
app.moviebase	tmdb-api-js	0.5.0	-	c384452e6d09821c839db56c8baf42084847984e
app.moviebase	tmdb-api-js	0.5.1	-	2b0d7f39ec12ee774a471e4757984c83373569bb
app.moviebase	tmdb-api-js	0.5.4	-	1ac1b4c32243896ee52873fb41547f4ea87b86d2
app.moviebase	tmdb-api-js	0.6.0	-	6bdde44ef3fa2c8c83a2bea54aa40ae55ee0ca8e
app.moviebase	tmdb-api-js	0.6.1	-	233e2597418af6624874acd0efb67a9d8dd283f8
app.moviebase	tmdb-api-js	0.6.2	-	352d41440a4fad69ae97e320e3c704869186799b
app.moviebase	tmdb-api-js	0.6.3	-	214b08db4b6b8b60ad375faac196bcffbb565adb
app.moviebase	tmdb-api-js	0.6.4	-	75ec476e6ec98ea2f598bb4d8e7e6a12e064f88e
app.moviebase	tmdb-api-js	0.6.5	-	cc06096a7fff5b3856fa954ffd36140761b92e64
app.moviebase	tmdb-api-js	0.6.6	-	93a4d7a2e18623794cd200f0ffa3070d0b81e02f
app.moviebase	tmdb-api-js	0.6.7	-	90130018241b08bc472cf3b07f2812f451925f58
app.moviebase	tmdb-api-js	0.6.8	-	97d15bb96d386b3845643818d33001fcbe05b0ad
app.moviebase	tmdb-api-js	0.6.9	-	0a212a4b801651d4a4c543e209947f5935a7b7b2
app.moviebase	tmdb-api-js	0.7.0	-	8cedcf3c987128f0b33406802a3a9235117e63ad
app.moviebase	tmdb-api-js	0.7.1	-	a30887797c3c6d38c5f515373d1403a7fed8044d
app.moviebase	tmdb-api-js	0.7.2	-	3427299cfa59529957e5ea05d7714cbc3a16d113
app.moviebase	tmdb-api-js	0.7.3	-	8cedcf3c987128f0b33406802a3a9235117e63ad
app.softwork.kobol	plugin-keepnames	0.0.6	-	0e4d8933edbbdfcc2b8a493bb857eaaec29545e6
app.softwork.kobol	plugin-keepnames	0.0.7	-	0e4d8933edbbdfcc2b8a493bb857eaaec29545e6
app.softwork.kobol	plugin-keepnames	0.0.8	-	0e4d8933edbbdfcc2b8a493bb857eaaec29545e6
app.softwork.kobol	plugin-keepnames	0.0.9	-	0e4d8933edbbdfcc2b8a493bb857eaaec29545e6
app.softwork.kobol	plugin-keepnames	0.1.0	-	0e4d8933edbbdfcc2b8a493bb857eaaec29545e6
app.softwork.kobol	plugin-keepnames	0.1.1	-	0e4d8933edbbdfcc2b8a493bb857eaaec29545e6
app.softwork.kobol	plugin-keepnames	0.1.11	-	0e4d8933edbbdfcc2b8a493bb857eaaec29545e6
app.softwork.kobol	plugin-keepnames	0.1.12	-	0e4d8933edbbdfcc2b8a493bb857eaaec29545e6
app.softwork.kobol	plugin-keepnames	0.1.13	-	0e4d8933edbbdfcc2b8a493bb857eaaec29545e6
app.softwork.kobol	plugin-keepnames	0.1.14	-	0e4d8933edbbdfcc2b8a493bb857eaaec29545e6
app.softwork.kobol	plugin-keepnames	0.1.15	-	0e4d8933edbbdfcc2b8a493bb857eaaec29545e6
app.softwork.kobol	plugin-keepnames	0.1.16	-	0e4d8933edbbdfcc2b8a493bb857eaaec29545e6
app.softwork.kobol	plugin-keepnames	0.1.17	-	0e4d8933edbbdfcc2b8a493bb857eaaec29545e6
app.softwork.kobol	plugin-keepnames	0.1.18	-	0e4d8933edbbdfcc2b8a493bb857eaaec29545e6
app.softwork.kobol	plugin-keepnames	0.1.19	-	0e4d8933edbbdfcc2b8a493bb857eaaec29545e6
app.softwork.kobol	plugin-keepnames	0.1.20	-	0e4d8933edbbdfcc2b8a493bb857eaaec29545e6
app.softwork.kobol	plugin-keepnames	0.1.21	-	0e4d8933edbbdfcc2b8a493bb857eaaec29545e6
app.softwork.kobol	plugin-keepnames	0.1.22	-	0e4d8933edbbdfcc2b8a493bb857eaaec29545e6
app.softwork.kobol	plugin-keepnames	0.1.23	-	0e4d8933edbbdfcc2b8a493bb857eaaec29545e6
app.softwork.kobol	plugin-keepnames	0.1.24	-	db8d720d7fd8ebb15f95986785a1576f47bd2e4a
app.softwork.kobol	plugin-keepnames	0.1.25	-	8da0ddf11bd2612c81076e08aff5834691122e42
app.softwork.kobol	plugin-keepnames	0.1.26	-	8da0ddf11bd2612c81076e08aff5834691122e42
app.softwork.kobol	plugin-keepnames	0.1.5	-	0e4d8933edbbdfcc2b8a493bb857eaaec29545e6
app.softwork.kobol	plugin-keepnames	0.1.6	-	0e4d8933edbbdfcc2b8a493bb857eaaec29545e6
app.softwork.kobol	plugin-keepnames	0.1.7	-	0e4d8933edbbdfcc2b8a493bb857eaaec29545e6
app.softwork.kobol	plugin-keepnames	0.2.0	-	8da0ddf11bd2612c81076e08aff5834691122e42
app.softwork.kobol	plugin-keepnames	0.2.1	-	8da0ddf11bd2612c81076e08aff5834691122e42
app.softwork.kobol	plugin-keepnames	0.2.10	-	8da0ddf11bd2612c81076e08aff5834691122e42
app.softwork.kobol	plugin-keepnames	0.2.11	-	8da0ddf11bd2612c81076e08aff5834691122e42
app.softwork.kobol	plugin-keepnames	0.2.12	-	8da0ddf11bd2612c81076e08aff5834691122e42
app.softwork.kobol	plugin-keepnames	0.2.13	-	8da0ddf11bd2612c81076e08aff5834691122e42
app.softwork.kobol	plugin-keepnames	0.2.14	-	31ddd6ad7ca19b5683c1a4e9b9004e40b9116e5b
app.softwork.kobol	plugin-keepnames	0.2.15	-	31ddd6ad7ca19b5683c1a4e9b9004e40b9116e5b
app.softwork.kobol	plugin-keepnames	0.2.2	-	8da0ddf11bd2612c81076e08aff5834691122e42
app.softwork.kobol	plugin-keepnames	0.2.3	-	8da0ddf11bd2612c81076e08aff5834691122e42
app.softwork.kobol	plugin-keepnames	0.2.4	-	8da0ddf11bd2612c81076e08aff5834691122e42
app.softwork.kobol	plugin-keepnames	0.2.5	-	8da0ddf11bd2612c81076e08aff5834691122e42
app.softwork.kobol	plugin-keepnames	0.2.6	-	8da0ddf11bd2612c81076e08aff5834691122e42
app.softwork.kobol	plugin-keepnames	0.2.7	-	8da0ddf11bd2612c81076e08aff5834691122e42
app.softwork.kobol	plugin-keepnames	0.2.8	-	8da0ddf11bd2612c81076e08aff5834691122e42
app.softwork.kobol	plugin-keepnames	0.2.9	-	8da0ddf11bd2612c81076e08aff5834691122e42
at.asitplus.wallet	openid-data-classes	5.0.0	-	ef5df054e3b0d88d4849bad9125fb05afe3b4f8a
at.asitplus.wallet	openid-data-classes	5.0.1	-	2dce034ab2935175f8edacb9474a10d84c940a39
at.asitplus.wallet	openid-data-classes	5.1.0	-	c852e5ec759d695eb3c60b2f3df1578cc93fadf9
at.asitplus.wallet	openid-data-classes	5.2.0	-	115928819ef94dc2369c8fc0bedba8b006e30214
at.asitplus.wallet	openid-data-classes	5.2.1	-	115928819ef94dc2369c8fc0bedba8b006e30214
at.asitplus.wallet	openid-data-classes	5.2.2	-	b8289bb6e5c37beff9a6f2fb41352b8590d0a734
at.asitplus.wallet	openid-data-classes	5.2.3	-	b8289bb6e5c37beff9a6f2fb41352b8590d0a734
at.asitplus.wallet	openid-data-classes	5.3.0	-	7da7a266ec1c363fc56c9c197acd4ea841660460
at.asitplus.wallet	openid-data-classes	5.3.1	-	7da7a266ec1c363fc56c9c197acd4ea841660460
at.asitplus.wallet	openid-data-classes	5.3.2	-	7da7a266ec1c363fc56c9c197acd4ea841660460
at.asitplus.wallet	openid-data-classes	5.3.3	-	8bb51f29ebcc4f3aee0bb09c798429975785429b
at.asitplus.wallet	openid-data-classes	5.4.0	-	9bf07b1dbcb903b8b58a7095b6af239e67f4257b
at.asitplus.wallet	openid-data-classes	5.4.1	-	9d08f5fb241f4ca1e23a8de48e6a43432c122d69
at.asitplus.wallet	openid-data-classes	5.4.2	-	9d08f5fb241f4ca1e23a8de48e6a43432c122d69
at.asitplus.wallet	openid-data-classes	5.4.3	-	9d08f5fb241f4ca1e23a8de48e6a43432c122d69
at.asitplus.wallet	openid-data-classes	5.4.4	-	9d08f5fb241f4ca1e23a8de48e6a43432c122d69
at.asitplus.wallet	openid-data-classes	5.5.0	-	b820229ea978675d1914405807b3d08e67b85859
at.asitplus.wallet	openid-data-classes	5.5.1	-	f76662eff068b31fb4d8f776dc086447cf21edef
au.com.dius	pact-jvm-provider_2.10	1.1	-	2b7a7c6da48c35d4ae89affc9504ab1d04931945
au.com.dius	pact-jvm-provider_2.10	1.10	-	761157feb07f01cd7fd7bd7bb42a6fdceb643ebb
au.com.dius	pact-jvm-provider_2.10	1.11	-	2578414d156631e3486b1d12b2a93c39c55bcaaa
au.com.dius	pact-jvm-provider_2.10	1.12	-	067b1750295b93251f589d6d4c8c85fae4883653
au.com.dius	pact-jvm-provider_2.10	1.2	-	035bf73b7f95a92dc6e13bd86be805aa78c3b668
au.com.dius	pact-jvm-provider_2.10	1.3	-	a2dd1f68a55197ff51b0f33dd2aad9c28a8d4514
au.com.dius	pact-jvm-provider_2.10	1.4	-	09831b952de0fe25f60566c2a58f136a16b34824
au.com.dius	pact-jvm-provider_2.10	1.5	-	69421de3a6c72deadd0c49146791c0817c18adee
au.com.dius	pact-jvm-provider_2.10	1.6	-	ca43b64ecfb18241c82294b0fcf84d369b0e84ff
au.com.dius	pact-jvm-provider_2.10	1.7	-	196035fd8ea26842deb0ccd5a8333d8817246b0e
au.com.dius	pact-jvm-provider_2.10	1.8	-	d804768b1c5c338cac852ea96f00aad507bc545c
au.com.dius	pact-jvm-provider_2.10	1.9	-	6e37ad09074110b96569a9bb9648388d760d0ea4
au.com.dius	pact-jvm-provider_2.10	2.0-RC1	-	2942d8888b8adea9e81c7d98cfa2d61013ae6c1d
au.com.dius	pact-jvm-provider_2.10	2.0-RC3	-	b802e82fb13e2022cf29b87f4d0895ed7d028861
au.com.dius	pact-jvm-provider_2.10	2.0-RC4	-	5575b17f83527216f63b4d8d5cd50b49c534fba7
au.com.dius	pact-jvm-provider_2.10	2.0-RC5	-	75a2ec850fb33aaba95c3a618e76edf79205c955
au.com.dius	pact-jvm-provider_2.10	2.0.0	-	0681bf44872ac6eb94aa3ff972595aef314d12ab
au.com.dius	pact-jvm-provider_2.10	2.0.1	-	0c6caf9f9ccb57f09b860ab21fb8860398afc62c
au.com.dius	pact-jvm-provider_2.10	2.0.2	-	4c37d41275b495e19d0c9961b069790f4492ca1a
au.com.dius	pact-jvm-provider_2.10	2.0.3	-	218a7b120e9efb96a83089a498f5a32b0746be69
au.com.dius	pact-jvm-provider_2.10	2.0.4	-	7771bce5b56c585a4b4ceed2c737f54db8d9cceb
au.com.dius	pact-jvm-provider_2.10	2.0.5	-	fba2e4b13a78b7922d0c381634709621d5e7a3cd
au.com.dius	pact-jvm-provider_2.10	2.0.6	-	167249d6667ed5cda4aa5c43ca1d790905604d36
au.com.dius	pact-jvm-provider_2.10	2.0.7	-	d60533b296c5ed5e885f4ea7ac0cb50fb178c15c
au.com.dius	pact-jvm-provider_2.10	2.0.8	-	e2acdcdd8d5edba9c5c9b4b109daf1a64915b78e
au.com.dius	pact-jvm-provider_2.10	2.0.9	-	53fd83b20ee4a58ad5d1def11a227932f7b64f8f
au.com.dius	pact-jvm-provider_2.10	2.1.0	-	3e62362ecdd89636823eb50f26c41e0323a3dc7a
au.com.dius	pact-jvm-provider_2.10	2.1.1	-	fa7c5655641c864c545eed7d8236356ae9135766
au.com.dius	pact-jvm-provider_2.10	2.1.10	-	a540c00895692fe573456dc22a0ad11d40b3feca
au.com.dius	pact-jvm-provider_2.10	2.1.11	-	ed03d3433460bde23110babac4fd5c34bdbe2bbf
au.com.dius	pact-jvm-provider_2.10	2.1.12	-	946535e5b9f4330910b534063d9bbaa596a7105d
au.com.dius	pact-jvm-provider_2.10	2.1.13	-	c2a218eec775161bedeb01dcedd988c920c35fa9
au.com.dius	pact-jvm-provider_2.10	2.1.2	-	6f3df4617c5fcfad533cdbdb705aa20f7c1c571d
au.com.dius	pact-jvm-provider_2.10	2.1.3	-	5e6c3720faabfc6665c027f3409b15bc167b6789
au.com.dius	pact-jvm-provider_2.10	2.1.4	-	28affe03ab6c1703b8113290b08f8db5947eb0c7
au.com.dius	pact-jvm-provider_2.10	2.1.5	-	1ff6bfdcbf14a633ffe52a75bea916bd741131af
au.com.dius	pact-jvm-provider_2.10	2.1.6	-	064bf1bf723506e3cea4ebad080c24adbee398db
au.com.dius	pact-jvm-provider_2.10	2.1.7	-	bffeccd091bb7447b3f34c709c06cf96d413c955
au.com.dius	pact-jvm-provider_2.10	2.1.8	-	fc2747e93c8652a679b364d2d1e13a1398eb7213
au.com.dius	pact-jvm-provider_2.10	2.1.9	-	512c976f236206753def2d14ae8124313e76af4d
au.com.dius	pact-jvm-provider_2.10	2.2.0	-	4d48443ac47722e450df54ac9684843c5aafe200
au.com.dius	pact-jvm-provider_2.10	2.2.1	-	3dc67cdcf479baf4be437146bc3b4e921412c7a6
au.com.dius	pact-jvm-provider_2.10	2.2.10	-	f090c079a4477e9a8ec85c23d16024653c89df69
au.com.dius	pact-jvm-provider_2.10	2.2.11	-	64561d83cc0a88174956cd152b57df01b38d4f34
au.com.dius	pact-jvm-provider_2.10	2.2.12	-	9d3f4ea43f8b7e4da3afb07f3057aab7909594b0
au.com.dius	pact-jvm-provider_2.10	2.2.13	-	c7d0d422f8098129f559c0a0e37bab465ccb4658
au.com.dius	pact-jvm-provider_2.10	2.2.14	-	d54c73421f32ee331ecca60889b0605954ec510e
au.com.dius	pact-jvm-provider_2.10	2.2.15	-	756ac72bd399b69e13620b3e768c4ec1b91b944e
au.com.dius	pact-jvm-provider_2.10	2.2.2	-	3d017835842dea7aaaea871efe4f6948b3eb8070
au.com.dius	pact-jvm-provider_2.10	2.2.3	-	745dcfc86c6738914748cce08086ecff874d6dcc
au.com.dius	pact-jvm-provider_2.10	2.2.4	-	f2c7315c7d92ea3acde87bfb0b3bdf98c5b7aba6
au.com.dius	pact-jvm-provider_2.10	2.2.5	-	1b8ce5dc76db80ceda88e6904d8cbe97e793eb5c
au.com.dius	pact-jvm-provider_2.10	2.2.6	-	4101043d2668716aafa5722060586dd2fdfc940f
au.com.dius	pact-jvm-provider_2.10	2.2.7	-	17dfd6bcd545a387b2a66c7237db8ae7915f45ff
au.com.dius	pact-jvm-provider_2.10	2.2.8	-	b3d0d6834143dc7ba9373d2ece63c5b0a4589326
au.com.dius	pact-jvm-provider_2.10	2.2.9	-	531f731b261872818f099a6de1e0e8bf16d72ec1
au.com.dius	pact-jvm-provider_2.10	2.3.0	-	aa1d501217484ccb19d94d879c4f9496473853d9
au.com.dius	pact-jvm-provider_2.10	2.3.1	-	6b6c1609b4e7ab8de17d98f15cf9da91b3f95f05
au.com.dius	pact-jvm-provider_2.10	2.3.2	-	249ccc4450e57fbc71d54c278f80bab3b6ef558e
au.com.dius	pact-jvm-provider_2.10	2.3.3	-	f37e8406c7d51f006943bd749a0d9bed1ed23ab5
au.com.dius	pact-jvm-provider_2.10	2.4.0	-	22dd036f0b43b44b3873392ff2224580ee16c97a
au.com.dius	pact-jvm-provider_2.10	2.4.1	-	cd4223e83e53520d0e328d8f9ad6dc18a103defd
au.com.dius	pact-jvm-provider_2.10	2.4.10	-	1912bbbee19235e670c1e7787b930aef95a3d4c2
au.com.dius	pact-jvm-provider_2.10	2.4.11	-	819a86a73dfc7eeebc46d260beeded1eb625f805
au.com.dius	pact-jvm-provider_2.10	2.4.12	-	3d14efa76e4f4a1f2c23c8fe09f1efa0ed4a790b
au.com.dius	pact-jvm-provider_2.10	2.4.13	-	936b2abe3aaaaf1f7f31c52f8c6caa57dc2c1ad9
au.com.dius	pact-jvm-provider_2.10	2.4.14	-	23537d906b9f5415eaa38b30855390c5fadde283
au.com.dius	pact-jvm-provider_2.10	2.4.15	-	4e7e87e08e63e0d241e47bcd2edb14ca7e0867df
au.com.dius	pact-jvm-provider_2.10	2.4.16	-	3fe18144a4afcf5bf7d36fe0b6a9eb2b6ede1f74
au.com.dius	pact-jvm-provider_2.10	2.4.17	-	5a3269c716d1286b1dc4130b7f1f6cfe72287d99
au.com.dius	pact-jvm-provider_2.10	2.4.18	-	d9414847226caad8480835c3a24f32b8b06c29aa
au.com.dius	pact-jvm-provider_2.10	2.4.19	-	de36592b2dec5e60ec147bae786b599e06751d85
au.com.dius	pact-jvm-provider_2.10	2.4.2	-	b34b4b27fdff9c346bbb5d12c089ae82824effc5
au.com.dius	pact-jvm-provider_2.10	2.4.20	-	05d4601181b8e85e09fb3cbbb15c7e1ab1b43832
au.com.dius	pact-jvm-provider_2.10	2.4.3	-	e7652c1cb9b6e466b84bc190d2873df6bde34766
au.com.dius	pact-jvm-provider_2.10	2.4.4	-	56c15140deabe503399a72dd74490494fd7aa894
au.com.dius	pact-jvm-provider_2.10	2.4.5	-	194522baefe6a1c05c8e5b06faa54c9368efef7f
au.com.dius	pact-jvm-provider_2.10	2.4.6	-	54ab40ad7c4eb586688ca9e3b7b5f4623a67e62b
au.com.dius	pact-jvm-provider_2.10	2.4.7	-	3e4c09c6129d36f894ca82d90ba921c5291508d2
au.com.dius	pact-jvm-provider_2.10	2.4.8	-	fb8798b10cac44589c27332334ccab2313049c73
au.com.dius	pact-jvm-provider_2.10	2.4.9	-	e405998fa5be53b98ab801a8bf176f9e3d0355ac
aws.sdk.kotlin	servicecatalog	0.10.0-beta	-	e4b4c4a2b3b1a24a937ede337515d496c895c9f6
aws.sdk.kotlin	servicecatalog	0.10.1-beta	-	f9f2980b648701b96b22826e76f275346086feda
aws.sdk.kotlin	servicecatalog	0.11.0-beta	-	2e2a452cdc3c44d9067d82721a1f04240b4682ad
aws.sdk.kotlin	servicecatalog	0.12.0-beta	-	f74f21572458169f8a0ae78ed558b02786c09e94
aws.sdk.kotlin	servicecatalog	0.13.0-beta	-	d6bf70c867cbd3ab544f4ab8da223ef301532272
aws.sdk.kotlin	servicecatalog	0.13.1-beta	-	2211e35c55d5a878f1201ab7cd5225f1279c03c3
aws.sdk.kotlin	servicecatalog	0.14.0-beta	-	a91204b207a081b073572aa3582ecf071085d6b8
aws.sdk.kotlin	servicecatalog	0.14.1-beta	-	73697df6159aa8fd7555878e687ab87ab0126ece
aws.sdk.kotlin	servicecatalog	0.14.2-beta	-	4db4abffee53f6e65fb0068eb30f770992854294
aws.sdk.kotlin	servicecatalog	0.14.3-beta	-	674377198377cccb5ba24343dfbafed22231b76d
aws.sdk.kotlin	servicecatalog	0.14.4-beta	-	e2fbe07797e1aebf9cc5cfd29153e7b991a84c34
aws.sdk.kotlin	servicecatalog	0.15.0	-	cd80abd4d9617e87955e8d7c0da94aa3c3241202
aws.sdk.kotlin	servicecatalog	0.15.1-beta	-	dc321b40fa8d0bcfeac787c3b6a2c85ae10b7476
aws.sdk.kotlin	servicecatalog	0.15.2-beta	-	91d9d985c5d350e36a64ff656957ef206bd49850
aws.sdk.kotlin	servicecatalog	0.16.0	-	913268be49026c3bdaf779de08bae4ba09390184
aws.sdk.kotlin	servicecatalog	0.16.1-beta	-	742a9703a6d454d178d3db38ffcce9277cd14d1e
aws.sdk.kotlin	servicecatalog	0.16.2-beta	-	3aef8df20bba8b674dfd7c7f8174d4460941a38e
aws.sdk.kotlin	servicecatalog	0.16.3-beta	-	6c0a64e1412fb8a1204118b8f45e611fc958c5fb
aws.sdk.kotlin	servicecatalog	0.16.4-beta	-	b469ad1572b8c99f0c473327332ad2a061bc8527
aws.sdk.kotlin	servicecatalog	0.16.5-beta	-	45684c62885abec78f24fad8a44ce6a4fe8b9148
aws.sdk.kotlin	servicecatalog	0.16.6-beta	-	8f9ce5a22f52045c246f5c3a70e0902beae120d5
aws.sdk.kotlin	servicecatalog	0.16.7-beta	-	3ae7ffa411ab3317dc376b44827ebb88c32b653f
aws.sdk.kotlin	servicecatalog	0.17.0-beta	-	89c2bc83ba0e8317d33653bf525972561b4efec9
aws.sdk.kotlin	servicecatalog	0.17.1-beta	-	9b582ca30f21f730d18914ce869315cb571b0c9c
aws.sdk.kotlin	servicecatalog	0.17.10-beta	-	c8a33d2cd98798ffdd592c8fcaaf320d40b7ab3f
aws.sdk.kotlin	servicecatalog	0.17.10-beta	0.17.10-beta-all	23aa07c03d0f4270ad0f07935011fb094cc96ddf
aws.sdk.kotlin	servicecatalog	0.17.11-beta	-	a49077fc727bfa6ad3b858a9f3a2b399a658bd81
aws.sdk.kotlin	servicecatalog	0.17.11-beta	0.17.11-beta-all	feed11594c972a04c837b0de12111259d7784f19
aws.sdk.kotlin	servicecatalog	0.17.12-beta	-	614f1731a75cdfb0713629e3bb288d7843c70aaa
aws.sdk.kotlin	servicecatalog	0.17.12-beta	0.17.12-beta-all	171c2f8c7b4e577ee7257db46f6be1ca7d5d2d78
aws.sdk.kotlin	servicecatalog	0.17.2-beta	-	196f29ab45cdd7720e6c37068f746457fb1b0b61
aws.sdk.kotlin	servicecatalog	0.17.3-beta	-	204fa03093a8ca5cbb670c10b6d187139e5220f9
aws.sdk.kotlin	servicecatalog	0.17.4-beta	-	db0ac4acf19072eba7155d6ca8be9791961af5e9
aws.sdk.kotlin	servicecatalog	0.17.5-beta	-	153ae7e86806d9cca707cfe018823d597e334584
aws.sdk.kotlin	servicecatalog	0.17.6-beta	-	b7928df0bf2270e3212cf81e6a5189c383f1f357
aws.sdk.kotlin	servicecatalog	0.17.7-beta	-	65c090203cb88c7db4e1b234c3111973dc4efa21
aws.sdk.kotlin	servicecatalog	0.17.8-beta	-	f5211b51724aa0d0450e85558c46850d73f659cd
aws.sdk.kotlin	servicecatalog	0.17.8-beta	0.17.8-beta-all	ae4f294ada90183ea0e4fc4fabf916da6ce07c9b
aws.sdk.kotlin	servicecatalog	0.17.9-beta	-	3bf0af1a86b7b97a0be0016d73bdedda64a66f17
aws.sdk.kotlin	servicecatalog	0.17.9-beta	0.17.9-beta-all	50ef267cd37f5edf5edaef458daf936407619a1c
aws.sdk.kotlin	servicecatalog	0.18.0-beta	-	1014c43400958a88706fd6f61ae67cc06ea9f7e4
aws.sdk.kotlin	servicecatalog	0.18.0-beta	0.18.0-beta-all	92396f1ce8ed7155543c2beafa69786b4b709dba
aws.sdk.kotlin	servicecatalog	0.19.0-beta	-	7dfa3c2037775649559d563799e788a355e98a18
aws.sdk.kotlin	servicecatalog	0.19.0-beta	0.19.0-beta-all	64c9172fe9cfc46b5ce2dcf615e6c5a1ff8a08a8
aws.sdk.kotlin	servicecatalog	0.19.1-beta	-	68acb6ca8c08fdeb2b67c1f9b724f46115fb5147
aws.sdk.kotlin	servicecatalog	0.19.1-beta	0.19.1-beta-all	193ad0bbdaf3112597b5e1fa4d20a457fe3e53e3
aws.sdk.kotlin	servicecatalog	0.19.2-beta	-	9d131d8171f80bcbe18d2c017dc162747ba996b2
aws.sdk.kotlin	servicecatalog	0.19.2-beta	0.19.2-beta-all	18b0751e4bbaf944bab79bdd7db5855a4cd1b745
aws.sdk.kotlin	servicecatalog	0.19.3-beta	-	fbfc7a3040804b0f6bb097bd5eb4d63ed06cd1b9
aws.sdk.kotlin	servicecatalog	0.19.3-beta	0.19.3-beta-all	959ac4622ef4857822c23523444ef4ba869b307a
aws.sdk.kotlin	servicecatalog	0.19.4-beta	-	a1420684f95f90bb847f6eb1e075c4b68ab59195
aws.sdk.kotlin	servicecatalog	0.19.4-beta	0.19.4-beta-all	836d92eecc2bd657ee4c5df87dd0b581ecb3d98e
aws.sdk.kotlin	servicecatalog	0.19.5-beta	-	ec224fd28f10d293d84587569ff67b0f05d13113
aws.sdk.kotlin	servicecatalog	0.19.5-beta	0.19.5-beta-all	1f8933cefdb9462fb5f83eec9b3b6215fc1121df
aws.sdk.kotlin	servicecatalog	0.20.0-beta	-	d1ad4943617ee1d958930bc06a5c68d35c3a36b6
aws.sdk.kotlin	servicecatalog	0.20.0-beta	0.20.0-beta-all	2cecd0e0812259177422f50ccc49e7dbbc227f5c
aws.sdk.kotlin	servicecatalog	0.20.1-beta	-	5ad696347e0279f5c362495d513ff4f722d002dd
aws.sdk.kotlin	servicecatalog	0.20.1-beta	0.20.1-beta-all	2cecd0e0812259177422f50ccc49e7dbbc227f5c
aws.sdk.kotlin	servicecatalog	0.20.2-beta	-	51a610faad01707ff54bd84dd18c30bc05dbac14
aws.sdk.kotlin	servicecatalog	0.20.2-beta	0.20.2-beta-all	27ffaf80d7a4f3c94ee534b1bef0643b57c8f585
aws.sdk.kotlin	servicecatalog	0.20.3-beta	-	2cfeea23ce05b987afb5104823351fcfba7e4c37
aws.sdk.kotlin	servicecatalog	0.20.3-beta	0.20.3-beta-all	27ffaf80d7a4f3c94ee534b1bef0643b57c8f585
aws.sdk.kotlin	servicecatalog	0.21.0-beta	-	41cfe69c1f8e8fbee038db1d9718a55746764b35
aws.sdk.kotlin	servicecatalog	0.21.0-beta	0.21.0-beta-all	27ffaf80d7a4f3c94ee534b1bef0643b57c8f585
aws.sdk.kotlin	servicecatalog	0.21.1-beta	-	cb956c6ba763f65f644b9ec89476999897a13f05
aws.sdk.kotlin	servicecatalog	0.21.1-beta	0.21.1-beta-all	27ffaf80d7a4f3c94ee534b1bef0643b57c8f585
aws.sdk.kotlin	servicecatalog	0.21.2-beta	-	b9f8fef9c04c96029232fe96cf28e1701138a0f2
aws.sdk.kotlin	servicecatalog	0.21.2-beta	0.21.2-beta-all	27ffaf80d7a4f3c94ee534b1bef0643b57c8f585
aws.sdk.kotlin	servicecatalog	0.21.3-beta	-	a94ffdc77b7617034b8aaac5927c2a041b3aebef
aws.sdk.kotlin	servicecatalog	0.21.3-beta	0.21.3-beta-all	27ffaf80d7a4f3c94ee534b1bef0643b57c8f585
aws.sdk.kotlin	servicecatalog	0.21.4-beta	-	67206892b76761315f82e41ea312b0b72cbe25f4
aws.sdk.kotlin	servicecatalog	0.21.4-beta	0.21.4-beta-all	27ffaf80d7a4f3c94ee534b1bef0643b57c8f585
aws.sdk.kotlin	servicecatalog	0.21.5-beta	-	22c42c88e21c62706b2fb25d35ab5635f0dca32a
aws.sdk.kotlin	servicecatalog	0.21.5-beta	0.21.5-beta-all	27ffaf80d7a4f3c94ee534b1bef0643b57c8f585
aws.sdk.kotlin	servicecatalog	0.22.0-beta	-	88f24129cb12fb3e087f92e372065fc8a981786f
aws.sdk.kotlin	servicecatalog	0.22.0-beta	0.22.0-beta-all	27ffaf80d7a4f3c94ee534b1bef0643b57c8f585
aws.sdk.kotlin	servicecatalog	0.22.1-beta	-	b75568ebc0676644f725f6d4e831438c91d724a9
aws.sdk.kotlin	servicecatalog	0.22.1-beta	0.22.1-beta-all	27ffaf80d7a4f3c94ee534b1bef0643b57c8f585
aws.sdk.kotlin	servicecatalog	0.23.0-beta	-	128daebaf318de07a4c687619402b5be30540651
aws.sdk.kotlin	servicecatalog	0.23.0-beta	0.23.0-beta-all	27ffaf80d7a4f3c94ee534b1bef0643b57c8f585
aws.sdk.kotlin	servicecatalog	0.24.0-beta	-	bad0e2441dcde331ba05e5e317bb22f1985fe8bf
aws.sdk.kotlin	servicecatalog	0.24.0-beta	0.24.0-beta-all	27ffaf80d7a4f3c94ee534b1bef0643b57c8f585
aws.sdk.kotlin	servicecatalog	0.25.0-beta	-	4beffedbedc7b2c59df02997e21873b5e5da61c4
aws.sdk.kotlin	servicecatalog	0.25.0-beta	0.25.0-beta-all	27ffaf80d7a4f3c94ee534b1bef0643b57c8f585
aws.sdk.kotlin	servicecatalog	0.26.0-beta	-	1837c5378a0f8767189f06f9bc205cf6c7641387
aws.sdk.kotlin	servicecatalog	0.26.0-beta	0.26.0-beta-all	27ffaf80d7a4f3c94ee534b1bef0643b57c8f585
aws.sdk.kotlin	servicecatalog	0.26.1-beta	-	a5102c4ccf1b55baa16285ce7af0aadd57556c55
aws.sdk.kotlin	servicecatalog	0.26.1-beta	0.26.1-beta-all	27ffaf80d7a4f3c94ee534b1bef0643b57c8f585
aws.sdk.kotlin	servicecatalog	0.27.0-beta	-	a03a4f51f73e74ff1827a1685c5b4835e61216b3
aws.sdk.kotlin	servicecatalog	0.27.0-beta	0.27.0-beta-all	27ffaf80d7a4f3c94ee534b1bef0643b57c8f585
aws.sdk.kotlin	servicecatalog	0.27.1-beta	-	4ed2e08151debd57e52cb50db71ab21531ca3efd
aws.sdk.kotlin	servicecatalog	0.27.1-beta	0.27.1-beta-all	27ffaf80d7a4f3c94ee534b1bef0643b57c8f585
aws.sdk.kotlin	servicecatalog	0.27.2-beta	-	0cfd3ab2886784e2518afd6f1d3074d6d96dd772
aws.sdk.kotlin	servicecatalog	0.27.2-beta	0.27.2-beta-all	27ffaf80d7a4f3c94ee534b1bef0643b57c8f585
aws.sdk.kotlin	servicecatalog	0.28.0-beta	-	26943c3a88aed0a42bb555cd983292f00720b3e7
aws.sdk.kotlin	servicecatalog	0.28.0-beta	0.28.0-beta-all	27ffaf80d7a4f3c94ee534b1bef0643b57c8f585
aws.sdk.kotlin	servicecatalog	0.28.1-beta	-	649fcc892873d6802124e79e610cf1966bac1f2d
aws.sdk.kotlin	servicecatalog	0.28.1-beta	0.28.1-beta-all	27ffaf80d7a4f3c94ee534b1bef0643b57c8f585
aws.sdk.kotlin	servicecatalog	0.28.2-beta	-	efc765acf50a7a8a3d02ee9ed9c7f8e53fc39941
aws.sdk.kotlin	servicecatalog	0.28.2-beta	0.28.2-beta-all	27ffaf80d7a4f3c94ee534b1bef0643b57c8f585
aws.sdk.kotlin	servicecatalog	0.29.0-beta	-	8d008d88e94e87dde1cc42243ca6bb708754f2dc
aws.sdk.kotlin	servicecatalog	0.29.0-beta	0.29.0-beta-all	c0234697194ab01bbfc6450804eb8247d73f230c
aws.sdk.kotlin	servicecatalog	0.29.1-beta	-	a31cae3256c9f944d8ab9cd2300a406474ab15b8
aws.sdk.kotlin	servicecatalog	0.29.1-beta	0.29.1-beta-all	c0234697194ab01bbfc6450804eb8247d73f230c
aws.sdk.kotlin	servicecatalog	0.30.0-beta	-	c0234697194ab01bbfc6450804eb8247d73f230c
aws.sdk.kotlin	servicecatalog	0.30.1-beta	-	f06f3d86f20f6f01ec12c694b9498b534a8da5ba
aws.sdk.kotlin	servicecatalog	0.31.0-beta	-	f06f3d86f20f6f01ec12c694b9498b534a8da5ba
aws.sdk.kotlin	servicecatalog	0.32.0-beta	-	f06f3d86f20f6f01ec12c694b9498b534a8da5ba
aws.sdk.kotlin	servicecatalog	0.32.1-beta	-	f06f3d86f20f6f01ec12c694b9498b534a8da5ba
aws.sdk.kotlin	servicecatalog	0.32.2-beta	-	f06f3d86f20f6f01ec12c694b9498b534a8da5ba
aws.sdk.kotlin	servicecatalog	0.32.3-beta	-	f06f3d86f20f6f01ec12c694b9498b534a8da5ba
aws.sdk.kotlin	servicecatalog	0.32.4-beta	-	f06f3d86f20f6f01ec12c694b9498b534a8da5ba
aws.sdk.kotlin	servicecatalog	0.32.5-beta	-	f06f3d86f20f6f01ec12c694b9498b534a8da5ba
aws.sdk.kotlin	servicecatalog	0.33.0-beta	-	f06f3d86f20f6f01ec12c694b9498b534a8da5ba
aws.sdk.kotlin	servicecatalog	0.33.1-beta	-	f06f3d86f20f6f01ec12c694b9498b534a8da5ba
aws.sdk.kotlin	servicecatalog	0.34.0-beta	-	f06f3d86f20f6f01ec12c694b9498b534a8da5ba
aws.sdk.kotlin	servicecatalog	0.34.1-beta	-	f06f3d86f20f6f01ec12c694b9498b534a8da5ba
aws.sdk.kotlin	servicecatalog	0.34.2-beta	-	f06f3d86f20f6f01ec12c694b9498b534a8da5ba
aws.sdk.kotlin	servicecatalog	0.34.3-beta	-	f06f3d86f20f6f01ec12c694b9498b534a8da5ba
aws.sdk.kotlin	servicecatalog	0.34.4-beta	-	f06f3d86f20f6f01ec12c694b9498b534a8da5ba
aws.sdk.kotlin	servicecatalog	0.34.5-beta	-	f06f3d86f20f6f01ec12c694b9498b534a8da5ba
aws.sdk.kotlin	servicecatalog	0.34.6-beta	-	f06f3d86f20f6f01ec12c694b9498b534a8da5ba
aws.sdk.kotlin	servicecatalog	0.34.7-beta	-	f06f3d86f20f6f01ec12c694b9498b534a8da5ba
aws.sdk.kotlin	servicecatalog	0.34.8-beta	-	f06f3d86f20f6f01ec12c694b9498b534a8da5ba
aws.sdk.kotlin	servicecatalog	0.34.9-beta	-	f06f3d86f20f6f01ec12c694b9498b534a8da5ba
aws.sdk.kotlin	servicecatalog	0.35.0-beta	-	f06f3d86f20f6f01ec12c694b9498b534a8da5ba
aws.sdk.kotlin	servicecatalog	0.35.1-beta	-	f06f3d86f20f6f01ec12c694b9498b534a8da5ba
aws.sdk.kotlin	servicecatalog	0.36.0-beta	-	f06f3d86f20f6f01ec12c694b9498b534a8da5ba
aws.sdk.kotlin	servicecatalog	0.36.1-beta	-	f06f3d86f20f6f01ec12c694b9498b534a8da5ba
aws.sdk.kotlin	servicecatalog	0.4.0-alpha	-	f8f6b57971690d4655b1fde80455ab85b0cc944d
aws.sdk.kotlin	servicecatalog	0.5.0-alpha	-	fe328586d95531b1b51381c6356aca0b735db692
aws.sdk.kotlin	servicecatalog	0.6.0-alpha	-	ed2b161a10375ddb11775c9ba7de10c79a3b8a11
aws.sdk.kotlin	servicecatalog	0.7.0-alpha	-	cc86d3bc64c914cfa8ab8ae56bc64fdf606729b3
aws.sdk.kotlin	servicecatalog	0.8.0-alpha	-	2e9d79cff083ec0ed751c6dcb7241bb24b173433
aws.sdk.kotlin	servicecatalog	0.9.0-alpha	-	68415a27e2c5f1b12a7bddf64ae5d79798b3d5dd
aws.sdk.kotlin	servicecatalog	0.9.1-alpha	-	4cc4efe7293cf7387ea7635d91c931b33af66233
aws.sdk.kotlin	servicecatalog	0.9.2-alpha	-	e3a73fae1ff8293574617a6014f8dee2aa0405b1
aws.sdk.kotlin	servicecatalog	0.9.3-alpha	-	c0aa8fffe052a1a3427285d08c7f653711d36475
aws.sdk.kotlin	servicecatalog	0.9.4-beta	-	fb8f8fac158a7be856055286b2dc52a0be8b956c
aws.sdk.kotlin	servicecatalog	0.9.5-beta	-	328ca5483dbecb3f9ffb98476e81bced55eed7b5
aws.sdk.kotlin	servicecatalog	1.0.0	-	f06f3d86f20f6f01ec12c694b9498b534a8da5ba
aws.sdk.kotlin	servicecatalog	1.0.1	-	f06f3d86f20f6f01ec12c694b9498b534a8da5ba
aws.sdk.kotlin	servicecatalog	1.0.10	-	f06f3d86f20f6f01ec12c694b9498b534a8da5ba
aws.sdk.kotlin	servicecatalog	1.0.11	-	f06f3d86f20f6f01ec12c694b9498b534a8da5ba
aws.sdk.kotlin	servicecatalog	1.0.12	-	f06f3d86f20f6f01ec12c694b9498b534a8da5ba
aws.sdk.kotlin	servicecatalog	1.0.13	-	f06f3d86f20f6f01ec12c694b9498b534a8da5ba
aws.sdk.kotlin	servicecatalog	1.0.14	-	f06f3d86f20f6f01ec12c694b9498b534a8da5ba
aws.sdk.kotlin	servicecatalog	1.0.15	-	f06f3d86f20f6f01ec12c694b9498b534a8da5ba
aws.sdk.kotlin	servicecatalog	1.0.16	-	f06f3d86f20f6f01ec12c694b9498b534a8da5ba
aws.sdk.kotlin	servicecatalog	1.0.17	-	f06f3d86f20f6f01ec12c694b9498b534a8da5ba
aws.sdk.kotlin	servicecatalog	1.0.18	-	f06f3d86f20f6f01ec12c694b9498b534a8da5ba
aws.sdk.kotlin	servicecatalog	1.0.19	-	f06f3d86f20f6f01ec12c694b9498b534a8da5ba
aws.sdk.kotlin	servicecatalog	1.0.2	-	f06f3d86f20f6f01ec12c694b9498b534a8da5ba
aws.sdk.kotlin	servicecatalog	1.0.20	-	ec6e0db5f3e773e9c7d3fc756c62d80a4cd128e5
aws.sdk.kotlin	servicecatalog	1.0.21	-	a4f3606ab94d4513ab9375bc390cd84d5c65af32
aws.sdk.kotlin	servicecatalog	1.0.22	-	a4f3606ab94d4513ab9375bc390cd84d5c65af32
aws.sdk.kotlin	servicecatalog	1.0.23	-	a4f3606ab94d4513ab9375bc390cd84d5c65af32
aws.sdk.kotlin	servicecatalog	1.0.24	-	a4f3606ab94d4513ab9375bc390cd84d5c65af32
aws.sdk.kotlin	servicecatalog	1.0.25	-	a4f3606ab94d4513ab9375bc390cd84d5c65af32
aws.sdk.kotlin	servicecatalog	1.0.26	-	a4f3606ab94d4513ab9375bc390cd84d5c65af32
aws.sdk.kotlin	servicecatalog	1.0.27	-	a4f3606ab94d4513ab9375bc390cd84d5c65af32
aws.sdk.kotlin	servicecatalog	1.0.28	-	a4f3606ab94d4513ab9375bc390cd84d5c65af32
aws.sdk.kotlin	servicecatalog	1.0.29	-	a4f3606ab94d4513ab9375bc390cd84d5c65af32
aws.sdk.kotlin	servicecatalog	1.0.3	-	f06f3d86f20f6f01ec12c694b9498b534a8da5ba
aws.sdk.kotlin	servicecatalog	1.0.30	-	a4f3606ab94d4513ab9375bc390cd84d5c65af32
aws.sdk.kotlin	servicecatalog	1.0.31	-	a4f3606ab94d4513ab9375bc390cd84d5c65af32
aws.sdk.kotlin	servicecatalog	1.0.32	-	a4f3606ab94d4513ab9375bc390cd84d5c65af32
aws.sdk.kotlin	servicecatalog	1.0.33	-	a4f3606ab94d4513ab9375bc390cd84d5c65af32
aws.sdk.kotlin	servicecatalog	1.0.34	-	a4f3606ab94d4513ab9375bc390cd84d5c65af32
aws.sdk.kotlin	servicecatalog	1.0.35	-	a4f3606ab94d4513ab9375bc390cd84d5c65af32
aws.sdk.kotlin	servicecatalog	1.0.36	-	a4f3606ab94d4513ab9375bc390cd84d5c65af32
aws.sdk.kotlin	servicecatalog	1.0.37	-	a4f3606ab94d4513ab9375bc390cd84d5c65af32
aws.sdk.kotlin	servicecatalog	1.0.38	-	a4f3606ab94d4513ab9375bc390cd84d5c65af32
aws.sdk.kotlin	servicecatalog	1.0.39	-	a4f3606ab94d4513ab9375bc390cd84d5c65af32
aws.sdk.kotlin	servicecatalog	1.0.4	-	f06f3d86f20f6f01ec12c694b9498b534a8da5ba
aws.sdk.kotlin	servicecatalog	1.0.40	-	a4f3606ab94d4513ab9375bc390cd84d5c65af32
aws.sdk.kotlin	servicecatalog	1.0.41	-	a4f3606ab94d4513ab9375bc390cd84d5c65af32
aws.sdk.kotlin	servicecatalog	1.0.42	-	a4f3606ab94d4513ab9375bc390cd84d5c65af32
aws.sdk.kotlin	servicecatalog	1.0.43	-	a4f3606ab94d4513ab9375bc390cd84d5c65af32
aws.sdk.kotlin	servicecatalog	1.0.44	-	a4f3606ab94d4513ab9375bc390cd84d5c65af32
aws.sdk.kotlin	servicecatalog	1.0.45	-	a4f3606ab94d4513ab9375bc390cd84d5c65af32
aws.sdk.kotlin	servicecatalog	1.0.46	-	a4f3606ab94d4513ab9375bc390cd84d5c65af32
aws.sdk.kotlin	servicecatalog	1.0.47	-	a4f3606ab94d4513ab9375bc390cd84d5c65af32
aws.sdk.kotlin	servicecatalog	1.0.48	-	a4f3606ab94d4513ab9375bc390cd84d5c65af32
aws.sdk.kotlin	servicecatalog	1.0.49	-	a4f3606ab94d4513ab9375bc390cd84d5c65af32
aws.sdk.kotlin	servicecatalog	1.0.5	-	f06f3d86f20f6f01ec12c694b9498b534a8da5ba
aws.sdk.kotlin	servicecatalog	1.0.50	-	a4f3606ab94d4513ab9375bc390cd84d5c65af32
aws.sdk.kotlin	servicecatalog	1.0.51	-	a4f3606ab94d4513ab9375bc390cd84d5c65af32
aws.sdk.kotlin	servicecatalog	1.0.52	-	a4f3606ab94d4513ab9375bc390cd84d5c65af32
aws.sdk.kotlin	servicecatalog	1.0.53	-	a4f3606ab94d4513ab9375bc390cd84d5c65af32
aws.sdk.kotlin	servicecatalog	1.0.54	-	a4f3606ab94d4513ab9375bc390cd84d5c65af32
aws.sdk.kotlin	servicecatalog	1.0.55	-	a4f3606ab94d4513ab9375bc390cd84d5c65af32
aws.sdk.kotlin	servicecatalog	1.0.56	-	a4f3606ab94d4513ab9375bc390cd84d5c65af32
aws.sdk.kotlin	servicecatalog	1.0.57	-	a4f3606ab94d4513ab9375bc390cd84d5c65af32
aws.sdk.kotlin	servicecatalog	1.0.58	-	a4f3606ab94d4513ab9375bc390cd84d5c65af32
aws.sdk.kotlin	servicecatalog	1.0.59	-	a4f3606ab94d4513ab9375bc390cd84d5c65af32
aws.sdk.kotlin	servicecatalog	1.0.6	-	f06f3d86f20f6f01ec12c694b9498b534a8da5ba
aws.sdk.kotlin	servicecatalog	1.0.60	-	a4f3606ab94d4513ab9375bc390cd84d5c65af32
aws.sdk.kotlin	servicecatalog	1.0.61	-	a4f3606ab94d4513ab9375bc390cd84d5c65af32
aws.sdk.kotlin	servicecatalog	1.0.62	-	a4f3606ab94d4513ab9375bc390cd84d5c65af32
aws.sdk.kotlin	servicecatalog	1.0.63	-	a4f3606ab94d4513ab9375bc390cd84d5c65af32
aws.sdk.kotlin	servicecatalog	1.0.64	-	a4f3606ab94d4513ab9375bc390cd84d5c65af32
aws.sdk.kotlin	servicecatalog	1.0.65	-	a4f3606ab94d4513ab9375bc390cd84d5c65af32
aws.sdk.kotlin	servicecatalog	1.0.66	-	a4f3606ab94d4513ab9375bc390cd84d5c65af32
aws.sdk.kotlin	servicecatalog	1.0.67	-	a4f3606ab94d4513ab9375bc390cd84d5c65af32
aws.sdk.kotlin	servicecatalog	1.0.68	-	a4f3606ab94d4513ab9375bc390cd84d5c65af32
aws.sdk.kotlin	servicecatalog	1.0.69	-	a4f3606ab94d4513ab9375bc390cd84d5c65af32
aws.sdk.kotlin	servicecatalog	1.0.7	-	f06f3d86f20f6f01ec12c694b9498b534a8da5ba
aws.sdk.kotlin	servicecatalog	1.0.70	-	a4f3606ab94d4513ab9375bc390cd84d5c65af32
aws.sdk.kotlin	servicecatalog	1.0.71	-	a4f3606ab94d4513ab9375bc390cd84d5c65af32
aws.sdk.kotlin	servicecatalog	1.0.72	-	a4f3606ab94d4513ab9375bc390cd84d5c65af32
aws.sdk.kotlin	servicecatalog	1.0.73	-	a4f3606ab94d4513ab9375bc390cd84d5c65af32
aws.sdk.kotlin	servicecatalog	1.0.74	-	a4f3606ab94d4513ab9375bc390cd84d5c65af32
aws.sdk.kotlin	servicecatalog	1.0.75	-	a4f3606ab94d4513ab9375bc390cd84d5c65af32
aws.sdk.kotlin	servicecatalog	1.0.76	-	a4f3606ab94d4513ab9375bc390cd84d5c65af32
aws.sdk.kotlin	servicecatalog	1.0.77	-	a4f3606ab94d4513ab9375bc390cd84d5c65af32
aws.sdk.kotlin	servicecatalog	1.0.78	-	a4f3606ab94d4513ab9375bc390cd84d5c65af32
aws.sdk.kotlin	servicecatalog	1.0.79	-	a4f3606ab94d4513ab9375bc390cd84d5c65af32
aws.sdk.kotlin	servicecatalog	1.0.8	-	f06f3d86f20f6f01ec12c694b9498b534a8da5ba
aws.sdk.kotlin	servicecatalog	1.0.80	-	a4f3606ab94d4513ab9375bc390cd84d5c65af32
aws.sdk.kotlin	servicecatalog	1.0.9	-	f06f3d86f20f6f01ec12c694b9498b534a8da5ba
aws.sdk.kotlin	servicecatalog	1.1.0	-	a4f3606ab94d4513ab9375bc390cd84d5c65af32
aws.sdk.kotlin	servicecatalog	1.1.1	-	a4f3606ab94d4513ab9375bc390cd84d5c65af32
aws.sdk.kotlin	servicecatalog	1.1.10	-	a4f3606ab94d4513ab9375bc390cd84d5c65af32
aws.sdk.kotlin	servicecatalog	1.1.11	-	a4f3606ab94d4513ab9375bc390cd84d5c65af32
aws.sdk.kotlin	servicecatalog	1.1.12	-	a4f3606ab94d4513ab9375bc390cd84d5c65af32
aws.sdk.kotlin	servicecatalog	1.1.13	-	a4f3606ab94d4513ab9375bc390cd84d5c65af32
aws.sdk.kotlin	servicecatalog	1.1.15	-	a4f3606ab94d4513ab9375bc390cd84d5c65af32
aws.sdk.kotlin	servicecatalog	1.1.16	-	a4f3606ab94d4513ab9375bc390cd84d5c65af32
aws.sdk.kotlin	servicecatalog	1.1.17	-	a4f3606ab94d4513ab9375bc390cd84d5c65af32
aws.sdk.kotlin	servicecatalog	1.1.18	-	a4f3606ab94d4513ab9375bc390cd84d5c65af32
aws.sdk.kotlin	servicecatalog	1.1.19	-	a4f3606ab94d4513ab9375bc390cd84d5c65af32
aws.sdk.kotlin	servicecatalog	1.1.2	-	a4f3606ab94d4513ab9375bc390cd84d5c65af32
aws.sdk.kotlin	servicecatalog	1.1.20	-	a4f3606ab94d4513ab9375bc390cd84d5c65af32
aws.sdk.kotlin	servicecatalog	1.1.21	-	a4f3606ab94d4513ab9375bc390cd84d5c65af32
aws.sdk.kotlin	servicecatalog	1.1.22	-	a4f3606ab94d4513ab9375bc390cd84d5c65af32
aws.sdk.kotlin	servicecatalog	1.1.23	-	a4f3606ab94d4513ab9375bc390cd84d5c65af32
aws.sdk.kotlin	servicecatalog	1.1.24	-	a4f3606ab94d4513ab9375bc390cd84d5c65af32
aws.sdk.kotlin	servicecatalog	1.1.25	-	a4f3606ab94d4513ab9375bc390cd84d5c65af32
aws.sdk.kotlin	servicecatalog	1.1.26	-	a4f3606ab94d4513ab9375bc390cd84d5c65af32
aws.sdk.kotlin	servicecatalog	1.1.27	-	a4f3606ab94d4513ab9375bc390cd84d5c65af32
aws.sdk.kotlin	servicecatalog	1.1.3	-	a4f3606ab94d4513ab9375bc390cd84d5c65af32
aws.sdk.kotlin	servicecatalog	1.1.4	-	a4f3606ab94d4513ab9375bc390cd84d5c65af32
aws.sdk.kotlin	servicecatalog	1.1.5	-	a4f3606ab94d4513ab9375bc390cd84d5c65af32
aws.sdk.kotlin	servicecatalog	1.1.6	-	a4f3606ab94d4513ab9375bc390cd84d5c65af32
aws.sdk.kotlin	servicecatalog	1.1.7	-	a4f3606ab94d4513ab9375bc390cd84d5c65af32
aws.sdk.kotlin	servicecatalog	1.1.8	-	a4f3606ab94d4513ab9375bc390cd84d5c65af32
aws.sdk.kotlin	servicecatalog	1.1.9	-	a4f3606ab94d4513ab9375bc390cd84d5c65af32
aws.sdk.kotlin	servicecatalog	1.2.0	-	a4f3606ab94d4513ab9375bc390cd84d5c65af32
aws.sdk.kotlin	servicecatalog	1.2.1	-	a4f3606ab94d4513ab9375bc390cd84d5c65af32
aws.sdk.kotlin	servicecatalog	1.2.10	-	a4f3606ab94d4513ab9375bc390cd84d5c65af32
aws.sdk.kotlin	servicecatalog	1.2.11	-	a4f3606ab94d4513ab9375bc390cd84d5c65af32
aws.sdk.kotlin	servicecatalog	1.2.12	-	a4f3606ab94d4513ab9375bc390cd84d5c65af32
aws.sdk.kotlin	servicecatalog	1.2.13	-	a4f3606ab94d4513ab9375bc390cd84d5c65af32
aws.sdk.kotlin	servicecatalog	1.2.14	-	a4f3606ab94d4513ab9375bc390cd84d5c65af32
aws.sdk.kotlin	servicecatalog	1.2.15	-	a4f3606ab94d4513ab9375bc390cd84d5c65af32
aws.sdk.kotlin	servicecatalog	1.2.16	-	a4f3606ab94d4513ab9375bc390cd84d5c65af32
aws.sdk.kotlin	servicecatalog	1.2.17	-	a4f3606ab94d4513ab9375bc390cd84d5c65af32
aws.sdk.kotlin	servicecatalog	1.2.18	-	a4f3606ab94d4513ab9375bc390cd84d5c65af32
aws.sdk.kotlin	servicecatalog	1.2.19	-	a4f3606ab94d4513ab9375bc390cd84d5c65af32
aws.sdk.kotlin	servicecatalog	1.2.2	-	a4f3606ab94d4513ab9375bc390cd84d5c65af32
aws.sdk.kotlin	servicecatalog	1.2.20	-	a4f3606ab94d4513ab9375bc390cd84d5c65af32
aws.sdk.kotlin	servicecatalog	1.2.21	-	a4f3606ab94d4513ab9375bc390cd84d5c65af32
aws.sdk.kotlin	servicecatalog	1.2.22	-	a4f3606ab94d4513ab9375bc390cd84d5c65af32
aws.sdk.kotlin	servicecatalog	1.2.23	-	a4f3606ab94d4513ab9375bc390cd84d5c65af32
aws.sdk.kotlin	servicecatalog	1.2.24	-	a4f3606ab94d4513ab9375bc390cd84d5c65af32
aws.sdk.kotlin	servicecatalog	1.2.25	-	a4f3606ab94d4513ab9375bc390cd84d5c65af32
aws.sdk.kotlin	servicecatalog	1.2.26	-	a4f3606ab94d4513ab9375bc390cd84d5c65af32
aws.sdk.kotlin	servicecatalog	1.2.27	-	a4f3606ab94d4513ab9375bc390cd84d5c65af32
aws.sdk.kotlin	servicecatalog	1.2.28	-	a4f3606ab94d4513ab9375bc390cd84d5c65af32
aws.sdk.kotlin	servicecatalog	1.2.29	-	a4f3606ab94d4513ab9375bc390cd84d5c65af32
aws.sdk.kotlin	servicecatalog	1.2.3	-	a4f3606ab94d4513ab9375bc390cd84d5c65af32
aws.sdk.kotlin	servicecatalog	1.2.30	-	a4f3606ab94d4513ab9375bc390cd84d5c65af32
aws.sdk.kotlin	servicecatalog	1.2.31	-	a4f3606ab94d4513ab9375bc390cd84d5c65af32
aws.sdk.kotlin	servicecatalog	1.2.32	-	a4f3606ab94d4513ab9375bc390cd84d5c65af32
aws.sdk.kotlin	servicecatalog	1.2.33	-	a4f3606ab94d4513ab9375bc390cd84d5c65af32
aws.sdk.kotlin	servicecatalog	1.2.34	-	a4f3606ab94d4513ab9375bc390cd84d5c65af32
aws.sdk.kotlin	servicecatalog	1.2.35	-	a4f3606ab94d4513ab9375bc390cd84d5c65af32
aws.sdk.kotlin	servicecatalog	1.2.36	-	a4f3606ab94d4513ab9375bc390cd84d5c65af32
aws.sdk.kotlin	servicecatalog	1.2.37	-	a4f3606ab94d4513ab9375bc390cd84d5c65af32
aws.sdk.kotlin	servicecatalog	1.2.38	-	a4f3606ab94d4513ab9375bc390cd84d5c65af32
aws.sdk.kotlin	servicecatalog	1.2.39	-	a4f3606ab94d4513ab9375bc390cd84d5c65af32
aws.sdk.kotlin	servicecatalog	1.2.4	-	a4f3606ab94d4513ab9375bc390cd84d5c65af32
aws.sdk.kotlin	servicecatalog	1.2.40	-	a4f3606ab94d4513ab9375bc390cd84d5c65af32
aws.sdk.kotlin	servicecatalog	1.2.41	-	a4f3606ab94d4513ab9375bc390cd84d5c65af32
aws.sdk.kotlin	servicecatalog	1.2.42	-	a4f3606ab94d4513ab9375bc390cd84d5c65af32
aws.sdk.kotlin	servicecatalog	1.2.43	-	a4f3606ab94d4513ab9375bc390cd84d5c65af32
aws.sdk.kotlin	servicecatalog	1.2.44	-	a4f3606ab94d4513ab9375bc390cd84d5c65af32
aws.sdk.kotlin	servicecatalog	1.2.45	-	a4f3606ab94d4513ab9375bc390cd84d5c65af32
aws.sdk.kotlin	servicecatalog	1.2.46	-	a4f3606ab94d4513ab9375bc390cd84d5c65af32
aws.sdk.kotlin	servicecatalog	1.2.47	-	a4f3606ab94d4513ab9375bc390cd84d5c65af32
aws.sdk.kotlin	servicecatalog	1.2.48	-	a4f3606ab94d4513ab9375bc390cd84d5c65af32
aws.sdk.kotlin	servicecatalog	1.2.49	-	a4f3606ab94d4513ab9375bc390cd84d5c65af32
aws.sdk.kotlin	servicecatalog	1.2.5	-	a4f3606ab94d4513ab9375bc390cd84d5c65af32
aws.sdk.kotlin	servicecatalog	1.2.50	-	a4f3606ab94d4513ab9375bc390cd84d5c65af32
aws.sdk.kotlin	servicecatalog	1.2.51	-	a4f3606ab94d4513ab9375bc390cd84d5c65af32
aws.sdk.kotlin	servicecatalog	1.2.52	-	a4f3606ab94d4513ab9375bc390cd84d5c65af32
aws.sdk.kotlin	servicecatalog	1.2.53	-	a4f3606ab94d4513ab9375bc390cd84d5c65af32
aws.sdk.kotlin	servicecatalog	1.2.54	-	a4f3606ab94d4513ab9375bc390cd84d5c65af32
aws.sdk.kotlin	servicecatalog	1.2.55	-	a4f3606ab94d4513ab9375bc390cd84d5c65af32
aws.sdk.kotlin	servicecatalog	1.2.56	-	a4f3606ab94d4513ab9375bc390cd84d5c65af32
aws.sdk.kotlin	servicecatalog	1.2.6	-	a4f3606ab94d4513ab9375bc390cd84d5c65af32
aws.sdk.kotlin	servicecatalog	1.2.7	-	a4f3606ab94d4513ab9375bc390cd84d5c65af32
aws.sdk.kotlin	servicecatalog	1.2.8	-	a4f3606ab94d4513ab9375bc390cd84d5c65af32
aws.sdk.kotlin	servicecatalog	1.2.9	-	a4f3606ab94d4513ab9375bc390cd84d5c65af32
aws.sdk.kotlin	servicecatalog	1.3.0	-	a4f3606ab94d4513ab9375bc390cd84d5c65af32
aws.sdk.kotlin	servicecatalog	1.3.1	-	a4f3606ab94d4513ab9375bc390cd84d5c65af32
aws.sdk.kotlin	servicecatalog	1.3.10	-	a4f3606ab94d4513ab9375bc390cd84d5c65af32
aws.sdk.kotlin	servicecatalog	1.3.100	-	a4f3606ab94d4513ab9375bc390cd84d5c65af32
aws.sdk.kotlin	servicecatalog	1.3.101	-	a4f3606ab94d4513ab9375bc390cd84d5c65af32
aws.sdk.kotlin	servicecatalog	1.3.102	-	a4f3606ab94d4513ab9375bc390cd84d5c65af32
aws.sdk.kotlin	servicecatalog	1.3.103	-	a4f3606ab94d4513ab9375bc390cd84d5c65af32
aws.sdk.kotlin	servicecatalog	1.3.104	-	a4f3606ab94d4513ab9375bc390cd84d5c65af32
aws.sdk.kotlin	servicecatalog	1.3.105	-	a4f3606ab94d4513ab9375bc390cd84d5c65af32
aws.sdk.kotlin	servicecatalog	1.3.106	-	a4f3606ab94d4513ab9375bc390cd84d5c65af32
aws.sdk.kotlin	servicecatalog	1.3.107	-	a4f3606ab94d4513ab9375bc390cd84d5c65af32
aws.sdk.kotlin	servicecatalog	1.3.108	-	a4f3606ab94d4513ab9375bc390cd84d5c65af32
aws.sdk.kotlin	servicecatalog	1.3.109	-	a4f3606ab94d4513ab9375bc390cd84d5c65af32
aws.sdk.kotlin	servicecatalog	1.3.11	-	a4f3606ab94d4513ab9375bc390cd84d5c65af32
aws.sdk.kotlin	servicecatalog	1.3.110	-	a4f3606ab94d4513ab9375bc390cd84d5c65af32
aws.sdk.kotlin	servicecatalog	1.3.111	-	a4f3606ab94d4513ab9375bc390cd84d5c65af32
aws.sdk.kotlin	servicecatalog	1.3.112	-	a4f3606ab94d4513ab9375bc390cd84d5c65af32
aws.sdk.kotlin	servicecatalog	1.3.12	-	a4f3606ab94d4513ab9375bc390cd84d5c65af32
aws.sdk.kotlin	servicecatalog	1.3.13	-	a4f3606ab94d4513ab9375bc390cd84d5c65af32
aws.sdk.kotlin	servicecatalog	1.3.14	-	a4f3606ab94d4513ab9375bc390cd84d5c65af32
aws.sdk.kotlin	servicecatalog	1.3.15	-	a4f3606ab94d4513ab9375bc390cd84d5c65af32
aws.sdk.kotlin	servicecatalog	1.3.16	-	a4f3606ab94d4513ab9375bc390cd84d5c65af32
aws.sdk.kotlin	servicecatalog	1.3.17	-	a4f3606ab94d4513ab9375bc390cd84d5c65af32
aws.sdk.kotlin	servicecatalog	1.3.18	-	a4f3606ab94d4513ab9375bc390cd84d5c65af32
aws.sdk.kotlin	servicecatalog	1.3.19	-	a4f3606ab94d4513ab9375bc390cd84d5c65af32
aws.sdk.kotlin	servicecatalog	1.3.2	-	a4f3606ab94d4513ab9375bc390cd84d5c65af32
aws.sdk.kotlin	servicecatalog	1.3.20	-	a4f3606ab94d4513ab9375bc390cd84d5c65af32
aws.sdk.kotlin	servicecatalog	1.3.21	-	a4f3606ab94d4513ab9375bc390cd84d5c65af32
aws.sdk.kotlin	servicecatalog	1.3.22	-	a4f3606ab94d4513ab9375bc390cd84d5c65af32
aws.sdk.kotlin	servicecatalog	1.3.23	-	a4f3606ab94d4513ab9375bc390cd84d5c65af32
aws.sdk.kotlin	servicecatalog	1.3.24	-	a4f3606ab94d4513ab9375bc390cd84d5c65af32
aws.sdk.kotlin	servicecatalog	1.3.25	-	a4f3606ab94d4513ab9375bc390cd84d5c65af32
aws.sdk.kotlin	servicecatalog	1.3.26	-	a4f3606ab94d4513ab9375bc390cd84d5c65af32
aws.sdk.kotlin	servicecatalog	1.3.27	-	a4f3606ab94d4513ab9375bc390cd84d5c65af32
aws.sdk.kotlin	servicecatalog	1.3.28	-	a4f3606ab94d4513ab9375bc390cd84d5c65af32
aws.sdk.kotlin	servicecatalog	1.3.29	-	a4f3606ab94d4513ab9375bc390cd84d5c65af32
aws.sdk.kotlin	servicecatalog	1.3.3	-	a4f3606ab94d4513ab9375bc390cd84d5c65af32
aws.sdk.kotlin	servicecatalog	1.3.30	-	a4f3606ab94d4513ab9375bc390cd84d5c65af32
aws.sdk.kotlin	servicecatalog	1.3.31	-	a4f3606ab94d4513ab9375bc390cd84d5c65af32
aws.sdk.kotlin	servicecatalog	1.3.32	-	a4f3606ab94d4513ab9375bc390cd84d5c65af32
aws.sdk.kotlin	servicecatalog	1.3.33	-	a4f3606ab94d4513ab9375bc390cd84d5c65af32
aws.sdk.kotlin	servicecatalog	1.3.34	-	a4f3606ab94d4513ab9375bc390cd84d5c65af32
aws.sdk.kotlin	servicecatalog	1.3.35	-	a4f3606ab94d4513ab9375bc390cd84d5c65af32
aws.sdk.kotlin	servicecatalog	1.3.36	-	a4f3606ab94d4513ab9375bc390cd84d5c65af32
aws.sdk.kotlin	servicecatalog	1.3.37	-	a4f3606ab94d4513ab9375bc390cd84d5c65af32
aws.sdk.kotlin	servicecatalog	1.3.38	-	a4f3606ab94d4513ab9375bc390cd84d5c65af32
aws.sdk.kotlin	servicecatalog	1.3.39	-	a4f3606ab94d4513ab9375bc390cd84d5c65af32
aws.sdk.kotlin	servicecatalog	1.3.4	-	a4f3606ab94d4513ab9375bc390cd84d5c65af32
aws.sdk.kotlin	servicecatalog	1.3.40	-	a4f3606ab94d4513ab9375bc390cd84d5c65af32
aws.sdk.kotlin	servicecatalog	1.3.41	-	a4f3606ab94d4513ab9375bc390cd84d5c65af32
aws.sdk.kotlin	servicecatalog	1.3.42	-	a4f3606ab94d4513ab9375bc390cd84d5c65af32
aws.sdk.kotlin	servicecatalog	1.3.43	-	a4f3606ab94d4513ab9375bc390cd84d5c65af32
aws.sdk.kotlin	servicecatalog	1.3.44	-	a4f3606ab94d4513ab9375bc390cd84d5c65af32
aws.sdk.kotlin	servicecatalog	1.3.45	-	a4f3606ab94d4513ab9375bc390cd84d5c65af32
aws.sdk.kotlin	servicecatalog	1.3.46	-	a4f3606ab94d4513ab9375bc390cd84d5c65af32
aws.sdk.kotlin	servicecatalog	1.3.47	-	a4f3606ab94d4513ab9375bc390cd84d5c65af32
aws.sdk.kotlin	servicecatalog	1.3.48	-	a4f3606ab94d4513ab9375bc390cd84d5c65af32
aws.sdk.kotlin	servicecatalog	1.3.49	-	a4f3606ab94d4513ab9375bc390cd84d5c65af32
aws.sdk.kotlin	servicecatalog	1.3.5	-	a4f3606ab94d4513ab9375bc390cd84d5c65af32
aws.sdk.kotlin	servicecatalog	1.3.50	-	a4f3606ab94d4513ab9375bc390cd84d5c65af32
aws.sdk.kotlin	servicecatalog	1.3.51	-	a4f3606ab94d4513ab9375bc390cd84d5c65af32
aws.sdk.kotlin	servicecatalog	1.3.52	-	a4f3606ab94d4513ab9375bc390cd84d5c65af32
aws.sdk.kotlin	servicecatalog	1.3.53	-	a4f3606ab94d4513ab9375bc390cd84d5c65af32
aws.sdk.kotlin	servicecatalog	1.3.54	-	a4f3606ab94d4513ab9375bc390cd84d5c65af32
aws.sdk.kotlin	servicecatalog	1.3.55	-	a4f3606ab94d4513ab9375bc390cd84d5c65af32
aws.sdk.kotlin	servicecatalog	1.3.56	-	a4f3606ab94d4513ab9375bc390cd84d5c65af32
aws.sdk.kotlin	servicecatalog	1.3.57	-	a4f3606ab94d4513ab9375bc390cd84d5c65af32
aws.sdk.kotlin	servicecatalog	1.3.58	-	a4f3606ab94d4513ab9375bc390cd84d5c65af32
aws.sdk.kotlin	servicecatalog	1.3.59	-	a4f3606ab94d4513ab9375bc390cd84d5c65af32
aws.sdk.kotlin	servicecatalog	1.3.6	-	a4f3606ab94d4513ab9375bc390cd84d5c65af32
aws.sdk.kotlin	servicecatalog	1.3.60	-	a4f3606ab94d4513ab9375bc390cd84d5c65af32
aws.sdk.kotlin	servicecatalog	1.3.61	-	a4f3606ab94d4513ab9375bc390cd84d5c65af32
aws.sdk.kotlin	servicecatalog	1.3.62	-	a4f3606ab94d4513ab9375bc390cd84d5c65af32
aws.sdk.kotlin	servicecatalog	1.3.63	-	a4f3606ab94d4513ab9375bc390cd84d5c65af32
aws.sdk.kotlin	servicecatalog	1.3.64	-	a4f3606ab94d4513ab9375bc390cd84d5c65af32
aws.sdk.kotlin	servicecatalog	1.3.65	-	a4f3606ab94d4513ab9375bc390cd84d5c65af32
aws.sdk.kotlin	servicecatalog	1.3.66	-	a4f3606ab94d4513ab9375bc390cd84d5c65af32
aws.sdk.kotlin	servicecatalog	1.3.67	-	a4f3606ab94d4513ab9375bc390cd84d5c65af32
aws.sdk.kotlin	servicecatalog	1.3.68	-	a4f3606ab94d4513ab9375bc390cd84d5c65af32
aws.sdk.kotlin	servicecatalog	1.3.69	-	a4f3606ab94d4513ab9375bc390cd84d5c65af32
aws.sdk.kotlin	servicecatalog	1.3.7	-	a4f3606ab94d4513ab9375bc390cd84d5c65af32
aws.sdk.kotlin	servicecatalog	1.3.70	-	a4f3606ab94d4513ab9375bc390cd84d5c65af32
aws.sdk.kotlin	servicecatalog	1.3.71	-	a4f3606ab94d4513ab9375bc390cd84d5c65af32
aws.sdk.kotlin	servicecatalog	1.3.72	-	a4f3606ab94d4513ab9375bc390cd84d5c65af32
aws.sdk.kotlin	servicecatalog	1.3.73	-	a4f3606ab94d4513ab9375bc390cd84d5c65af32
aws.sdk.kotlin	servicecatalog	1.3.74	-	a4f3606ab94d4513ab9375bc390cd84d5c65af32
aws.sdk.kotlin	servicecatalog	1.3.75	-	a4f3606ab94d4513ab9375bc390cd84d5c65af32
aws.sdk.kotlin	servicecatalog	1.3.76	-	a4f3606ab94d4513ab9375bc390cd84d5c65af32
aws.sdk.kotlin	servicecatalog	1.3.77	-	a4f3606ab94d4513ab9375bc390cd84d5c65af32
aws.sdk.kotlin	servicecatalog	1.3.78	-	a4f3606ab94d4513ab9375bc390cd84d5c65af32
aws.sdk.kotlin	servicecatalog	1.3.79	-	a4f3606ab94d4513ab9375bc390cd84d5c65af32
aws.sdk.kotlin	servicecatalog	1.3.8	-	a4f3606ab94d4513ab9375bc390cd84d5c65af32
aws.sdk.kotlin	servicecatalog	1.3.80	-	a4f3606ab94d4513ab9375bc390cd84d5c65af32
aws.sdk.kotlin	servicecatalog	1.3.81	-	a4f3606ab94d4513ab9375bc390cd84d5c65af32
aws.sdk.kotlin	servicecatalog	1.3.82	-	a4f3606ab94d4513ab9375bc390cd84d5c65af32
aws.sdk.kotlin	servicecatalog	1.3.83	-	a4f3606ab94d4513ab9375bc390cd84d5c65af32
aws.sdk.kotlin	servicecatalog	1.3.84	-	a4f3606ab94d4513ab9375bc390cd84d5c65af32
aws.sdk.kotlin	servicecatalog	1.3.85	-	a4f3606ab94d4513ab9375bc390cd84d5c65af32
aws.sdk.kotlin	servicecatalog	1.3.86	-	a4f3606ab94d4513ab9375bc390cd84d5c65af32
aws.sdk.kotlin	servicecatalog	1.3.87	-	a4f3606ab94d4513ab9375bc390cd84d5c65af32
aws.sdk.kotlin	servicecatalog	1.3.88	-	a4f3606ab94d4513ab9375bc390cd84d5c65af32
aws.sdk.kotlin	servicecatalog	1.3.89	-	a4f3606ab94d4513ab9375bc390cd84d5c65af32
aws.sdk.kotlin	servicecatalog	1.3.9	-	a4f3606ab94d4513ab9375bc390cd84d5c65af32
aws.sdk.kotlin	servicecatalog	1.3.90	-	a4f3606ab94d4513ab9375bc390cd84d5c65af32
aws.sdk.kotlin	servicecatalog	1.3.91	-	a4f3606ab94d4513ab9375bc390cd84d5c65af32
aws.sdk.kotlin	servicecatalog	1.3.92	-	a4f3606ab94d4513ab9375bc390cd84d5c65af32
aws.sdk.kotlin	servicecatalog	1.3.93	-	a4f3606ab94d4513ab9375bc390cd84d5c65af32
aws.sdk.kotlin	servicecatalog	1.3.94	-	a4f3606ab94d4513ab9375bc390cd84d5c65af32
aws.sdk.kotlin	servicecatalog	1.3.95	-	a4f3606ab94d4513ab9375bc390cd84d5c65af32
aws.sdk.kotlin	servicecatalog	1.3.96	-	a4f3606ab94d4513ab9375bc390cd84d5c65af32
aws.sdk.kotlin	servicecatalog	1.3.97	-	a4f3606ab94d4513ab9375bc390cd84d5c65af32
aws.sdk.kotlin	servicecatalog	1.3.98	-	a4f3606ab94d4513ab9375bc390cd84d5c65af32
aws.sdk.kotlin	servicecatalog	1.3.99	-	a4f3606ab94d4513ab9375bc390cd84d5c65af32
aws.sdk.kotlin	servicecatalog	1.4.0	-	a4f3606ab94d4513ab9375bc390cd84d5c65af32
aws.sdk.kotlin	servicecatalog	1.4.1	-	a4f3606ab94d4513ab9375bc390cd84d5c65af32
aws.sdk.kotlin	servicecatalog	1.4.10	-	a4f3606ab94d4513ab9375bc390cd84d5c65af32
aws.sdk.kotlin	servicecatalog	1.4.11	-	a4f3606ab94d4513ab9375bc390cd84d5c65af32
aws.sdk.kotlin	servicecatalog	1.4.12	-	a4f3606ab94d4513ab9375bc390cd84d5c65af32
aws.sdk.kotlin	servicecatalog	1.4.13	-	a4f3606ab94d4513ab9375bc390cd84d5c65af32
aws.sdk.kotlin	servicecatalog	1.4.14	-	a4f3606ab94d4513ab9375bc390cd84d5c65af32
aws.sdk.kotlin	servicecatalog	1.4.15	-	a4f3606ab94d4513ab9375bc390cd84d5c65af32
aws.sdk.kotlin	servicecatalog	1.4.16	-	a4f3606ab94d4513ab9375bc390cd84d5c65af32
aws.sdk.kotlin	servicecatalog	1.4.17	-	a4f3606ab94d4513ab9375bc390cd84d5c65af32
aws.sdk.kotlin	servicecatalog	1.4.18	-	a4f3606ab94d4513ab9375bc390cd84d5c65af32
aws.sdk.kotlin	servicecatalog	1.4.19	-	a4f3606ab94d4513ab9375bc390cd84d5c65af32
aws.sdk.kotlin	servicecatalog	1.4.2	-	a4f3606ab94d4513ab9375bc390cd84d5c65af32
aws.sdk.kotlin	servicecatalog	1.4.20	-	a4f3606ab94d4513ab9375bc390cd84d5c65af32
aws.sdk.kotlin	servicecatalog	1.4.21	-	a4f3606ab94d4513ab9375bc390cd84d5c65af32
aws.sdk.kotlin	servicecatalog	1.4.22	-	a4f3606ab94d4513ab9375bc390cd84d5c65af32
aws.sdk.kotlin	servicecatalog	1.4.23	-	a4f3606ab94d4513ab9375bc390cd84d5c65af32
aws.sdk.kotlin	servicecatalog	1.4.24	-	a4f3606ab94d4513ab9375bc390cd84d5c65af32
aws.sdk.kotlin	servicecatalog	1.4.25	-	a4f3606ab94d4513ab9375bc390cd84d5c65af32
aws.sdk.kotlin	servicecatalog	1.4.26	-	a4f3606ab94d4513ab9375bc390cd84d5c65af32
aws.sdk.kotlin	servicecatalog	1.4.27	-	a4f3606ab94d4513ab9375bc390cd84d5c65af32
aws.sdk.kotlin	servicecatalog	1.4.28	-	a4f3606ab94d4513ab9375bc390cd84d5c65af32
aws.sdk.kotlin	servicecatalog	1.4.29	-	a4f3606ab94d4513ab9375bc390cd84d5c65af32
aws.sdk.kotlin	servicecatalog	1.4.3	-	a4f3606ab94d4513ab9375bc390cd84d5c65af32
aws.sdk.kotlin	servicecatalog	1.4.30	-	a4f3606ab94d4513ab9375bc390cd84d5c65af32
aws.sdk.kotlin	servicecatalog	1.4.31	-	a4f3606ab94d4513ab9375bc390cd84d5c65af32
aws.sdk.kotlin	servicecatalog	1.4.32	-	a4f3606ab94d4513ab9375bc390cd84d5c65af32
aws.sdk.kotlin	servicecatalog	1.4.33	-	a4f3606ab94d4513ab9375bc390cd84d5c65af32
aws.sdk.kotlin	servicecatalog	1.4.34	-	a4f3606ab94d4513ab9375bc390cd84d5c65af32
aws.sdk.kotlin	servicecatalog	1.4.35	-	a4f3606ab94d4513ab9375bc390cd84d5c65af32
aws.sdk.kotlin	servicecatalog	1.4.36	-	a4f3606ab94d4513ab9375bc390cd84d5c65af32
aws.sdk.kotlin	servicecatalog	1.4.37	-	a4f3606ab94d4513ab9375bc390cd84d5c65af32
aws.sdk.kotlin	servicecatalog	1.4.38	-	a4f3606ab94d4513ab9375bc390cd84d5c65af32
aws.sdk.kotlin	servicecatalog	1.4.39	-	a4f3606ab94d4513ab9375bc390cd84d5c65af32
aws.sdk.kotlin	servicecatalog	1.4.4	-	a4f3606ab94d4513ab9375bc390cd84d5c65af32
aws.sdk.kotlin	servicecatalog	1.4.40	-	a4f3606ab94d4513ab9375bc390cd84d5c65af32
aws.sdk.kotlin	servicecatalog	1.4.41	-	a4f3606ab94d4513ab9375bc390cd84d5c65af32
aws.sdk.kotlin	servicecatalog	1.4.42	-	a4f3606ab94d4513ab9375bc390cd84d5c65af32
aws.sdk.kotlin	servicecatalog	1.4.43	-	a4f3606ab94d4513ab9375bc390cd84d5c65af32
aws.sdk.kotlin	servicecatalog	1.4.44	-	a4f3606ab94d4513ab9375bc390cd84d5c65af32
aws.sdk.kotlin	servicecatalog	1.4.45	-	a4f3606ab94d4513ab9375bc390cd84d5c65af32
aws.sdk.kotlin	servicecatalog	1.4.46	-	a4f3606ab94d4513ab9375bc390cd84d5c65af32
aws.sdk.kotlin	servicecatalog	1.4.47	-	a4f3606ab94d4513ab9375bc390cd84d5c65af32
aws.sdk.kotlin	servicecatalog	1.4.48	-	a4f3606ab94d4513ab9375bc390cd84d5c65af32
aws.sdk.kotlin	servicecatalog	1.4.49	-	a4f3606ab94d4513ab9375bc390cd84d5c65af32
aws.sdk.kotlin	servicecatalog	1.4.5	-	a4f3606ab94d4513ab9375bc390cd84d5c65af32
aws.sdk.kotlin	servicecatalog	1.4.50	-	a4f3606ab94d4513ab9375bc390cd84d5c65af32
aws.sdk.kotlin	servicecatalog	1.4.51	-	a4f3606ab94d4513ab9375bc390cd84d5c65af32
aws.sdk.kotlin	servicecatalog	1.4.52	-	a4f3606ab94d4513ab9375bc390cd84d5c65af32
aws.sdk.kotlin	servicecatalog	1.4.53	-	a4f3606ab94d4513ab9375bc390cd84d5c65af32
aws.sdk.kotlin	servicecatalog	1.4.54	-	a4f3606ab94d4513ab9375bc390cd84d5c65af32
aws.sdk.kotlin	servicecatalog	1.4.55	-	a4f3606ab94d4513ab9375bc390cd84d5c65af32
aws.sdk.kotlin	servicecatalog	1.4.56	-	a4f3606ab94d4513ab9375bc390cd84d5c65af32
aws.sdk.kotlin	servicecatalog	1.4.57	-	a4f3606ab94d4513ab9375bc390cd84d5c65af32
aws.sdk.kotlin	servicecatalog	1.4.58	-	a4f3606ab94d4513ab9375bc390cd84d5c65af32
aws.sdk.kotlin	servicecatalog	1.4.59	-	a4f3606ab94d4513ab9375bc390cd84d5c65af32
aws.sdk.kotlin	servicecatalog	1.4.6	-	a4f3606ab94d4513ab9375bc390cd84d5c65af32
aws.sdk.kotlin	servicecatalog	1.4.60	-	a4f3606ab94d4513ab9375bc390cd84d5c65af32
aws.sdk.kotlin	servicecatalog	1.4.61	-	a4f3606ab94d4513ab9375bc390cd84d5c65af32
aws.sdk.kotlin	servicecatalog	1.4.62	-	a4f3606ab94d4513ab9375bc390cd84d5c65af32
aws.sdk.kotlin	servicecatalog	1.4.63	-	a4f3606ab94d4513ab9375bc390cd84d5c65af32
aws.sdk.kotlin	servicecatalog	1.4.64	-	a4f3606ab94d4513ab9375bc390cd84d5c65af32
aws.sdk.kotlin	servicecatalog	1.4.65	-	a4f3606ab94d4513ab9375bc390cd84d5c65af32
aws.sdk.kotlin	servicecatalog	1.4.66	-	a4f3606ab94d4513ab9375bc390cd84d5c65af32
aws.sdk.kotlin	servicecatalog	1.4.7	-	a4f3606ab94d4513ab9375bc390cd84d5c65af32
aws.sdk.kotlin	servicecatalog	1.4.8	-	a4f3606ab94d4513ab9375bc390cd84d5c65af32
aws.sdk.kotlin	servicecatalog	1.4.9	-	a4f3606ab94d4513ab9375bc390cd84d5c65af32
be.cylab.mark	client	0.0.10	-	152724bba3251490fafc0f0f0b2bb190c9d4086a
be.cylab.mark	client	0.0.11	-	b48dd57b67bc4295fc196fef00c1258423a2e68d
be.cylab.mark	client	0.0.12	-	88f2c67ca7841556ac70a44cc96702e4c85e2914
be.cylab.mark	client	0.0.13	-	3e01df3d516b64600cf905a6a1c5540f478ccf34
be.cylab.mark	client	0.0.14	-	c2f086d63c1fdfbd3af97abaeba0221805b792d8
be.cylab.mark	client	0.0.15	-	04efb50af41d8d9fa07c0546d073d4f17e1226c3
be.cylab.mark	client	0.0.17	-	a58a16dae1a234652fd123c8df763f2b36cd9948
be.cylab.mark	client	0.0.19	-	feb80154dd9a06f3f6cdf7c811934146c63e8143
be.cylab.mark	client	0.0.20	-	0ce45149cab5bc59e4d25a0959c735ab70818ea1
be.cylab.mark	client	0.0.21	-	1cecfa4be2aa89a5b4c9e003f7b0c5005b14b95e
be.cylab.mark	client	0.0.22	-	f47da7ed2b2e81995da7e4cd87dfa3d3829a980d
be.cylab.mark	client	0.0.23	-	cd5db86a232e2439648a4b0e71867ac866e1403d
be.cylab.mark	client	0.0.25	-	ce1a5b014e1eebb8305b22800808436222ba6dc8
be.cylab.mark	client	0.0.26	-	701f31703b6398084b41b736471e3b3cc333e561
be.cylab.mark	client	0.0.27	-	07b2e89f73e5fae1e3e547c49d0b0eb04a6cf9a8
be.cylab.mark	client	0.0.28	-	6656190c9509f8fa30560b542bd745565515053b
be.cylab.mark	client	1.0.0-RC1	-	7f780d894fcbaacaafc04012c58bdf6b514bd61a
be.cylab.mark	client	1.1.0	-	fbd0cae4ff56ee2f1f76e52ef8467e1f2fc6ee81
be.cylab.mark	client	1.2.0	-	35ac454343a953c2a21a49d0d8fad82194912445
be.cylab.mark	client	1.3.0	-	f6fd866ddab1cff42c676f7bb7a5eb2ba0320642
be.cylab.mark	client	1.3.1	-	06f40fa3089b1de3d23b17f3279c928690520f41
be.cylab.mark	client	1.3.2	-	49a3ba5c806d2c4e1c7e279eecf81c938c7000ba
be.cylab.mark	client	1.3.3-RC1	-	0b910da99636864f3038fb0916ca3e9356c56c00
be.cylab.mark	client	1.4.0	-	cd2803cf57be5779b1c7ffae7efeb072a45ff3eb
be.cylab.mark	client	1.5.0	-	b669e5a17237b3a59c79078bada8e8776d12134b
be.cylab.mark	client	1.5.1	-	e21899913f19c02a0adbeca13d9987c02c9a6942
be.cylab.mark	client	1.5.2	-	b2620f42ca0a8d66a57b9e21ab7be859fd23ee17
be.cylab.mark	client	1.5.3	-	3e10b1e1b92ef205a1c0f7f010c895f6d82b5b36
be.cylab.mark	client	2.0.0	-	bded3c7da5d07c72e909232206a5069e321a5d84
be.cylab.mark	client	2.1.1	-	07a5f3139ce75f9fa11d9993237e13260959d132
be.cylab.mark	client	2.2.0	-	2aeced0302735ed82470b1eb83a09f6f44fd807a
be.cylab.mark	client	2.2.1	-	647822b4727fdf7d16f300b24c6569e41416200c
be.cylab.mark	client	2.2.2	-	acf759a8ff912b884c59c933e3191d69955a799f
be.cylab.mark	client	2.3.0	-	67ae34715080c4b641f4faa61153c7315b55b90e
be.cylab.mark	client	2.5.0	-	bd076cb13023db0330295d1b3564a8170e8707b6
be.cylab.mark	client	2.5.1	-	be77d75253b3bec681faca6e5600ecdc7e9e6d96
be.cylab.mark	client	2.5.2	-	9fa16bfcade0e7343b654a9a9435237f48b2b405
be.cylab.mark	client	2.5.3	-	f7fef102d322aa8d13972363784f8af3785558df
be.cylab.mark	client	2.6.0	-	ae71d3175a73e984a1831c614a53efb972d43010
be.vlaanderen.informatievlaanderen.vsds	ldes-fragmentisers-reference	2.10.0	-	cf4bcd36c04452d20a8c5e59ea659e9f55ffce65
be.vlaanderen.informatievlaanderen.vsds	ldes-fragmentisers-reference	2.10.0	2.10.0-jar-with-dependencies	682c99269d0e6f08f4a78d0d5384c80662b4568f
be.vlaanderen.informatievlaanderen.vsds	ldes-fragmentisers-reference	2.14.0	-	79ec297259a05236cf924cbd977fbc787c3299be
be.vlaanderen.informatievlaanderen.vsds	ldes-fragmentisers-reference	2.14.0	2.14.0-jar-with-dependencies	bb539d2b53eda586ce2222fb69c90d346b932c0b
be.vlaanderen.informatievlaanderen.vsds	ldes-fragmentisers-reference	3.0.0	-	4dacd3d72955d1bb5d90d1aa8db442f54a40bf30
be.vlaanderen.informatievlaanderen.vsds	ldes-fragmentisers-reference	3.0.0	3.0.0-jar-with-dependencies	e6c89331ce5297cc35604a2bd68ffd01b2cc200c
be.vlaanderen.informatievlaanderen.vsds	ldes-fragmentisers-reference	3.3.0	-	9f9b5eba41dd4a731a519c875b97f9846e6f2703
be.vlaanderen.informatievlaanderen.vsds	ldes-fragmentisers-reference	3.3.0	3.3.0-jar-with-dependencies	6db9f94fc99d03b4c95955334ac3d78855799cb5
be.vlaanderen.informatievlaanderen.vsds	ldes-fragmentisers-reference	3.4.0	-	e85828d9b2c61b829d5a514580c6b68cf6c9777c
be.vlaanderen.informatievlaanderen.vsds	ldes-fragmentisers-reference	3.4.0	3.4.0-jar-with-dependencies	f8e9e335da095b95f4de340a1175c40afcfa47e6
be.yildiz-games	engine-server	1.0.0	-	423c0f2329f05b1faf32961d292d6fe56d1f0878
be.yildiz-games	engine-server	1.0.1	-	f23e9a3c83cf2c925e98e65473bea6814f385d82
be.yildiz-games	engine-server	1.0.10	-	90b841fbad459cac472ead63ae2a4ad3ee42e52f
be.yildiz-games	engine-server	1.0.2	-	817e9e170bc19980f5ef099ca4940373e96f80a3
be.yildiz-games	engine-server	1.0.3	-	1d5f18424c8acb1e3f272159b16b0462e8443223
be.yildiz-games	engine-server	1.0.4	-	440829f2a7e270532aa56f3a1aa15916fb4cdef7
be.yildiz-games	engine-server	1.0.5	-	753411dd1edb64adf5e8d6150927df84e4ab7059
be.yildiz-games	engine-server	1.0.6	-	f2f00861dae41b1f9fe6d9b7d1fce84c874d4fc0
be.yildiz-games	engine-server	1.0.7	-	198ce5ee36590c0aff5b3d1281ff6cc71d06ad08
be.yildiz-games	engine-server	1.0.8	-	1e111303784d4eabc97aae291c6e7b7dc5e77d28
be.yildiz-games	engine-server	1.0.9	-	96572197568aa64fd7cbbf9834034261fff39de1
br.unb.erlangms	ems_java	1.0.8.0-RELEASE	-	6246bf15bf7790b822bf3c59c49ec20897086d45
br.unb.erlangms	ems_java	1.0.8.1-RELEASE	-	a0c589f2158ec146c652b255606a680d61f7cf62
br.unb.erlangms	ems_java	1.0.8.2-RELEASE	-	901aacea6ee89786d5a5e198ff3d75c0abc4dee9
br.unb.erlangms	ems_java	1.0.8.8	-	eb4a3403aae4cd0882f97ba19b0788876acec3fb
br.unb.erlangms	ems_java	2.0.0.0	-	2f70bfe8d2cf2a608575297d05e2f42ec1d216f0
br.unb.erlangms	ems_java	2.0.0.0-RELEASE	-	54091bea196ce381a826ed51a83c6a0eb24ead16
br.unb.erlangms	ems_java	2.0.0.1	-	0045d736fc00629e1659bd288f07cc74d7652042
br.unb.erlangms	ems_java	2.0.0.2-RELEASE	-	5658bc829d900e1fd45a2b2cf98d038deb981136
ca.juliusdavies	not-yet-commons-ssl	0.3.11	-	325f6743e2747b3e886897e3eea810db11ede393
ca.juliusdavies	not-yet-commons-ssl	0.3.9	-	e20f0960c000681c91d00de846a43cf2051b8f69
cc.unitmesh	client	0.3.8	-	a01ec01c17ee587dbeae84b94afd7fdfc203d051
cc.unitmesh	client	0.4.0	-	a520d39fd63ac85cc7b828e275af2b311004949c
ch.exense.step	java-plugin-handler	3.10.0	-	acf99d356e1e4a6a4d8d535586f0e1eab4c89493
ch.exense.step	java-plugin-handler	3.10.0	3.10.0-jar-with-dependencies	b7581199c1f057c5272a85b20b20bca304e890b9
ch.exense.step	java-plugin-handler	3.10.1	-	fd113d565ed70237b44d56bd41105f6e4dcf20ea
ch.exense.step	java-plugin-handler	3.10.1	3.10.1-jar-with-dependencies	a594c553cb507c6e354f8e87368bf1981972ee32
ch.exense.step	java-plugin-handler	3.10.2	-	8c32484503833836c9fe99868eca5373608781fa
ch.exense.step	java-plugin-handler	3.10.2	3.10.2-jar-with-dependencies	50f2f0f5e59b78ca2e62e4c2178fc10752bba828
ch.exense.step	java-plugin-handler	3.10.3	-	d7cb2f1346394941fdff7a80628939b71ce92d36
ch.exense.step	java-plugin-handler	3.10.3	3.10.3-jar-with-dependencies	f2079670a89efeaace833ac59f4b30ad16f9a041
ch.exense.step	java-plugin-handler	3.6.1	-	ae3d58e4953d50bf25ced291219174e2afe540b3
ch.exense.step	java-plugin-handler	3.6.1	3.6.1-jar-with-dependencies	805cc0ae133244a0cb19c49522491dc31a60dd70
ch.exense.step	java-plugin-handler	3.6.3	-	0fe0e0079de9a83b086d61293464ebf0c3ddea7d
ch.exense.step	java-plugin-handler	3.6.3	3.6.3-jar-with-dependencies	59b2b29fc480f51b03782ededcdcd0ab90aa5893
ch.exense.step	java-plugin-handler	3.6.4	-	6f4faa9c69235a2f41197244c74b42deb08df0e2
ch.exense.step	java-plugin-handler	3.6.4	3.6.4-jar-with-dependencies	a92c5cdbd05ae2bd83d28ec2d190ee3fe79d168e
ch.exense.step	java-plugin-handler	3.7.0	-	0d4324e5fb62432a10a76f917793ff2f91839105
ch.exense.step	java-plugin-handler	3.7.0	3.7.0-jar-with-dependencies	24dfc43b07249e6c492b186d545fb893ebc4b3da
ch.exense.step	java-plugin-handler	3.7.1	-	a2adf7ad478c8125ddbfe772e2cbceb05e8e798a
ch.exense.step	java-plugin-handler	3.7.1	3.7.1-jar-with-dependencies	47beb8bbc557fae2c58d509684fc1b82499664a2
ch.exense.step	java-plugin-handler	3.7.2	-	38a336f15e333e8ad5009079ca3f33a9eaac0d46
ch.exense.step	java-plugin-handler	3.7.2	3.7.2-jar-with-dependencies	f38899d9c3b8fcd67a5c25f2ff93cba0c652ffc6
ch.exense.step	java-plugin-handler	3.7.3	-	91b277543b4ea04ee191d05a62f9011ed421f981
ch.exense.step	java-plugin-handler	3.7.3	3.7.3-jar-with-dependencies	0566dfa16a595588702a42b4f00c66c48bd914c3
ch.exense.step	java-plugin-handler	3.8.0	-	074ddd0d6951c5d0060fccaff12382871794548b
ch.exense.step	java-plugin-handler	3.8.0	3.8.0-jar-with-dependencies	2281663822d68f1137f879f843a368e7ab9a65ef
ch.exense.step	java-plugin-handler	3.8.1	-	64fdff98da62d1157e4a40f193f4f687c831563f
ch.exense.step	java-plugin-handler	3.8.1	3.8.1-jar-with-dependencies	c33cfa514baaf49ba65e46cff405caf665eb4f93
ch.exense.step	java-plugin-handler	3.8.2	-	15fbf4f4b87704dc156ad6d897909db62b0023a6
ch.exense.step	java-plugin-handler	3.8.2	3.8.2-jar-with-dependencies	1980395c2f40eb937a262ee411204da08f7645f2
ch.exense.step	java-plugin-handler	3.9.0	-	165a4100ff10640849e5c5042aea27cebbe47732
ch.exense.step	java-plugin-handler	3.9.0	3.9.0-jar-with-dependencies	7875a3cf798dd754a3eff656be6ab76f2b0d6372
ch.exense.step	java-plugin-handler	3.9.1	-	c01b2a41849185da317f1c88e1e3c1d63ae0c0c0
ch.exense.step	java-plugin-handler	3.9.1	3.9.1-jar-with-dependencies	c2afbe669590a2672d259411c14bcd3e84946b4c
ch.exense.step	java-plugin-handler	3.9.2	-	7544d89df530a11028d4d6b6b1e224a38ba0cf54
ch.exense.step	java-plugin-handler	3.9.2	3.9.2-jar-with-dependencies	e2f8f6435ddbcfa87c4bba5f06c46830bbc4b23b
ch.exense.step	java-plugin-handler	3.9.3	-	0ccd18f05c95a8148c7f875faf672648ad569da0
ch.exense.step	java-plugin-handler	3.9.3	3.9.3-jar-with-dependencies	620de538734dbdffe2b27b2bb9346d0fe3ab600d
ch.exense.step	java-plugin-handler	3.9.4	-	69a5b41449ce282cc7aee41595b09b722404eb6e
ch.exense.step	java-plugin-handler	3.9.4	3.9.4-jar-with-dependencies	fa7f26f631a61b4fe9cd418f59699e6845a8e8d2
ch.exense.step	java-plugin-handler	3.9.5	-	cb4dfc7f432133884a31abdf55567f289d3bb4bb
ch.exense.step	java-plugin-handler	3.9.5	3.9.5-jar-with-dependencies	17f26e86f9becf591ed8abdd3968ee2478cd5b85
ch.tutteli.atrium	atrium-core-jvm	1.0.0	-	dc2026adb26366b15f7e05b4f881d1fe200ceef8
ch.tutteli.atrium	atrium-core-jvm	1.0.0-RC1	-	982064654b603e9ac41cb2562e0365d5a126b35e
ch.tutteli.atrium	atrium-core-jvm	1.0.0-RC2	-	05ed058e5ea5381baaeced0e644228de669498af
ch.tutteli.atrium	atrium-core-jvm	1.1.0	-	0c92e74fd6b1b19b01360c8523d7a58111fce8e2
ch.tutteli.atrium	atrium-core-jvm	1.1.0-IR-alpha	-	05ec96b802c3abdd83cb79708d696742bb9cd6db
ch.tutteli.atrium	atrium-core-jvm	1.2.0	-	a15ece86e8496ea9dff200bcf87e077b8615b1b2
ch.tutteli.atrium	atrium-core-jvm	1.2.0-RC1	-	928bdcf39c493aece3e51e09d8f091b6edd347c0
ch.tutteli.atrium	atrium-core-jvm	1.3.0-alpha-1	-	a8348690c92146a6455290ba4a2f2777d8eda488
cn.com.antcloud.api	antcloud-api-ak_0cce1ca29266424ab22c6aaa22c16d70	1.0.0	-	664615ffdcad53dcc2a562ec2cb95a70cb4c1353
cn.easy4j	easy4j-oss-spring-boot-starter	0.5.0.RELEASE	-	f531caff43aae1be5db770db1ef24ca4d002e773
cn.easy4j	easy4j-oss-spring-boot-starter	0.5.1.RELEASE	-	9d30ddf6184a63d995f2e0e64b183448989b893f
cn.fox-tech	fox-edge-server-common-utils-redis	1.0.1	-	634d6524115b0d78b2a4dcea5e99bcb2b87b418c
cn.fox-tech	fox-edge-server-common-utils-redis	1.0.2	-	6e1a0e1521e48339181278a74d55917e5b03b8d0
cn.fox-tech	fox-edge-server-common-utils-redis	1.0.3	-	088cfe0a3f6a5579f8e3f5bab4ad707aebd1b00f
cn.fox-tech	fox-edge-server-common-utils-redis	1.0.4	-	61a3e2adf3fe9b144a7bf88122312d8a3686ddb0
cn.fox-tech	fox-edge-server-common-utils-redis	1.0.7	-	9f8ef48019beef9711c482e5b660ff51823b3f71
cn.fox-tech	fox-edge-server-common-utils-redis	1.0.8	-	643fb1842616a24f884c2ceb6c86eddae826b50c
cn.fox-tech	fox-edge-server-common-utils-redis	1.0.9	-	6952c2af6e64c7e44aa432de0afac6d51c3075c0
cn.fox-tech	fox-edge-server-common-utils-redis	1.1.0	-	bdfecebb93bfcfab8deab6003d1d271464f2e16a
cn.fox-tech	fox-edge-server-common-utils-redis	1.1.1	-	3366f09aa0e697b09e22a3a04c018d4db4b4183a
cn.fox-tech	fox-edge-server-common-utils-redis	1.1.2	-	a1fb92919a079044c5de0bf900b923d14a75c2ec
cn.fox-tech	fox-edge-server-common-utils-redis	1.1.3	-	ee714a5b7344b1cf72ef692867a8c385b3b0ae6b
cn.fox-tech	fox-edge-server-common-utils-redis	1.1.4	-	e3426abb9900cec549844efa4164f80316de04cf
cn.fox-tech	fox-edge-server-common-utils-redis	1.1.5	-	849ae399007ab32a3a77aa2106d531f481ab5b5e
cn.fox-tech	fox-edge-server-common-utils-redis	1.1.6	-	da42d18276a2a699333ad2ba9b5010711b74bc06
cn.fox-tech	fox-edge-server-common-utils-redis	1.1.7	-	02afa07b0b426f1c28915dee68ef575764a805a9
cn.fox-tech	fox-edge-server-common-utils-redis	1.1.8	-	1f62a3073a75faa4adb6386d877eb63fbcd895bf
cn.fox-tech	fox-edge-server-common-utils-redis	1.1.9	-	06647040b38c04402ba78747cb6caa9df5dc9db2
cn.fox-tech	fox-edge-server-common-utils-redis	1.2.0	-	a246a1133f6d12667d09e81af885509d86dbe28a
cn.fox-tech	fox-edge-server-common-utils-redis	1.2.1	-	e5657edd7eae2c50a2ac29c5a32e02d386c307c2
cn.fox-tech	fox-edge-server-common-utils-redis	1.2.3	-	6dc324a09bacbcb2308168d1af9a1485b32343d9
cn.gmlee.tools	tools-alibaba	4.20.0	-	e194fe137701a4675ac6d848f04f8d17d65f734d
cn.gmlee.tools	tools-alibaba	4.20.2	-	597b85aa9593458437423304ef1f46e68e31a240
cn.gmlee.tools	tools-alibaba	4.20.3	-	9abce27a3ce89bb17ba0cbe4259fdadfecf794d0
cn.gmlee.tools	tools-alibaba	4.20.5	-	47523cbe1fce7e427694f53d16f4772b8e570004
cn.gmlee.tools	tools-alibaba	4.21.0	-	75aca3a4ec4c5d36d25cecbc170eccdad2322431
cn.gmlee.tools	tools-alibaba	4.21.1	-	4e65189d22f1544dd4b69a65a50d782c1f2ce641
cn.gmlee.tools	tools-alibaba	4.21.2	-	5ddec6d2da481cb4d445fb368cb6b3fe03919bf2
cn.gmlee.tools	tools-alibaba	4.21.3	-	13698c14d11ba3d2a411ee43b518dd2ec206a455
cn.gmlee.tools	tools-alibaba	4.22.1	-	528c39ef4b8dfe8e066624cdf787c20868580b10
cn.gmlee.tools	tools-alibaba	4.22.2	-	1547383a63dba3cfeed1d6eafdf92f558b4a2cbb
cn.gmlee.tools	tools-alibaba	4.22.3	-	e04380f76e3b754b4d6587709f7077e2661d9db7
cn.gmlee.tools	tools-alibaba	5.0.0	-	9037aa98f118509f9a3fad5de0bc553561750435
cn.gmlee.tools	tools-alibaba	5.1.0	-	4b559677350322397d83e6c6dce5f5d09dbb799a
cn.gmlee.tools	tools-alibaba	5.1.1	-	73089ad1110a48d11351b506e7459155cf1cab92
cn.gmlee.tools	tools-alibaba	5.1.2	-	3a8ba6dd8459e5219d1e3a49f0f04fe58adf74da
cn.gmlee.tools	tools-alibaba	5.1.3	-	7ecda52da9181b30df62091c8a46178ebf15efe5
cn.gmlee.tools	tools-alibaba	5.1.4	-	3a05f7a14a118566525dd7e73ba5abf20f066196
cn.gmlee.tools	tools-alibaba	5.1.5	-	c1c38f097bbad58208c17db29f110b75f0ef2b97
cn.gmlee.tools	tools-alibaba	5.1.6	-	4a4b56af75706e029fe109477fedb44943844c40
cn.gmlee.tools	tools-alibaba	5.1.7	-	c9ca9816e3698a18da7d16ab2b177c6ac34049d9
cn.gmlee.tools	tools-alibaba	5.1.8	-	238b7e4adfa92e279d47c40a673cb66c48268989
cn.gmlee.tools	tools-alibaba	5.1.9	-	54357f492fb02dc8c4a9efb7fcd25429fcadb674
cn.gmlee.tools	tools-alibaba	5.2.1	-	c5b878b990977a8e18ee8adde5e331ac92518030
cn.gmlee.tools	tools-alibaba	5.2.2	-	196417c693aa25041762ff2cde447944b045e6d0
cn.gmlee.tools	tools-alibaba	5.2.3	-	d1917300a77f7dcd9427e3642f8c1809c13adcc7
cn.gmlee.tools	tools-alibaba	5.2.4	-	4a1e3da8e99fa557d13bdc01446c49199c76409e
cn.gmlee.tools	tools-alibaba	5.2.5	-	d647927eff67043a8a70bf4df59223bd498a0ea2
cn.gmlee.tools	tools-alibaba	5.2.6	-	4a3178d8d2cdd74a41575d25651315e6a70af31f
cn.gmlee.tools	tools-alibaba	5.2.9	-	4d8bc722ab37fc80bef4e56df29f0a5b7144511c
cn.gmlee.tools	tools-alibaba	5.3.0	-	7c1686d96879282e0e4c4bec9a639181869b851e
cn.gmlee.tools	tools-alibaba	5.3.1	-	071d309be39fff4425e7aca5bd617494361318c9
cn.gmlee.tools	tools-alibaba	5.3.10	-	9fd7b25f1aba3ce1a35eafc5fe46704193c217dc
cn.gmlee.tools	tools-alibaba	5.3.11	-	6dd2b4ebc614c04651e2f5a1adfb1b6c109479ff
cn.gmlee.tools	tools-alibaba	5.3.12	-	f0d70008debf4dc631d597dce83913bbd8e373b9
cn.gmlee.tools	tools-alibaba	5.3.13	-	2fc902a8c37269243c2ce73860c3a966f8461ab4
cn.gmlee.tools	tools-alibaba	5.3.14	-	acbf1fbad98a358b7b8c0e2f462f736428bf1e59
cn.gmlee.tools	tools-alibaba	5.3.2	-	b25abc384783794fb7f2150bc3e639af77793575
cn.gmlee.tools	tools-alibaba	5.3.3	-	1b9e59bd12e7421cfb89b094cbe48f76f228fd11
cn.gmlee.tools	tools-alibaba	5.3.4	-	782de41ae1c62b00a371f7874568e5608390bb1b
cn.gmlee.tools	tools-alibaba	5.3.5	-	945ba97e271eb927e9b9985da1094751035d4120
cn.gmlee.tools	tools-alibaba	5.3.6	-	093dbf28e49f858be7a37e549d12acaf33710883
cn.gmlee.tools	tools-alibaba	5.3.7	-	6737e31a5c2676dd08908d06f90e084589d07475
cn.gmlee.tools	tools-alibaba	5.3.8	-	a6c95d489fd63e0765fa573979b4fac318e7141d
cn.gmlee.tools	tools-alibaba	5.3.9	-	d8d62cf333264f7f377b5f7051771ce90978388d
cn.gmlee.tools	tools-alibaba	5.4.0	-	a2740fec81efe69518717cec84f5149c3f2df7ac
cn.gmlee.tools	tools-alibaba	5.4.1	-	879f0eee9d723473ce96992f17391daf7ebe11a3
cn.gmlee.tools	tools-alibaba	5.4.10	-	4cac7ca900894b37be81e8a2bfd6f1934158f719
cn.gmlee.tools	tools-alibaba	5.4.2	-	61a7054461c6b2727e6b1153fec6cc4c596d459f
cn.gmlee.tools	tools-alibaba	5.4.3	-	484a38b0400063b0374fb40b85a8f0ff65238b30
cn.gmlee.tools	tools-alibaba	5.4.4	-	edf4a0bf2331ac9bfc25abf701145ce62fe476af
cn.gmlee.tools	tools-alibaba	5.4.5	-	fb65696a16c42f4393f37f8ffcf5ec4a4d26cacc
cn.gmlee.tools	tools-alibaba	5.4.6	-	12faf712d35946106c0559a0f3fea119473547b3
cn.gmlee.tools	tools-alibaba	5.4.7	-	47acf7c53e2cd5ebfe42520bf4e1f65ad69b429f
cn.gmlee.tools	tools-alibaba	5.4.8	-	2df9f5db9e18402ee5a87093e9d528e47a87586c
cn.gmlee.tools	tools-alibaba	5.4.9	-	1fbeab8cd80f5d6309d1f349bb447ef9fd579307
cn.gmlee.tools	tools-alibaba	5.5.0	-	0bf8cdef3babbb8c98d6834812dc2e22b482cc22
cn.gmlee.tools	tools-alibaba	5.5.1	-	d0f9036d92ce8aab245bae58368116cd08aaca70
cn.gmlee.tools	tools-alibaba	5.5.3	-	1d3918baf332fc640978fb7802172e7eddb48e27
cn.gmlee.tools	tools-alibaba	5.6.0	-	d00fe83509e52ba4f048a7c543894b7ef578817b
cn.gmlee.tools	tools-alibaba	5.6.1	-	9a91ed91b828fd9ac4a361e7d96d32040c5f8c64
cn.gmlee.tools	tools-alibaba	5.6.2	-	eeb00eb4f79a7c0f5a49ad2edc9a65ae0487413d
cn.hiboot.mcn	crud-maven-plugin	2.2.11	-	5a0730357671baa63111fd2ac231cf99d7ad9070
cn.hiboot.mcn	crud-maven-plugin	2.3.0	-	93c3f9287dfb3911fc1660cb9a2f074727658ac0
cn.hiboot.mcn	crud-maven-plugin	2.3.1	-	d95e782c411f0e67d2c5eb002be505e5a5b9aae4
cn.hiboot.mcn	crud-maven-plugin	2.3.10	-	4e6716c7b099c8dc3511d71dc616b74720664546
cn.hiboot.mcn	crud-maven-plugin	2.3.11	-	3d2cddae0e5a07f801ae04e66d085a77e0dfa67b
cn.hiboot.mcn	crud-maven-plugin	2.3.12	-	48c8af084ca58a109d67f69f3c9972ba9067f0d4
cn.hiboot.mcn	crud-maven-plugin	2.3.2	-	5e0c4fb67441920ebcbd6d295aea8ea7fcc43f43
cn.hiboot.mcn	crud-maven-plugin	2.3.3	-	90153b9971ab03112784a2fbca06b3cfb4758a8a
cn.hiboot.mcn	crud-maven-plugin	2.3.4	-	842fe12b20e9dd1f9325637e367f1fad90b4c5d1
cn.hiboot.mcn	crud-maven-plugin	2.3.5	-	6053d5462f18f3a0f4e42fe1c3fc9a3d30099ba2
cn.hiboot.mcn	crud-maven-plugin	2.3.6	-	48c96ffc7b9cc89e3592648a0bc480e371e43f3d
cn.hiboot.mcn	crud-maven-plugin	2.3.7	-	f1957254d5e0906841e9ec25d330953a2f99aa13
cn.hiboot.mcn	crud-maven-plugin	2.3.8	-	e329f227fcf2281a26428ba356c0056c6444503c
cn.hiboot.mcn	crud-maven-plugin	2.3.9	-	1c37210fcf3f95b4b5d1decd62b0d5983c7ffdfa
cn.hiboot.mcn	crud-maven-plugin	2.4.1	-	20884dbc7a73122c617098ce2ac8477738f4514c
cn.hiboot.mcn	crud-maven-plugin	2.4.2	-	7adbd8447d98564eba4443f1348c972c4bbbc815
cn.hiboot.mcn	crud-maven-plugin	2.4.3	-	5388137135fa0bfae33f47b92a16c29c7c4b7df3
cn.hiboot.mcn	crud-maven-plugin	2.4.4	-	a46c1738602f4b961f95e4ea423e623b951438cc
cn.hiboot.mcn	crud-maven-plugin	2.4.5	-	a30bf245fac89627a136573e3aa19aff33717509
cn.hiboot.mcn	crud-maven-plugin	2.4.6	-	36a421006a712d54c4c9257a22cc3af6b1b01160
cn.hiboot.mcn	crud-maven-plugin	2.5.0	-	8c25579c245e72c37307c37fc12d288b10e2ccac
cn.hiboot.mcn	crud-maven-plugin	2.5.1	-	ca9f19cd7875b85349c20117d1f2a0be7de04564
cn.hiboot.mcn	crud-maven-plugin	2.5.2	-	4c6cea05ce95e5281f46b2e60221d7732088203a
cn.hiboot.mcn	crud-maven-plugin	2.5.3	-	b04504bffe262e17ad7c6d86f35be1fbe80e174f
cn.hiboot.mcn	crud-maven-plugin	2.5.4	-	67259bf6b4ff4416ddc7d8b5d7bf32c2ae8d7158
cn.hiboot.mcn	crud-maven-plugin	2.5.5	-	289b0c7567f3ff41cafeb15e104752b90fd931da
cn.hiboot.mcn	crud-maven-plugin	2.5.6	-	9891d64d743cfefcbd34abb826e40d8dd4c62835
cn.hiboot.mcn	crud-maven-plugin	2.5.7	-	35f996f0463dd3eb252ac5eb3421c9a075ecf4fa
cn.hiboot.mcn	crud-maven-plugin	2.5.8	-	f972c0f6ec1cb0800b5946ae78e4529cc3e42b26
cn.hiboot.mcn	crud-maven-plugin	2.5.9	-	96e4655f4036f89338ade215c4aa1882c0f3af70
cn.lingyangwl.framework	aliyun-oss-spring-boot-starter	1.1.0	-	0d7c71050cf9c7e8830511d4e685ba74691994d2
cn.lingyangwl.framework	aliyun-oss-spring-boot-starter	1.2.0	-	b2f9a43a1a5f78a65d8e3806df4901711fe29bef
cn.lingyangwl.framework	aliyun-oss-spring-boot-starter	1.3.0	-	16ae9a847498183edacde8b9fa8b2d68ba81023b
cn.raddev	onecode-plugins-formula	1.0	-	7f953ae8c83e82855712bd0e53b9fb0e4b9c2b45
cn.raddev	onecode-plugins-formula	1.0.2	-	1f6235b6825160608806a0a6d3b66540b0ca66ee
cn.raddev	onecode-plugins-formula	1.0.6	-	06687fcf37f66d0cb6d14de6db8349f658699a36
cn.raddev	onecode-plugins-formula	1.0.8	-	15da6542f48f776167696ef0bc21905d223b2f54
cn.raddev	onecode-plugins-formula	1.1	-	2e4201625f52f416d49769404da2314ab43d6262
cn.raddev	onecode-plugins-formula	1.1.2	-	311619f3051a5137e25d2878aff70759527043c9
cn.raddev	onecode-plugins-formula	2.0	-	51cefcd2ce843ba625d363b678d58ed3cd366069
cn.stylefeng.roses	config-sdk-db	7.0.0	-	9a6a2ec4e2759f36bb16c98da0c7ed19378e546e
cn.stylefeng.roses	config-sdk-db	7.0.1	-	08d415b0994aa104d38b6b9d6d74d847c11cd9b6
cn.wxxsxx	sms-sdk-java	4.0.0	-	4881de28b1fd0a8a4bead32c7e6619dc9ef33005
cn.wxxsxx	sms-sdk-java	4.0.1	-	f3a06edc06ad72d2b3e5b64e01906d6e2be0bbee
cn.wxxsxx	sms-sdk-java	4.0.2	-	5afa80c6bd5e86232f41615d2d8e5a25d94a5e6e
cn.wxxsxx	sms-sdk-java	4.0.3	-	b0ba3e9a69325a33aa980ad4e4a8177211ad566b
cn.wxxsxx	sms-sdk-java	4.0.4	-	c14eefd65b49bc8b75cca83f3f91f456603f325c
cn.wxxsxx	sms-sdk-java	4.0.5	-	316208d93f7ab2f81fdbd8eed517180c3a551f88
cn.wxxsxx	sms-sdk-java	4.0.6	-	53b85a43632710de259cbaad525faa65a552c4d9
cn.wxxsxx	sms-sdk-java	4.0.7	-	d817673b3eae5a1560ea0a7781a6064878e203f9
co.early.fore	fore-net-apollo-tvosarm64	2.0.0-rc.2	2.0.0-rc.2-metadata	3deac4ef4ccdafe2ba163aa1d926abd5533a3d6b
co.early.fore	fore-net-apollo-tvosarm64	2.0.0-rc.3	2.0.0-rc.3-metadata	5f75b72e57eeac7df0d2017e306abedfa4837aa1
co.touchlab	stately-common	1.1.10	-	65885c6ca993cfa0b1749747b09baf1685e0d478
co.touchlab	stately-common	1.1.10	1.1.10-all	c9f53a12fa78da93dfc78c6c15d51e76649b68aa
co.touchlab	stately-common	1.1.3	-	99ea4343580e563cbbac99871e8b87f0f451f77c
co.touchlab	stately-common	1.1.4	-	516a02d3ee742cda636491cfc1fda46926a5be07
co.touchlab	stately-common	1.1.5	-	73c3ea81ac34da85643898c5aab402a7d93515f3
co.touchlab	stately-common	1.1.6	-	abe47ccdc5fd224b77ac8f1111bcc54be9f82e82
co.touchlab	stately-common	1.1.7	-	6d4e805fa1aa20529e73b347a3aaeb69bf2a5ea8
co.touchlab	stately-common	1.1.9	-	de783457bf7da3f71951358205bcfb28f59e0464
co.touchlab	stately-common	1.1.9	1.1.9-all	d831fdb04a42ec1d2c2ae4ed164fd6e18a6063bc
co.touchlab	stately-common	1.1.9-hmpp	-	2971274712c9286dd21fef41e98dd5f8d6ac8178
co.touchlab	stately-common	1.1.9-hmpp	1.1.9-hmpp-all	976bd64804435103829dbc7b29b3f8ff5a4d17fb
co.touchlab	stately-common	1.2.0	-	173376ce45f5718d7535e6f5a5325796134ee695
co.touchlab	stately-common	1.2.0	1.2.0-all	16eaef6751c894152ece0232ee7b9ff87a58c348
co.touchlab	stately-common	1.2.0-nmm	-	731f82266b8282e14f4ea381db87b1bfd3b91693
co.touchlab	stately-common	1.2.0-nmm	1.2.0-nmm-all	c54669ccec659146bd737fbe7d7f9967263dcec1
co.touchlab	stately-common	1.2.1	-	eaa0225142e667615b2eeec1e6554b07cd269819
co.touchlab	stately-common	1.2.1	1.2.1-all	9b2775b911d872442ed91e0db63fbdfc1868cc39
co.touchlab	stately-common	1.2.2	-	27799006e10bc78fcebf62634ba0b3aba0a2c678
co.touchlab	stately-common	1.2.3	-	5ece5d16e572dd6e704268a434f5ca623970cf92
co.touchlab	stately-common	1.2.3	1.2.3-all	c5d2fe54422e0668245e5d6950e4a3b6bdf33ba4
co.touchlab	stately-common	1.2.5	-	4064a0da4a8e241e204c9a04b6d8ff3e71cae467
co.touchlab	stately-common	1.2.5	1.2.5-all	4de144efd3106997a9cede8164972a0ba19b85f6
co.touchlab	stately-common	2.0.0	-	70583bc76fbd759e8b1d2fdd96c488dc57a52721
co.touchlab	stately-common	2.0.0-rc1	-	5cf589429814c97b3bee2989d329fa9b369862c9
co.touchlab	stately-common	2.0.0-rc1	2.0.0-rc1-all	4de144efd3106997a9cede8164972a0ba19b85f6
co.touchlab	stately-common	2.0.0-rc2	-	9923b97a262f0684e5ada4c01f6dd97f48a32b8c
co.touchlab	stately-common	2.0.0-rc2	2.0.0-rc2-all	e58c747b26466fcb3aac04666981bd6b02d9ff6b
co.touchlab	stately-common	2.0.0-rc3	-	7d990e95dd9445c4fc9e56640d5c33807c92cba2
co.touchlab	stately-common	2.0.0-rc3	2.0.0-rc3-all	344539fa7cb5e8c55ac4ee7b0e27594c3b9c99c8
co.touchlab	stately-common	2.0.2	-	0722c0007317880c4b7374d3a48d83558f6ba60b
co.touchlab	stately-common	2.0.3	-	0722c0007317880c4b7374d3a48d83558f6ba60b
co.touchlab	stately-common	2.0.4	-	2320820bce1c24a11165dd550f0b787b2ab93fd4
co.touchlab	stately-common	2.0.5	-	2320820bce1c24a11165dd550f0b787b2ab93fd4
co.touchlab	stately-common	2.0.6	-	2320820bce1c24a11165dd550f0b787b2ab93fd4
co.touchlab	stately-common	2.0.7	-	63be582b0e5e95a70c3038b2c45716ea47118a6b
co.touchlab	stately-common	2.1.0	-	63be582b0e5e95a70c3038b2c45716ea47118a6b
co.touchlab	stately-iso-collections-watchosdevicearm64	2.0.0	2.0.0-metadata	a09ed0acb76e8fc3f82acf0b7d238832339a8a77
co.touchlab	stately-iso-collections-watchosdevicearm64	2.0.0-rc3	2.0.0-rc3-metadata	442c3e905d58f1ddb16e7ac0546b2a2bef715bfe
co.touchlab	stately-iso-collections-watchosdevicearm64	2.0.2	2.0.2-metadata	e6bccedd0311b27c95dd1292dcf6255715e2aa66
co.touchlab	stately-iso-collections-watchosdevicearm64	2.0.3	2.0.3-metadata	84955ceb0034a5652b10a62a5c305cf93e3609c5
co.touchlab	stately-iso-collections-watchosdevicearm64	2.0.4	2.0.4-metadata	5eb6f7bc097e68d24d425faf3001b15e867635e5
co.touchlab	stately-iso-collections-watchosdevicearm64	2.0.5	2.0.5-metadata	d226fa4e59d1a2eaceab15d9babc74ffb623e5da
co.touchlab	stately-iso-collections-watchosdevicearm64	2.0.6	2.0.6-metadata	abe1e2e83b504ce4591767ffee174fabeb7b2571
co.touchlab	stately-iso-collections-watchosdevicearm64	2.0.7	2.0.7-metadata	ac3b8f9a29bf549fbdbb7e2ebc20aa59a43d5ba9
co.touchlab	stately-iso-collections-watchosdevicearm64	2.1.0	2.1.0-metadata	1d403db55e1f1837a305609a66e92d7491f94c36
co.touchlab.skie	configuration-annotations-1.9.20-iosarm64	0.10.0	0.10.0-metadata	add73254e60b07648014003dda70aea30fc0c698
co.touchlab.skie	configuration-annotations-1.9.20-iosarm64	0.10.1	0.10.1-metadata	89f01391ab5ac2c6ca5eb25f8c67400a02c03ac2
co.touchlab.skie	configuration-annotations-1.9.20-iosarm64	0.10.2-preview.2.1.20	0.10.2-preview.2.1.20-metadata	8a8d8389964cccb5ac82439ce2c385db642e26b1
co.touchlab.skie	configuration-annotations-1.9.20-iosarm64	0.9.0	0.9.0-metadata	08b4e3adeac22015c1abc32998796b9f565af8f0
co.touchlab.skie	configuration-annotations-1.9.20-iosarm64	0.9.0-RC.1	0.9.0-RC.1-metadata	803b25c404e27b246f465ea98f261506ab1c641e
co.touchlab.skie	configuration-annotations-1.9.20-iosarm64	0.9.0-RC.3	0.9.0-RC.3-metadata	c979d115f42211814e26ef9fe4b08b1faa7d9c62
co.touchlab.skie	configuration-annotations-1.9.20-iosarm64	0.9.0-RC.4	0.9.0-RC.4-metadata	09fa7a8f5564e0a04d46777d697e6cf2607f12f7
co.touchlab.skie	configuration-annotations-1.9.20-iosarm64	0.9.0-RC.5	0.9.0-RC.5-metadata	0ddea026ebcfa9f6893e902a670d8c020028ee70
co.touchlab.skie	configuration-annotations-1.9.20-iosarm64	0.9.1	0.9.1-metadata	3fc8aef03b085e6a56a790e17e3f7482737648d4
co.touchlab.skie	configuration-annotations-1.9.20-iosarm64	0.9.2	0.9.2-metadata	f7fa466d4061db22058cc5c9c9c2567748ba3496
co.touchlab.skie	configuration-annotations-1.9.20-iosarm64	0.9.3	0.9.3-metadata	7466616253a31b1cb0a224ae5515fe78f215d9ca
co.touchlab.skie	configuration-annotations-1.9.20-iosarm64	0.9.4	0.9.4-metadata	9f758a2fa466e29ca513c995e41d58943d763b3e
co.touchlab.skie	configuration-annotations-1.9.20-iosarm64	0.9.5	0.9.5-metadata	9077bc8b6272cfd17b818f7e451f2a1ad24daf15
com.acrolinx.flexmark	flexmark-util	0.70.0	-	d54214d403b194aa6da495bc73ee45b650270663
com.acrolinx.flexmark	flexmark-util	0.70.0	0.70.0-lib	61357ce69c98bcd5decfaa53b393149d1a53b14a
com.acrolinx.flexmark	flexmark-util	0.70.1	-	610a65f45e59b22a6785085a576907b58e7dbd24
com.acrolinx.flexmark	flexmark-util	0.70.2	-	429d5ec9ecdcecb4fab60cb4253c0149e5dafbd8
com.acrolinx.flexmark	flexmark-util	0.70.3	-	f32c05d4999e433e47c7619630cc4b19da2b7084
com.acrolinx.flexmark	flexmark-util	0.70.4	-	9512dd02db34d045413ec32045c47e27e8232c69
com.acxiom	metalus-aws_2.12-spark_3.3	1.9.10	-	60ce3c5038c5e984f8492a7d2c37e3240cec3807
com.acxiom	metalus-aws_2.12-spark_3.3	1.9.12	-	bb482c1b0b09f8593caae687a64754d56498dbb8
com.acxiom	metalus-aws_2.12-spark_3.3	1.9.4	-	3d315287ec08ace9001da76bde7cd404efe57a49
com.acxiom	metalus-aws_2.12-spark_3.3	1.9.6	-	2444683946c91d203a285cd61deea01fb748e180
com.acxiom	metalus-aws_2.12-spark_3.3	1.9.7	-	1a7ce5ef17da450b74c3bf18e60dfebe9816ef1a
com.acxiom	metalus-aws_2.12-spark_3.3	1.9.8	-	3567fee23ee33a412c63cd0e389dffa8af04b629
com.acxiom	metalus-aws_2.12-spark_3.3	1.9.9	-	8f447d3d4fa70037e463fdae83dde65544ea4334
com.alexkasko.delta	delta-diff	1.1	-	803f01190d6a6eae068964c73eaabefbbb5b922a
com.alexkasko.delta	delta-diff	1.1.1	-	704b62e232164b4ad517246a5566f5817fb21426
com.alexkasko.delta	delta-diff	1.1.2	-	8b852c2948cf75ddf2cc466acf03aa72b8ba4f45
com.alexkasko.delta	delta-diff	1.1.3	-	4c21b23767febbecb910661976e39757d1a37644
com.alibaba	dubbo-filter-validation	2.6.1	-	db0cf7584fc54b3dce54f886b6f4b25ec91d3836
com.alibaba	dubbo-filter-validation	2.6.10	-	4c46466922d6c7d6c07bdac239b039fbce7ae065
com.alibaba	dubbo-filter-validation	2.6.10.1	-	37a6da6ad1cb2f60e37e1b091ba7216663ae7fc9
com.alibaba	dubbo-filter-validation	2.6.11	-	b02143142a3cd8a065fa6ec10952851d10788de6
com.alibaba	dubbo-filter-validation	2.6.12	-	9ae82f5c09d37ff1de41fb6a3cd4d0ae1bd12a94
com.alibaba	dubbo-filter-validation	2.6.2	-	4796aaf31520930fc1cdd1671b7b98bfbeb29b7b
com.alibaba	dubbo-filter-validation	2.6.3	-	948cb00072383ec1aa7a5d025f4c89955345b5c1
com.alibaba	dubbo-filter-validation	2.6.4	-	1003ef22dc1520fbc5bdd52e757ce2e5dc5916c1
com.alibaba	dubbo-filter-validation	2.6.5	-	83819bfa31af12b2114bd4da7590e33abcea51d8
com.alibaba	dubbo-filter-validation	2.6.6	-	1a19607f291892bfc9fbbd568a813140b96cece2
com.alibaba	dubbo-filter-validation	2.6.7	-	22d39b34bdd41d6cb3a677fd524e11fb040d96be
com.alibaba	dubbo-filter-validation	2.6.8	-	46eed875db08ed3be08c35c4630bd6ee48ead2fb
com.alibaba	dubbo-filter-validation	2.6.9	-	cea4870075af127d74c254d9dc38d7ff969d4ecd
com.alibaba.csp	sentinel-datasource-etcd	1.7.0	-	cead633298975da29d3d6462b3a4ab6baa84f978
com.alibaba.csp	sentinel-datasource-etcd	1.7.1	-	8160baf8c353e78c760795893a9a373081af0127
com.alibaba.csp	sentinel-datasource-etcd	1.7.2	-	580ef72e3929588e76e32b0a5da0346590d72890
com.alibaba.csp	sentinel-datasource-etcd	1.8.0	-	26834e6652a0de290453bdab6c4b0aeb5436267d
com.alibaba.csp	sentinel-datasource-etcd	1.8.1	-	69aff2f942070f04871c8a1a2276eab870aa4323
com.alibaba.csp	sentinel-datasource-etcd	1.8.2	-	86cb886788d4fbe6459c4eeffb456b2fec014b29
com.alibaba.csp	sentinel-datasource-etcd	1.8.3	-	16e926a6c3e1cf8abfc8e7f144fbc1888ceb7dce
com.alibaba.csp	sentinel-datasource-etcd	1.8.4	-	7f555d7b627b09cf0134143f0284b429883b4b87
com.alibaba.csp	sentinel-datasource-etcd	1.8.5	-	65fc2ba7c079cc71284a38294a331cfaa71efab1
com.alibaba.csp	sentinel-datasource-etcd	1.8.6	-	2d0e330082c41ed864eff897ad768f728a3d2018
com.alibaba.csp	sentinel-datasource-etcd	1.8.7	-	3e3632c3534493f7feea52ac0ad1466e6d8c24e1
com.alibaba.csp	sentinel-datasource-etcd	1.8.8	-	d6c1220aeae9bdafdf3f0b3f313edc23b62ea08d
com.alibaba.csp	sentinel-datasource-etcd	2.0.0-alpha	-	75f7d0f864dce5fa4de2dc1c2efcd3ffd19e9ff6
com.aliyun	gateway-iot-edge	1.0.0	-	acf6d8a30a5f074defdea1bee6cedb41b41e8791
com.aliyun	ros-cdk-sae	1.0.0	-	ad2b705045543d1fb395d9f2fda1bc004b84cbaf
com.aliyun	ros-cdk-sae	1.0.1	-	715fed45c0419693ed40011efb512bf2c0b224e1
com.aliyun	ros-cdk-sae	1.0.10	-	a8fcfab0736dd9c1f9bd8c1b9ad73237208fb607
com.aliyun	ros-cdk-sae	1.0.11	-	3e50019942b1bfb73f34a3c0e7db6c8dd2076d16
com.aliyun	ros-cdk-sae	1.0.12	-	095aa15d843000dd0b46e706f9c586e49a3cb14a
com.aliyun	ros-cdk-sae	1.0.13	-	c20bf31c21fa9e4bcd27519017631746d85ca9ea
com.aliyun	ros-cdk-sae	1.0.14	-	52d002a2c49ab96af0fa81f7f0399ada2800d705
com.aliyun	ros-cdk-sae	1.0.15	-	e52cf41a7ad8009e7f9ef2b5fc70fb1426d04ee8
com.aliyun	ros-cdk-sae	1.0.16	-	6523f82b1642050e2e4a8f61d7ea64d089b150da
com.aliyun	ros-cdk-sae	1.0.17	-	389d695d2b1db15f3adaf61da8aa241ed19fb2fd
com.aliyun	ros-cdk-sae	1.0.18	-	15cbe3a70e7f0b540329f5e1ec4eaba44c7c314f
com.aliyun	ros-cdk-sae	1.0.19	-	9c1d19db5b3a7514961560d97020efda47d5af37
com.aliyun	ros-cdk-sae	1.0.2	-	c5d994869ab4d867381e743b6e72c7b9731d7a8d
com.aliyun	ros-cdk-sae	1.0.20	-	a786b69b732449b00a3f53e1e09d694c76507cab
com.aliyun	ros-cdk-sae	1.0.21	-	c56421737c36447c9aa9932c4589a6560465791a
com.aliyun	ros-cdk-sae	1.0.22	-	05b39b6d3495acf48cedc411155d935e544524de
com.aliyun	ros-cdk-sae	1.0.23	-	243afdeb18a4e11e5a1b34c00c4c132beb274a4f
com.aliyun	ros-cdk-sae	1.0.24	-	def3795c00206684ccf5398f39a497a310858583
com.aliyun	ros-cdk-sae	1.0.25	-	abf71d0e6defd22196729f0d07f52fa18f3d4ae5
com.aliyun	ros-cdk-sae	1.0.26	-	8747bba9fb2cdd8e8d599cf4f8bdcd3ddc89534d
com.aliyun	ros-cdk-sae	1.0.27	-	75cedf5cecc36a4631401e9c6ba14cc61d8b90ad
com.aliyun	ros-cdk-sae	1.0.3	-	6ea4171ab33aaafd3676f235fc3eee1f69cf470e
com.aliyun	ros-cdk-sae	1.0.4	-	8346ff2ab9f0060c64fe47c5558e067231e2c213
com.aliyun	ros-cdk-sae	1.0.5	-	0e46220705af203029557c74f64ff42bde195a45
com.aliyun	ros-cdk-sae	1.0.6	-	12ca677a74b77ae00a0d8c3e415c3b50b2259831
com.aliyun	ros-cdk-sae	1.0.7	-	bbfb931bfcb4be745c12e8fc482761b39d890e04
com.aliyun	ros-cdk-sae	1.0.8	-	1d84c89aae8c5b41c30712192df2e1fa04c3a39e
com.aliyun	ros-cdk-sae	1.0.9	-	05928f49a1fbda4453a90d24404f510391a51647
com.aliyun	ros-cdk-sae	1.1.0	-	337ff102a4fe3b4e2877466a82a297a1851ee424
com.aliyun	ros-cdk-sae	1.2.0	-	ba3de2e4698f591ed65ab0ebb524fdfdac9635a4
com.aliyun	ros-cdk-sae	1.3.0	-	2fa336d2439330da21c6e17927e0094f3822cd2f
com.aliyun	ros-cdk-sae	1.4.0	-	d389dcca3d7e3ca4c1dbf39f04be2e57504ac98d
com.aliyun	ros-cdk-sae	1.5.0	-	9c0b46c27c7dac55d7fd41784cf900be9ea7dced
com.aliyun	ros-cdk-sae	1.6.0	-	0df7ffed64bb412a871f3262d9f604581ada2a78
com.aliyun	ros-cdk-sae	1.7.0	-	1c14949f99fabbfb126a6542659c7f6c1d294a92
com.aliyun	ros-cdk-sae	1.8.0	-	5c72009047a9d8c67e7c402f08e5af876b7da762
com.almende.eve	eve-bundle-android	3.0.0	-	99ec42aee5336faed38f461940097545ab510108
com.almende.eve	eve-bundle-android	3.1.0	-	c657fa4d861b0e91a00aacc774581c2c5fb154b1
com.almende.eve	eve-bundle-android	3.1.1	-	0052e22d43a4de54bd88a9f01c9a59cbc7fbae5e
com.amazonaws	aws-java-sdk-elasticinference	1.11.1000	-	25b37a7dc48fb8a83124f2e56a36284d53ce4a2c
com.amazonaws	aws-java-sdk-elasticinference	1.11.1001	-	e717e48bbed69c509a0e7eb42b722566a7c5aedf
com.amazonaws	aws-java-sdk-elasticinference	1.11.1002	-	5fa41c4d9b83952c6f8651047e307c6bbcba742a
com.amazonaws	aws-java-sdk-elasticinference	1.11.1003	-	6bd137f1c73755130caee8b3d9cd043daec5421c
com.amazonaws	aws-java-sdk-elasticinference	1.11.1004	-	a2ff2c4ad33a7e6f108950e50ec00b47aefbe663
com.amazonaws	aws-java-sdk-elasticinference	1.11.1005	-	826912fe16f8afa2524ef8d315c607b7eb429a47
com.amazonaws	aws-java-sdk-elasticinference	1.11.1006	-	81a9124020674fd650b8474bdd13d158bacaafee
com.amazonaws	aws-java-sdk-elasticinference	1.11.1007	-	e972f58d724b31c0ea7d7f8df7218198e7eb5cbe
com.amazonaws	aws-java-sdk-elasticinference	1.11.1008	-	033bc07612646b237ed38ec1d03d1248e12630a2
com.amazonaws	aws-java-sdk-elasticinference	1.11.1009	-	e133f25fb3d878911c5933b608f3a517a493501b
com.amazonaws	aws-java-sdk-elasticinference	1.11.1010	-	de847c0a0202ca34b72695caaff3c56aab18fb4f
com.amazonaws	aws-java-sdk-elasticinference	1.11.1011	-	b22f778c9c39b833b48828bcf094cbb93ff9752f
com.amazonaws	aws-java-sdk-elasticinference	1.11.1012	-	4ee081d6aea28a5f2bb614334acfd481d136cbc0
com.amazonaws	aws-java-sdk-elasticinference	1.11.1013	-	d8ecf292a07853036e5f07f62ada9310d300ce51
com.amazonaws	aws-java-sdk-elasticinference	1.11.1014	-	d770e8eb1cc8db8eff0295dcdd022acce4a53380
com.amazonaws	aws-java-sdk-elasticinference	1.11.1015	-	7df7bb75f806631b052f8a170065744cb1aa6c57
com.amazonaws	aws-java-sdk-elasticinference	1.11.1016	-	b7bbdcd8f142473bff5d6854e6a5efb446fc58da
com.amazonaws	aws-java-sdk-elasticinference	1.11.1017	-	90e90db1f44b7e400899e1a63f055545dda8b994
com.amazonaws	aws-java-sdk-elasticinference	1.11.1018	-	1310bc3882712e4a527a8b045974b407a3324800
com.amazonaws	aws-java-sdk-elasticinference	1.11.1019	-	11786d31c1134af08fb9efc1f2be86ebe75c689f
com.amazonaws	aws-java-sdk-elasticinference	1.11.1020	-	7896634c1ac4915931b5ac511e7df59379707092
com.amazonaws	aws-java-sdk-elasticinference	1.11.1021	-	160840d8b672ab3c1b2c9abe1f0f05b6e8d05cac
com.amazonaws	aws-java-sdk-elasticinference	1.11.1022	-	97ff277c212e788e5ba530b54bfacd4963fe71bc
com.amazonaws	aws-java-sdk-elasticinference	1.11.1023	-	40a6d01ae3eb4d44a64d4b7d038d9b8ec1909132
com.amazonaws	aws-java-sdk-elasticinference	1.11.1024	-	a913b33037b9e0627b04e424b0885afe1968ed27
com.amazonaws	aws-java-sdk-elasticinference	1.11.1025	-	d31d61ba2469242a2743c91743f23dff6d6f6455
com.amazonaws	aws-java-sdk-elasticinference	1.11.1026	-	73f0faa727e506850e850285c48fc4c2b523d41c
com.amazonaws	aws-java-sdk-elasticinference	1.11.1027	-	2f27b55cebccd3a12cf2836621158b1d50468632
com.amazonaws	aws-java-sdk-elasticinference	1.11.1028	-	059c736b27655fbb8225999a6568c3ea5c967f42
com.amazonaws	aws-java-sdk-elasticinference	1.11.1029	-	32c92e44ab5c1d11c788763d85d7117f74a940e4
com.amazonaws	aws-java-sdk-elasticinference	1.11.1030	-	710b4731a5faaa547d550fba290b94c65f76bce8
com.amazonaws	aws-java-sdk-elasticinference	1.11.1031	-	cb309e54be36c25a70662cc05e3b66ed0fa442af
com.amazonaws	aws-java-sdk-elasticinference	1.11.1032	-	f9292b75ad8320c8ccff672e31cc62258ccf953d
com.amazonaws	aws-java-sdk-elasticinference	1.11.1033	-	75313b634d4caa7222c4b5fc2edcf674a26d003d
com.amazonaws	aws-java-sdk-elasticinference	1.11.1034	-	7dc9bde4c7fdb0a6f1d82fd4129b1dc83c7aa17b
com.amazonaws	aws-java-sdk-elasticinference	1.11.683	-	c1b5f67308f4f8f2ebbb169a70ce12305ec69a2f
com.amazonaws	aws-java-sdk-elasticinference	1.11.684	-	0ac312d54d0140a92a211f0c855d306e63f5e77d
com.amazonaws	aws-java-sdk-elasticinference	1.11.685	-	5805fa4f83c41583cadbb6b2bada320ff63e9ae2
com.amazonaws	aws-java-sdk-elasticinference	1.11.686	-	bd13556351a915ecb6f1a8885810571bd2695225
com.amazonaws	aws-java-sdk-elasticinference	1.11.687	-	476e9e722c9bf5caaf2c7043cf3702b3d19b1bfb
com.amazonaws	aws-java-sdk-elasticinference	1.11.688	-	d5e2b919cfa9e82ad2b4390c64b402efe96f0d96
com.amazonaws	aws-java-sdk-elasticinference	1.11.689	-	0c77fcbf5e485d9a82ef2442f681c77359e454b5
com.amazonaws	aws-java-sdk-elasticinference	1.11.690	-	c36d43ad07bc77cd55c42ce1543f821402505949
com.amazonaws	aws-java-sdk-elasticinference	1.11.691	-	d6c7a2629453e9dba69b159a3fafd005f4c52613
com.amazonaws	aws-java-sdk-elasticinference	1.11.692	-	522117dc38490b884c5a0d2ff9e03a7a4d51df70
com.amazonaws	aws-java-sdk-elasticinference	1.11.693	-	957e0ea037cc54616fdea3dcc6e43d86e65f621b
com.amazonaws	aws-java-sdk-elasticinference	1.11.694	-	df2e0e85e2c0ad43ae6d60cffde808cda3306152
com.amazonaws	aws-java-sdk-elasticinference	1.11.695	-	4cc31075adde8cc6540e42672e6385d0ef0cb01f
com.amazonaws	aws-java-sdk-elasticinference	1.11.696	-	46237df0f83f4503d7243756000a7b686e46b287
com.amazonaws	aws-java-sdk-elasticinference	1.11.697	-	82dde3117d744fa6557d317019e2c274c2a2902c
com.amazonaws	aws-java-sdk-elasticinference	1.11.698	-	7cd07633d30d45758a25b6b9989eac2d75f11bdd
com.amazonaws	aws-java-sdk-elasticinference	1.11.699	-	1e48ea9efaea4566d94889ed631e64cf5a9b8fbe
com.amazonaws	aws-java-sdk-elasticinference	1.11.700	-	a2f802e84a0b0421db3094e1559529cc22a654ca
com.amazonaws	aws-java-sdk-elasticinference	1.11.701	-	d1ecd3a877e7cfbea94fb39bc31250b144f0607e
com.amazonaws	aws-java-sdk-elasticinference	1.11.702	-	1cc2962981a36e7e353b603a9151709681db3f75
com.amazonaws	aws-java-sdk-elasticinference	1.11.703	-	6e0e5a7cd709042928efe068fb844bdc8d7f39c6
com.amazonaws	aws-java-sdk-elasticinference	1.11.704	-	e450e6009c36de5568e6d75a8d062951f801b6d5
com.amazonaws	aws-java-sdk-elasticinference	1.11.705	-	80c99664fc9cf72e6169f5d12833bd994fc63752
com.amazonaws	aws-java-sdk-elasticinference	1.11.706	-	d05901d164e809bd280c74cd9bfcf5d74fee76f3
com.amazonaws	aws-java-sdk-elasticinference	1.11.707	-	d8cc5d427d08aff1e3267e09536b4d2ec3c4f8e0
com.amazonaws	aws-java-sdk-elasticinference	1.11.708	-	0fe63d612ac078d778870e017cedc16729a882a4
com.amazonaws	aws-java-sdk-elasticinference	1.11.709	-	97178742fa2400bc140ad2e899553870d46e207b
com.amazonaws	aws-java-sdk-elasticinference	1.11.710	-	9ba2cd04f6bb6e3925694e06030889915b58e2ca
com.amazonaws	aws-java-sdk-elasticinference	1.11.711	-	1a0ed2e766a55ac12ed9369d0bb619dabf970cf5
com.amazonaws	aws-java-sdk-elasticinference	1.11.712	-	675fd4085418f2699d3bf651d9de573029708366
com.amazonaws	aws-java-sdk-elasticinference	1.11.713	-	f75a2a5bf92f0eb60558d0fd843617d280f67c28
com.amazonaws	aws-java-sdk-elasticinference	1.11.714	-	eb998ff81eb4fee7b902fb5adaabbec2fb318773
com.amazonaws	aws-java-sdk-elasticinference	1.11.715	-	89b6156395aab89fe09bd1ace7bd64511ba102c3
com.amazonaws	aws-java-sdk-elasticinference	1.11.716	-	f560761d632a896a8ae7c2eac9a0e8475dffb5fe
com.amazonaws	aws-java-sdk-elasticinference	1.11.717	-	7733709d01a178137b14390758c717aac7c82d74
com.amazonaws	aws-java-sdk-elasticinference	1.11.718	-	548f22cb73fe2e61d4802f511fb5abb1c29c8a20
com.amazonaws	aws-java-sdk-elasticinference	1.11.719	-	4b49a98a9c032e7ab87617e86d2ba128ebc6dbf3
com.amazonaws	aws-java-sdk-elasticinference	1.11.720	-	f930de04f5e711160e12182e4b3c7d6e1171fc04
com.amazonaws	aws-java-sdk-elasticinference	1.11.721	-	afaff97d130a49e11b03ca5e67b8118ebcfcf67d
com.amazonaws	aws-java-sdk-elasticinference	1.11.722	-	a70e1b89ad30a64d62166f5f08940351a3a49bdd
com.amazonaws	aws-java-sdk-elasticinference	1.11.723	-	80f700f280ae55c96a6a2fedc5c0fd5708cd214f
com.amazonaws	aws-java-sdk-elasticinference	1.11.724	-	d70e748b163e7604303d86b1880c091eaed21b66
com.amazonaws	aws-java-sdk-elasticinference	1.11.725	-	6508765bb9d50e1d7c005437d4f83433edfe984a
com.amazonaws	aws-java-sdk-elasticinference	1.11.726	-	885325c590b8ce2af66238ada477e56e7a666c27
com.amazonaws	aws-java-sdk-elasticinference	1.11.727	-	1dec24f8d53a884a23a1a6dc229c99a22120d9b7
com.amazonaws	aws-java-sdk-elasticinference	1.11.728	-	44a764b96abd46d0f1b812bc1ab7991034c4327a
com.amazonaws	aws-java-sdk-elasticinference	1.11.729	-	5d47b4be2e99ac26c7eb9c309375c9d83a9890a2
com.amazonaws	aws-java-sdk-elasticinference	1.11.730	-	247aa3dedd855aa422dc9014c8626ca1aaa254a3
com.amazonaws	aws-java-sdk-elasticinference	1.11.731	-	e431006e0e83f0997cdfffa168d42640632fc2fa
com.amazonaws	aws-java-sdk-elasticinference	1.11.732	-	28df93b67c48fcd996d7b67180411af66925e3df
com.amazonaws	aws-java-sdk-elasticinference	1.11.733	-	d2c1628fd0019689309dbbcd8a1e3db0125d5708
com.amazonaws	aws-java-sdk-elasticinference	1.11.734	-	bb063eafc22cda0ad9f8b55cf3d6cc46081a63f5
com.amazonaws	aws-java-sdk-elasticinference	1.11.735	-	77385d3e37b82a62c0a311356d30b97e68112cd7
com.amazonaws	aws-java-sdk-elasticinference	1.11.736	-	59e800293ccb82215385fb648949334f3e90bd6f
com.amazonaws	aws-java-sdk-elasticinference	1.11.737	-	e84b0fb7ca814935072a3c5cd70ee81957fcb8da
com.amazonaws	aws-java-sdk-elasticinference	1.11.738	-	2ee3afe54b23ed1c4937d54e5827fbda50c0d620
com.amazonaws	aws-java-sdk-elasticinference	1.11.739	-	bf40afde5708a44e7221fd65e6345f321e14a5c2
com.amazonaws	aws-java-sdk-elasticinference	1.11.740	-	e136ad370587f3f5e6b0c9b4948664563f59654e
com.amazonaws	aws-java-sdk-elasticinference	1.11.741	-	cf87c41f29943961de237382bf0f1d5b4053a152
com.amazonaws	aws-java-sdk-elasticinference	1.11.742	-	b5694599e656dbf63ebaed96e7a1082e9cb9e10b
com.amazonaws	aws-java-sdk-elasticinference	1.11.743	-	3efc31ddb69852d61c876613cb0855f99861294e
com.amazonaws	aws-java-sdk-elasticinference	1.11.744	-	e4968e704aa28eedddb71898386a94a382f2fe74
com.amazonaws	aws-java-sdk-elasticinference	1.11.745	-	4b6a3ee542d693b11fe38300be7fd9e8462951f0
com.amazonaws	aws-java-sdk-elasticinference	1.11.746	-	6d966acbeec7852270dd7005ad25734c4462efe5
com.amazonaws	aws-java-sdk-elasticinference	1.11.747	-	5cae9ee1e7150c985696e5e2a774a0365f13288d
com.amazonaws	aws-java-sdk-elasticinference	1.11.748	-	1787d91c361fe8ff2c78fc830e1848527420e1f0
com.amazonaws	aws-java-sdk-elasticinference	1.11.749	-	8e82028daaf702e6a176dc32a238cb00dd5cd197
com.amazonaws	aws-java-sdk-elasticinference	1.11.750	-	2b10e123b427396e000d19c00e0a7b6014d5e94b
com.amazonaws	aws-java-sdk-elasticinference	1.11.751	-	3f55c009d91dc78349eb90097f61af9ed3d74339
com.amazonaws	aws-java-sdk-elasticinference	1.11.752	-	b7cbac5e3c21b4c3f16a8840a0c144a30c039bdf
com.amazonaws	aws-java-sdk-elasticinference	1.11.753	-	e92f4c7e8ef7a903de04a9ff53dcc5a32c704d5e
com.amazonaws	aws-java-sdk-elasticinference	1.11.754	-	93bf991e13cdda28af4c4ea3e8d30ef1a3177991
com.amazonaws	aws-java-sdk-elasticinference	1.11.755	-	af168524e18dcada1a0b200167c47aa4f32383d1
com.amazonaws	aws-java-sdk-elasticinference	1.11.756	-	160498d3eaa75e94dc064932144968eedb5c1ebd
com.amazonaws	aws-java-sdk-elasticinference	1.11.757	-	823fba2bc4d911f35895fb2a3b8586c18a458be1
com.amazonaws	aws-java-sdk-elasticinference	1.11.758	-	1248b6a591667efd72e7a16c7599c255b69f6007
com.amazonaws	aws-java-sdk-elasticinference	1.11.759	-	e04737560c70097c66d69320754a68ce4f5cea76
com.amazonaws	aws-java-sdk-elasticinference	1.11.760	-	86e4917275fdc36b5409035e4cb0d935bd3572bd
com.amazonaws	aws-java-sdk-elasticinference	1.11.761	-	140b652389b49ed468ca1558b3058c88dd3307cf
com.amazonaws	aws-java-sdk-elasticinference	1.11.762	-	2256339dba402fb440b80ba40b114c27a2828bd0
com.amazonaws	aws-java-sdk-elasticinference	1.11.763	-	b6d84b3cf471fb72c315d09f0de903eed396bbea
com.amazonaws	aws-java-sdk-elasticinference	1.11.764	-	cfcf2db1ffd4ad752ba47f572d8d6c609d361e5a
com.amazonaws	aws-java-sdk-elasticinference	1.11.765	-	ee2a6cf2075b983f27053ffe35b258c97f37c4e3
com.amazonaws	aws-java-sdk-elasticinference	1.11.766	-	60c7bee3afbc95f3b2417b67937be5fd515d595e
com.amazonaws	aws-java-sdk-elasticinference	1.11.767	-	d48921ba06766f846feb0594daf28c1359afd6a2
com.amazonaws	aws-java-sdk-elasticinference	1.11.768	-	463a83a24bcf0ab1236b880f2b2820a06ebcf89c
com.amazonaws	aws-java-sdk-elasticinference	1.11.769	-	9debaebe149f5df6aa80407357c2a0645f0a48ee
com.amazonaws	aws-java-sdk-elasticinference	1.11.770	-	184175044a59d7a315201b12019e8a1d50cf27de
com.amazonaws	aws-java-sdk-elasticinference	1.11.771	-	0b2b0a4c7a3c30a61d54a506cb523f4bf774fcaf
com.amazonaws	aws-java-sdk-elasticinference	1.11.772	-	7819066c921e5a992706c9f691b110cd91da6efe
com.amazonaws	aws-java-sdk-elasticinference	1.11.773	-	635c6834c7cc7742e0e811d86e0fdb77ae1341dc
com.amazonaws	aws-java-sdk-elasticinference	1.11.774	-	c03415813d7e778c48c3bfb1de9d36385db0da77
com.amazonaws	aws-java-sdk-elasticinference	1.11.775	-	5ee828234d4e1303a745b86ddeeec6df8823d292
com.amazonaws	aws-java-sdk-elasticinference	1.11.776	-	dcf3f8f5cd95e8d82c68482dd4d67079ed5f1cdf
com.amazonaws	aws-java-sdk-elasticinference	1.11.777	-	b72ec2963ab68850f8d109ac39e984e80c4c340c
com.amazonaws	aws-java-sdk-elasticinference	1.11.778	-	8807f1c2798eaad4046a78015c0385c37e96ac35
com.amazonaws	aws-java-sdk-elasticinference	1.11.779	-	0ee3ea9c99a5ee7771b2bfc704b8039165873b41
com.amazonaws	aws-java-sdk-elasticinference	1.11.780	-	5d486ef65e0ed775c33322b71f642532618d9562
com.amazonaws	aws-java-sdk-elasticinference	1.11.781	-	182b8d3df37f3ee6df4ded008ccb742686e389e5
com.amazonaws	aws-java-sdk-elasticinference	1.11.782	-	61ee919cf553c86414ed7f863c51ef53840eb02a
com.amazonaws	aws-java-sdk-elasticinference	1.11.783	-	005d01a2093e7f9fe7985a427bd421913641235e
com.amazonaws	aws-java-sdk-elasticinference	1.11.784	-	df4c53783fb71beed0dc60980a60280a2b5d0d4f
com.amazonaws	aws-java-sdk-elasticinference	1.11.785	-	b9f0e532990bb0c168145433db6cedbc67186567
com.amazonaws	aws-java-sdk-elasticinference	1.11.786	-	400a9f8d271645d49fca530e0eff3b829dd0baf3
com.amazonaws	aws-java-sdk-elasticinference	1.11.787	-	338255600621700a595f875aef351cb898c13d01
com.amazonaws	aws-java-sdk-elasticinference	1.11.788	-	4e2ea7ba515f525b61abd0a827257387593fec16
com.amazonaws	aws-java-sdk-elasticinference	1.11.789	-	9fb0e5a03399e327f9ba8dc09c33b9ccd983615e
com.amazonaws	aws-java-sdk-elasticinference	1.11.790	-	4720c654e637568f2c3d77ba2996632aeb2fc2e5
com.amazonaws	aws-java-sdk-elasticinference	1.11.791	-	a55099e18036dd69c258b2cfce9530fddea0981f
com.amazonaws	aws-java-sdk-elasticinference	1.11.792	-	e0319de1e4c1b06b8e49c5483f9b78085f8d8bb8
com.amazonaws	aws-java-sdk-elasticinference	1.11.793	-	9125685957ded3df7c3b0c1788b5ea89fb8f2ce0
com.amazonaws	aws-java-sdk-elasticinference	1.11.794	-	d2655d8bf6e8a80072a08b9f782f787504175b13
com.amazonaws	aws-java-sdk-elasticinference	1.11.795	-	98194ffd7f95593ac6836ad35d04e03f20055435
com.amazonaws	aws-java-sdk-elasticinference	1.11.796	-	83408223c4ad2ec0dd473f2f8bd8eb840f853286
com.amazonaws	aws-java-sdk-elasticinference	1.11.797	-	3bebe10b4ecf930c4b1658f3af307606e11eb133
com.amazonaws	aws-java-sdk-elasticinference	1.11.798	-	7af1e263192b358102eeecaba2c34e4032b82ecc
com.amazonaws	aws-java-sdk-elasticinference	1.11.799	-	8dfbf56740039c2674c5564d6b182766d21002cb
com.amazonaws	aws-java-sdk-elasticinference	1.11.800	-	3086593b3040473b60dc81c2097b5fd55fcba48c
com.amazonaws	aws-java-sdk-elasticinference	1.11.801	-	54688a9be89d39d164db068016af44bf938ac6b0
com.amazonaws	aws-java-sdk-elasticinference	1.11.802	-	b3636cbb62b02a6fa75d9ed09b0e4de8c0941277
com.amazonaws	aws-java-sdk-elasticinference	1.11.803	-	a9b0d5e673d63061524a78fbd266bf2e7f71672a
com.amazonaws	aws-java-sdk-elasticinference	1.11.804	-	47766ea708cd2075b7075f4415d496ce39d413ee
com.amazonaws	aws-java-sdk-elasticinference	1.11.805	-	3525314663b05c3460ca845772912ce0baf1ea09
com.amazonaws	aws-java-sdk-elasticinference	1.11.806	-	1fd83d50a7be827473c1e57df368694e0d9761ac
com.amazonaws	aws-java-sdk-elasticinference	1.11.807	-	8b3623f7bfc8dd3fd0cdfb244b7b57f5cf33acf8
com.amazonaws	aws-java-sdk-elasticinference	1.11.808	-	2033f5b4819f21afddecd8cb9bd85f6422714f30
com.amazonaws	aws-java-sdk-elasticinference	1.11.809	-	7096b46198534772f0d960308845e0bc5091f696
com.amazonaws	aws-java-sdk-elasticinference	1.11.810	-	0a2b106c1766e2b67e32417a8c37c66a7e63077e
com.amazonaws	aws-java-sdk-elasticinference	1.11.811	-	e212ec2cdde6b8ccd5ffb58163ba3bc967ee65e1
com.amazonaws	aws-java-sdk-elasticinference	1.11.812	-	2d0b5f3acca4c53c624f7ddb82150dd00b9e662e
com.amazonaws	aws-java-sdk-elasticinference	1.11.813	-	078d74231f8eb6cf8954e4a95a99cb414a99adaf
com.amazonaws	aws-java-sdk-elasticinference	1.11.814	-	614e5ad000751a737e3927d8bd292293f170d364
com.amazonaws	aws-java-sdk-elasticinference	1.11.815	-	e6fbff2d1183df2bbab3177c588edc84e77074d5
com.amazonaws	aws-java-sdk-elasticinference	1.11.816	-	f780f7e1ee82ec15354b1ee8daed260c251e4173
com.amazonaws	aws-java-sdk-elasticinference	1.11.817	-	0e81ea90d6616cd81e5f0af099dc92795f89c7ba
com.amazonaws	aws-java-sdk-elasticinference	1.11.818	-	dc28f90bd6c8badb1f63303743bfb2ded287c3eb
com.amazonaws	aws-java-sdk-elasticinference	1.11.819	-	5ccb082fb7a66615baeb20045d371fad1df71dc0
com.amazonaws	aws-java-sdk-elasticinference	1.11.820	-	4cd4a1860f1c9ccfbce8bf22a41c8dd8409b52aa
com.amazonaws	aws-java-sdk-elasticinference	1.11.821	-	35d79a085ba32fa8cb89eecf7f2aa80aaee4029d
com.amazonaws	aws-java-sdk-elasticinference	1.11.822	-	42017c5a4916f1e033e8a1daee5edd9dbe542512
com.amazonaws	aws-java-sdk-elasticinference	1.11.823	-	d7c6828985568741a1e48a349dab1d851cd589bc
com.amazonaws	aws-java-sdk-elasticinference	1.11.824	-	4b4f78f15791b0df1c7a8aa0553e9d17147fa2b7
com.amazonaws	aws-java-sdk-elasticinference	1.11.825	-	8b61fb55258e4d00666bfa9963b94271d303df31
com.amazonaws	aws-java-sdk-elasticinference	1.11.826	-	9d00f8b64ec3d25fe8c4d6eef7f50ce5d9b80fcb
com.amazonaws	aws-java-sdk-elasticinference	1.11.827	-	cdf3b5ba4ba933fd90ea4ec607e81dd82e1ccc59
com.amazonaws	aws-java-sdk-elasticinference	1.11.828	-	aa38c9e57d804d6f7f2864262ddc6b0979a661a8
com.amazonaws	aws-java-sdk-elasticinference	1.11.829	-	d378230b782e2f9478dc33845035ee056ede68c1
com.amazonaws	aws-java-sdk-elasticinference	1.11.830	-	9defa914618e08efa44f3160d04871ebaad26814
com.amazonaws	aws-java-sdk-elasticinference	1.11.831	-	b84df7752daa6bb417c2883313fd4f7f6489b909
com.amazonaws	aws-java-sdk-elasticinference	1.11.832	-	c0962b572f8cb59caf4809a35e0b22d441603431
com.amazonaws	aws-java-sdk-elasticinference	1.11.833	-	d7fbcfa4c0b4243f7d1db0abf370f06e0729411e
com.amazonaws	aws-java-sdk-elasticinference	1.11.834	-	aa28a35a65531c9d0aa505488397e50f6c3b961a
com.amazonaws	aws-java-sdk-elasticinference	1.11.835	-	e5c2d232cf87e62d5ac2742e3f5d0746e93485fe
com.amazonaws	aws-java-sdk-elasticinference	1.11.836	-	00b2d8c1b95638fd02c6881c4b85e1ba8db916e9
com.amazonaws	aws-java-sdk-elasticinference	1.11.837	-	e7f086b2e4db56060ef2512a63dcbcef8bea35dd
com.amazonaws	aws-java-sdk-elasticinference	1.11.838	-	c238bf3b6217f5f21e35516ff0182b798b00c404
com.amazonaws	aws-java-sdk-elasticinference	1.11.839	-	782daf8cccf5e64477cbf4bc8cf12b54610b9968
com.amazonaws	aws-java-sdk-elasticinference	1.11.840	-	213fcaa391cbb5bb7f93e14c9cd17a8cc2d8587a
com.amazonaws	aws-java-sdk-elasticinference	1.11.841	-	520843f7109a99a7faed6e3f72f7dd241fed21f8
com.amazonaws	aws-java-sdk-elasticinference	1.11.842	-	08c76d48c886a736f40b6339bc2b6deb02333298
com.amazonaws	aws-java-sdk-elasticinference	1.11.844	-	6a389369a5e0d46aef2946e883ff9fd57eb079ad
com.amazonaws	aws-java-sdk-elasticinference	1.11.845	-	db6e5578dda3dee98df2e8565acd1c117e49fb7a
com.amazonaws	aws-java-sdk-elasticinference	1.11.846	-	9959487a7995d7c218d78fe904f3951e48b953c2
com.amazonaws	aws-java-sdk-elasticinference	1.11.847	-	5da4f6d50d9ac836643856ecd22359b7c9a5dc02
com.amazonaws	aws-java-sdk-elasticinference	1.11.848	-	b1ca7e3799029aced9b097ef12ffa1801c196598
com.amazonaws	aws-java-sdk-elasticinference	1.11.849	-	0aa055654a66356105bc300a0bbfe13d94f7a85d
com.amazonaws	aws-java-sdk-elasticinference	1.11.850	-	ad3aeccbb6ee2ee9c82fcf985d1380dacb6d00dc
com.amazonaws	aws-java-sdk-elasticinference	1.11.851	-	c4cf506cf948e6b40e3b1b16d827decff7e0082d
com.amazonaws	aws-java-sdk-elasticinference	1.11.852	-	86e98b51e06d7c629324864694819a76d6c3e220
com.amazonaws	aws-java-sdk-elasticinference	1.11.853	-	957034103c0927369d4f66ccaf7c7c7b32086608
com.amazonaws	aws-java-sdk-elasticinference	1.11.854	-	1301157e40e0126949cf71a66199c6ff50794aad
com.amazonaws	aws-java-sdk-elasticinference	1.11.855	-	66e105c9e7c94c75259e2337ddaca627e527608d
com.amazonaws	aws-java-sdk-elasticinference	1.11.856	-	3ff210ed23922b88a19f4ca70b3504dcdefe873c
com.amazonaws	aws-java-sdk-elasticinference	1.11.857	-	6a293960a38e2f0e07e435cb37cdcf6e0cb977b1
com.amazonaws	aws-java-sdk-elasticinference	1.11.858	-	9082da6cb2ddadaa9e3522ddcc4f8f74d4507d2c
com.amazonaws	aws-java-sdk-elasticinference	1.11.859	-	d7e26bc54624d80fcc3862ea812249dcc173c28f
com.amazonaws	aws-java-sdk-elasticinference	1.11.860	-	272b8e9d277dbc7c10bbf5760c897a5e9b9bc46b
com.amazonaws	aws-java-sdk-elasticinference	1.11.861	-	60a08f62f1de72d8e22d28c70c25b92dda05ac5a
com.amazonaws	aws-java-sdk-elasticinference	1.11.862	-	69b2d66f36ac86a170c0a9cd21b2fdc7513cfe39
com.amazonaws	aws-java-sdk-elasticinference	1.11.863	-	8d7d1c50f17690e008e122bb72160d75a0dbae19
com.amazonaws	aws-java-sdk-elasticinference	1.11.864	-	02ae9a5177084f78cf56b64ecf6d6a77eb264fb8
com.amazonaws	aws-java-sdk-elasticinference	1.11.865	-	d56363cc4a7d950e47dae2bd09d4c26d7807a628
com.amazonaws	aws-java-sdk-elasticinference	1.11.866	-	d6812353db36d7411eeb6a92b17d6456070231b8
com.amazonaws	aws-java-sdk-elasticinference	1.11.867	-	ba09e9725b2e3e54f8873f0bab8fd3e804b5a3ae
com.amazonaws	aws-java-sdk-elasticinference	1.11.868	-	245375d7ca990829d023df57a98a705bd80eb511
com.amazonaws	aws-java-sdk-elasticinference	1.11.869	-	b31d0ea7e428612162fff265a2af7d67e9c4d9d5
com.amazonaws	aws-java-sdk-elasticinference	1.11.870	-	58560dab8346506a4e716aa9b43a971786c28d77
com.amazonaws	aws-java-sdk-elasticinference	1.11.871	-	c6f8cd590b459d29ba26c72ba8d25f4d44fc3a48
com.amazonaws	aws-java-sdk-elasticinference	1.11.872	-	4efa03ee4f01135d0f12b1853264b783e85df2c6
com.amazonaws	aws-java-sdk-elasticinference	1.11.873	-	c1c985794f60e6f18d43b6bc4ca71480c4d88ee6
com.amazonaws	aws-java-sdk-elasticinference	1.11.874	-	b595f8098b66f2b7e9c8848d9de77745886781ad
com.amazonaws	aws-java-sdk-elasticinference	1.11.875	-	a84725c3a00999815606cf3cddbcfb559df0be3e
com.amazonaws	aws-java-sdk-elasticinference	1.11.876	-	c95157bf5fe0c6087d91be68dd26dde9dcb58a84
com.amazonaws	aws-java-sdk-elasticinference	1.11.877	-	9241143e3fe24d49fc947a869864940ce444c0a8
com.amazonaws	aws-java-sdk-elasticinference	1.11.878	-	a43cf19fbba0bdcc1a74971818714d31bd6b47e7
com.amazonaws	aws-java-sdk-elasticinference	1.11.879	-	3913849c81be8e9096a60f750f279bb627916e5d
com.amazonaws	aws-java-sdk-elasticinference	1.11.880	-	2584ed859f41e1f64903978bf8e51603004f0216
com.amazonaws	aws-java-sdk-elasticinference	1.11.881	-	9ec41454f3892dc5fd266021ed14351ee00d0169
com.amazonaws	aws-java-sdk-elasticinference	1.11.882	-	07587ea412fdb09ad3217b6b02d3a7b36d839001
com.amazonaws	aws-java-sdk-elasticinference	1.11.883	-	0c457ba132769ab68a43536a96be6cbb19e90a58
com.amazonaws	aws-java-sdk-elasticinference	1.11.884	-	21c1d78048a66d8ed2736021ac9d2fb74416b0cc
com.amazonaws	aws-java-sdk-elasticinference	1.11.885	-	94bcf07e7092efdfc583d91906cb38ca1bc6acd5
com.amazonaws	aws-java-sdk-elasticinference	1.11.886	-	3a55dc029b9b5ebce62f8dd5d462d976eb0607cd
com.amazonaws	aws-java-sdk-elasticinference	1.11.887	-	9964cd62a4d163e8d0f7fd334ab738a905892092
com.amazonaws	aws-java-sdk-elasticinference	1.11.888	-	b3f3a36d357e5337b099cc54a1462058374b7865
com.amazonaws	aws-java-sdk-elasticinference	1.11.889	-	b83a2bb515d7ab8aafeafb4d0637518559895a90
com.amazonaws	aws-java-sdk-elasticinference	1.11.890	-	1eb1f99a08c0e1390364562238ffbacb1439acbf
com.amazonaws	aws-java-sdk-elasticinference	1.11.891	-	fd1481eaf3d75304cac032c0252eceb88f737c97
com.amazonaws	aws-java-sdk-elasticinference	1.11.892	-	08ee9a8555f31f7757ac5fb92584ecbcc44661bc
com.amazonaws	aws-java-sdk-elasticinference	1.11.893	-	7059d66803ee5b494b1a473dd2f2ea531563189d
com.amazonaws	aws-java-sdk-elasticinference	1.11.894	-	6300416ed38a703f8e18e4848e12a0b9e61da631
com.amazonaws	aws-java-sdk-elasticinference	1.11.895	-	08809967c449f450f7a4736fd6393181fab1e530
com.amazonaws	aws-java-sdk-elasticinference	1.11.896	-	d1146e42a22dd50e857e427fdbdb5fe9bb681b8c
com.amazonaws	aws-java-sdk-elasticinference	1.11.897	-	008f4f5110d4fdc18cb1158ff3e107b1b80d2622
com.amazonaws	aws-java-sdk-elasticinference	1.11.898	-	25a43df3dd7a00746e67760cec82c59125932f47
com.amazonaws	aws-java-sdk-elasticinference	1.11.899	-	49d52ceefc306bbeda33920ecdb12f7278a4a417
com.amazonaws	aws-java-sdk-elasticinference	1.11.900	-	c1ac6351c0466c47c46d6de06fb477f95ba714f6
com.amazonaws	aws-java-sdk-elasticinference	1.11.901	-	56859608030d99e805e8ff1365b85043caf3c4af
com.amazonaws	aws-java-sdk-elasticinference	1.11.902	-	3ad24775876efd2d9c880514b876c553dcd0b862
com.amazonaws	aws-java-sdk-elasticinference	1.11.903	-	6b86f6011d1cba9ba6689409868caf6335427b66
com.amazonaws	aws-java-sdk-elasticinference	1.11.904	-	5ad2eb68513e22492dc246ed0c03be876f9a9e14
com.amazonaws	aws-java-sdk-elasticinference	1.11.905	-	4045f07c0988d6d2b304ca77eb9d76b594226420
com.amazonaws	aws-java-sdk-elasticinference	1.11.906	-	ceb3a13996ff094bbd51d252b8fda39a4446be00
com.amazonaws	aws-java-sdk-elasticinference	1.11.907	-	4c0b5dea7beb31a47e307f4ee515533a66354c43
com.amazonaws	aws-java-sdk-elasticinference	1.11.908	-	026781857974fbbd0c34cbd090eeb3533c977a78
com.amazonaws	aws-java-sdk-elasticinference	1.11.909	-	c27ee2922c1a3a64b7a739814c3daea6fa39bb78
com.amazonaws	aws-java-sdk-elasticinference	1.11.910	-	2fbf9c66fddb2281e64dfc075a634c3661005cc4
com.amazonaws	aws-java-sdk-elasticinference	1.11.911	-	ee5bd3bca6c4732c681ff519f4e604e233256115
com.amazonaws	aws-java-sdk-elasticinference	1.11.912	-	48c8718d69e57c3cc056d11fb55c83796208ce02
com.amazonaws	aws-java-sdk-elasticinference	1.11.913	-	b484f055de9741ef849eb33a674215063b4b8997
com.amazonaws	aws-java-sdk-elasticinference	1.11.914	-	663692a3f3cd854fd3b75bb87936d5cee44430be
com.amazonaws	aws-java-sdk-elasticinference	1.11.915	-	7ee413aa2f06ca448833328a261e7474f5303960
com.amazonaws	aws-java-sdk-elasticinference	1.11.916	-	49df1a70fecea1a80bf85f47567547d188f4bd02
com.amazonaws	aws-java-sdk-elasticinference	1.11.917	-	c9bd1b63003b61444d443448e4194530a21c81fc
com.amazonaws	aws-java-sdk-elasticinference	1.11.918	-	2fb2786fa043fde4929c0d3a99c68dd2bca8ed66
com.amazonaws	aws-java-sdk-elasticinference	1.11.919	-	0c8d333421ff83620961f08cfa8c86dd19b3ce63
com.amazonaws	aws-java-sdk-elasticinference	1.11.920	-	b35ba62dd43a7f4993662e97bededa5ce3c6210f
com.amazonaws	aws-java-sdk-elasticinference	1.11.921	-	0b7d27bf03d71bfd07545e14fafd5a93efd99e54
com.amazonaws	aws-java-sdk-elasticinference	1.11.922	-	f2dbca2a507242db8bd5155f56e1ba2cadcc93ec
com.amazonaws	aws-java-sdk-elasticinference	1.11.923	-	4709d461dad727df5bc994e7d26480c25af8969c
com.amazonaws	aws-java-sdk-elasticinference	1.11.924	-	f12c5eb941d8d18de83d36ce5e92a0cfa9826cd0
com.amazonaws	aws-java-sdk-elasticinference	1.11.925	-	9f866ef3f74be4d4bce49eddead5b72c547c0ab0
com.amazonaws	aws-java-sdk-elasticinference	1.11.926	-	937b2d9e7b8682080bdac856a4f73168726031f5
com.amazonaws	aws-java-sdk-elasticinference	1.11.927	-	60f112fb38d2f84a259ee88cd13ae157fa2fc913
com.amazonaws	aws-java-sdk-elasticinference	1.11.928	-	7f78cc3a564d76476f4319d0acc726b08bc285a3
com.amazonaws	aws-java-sdk-elasticinference	1.11.929	-	5e163507bcceca120424bca58d120d21cf785771
com.amazonaws	aws-java-sdk-elasticinference	1.11.930	-	b02592ed637b5982c0481ab03468d97520e9ffb4
com.amazonaws	aws-java-sdk-elasticinference	1.11.931	-	98772c5fda53af1ac6c696863ee57370fc33f148
com.amazonaws	aws-java-sdk-elasticinference	1.11.932	-	0a03600aa13429a8592b42204825c01dbb7bffc2
com.amazonaws	aws-java-sdk-elasticinference	1.11.933	-	0e2de960bbafe495940c8b7c0a21259ddfb4876c
com.amazonaws	aws-java-sdk-elasticinference	1.11.934	-	a29dea1a329349adeb5dd70848a1008823d1a4b8
com.amazonaws	aws-java-sdk-elasticinference	1.11.935	-	fdee22cd91ffa6c7c6a0cf2e16a602fc087d3b03
com.amazonaws	aws-java-sdk-elasticinference	1.11.936	-	6140888ae311b633d71635e15420812850a3acf0
com.amazonaws	aws-java-sdk-elasticinference	1.11.937	-	06456df3a04535642f3c5cc9f8735ec4548735d4
com.amazonaws	aws-java-sdk-elasticinference	1.11.938	-	39bc4bed0c996289aa4b781755898497d0028cbc
com.amazonaws	aws-java-sdk-elasticinference	1.11.939	-	e14a8bfefe2f78bec9bceb506a1850e97ff4890d
com.amazonaws	aws-java-sdk-elasticinference	1.11.940	-	2caaabdfdbe173079ff3b7a3d104068e2d751b97
com.amazonaws	aws-java-sdk-elasticinference	1.11.941	-	675894fcb0c9f9dac31192dadbe30a4a72e60e1e
com.amazonaws	aws-java-sdk-elasticinference	1.11.942	-	4cf9c030cdd24e932f947792ae6cb3480952a47e
com.amazonaws	aws-java-sdk-elasticinference	1.11.943	-	5a01ff64c20ae7fec6f67a846e4b5ca0f1e2ca86
com.amazonaws	aws-java-sdk-elasticinference	1.11.944	-	ccc3c38935ddd6a403afa9346fbbc54b6241ac2c
com.amazonaws	aws-java-sdk-elasticinference	1.11.945	-	05172ac7cc7fcdbcc5dac2806c28bddef707e079
com.amazonaws	aws-java-sdk-elasticinference	1.11.946	-	02853f776a6e712ad4e8e90ddddd16411ad9e8b0
com.amazonaws	aws-java-sdk-elasticinference	1.11.947	-	83609acf7248d69663f0be80261e1269e31477bc
com.amazonaws	aws-java-sdk-elasticinference	1.11.948	-	d146247a27034f2cd402cd735a03b5653fbd8c58
com.amazonaws	aws-java-sdk-elasticinference	1.11.949	-	085eef53a5653c42fde8bb4c4cb40ea4d4a403d6
com.amazonaws	aws-java-sdk-elasticinference	1.11.950	-	88473b9ea9471c55345b9b4dc3a76c364e0b4377
com.amazonaws	aws-java-sdk-elasticinference	1.11.951	-	12058d46f6339f7b2ac8d7efe5937e08bedd2083
com.amazonaws	aws-java-sdk-elasticinference	1.11.952	-	a493a5e9fe9a29c7a4a43aa3988aa1bba7180f89
com.amazonaws	aws-java-sdk-elasticinference	1.11.953	-	13fabf884e35240d83701c6fefb9af423c4decbc
com.amazonaws	aws-java-sdk-elasticinference	1.11.954	-	e09dcee2f8000baa013a8e7cd2a7e3a2a77347e8
com.amazonaws	aws-java-sdk-elasticinference	1.11.955	-	d04764dbed8dcd6569827d5e9adb6eca15e01956
com.amazonaws	aws-java-sdk-elasticinference	1.11.956	-	1c09bd2c76d6dcee8d6a10cc193e31879e7c6c52
com.amazonaws	aws-java-sdk-elasticinference	1.11.957	-	5241001ee9f79eed4aac2e42806b5ae9c7741993
com.amazonaws	aws-java-sdk-elasticinference	1.11.958	-	ba258472259bbda1606f10f62a515dfe1ad33d24
com.amazonaws	aws-java-sdk-elasticinference	1.11.959	-	48bb446ef67c149980e97b1b8d88dee20256124c
com.amazonaws	aws-java-sdk-elasticinference	1.11.960	-	be4ecc8206c4827eaf8e7ac50556ec901a4fff99
com.amazonaws	aws-java-sdk-elasticinference	1.11.961	-	f1523773a288d038411e88fa07722e0a0409345e
com.amazonaws	aws-java-sdk-elasticinference	1.11.962	-	f609b251de0f0690443ea7cd2279f3841cc16616
com.amazonaws	aws-java-sdk-elasticinference	1.11.963	-	c4e81e53ec5d66a6bf6ef54385af6470d9ed22f4
com.amazonaws	aws-java-sdk-elasticinference	1.11.964	-	67b3790db48860fdb8ad22c57a1b84275d6c746c
com.amazonaws	aws-java-sdk-elasticinference	1.11.965	-	7a00635e4eea51444f7010a01bdda713a14f9329
com.amazonaws	aws-java-sdk-elasticinference	1.11.966	-	b1d938c84e17956f9ae758b68272c5503c0d2846
com.amazonaws	aws-java-sdk-elasticinference	1.11.967	-	dcdadd72f1f7a908b232ff0cbba6b40bdc789a2e
com.amazonaws	aws-java-sdk-elasticinference	1.11.968	-	2799bbaa7857b548d49b23aa424f535e474013d5
com.amazonaws	aws-java-sdk-elasticinference	1.11.969	-	e13e0060f4505ec2f669511ae8411eab9d0330c4
com.amazonaws	aws-java-sdk-elasticinference	1.11.970	-	2ffb56b6aea08cb233b55eea6a46d572b493cd91
com.amazonaws	aws-java-sdk-elasticinference	1.11.971	-	e4e8c23c078868002f4e8d72007ede260e4e13af
com.amazonaws	aws-java-sdk-elasticinference	1.11.972	-	e1fec5c8dfb81af3a8fb3207b64bfd851b066a19
com.amazonaws	aws-java-sdk-elasticinference	1.11.973	-	872b806471a00788091b6eed0fdde70b9b7760bf
com.amazonaws	aws-java-sdk-elasticinference	1.11.974	-	b4caad32c8b31301055167170aec76234f953458
com.amazonaws	aws-java-sdk-elasticinference	1.11.975	-	6e338e7301d0cea9373672a8ab043c5d6e551db5
com.amazonaws	aws-java-sdk-elasticinference	1.11.976	-	72f1388180798c9e281e6dc834902d0a6971154c
com.amazonaws	aws-java-sdk-elasticinference	1.11.977	-	03acfb830aa548b63f4fa1e5bdc4974998a383f3
com.amazonaws	aws-java-sdk-elasticinference	1.11.978	-	afeba941a89be6220ca1fb829bcf3ee7d664f280
com.amazonaws	aws-java-sdk-elasticinference	1.11.979	-	3de4c5695cfa4eae8436246136b491f06fae50e8
com.amazonaws	aws-java-sdk-elasticinference	1.11.980	-	3667ad7f8247ac21c0beacce8d934d72808f65cc
com.amazonaws	aws-java-sdk-elasticinference	1.11.981	-	4fd992bff26decf325aa809e192ca9c5681468aa
com.amazonaws	aws-java-sdk-elasticinference	1.11.982	-	3f6e95fe5094aea72471ba070408afe663250a76
com.amazonaws	aws-java-sdk-elasticinference	1.11.983	-	9cfe674438790cb9628822e5371df330f9e6de69
com.amazonaws	aws-java-sdk-elasticinference	1.11.984	-	fb63d5404ceea388941f1363f38eba29d45fd00f
com.amazonaws	aws-java-sdk-elasticinference	1.11.985	-	e76cec7537a51ee9f5fb5ba8154ede4be2626e4a
com.amazonaws	aws-java-sdk-elasticinference	1.11.986	-	3195441dfb08b73bfde0e23d683a788a207504a1
com.amazonaws	aws-java-sdk-elasticinference	1.11.987	-	7c2eff06c28100747361eb1691fc7d93f38b4e02
com.amazonaws	aws-java-sdk-elasticinference	1.11.988	-	7a310d4ea665e9445c7377c6e0c1cda8d3a2506e
com.amazonaws	aws-java-sdk-elasticinference	1.11.989	-	adca64d827ab71ef52034029abfc8d1052e2136d
com.amazonaws	aws-java-sdk-elasticinference	1.11.990	-	c6d832b22855d965852a0abd0d80b698608dfdc8
com.amazonaws	aws-java-sdk-elasticinference	1.11.991	-	da9f1b9919734eff9eb15bf7cae9ba2c12501d9a
com.amazonaws	aws-java-sdk-elasticinference	1.11.992	-	8d367ee1b5dbcec58d3050d7a92b47f6187c66f5
com.amazonaws	aws-java-sdk-elasticinference	1.11.993	-	0c729c6e8bb06e6c8bee15d35e23853d08db6237
com.amazonaws	aws-java-sdk-elasticinference	1.11.994	-	6d1371b70628472f116eb6d48e29a04ca74e9173
com.amazonaws	aws-java-sdk-elasticinference	1.11.995	-	43289db8502e43ec5b211d9d631b1afd0c194ad3
com.amazonaws	aws-java-sdk-elasticinference	1.11.996	-	857c0c5b610e57fc5eab1b4c57c82bfabe7ea054
com.amazonaws	aws-java-sdk-elasticinference	1.11.997	-	4b5320d5338fde0374d9aed45668e7bb61824991
com.amazonaws	aws-java-sdk-elasticinference	1.11.998	-	a63d7e4e82d321212985f0b481a39b3679fdc278
com.amazonaws	aws-java-sdk-elasticinference	1.11.999	-	b4b7ced2d415f7b5939922c0c359ab4a16e99170
com.amazonaws	aws-java-sdk-elasticinference	1.12.1	-	2aea26f711ef9bf80cec2893003edb53b10c6337
com.amazonaws	aws-java-sdk-elasticinference	1.12.10	-	d05ba33dd6be3fd901c549f7dac49c64f4cb6799
com.amazonaws	aws-java-sdk-elasticinference	1.12.100	-	360e285f960692bca232877e72487be6ff8f5fd3
com.amazonaws	aws-java-sdk-elasticinference	1.12.101	-	da58b25d849210d9f76e4592c72cacb5adc50ab4
com.amazonaws	aws-java-sdk-elasticinference	1.12.102	-	11e708c231746bc2916e8473b4a4e2356e16fd2b
com.amazonaws	aws-java-sdk-elasticinference	1.12.103	-	f581184ad0d9b5347eeb79861a580f4743e011c5
com.amazonaws	aws-java-sdk-elasticinference	1.12.104	-	56d8f6ec753d49ed8f3e4076e9ace30f7668d832
com.amazonaws	aws-java-sdk-elasticinference	1.12.105	-	5b38a5913f45359b9e17d45b65b5cfde723d6f22
com.amazonaws	aws-java-sdk-elasticinference	1.12.106	-	9a369294d19594b8a1613e695a9e7ca7db8058e6
com.amazonaws	aws-java-sdk-elasticinference	1.12.107	-	57461e242d0f377655530f5b1029b4b9507bf5e7
com.amazonaws	aws-java-sdk-elasticinference	1.12.108	-	75db7e8923c15f44f2ab9d41d2162b28ffbfbc06
com.amazonaws	aws-java-sdk-elasticinference	1.12.109	-	67c31b86abd87ddc672eb6d4d992e7e43d198540
com.amazonaws	aws-java-sdk-elasticinference	1.12.11	-	ff6ef452f76c1eeafbbe7658c67302d1c4a8c0c1
com.amazonaws	aws-java-sdk-elasticinference	1.12.110	-	fec6a84d698138e35b93dc1ff5178594487142f8
com.amazonaws	aws-java-sdk-elasticinference	1.12.111	-	b38792dcc92102f540adc5b411c5c7fcb947473a
com.amazonaws	aws-java-sdk-elasticinference	1.12.112	-	00399f5c1774a245a64a939e82b45f00938ce815
com.amazonaws	aws-java-sdk-elasticinference	1.12.113	-	24e725a3d5beda78c9773ad7d8158b78d7221195
com.amazonaws	aws-java-sdk-elasticinference	1.12.114	-	bcd06d9a42756ae3b6410cade4b07c4a313b69cf
com.amazonaws	aws-java-sdk-elasticinference	1.12.115	-	264d644cc0434c33cf4b3e81d5259c6539717f27
com.amazonaws	aws-java-sdk-elasticinference	1.12.116	-	a2d9f308d52aeb4873de2be247338218d6b697c0
com.amazonaws	aws-java-sdk-elasticinference	1.12.117	-	88bbe139b05b84943662adeac6fdfe612c1f8e14
com.amazonaws	aws-java-sdk-elasticinference	1.12.118	-	6cd1b83e60db2da56c4cf860ef3585e62104d1f2
com.amazonaws	aws-java-sdk-elasticinference	1.12.119	-	ae9c8ca8e2f7a182c223ae9d4a096902afdfc90f
com.amazonaws	aws-java-sdk-elasticinference	1.12.12	-	0253cb86d85d226ec1bcfb94a2ed4f68633b843b
com.amazonaws	aws-java-sdk-elasticinference	1.12.120	-	8285b682a29e2be951ad2e88db5657c8c162d572
com.amazonaws	aws-java-sdk-elasticinference	1.12.121	-	1f31f01399e2faa00d1abdc6ce2f7c268295fc9c
com.amazonaws	aws-java-sdk-elasticinference	1.12.122	-	36cdc08f3fc309e65c0440a68973ce6b271633f5
com.amazonaws	aws-java-sdk-elasticinference	1.12.123	-	1b92bca1d68d541da456d1af25c9ce3c767bc183
com.amazonaws	aws-java-sdk-elasticinference	1.12.124	-	5a657f85b5c8bee8d24c000e3d1cd8100643c156
com.amazonaws	aws-java-sdk-elasticinference	1.12.125	-	9f325a7f907ec664a8527d661e4a4cb3ae66043b
com.amazonaws	aws-java-sdk-elasticinference	1.12.126	-	870cac743446851b5add599f941ab1c603b5a1c5
com.amazonaws	aws-java-sdk-elasticinference	1.12.127	-	89e1d4dd5f43018e9338b264208bceec7f02827c
com.amazonaws	aws-java-sdk-elasticinference	1.12.128	-	923afd7c9dab3d14d8743b9bd52d251ad5f9f105
com.amazonaws	aws-java-sdk-elasticinference	1.12.129	-	4f6bda6ff04f6ea039bf79826ba6499d1d80ea90
com.amazonaws	aws-java-sdk-elasticinference	1.12.13	-	85263dd4167a13ffe9f2f26f10a2f3e6a7e98e87
com.amazonaws	aws-java-sdk-elasticinference	1.12.130	-	86f12dc23405ea0b48fa04fb4bb23548557c9e20
com.amazonaws	aws-java-sdk-elasticinference	1.12.131	-	10b0c451c900afd079268c5fb0cecea6a4d82205
com.amazonaws	aws-java-sdk-elasticinference	1.12.132	-	f2c7422d4e26311eb591d41639cf03378da9b985
com.amazonaws	aws-java-sdk-elasticinference	1.12.133	-	4eaf88cfd8db5febe15ce856a19670bfadf1dd05
com.amazonaws	aws-java-sdk-elasticinference	1.12.134	-	14a8b67134bab5381d52de113d115c4de583b10e
com.amazonaws	aws-java-sdk-elasticinference	1.12.135	-	830359c4951935dfe091f133885c41ab0699667e
com.amazonaws	aws-java-sdk-elasticinference	1.12.136	-	4ac026d28973c67ad1a0a7052512f1bb65301e75
com.amazonaws	aws-java-sdk-elasticinference	1.12.137	-	423629bad608dfdea74bdd591fc5e6e31e6880d8
com.amazonaws	aws-java-sdk-elasticinference	1.12.138	-	3d9f49579cfb8946082fbbfb634c9a6cb7de3533
com.amazonaws	aws-java-sdk-elasticinference	1.12.139	-	dfd954c06a0b2fc401e8ae26078192da15f7b3f0
com.amazonaws	aws-java-sdk-elasticinference	1.12.14	-	b8b8f2def454c7089790dccb2023ccddf012c1b8
com.amazonaws	aws-java-sdk-elasticinference	1.12.140	-	1ab77d0aa6ecb52e844c61cf2f1485740c3032e6
com.amazonaws	aws-java-sdk-elasticinference	1.12.141	-	02797a16f96c1128d32c14f1ef7f4f4f87d7dafa
com.amazonaws	aws-java-sdk-elasticinference	1.12.142	-	95373965319c2b4eee17ddac8c9169ab9cd6bcac
com.amazonaws	aws-java-sdk-elasticinference	1.12.143	-	683d8985c803139bc249c63d1b06e12342cbea22
com.amazonaws	aws-java-sdk-elasticinference	1.12.144	-	1682a93da9bb07b4681b01e6b2e924b3855194f0
com.amazonaws	aws-java-sdk-elasticinference	1.12.145	-	6850193488c8a16a889ae4037c30912cb9280f3e
com.amazonaws	aws-java-sdk-elasticinference	1.12.146	-	1d7d9e3cbcff916c6ea16b850c7b1b1add9095eb
com.amazonaws	aws-java-sdk-elasticinference	1.12.147	-	7f6865cda71159673740cc808e1708f471ae2fb9
com.amazonaws	aws-java-sdk-elasticinference	1.12.148	-	8e3629c7a41d4cde815e0d381415cc49291f2978
com.amazonaws	aws-java-sdk-elasticinference	1.12.149	-	5a76ff6280e503149070b490b783930db15f6d4b
com.amazonaws	aws-java-sdk-elasticinference	1.12.15	-	c8350d24a0b9e74a532b76ec90b15b77cb039037
com.amazonaws	aws-java-sdk-elasticinference	1.12.150	-	7279a37c85d8b4470cbebfac2268688516048d67
com.amazonaws	aws-java-sdk-elasticinference	1.12.151	-	ec7bb2b8dd8cff6e6478beed522db913f4ae8d8e
com.amazonaws	aws-java-sdk-elasticinference	1.12.152	-	57d4d7990ac50feeb9845b27fef277efa5898a20
com.amazonaws	aws-java-sdk-elasticinference	1.12.153	-	5daabb8b3ebc47418b19ef133facea048ff34779
com.amazonaws	aws-java-sdk-elasticinference	1.12.154	-	b64137fdc29b67e6f754b2c44292dac2bfc3c389
com.amazonaws	aws-java-sdk-elasticinference	1.12.155	-	e4bcbdba9a4323d8caca7586ec830a923db974a1
com.amazonaws	aws-java-sdk-elasticinference	1.12.156	-	8bd0d02d29280bde796346697a7de3a4bff2144c
com.amazonaws	aws-java-sdk-elasticinference	1.12.157	-	fd5564380bed8d016dfc904c8b3ed85998ef2e5d
com.amazonaws	aws-java-sdk-elasticinference	1.12.158	-	cf2a0d38e1addac6679b2abbee0685d63a6379fb
com.amazonaws	aws-java-sdk-elasticinference	1.12.159	-	fae64e18023745f8d9750255cf8bf2046ae476dd
com.amazonaws	aws-java-sdk-elasticinference	1.12.16	-	3cf13eedd72b30a495355e862ecf0ac97fb5f40b
com.amazonaws	aws-java-sdk-elasticinference	1.12.160	-	d27df5cb7f8e6b47d39c11b697601cebb38d81de
com.amazonaws	aws-java-sdk-elasticinference	1.12.161	-	ebc36c24c6287cf45695a09914b60f6ca735d9c0
com.amazonaws	aws-java-sdk-elasticinference	1.12.162	-	b68eaf1a70ed3445d1b998a7e694de897b5b399c
com.amazonaws	aws-java-sdk-elasticinference	1.12.163	-	c0793dcf7d27ffa18e1f72987b64b90ad0f2f8c6
com.amazonaws	aws-java-sdk-elasticinference	1.12.164	-	2cc9d7ab4588b058ad5830921dcf532d0ba0a817
com.amazonaws	aws-java-sdk-elasticinference	1.12.165	-	b4ce8b8236326d1917ef20bcd1076094af33a5ff
com.amazonaws	aws-java-sdk-elasticinference	1.12.166	-	27909e260bddb35f0fa25c59bf471340329b958e
com.amazonaws	aws-java-sdk-elasticinference	1.12.167	-	cd38f5d89195da1676bad5fb97dccfefe2f4aa63
com.amazonaws	aws-java-sdk-elasticinference	1.12.168	-	b44a948b2420df4bfa74f5adb30d8068c9e713f8
com.amazonaws	aws-java-sdk-elasticinference	1.12.169	-	fc24fabdfd77f2979e44d6ff4287d9da6ec5df41
com.amazonaws	aws-java-sdk-elasticinference	1.12.17	-	cfe586c148f7bde8959fd58980f0f52f1bb39427
com.amazonaws	aws-java-sdk-elasticinference	1.12.170	-	cd3fa738186c0321cd3fcf67b5117feedcfd316b
com.amazonaws	aws-java-sdk-elasticinference	1.12.171	-	fc4b3afc93167da012216ab786315a89c10f1503
com.amazonaws	aws-java-sdk-elasticinference	1.12.172	-	20059ac7354e3383667c28774d762be3e78e0961
com.amazonaws	aws-java-sdk-elasticinference	1.12.173	-	d207867180ccfb0c7dbdb7d2ffc58a3716ebadd8
com.amazonaws	aws-java-sdk-elasticinference	1.12.174	-	cfd8cf2f73e20b37f5c58943045ffbf0ab3e56c3
com.amazonaws	aws-java-sdk-elasticinference	1.12.175	-	c2d04dec56278b0a470ea749f5f9d028bf3cc39b
com.amazonaws	aws-java-sdk-elasticinference	1.12.176	-	fad08f8c9990e73c529875f8a1e9218f028b197d
com.amazonaws	aws-java-sdk-elasticinference	1.12.177	-	350192601943f17dfde9fc2bd31c667dba85b05f
com.amazonaws	aws-java-sdk-elasticinference	1.12.178	-	e69a22a6c7d491263184cbdc2c43b57990cae5fa
com.amazonaws	aws-java-sdk-elasticinference	1.12.179	-	2d2ae3d1e1432d6c27cf83d21040c95abcc8c277
com.amazonaws	aws-java-sdk-elasticinference	1.12.18	-	b66cebaa69c7bd01badb94840cd8870b64007a32
com.amazonaws	aws-java-sdk-elasticinference	1.12.180	-	6b0e063ffdb21eb551cb3d27050d2a294abb0fda
com.amazonaws	aws-java-sdk-elasticinference	1.12.181	-	9ae9d87e04144ec944965e4e8958b82ad61388d3
com.amazonaws	aws-java-sdk-elasticinference	1.12.182	-	646fe0a7c30c3c5ed92579ed86b2656dfbd16c66
com.amazonaws	aws-java-sdk-elasticinference	1.12.183	-	5758c9b5db9bd97ab0994c4813491fbe867cdc73
com.amazonaws	aws-java-sdk-elasticinference	1.12.184	-	0bc24718db00be95627bf5c88916a68dc194ac9e
com.amazonaws	aws-java-sdk-elasticinference	1.12.185	-	1347faa950dfb7a30b4adaed9584f6eaf1534e56
com.amazonaws	aws-java-sdk-elasticinference	1.12.186	-	fa318f6d4af938b53cf6825d915458c412d869da
com.amazonaws	aws-java-sdk-elasticinference	1.12.187	-	7f1615caae51e8310bfe3101f6cce0beae716d6a
com.amazonaws	aws-java-sdk-elasticinference	1.12.188	-	7bc97434637dfcb4bb6c6902047d796b703160cc
com.amazonaws	aws-java-sdk-elasticinference	1.12.189	-	8da560a8fd70d8021cfdac6e5568de205d1eff26
com.amazonaws	aws-java-sdk-elasticinference	1.12.19	-	2b081f989d5ca49aff43c6e13b74af2d5d626055
com.amazonaws	aws-java-sdk-elasticinference	1.12.190	-	24d50b713f293c23690b8b7ec61b5c54de7d28f4
com.amazonaws	aws-java-sdk-elasticinference	1.12.191	-	5081e9811663b17844df390916679008a94f6a8a
com.amazonaws	aws-java-sdk-elasticinference	1.12.192	-	557adaede3633d651d16b882467b962abb084550
com.amazonaws	aws-java-sdk-elasticinference	1.12.193	-	efbc0bd0ec6b0b3a29916e9ed089dada3a10435e
com.amazonaws	aws-java-sdk-elasticinference	1.12.194	-	74e29b56371043d2b9103c4a6b77dc1a0a1319ac
com.amazonaws	aws-java-sdk-elasticinference	1.12.195	-	6e9d6ed626d6e22276d455a468b1f484780b1d1a
com.amazonaws	aws-java-sdk-elasticinference	1.12.196	-	b6dd38caff1427e65890c609850df136bfba0b2a
com.amazonaws	aws-java-sdk-elasticinference	1.12.197	-	5bdeed69a69eb6091311ed487aead6bd6136431c
com.amazonaws	aws-java-sdk-elasticinference	1.12.198	-	2a17e24df08b68e2d22f75c9003d70ddfdfc2131
com.amazonaws	aws-java-sdk-elasticinference	1.12.199	-	c944ff1af78a5be454dca9062fa85f9c51a1afdd
com.amazonaws	aws-java-sdk-elasticinference	1.12.2	-	01d82b972111e3ca7b0aa610be51120fd18d2dbd
com.amazonaws	aws-java-sdk-elasticinference	1.12.20	-	aec7ccb8b4df658088fb9cf521d9b8eb7987c208
com.amazonaws	aws-java-sdk-elasticinference	1.12.200	-	2bef1bb60a2b5dd6e5b934a8dad1baa4fab070fd
com.amazonaws	aws-java-sdk-elasticinference	1.12.201	-	32a2a8dc06b7f74267cb0320985d75c7d1e679d9
com.amazonaws	aws-java-sdk-elasticinference	1.12.202	-	a0522b44130fc3d2a7f47ae0e48162ea2088f695
com.amazonaws	aws-java-sdk-elasticinference	1.12.203	-	9125a1c41174f73562191603662a103823257bf8
com.amazonaws	aws-java-sdk-elasticinference	1.12.204	-	e03d08544a3c49c645fc63d4f7d94594cf1a2184
com.amazonaws	aws-java-sdk-elasticinference	1.12.205	-	f7cc521264535ece3d52de5ceb6be29d3c305c8b
com.amazonaws	aws-java-sdk-elasticinference	1.12.206	-	fc45c9c85ca17f63864e7244d943e01034fab390
com.amazonaws	aws-java-sdk-elasticinference	1.12.207	-	0e7ef0f84f04800fd0e7af9bee181d8c8f612f01
com.amazonaws	aws-java-sdk-elasticinference	1.12.208	-	444fd671632ddb5bf929f34c969a74d0fa9d3a8c
com.amazonaws	aws-java-sdk-elasticinference	1.12.209	-	4983a6ff1a05678fc3d423fd7ab72f4f3cd626f2
com.amazonaws	aws-java-sdk-elasticinference	1.12.21	-	aed0aacf16ad5ca8ddd6819815696e11540827a8
com.amazonaws	aws-java-sdk-elasticinference	1.12.210	-	6ee88ad30e86d0855f38229284f725f16ab3d92a
com.amazonaws	aws-java-sdk-elasticinference	1.12.211	-	86f4047e3f5a83cc8a4341a970019f0ad46756d1
com.amazonaws	aws-java-sdk-elasticinference	1.12.212	-	ca6c3ce7a88e13d095a061226294b207f92c03c3
com.amazonaws	aws-java-sdk-elasticinference	1.12.213	-	a1a90187fa9940d0756b023b7996e108508a6cb7
com.amazonaws	aws-java-sdk-elasticinference	1.12.214	-	7c75fa140d57c129e0490b58f6222aa5aa03231c
com.amazonaws	aws-java-sdk-elasticinference	1.12.215	-	b9f055876236943b3f9e84b4d750f055a060fe10
com.amazonaws	aws-java-sdk-elasticinference	1.12.216	-	2d9000e5cf796a90f984f4feaadb54f5eb02d1d9
com.amazonaws	aws-java-sdk-elasticinference	1.12.217	-	33d71a7c58c797b565d3c7b1afa3b7e6e1db1404
com.amazonaws	aws-java-sdk-elasticinference	1.12.218	-	f129d67f05c28b771a336431e19253cfcc744e47
com.amazonaws	aws-java-sdk-elasticinference	1.12.219	-	78af5fe0f7c4d6c317a9a8644ad77174474e086b
com.amazonaws	aws-java-sdk-elasticinference	1.12.22	-	114e3bb50f4ea184a695ace14b49c9cce865f33b
com.amazonaws	aws-java-sdk-elasticinference	1.12.220	-	e451cb2666ba687470084d9e05bcb95a690fff9b
com.amazonaws	aws-java-sdk-elasticinference	1.12.221	-	a8b6d463495b8a4f9bccfdafc3267a7ddc17f3f2
com.amazonaws	aws-java-sdk-elasticinference	1.12.222	-	706e77e9c91097166f9ebc9a69299e3aa6cae405
com.amazonaws	aws-java-sdk-elasticinference	1.12.223	-	8f781ffc9179ba692111c560bf741793820a778c
com.amazonaws	aws-java-sdk-elasticinference	1.12.224	-	bea2ba4fa4b2f8e3a7adb4fe3e1a8eb799c4a8d2
com.amazonaws	aws-java-sdk-elasticinference	1.12.225	-	15c606ff6d7d035160748031d327b7ff65a5d5a5
com.amazonaws	aws-java-sdk-elasticinference	1.12.226	-	3210dc3b68943aa97f6f73ae8a1576e39afdd5b4
com.amazonaws	aws-java-sdk-elasticinference	1.12.227	-	314ddee5877db9f04f682ec2f5100104116646e3
com.amazonaws	aws-java-sdk-elasticinference	1.12.228	-	8a5443ed8538298514fabefcf2d8072eeb4d624a
com.amazonaws	aws-java-sdk-elasticinference	1.12.229	-	63c015293fa4462602cbc24e6ddc00c4fbaf9bc6
com.amazonaws	aws-java-sdk-elasticinference	1.12.23	-	e8843b289096b8049d222ef9c61449914cf31be6
com.amazonaws	aws-java-sdk-elasticinference	1.12.230	-	09a799a12e16d937fb8ee8b76992fa9611fb6e31
com.amazonaws	aws-java-sdk-elasticinference	1.12.231	-	0c6acbc893223175bfe8c5075fac0943a65e9eab
com.amazonaws	aws-java-sdk-elasticinference	1.12.232	-	d7f26ab73afc2124048370bbbbd69ee535f116b6
com.amazonaws	aws-java-sdk-elasticinference	1.12.233	-	b513bc1c14dae0f1f14b8317fb380511c74e8615
com.amazonaws	aws-java-sdk-elasticinference	1.12.234	-	d221acdeec005bbee570cf06f852b269b8e92c5d
com.amazonaws	aws-java-sdk-elasticinference	1.12.235	-	9f3636921d96bba64069e989265f6a53a1ed67ef
com.amazonaws	aws-java-sdk-elasticinference	1.12.236	-	8367a731a650a4265177b72e61f20e02cc7ad941
com.amazonaws	aws-java-sdk-elasticinference	1.12.237	-	5be802ed3df3e3f7fd29cf651dd31dd8cef4994c
com.amazonaws	aws-java-sdk-elasticinference	1.12.238	-	1d19c4623f3a86b27a4322ce53351433f9733869
com.amazonaws	aws-java-sdk-elasticinference	1.12.239	-	a6d0f35512ac6752435e69d018f9c26b35730aa9
com.amazonaws	aws-java-sdk-elasticinference	1.12.24	-	47a079f1295b351696f21ea7156ba338c0468250
com.amazonaws	aws-java-sdk-elasticinference	1.12.240	-	5331f6b22860d0ab5c9d5ee253b5e475b402755d
com.amazonaws	aws-java-sdk-elasticinference	1.12.241	-	6c92eb270059ad3cb386dc949e22d519680cc150
com.amazonaws	aws-java-sdk-elasticinference	1.12.242	-	79ecc3bf8cfa3204581f12f104269dfaaaad44af
com.amazonaws	aws-java-sdk-elasticinference	1.12.243	-	09327f064ed64df149cffbd501fb95805f02f0dd
com.amazonaws	aws-java-sdk-elasticinference	1.12.244	-	a2098e1a164288a4c8567dd8645388f1a2d51bc3
com.amazonaws	aws-java-sdk-elasticinference	1.12.245	-	7e804eabe802cf64cf5f029bcfa7cd5ae285f43f
com.amazonaws	aws-java-sdk-elasticinference	1.12.246	-	096335e882c2b3c42bb8b986e342c4bee18b95a0
com.amazonaws	aws-java-sdk-elasticinference	1.12.247	-	d34c921e5b4cdbb726e2529dbbfce3c4ffb6218c
com.amazonaws	aws-java-sdk-elasticinference	1.12.248	-	83ffed943aa27990f93def40a7dfe9c0b7c86b9a
com.amazonaws	aws-java-sdk-elasticinference	1.12.249	-	692de0b87186940b4ef49dbacc5249b7dd45d679
com.amazonaws	aws-java-sdk-elasticinference	1.12.25	-	742b89d7c0e033512d6667c1e3ab03f6a1c8ec0c
com.amazonaws	aws-java-sdk-elasticinference	1.12.250	-	5dfd0b97389dc069f1f4379cdecc10483fd8899a
com.amazonaws	aws-java-sdk-elasticinference	1.12.251	-	720e69f64dcd083e6184d8363adf9207c72caa87
com.amazonaws	aws-java-sdk-elasticinference	1.12.252	-	cff66f158f61f4733935dc1bca01b730677c8b31
com.amazonaws	aws-java-sdk-elasticinference	1.12.253	-	54041c062591dee217f03ee8c1a664c499153ba8
com.amazonaws	aws-java-sdk-elasticinference	1.12.254	-	3d25d9a72b10d3a7bcb85b10162b017d99b8cb59
com.amazonaws	aws-java-sdk-elasticinference	1.12.255	-	e68173a1f31cb8a4eef29427dbc400c087bc76b7
com.amazonaws	aws-java-sdk-elasticinference	1.12.256	-	2d85f803b2f035667dc1d1dc30cf442558155db4
com.amazonaws	aws-java-sdk-elasticinference	1.12.257	-	66756c2168568287889598f3c939473e901e3aec
com.amazonaws	aws-java-sdk-elasticinference	1.12.258	-	709a8d95f192cf750957dbe5214101fd37af509e
com.amazonaws	aws-java-sdk-elasticinference	1.12.259	-	6503205d648f2dd28477918d92796eb8866e903c
com.amazonaws	aws-java-sdk-elasticinference	1.12.26	-	d9ce245d1d31547333988cf62cc97779e431b244
com.amazonaws	aws-java-sdk-elasticinference	1.12.260	-	5d9a75741f8ab2a9aadac90177eb6abc6b999166
com.amazonaws	aws-java-sdk-elasticinference	1.12.261	-	6a0f23f889a00a31f085d6620b379a2c47d196c4
com.amazonaws	aws-java-sdk-elasticinference	1.12.262	-	a119947fafce7ab96d90fa89f466bff8199a58c5
com.amazonaws	aws-java-sdk-elasticinference	1.12.263	-	a094f0356143a2722af5a920089b553d07a0677e
com.amazonaws	aws-java-sdk-elasticinference	1.12.264	-	5e9fc0cfcf9a4299da8467c97afb97c7d14370bd
com.amazonaws	aws-java-sdk-elasticinference	1.12.265	-	6eb9b19aac22841d8b88fa34fc8a0eaa654ea8e4
com.amazonaws	aws-java-sdk-elasticinference	1.12.266	-	19ad1f6c99cfeca3c1f5e77ac0477022101142ca
com.amazonaws	aws-java-sdk-elasticinference	1.12.267	-	f371cc68f51beff7675f20a82b8bf90bc3e35b65
com.amazonaws	aws-java-sdk-elasticinference	1.12.268	-	1395ead9ef34ed28dc25e5a784844c8682ca1b68
com.amazonaws	aws-java-sdk-elasticinference	1.12.269	-	96c5845c56be20bd93fabffe313bd4a1ce749208
com.amazonaws	aws-java-sdk-elasticinference	1.12.27	-	c4247f6cd39ad5391b59baf7e2eea55768f56040
com.amazonaws	aws-java-sdk-elasticinference	1.12.270	-	42300fb8a9d04e1f8aa69d2cd9e4698af473dee3
com.amazonaws	aws-java-sdk-elasticinference	1.12.271	-	39de534a6f0644f586f4effb167a88ed8143f354
com.amazonaws	aws-java-sdk-elasticinference	1.12.272	-	45593b7920404dc42b99e2154727f722d65ecf1a
com.amazonaws	aws-java-sdk-elasticinference	1.12.273	-	0de157b918bfd334ddf8a5bd0fe81e57274d9e73
com.amazonaws	aws-java-sdk-elasticinference	1.12.274	-	fb5bfa03e8666e893669e4cf80dc0e7c63ea6500
com.amazonaws	aws-java-sdk-elasticinference	1.12.275	-	1966d6a93979b4592d7a481a50689f375cc9467a
com.amazonaws	aws-java-sdk-elasticinference	1.12.276	-	213468de16f669fe7a829c1bd91bf54da70025c2
com.amazonaws	aws-java-sdk-elasticinference	1.12.277	-	0a920f52e159d2e06bce145a20de410c43253621
com.amazonaws	aws-java-sdk-elasticinference	1.12.278	-	dddcd8508e203c3dad39b0fd2c2c814506e02ef4
com.amazonaws	aws-java-sdk-elasticinference	1.12.279	-	1ce8fc02898a44f60906c7830704a87474b612ff
com.amazonaws	aws-java-sdk-elasticinference	1.12.28	-	bff681bc9fc55e5643fa7f7a1b9e1d0f0a6f9a7d
com.amazonaws	aws-java-sdk-elasticinference	1.12.280	-	845d233f85f59727ba970b57b39bc8b9aa854500
com.amazonaws	aws-java-sdk-elasticinference	1.12.281	-	f77509b4af15e8d5506a07829e74fdcfc459eede
com.amazonaws	aws-java-sdk-elasticinference	1.12.282	-	e9ca9bf6ff6feb18a0261613fc74cd9bc64ba247
com.amazonaws	aws-java-sdk-elasticinference	1.12.283	-	556dbf1dd2af4013d3ba3d15f891f568e188e420
com.amazonaws	aws-java-sdk-elasticinference	1.12.284	-	2526d42e1ffef9614a7850c2445a7c46612137f5
com.amazonaws	aws-java-sdk-elasticinference	1.12.285	-	6de4298d070aafd7fb75ffbef85f2800c3116e49
com.amazonaws	aws-java-sdk-elasticinference	1.12.286	-	8c4b8dd891c91d66814e7026c5cdd0ea221ddcc8
com.amazonaws	aws-java-sdk-elasticinference	1.12.287	-	aaa0f886b1f77d4874207967fd9b222e09d5c4b9
com.amazonaws	aws-java-sdk-elasticinference	1.12.288	-	a4bc36a0240501b1a27b923e986f113996b6cab3
com.amazonaws	aws-java-sdk-elasticinference	1.12.289	-	28419d4c577bad2c91d190d8952d7cae6aef0f82
com.amazonaws	aws-java-sdk-elasticinference	1.12.29	-	b0728e93e5d119cc5b8f348cd5d950b3dae4b357
com.amazonaws	aws-java-sdk-elasticinference	1.12.290	-	0cac7e79b3caa1a3690ac9491cb31af36d534a81
com.amazonaws	aws-java-sdk-elasticinference	1.12.291	-	d54bda22563812ce099e93b70a9fc6269f01b0ea
com.amazonaws	aws-java-sdk-elasticinference	1.12.292	-	bd7094487cefd7ec43e09db212c5a607c692d08c
com.amazonaws	aws-java-sdk-elasticinference	1.12.293	-	eb91c12ffcf2156b46604c54870ef5230ebf6748
com.amazonaws	aws-java-sdk-elasticinference	1.12.294	-	c7fb85955fdaaad967f8598b55a9c33b7297ca67
com.amazonaws	aws-java-sdk-elasticinference	1.12.295	-	6d764dbb7c1dc1732da135965d8856c80a42321d
com.amazonaws	aws-java-sdk-elasticinference	1.12.296	-	39ee63583119b456df5f3d9fa1913e6e6f2a265b
com.amazonaws	aws-java-sdk-elasticinference	1.12.297	-	b0cb7fb265a1a02d1b6d01997d5bb80fcfa47a9e
com.amazonaws	aws-java-sdk-elasticinference	1.12.298	-	e16f368b374e42b82bacb1562e396fc408ef9f97
com.amazonaws	aws-java-sdk-elasticinference	1.12.299	-	62d63fce4d7feaf72639aa16e71cfb43bf20208b
com.amazonaws	aws-java-sdk-elasticinference	1.12.3	-	bfc7901946c99d0ae3c238556fa8bb8b306b5393
com.amazonaws	aws-java-sdk-elasticinference	1.12.30	-	d0abfc08c7c8334b1c67619127c8d6ef97775ceb
com.amazonaws	aws-java-sdk-elasticinference	1.12.300	-	c34648e4af27a3897cbd3dae4214123334535321
com.amazonaws	aws-java-sdk-elasticinference	1.12.301	-	872494078298d6773275049fac4ca664965aab16
com.amazonaws	aws-java-sdk-elasticinference	1.12.302	-	02950c38653fb49e103b8765ba25d50c672997ee
com.amazonaws	aws-java-sdk-elasticinference	1.12.303	-	c66b121eabe08a165a83d9171fc37d2fec38d8f0
com.amazonaws	aws-java-sdk-elasticinference	1.12.304	-	00a1dc3a1a57465311234182eda379cc9e4b57de
com.amazonaws	aws-java-sdk-elasticinference	1.12.305	-	f1096073955b239fb3d0244d802d3a68d06138b5
com.amazonaws	aws-java-sdk-elasticinference	1.12.306	-	024a0b86bfe1effe14134c579d36486e402d3752
com.amazonaws	aws-java-sdk-elasticinference	1.12.307	-	b2a9b3cb7e10dd5ab9cfec47049b22ae0ca621a4
com.amazonaws	aws-java-sdk-elasticinference	1.12.308	-	5e209831154887f308143b1d73d13e3a6d2d9194
com.amazonaws	aws-java-sdk-elasticinference	1.12.309	-	4ed198c4653f4461663243ceaeb95396239698a6
com.amazonaws	aws-java-sdk-elasticinference	1.12.31	-	c1b435de0e73fcc438a0428a56c4d74dd886b492
com.amazonaws	aws-java-sdk-elasticinference	1.12.310	-	bbeb2aafe0cfc25405584c1de86c4551be0707c4
com.amazonaws	aws-java-sdk-elasticinference	1.12.311	-	6932a8020b22f8f4afec47c7c638940996f5d2f4
com.amazonaws	aws-java-sdk-elasticinference	1.12.312	-	74a17788247c27a36dc1a5611fd5ca0bb6cde889
com.amazonaws	aws-java-sdk-elasticinference	1.12.313	-	3ac0d0baf2ad1391d4c33b40487f08f718d0b9af
com.amazonaws	aws-java-sdk-elasticinference	1.12.314	-	2ff307515526584397941d8a9bd21e4011f2b2f1
com.amazonaws	aws-java-sdk-elasticinference	1.12.315	-	658acee4fc4cf4d79fa327a5a8544373c0bb3e2b
com.amazonaws	aws-java-sdk-elasticinference	1.12.316	-	515939c3694bda5e8042529baea6b6ad179ec523
com.amazonaws	aws-java-sdk-elasticinference	1.12.317	-	1703b102f4e563d47c9bfe2813ed23fec5b531de
com.amazonaws	aws-java-sdk-elasticinference	1.12.318	-	c1a812a632e2981131da2fa73a68d94a8a85bf43
com.amazonaws	aws-java-sdk-elasticinference	1.12.319	-	84b70ba796f7db0f9d11f74a3d62abdefdfacc91
com.amazonaws	aws-java-sdk-elasticinference	1.12.32	-	0125311b7e867935f707c8aef13ef6bfe6dfeca4
com.amazonaws	aws-java-sdk-elasticinference	1.12.320	-	1fb51b554bcab6d7b1e37d9f739f0fed6e842965
com.amazonaws	aws-java-sdk-elasticinference	1.12.321	-	2bc9c62e5d7b19265c3224a44e3df46ce0357542
com.amazonaws	aws-java-sdk-elasticinference	1.12.322	-	1802b210a4e8a68baa66f74ef8c7731f94d72b55
com.amazonaws	aws-java-sdk-elasticinference	1.12.323	-	c188c953b8863fc3798150d19bec736cd652de8f
com.amazonaws	aws-java-sdk-elasticinference	1.12.324	-	6885cccc4f04c72cc93b9a5466b29ed9e952e66d
com.amazonaws	aws-java-sdk-elasticinference	1.12.325	-	56d55d9a2bb534098a8a701ab53e26d01cb16417
com.amazonaws	aws-java-sdk-elasticinference	1.12.326	-	160ec7829abe69292130adda76d3e0e17d840e36
com.amazonaws	aws-java-sdk-elasticinference	1.12.327	-	96434208c95a41208cacaea4572e1a390c71e288
com.amazonaws	aws-java-sdk-elasticinference	1.12.328	-	eb8d7b0f5e7748999c8723fd7403296917cf10dd
com.amazonaws	aws-java-sdk-elasticinference	1.12.329	-	c9f47a605bf4a22672cf565f29057becf7efe7d8
com.amazonaws	aws-java-sdk-elasticinference	1.12.33	-	65fc121d60f59d5f6cf79393caca868d3e2af3e2
com.amazonaws	aws-java-sdk-elasticinference	1.12.330	-	f0d80a6dc6b0e9588e27c17383c0fd091ecea4fe
com.amazonaws	aws-java-sdk-elasticinference	1.12.331	-	bf236e05af85624937bcd5761e72cef61039d214
com.amazonaws	aws-java-sdk-elasticinference	1.12.332	-	381165411a10d743f6997537059b8cf9edf567d7
com.amazonaws	aws-java-sdk-elasticinference	1.12.333	-	2de5e834142e147e945c96770dd8aaeed5a06ae9
com.amazonaws	aws-java-sdk-elasticinference	1.12.334	-	6ccfe8e2d83411573ad8e00520f3694e3cb43aa8
com.amazonaws	aws-java-sdk-elasticinference	1.12.335	-	4100e43a0277f99f2f03dfe7d1547361051a3924
com.amazonaws	aws-java-sdk-elasticinference	1.12.336	-	4db1f1c0e0cd09a9e43d27ab3b1966932341b732
com.amazonaws	aws-java-sdk-elasticinference	1.12.337	-	13c6b82e34315ef7f3b5143e839dd320a713a7b8
com.amazonaws	aws-java-sdk-elasticinference	1.12.338	-	97848870a8d6c1f302eaf21e9d2a67955303822b
com.amazonaws	aws-java-sdk-elasticinference	1.12.339	-	7c76ff2860c42ab9ba7bc879d3797af425dd7709
com.amazonaws	aws-java-sdk-elasticinference	1.12.34	-	8a741b34e5d9a1320d31f166d98aada4fc1bd30a
com.amazonaws	aws-java-sdk-elasticinference	1.12.340	-	b094bbda4f4a546b7a3c1b1fd2dc11d4b6b10267
com.amazonaws	aws-java-sdk-elasticinference	1.12.341	-	225b6dc6e7490841fda752991c5a0e0ea021cb7d
com.amazonaws	aws-java-sdk-elasticinference	1.12.342	-	9b0f6e5bdce2b638356b6b1165af03c0ae9ef403
com.amazonaws	aws-java-sdk-elasticinference	1.12.343	-	868ecbb2fec78200ec83304ae227ac3ff6646a1c
com.amazonaws	aws-java-sdk-elasticinference	1.12.344	-	b29bb8dd899e3f90a76fe617e011ce68e0ecf525
com.amazonaws	aws-java-sdk-elasticinference	1.12.345	-	dd0941cc072466e87cdfccc9b57331f96e0dd290
com.amazonaws	aws-java-sdk-elasticinference	1.12.346	-	7b8cd15c7da22b3ef113ea872db5ddd4492e3f5f
com.amazonaws	aws-java-sdk-elasticinference	1.12.347	-	5bd607e6f03aafede195434733662b53df1f9d55
com.amazonaws	aws-java-sdk-elasticinference	1.12.348	-	c9d8d3194be6f9a1b48ca7bd750ebb8d4308796d
com.amazonaws	aws-java-sdk-elasticinference	1.12.349	-	de7343201d06168bde09f24ffc57ad35c1ae0c46
com.amazonaws	aws-java-sdk-elasticinference	1.12.35	-	a4d29f0c8739d20eec576cfc752037f7a7ccf50d
com.amazonaws	aws-java-sdk-elasticinference	1.12.350	-	9ad10b993e18026c34679794ff7724c2010a52ad
com.amazonaws	aws-java-sdk-elasticinference	1.12.351	-	82ac96593f3eb658017c67ed591be4604a37c6e7
com.amazonaws	aws-java-sdk-elasticinference	1.12.352	-	893340a896fb45ce96b9ca92e9626a8e93370a96
com.amazonaws	aws-java-sdk-elasticinference	1.12.353	-	8b1183ea28dbf05afb95634881e9988b7ee33ad6
com.amazonaws	aws-java-sdk-elasticinference	1.12.354	-	606b711f0a3ff27c7f82db0b55ed71fd7379b02d
com.amazonaws	aws-java-sdk-elasticinference	1.12.355	-	abbedc07084e09dc6dbecbee5747640c8f38dfbd
com.amazonaws	aws-java-sdk-elasticinference	1.12.356	-	bc6cfa53c056d645db38d7aa517841e6c160a1d2
com.amazonaws	aws-java-sdk-elasticinference	1.12.357	-	ea508968cb8ad1e6dcd7561945439e38594bd591
com.amazonaws	aws-java-sdk-elasticinference	1.12.358	-	b767ceaeb2266d5db1a9326b0752638d7096b733
com.amazonaws	aws-java-sdk-elasticinference	1.12.359	-	e6c7d4e385a47491a3510058689f4f4713c00385
com.amazonaws	aws-java-sdk-elasticinference	1.12.36	-	539dc75dc1a4255820b15e2412a5c012d73eb11c
com.amazonaws	aws-java-sdk-elasticinference	1.12.360	-	c8246633da07762324542eafabc6f4eac484be67
com.amazonaws	aws-java-sdk-elasticinference	1.12.361	-	1df8ed74384f802dffd527bb7df9bb41e5c81711
com.amazonaws	aws-java-sdk-elasticinference	1.12.362	-	378d488c7ca393048a3e0576c0c1f7b524bb2380
com.amazonaws	aws-java-sdk-elasticinference	1.12.363	-	563ea6bd17b76fae0123d66c0bbe3934886aa1b3
com.amazonaws	aws-java-sdk-elasticinference	1.12.364	-	f6695bc0a6d2cda65a68056e18e539c88c5ffe3d
com.amazonaws	aws-java-sdk-elasticinference	1.12.365	-	4f9275e162529ed4b5cbbfea47d7e9d932b11147
com.amazonaws	aws-java-sdk-elasticinference	1.12.366	-	56b9f48c5274355d05e95419aa2759b7d1bdbaeb
com.amazonaws	aws-java-sdk-elasticinference	1.12.367	-	993b2609df3486516885f0e75892b199514d384b
com.amazonaws	aws-java-sdk-elasticinference	1.12.368	-	36c56ada552243fb96f0a95386efb1413ca1a7d2
com.amazonaws	aws-java-sdk-elasticinference	1.12.369	-	912d5173175b98f1e259c3c8063c54ec5fd6f456
com.amazonaws	aws-java-sdk-elasticinference	1.12.37	-	01c0da790ff1288ad32d4d90c8f525cc6fccb079
com.amazonaws	aws-java-sdk-elasticinference	1.12.370	-	7efa1f3ed931e418a18c362d92a5b040c49936f2
com.amazonaws	aws-java-sdk-elasticinference	1.12.371	-	a7b6b60d26ecaf6d41eae71d432537542bd4d90c
com.amazonaws	aws-java-sdk-elasticinference	1.12.372	-	cab220494d4668ccd70fd02b71102c73476a086b
com.amazonaws	aws-java-sdk-elasticinference	1.12.373	-	2ef9597ec8a2fb953466c575b34f400ba060f2db
com.amazonaws	aws-java-sdk-elasticinference	1.12.374	-	f47ca69dfe7eebfbd0b43559ecdab4eabffb987b
com.amazonaws	aws-java-sdk-elasticinference	1.12.375	-	aeaef0ff5bc47564510066921f8f02b9f580c4bb
com.amazonaws	aws-java-sdk-elasticinference	1.12.376	-	ef130fa34ad73ed033b7a6f2c6ea21e8e75cbc7b
com.amazonaws	aws-java-sdk-elasticinference	1.12.377	-	8ec5b96476d8ac49de70fed9c718c84ae6655d20
com.amazonaws	aws-java-sdk-elasticinference	1.12.378	-	65b7b42f2764a3bd95fa6ecf25f6ca857bcb4e19
com.amazonaws	aws-java-sdk-elasticinference	1.12.379	-	1b34b70ac21d91e751c3fa43c4312369119681ea
com.amazonaws	aws-java-sdk-elasticinference	1.12.38	-	6d29367bf529ee7f9d031e02761877fdbd2982b8
com.amazonaws	aws-java-sdk-elasticinference	1.12.380	-	4b3e784f5ed771407754bcbcf48a8b88156b6707
com.amazonaws	aws-java-sdk-elasticinference	1.12.381	-	de0dc7d5d425b139da343e01a5852cd431c04c25
com.amazonaws	aws-java-sdk-elasticinference	1.12.382	-	6a0d704c94649a4c9d46f9a0c789b7441588e195
com.amazonaws	aws-java-sdk-elasticinference	1.12.383	-	6890fe9721c947fd8d44bb8a3fdcd037c6bfbcd1
com.amazonaws	aws-java-sdk-elasticinference	1.12.384	-	081a6de3c697da0d904a30ee315906c3aa0b4254
com.amazonaws	aws-java-sdk-elasticinference	1.12.385	-	18209a0bc58e69443a0f53d2db5cc2e53fb7fb7a
com.amazonaws	aws-java-sdk-elasticinference	1.12.386	-	074dec684dfa45cc9ce64fdb903f9b7303cf8686
com.amazonaws	aws-java-sdk-elasticinference	1.12.387	-	91d1c6185b9392c2c2fd73b9062c6bd51eb994a5
com.amazonaws	aws-java-sdk-elasticinference	1.12.388	-	5a05fd917dba019426fbc8fff960ebb20bb8336b
com.amazonaws	aws-java-sdk-elasticinference	1.12.389	-	338a878acf69b066bb2cbafc2bbf903efeef5f5b
com.amazonaws	aws-java-sdk-elasticinference	1.12.39	-	2357c71d5287c1da7b4884b4a2d5afd9b6337fd2
com.amazonaws	aws-java-sdk-elasticinference	1.12.390	-	3bc07f41a5b753bb15b81ad857c1991e33a385ff
com.amazonaws	aws-java-sdk-elasticinference	1.12.391	-	8a05087218820a6eaaf8515e0dae924595bbcdab
com.amazonaws	aws-java-sdk-elasticinference	1.12.392	-	7365fb9fdf4d2965e0d13062f6d2774cb873b5ee
com.amazonaws	aws-java-sdk-elasticinference	1.12.393	-	a5e3b5360a676632935a7d5c3010a63269db00c4
com.amazonaws	aws-java-sdk-elasticinference	1.12.394	-	5fb9d97813a7b0e6a1d2bca9da0c6013cb142715
com.amazonaws	aws-java-sdk-elasticinference	1.12.395	-	0aaabdcd950b995135ecbf4ea621ad489f222048
com.amazonaws	aws-java-sdk-elasticinference	1.12.396	-	d98f9138e93e12304d2ed55522041b42dc1fdd9e
com.amazonaws	aws-java-sdk-elasticinference	1.12.397	-	9bdcc8cfca8aa3d0f4e911b872c493ac415c5a37
com.amazonaws	aws-java-sdk-elasticinference	1.12.398	-	840191d976291c744e3b283e9666ab843502413b
com.amazonaws	aws-java-sdk-elasticinference	1.12.399	-	2367470436cd2f3bfd07e71bd3048ee2ca0947c4
com.amazonaws	aws-java-sdk-elasticinference	1.12.4	-	bda770d75fad16583212aa5c1c285f8c4aa1d1b4
com.amazonaws	aws-java-sdk-elasticinference	1.12.40	-	55c26f2d302d6bc628b1c333ea9c3a20b64eb518
com.amazonaws	aws-java-sdk-elasticinference	1.12.400	-	d2cd2d8d5e92e53dceb8ba024d0f7aa5078c1dc2
com.amazonaws	aws-java-sdk-elasticinference	1.12.401	-	e62bc9ed3b13e2da8519f94d6f86214aac9ba60d
com.amazonaws	aws-java-sdk-elasticinference	1.12.402	-	b6122f45a23d01ece6fa1d6fd475dfa2f7511bba
com.amazonaws	aws-java-sdk-elasticinference	1.12.403	-	95cba455287cec48f417b2931dfc1cff13246b86
com.amazonaws	aws-java-sdk-elasticinference	1.12.404	-	de9ed8271856e81fce39a71868336b087d5ccdf0
com.amazonaws	aws-java-sdk-elasticinference	1.12.405	-	015d0bda4da3c990b0ea21b2960be1dad2b71170
com.amazonaws	aws-java-sdk-elasticinference	1.12.406	-	c456b053f42f73c21d5bc0d6e16f4552c7c6f15f
com.amazonaws	aws-java-sdk-elasticinference	1.12.407	-	30f096705b0d2f802d01f5188825cde27a1c97c6
com.amazonaws	aws-java-sdk-elasticinference	1.12.408	-	f9b69f75b55527af2277b65a4d8d179c3c02bbc4
com.amazonaws	aws-java-sdk-elasticinference	1.12.409	-	261bb919119024d53985e544ff9cab5790f62985
com.amazonaws	aws-java-sdk-elasticinference	1.12.41	-	90f9bac2a763cc86d042d736a3e5d75223a27c7e
com.amazonaws	aws-java-sdk-elasticinference	1.12.410	-	04580e151693bf54777d36e4e0445437b54e7863
com.amazonaws	aws-java-sdk-elasticinference	1.12.411	-	e50a2cd149ab21eb0039e93dcb4b33643d54b75f
com.amazonaws	aws-java-sdk-elasticinference	1.12.412	-	b8317fc528b3e516775ac06aa0d05e8c1b40af5c
com.amazonaws	aws-java-sdk-elasticinference	1.12.413	-	2b114953cddc1793bee14650c6f6624f65299af7
com.amazonaws	aws-java-sdk-elasticinference	1.12.414	-	b1ff1ffcd6919728b2b6909a77ccaff28493a67c
com.amazonaws	aws-java-sdk-elasticinference	1.12.415	-	00d07594c422198c2acc4ca8c92768fbbaa8f501
com.amazonaws	aws-java-sdk-elasticinference	1.12.416	-	bcee9e5e81a7e32158e08208f84de1d571357dc8
com.amazonaws	aws-java-sdk-elasticinference	1.12.417	-	fca8053b5bd3c6f3d73bfc297cc65be1c417dd29
com.amazonaws	aws-java-sdk-elasticinference	1.12.418	-	e0b2f75dc1939b1500b6da7f2e8cb59fb548de1a
com.amazonaws	aws-java-sdk-elasticinference	1.12.419	-	a4d5ad4d479623d744be5944bab3c1cc742bb6fa
com.amazonaws	aws-java-sdk-elasticinference	1.12.42	-	df55ce11460c01638c2638599c39c932f4db3dca
com.amazonaws	aws-java-sdk-elasticinference	1.12.420	-	de21c77048eb17738240fadc1e34da70a9a4a7d0
com.amazonaws	aws-java-sdk-elasticinference	1.12.421	-	f6e921382fa5ea520bad88b75051a2b83dee5739
com.amazonaws	aws-java-sdk-elasticinference	1.12.422	-	f92d69a43fc247455dcbe9f7fd7511e1e15ff85d
com.amazonaws	aws-java-sdk-elasticinference	1.12.423	-	f2275f18c2bd26f78a8a816e74ba768bbe96d612
com.amazonaws	aws-java-sdk-elasticinference	1.12.424	-	6e4f8db63ea4af0a91437503cd710d0f47300c6a
com.amazonaws	aws-java-sdk-elasticinference	1.12.425	-	07fdc5fd28bf93287bfc935fda6fdb98b28522ca
com.amazonaws	aws-java-sdk-elasticinference	1.12.426	-	c41392f0af83fe013a44890e1a26e7a0ba967de3
com.amazonaws	aws-java-sdk-elasticinference	1.12.427	-	d79e45e9c4e2ae40540860465e0a3111defec119
com.amazonaws	aws-java-sdk-elasticinference	1.12.428	-	f6b886698811f107c42c257d98eace1010cad832
com.amazonaws	aws-java-sdk-elasticinference	1.12.429	-	716a870a36517aaec55319590c5c661b22732e34
com.amazonaws	aws-java-sdk-elasticinference	1.12.43	-	4311918a5f6fdbaec2a0c08ee4ef9001f7167bb1
com.amazonaws	aws-java-sdk-elasticinference	1.12.430	-	a78a9858aacc11edc338f46fee83839a49875987
com.amazonaws	aws-java-sdk-elasticinference	1.12.431	-	7f0a058625e5c179c1d114db10200bac04d80340
com.amazonaws	aws-java-sdk-elasticinference	1.12.432	-	cb2c12b0aa3e448205aa02cf5cab745aaeb31640
com.amazonaws	aws-java-sdk-elasticinference	1.12.433	-	ba23f654949dd5a9a987dd91dc8bba9c3480f1da
com.amazonaws	aws-java-sdk-elasticinference	1.12.434	-	bcc95972a613bf501223c42ecd81cce06d0b6c36
com.amazonaws	aws-java-sdk-elasticinference	1.12.435	-	0f44bdcd94bdff1b169b2ee61543bc793df8f1ec
com.amazonaws	aws-java-sdk-elasticinference	1.12.436	-	cd93d6f4ef0d7f9c4655e0362c68c5feea05cb84
com.amazonaws	aws-java-sdk-elasticinference	1.12.437	-	e7fc4e44d23978bdb9958405f94ba28f2d8708df
com.amazonaws	aws-java-sdk-elasticinference	1.12.438	-	b8b0a10517caa1a2a26f99b88247f4d6d66f87b3
com.amazonaws	aws-java-sdk-elasticinference	1.12.439	-	a4b638db48f8f674112457570c414be48a0671e6
com.amazonaws	aws-java-sdk-elasticinference	1.12.44	-	68471c71a954543b0d03fc9b7aec032d5ed88fb5
com.amazonaws	aws-java-sdk-elasticinference	1.12.440	-	88c32d1e0285ce5c94fbbc2fd8e8dee45b7c5454
com.amazonaws	aws-java-sdk-elasticinference	1.12.441	-	8414e7db97caaa88678bddfe6f5f907e8ee3cf20
com.amazonaws	aws-java-sdk-elasticinference	1.12.442	-	5823cf5adb02120e1e2a066a9814efdfcb4dfa6a
com.amazonaws	aws-java-sdk-elasticinference	1.12.443	-	e3021073eb7963e9fe05e9f8923ef1b144b2c81b
com.amazonaws	aws-java-sdk-elasticinference	1.12.444	-	957d6d0b991a38e8c2d6349a58e67b4b78faf1c6
com.amazonaws	aws-java-sdk-elasticinference	1.12.445	-	882523750ca32115ffe55bec86eb2034dbbbf458
com.amazonaws	aws-java-sdk-elasticinference	1.12.446	-	899a9e87e99860751d6c023507b0ae0f7b53a86a
com.amazonaws	aws-java-sdk-elasticinference	1.12.447	-	996c07787e3823c01c80d0420a955dc131bf80e6
com.amazonaws	aws-java-sdk-elasticinference	1.12.448	-	af2f01301fa69360076d075caaab5406953c3621
com.amazonaws	aws-java-sdk-elasticinference	1.12.449	-	75581e6ce0947acecd297a3faee57a36d51e3bcb
com.amazonaws	aws-java-sdk-elasticinference	1.12.45	-	57ef7d1092b56ee0ecbea13afaa84ed225a604d7
com.amazonaws	aws-java-sdk-elasticinference	1.12.450	-	b1a80cfae081cef77b58e87af7bdde32a23d853c
com.amazonaws	aws-java-sdk-elasticinference	1.12.451	-	cd703ae22f97b3ad60906aaf3687bf476acb779b
com.amazonaws	aws-java-sdk-elasticinference	1.12.452	-	bfce75ce736d7bb9f65a8c172b040cebea9fc8ab
com.amazonaws	aws-java-sdk-elasticinference	1.12.453	-	7cd34abd1475def04e42534ac6312615a7c16f43
com.amazonaws	aws-java-sdk-elasticinference	1.12.454	-	9c007600f207f42dd1862f70ef49c02cc9fcbf3c
com.amazonaws	aws-java-sdk-elasticinference	1.12.455	-	abee4165a0d4147b19dfb8ba6c58a5889bccd2eb
com.amazonaws	aws-java-sdk-elasticinference	1.12.456	-	97bb75061b03f21917e8487bd49aca9bdbc4647a
com.amazonaws	aws-java-sdk-elasticinference	1.12.457	-	8c9f7c23e78d4de078c44c01b538aebabd15da72
com.amazonaws	aws-java-sdk-elasticinference	1.12.458	-	c6082558bb5b483a850d83519889da48f61b1e52
com.amazonaws	aws-java-sdk-elasticinference	1.12.459	-	838ad0eff1a0e93adf576a8996272dc8dd195f3a
com.amazonaws	aws-java-sdk-elasticinference	1.12.46	-	0c8f668899d41c3372a18a1f4b63a17cdf0b0400
com.amazonaws	aws-java-sdk-elasticinference	1.12.460	-	2c40b14f8ece322282e0050765e2f07538ba82e5
com.amazonaws	aws-java-sdk-elasticinference	1.12.461	-	495788f9f64f78c44ea71b53b8f2aac35ff022a5
com.amazonaws	aws-java-sdk-elasticinference	1.12.462	-	e7724cf0bef94b6a86e800a12c8b2ef0bf550c96
com.amazonaws	aws-java-sdk-elasticinference	1.12.463	-	5e56e9ef08e8a3d37ddda009b6745000fa8cbe6c
com.amazonaws	aws-java-sdk-elasticinference	1.12.464	-	85c937930ff69c8687e4ccc77ae67b103e3a688a
com.amazonaws	aws-java-sdk-elasticinference	1.12.465	-	7d47c334949279a366e659b4520a8556a3142c56
com.amazonaws	aws-java-sdk-elasticinference	1.12.466	-	de189b64773b9add2f2ff04755782cee48a5d306
com.amazonaws	aws-java-sdk-elasticinference	1.12.467	-	e2418a205eb257da5148ff162065740a76efa10c
com.amazonaws	aws-java-sdk-elasticinference	1.12.468	-	33f0839e182962d138e1716c5c7cdcca39823fe0
com.amazonaws	aws-java-sdk-elasticinference	1.12.469	-	63462b7f7a879dbb6826c2c80448129a72e03642
com.amazonaws	aws-java-sdk-elasticinference	1.12.47	-	ca169396b91aa7c9378889d07db177ec9c42f903
com.amazonaws	aws-java-sdk-elasticinference	1.12.470	-	1e100849993d18647ebf8258427ece248c021824
com.amazonaws	aws-java-sdk-elasticinference	1.12.471	-	5e3b4af2a1ddd6a46c980cbe8533b474db6c2688
com.amazonaws	aws-java-sdk-elasticinference	1.12.472	-	8c467dfd6d5f476c197a1a1da197cfcdabcd0e23
com.amazonaws	aws-java-sdk-elasticinference	1.12.473	-	5e259577055616c4b602cd65736ec95a3701ab13
com.amazonaws	aws-java-sdk-elasticinference	1.12.474	-	56d1a5b9b4770a03d8213a5aad2768a6437220f7
com.amazonaws	aws-java-sdk-elasticinference	1.12.475	-	3ef6e323ba11f09585f884888389ec2b5bdf987f
com.amazonaws	aws-java-sdk-elasticinference	1.12.476	-	a549c6bbee0deeb031d6b7ad01e02b5ee79fec27
com.amazonaws	aws-java-sdk-elasticinference	1.12.477	-	b1df40e2f755ff1ca0bb061ac0c8c1f8e9e78934
com.amazonaws	aws-java-sdk-elasticinference	1.12.478	-	27df173256605ace78d5ff1658d20160603b5877
com.amazonaws	aws-java-sdk-elasticinference	1.12.479	-	1764ec6cd072886153249a062c7abde475cf1d9d
com.amazonaws	aws-java-sdk-elasticinference	1.12.48	-	312697a2e1cfee1fb9a4a033a726a385bdebd46d
com.amazonaws	aws-java-sdk-elasticinference	1.12.480	-	3182027d70daee00bd9fd69af175a5324efecc63
com.amazonaws	aws-java-sdk-elasticinference	1.12.481	-	0df2669ab3e745b03fcc511c8f1d145488079115
com.amazonaws	aws-java-sdk-elasticinference	1.12.482	-	1e7fe53d2ad30a8a2296fade47a2942b35fc0c3f
com.amazonaws	aws-java-sdk-elasticinference	1.12.483	-	8fb3637a52c30127c6b641e7accc87b156f17bf5
com.amazonaws	aws-java-sdk-elasticinference	1.12.484	-	ad091bb37eef5508a8be7bcac55147e8ad0bec2d
com.amazonaws	aws-java-sdk-elasticinference	1.12.485	-	7f860695fe9ed1aa300763ff0864969ff38062d8
com.amazonaws	aws-java-sdk-elasticinference	1.12.486	-	e6e1f7031e026caaad00d4b412fda6dd3cde569a
com.amazonaws	aws-java-sdk-elasticinference	1.12.487	-	d6c8f50073d2fa4879738d69379fb31701b8831e
com.amazonaws	aws-java-sdk-elasticinference	1.12.488	-	3f4db42f147440b760844c4a11782cbed91f24a2
com.amazonaws	aws-java-sdk-elasticinference	1.12.489	-	5bd45685ccc82efab33a9a1b0489e93d82a6e2b2
com.amazonaws	aws-java-sdk-elasticinference	1.12.49	-	8dec7529b8d5bf9b6f315074ec77ef9b08eb2575
com.amazonaws	aws-java-sdk-elasticinference	1.12.490	-	daa5a0b5e460544bfbbeebbc6a4e84dcb7fc2774
com.amazonaws	aws-java-sdk-elasticinference	1.12.491	-	d0f13453adbbd6564dd009b3356c61ec4e6d9d3f
com.amazonaws	aws-java-sdk-elasticinference	1.12.492	-	663ca295cc043d297621f7554da6a3a4695cd34d
com.amazonaws	aws-java-sdk-elasticinference	1.12.493	-	4653193860383e5d394ee3a3897fd31e42a07de8
com.amazonaws	aws-java-sdk-elasticinference	1.12.494	-	f75a5d35b5e3a56235c0dfc703ef501da4eada0f
com.amazonaws	aws-java-sdk-elasticinference	1.12.495	-	6f2f0775b6ddaa190cb703f85c2ad8e6986a0cd5
com.amazonaws	aws-java-sdk-elasticinference	1.12.496	-	8dc99388b804ac206464f3def1fc5c5f320a8d81
com.amazonaws	aws-java-sdk-elasticinference	1.12.497	-	52396b2ce6a26c0dbfcec7fe212e2d5936bdddf8
com.amazonaws	aws-java-sdk-elasticinference	1.12.498	-	b81809d505f0eab451ce8fa39a48c97c0293b1ba
com.amazonaws	aws-java-sdk-elasticinference	1.12.499	-	2e481b40e6f8e31e4fb7d086c1003d1708c68ec2
com.amazonaws	aws-java-sdk-elasticinference	1.12.5	-	6b4bf0bc7d5183f7d0318d8112a2bc0548bfdfba
com.amazonaws	aws-java-sdk-elasticinference	1.12.50	-	97246bab28d58365b185708da8ff977b04584b98
com.amazonaws	aws-java-sdk-elasticinference	1.12.500	-	45dea7238c3e41fd7e94abb189c46e939913950b
com.amazonaws	aws-java-sdk-elasticinference	1.12.501	-	56172290f2fc3b8cd475a0bf48173e64c0134adf
com.amazonaws	aws-java-sdk-elasticinference	1.12.502	-	e8bf2f9f17efd76c0f746433a45e5901b55e0980
com.amazonaws	aws-java-sdk-elasticinference	1.12.503	-	39dd526d48259d25e10ea4303472dded06134ec3
com.amazonaws	aws-java-sdk-elasticinference	1.12.504	-	346f86558fd45085f31c1441b00a381c559eaf34
com.amazonaws	aws-java-sdk-elasticinference	1.12.505	-	82c57eafa86876f540e31c509e94f452bd69bb18
com.amazonaws	aws-java-sdk-elasticinference	1.12.506	-	f343ceefa1bec6eeb52e145de9fae231dddea413
com.amazonaws	aws-java-sdk-elasticinference	1.12.507	-	756f9da389cf39333d67cddf071ac9b5aa6c9ed5
com.amazonaws	aws-java-sdk-elasticinference	1.12.508	-	0529985fe585a6652d06847a1e596c1618a70d46
com.amazonaws	aws-java-sdk-elasticinference	1.12.509	-	bbea2c45e4bf704b50f1fd5ba736a1b44cab7f01
com.amazonaws	aws-java-sdk-elasticinference	1.12.51	-	c1b8f2a0fd3dab80c14fcfa59fbbc5cf4efde176
com.amazonaws	aws-java-sdk-elasticinference	1.12.510	-	af3e31f70752dd77b1fc55a7f0e0bd213927cf9b
com.amazonaws	aws-java-sdk-elasticinference	1.12.511	-	4d21b0f404867fe50b1a84f2c0973009340c0a44
com.amazonaws	aws-java-sdk-elasticinference	1.12.512	-	0c644165f6ee9f7fd998d19bd11df65443bcc22b
com.amazonaws	aws-java-sdk-elasticinference	1.12.513	-	604077768f1abecf87789ba78e79b03fbc75589b
com.amazonaws	aws-java-sdk-elasticinference	1.12.514	-	789c2cba9cb09bede4b38847d947529b974f0072
com.amazonaws	aws-java-sdk-elasticinference	1.12.515	-	9d2171af20a4d69f1142225bc906a75f91406a3a
com.amazonaws	aws-java-sdk-elasticinference	1.12.516	-	bc678aee67b7db64dea8c44c67f5c1a5bc9df777
com.amazonaws	aws-java-sdk-elasticinference	1.12.517	-	46b1bd0bbdb193953cf4dade8fdd21b1e62712d5
com.amazonaws	aws-java-sdk-elasticinference	1.12.518	-	9cf8d8dcbb6cd62ba0a94f19cde8d7fd5202c39d
com.amazonaws	aws-java-sdk-elasticinference	1.12.519	-	c3371e864f184dfb8921a7fd3d21d298a2aa1467
com.amazonaws	aws-java-sdk-elasticinference	1.12.52	-	eb561f3b440fc89dd8c26ee44bb3a314ab83996d
com.amazonaws	aws-java-sdk-elasticinference	1.12.520	-	5a94f925590405b7f7befbf77d2870f51aea0021
com.amazonaws	aws-java-sdk-elasticinference	1.12.521	-	3e6f5557ef700a1d84f5a1804382de547a19494e
com.amazonaws	aws-java-sdk-elasticinference	1.12.522	-	d237bf729d49a66e0c787ac46eb3c98b1adac5ef
com.amazonaws	aws-java-sdk-elasticinference	1.12.523	-	a5ac21435e737f5c3d09c97af004b2fdd43dfca2
com.amazonaws	aws-java-sdk-elasticinference	1.12.524	-	72b12ded90abf8ffa9378ee43a279427dca2602a
com.amazonaws	aws-java-sdk-elasticinference	1.12.525	-	d0411a7b1f91391f2d3ba46976f02ac5d0833af8
com.amazonaws	aws-java-sdk-elasticinference	1.12.526	-	3dcb1b634b3b3cc4f7a15352133280768e53bddc
com.amazonaws	aws-java-sdk-elasticinference	1.12.527	-	33e900528f4666efcfdce1173e7e150a2b3532a0
com.amazonaws	aws-java-sdk-elasticinference	1.12.528	-	4a45057c962739534cbe2cf28bbc5929997af7ef
com.amazonaws	aws-java-sdk-elasticinference	1.12.529	-	f271a6bea9870c13e54f660cb8cae26e535108e8
com.amazonaws	aws-java-sdk-elasticinference	1.12.53	-	ab5ab727f6f2fab8024c54b533806f7f892714d6
com.amazonaws	aws-java-sdk-elasticinference	1.12.530	-	b9f012c8c73c67cd71b2fcd3b5de159c2c8a9ff1
com.amazonaws	aws-java-sdk-elasticinference	1.12.531	-	b7e64baa0ae2a26a9b3dd5cbc65012cad4381cc6
com.amazonaws	aws-java-sdk-elasticinference	1.12.532	-	c297043a90a14fa8c2fcc8eab9572f2a398b9f7b
com.amazonaws	aws-java-sdk-elasticinference	1.12.533	-	9b8265f76c632686bb9289ab6f14bebcdccf5f84
com.amazonaws	aws-java-sdk-elasticinference	1.12.534	-	69ab2cbb010c22009bf45cd5638e1a4b5ee159b2
com.amazonaws	aws-java-sdk-elasticinference	1.12.535	-	70d94fb640d19712f352c3d8be6b399cf7bb1cd4
com.amazonaws	aws-java-sdk-elasticinference	1.12.536	-	ff59a5f9ad57ac3a32cc853e28b304e4a008b8d2
com.amazonaws	aws-java-sdk-elasticinference	1.12.537	-	2218011dd252f376326e7f4899812a213a0aa5ea
com.amazonaws	aws-java-sdk-elasticinference	1.12.538	-	8cf5271983e99c10b12f4a91700ceddc62647fe3
com.amazonaws	aws-java-sdk-elasticinference	1.12.539	-	04e18a7dbf17cf22bf92e7944b6135d69bf912dc
com.amazonaws	aws-java-sdk-elasticinference	1.12.54	-	76676e121e84a8308908148ed4f205d834fe1e01
com.amazonaws	aws-java-sdk-elasticinference	1.12.540	-	b02277a78b29883da3260a101cfb435a78700820
com.amazonaws	aws-java-sdk-elasticinference	1.12.541	-	9f91f7302d7f6a0645d43b320daaee171a6edb6c
com.amazonaws	aws-java-sdk-elasticinference	1.12.542	-	4ed8ad3a50d688470a0a73c0ae1aa4af548956e8
com.amazonaws	aws-java-sdk-elasticinference	1.12.543	-	a4abb8a21b0cf64ab33a79974cdff38a883a1699
com.amazonaws	aws-java-sdk-elasticinference	1.12.544	-	5d966e0ec816b023ea81a7a34c79dc68793f9a8f
com.amazonaws	aws-java-sdk-elasticinference	1.12.545	-	c2eaf418753ecfa8a6e0c57dfd934dd0d5761a05
com.amazonaws	aws-java-sdk-elasticinference	1.12.546	-	b0f3435e5b392d472cb83737e6e9d9d715ea6b80
com.amazonaws	aws-java-sdk-elasticinference	1.12.547	-	424d32410a5425e64426767d3d93218bd46bd066
com.amazonaws	aws-java-sdk-elasticinference	1.12.548	-	0e1e59b2d99a73b7bef93fb2a54a4b1e459af638
com.amazonaws	aws-java-sdk-elasticinference	1.12.549	-	cbad0d6f3799afc804d09fdf8d4fc28b28366dde
com.amazonaws	aws-java-sdk-elasticinference	1.12.55	-	74f256b6375441915a29859a43cd01908b365934
com.amazonaws	aws-java-sdk-elasticinference	1.12.550	-	69a81b3acbcd3dc78bfb2180ccbd2d474589c439
com.amazonaws	aws-java-sdk-elasticinference	1.12.551	-	b715a4cfc159a106da7553ad2049056c3e56ae03
com.amazonaws	aws-java-sdk-elasticinference	1.12.552	-	ffdc5060a192bd6036ca7399ecec0a54a29916a8
com.amazonaws	aws-java-sdk-elasticinference	1.12.553	-	c6f6efeaa4092d751488e55897a81e303c5aab41
com.amazonaws	aws-java-sdk-elasticinference	1.12.554	-	9a71feed672cb2eac89297abb7d25adb26992c40
com.amazonaws	aws-java-sdk-elasticinference	1.12.555	-	5315921e2f356d7007ef59afba59400a9ced0a88
com.amazonaws	aws-java-sdk-elasticinference	1.12.556	-	401534467d36d9b8f9d4ea5e0d330a715c941299
com.amazonaws	aws-java-sdk-elasticinference	1.12.557	-	555653dc777b5da78c0b4d7fca5e73621cff7768
com.amazonaws	aws-java-sdk-elasticinference	1.12.558	-	2913d17c3755caaa142866c65d63b8c028a8146a
com.amazonaws	aws-java-sdk-elasticinference	1.12.559	-	3cef7a56f3a54e2fd00470d94d969ead4a2ccad7
com.amazonaws	aws-java-sdk-elasticinference	1.12.56	-	73d4bf6ce7c5ad993e157388197f36e3befd4e98
com.amazonaws	aws-java-sdk-elasticinference	1.12.560	-	91e8ccc8278bc9c3f80441ccbc0a1222b5a2cc6c
com.amazonaws	aws-java-sdk-elasticinference	1.12.561	-	0000fa780bf818de2373012df0d2b0b442909fc3
com.amazonaws	aws-java-sdk-elasticinference	1.12.562	-	8ce76f6fdad0d830432edc8ddf0009f958e21f1e
com.amazonaws	aws-java-sdk-elasticinference	1.12.563	-	ddc9f3328841ea89ef809fab25dbad64b633b00c
com.amazonaws	aws-java-sdk-elasticinference	1.12.564	-	2a3879ea47aab78280620009c155b37a4369f56f
com.amazonaws	aws-java-sdk-elasticinference	1.12.565	-	5fabaefa4acee96cd468a36a4f78e5cf4edbda1b
com.amazonaws	aws-java-sdk-elasticinference	1.12.566	-	795b83a1c08b878a7e1b8d19e785e36787c46aee
com.amazonaws	aws-java-sdk-elasticinference	1.12.567	-	861cdaf45f4fbd89484b90e4890e25554ca118f8
com.amazonaws	aws-java-sdk-elasticinference	1.12.568	-	51e5a0beb8b84ceecca788159278d47513dd7d80
com.amazonaws	aws-java-sdk-elasticinference	1.12.569	-	1f48a2fc799df23bb55c9b4fd9c7e648cd0ed5fc
com.amazonaws	aws-java-sdk-elasticinference	1.12.57	-	a8273412fc908a2a3fbac17c1d81e9670fd6b782
com.amazonaws	aws-java-sdk-elasticinference	1.12.570	-	b4cf6c2ad72c376bba0a14cd45ea59ad05377a6e
com.amazonaws	aws-java-sdk-elasticinference	1.12.571	-	437c96e7aed27c93dca1180d8c1db739a987d6ed
com.amazonaws	aws-java-sdk-elasticinference	1.12.572	-	676afb22e3804203ec7ed89d4f0a00eaea5d7a34
com.amazonaws	aws-java-sdk-elasticinference	1.12.573	-	5e682d9c455b199f0f24b4f2e05977e5fde636dc
com.amazonaws	aws-java-sdk-elasticinference	1.12.574	-	391f65b241e1f039b1ce20eb97c95a4aa1961a87
com.amazonaws	aws-java-sdk-elasticinference	1.12.575	-	29c7b5079109a8b23dce7f4592f8e0c2ca9c0fcd
com.amazonaws	aws-java-sdk-elasticinference	1.12.576	-	abfc2fc8a6a7baab9e0336b0a116821d0c9f377e
com.amazonaws	aws-java-sdk-elasticinference	1.12.577	-	7570af4f3d4538897d6ec700f2735fecac3d8e9f
com.amazonaws	aws-java-sdk-elasticinference	1.12.578	-	52c860b1116512e7d772f647881b17e55da99df1
com.amazonaws	aws-java-sdk-elasticinference	1.12.579	-	50c633f66cdd2f2702f22918876bcc6db6e7e178
com.amazonaws	aws-java-sdk-elasticinference	1.12.58	-	ff90b74935730c42453ae6d9710b85d161d2af6e
com.amazonaws	aws-java-sdk-elasticinference	1.12.580	-	b3b03c4952857e7e6bc6352db03822316c7eb7e0
com.amazonaws	aws-java-sdk-elasticinference	1.12.581	-	5029ccd17af1d6f36af853ac9d5b36558c324d1d
com.amazonaws	aws-java-sdk-elasticinference	1.12.582	-	92bcb0e87452af32575845a229c607f00ca4cf41
com.amazonaws	aws-java-sdk-elasticinference	1.12.583	-	415b62fe65111c8fc3f42a81290fcd02d861eefa
com.amazonaws	aws-java-sdk-elasticinference	1.12.584	-	b2b8ea1c72db52420bc51d369d2fb879758fd522
com.amazonaws	aws-java-sdk-elasticinference	1.12.585	-	f28900b48e55fa8d6e93e729685a62c7742ffdfe
com.amazonaws	aws-java-sdk-elasticinference	1.12.586	-	ae8fc15d018ded2e9e6cf04550cbbe80f6d0dd8e
com.amazonaws	aws-java-sdk-elasticinference	1.12.587	-	5a8e93ca670a2dc049a9544c88501e86f39c24e6
com.amazonaws	aws-java-sdk-elasticinference	1.12.588	-	bab41397f1d763a1e386cf3d6556d9665d85d023
com.amazonaws	aws-java-sdk-elasticinference	1.12.589	-	7ade6641b4a25b476b6f49203852255d4dba6375
com.amazonaws	aws-java-sdk-elasticinference	1.12.59	-	c691557f4285ced5e0ecf37547bf42319b25227d
com.amazonaws	aws-java-sdk-elasticinference	1.12.590	-	0074e0e91d3c076213eec2e0dbb1ab35d1e2a019
com.amazonaws	aws-java-sdk-elasticinference	1.12.591	-	3f29c64989e2a1456d9d8a9b80b6a380fe1342fa
com.amazonaws	aws-java-sdk-elasticinference	1.12.592	-	dedee659302a47710ea5385d9f8f7472621ca638
com.amazonaws	aws-java-sdk-elasticinference	1.12.593	-	fad78a55a1914344ee6e52694f293c6a407c8b7a
com.amazonaws	aws-java-sdk-elasticinference	1.12.594	-	bb700ca12d7e823503b38ad8d33e309bca3b84b3
com.amazonaws	aws-java-sdk-elasticinference	1.12.595	-	e016727f820ca12f93155891e89ce7c97c365d34
com.amazonaws	aws-java-sdk-elasticinference	1.12.596	-	60a8f2cb8b3245b6c96b251d49fb43565beee196
com.amazonaws	aws-java-sdk-elasticinference	1.12.597	-	9b59818967ca1918c82d243ab59a483d06ca4f71
com.amazonaws	aws-java-sdk-elasticinference	1.12.598	-	7e4f170c968fc9a38366e5c931d3fa2264a3a6cf
com.amazonaws	aws-java-sdk-elasticinference	1.12.599	-	916b056bc637a008ba7eef1d091899c65d334b1b
com.amazonaws	aws-java-sdk-elasticinference	1.12.6	-	592b822965513c19362726754d0ff7d79946d5ab
com.amazonaws	aws-java-sdk-elasticinference	1.12.60	-	992d2756edf6d4fc10a97c468c7132d65d6bd618
com.amazonaws	aws-java-sdk-elasticinference	1.12.600	-	c918253e8f118ce3fdb87d881e481fefe1db4cc2
com.amazonaws	aws-java-sdk-elasticinference	1.12.602	-	d5833bf998ac84fc9c1fba07fdd5a5002769ba10
com.amazonaws	aws-java-sdk-elasticinference	1.12.603	-	9082449f771137a63ca2cf2a89a59f414d8d86aa
com.amazonaws	aws-java-sdk-elasticinference	1.12.604	-	9a016d2e69ee4f6a46f5227672f5a2a78964c205
com.amazonaws	aws-java-sdk-elasticinference	1.12.605	-	3f73ce161bf43a2dac9cfe065f26cb183c8e7848
com.amazonaws	aws-java-sdk-elasticinference	1.12.606	-	b1d4c7b65afa024f74b49efdc57cffb0001c28a7
com.amazonaws	aws-java-sdk-elasticinference	1.12.607	-	bd69eb8fd6a2f32700c32aec33bb6bcf9c4a1f12
com.amazonaws	aws-java-sdk-elasticinference	1.12.608	-	783ea8276d87eea05abe1eaf304c90cab72e4ca3
com.amazonaws	aws-java-sdk-elasticinference	1.12.609	-	11d5e647643fa5a88f9b74279b6d355ad3be8a5d
com.amazonaws	aws-java-sdk-elasticinference	1.12.61	-	4e8421c7cd36720f21e05f3d3bab1e77a2384d37
com.amazonaws	aws-java-sdk-elasticinference	1.12.610	-	43aecf7b44f5a0113d38607e16b7658249f9e712
com.amazonaws	aws-java-sdk-elasticinference	1.12.611	-	acbed99d80e0f8efc8e7eea35243f54c39148f1f
com.amazonaws	aws-java-sdk-elasticinference	1.12.612	-	d55f9f65f7a29fdf8ddcd51275a9ba5ddcf2279d
com.amazonaws	aws-java-sdk-elasticinference	1.12.613	-	97a06ad13db00ff0a78aa66739a89f6f7b1396ee
com.amazonaws	aws-java-sdk-elasticinference	1.12.614	-	00df489b35a5ce02afc38567962420fb91d71509
com.amazonaws	aws-java-sdk-elasticinference	1.12.615	-	0b0d5c2376b85b961f575f5f2a4e3c38e74b2833
com.amazonaws	aws-java-sdk-elasticinference	1.12.616	-	3f5072d92179cc235a64b20d2898a7be0da67c49
com.amazonaws	aws-java-sdk-elasticinference	1.12.617	-	06677c11ed41fa581edcce01f6ad7d8f7aaf5d6b
com.amazonaws	aws-java-sdk-elasticinference	1.12.618	-	635e55484b00e5af54a88b49d6055af99391121e
com.amazonaws	aws-java-sdk-elasticinference	1.12.619	-	8aef1db8dad8c80e64fc83beb6f8d4af2b84dde4
com.amazonaws	aws-java-sdk-elasticinference	1.12.62	-	232adc14995fdb8f621322d172d18054513d1801
com.amazonaws	aws-java-sdk-elasticinference	1.12.620	-	3dcabb6a641a32f42f32cae5da1203537a0617ae
com.amazonaws	aws-java-sdk-elasticinference	1.12.621	-	e66f2f1fcfa74691a37214d51a56e702d60d5e11
com.amazonaws	aws-java-sdk-elasticinference	1.12.622	-	bf2ba463a6932968ccc7329ca97ba6c3ed749a3f
com.amazonaws	aws-java-sdk-elasticinference	1.12.623	-	b40c4e6ab0506e4206b1c553104a0579ad08f173
com.amazonaws	aws-java-sdk-elasticinference	1.12.624	-	fa72f377d54c3b3dfc55f571f1dc4c62b820613d
com.amazonaws	aws-java-sdk-elasticinference	1.12.625	-	72e3845a150478da6fb407a846b6261809f63a39
com.amazonaws	aws-java-sdk-elasticinference	1.12.626	-	69d86cbe4640b32bf89a35f1d7870c0a16da154a
com.amazonaws	aws-java-sdk-elasticinference	1.12.627	-	851d8e5135cee9aebb073d5edd8a435e233de14e
com.amazonaws	aws-java-sdk-elasticinference	1.12.628	-	d4432c26003abd65d73e6c30631be5901ea37529
com.amazonaws	aws-java-sdk-elasticinference	1.12.629	-	d67982b89532612e935c0c2c0e3a61c84466645a
com.amazonaws	aws-java-sdk-elasticinference	1.12.63	-	e3f3d7ad4f24534e0b287af4b7fd78a09226350d
com.amazonaws	aws-java-sdk-elasticinference	1.12.630	-	b64b3cf82f5f851e11636302abe7dad2495a2d2d
com.amazonaws	aws-java-sdk-elasticinference	1.12.631	-	9cce3e76200679b892b0e2a933badcadc0a9f760
com.amazonaws	aws-java-sdk-elasticinference	1.12.632	-	e0ae629699ef38c0c78fffb516490d977beed12d
com.amazonaws	aws-java-sdk-elasticinference	1.12.633	-	7cd2e117a96cfd280a176773fd07a4a5c91ad04c
com.amazonaws	aws-java-sdk-elasticinference	1.12.634	-	fd55734fe152e198ab7ae536ac15f8bf666d1345
com.amazonaws	aws-java-sdk-elasticinference	1.12.635	-	98bb5de64344e40f225528b08d3bf72dc3244215
com.amazonaws	aws-java-sdk-elasticinference	1.12.636	-	ed9fd55b3cc9326c01fee0bf34aabc5686471b55
com.amazonaws	aws-java-sdk-elasticinference	1.12.637	-	c72118e609d8d8b1bd9a613f3f00bf0da1497668
com.amazonaws	aws-java-sdk-elasticinference	1.12.638	-	2f3abcd522e58a75f47c56a33494f31dd4d20d6a
com.amazonaws	aws-java-sdk-elasticinference	1.12.639	-	03978c38106d667c51720c112f8c8d4961b15c8d
com.amazonaws	aws-java-sdk-elasticinference	1.12.64	-	1bbf1cdf12b62daad0809f55055e7875a212e867
com.amazonaws	aws-java-sdk-elasticinference	1.12.640	-	bb134c4bac3c7e357e0edfa24c129b1e28455e80
com.amazonaws	aws-java-sdk-elasticinference	1.12.641	-	5fab6c56f61bd2e35333758b805f551c32ecd802
com.amazonaws	aws-java-sdk-elasticinference	1.12.642	-	5b52dd87456eedec5d6d20f7dcdeb1c14c1c0542
com.amazonaws	aws-java-sdk-elasticinference	1.12.643	-	37f75fd1c382abff381f9005a74977c69bbcec4a
com.amazonaws	aws-java-sdk-elasticinference	1.12.644	-	13e0f8bb7d06561d35f71399020f8b33d42a372b
com.amazonaws	aws-java-sdk-elasticinference	1.12.645	-	af1a92af6492a3fe31f6636563b3b4c65aab5434
com.amazonaws	aws-java-sdk-elasticinference	1.12.646	-	c165168c731faf7e9f9a0006b007d9b961e78f3c
com.amazonaws	aws-java-sdk-elasticinference	1.12.647	-	042679d8bc2cbcbd72cb0cee21e561cbb00f32b7
com.amazonaws	aws-java-sdk-elasticinference	1.12.648	-	53ed97701dafcefcb0c9fe2e7385f3ccdac4e62b
com.amazonaws	aws-java-sdk-elasticinference	1.12.649	-	561dab087daabd4912bb14f569b0a6eea546c8cd
com.amazonaws	aws-java-sdk-elasticinference	1.12.65	-	3c4e431c01147d9d2cfab74ad8617f1e5064a146
com.amazonaws	aws-java-sdk-elasticinference	1.12.650	-	662466cc566ec7a228ec7ebb9920fc9c6d4381b8
com.amazonaws	aws-java-sdk-elasticinference	1.12.651	-	d9e38fa441b28de9b075ade50e73cde8a842be71
com.amazonaws	aws-java-sdk-elasticinference	1.12.652	-	d6a896c871fe67459723fe1e536abf28d2a07de1
com.amazonaws	aws-java-sdk-elasticinference	1.12.653	-	a2e5db1a9086230275a03883ae49af1574850ce1
com.amazonaws	aws-java-sdk-elasticinference	1.12.654	-	1087a6e0813d19c5a5a402b93cbe053e76db000d
com.amazonaws	aws-java-sdk-elasticinference	1.12.655	-	a7c506ec78dac783c37b346ec905de24452fa5c5
com.amazonaws	aws-java-sdk-elasticinference	1.12.656	-	d301eb397badaaa72e1ebc86edbd557426255111
com.amazonaws	aws-java-sdk-elasticinference	1.12.657	-	3e0a2a33866c9a57c0a1c83508b1637a3e29b150
com.amazonaws	aws-java-sdk-elasticinference	1.12.658	-	45d93756b6b35fa41470ebea048d3b72363394a9
com.amazonaws	aws-java-sdk-elasticinference	1.12.659	-	a59074be6ff123663c6247520d3201b604f8a045
com.amazonaws	aws-java-sdk-elasticinference	1.12.66	-	71e104ae2a066d399a1421bae69c52b7bee9e8b6
com.amazonaws	aws-java-sdk-elasticinference	1.12.660	-	1bde89b956424d1f3305db29261cb722e03d61b6
com.amazonaws	aws-java-sdk-elasticinference	1.12.661	-	c7e8fbe32b7e0b7da9b083c046f956743e46168a
com.amazonaws	aws-java-sdk-elasticinference	1.12.662	-	dc4b370483019636afe69c6e597eef90fcd9416d
com.amazonaws	aws-java-sdk-elasticinference	1.12.663	-	915e7fb307af6819b7e46772417391466c4ed21c
com.amazonaws	aws-java-sdk-elasticinference	1.12.664	-	dbb56c295a509f69d6e543f771070e9fab85cde4
com.amazonaws	aws-java-sdk-elasticinference	1.12.665	-	2b0ec5f4489d806ac7f0312a7c1831e537c45c39
com.amazonaws	aws-java-sdk-elasticinference	1.12.666	-	7f4139ed59b37e4c6b0998ce7b42d1a2662f4a3e
com.amazonaws	aws-java-sdk-elasticinference	1.12.667	-	956b46c86bd931a395b1738f21dd91f5e993e09b
com.amazonaws	aws-java-sdk-elasticinference	1.12.668	-	082b21ad541115604dc57abcec8713c60a0dc5a7
com.amazonaws	aws-java-sdk-elasticinference	1.12.669	-	729219ffaff1b62f6db1b9df58ff15039e5c6fd0
com.amazonaws	aws-java-sdk-elasticinference	1.12.67	-	2c0eaaac0e82f8c8ce15f41a9070b77191c1036c
com.amazonaws	aws-java-sdk-elasticinference	1.12.670	-	0a285e6adac589446629154ecf3bf6919139f9e5
com.amazonaws	aws-java-sdk-elasticinference	1.12.671	-	612f3f7d4f1e722c38cea507c6840c1dfb78e73e
com.amazonaws	aws-java-sdk-elasticinference	1.12.672	-	72986e04747af94af80c60efc335aacd24be351a
com.amazonaws	aws-java-sdk-elasticinference	1.12.673	-	1c4ff042eec00388544ea7c539cabcd96971c4a6
com.amazonaws	aws-java-sdk-elasticinference	1.12.674	-	5023c3f2a965be4ed218ef744a0aaa6e7257a05f
com.amazonaws	aws-java-sdk-elasticinference	1.12.675	-	20534fb2fbae36c46a6c17ca006631def658f7d4
com.amazonaws	aws-java-sdk-elasticinference	1.12.676	-	e3adf2eae5b21d70fa30ed1f048931f6571003da
com.amazonaws	aws-java-sdk-elasticinference	1.12.677	-	c02b585febdde87ee5b9db06e50ed393323a67ec
com.amazonaws	aws-java-sdk-elasticinference	1.12.678	-	3e7737f5988d8f6369efb0d9eecea35ae1c7b783
com.amazonaws	aws-java-sdk-elasticinference	1.12.679	-	4679c0a87e9138c71b0fab37f3aa17d5690928c5
com.amazonaws	aws-java-sdk-elasticinference	1.12.68	-	fe81486b2248d99831c11249b681044e8040f011
com.amazonaws	aws-java-sdk-elasticinference	1.12.680	-	c9053df5206870cad48918afe71b4aadb05e354a
com.amazonaws	aws-java-sdk-elasticinference	1.12.681	-	8599c733815d8b3990a41e66eb73fa0d890c8c48
com.amazonaws	aws-java-sdk-elasticinference	1.12.682	-	9c616b74a51c8641d77c0b11bd9dff965d01093d
com.amazonaws	aws-java-sdk-elasticinference	1.12.683	-	c7e2ec2d6af7ca9bf9414a2de796649ffa1ba99a
com.amazonaws	aws-java-sdk-elasticinference	1.12.684	-	dfc5e66df717362ebc3b38fe381f1131c935742d
com.amazonaws	aws-java-sdk-elasticinference	1.12.685	-	42bc350f537a5dcd64ed0a5769124a0242b05eda
com.amazonaws	aws-java-sdk-elasticinference	1.12.686	-	26990e6070b819a9f5d2e6ba70e03760ee98df2d
com.amazonaws	aws-java-sdk-elasticinference	1.12.687	-	0c34fd22fc219b1dcd7fd37a4f81c7269e1e59e4
com.amazonaws	aws-java-sdk-elasticinference	1.12.688	-	e4b3e5008b122df8e4442c6f59dc469ff50361b1
com.amazonaws	aws-java-sdk-elasticinference	1.12.689	-	01d1a426a83beaf0097daa8c01b24480afc09b61
com.amazonaws	aws-java-sdk-elasticinference	1.12.69	-	60ff2dd4e0c84671a5d9f051a1cf07dc489cc602
com.amazonaws	aws-java-sdk-elasticinference	1.12.690	-	ade4d3cff38f4d5f1aad2d39c44b0b169c7417b3
com.amazonaws	aws-java-sdk-elasticinference	1.12.691	-	ae556de3aa65d68adc8353170da94e42c4468ee6
com.amazonaws	aws-java-sdk-elasticinference	1.12.692	-	b4f85f4b80456f84dff6a9d2efca418cf63ec670
com.amazonaws	aws-java-sdk-elasticinference	1.12.693	-	003a5b92714e50dc50c02bba89c73f6947f2b99c
com.amazonaws	aws-java-sdk-elasticinference	1.12.694	-	70960f07a24cc78f1c18cdf17eb200cb09233f95
com.amazonaws	aws-java-sdk-elasticinference	1.12.695	-	5e5bb2f0395417cb081b1b181dcb03fd34cdfd58
com.amazonaws	aws-java-sdk-elasticinference	1.12.696	-	d79944f8bd2785533af6794d1e78ce1ec64f36d7
com.amazonaws	aws-java-sdk-elasticinference	1.12.697	-	a3adde2893114d5150a27b155b879fb8bc582239
com.amazonaws	aws-java-sdk-elasticinference	1.12.698	-	b2bf6efbdfa8ca4bb09e9fd02e3ffb3b9d8fb84d
com.amazonaws	aws-java-sdk-elasticinference	1.12.699	-	b98e0c312b2e57c854fa0f33c582aea12fb22973
com.amazonaws	aws-java-sdk-elasticinference	1.12.7	-	3902d833cd88ddcb9589985a8a3bb405889a9a01
com.amazonaws	aws-java-sdk-elasticinference	1.12.70	-	cbc59f17ef675c24460fd9623b02c8899a56293d
com.amazonaws	aws-java-sdk-elasticinference	1.12.700	-	5c8bdfa9c3b856dcd9ae23f3d3ce828694e5fb01
com.amazonaws	aws-java-sdk-elasticinference	1.12.701	-	1d95a78c5aa100cbbc87f1928cb79808edcbb1df
com.amazonaws	aws-java-sdk-elasticinference	1.12.702	-	273ee94ca338c48c89ce837d378c7d26c4cc7f5c
com.amazonaws	aws-java-sdk-elasticinference	1.12.703	-	df804a50b88385df835e4dcdf7d96df9ab417039
com.amazonaws	aws-java-sdk-elasticinference	1.12.704	-	b87b1ce6fa3960f7278a4001bd0ecf6b98e56d6d
com.amazonaws	aws-java-sdk-elasticinference	1.12.705	-	e116789c1515d384079d44309596b8aaa0bb21b7
com.amazonaws	aws-java-sdk-elasticinference	1.12.706	-	511577d0a86e075ee66a06bd27ae969b693b7999
com.amazonaws	aws-java-sdk-elasticinference	1.12.707	-	980fece2b0d4a98f8dccea32acdd85c036e54a89
com.amazonaws	aws-java-sdk-elasticinference	1.12.708	-	98c32da65ad84347a6e7a220de306449887bfbcc
com.amazonaws	aws-java-sdk-elasticinference	1.12.709	-	413461708d205fc26e43bf27531d4f51b5430d14
com.amazonaws	aws-java-sdk-elasticinference	1.12.71	-	08716fea67eceb22fa6de3732698d848f08bdcda
com.amazonaws	aws-java-sdk-elasticinference	1.12.710	-	f69002db547522b5e9104152a065761b03aef539
com.amazonaws	aws-java-sdk-elasticinference	1.12.711	-	3df6fbeb17983f4627890ea8235bc6661a70880a
com.amazonaws	aws-java-sdk-elasticinference	1.12.712	-	c217cd6201b25c62c79c4597781ed8d7aa05e7f6
com.amazonaws	aws-java-sdk-elasticinference	1.12.713	-	64f8b2bc44c242bf0388839007875f6bb6605e59
com.amazonaws	aws-java-sdk-elasticinference	1.12.714	-	513e26082cf11ee074ad24d3407d247f624f85db
com.amazonaws	aws-java-sdk-elasticinference	1.12.715	-	de4f47d3d3656abfad7ab573406408579e750af2
com.amazonaws	aws-java-sdk-elasticinference	1.12.716	-	f32c12fb385384f567097c53771c5a78dff5e6a5
com.amazonaws	aws-java-sdk-elasticinference	1.12.717	-	79fbed3664ebea87b56a030151e510f689e59f64
com.amazonaws	aws-java-sdk-elasticinference	1.12.718	-	3aaf8741e9bbbaec4f611c816fcfcd17b24047e6
com.amazonaws	aws-java-sdk-elasticinference	1.12.719	-	8c661a89824d98f202669c354db0236ee42b0417
com.amazonaws	aws-java-sdk-elasticinference	1.12.72	-	5531986370bc3a6781d2c6daacddd4736b4433b4
com.amazonaws	aws-java-sdk-elasticinference	1.12.720	-	0c6af7607a5dbfeae2bfdc41bf0d7eb0d3391b07
com.amazonaws	aws-java-sdk-elasticinference	1.12.721	-	8ce3aa1d58f1bd43e90c27036fcb4de1bf20a4bc
com.amazonaws	aws-java-sdk-elasticinference	1.12.722	-	b03da010dbbf4f08ac732854c5566a0ada707289
com.amazonaws	aws-java-sdk-elasticinference	1.12.723	-	8610313fb8f6759626e6f50097849c974de2e85b
com.amazonaws	aws-java-sdk-elasticinference	1.12.724	-	78a33cddcbfa29ec93aead67850f0e9ffda68842
com.amazonaws	aws-java-sdk-elasticinference	1.12.725	-	adeaae682b94c26b84b155a8a8862ad3c4540d49
com.amazonaws	aws-java-sdk-elasticinference	1.12.726	-	02bf3d1de2461b92ae800e59f7dbad397cdd6144
com.amazonaws	aws-java-sdk-elasticinference	1.12.727	-	f93bdd39b39ea8ede5aec5ac2ba1bca1d50f6c67
com.amazonaws	aws-java-sdk-elasticinference	1.12.728	-	4bf85e5b70b4b0e2f4b5aab21123fca6e0e4d902
com.amazonaws	aws-java-sdk-elasticinference	1.12.729	-	5f56b3fc792757bc9b9039a386c9c4d6557fabff
com.amazonaws	aws-java-sdk-elasticinference	1.12.73	-	3365348ba32b27dbd6592100e86199a36a2ffc01
com.amazonaws	aws-java-sdk-elasticinference	1.12.730	-	759064238d1f422a361eb0a44e53447a602d43ed
com.amazonaws	aws-java-sdk-elasticinference	1.12.731	-	13c237545a8f8fb342e8b6185e3986e3c371c9ff
com.amazonaws	aws-java-sdk-elasticinference	1.12.732	-	105c3f7cf970c2737afcef288a19cfcf02f55c49
com.amazonaws	aws-java-sdk-elasticinference	1.12.733	-	bd85d0ebea462484175b17872e07da7a3554ac47
com.amazonaws	aws-java-sdk-elasticinference	1.12.734	-	5b459666d4f619a63be72cf68732032fe4a16530
com.amazonaws	aws-java-sdk-elasticinference	1.12.735	-	c6296f4d09d5bc092a8e3f78c9ce0a170488fac3
com.amazonaws	aws-java-sdk-elasticinference	1.12.736	-	4f60385129b68304b0d538351dd05e3017fc0391
com.amazonaws	aws-java-sdk-elasticinference	1.12.737	-	0b3197f152c702d40d495073570eb337c2fc896f
com.amazonaws	aws-java-sdk-elasticinference	1.12.738	-	d3851790636bf9d3d4002bfc76aad18e2fae6026
com.amazonaws	aws-java-sdk-elasticinference	1.12.739	-	c8cde3c889648937d9f87ffc481a2383892667f5
com.amazonaws	aws-java-sdk-elasticinference	1.12.74	-	2ccea161aac7bdabe31db69f0d75e5035bd49683
com.amazonaws	aws-java-sdk-elasticinference	1.12.740	-	490a7b5c6f3638341fbf3c9518ed0e68e3d8fb92
com.amazonaws	aws-java-sdk-elasticinference	1.12.741	-	26596fa88b8f570665cdb5865170d71dadec08f6
com.amazonaws	aws-java-sdk-elasticinference	1.12.742	-	9a492352bf1e9264700e82b10fc8bff24727e108
com.amazonaws	aws-java-sdk-elasticinference	1.12.743	-	8ba8179be0f6007be2a96207e83a610211d7c060
com.amazonaws	aws-java-sdk-elasticinference	1.12.744	-	b0644671c491686fb8e07f84276cafa69df87260
com.amazonaws	aws-java-sdk-elasticinference	1.12.745	-	6be57998d9b9ceae8c51389224ffcc0dea582cc4
com.amazonaws	aws-java-sdk-elasticinference	1.12.746	-	18da2bd20d62637847f32430faff99f181b0b945
com.amazonaws	aws-java-sdk-elasticinference	1.12.747	-	418f2170dc57f99c815df9df240161315daaec8f
com.amazonaws	aws-java-sdk-elasticinference	1.12.748	-	c9dc4aee24c9073ca6b7d7ca21bc8e2a2a0307d5
com.amazonaws	aws-java-sdk-elasticinference	1.12.749	-	749f84477b92ffa097d8676321ef0174621cb0d3
com.amazonaws	aws-java-sdk-elasticinference	1.12.75	-	ed8aee68d1de832d83086b53460044e1aecc67bf
com.amazonaws	aws-java-sdk-elasticinference	1.12.750	-	c500b0ae233d3c6885774267c0a96809806c1af7
com.amazonaws	aws-java-sdk-elasticinference	1.12.751	-	e9ec679f3a90ced9f2c2c0e6e822903dc2e213a1
com.amazonaws	aws-java-sdk-elasticinference	1.12.752	-	7fec360690bb659f300c7d0822f7ee6f84b090fb
com.amazonaws	aws-java-sdk-elasticinference	1.12.753	-	fb96a8b6bdc4760721b79c4e10f5f6601bb99399
com.amazonaws	aws-java-sdk-elasticinference	1.12.754	-	4b6adcf1da22914d991583d58a9c0977a7f82e9c
com.amazonaws	aws-java-sdk-elasticinference	1.12.755	-	1e9dff778f8bfac079f63bec7449558c4a90c05e
com.amazonaws	aws-java-sdk-elasticinference	1.12.756	-	71f6d52f05d0300e785527b9e37c834461db4575
com.amazonaws	aws-java-sdk-elasticinference	1.12.757	-	f7ba7def8bb558d666bbd193b3ed5d17aa494e9e
com.amazonaws	aws-java-sdk-elasticinference	1.12.758	-	e2f0343af6ffc0a7a628280ad320dc341df5b136
com.amazonaws	aws-java-sdk-elasticinference	1.12.759	-	636f452ea7d7a7b90ced67a30424981a8fe5aae1
com.amazonaws	aws-java-sdk-elasticinference	1.12.76	-	f2b86cf0d5015535b54b08e59f34906876dd0a81
com.amazonaws	aws-java-sdk-elasticinference	1.12.760	-	2b52b2c2f37eca43fa334ab027c03b162161763d
com.amazonaws	aws-java-sdk-elasticinference	1.12.761	-	e2862ef96a9daf8f15c2258f8f8ed05c34041dfb
com.amazonaws	aws-java-sdk-elasticinference	1.12.762	-	f3e98eb435a144f57eefec90c22326d949cc0a2b
com.amazonaws	aws-java-sdk-elasticinference	1.12.763	-	016e832b6f872025782247c5444672fb5360f0c5
com.amazonaws	aws-java-sdk-elasticinference	1.12.764	-	1d926d4e678ec3e6185fa31bf04e0c5397bbbc40
com.amazonaws	aws-java-sdk-elasticinference	1.12.765	-	bea1c857f7efb27321acc5d04a9e635637701e56
com.amazonaws	aws-java-sdk-elasticinference	1.12.766	-	1a7b88c2a27480dc5644447e92763ae6f1993cb9
com.amazonaws	aws-java-sdk-elasticinference	1.12.767	-	315a7468c2907ed6be7ae363fe90c39eff8e2a5b
com.amazonaws	aws-java-sdk-elasticinference	1.12.768	-	eb88e0a865dc4fbf3846266fa91b084027c9576e
com.amazonaws	aws-java-sdk-elasticinference	1.12.769	-	fa86ab0a6a10bbbf39a4796ebca4c84f8bc18742
com.amazonaws	aws-java-sdk-elasticinference	1.12.77	-	219eb7b8d6a9d400c9841b5d48149078acb81c04
com.amazonaws	aws-java-sdk-elasticinference	1.12.770	-	0a1efb55b5e06c53f2159db60a1936eaa7374904
com.amazonaws	aws-java-sdk-elasticinference	1.12.771	-	4ffcd6b518ce194387e1fb27d8a6fbc3b321dfb6
com.amazonaws	aws-java-sdk-elasticinference	1.12.772	-	e1f633f40c412cfe7dc572450325320dee0374ec
com.amazonaws	aws-java-sdk-elasticinference	1.12.773	-	97630a5a3724f03a10c4bf68b72dc38a559d1a72
com.amazonaws	aws-java-sdk-elasticinference	1.12.774	-	07b97f726c7ece0154fa353c2519ce406fcccb49
com.amazonaws	aws-java-sdk-elasticinference	1.12.775	-	4c5671a7b6b7b2905dcd8a6cbdc34e91813c469c
com.amazonaws	aws-java-sdk-elasticinference	1.12.776	-	1a94862427c4aca02ff30e73c40b63e5272aa668
com.amazonaws	aws-java-sdk-elasticinference	1.12.777	-	dd3a75048c2476d856fbbff37a071532421b736a
com.amazonaws	aws-java-sdk-elasticinference	1.12.778	-	7607ed4a005202cfed24e6f152b0f48545eb2a14
com.amazonaws	aws-java-sdk-elasticinference	1.12.779	-	e90f0b35cada67490156119e175647bb008855a8
com.amazonaws	aws-java-sdk-elasticinference	1.12.78	-	e1dc12e3b92398f26233d30a323a57c2929dac8b
com.amazonaws	aws-java-sdk-elasticinference	1.12.780	-	6dfae06e1e0cf94a60fc55fd94b464aae964bf5d
com.amazonaws	aws-java-sdk-elasticinference	1.12.781	-	82836d0abd9629b618114e1eba9b1ad1aac0a4cd
com.amazonaws	aws-java-sdk-elasticinference	1.12.782	-	95cf9591d1817df4d3abd979d01f2134cd836f7a
com.amazonaws	aws-java-sdk-elasticinference	1.12.79	-	13572ae0696f7e7ea47b8a77da2d92ec6e18a31c
com.amazonaws	aws-java-sdk-elasticinference	1.12.8	-	5082971bc2070de76466b73345c3f10513163942
com.amazonaws	aws-java-sdk-elasticinference	1.12.80	-	aea11ebbf5f4c33dd934123ff87130be421739b6
com.amazonaws	aws-java-sdk-elasticinference	1.12.81	-	f1665483e8ea2248d5bb8b49353f13b1f600ca08
com.amazonaws	aws-java-sdk-elasticinference	1.12.82	-	b4d6f63023543bfe3fea7cea8f8f16932acd86c7
com.amazonaws	aws-java-sdk-elasticinference	1.12.83	-	fde88a0337795e8053b2c32dbad6b351a0c4600f
com.amazonaws	aws-java-sdk-elasticinference	1.12.84	-	b4063a0d4cd4b61631506a2f01e4ee0e0abd6810
com.amazonaws	aws-java-sdk-elasticinference	1.12.85	-	57fa8e4190f38a5feb27861d3717b150c512d546
com.amazonaws	aws-java-sdk-elasticinference	1.12.86	-	e95a306eb100dcba62414e7858318ce53b637a0f
com.amazonaws	aws-java-sdk-elasticinference	1.12.87	-	7f6cd7ffd18cf3cd2b4420be794cb9677c5892e1
com.amazonaws	aws-java-sdk-elasticinference	1.12.88	-	5fb3534602470f9429962cd56c4158a0a189943f
com.amazonaws	aws-java-sdk-elasticinference	1.12.89	-	f292f0db4b607941787d588e6da60e11913e5a46
com.amazonaws	aws-java-sdk-elasticinference	1.12.9	-	01d2b95cb3e8a433d4ac6bfa792e2a33e3ae1f2a
com.amazonaws	aws-java-sdk-elasticinference	1.12.90	-	7e419ace8a6e07f6fa57e6a7a5fff9c2dce50b0c
com.amazonaws	aws-java-sdk-elasticinference	1.12.91	-	dc12d5eb91eb452d014fe5424a9af0a188d5c7a6
com.amazonaws	aws-java-sdk-elasticinference	1.12.92	-	e22ef65a620ea77de926af01d382f369c1d23840
com.amazonaws	aws-java-sdk-elasticinference	1.12.93	-	3ee927f89c6307f802cd8229bda1988c63353712
com.amazonaws	aws-java-sdk-elasticinference	1.12.94	-	6334c758d387bd8665f7616c246df9252bf1672a
com.amazonaws	aws-java-sdk-elasticinference	1.12.95	-	54f027d4420215e23e9a0dcb49e958afea113d74
com.amazonaws	aws-java-sdk-elasticinference	1.12.96	-	bd99572fbdbe5ce22e652fbe5dc91748d9cb46da
com.amazonaws	aws-java-sdk-elasticinference	1.12.97	-	d3ea4a8a0fb68b94f6d3a0733f47d2601890204d
com.amazonaws	aws-java-sdk-elasticinference	1.12.98	-	0b599d683049acb583f3b6fe3fca4003fc36ed83
com.amazonaws	aws-java-sdk-elasticinference	1.12.99	-	cdc359b078cdeb4067e31af29970a9d9b3d73e0f
com.amazonaws	aws-java-sdk-health	1.11.100	-	a27064e3e3b49599d651366b241be322611bd824
com.amazonaws	aws-java-sdk-health	1.11.1000	-	ce745bf0091df7a9e6934dc600253b15e3d62b75
com.amazonaws	aws-java-sdk-health	1.11.1001	-	ed8456f11b92bdc1dc4c61b006e1386ee273bd8f
com.amazonaws	aws-java-sdk-health	1.11.1002	-	db911c42fa69e9ed25fbda27f79ddbc764cf01e4
com.amazonaws	aws-java-sdk-health	1.11.1003	-	ca6bf16b21d43772a7efa7c210e638ebff3c5557
com.amazonaws	aws-java-sdk-health	1.11.1004	-	972d4d239f7087a1393c0af1c110d28f9d63430d
com.amazonaws	aws-java-sdk-health	1.11.1005	-	a1ffd34d6e3483ba365869eb95849416fa9f9b5a
com.amazonaws	aws-java-sdk-health	1.11.1006	-	4412c680a054aecac214baddb5fb439aa22510c0
com.amazonaws	aws-java-sdk-health	1.11.1007	-	33e8a46832b8c4b0197d9e8d4cc96b5e9d065f57
com.amazonaws	aws-java-sdk-health	1.11.1008	-	26378029a34076d54a2c24d934946a6b377a81db
com.amazonaws	aws-java-sdk-health	1.11.1009	-	fd96b8efddb193db744b77f127b2b12a95ca757d
com.amazonaws	aws-java-sdk-health	1.11.101	-	8c6cd1a32b08076527c849e089aee78aeb0585a0
com.amazonaws	aws-java-sdk-health	1.11.1010	-	77f23d8e64b065aca7b64e6c11eef3457d38dfc1
com.amazonaws	aws-java-sdk-health	1.11.1011	-	b2af33ac5f8fe0b00d2e842d56c12e800e54b36c
com.amazonaws	aws-java-sdk-health	1.11.1012	-	7a370aadc766a021fb1583df25f85184a2337e92
com.amazonaws	aws-java-sdk-health	1.11.1013	-	7641f06ca14b00820ff5afc77eab11a6bb49f145
com.amazonaws	aws-java-sdk-health	1.11.1014	-	dabc3aa2691a286201bdd9142a13ac23a81e606b
com.amazonaws	aws-java-sdk-health	1.11.1015	-	351a5ef672da649d680f1f82dcd8712e0dbadc4a
com.amazonaws	aws-java-sdk-health	1.11.1016	-	fd844f863a89310fb4ebef47d5abe5bb1c4421d8
com.amazonaws	aws-java-sdk-health	1.11.1017	-	74e0e13f4766cad1366a960e4c889281bf2f7f90
com.amazonaws	aws-java-sdk-health	1.11.1018	-	f5182854cd932683533c8a3721eeee6d7f762d8c
com.amazonaws	aws-java-sdk-health	1.11.1019	-	522260efe63b14d06af47afa0e2f26e3e29f1dc1
com.amazonaws	aws-java-sdk-health	1.11.102	-	a6085fa619f38c2468d58cbac59a82813fe044f5
com.amazonaws	aws-java-sdk-health	1.11.1020	-	703be2e8fd7a07b4e686a5b1aeb157437662e4f1
com.amazonaws	aws-java-sdk-health	1.11.1021	-	ad95e4ad2fd48e1e981272c961acdf112d02ae62
com.amazonaws	aws-java-sdk-health	1.11.1022	-	0899b246e156f80989c75a303ade87fa540e46f3
com.amazonaws	aws-java-sdk-health	1.11.1023	-	83ced77ee9027c37818429cdd36560ec59e639cd
com.amazonaws	aws-java-sdk-health	1.11.1024	-	3a2f5d7e2d4a6ba30e35a5cf8ad0ce78989c6144
com.amazonaws	aws-java-sdk-health	1.11.1025	-	6cb4bd5cf140850c49d87ed181e1aa660c90bfca
com.amazonaws	aws-java-sdk-health	1.11.1026	-	32e7116d4c7c7280af034e0d8c2fcf8a81756571
com.amazonaws	aws-java-sdk-health	1.11.1027	-	c38acc11fea4d8620619670a8099581bbf1eddd5
com.amazonaws	aws-java-sdk-health	1.11.1028	-	8a14a9118d949967c3f61e06b47f1eb67f4ae99a
com.amazonaws	aws-java-sdk-health	1.11.1029	-	678cb78ab7ed8ace69543c61bfd9bfe427d59887
com.amazonaws	aws-java-sdk-health	1.11.103	-	5c1a7848ffdb5c95f97e1695c50afcbcc287d4b3
com.amazonaws	aws-java-sdk-health	1.11.1030	-	c189eba61848d6dbf50f7fff3c451a4868895cf8
com.amazonaws	aws-java-sdk-health	1.11.1031	-	2c0f70647eaf4a44227a05ed7c4375c2c17c303f
com.amazonaws	aws-java-sdk-health	1.11.1032	-	d8229f61e39536df10be6033aaa614250ac74777
com.amazonaws	aws-java-sdk-health	1.11.1033	-	63d73045534fbe227227758db488e842241662ae
com.amazonaws	aws-java-sdk-health	1.11.1034	-	1d258dfbc191ec0b82090a71d01103f150f3819b
com.amazonaws	aws-java-sdk-health	1.11.104	-	e851aab3f36ac8646eeaaab933d6f2436f3109ae
com.amazonaws	aws-java-sdk-health	1.11.105	-	3169cc0206a83e29f5ee5b62a59827fca2c1549c
com.amazonaws	aws-java-sdk-health	1.11.106	-	c5700db30a70de1d27a4aa15ece5cd6d6ad6b26a
com.amazonaws	aws-java-sdk-health	1.11.107	-	6669556584178b6f9f109066b3d35dea5935b2c1
com.amazonaws	aws-java-sdk-health	1.11.108	-	a30fd76cc61d36838ac5284b1216eddbe0fbe682
com.amazonaws	aws-java-sdk-health	1.11.109	-	3736462cca959be4c10e649802c6b19f6fa459ef
com.amazonaws	aws-java-sdk-health	1.11.110	-	aba5f64403280b563ee8b8ebebb421a3a471e153
com.amazonaws	aws-java-sdk-health	1.11.111	-	7913d52fc9000d44cd8c93302be15efac31eb20f
com.amazonaws	aws-java-sdk-health	1.11.112	-	1dc9cda2bb3a7cf9454d8a9bf2b840e38454750e
com.amazonaws	aws-java-sdk-health	1.11.113	-	f49d446254d07b47b04eb5c070721ea1afff728b
com.amazonaws	aws-java-sdk-health	1.11.114	-	72e847cc8b06692982e463416f3c68cdd4f4a6b2
com.amazonaws	aws-java-sdk-health	1.11.115	-	bf9bf09648634991b31ddead09f7cd4788785478
com.amazonaws	aws-java-sdk-health	1.11.116	-	5fd32a306e370f44bf5fdee1b7f479399bc7eaa8
com.amazonaws	aws-java-sdk-health	1.11.117	-	fb4267e57960f86ab59f09eecc0e20056226c483
com.amazonaws	aws-java-sdk-health	1.11.118	-	8ff291ea142262d60ae888687ec849385c6cbc35
com.amazonaws	aws-java-sdk-health	1.11.119	-	bddf92556c6d506d3ba1f3077a11552ce359d3fd
com.amazonaws	aws-java-sdk-health	1.11.120	-	13ab5da148b290d61d7394b1d8d1ff9d4edebf6b
com.amazonaws	aws-java-sdk-health	1.11.121	-	785e79240127ae4e6cfa80a4ef5683c992e304e5
com.amazonaws	aws-java-sdk-health	1.11.122	-	08128816f02f3702cab6d59d3be207de6d7a79da
com.amazonaws	aws-java-sdk-health	1.11.123	-	860de91973f8f4d827397bb11e5eec95496ce5da
com.amazonaws	aws-java-sdk-health	1.11.124	-	7434b596c6a26c4375db985d64176bc051f8fc95
com.amazonaws	aws-java-sdk-health	1.11.125	-	f32fbeb3053bb7e62d70d75fee2fe2806a05abd0
com.amazonaws	aws-java-sdk-health	1.11.126	-	5dd5df1ed015cf189f61b80c3fde55a98003b57d
com.amazonaws	aws-java-sdk-health	1.11.127	-	9cfe8c5c797a8d8f8f46a69a7812c36f17e0a3bc
com.amazonaws	aws-java-sdk-health	1.11.128	-	1e6722cb3f0d98d717703b38ff3c3468a990ba65
com.amazonaws	aws-java-sdk-health	1.11.129	-	ccf64678f7fde4e6a7666ceea5c6bbc148b1f0e9
com.amazonaws	aws-java-sdk-health	1.11.130	-	67258aeb01cdf4ca1a4e79ef660a39abce7eb089
com.amazonaws	aws-java-sdk-health	1.11.131	-	71bd0a5f1f2c840838ddf01c334c8c544d324b19
com.amazonaws	aws-java-sdk-health	1.11.132	-	5ec18da0ebfaf1a18b1c5f63cce004fd59f3147a
com.amazonaws	aws-java-sdk-health	1.11.133	-	f7b0229cb246f09dd3b21d21f878e92b2cac8251
com.amazonaws	aws-java-sdk-health	1.11.134	-	c5987642711b6bd26bbe22f933aded1c6485408b
com.amazonaws	aws-java-sdk-health	1.11.135	-	6e97a967c06e688a09ebc06203e3448b6cad5d50
com.amazonaws	aws-java-sdk-health	1.11.136	-	fdcc0bb44f1269454bd6c306e94e0800e29ebcf1
com.amazonaws	aws-java-sdk-health	1.11.137	-	079b6b0db29dd5dc2689d8c1c510c545b1c1386d
com.amazonaws	aws-java-sdk-health	1.11.138	-	cbceedf50d748b8d71852c27b1f094f341853bbf
com.amazonaws	aws-java-sdk-health	1.11.139	-	e765780a07a34f7984b3ad0e5cedcff3dd65f148
com.amazonaws	aws-java-sdk-health	1.11.140	-	58775931b809e2460550494757328d44e587491d
com.amazonaws	aws-java-sdk-health	1.11.141	-	7804280fab086dad47695abc92453affae5cb7d6
com.amazonaws	aws-java-sdk-health	1.11.142	-	a3240110f6f064d226d338d5c53c7eb2d841f5a6
com.amazonaws	aws-java-sdk-health	1.11.143	-	68af0ef14e5398886adbfe0fd1e94a19eff52f9c
com.amazonaws	aws-java-sdk-health	1.11.144	-	88da1b9a8eab5cb0309e6411fe0e0f377b74f50e
com.amazonaws	aws-java-sdk-health	1.11.145	-	92ade8e3a62c43b06c10bece97c4275d4122bacf
com.amazonaws	aws-java-sdk-health	1.11.146	-	a7f0dcd46c7167e3c9bb3b01c2b967ef26d36cf0
com.amazonaws	aws-java-sdk-health	1.11.147	-	b02027909d4e7b339ab1a8e42a4bfe982d7a54e3
com.amazonaws	aws-java-sdk-health	1.11.148	-	500566f6901366c245e41947f5694458d51af760
com.amazonaws	aws-java-sdk-health	1.11.149	-	26c23f1c2e101b7e2ca4d6d28a5a2c76b1c0f9ff
com.amazonaws	aws-java-sdk-health	1.11.150	-	b4f45f57a46686badb4cd833984ef6578bdb1213
com.amazonaws	aws-java-sdk-health	1.11.151	-	cc81d1e763aa807953ff6b6c09a001c1a9392dd2
com.amazonaws	aws-java-sdk-health	1.11.152	-	cbfd3ea568a528a0b3b7d07d0d1de8aad4db3f04
com.amazonaws	aws-java-sdk-health	1.11.153	-	b4772e397d998d61d2a7ddfc99f145228bd44868
com.amazonaws	aws-java-sdk-health	1.11.154	-	c80af7ac0e7f30eb10e3bb42262509d27ab92e13
com.amazonaws	aws-java-sdk-health	1.11.155	-	32ca0d5dbeb66af68f943191963636cd68513dda
com.amazonaws	aws-java-sdk-health	1.11.156	-	7b3d888ff62d2a82594a8cb4b17710b10333091a
com.amazonaws	aws-java-sdk-health	1.11.157	-	c0de1979cf7e64edbd22ccce0cbfba1c50c8fda1
com.amazonaws	aws-java-sdk-health	1.11.158	-	d3d02ddc847e7948b6c1d081e5728c6b3fbbe46f
com.amazonaws	aws-java-sdk-health	1.11.159	-	6f957136551037aeaca7fadf6894c790990b98a3
com.amazonaws	aws-java-sdk-health	1.11.160	-	30d975e8624fd4166add02811b707ed61561f4f6
com.amazonaws	aws-java-sdk-health	1.11.161	-	15915e04805fe1623b123292320cec953aadf191
com.amazonaws	aws-java-sdk-health	1.11.162	-	176a303e29f6b361c36d6e315c864d3edbd4b071
com.amazonaws	aws-java-sdk-health	1.11.163	-	035c215b9d0b96b75e02f078943512ee762d94e5
com.amazonaws	aws-java-sdk-health	1.11.164	-	187f3a35d43030f9a5474e728aa342957d3e00a4
com.amazonaws	aws-java-sdk-health	1.11.165	-	f8ab605a030188f74bac15a5ffe212ee33c781c8
com.amazonaws	aws-java-sdk-health	1.11.166	-	7f4f41fdf0000646b7f5c364b54daf25ce9b0c5d
com.amazonaws	aws-java-sdk-health	1.11.167	-	e699e187b5b1b017023e9739dddeea2c67bd4d45
com.amazonaws	aws-java-sdk-health	1.11.168	-	85779f7e722f449207fd2915bb36f1709c1a537a
com.amazonaws	aws-java-sdk-health	1.11.169	-	e9120534b238cc6d9bc8c22e67f1151e013e0886
com.amazonaws	aws-java-sdk-health	1.11.170	-	8fa6be8df0f9e825454d2ed24faf91adbad93cc7
com.amazonaws	aws-java-sdk-health	1.11.171	-	d9e00199b338dc493ce3e5f6f283773709adb246
com.amazonaws	aws-java-sdk-health	1.11.172	-	24396e4fc700522af30c754a8a243abfe65bd7ab
com.amazonaws	aws-java-sdk-health	1.11.173	-	803ced42d8254e786af7b69fceaa382cae6d5ead
com.amazonaws	aws-java-sdk-health	1.11.174	-	e5e2427a2b28dcd16d941affebc0d4a5cc4e2158
com.amazonaws	aws-java-sdk-health	1.11.175	-	4f4244b2dfc7d8de5dc881f980c609b2f42da655
com.amazonaws	aws-java-sdk-health	1.11.176	-	181c344f26a9f5d3d609103a2d663adf4a4fcb77
com.amazonaws	aws-java-sdk-health	1.11.177	-	f796308fd40c609189571a595bb195207ef9b6fe
com.amazonaws	aws-java-sdk-health	1.11.178	-	304bb0a6bcf5bddb15d8d48e812c6bc53feb3c68
com.amazonaws	aws-java-sdk-health	1.11.179	-	6d40712ff9c684d553a56e24447c30fe66094e83
com.amazonaws	aws-java-sdk-health	1.11.180	-	4f3cf614efe187c36826fe5b92fd9e0c162a78a4
com.amazonaws	aws-java-sdk-health	1.11.181	-	739c3cf45748af2b62f2bc29c70bf2f601a5ac3a
com.amazonaws	aws-java-sdk-health	1.11.182	-	b00ae24e452a0c2c2cdf0d9bd4148fe4643a9fc0
com.amazonaws	aws-java-sdk-health	1.11.183	-	fb51a4a8ee13927610be0ea7d91189ee0704c035
com.amazonaws	aws-java-sdk-health	1.11.184	-	2d20796f7ffe2c227e0c44ce8770b74636518e86
com.amazonaws	aws-java-sdk-health	1.11.185	-	03bb755a1edebfba1055b6ecb296fb88ccb64e01
com.amazonaws	aws-java-sdk-health	1.11.186	-	31147952b572f16196ec415cd9388efc489ee578
com.amazonaws	aws-java-sdk-health	1.11.187	-	39e45195d0a95284e57c31061b08a4a01114a138
com.amazonaws	aws-java-sdk-health	1.11.188	-	f4639d9acc3db9da5ab34d5cf3384def297f8568
com.amazonaws	aws-java-sdk-health	1.11.189	-	1d8589c8a0e5a11442c7569e8100f2d1384c15ca
com.amazonaws	aws-java-sdk-health	1.11.190	-	015af80a8f1404679db070b02f53734fb39cb3f7
com.amazonaws	aws-java-sdk-health	1.11.191	-	e11e78457068083b4043d9f9744b9b49dc17dc1d
com.amazonaws	aws-java-sdk-health	1.11.192	-	b648d47cd815356051b4c56e61c89f45e9510f21
com.amazonaws	aws-java-sdk-health	1.11.193	-	98b8d15c28cfcb2d740af789d989b0ec82de8eb9
com.amazonaws	aws-java-sdk-health	1.11.194	-	c15ac31b02acbc52b23a2eadcb442ce8b8597663
com.amazonaws	aws-java-sdk-health	1.11.195	-	3ac2442625f7d89c4141eca584f0b5926914baea
com.amazonaws	aws-java-sdk-health	1.11.196	-	da9e24c73383a6c913bbb5823d9b09fdc7329de8
com.amazonaws	aws-java-sdk-health	1.11.197	-	e4bd4700fff5c746b1c4c29950edc3779cbac45d
com.amazonaws	aws-java-sdk-health	1.11.198	-	be9338b55bcdd79c37a1381f831527b833d90f01
com.amazonaws	aws-java-sdk-health	1.11.199	-	4ec70be6596fdfba007ac890b82ec2b1d74bfa20
com.amazonaws	aws-java-sdk-health	1.11.200	-	2d6866ca795b3c0079db670b6d935cee814ab041
com.amazonaws	aws-java-sdk-health	1.11.201	-	7b078e8b31387fd7956323462c09dce6009e2504
com.amazonaws	aws-java-sdk-health	1.11.202	-	13c2da370a8a034c21a122a8247cd05420a491a0
com.amazonaws	aws-java-sdk-health	1.11.203	-	d6408f16b9d24a2ef13a2c037288ca1369a09f4f
com.amazonaws	aws-java-sdk-health	1.11.204	-	f532cd6d9ded73e6826a02c193e3da8c98b9142a
com.amazonaws	aws-java-sdk-health	1.11.205	-	d481374904b9d086ba87c851d81b27e350a0235a
com.amazonaws	aws-java-sdk-health	1.11.206	-	db12e5d2a74a70a7e64a2fed89ca72d7ef807ddf
com.amazonaws	aws-java-sdk-health	1.11.207	-	ecf7b9950987869c7c2332f3c398be0b6404e67c
com.amazonaws	aws-java-sdk-health	1.11.208	-	eaa537b0cd98984b68317da64da4174d3ac269d6
com.amazonaws	aws-java-sdk-health	1.11.209	-	26b312503b2c02ecf59352176f37ebd426e66748
com.amazonaws	aws-java-sdk-health	1.11.210	-	3706fef058a075e75f5fe05fe2a95f4dd0ef8bdf
com.amazonaws	aws-java-sdk-health	1.11.211	-	f64d367c498ae1ba01a6640076122b5fa6dda702
com.amazonaws	aws-java-sdk-health	1.11.212	-	2a7710a82b0cce166972808d21daf57eaec7cb73
com.amazonaws	aws-java-sdk-health	1.11.213	-	f06c57058e847decaa47b480d8d02f4c3b8d6f60
com.amazonaws	aws-java-sdk-health	1.11.214	-	1a1cd71bbc31478dbdc245354a9a064534f8cf00
com.amazonaws	aws-java-sdk-health	1.11.215	-	02bcbe7c24c4f11facf7363a9ddacef0ab2a0b9e
com.amazonaws	aws-java-sdk-health	1.11.216	-	0e611e3d54d735297162f55a585b8cf7a6f734f1
com.amazonaws	aws-java-sdk-health	1.11.217	-	6d0c8ea514db8a71dfa6fb39fb9ffcfa58ed0ea7
com.amazonaws	aws-java-sdk-health	1.11.218	-	deed7c4d34c069f59eccfe48efa9b0e7671e163d
com.amazonaws	aws-java-sdk-health	1.11.219	-	f6a7b3973d6a7776e442497d6f0e0f39e720a272
com.amazonaws	aws-java-sdk-health	1.11.220	-	107cec4c3ece5a4d00488b91665bd69ab22a3b47
com.amazonaws	aws-java-sdk-health	1.11.221	-	3c0ff18073b65474642e14e5d23971a343681f35
com.amazonaws	aws-java-sdk-health	1.11.222	-	5875c58c680d31dc060eb0b4f0dda13f43d831ae
com.amazonaws	aws-java-sdk-health	1.11.223	-	cff832303eef3fd6447baae1125ad376ed966993
com.amazonaws	aws-java-sdk-health	1.11.224	-	99378632a22a1b386f9829cb5b6e6de028512225
com.amazonaws	aws-java-sdk-health	1.11.225	-	7e9b0550f85c57838aa2ac8b41e001728f99fe9a
com.amazonaws	aws-java-sdk-health	1.11.226	-	b70d94558438f4c3475f39b0901bb712f669f73c
com.amazonaws	aws-java-sdk-health	1.11.227	-	ba6ed14445d7f99fb2c141fbcfb71f860d9e2b3f
com.amazonaws	aws-java-sdk-health	1.11.228	-	96a7a5fb09d862d574a3fb5d3bc1b1e8c267c855
com.amazonaws	aws-java-sdk-health	1.11.229	-	3d4a7069694db8ccc28e334af27111d18191217e
com.amazonaws	aws-java-sdk-health	1.11.230	-	f3fad09cfe0f92c5c7dbd2f2d951d685f134302b
com.amazonaws	aws-java-sdk-health	1.11.231	-	a6c4f6e5bb4240a56d2662515f2b63ea0c8bf7fb
com.amazonaws	aws-java-sdk-health	1.11.232	-	07beb1c5d6e119af0eaa961ddfa6ba25d41ec7d0
com.amazonaws	aws-java-sdk-health	1.11.233	-	0475308811bc960186f42f759e7a28d583d19c05
com.amazonaws	aws-java-sdk-health	1.11.234	-	6e94c6bde5ee1f5226d720854afb615b9dd4aa08
com.amazonaws	aws-java-sdk-health	1.11.235	-	23b15f6dc688ca7666a52545c069ea179f20b07a
com.amazonaws	aws-java-sdk-health	1.11.236	-	dc0660acecad019a4cab4588a618d02675f8dd5d
com.amazonaws	aws-java-sdk-health	1.11.237	-	06aaea338b2774d08b6eeae1f371dfab4a8f4d29
com.amazonaws	aws-java-sdk-health	1.11.238	-	a5cfa633c3d4453488c5e139bafa88e4f8b8e417
com.amazonaws	aws-java-sdk-health	1.11.239	-	11df8f82f501b8be44891f5e6c685383fe2b951b
com.amazonaws	aws-java-sdk-health	1.11.240	-	06ee2a038b4b903a298e18fa40a72b3582c007d8
com.amazonaws	aws-java-sdk-health	1.11.241	-	768e906e5e8e14a5c485396be68d454ec4344f4a
com.amazonaws	aws-java-sdk-health	1.11.242	-	e3455038d0a58c64f2a23ab388230ca7fb67a52c
com.amazonaws	aws-java-sdk-health	1.11.243	-	c96f5ae3a6122aab43ce4e2dd516b6361189de53
com.amazonaws	aws-java-sdk-health	1.11.244	-	2d9c277eef84fa857e5733c5c543d59f7cec42a2
com.amazonaws	aws-java-sdk-health	1.11.245	-	9f0ddcb841b826168f645ae3638c4cc3ff3f751a
com.amazonaws	aws-java-sdk-health	1.11.246	-	0ef1c9f74d7770cf3b11a2e180a1c99f27163f56
com.amazonaws	aws-java-sdk-health	1.11.247	-	e6ef16abf00d0f43aac3fcd3a44ea6c7760ee6fd
com.amazonaws	aws-java-sdk-health	1.11.248	-	7244fddb91de805c5902fe059a6877b12ebda78b
com.amazonaws	aws-java-sdk-health	1.11.249	-	ff93318a33226fe8060f73032ff61a97a02c86f7
com.amazonaws	aws-java-sdk-health	1.11.250	-	8bcd7dc3e496f5588cbc92990ed979c8b8f3d1c8
com.amazonaws	aws-java-sdk-health	1.11.251	-	46353234e5f79d2ea0549ae76da57cbce4e72baf
com.amazonaws	aws-java-sdk-health	1.11.252	-	b6a433a5fb79f2dc33a55920b5fca0a817c21274
com.amazonaws	aws-java-sdk-health	1.11.253	-	8d168ed3a4eaa4ba22c174bacd1c3c6781f59e28
com.amazonaws	aws-java-sdk-health	1.11.254	-	c09fc184164b469a1793872cb61bc2c19ae60f0f
com.amazonaws	aws-java-sdk-health	1.11.255	-	b5d8b45f9f39ba83c41156d29c5c4e06f5179432
com.amazonaws	aws-java-sdk-health	1.11.256	-	d60bb8a99ccb0317b65ea6ba0c3aa01da8157eb8
com.amazonaws	aws-java-sdk-health	1.11.257	-	82c939978889c0ade8660b7ea8ec0a80b28581c5
com.amazonaws	aws-java-sdk-health	1.11.258	-	3487a843455929f0ad9c31bbc3385df2f941049b
com.amazonaws	aws-java-sdk-health	1.11.259	-	81b413fd7a35fd17f1a5d103e992ca298e63d52e
com.amazonaws	aws-java-sdk-health	1.11.260	-	9705ada2589f4c0a144e6d49517f1a367fb31dcf
com.amazonaws	aws-java-sdk-health	1.11.261	-	c6687e957548b0570b31390e6776ba4b93ea74d4
com.amazonaws	aws-java-sdk-health	1.11.262	-	fdd43874aa832221978c60e0a7a6b8a91b855732
com.amazonaws	aws-java-sdk-health	1.11.263	-	a58955262d1b15c0e936cbc238b0d53fcdf06356
com.amazonaws	aws-java-sdk-health	1.11.264	-	ba3d8f2d6534146745442938d05c9661a47601bf
com.amazonaws	aws-java-sdk-health	1.11.265	-	8e7be65f8de516fb6673e94f2092cd43d5f94bd1
com.amazonaws	aws-java-sdk-health	1.11.266	-	ac3554938d75d17830b9f1b029f6a231bd0afd20
com.amazonaws	aws-java-sdk-health	1.11.267	-	09a6854057f5884cdba99595df164e915430838a
com.amazonaws	aws-java-sdk-health	1.11.268	-	026263a68bd5c785df8a2b901be0e45f7dd82ea7
com.amazonaws	aws-java-sdk-health	1.11.269	-	840118d4dc0508ea1611d5ad2801cb6a4680ceb3
com.amazonaws	aws-java-sdk-health	1.11.270	-	13bf4cc7e4cd826fd010a4bbacf834b56a5e2c4c
com.amazonaws	aws-java-sdk-health	1.11.271	-	6b1427ff66f26e02c0b07987d2a6d86871a70cca
com.amazonaws	aws-java-sdk-health	1.11.272	-	473f0ffb4f437774a3b005e3f87da6f5b34f5cc3
com.amazonaws	aws-java-sdk-health	1.11.273	-	33dde77e2dc2bab1d11296df0ba4e02d41254c70
com.amazonaws	aws-java-sdk-health	1.11.274	-	80e07085e29af3c8bbcdb83b47df0d079105bba9
com.amazonaws	aws-java-sdk-health	1.11.275	-	d2ec1797b191024be533e1c1acc1e2a6eb9018fd
com.amazonaws	aws-java-sdk-health	1.11.276	-	6f741c720c7d2368abe0e5184adf6481b2af1be0
com.amazonaws	aws-java-sdk-health	1.11.277	-	54da86b8c5e3830c61dec749f6da19cd79b034d5
com.amazonaws	aws-java-sdk-health	1.11.278	-	e872461b34779b7d3041ae10e52f5cbd9fea6c02
com.amazonaws	aws-java-sdk-health	1.11.279	-	8ca8579027257af61948255f41806d411aa3a081
com.amazonaws	aws-java-sdk-health	1.11.280	-	a8d1bed3e0214d38af383aee9dbc64476e274bb8
com.amazonaws	aws-java-sdk-health	1.11.281	-	821b97b0e6f71002d18fed1f3d58ab541dcb2c9a
com.amazonaws	aws-java-sdk-health	1.11.282	-	19b1da1cd0943fb901a445be9c9b1f4898dfd4b1
com.amazonaws	aws-java-sdk-health	1.11.283	-	0506c131390d3035e2b0c931657e764103ad79a7
com.amazonaws	aws-java-sdk-health	1.11.284	-	7388130195df2543ce6c50a665c68c9622c14836
com.amazonaws	aws-java-sdk-health	1.11.285	-	e72e72187feb19d67c2f395f68c27bbf38f8e592
com.amazonaws	aws-java-sdk-health	1.11.286	-	95d0aec73f6d657ce4f1d3bbe96d199f2c56f428
com.amazonaws	aws-java-sdk-health	1.11.287	-	29bf3c029a9cb330fddeb1a362738d3765da1af4
com.amazonaws	aws-java-sdk-health	1.11.288	-	be29bec3441263177c301c87475443ec4563de29
com.amazonaws	aws-java-sdk-health	1.11.289	-	c122c716d9b74950d83a2c960331272bc95a6b52
com.amazonaws	aws-java-sdk-health	1.11.290	-	20cfd22f9b63412f3fbcb7d1645c48391e61fad5
com.amazonaws	aws-java-sdk-health	1.11.291	-	98607b1f70b3c940f9336f575419a87e2e8f7bb7
com.amazonaws	aws-java-sdk-health	1.11.292	-	b4960c5cb010880217423cff6181249ab730965e
com.amazonaws	aws-java-sdk-health	1.11.293	-	cdfdbd0caf7025e0a8299b869fce2c4206cd1aa1
com.amazonaws	aws-java-sdk-health	1.11.294	-	a7744577ef7e5733485c2f7651535153a8cc67de
com.amazonaws	aws-java-sdk-health	1.11.295	-	1be3512b78f2c314898eb7094f5a002ce670f306
com.amazonaws	aws-java-sdk-health	1.11.296	-	5f00269ff3d3ca67b698382f18e730a463b42d51
com.amazonaws	aws-java-sdk-health	1.11.297	-	d7599c10b32401e33efe322adba7c76713c695f2
com.amazonaws	aws-java-sdk-health	1.11.298	-	2fd63c408c8c4b8c49f3d856b5ae12bc81a38863
com.amazonaws	aws-java-sdk-health	1.11.299	-	57ece9e5db6575976bcd9522fba0d356fe3c632d
com.amazonaws	aws-java-sdk-health	1.11.300	-	4d6a56636c5a05a2dbeba8bb8938baa53d45b561
com.amazonaws	aws-java-sdk-health	1.11.301	-	bc48ed641f94c00687cba4a68f613da747ee1850
com.amazonaws	aws-java-sdk-health	1.11.302	-	2475bd641847f90e92473ec991ab6f5b5b308c7f
com.amazonaws	aws-java-sdk-health	1.11.303	-	64ba10c97817109855aa5f5db44f9cccd8c25383
com.amazonaws	aws-java-sdk-health	1.11.304	-	d781fc0766eb31ded52e76932ee60d1dc0ef7b10
com.amazonaws	aws-java-sdk-health	1.11.305	-	ec2c8b87b44a46dec80ca08e00391437de5b2688
com.amazonaws	aws-java-sdk-health	1.11.306	-	5cb0dd5d0f451d4b1b5a743b1d9e2e0578b1cadc
com.amazonaws	aws-java-sdk-health	1.11.307	-	d4aa14dfe98f3ca2673af2b2747ce8849359826d
com.amazonaws	aws-java-sdk-health	1.11.308	-	0d9e71420687638ed14d89d948d26538d829b45a
com.amazonaws	aws-java-sdk-health	1.11.309	-	c7e1bd883fcbafe797b467e0ba8fb469215e2832
com.amazonaws	aws-java-sdk-health	1.11.310	-	c61d5bd15b0e1834f445722a216879c2ed2afd70
com.amazonaws	aws-java-sdk-health	1.11.311	-	458a3e806d0483a1395a535530bcb3818a49dea7
com.amazonaws	aws-java-sdk-health	1.11.312	-	5a1669f123214081281f15d1c97cf46860aa5e99
com.amazonaws	aws-java-sdk-health	1.11.313	-	c6b535b4dcd9dd21177fd65c7b372c0b70f33696
com.amazonaws	aws-java-sdk-health	1.11.314	-	83b2d028954b5bb02a6bea42f27d501f8a5a520d
com.amazonaws	aws-java-sdk-health	1.11.315	-	4b517fa751b9ff2e840db72d5bd25b1c86b863b5
com.amazonaws	aws-java-sdk-health	1.11.316	-	f5b01eb6748e22a029db57a1bd3f4a7c99830399
com.amazonaws	aws-java-sdk-health	1.11.317	-	6135568cb8e63aa6f9e7c8dc785badf6ccfc94a2
com.amazonaws	aws-java-sdk-health	1.11.318	-	138764cd8fc8f381240e50888a1ccf1f277cc426
com.amazonaws	aws-java-sdk-health	1.11.319	-	d19faf31a6516126f4c34356b8c80915054bdc66
com.amazonaws	aws-java-sdk-health	1.11.320	-	30be661eebe25c93d00a8b9c34d82cf965abce88
com.amazonaws	aws-java-sdk-health	1.11.321	-	0672ce2f4dfa51f33eda8002ce605f578bd7188a
com.amazonaws	aws-java-sdk-health	1.11.322	-	bc9bb54201962e0d248058beb4d8a3a0028ea362
com.amazonaws	aws-java-sdk-health	1.11.323	-	7c5e79f3b758907a103fc6164a9f2ef011596e2b
com.amazonaws	aws-java-sdk-health	1.11.324	-	ba58fb88602092e8f56eecfe9653b8808754b284
com.amazonaws	aws-java-sdk-health	1.11.325	-	bfc5dd63db0f67158e498204a08998381afb8e44
com.amazonaws	aws-java-sdk-health	1.11.326	-	abef23cc1786d98a824029ec882f0c36e0701787
com.amazonaws	aws-java-sdk-health	1.11.327	-	8f41d07780d851b3215eb728ec20c74bb8031d01
com.amazonaws	aws-java-sdk-health	1.11.328	-	ba0b28f7a16dda26e0687c8464b6a51d5b3a67d7
com.amazonaws	aws-java-sdk-health	1.11.329	-	ce34164c1f84e94b7c9b1baac363c7fdcf04afaa
com.amazonaws	aws-java-sdk-health	1.11.330	-	849149869393423b47a7fb344ce01723a840ecd4
com.amazonaws	aws-java-sdk-health	1.11.331	-	7a14549edbc1d58d1233c34d9489b1e4e6a73e5d
com.amazonaws	aws-java-sdk-health	1.11.332	-	a0e086a4882c8cef607970639cdb0b8c14a10aff
com.amazonaws	aws-java-sdk-health	1.11.333	-	6283683d603a254c918c73752328a224171d5b2a
com.amazonaws	aws-java-sdk-health	1.11.334	-	2e7c13bb0af2c4c034988c4d6c70bfa53425823e
com.amazonaws	aws-java-sdk-health	1.11.335	-	6fb0c451aff17e3c0097d104171f202fece5aa3d
com.amazonaws	aws-java-sdk-health	1.11.336	-	c0f86e3e7bb8c5f3b1369c7444b462c3d1a8ed06
com.amazonaws	aws-java-sdk-health	1.11.337	-	0eaaad735d4a580b6b6e0a7bda902f265cc6cd8f
com.amazonaws	aws-java-sdk-health	1.11.338	-	786b28051243cd6cf5853f6657136c533671cb7d
com.amazonaws	aws-java-sdk-health	1.11.339	-	f9e3212084e230a55f6c6a00ca8046b6975f8345
com.amazonaws	aws-java-sdk-health	1.11.340	-	ee2e6a9da66de82fedf2e43799d0448d795915f7
com.amazonaws	aws-java-sdk-health	1.11.341	-	f50a170106d3161121efce46a80d0c1a19dbfb0b
com.amazonaws	aws-java-sdk-health	1.11.342	-	d45ca57d5f7f8f3be24bf0e13f138d136e71c5ea
com.amazonaws	aws-java-sdk-health	1.11.343	-	0f8deb588db8cee4316886edc6a651b16b447189
com.amazonaws	aws-java-sdk-health	1.11.344	-	1828d603a33bcdb951c6766ba3f516bdee3d9518
com.amazonaws	aws-java-sdk-health	1.11.345	-	b2cc89e813cb7058119497781615387b1408e3a1
com.amazonaws	aws-java-sdk-health	1.11.346	-	d2d91f7b138c4034862ea57e090dee8d426a89bb
com.amazonaws	aws-java-sdk-health	1.11.347	-	557d36fb9f479b6637d481a280a3affee4929b97
com.amazonaws	aws-java-sdk-health	1.11.348	-	bc997d9d656414312037e8fa354e5e6bc82edf61
com.amazonaws	aws-java-sdk-health	1.11.349	-	c71a09f97faa689b8cd7b5d5930a5d6d729505b0
com.amazonaws	aws-java-sdk-health	1.11.350	-	a365493b975d4ddb6f6a0bdd28f42980b8c8fb60
com.amazonaws	aws-java-sdk-health	1.11.351	-	1ee8ec2fccd9de76ece3da3ade110dcf836fb7f5
com.amazonaws	aws-java-sdk-health	1.11.352	-	e6b057b88b7ac9d1dc46fa560fd71ae1192ba90e
com.amazonaws	aws-java-sdk-health	1.11.353	-	876efdd9466edda31c72f3db7d51a5e40230b0c7
com.amazonaws	aws-java-sdk-health	1.11.354	-	d1f44a54a61a891936a76cb7718f8dd455125c46
com.amazonaws	aws-java-sdk-health	1.11.355	-	74014644f3bac38b55ae6a4745195d837c6cfd1d
com.amazonaws	aws-java-sdk-health	1.11.356	-	9d42dd0e54ee6897529fe5777540fbfbc3221c96
com.amazonaws	aws-java-sdk-health	1.11.357	-	1a9ac652596bb1403f7c1518a7964f314b946158
com.amazonaws	aws-java-sdk-health	1.11.358	-	e28e14a4e0aaeaa1444dc4901582cb20ebe23b42
com.amazonaws	aws-java-sdk-health	1.11.359	-	ebafb733de776cd261d551e3a2befed222bfd8cf
com.amazonaws	aws-java-sdk-health	1.11.360	-	a5ef86d9ddfe68233c83112a51866092a4d44148
com.amazonaws	aws-java-sdk-health	1.11.361	-	5f551fdecb559aef8b36d4136e212d84484c800b
com.amazonaws	aws-java-sdk-health	1.11.362	-	d49409d5f7954a16f961f20a9f595927038b6e6d
com.amazonaws	aws-java-sdk-health	1.11.363	-	6d1f7ce4a460d0bb40431b62cd54e12add5e50ee
com.amazonaws	aws-java-sdk-health	1.11.364	-	0cb334cf26c2cb32288fe925ddc0dfbe05effa28
com.amazonaws	aws-java-sdk-health	1.11.365	-	d0f923358f5429a567f9d13d555c70e26671a70e
com.amazonaws	aws-java-sdk-health	1.11.366	-	7463447639934dfeec7b78c98a6e0599fd1104e7
com.amazonaws	aws-java-sdk-health	1.11.367	-	6d228ba3631acaa23722a4e740dde14076273377
com.amazonaws	aws-java-sdk-health	1.11.368	-	bd5acfc85c3e82eae01237196256afad25881814
com.amazonaws	aws-java-sdk-health	1.11.369	-	3c982936d8ac00b39d603b0b4cde381e732d3397
com.amazonaws	aws-java-sdk-health	1.11.370	-	758d255f2d007cbc2d902631657d206584d56343
com.amazonaws	aws-java-sdk-health	1.11.371	-	29ab1de07ff0514d7b9bae90e47f6f024b1a6b83
com.amazonaws	aws-java-sdk-health	1.11.372	-	1a17718c9e635539c2991462da023e452e315262
com.amazonaws	aws-java-sdk-health	1.11.373	-	84118072db35bd7c807306285b0a34a24048128a
com.amazonaws	aws-java-sdk-health	1.11.374	-	3843311e1d69ead3283d1657237d9bd4bd15e8d0
com.amazonaws	aws-java-sdk-health	1.11.375	-	e3c60c1e695fbed3a44773f91e69518318a4b70b
com.amazonaws	aws-java-sdk-health	1.11.376	-	11ee1aabd712eaa3568ce6bddf43913640ce8533
com.amazonaws	aws-java-sdk-health	1.11.377	-	4fa4e18c7cca90e68dc424edf8eef39da4653562
com.amazonaws	aws-java-sdk-health	1.11.378	-	84506c8ae68a9d5e7c462e192188aa9c890b1839
com.amazonaws	aws-java-sdk-health	1.11.379	-	092efc541f06e93c2dfafd5ad1fb7cbb0d8c40db
com.amazonaws	aws-java-sdk-health	1.11.380	-	871efb2f00989b014706204bca8d8b2a0264f869
com.amazonaws	aws-java-sdk-health	1.11.381	-	8d13d0c00567321c8057910bf10864d3795eb260
com.amazonaws	aws-java-sdk-health	1.11.382	-	830ec8aa45c89fbfb15b1d312ea472d1e58bf080
com.amazonaws	aws-java-sdk-health	1.11.383	-	09d99b84a2c1b5471271e3a94ef5e153d65b80c0
com.amazonaws	aws-java-sdk-health	1.11.384	-	486eb09aecbb4470aadc3974ca2a15d71fefff4c
com.amazonaws	aws-java-sdk-health	1.11.385	-	927ea99e2064c0b990d67e08fb17a58bf1ea19af
com.amazonaws	aws-java-sdk-health	1.11.386	-	b9e0c79f4eb616f4acf93679bec0efcc68f7a6c2
com.amazonaws	aws-java-sdk-health	1.11.387	-	21841f010064e7ea51753bb4d05b36eff0fcc253
com.amazonaws	aws-java-sdk-health	1.11.388	-	0da3f8a50bb730ef689a119b3feedd7e7b47e22b
com.amazonaws	aws-java-sdk-health	1.11.389	-	f1f18cb162ba922df7f58e8e7eb427892030c779
com.amazonaws	aws-java-sdk-health	1.11.390	-	9f770354888ceb21cd694d2f9699d3dfc052d833
com.amazonaws	aws-java-sdk-health	1.11.391	-	ccbded24633548b9fd914f3935bce50b8d46a805
com.amazonaws	aws-java-sdk-health	1.11.392	-	02c4ea119222a7661c466cc21a30608b77333dcc
com.amazonaws	aws-java-sdk-health	1.11.393	-	550b8a6009efefc0255f600ec7dca88f32974758
com.amazonaws	aws-java-sdk-health	1.11.394	-	6a1fb64064ed692b8dcd2c3ea5d6669ba5400358
com.amazonaws	aws-java-sdk-health	1.11.395	-	d90f75118430467e9a41f044b628c8a77d1ca6bd
com.amazonaws	aws-java-sdk-health	1.11.396	-	7bb247f329ed4280302c9ad4a55c1e381f1b890d
com.amazonaws	aws-java-sdk-health	1.11.397	-	94be1e7ebe351c7f2c82ac3338052397c8eedef0
com.amazonaws	aws-java-sdk-health	1.11.398	-	6727871414babe19df562b9858f2191ec923d577
com.amazonaws	aws-java-sdk-health	1.11.399	-	04798ca8456e270f72243ef0f31a9d0b27fbcc02
com.amazonaws	aws-java-sdk-health	1.11.400	-	34d151904335332e32df3b81929688d421c0a0bb
com.amazonaws	aws-java-sdk-health	1.11.401	-	73fcf4e9900ff274876c865a02f2a1a4681aa436
com.amazonaws	aws-java-sdk-health	1.11.402	-	b747ca0cebc1c32680ed16010010ebf0ae92c723
com.amazonaws	aws-java-sdk-health	1.11.403	-	398abaf83d2e5e452423e470252261e3aff0a4bd
com.amazonaws	aws-java-sdk-health	1.11.404	-	1fd61b8e20d165c727aa8d5e4ee4723f30d87306
com.amazonaws	aws-java-sdk-health	1.11.405	-	3bd5e7fb2dbfef10a881e18405f127d71194fb0f
com.amazonaws	aws-java-sdk-health	1.11.406	-	3bb04a71c5678f1eb7901e2a59930ee16f43123c
com.amazonaws	aws-java-sdk-health	1.11.407	-	96c8230fa54c5b75ffb4cc8d8838cf1107ccabc7
com.amazonaws	aws-java-sdk-health	1.11.408	-	2c0d8270bac3da1dc8dba9dce008996d48253f22
com.amazonaws	aws-java-sdk-health	1.11.409	-	dff88675bc89c90e0b8b0a93ba0c7e30a573b538
com.amazonaws	aws-java-sdk-health	1.11.410	-	7d2a1aa03f4dbde21934491dedd609748121f032
com.amazonaws	aws-java-sdk-health	1.11.411	-	f2c118bef61ed74770eca16134752fbad3637ea5
com.amazonaws	aws-java-sdk-health	1.11.412	-	8234d6a6e604c83942dceaf5b6216c4886a22dbf
com.amazonaws	aws-java-sdk-health	1.11.413	-	3c94144530ebd1e3b0ee19a2348ff546b40f103c
com.amazonaws	aws-java-sdk-health	1.11.414	-	42f382df04f91a6dced6057afad4c90b9d6de398
com.amazonaws	aws-java-sdk-health	1.11.415	-	579668d8a83ae52fda8f866c63264a450137ca51
com.amazonaws	aws-java-sdk-health	1.11.416	-	ac097d267732fbc56f8e6ee01ba521ef7292cc86
com.amazonaws	aws-java-sdk-health	1.11.417	-	ed6c80cace8b8525a38fc71c5c84e34d1f3c46a2
com.amazonaws	aws-java-sdk-health	1.11.418	-	092bc966353554afced1164d757e03349175e590
com.amazonaws	aws-java-sdk-health	1.11.419	-	b36496ebb3962c315a1c514155c3afd35111aea7
com.amazonaws	aws-java-sdk-health	1.11.420	-	270d55f7693cf3b9941d173fab89ddc00d6825aa
com.amazonaws	aws-java-sdk-health	1.11.421	-	8611a5b37f8acbadde7fedad15bbefa00c3de9cb
com.amazonaws	aws-java-sdk-health	1.11.422	-	2d87f92d66e12fb61b601eb8db658faad99d5da8
com.amazonaws	aws-java-sdk-health	1.11.423	-	efb367a2c518b85dac225d0f0a4b6df55dd42d8f
com.amazonaws	aws-java-sdk-health	1.11.424	-	ec3c99b74c7340308bc4d0654436f4f248577a79
com.amazonaws	aws-java-sdk-health	1.11.425	-	40ffff30b1b2bdfe3f1fa8e3df35d5c086824196
com.amazonaws	aws-java-sdk-health	1.11.426	-	b15b5dc53d9133b15bc03ec78536217615feade8
com.amazonaws	aws-java-sdk-health	1.11.427	-	6e714b68c3503be77965fb81f5044533240e2c88
com.amazonaws	aws-java-sdk-health	1.11.428	-	24ce10d9146b901c26f800719268a833648ab21a
com.amazonaws	aws-java-sdk-health	1.11.429	-	e87246fb6db8eb2f618cd2cbecfc5f18427e9bb7
com.amazonaws	aws-java-sdk-health	1.11.430	-	fd51d81d044348c31322a9e5f6d7b18a3e5c5190
com.amazonaws	aws-java-sdk-health	1.11.431	-	a6b32360be98fe46e6f32707b76f5ad237b8a432
com.amazonaws	aws-java-sdk-health	1.11.432	-	9d5f4075c7589db9e15f67bc553e09ce98fc1f1f
com.amazonaws	aws-java-sdk-health	1.11.433	-	c21281c6935eeddc8b700336ae74e60fa8ca17b8
com.amazonaws	aws-java-sdk-health	1.11.434	-	4cc96d58a1844a815c5c07b87cbb0ac899353fed
com.amazonaws	aws-java-sdk-health	1.11.435	-	e037220aa69b2dff83a2cae7817072190637ec23
com.amazonaws	aws-java-sdk-health	1.11.436	-	a7427828859fb2e97c9781425a9751379e399bf9
com.amazonaws	aws-java-sdk-health	1.11.437	-	117ab5da816e88d29625a94e63e500907f4241d2
com.amazonaws	aws-java-sdk-health	1.11.438	-	9578623d4005d49c85733b640033689542347394
com.amazonaws	aws-java-sdk-health	1.11.439	-	3cb2ca4a9a687d3060314037621137d387becc72
com.amazonaws	aws-java-sdk-health	1.11.440	-	1ab2a3e5ec7203e220921eb23181cb8afe1192d8
com.amazonaws	aws-java-sdk-health	1.11.441	-	eca93c442e06960504f1a54d53516aa03138010c
com.amazonaws	aws-java-sdk-health	1.11.442	-	38ec50a98f9ce72ff3ce3cab537251055af41480
com.amazonaws	aws-java-sdk-health	1.11.443	-	eda8be01ade6c37523d681d9f511b5f739824bb1
com.amazonaws	aws-java-sdk-health	1.11.444	-	2abe2ec4d4519327fa08afcc7a1f640fcfe04a69
com.amazonaws	aws-java-sdk-health	1.11.445	-	1a6ff3246132ba5507adafc170e41d37c781c97d
com.amazonaws	aws-java-sdk-health	1.11.446	-	480bfbf0d752ddfcae6e693f9a75e9b884d430c6
com.amazonaws	aws-java-sdk-health	1.11.447	-	5c466a49c1e7156cbf1aa8b77861fb721657e4ca
com.amazonaws	aws-java-sdk-health	1.11.448	-	9904bdfb39e26e36308424f4b7dd0d175a6f7e85
com.amazonaws	aws-java-sdk-health	1.11.449	-	1ca3d656df49a19f67ec5b2d37f150cea500e42b
com.amazonaws	aws-java-sdk-health	1.11.450	-	29da24ffeff0a79da4349db8a40da1a98a10b442
com.amazonaws	aws-java-sdk-health	1.11.451	-	cefe24364fdb801caa96f59ceefaa45409f8593a
com.amazonaws	aws-java-sdk-health	1.11.452	-	0d951de35d1310480b211beabdb6d9369c674b0c
com.amazonaws	aws-java-sdk-health	1.11.453	-	3ba58801ed996abb6b42656a97306d206d040333
com.amazonaws	aws-java-sdk-health	1.11.454	-	c5b06dfa1b8c18670612e729fb6eebdb625a0ea5
com.amazonaws	aws-java-sdk-health	1.11.455	-	0293c5926d54260e74f1d0fef64f0b69bdf35a5c
com.amazonaws	aws-java-sdk-health	1.11.456	-	873cc8c426f527b04ad62c3b3c20c0caeeabca2d
com.amazonaws	aws-java-sdk-health	1.11.457	-	b4bbc7eeef2f24422e4b97f3581b501757744cf9
com.amazonaws	aws-java-sdk-health	1.11.458	-	2f6f1e15cc08032013fd7147b3d8e57caaf18abf
com.amazonaws	aws-java-sdk-health	1.11.459	-	f1ea135909ff32e044d9d46288637f508e2fd7d1
com.amazonaws	aws-java-sdk-health	1.11.460	-	10cd0d6c2245ff3bb8f662d54f8358c41ae85eab
com.amazonaws	aws-java-sdk-health	1.11.461	-	5bd0a5e33452d1fbb07bd92be9ceb8220b9ccb95
com.amazonaws	aws-java-sdk-health	1.11.462	-	a295bf86dbb8afdd0e872c104c8dffd3334671a6
com.amazonaws	aws-java-sdk-health	1.11.463	-	db50e64d6a1ee1f6259e505a3eca3c877a21d50c
com.amazonaws	aws-java-sdk-health	1.11.464	-	21b488fbb7b6731c19c30d84eb69d87475d4f631
com.amazonaws	aws-java-sdk-health	1.11.465	-	d8431df44183845b81ba835fb422a8cef8ce662e
com.amazonaws	aws-java-sdk-health	1.11.466	-	4b1032edb2e298a8bef2d3d6bcab23fdecb77ce1
com.amazonaws	aws-java-sdk-health	1.11.467	-	42ae2b0f27e492005f0677dbc85c9fad90b30538
com.amazonaws	aws-java-sdk-health	1.11.468	-	08e8c19b6d10c635cc602b1a6021738a8196fcae
com.amazonaws	aws-java-sdk-health	1.11.469	-	3a41b71a143dc31496f1bd26387d34ddc93517b7
com.amazonaws	aws-java-sdk-health	1.11.470	-	ca1ceac8a3d5f9ce9c62adce2a4fa203a17a2e54
com.amazonaws	aws-java-sdk-health	1.11.471	-	b775e9ec52d56f6dbea35422e5097ff7a753f4f4
com.amazonaws	aws-java-sdk-health	1.11.472	-	45ef35b0838123b8b1f6e65c272490e3e4c72801
com.amazonaws	aws-java-sdk-health	1.11.473	-	efb2a1d350468a7af76f0d01e863cfa4fa3348e9
com.amazonaws	aws-java-sdk-health	1.11.474	-	3f68eea2ff2e89558a79d9e377dbe0e22e1f95b9
com.amazonaws	aws-java-sdk-health	1.11.475	-	a3b647f319af716227c876e2cf25178cc3422326
com.amazonaws	aws-java-sdk-health	1.11.476	-	873c674e0b5588a93658c0075a4573c6b8e1bade
com.amazonaws	aws-java-sdk-health	1.11.477	-	0a1864e9d3886975ffc8446b40de01f82ffcf0aa
com.amazonaws	aws-java-sdk-health	1.11.478	-	a814a3061cfd05e6fc56c014225bbf0e06d763e3
com.amazonaws	aws-java-sdk-health	1.11.479	-	82e57793e3e5f11f4e254d61335e834f619793d6
com.amazonaws	aws-java-sdk-health	1.11.480	-	06cdbd7a64528943cb0c20f2a6c1af04e19c5032
com.amazonaws	aws-java-sdk-health	1.11.481	-	a80fb6883a1a8edf87b24f873fa9615e0668b67b
com.amazonaws	aws-java-sdk-health	1.11.482	-	b6714700ed86a915c9e28ca421038f82daaffd35
com.amazonaws	aws-java-sdk-health	1.11.483	-	17ffa0a057295a4b8404774eb66c04d08179f7fc
com.amazonaws	aws-java-sdk-health	1.11.484	-	10f0acd59de8933cdc534d16d97b890b91ec9113
com.amazonaws	aws-java-sdk-health	1.11.485	-	387a17221b2d85d25395e7b90b1968c50295e603
com.amazonaws	aws-java-sdk-health	1.11.486	-	c0c4703bbaae209c6112ffe5499abf885c4ce531
com.amazonaws	aws-java-sdk-health	1.11.487	-	068279e2ce364b2b14a4e3d26f46b47ec100d77e
com.amazonaws	aws-java-sdk-health	1.11.488	-	70bdea4d2d23320459d4125aaa2bd4ac28f4d369
com.amazonaws	aws-java-sdk-health	1.11.489	-	bb5a9c47fe328b6f03f52e36701a67b7ec5229b8
com.amazonaws	aws-java-sdk-health	1.11.490	-	52e788c62e3f9009095ac1a0d056aa4bcf9f9065
com.amazonaws	aws-java-sdk-health	1.11.491	-	1ccaac159b61f90fd2474cf3ddbabefdfb1d3f8c
com.amazonaws	aws-java-sdk-health	1.11.492	-	7b5f402ec6e016b110af8a993a512e24c386db94
com.amazonaws	aws-java-sdk-health	1.11.493	-	ef79b758e2326ed992c1b1dc05de205ae57543f2
com.amazonaws	aws-java-sdk-health	1.11.494	-	03f662507df71b29f844d35031b5105057537ab2
com.amazonaws	aws-java-sdk-health	1.11.495	-	15bf4b0d694c46ab37d718c564d0173a886ec5c6
com.amazonaws	aws-java-sdk-health	1.11.496	-	9236e4012a4295ef7c06d1ffbb07e31b7549e318
com.amazonaws	aws-java-sdk-health	1.11.497	-	cc0b9d6915cda9784aae1d0d085d164001162efb
com.amazonaws	aws-java-sdk-health	1.11.498	-	6a674905a523c70ba0f5dc2a9f553b24a102f47b
com.amazonaws	aws-java-sdk-health	1.11.499	-	047b217c1be09101e43655e9ef6bfba573f60092
com.amazonaws	aws-java-sdk-health	1.11.500	-	24fd335bfddca0f82f463880d4e9367dfef0ba45
com.amazonaws	aws-java-sdk-health	1.11.501	-	e276519aa9ec4fa1441472fcd43c251c93bca29c
com.amazonaws	aws-java-sdk-health	1.11.502	-	67bd19017374662156216c49e31063054e2b2bd1
com.amazonaws	aws-java-sdk-health	1.11.503	-	754ac0b24799c2685792215b21c7b18d3f8bcd0a
com.amazonaws	aws-java-sdk-health	1.11.504	-	368df792c586a790106e67c48310de9c9ce29146
com.amazonaws	aws-java-sdk-health	1.11.505	-	671254e0afda04ad6d8a7798f794aa77457e419e
com.amazonaws	aws-java-sdk-health	1.11.506	-	c6ce453d1eb4bfcfd4875270d6d995213bc8897a
com.amazonaws	aws-java-sdk-health	1.11.507	-	ed033f3fbcc5d9bf68d965ac166712acebabab40
com.amazonaws	aws-java-sdk-health	1.11.508	-	3d18a506863891bd4f55d4916eca17c5373b07f6
com.amazonaws	aws-java-sdk-health	1.11.509	-	a7ef82dcaabf5ffa57c681ab2c03b4445a6d71b3
com.amazonaws	aws-java-sdk-health	1.11.510	-	13c35340ce8e6f0287130a870b1c7d7e349f2d7a
com.amazonaws	aws-java-sdk-health	1.11.511	-	78ddec6f5836d5c6704ec06e9ca746ed0d986060
com.amazonaws	aws-java-sdk-health	1.11.512	-	9deb8216f5bb85ce8019b21e976296a13f64705b
com.amazonaws	aws-java-sdk-health	1.11.513	-	a00d0e8b760828639e1f35e43f4d2d578e7a8b42
com.amazonaws	aws-java-sdk-health	1.11.514	-	c5f683b66c2eba512b1d0f5bed18cb8fc2b531dd
com.amazonaws	aws-java-sdk-health	1.11.515	-	d66805fb4c693b8adf9d2c7729f424b035ac24e7
com.amazonaws	aws-java-sdk-health	1.11.516	-	dc033fb6dd437e6aeee978f139b991d7374bd325
com.amazonaws	aws-java-sdk-health	1.11.517	-	4eaa7b1de60a762d8ccfb7051ed40c1a41f5a7e7
com.amazonaws	aws-java-sdk-health	1.11.518	-	04cfbcf4a529bbd6115139489a1269ca4122efef
com.amazonaws	aws-java-sdk-health	1.11.519	-	a54774f94898dd89352762996cac3499a3c4cb7f
com.amazonaws	aws-java-sdk-health	1.11.520	-	87a8cc32ce0ef26e65bafa51db5fe7652f682c56
com.amazonaws	aws-java-sdk-health	1.11.521	-	ea55eee4f924e18c8407d1440820527fb0784621
com.amazonaws	aws-java-sdk-health	1.11.522	-	b572d6b37d0d5f0445625b68370c4624d6d8d601
com.amazonaws	aws-java-sdk-health	1.11.523	-	07896be31aae106ac023e10b8b539385c7960978
com.amazonaws	aws-java-sdk-health	1.11.524	-	9ee788abd18ace78ba5077e13868332242c5771f
com.amazonaws	aws-java-sdk-health	1.11.525	-	df17c4d1829ed3e1f6f7d9895cf0b3e5addb047c
com.amazonaws	aws-java-sdk-health	1.11.526	-	0e2e617fd12f815c3b30465c26e87e9ef56f6633
com.amazonaws	aws-java-sdk-health	1.11.527	-	2c19be53e6d3cd386c7f84513b308410c0ac203d
com.amazonaws	aws-java-sdk-health	1.11.528	-	0d0bc33959edae2d32e689d47687e810cc7e0cbb
com.amazonaws	aws-java-sdk-health	1.11.529	-	ed9ee989e7792231c04f8638219e48b91be02686
com.amazonaws	aws-java-sdk-health	1.11.530	-	3da7863fae86390b301320694a2cceb36257168e
com.amazonaws	aws-java-sdk-health	1.11.531	-	60f082957124b8b4cbda046ae8fa7fce1d661161
com.amazonaws	aws-java-sdk-health	1.11.532	-	0876211771b48f217ad0a948ebc2feae9fabcb4e
com.amazonaws	aws-java-sdk-health	1.11.533	-	823421b8da012ac8ba678f1b0b2f6fd4783d0528
com.amazonaws	aws-java-sdk-health	1.11.534	-	c661199cdb036340e53e3f514602035278666c21
com.amazonaws	aws-java-sdk-health	1.11.535	-	0a16083963d655b9170e927943c21d310fd36668
com.amazonaws	aws-java-sdk-health	1.11.536	-	967835608df5004fed0a0c43bbf41585996def87
com.amazonaws	aws-java-sdk-health	1.11.537	-	6e061620d98462da32bc733031948cebaba67ec6
com.amazonaws	aws-java-sdk-health	1.11.538	-	c7882a13a0f7e0b01ab3a2044f34f68a14fb8330
com.amazonaws	aws-java-sdk-health	1.11.539	-	fb9c7af00bd586814565aeeeb83a7e7e81000c02
com.amazonaws	aws-java-sdk-health	1.11.540	-	b690dbbb719641cb886c55b0c21b11a062411c0b
com.amazonaws	aws-java-sdk-health	1.11.541	-	7430d3ef9157c38873a3f9f2dda19e74ad5ed18a
com.amazonaws	aws-java-sdk-health	1.11.542	-	ac180bd5591b18908f202937af1ff158c9e9d374
com.amazonaws	aws-java-sdk-health	1.11.543	-	3d32a8856aef351d0d736392e70c857f372649e6
com.amazonaws	aws-java-sdk-health	1.11.544	-	326afba405d98c52a6d1363a75ab7a6d7a4c967a
com.amazonaws	aws-java-sdk-health	1.11.545	-	b738a2517a31a2013c1e838e9cb10fe5c27174bb
com.amazonaws	aws-java-sdk-health	1.11.546	-	bef5b3c131030628cbcd8a7fc1252efed4e2eb35
com.amazonaws	aws-java-sdk-health	1.11.547	-	c7753b84f1a358442f9491573d8e91e28223ca34
com.amazonaws	aws-java-sdk-health	1.11.548	-	e3efcadc82b0dc58291bf4c186fedd8c16354ad0
com.amazonaws	aws-java-sdk-health	1.11.549	-	4c30dca9582dde736a09dc03a9c791956c000dd0
com.amazonaws	aws-java-sdk-health	1.11.550	-	1bb67c450fb7dd11e6f7b0a5c2884aa520b8ebe1
com.amazonaws	aws-java-sdk-health	1.11.551	-	df637a16d2ca6c9155641a8d3000c5bb3abdb00d
com.amazonaws	aws-java-sdk-health	1.11.552	-	9e202237dd40590b1afba2418af69dd22d1abe5d
com.amazonaws	aws-java-sdk-health	1.11.553	-	a02c12da568181017277948c58715dfd0cad8d93
com.amazonaws	aws-java-sdk-health	1.11.554	-	c44408b79533b0c5057206af73d8dc1165e1a162
com.amazonaws	aws-java-sdk-health	1.11.555	-	ef646b31dc27ea51c63dc3f1d3c220ecc5b5a803
com.amazonaws	aws-java-sdk-health	1.11.556	-	014157421a567927fb7484ce53f68b6ad325cbc4
com.amazonaws	aws-java-sdk-health	1.11.557	-	47e2a5990f23f626dac1c65e1b1405ea2902b595
com.amazonaws	aws-java-sdk-health	1.11.558	-	fc658115fbdd1c839ffe215d89f6aa270e202abe
com.amazonaws	aws-java-sdk-health	1.11.559	-	8735e7a15511badbf5b8b2e2b0a48bfe691891b2
com.amazonaws	aws-java-sdk-health	1.11.560	-	7c9668150cf53888658a3238506237c7c143b2a0
com.amazonaws	aws-java-sdk-health	1.11.561	-	0d7bd7d3ee2e64be580788da4f06eb901e53d842
com.amazonaws	aws-java-sdk-health	1.11.562	-	fd218b83b0d9cb0e31dd32f9cd3e5d59a93627b7
com.amazonaws	aws-java-sdk-health	1.11.563	-	3df4ac4f7137ae9f01acd7fbf507ab762e859c65
com.amazonaws	aws-java-sdk-health	1.11.564	-	080ac830b3e3034f3f323a5719759f4c59028b1d
com.amazonaws	aws-java-sdk-health	1.11.565	-	a8ed891fbd552995e63f912b604630383e87d9fa
com.amazonaws	aws-java-sdk-health	1.11.566	-	7bc9fcf4706c45a570ad51e42af999f739ab339c
com.amazonaws	aws-java-sdk-health	1.11.567	-	87247c8cfcf847a41527324ceff9432bc15bb581
com.amazonaws	aws-java-sdk-health	1.11.568	-	0464a41b945201a89d305389a372bec028aa6825
com.amazonaws	aws-java-sdk-health	1.11.569	-	4fd66cc546da2150514242996fd3509582171518
com.amazonaws	aws-java-sdk-health	1.11.570	-	9e9012d54527ebd33bfb68352531f320b397d048
com.amazonaws	aws-java-sdk-health	1.11.571	-	3e38131e75d0c1ed82d7ff89194b4e62714a5ab7
com.amazonaws	aws-java-sdk-health	1.11.572	-	0d8481e5fee44a3d9f5c765a1cd0ea66f34c4e64
com.amazonaws	aws-java-sdk-health	1.11.573	-	ce089d31d3009e51000e2827d440780aaef22d38
com.amazonaws	aws-java-sdk-health	1.11.574	-	a5be18391a9edc32a79b295597ac27dd2f87d518
com.amazonaws	aws-java-sdk-health	1.11.575	-	9f0f1a44e33c8f8912675eb72fdeb05610477d32
com.amazonaws	aws-java-sdk-health	1.11.576	-	99e7d403a5bad49b4ecb884c163f820c48399180
com.amazonaws	aws-java-sdk-health	1.11.577	-	10c62912ae6203929bcc9ed4b43803e5266955b6
com.amazonaws	aws-java-sdk-health	1.11.578	-	b0f1ad5ee44f1c9908388da876355de24be08501
com.amazonaws	aws-java-sdk-health	1.11.579	-	2bab19eb24c4041280ea452c6be49c542ca3b8cf
com.amazonaws	aws-java-sdk-health	1.11.580	-	352dbf033ef421e93bae366156241fb506bbd84d
com.amazonaws	aws-java-sdk-health	1.11.581	-	b8c99b5a4dfc032097bdde29b1813ebad65a373c
com.amazonaws	aws-java-sdk-health	1.11.582	-	90b8cbd3a35460b95a69c83f4d398541e1e54d75
com.amazonaws	aws-java-sdk-health	1.11.583	-	9611e1963f0957383b9b36b526d77dbdd5e16bb4
com.amazonaws	aws-java-sdk-health	1.11.584	-	c3bc0cf0d5ffea1e69d1bc6a3d581557b9ae2d5e
com.amazonaws	aws-java-sdk-health	1.11.585	-	96cc22843f9ee76fe1650bdb2ad8f69a176b2fd5
com.amazonaws	aws-java-sdk-health	1.11.586	-	0fa0ab7ec9267c5a65bc337e92a576799ab36023
com.amazonaws	aws-java-sdk-health	1.11.587	-	ff42e02a0a0c7f2add63327d7785b65853306f7f
com.amazonaws	aws-java-sdk-health	1.11.588	-	97b74f4b61fedfe73cd7dca4d20ef107e5e73c56
com.amazonaws	aws-java-sdk-health	1.11.589	-	919a33c5f7257727e9b9e6b11b73c015e0f7cc32
com.amazonaws	aws-java-sdk-health	1.11.590	-	012801129c15a4513bffc8ea148d3f3eff47cf6c
com.amazonaws	aws-java-sdk-health	1.11.591	-	988c855f679e266efcae127c0a9106b207e12529
com.amazonaws	aws-java-sdk-health	1.11.592	-	dbcc90a9c39d2a3c9f13edd6d929e41605112d3c
com.amazonaws	aws-java-sdk-health	1.11.593	-	d569ef08cd61bc35de5908495227b40ec1d9c2e7
com.amazonaws	aws-java-sdk-health	1.11.594	-	003882b54a0f2a4ea7ef5b8ef09bb7b1eb35bf73
com.amazonaws	aws-java-sdk-health	1.11.595	-	6ed2d3c8e2ac3d82fce7c80f0eae145d1ff39c5d
com.amazonaws	aws-java-sdk-health	1.11.596	-	83ae680701d4b6cca1747da5ac455fbd3cc3f657
com.amazonaws	aws-java-sdk-health	1.11.597	-	847674947f06da603f1517df76cbea4c609d871c
com.amazonaws	aws-java-sdk-health	1.11.598	-	c02b1aadec8cf75b2cb81084ab48fe5e880ef4de
com.amazonaws	aws-java-sdk-health	1.11.599	-	e5c7e510fcaf36892818074d2d0be97e0a6fee47
com.amazonaws	aws-java-sdk-health	1.11.600	-	95eb6d78c061f570dd8eb43b4ac3f226145888f3
com.amazonaws	aws-java-sdk-health	1.11.601	-	df7cd2813d6a50a84ff2886a5fbcdcede4e83cde
com.amazonaws	aws-java-sdk-health	1.11.602	-	4ecd705595e6c2c8cd15c018502b50000e9a9a30
com.amazonaws	aws-java-sdk-health	1.11.603	-	6b3c58ddc3dca516cd1e713df7a937012b1a1081
com.amazonaws	aws-java-sdk-health	1.11.604	-	de4539747192c602b8c1016a0fd75339f6699643
com.amazonaws	aws-java-sdk-health	1.11.605	-	72c158a64859104207f39e20372a426908cec72c
com.amazonaws	aws-java-sdk-health	1.11.606	-	81e282570825b8311a4d4a6f0ff025d0fac7308e
com.amazonaws	aws-java-sdk-health	1.11.607	-	f6de80732598fafead45d8d5bc235e7deaca1af1
com.amazonaws	aws-java-sdk-health	1.11.608	-	b67f3f0b44508f722682b9d19f8da7373ae8aa70
com.amazonaws	aws-java-sdk-health	1.11.609	-	3c9ebe803b1561d8c0c68dae1c12d398d7230418
com.amazonaws	aws-java-sdk-health	1.11.610	-	096ffa058bccff084e45e29922d2e5c33974476e
com.amazonaws	aws-java-sdk-health	1.11.611	-	325c1715502a1d0456bee8f8f13512c4de0977b4
com.amazonaws	aws-java-sdk-health	1.11.612	-	20657c4a0226f1931b7a4d8157f0bb274542166f
com.amazonaws	aws-java-sdk-health	1.11.613	-	a2bf63febfd10f7212ca10bf5f79aed290cdedce
com.amazonaws	aws-java-sdk-health	1.11.614	-	b13a75365327ceb142d1a8e93caefd14eb0b6f1a
com.amazonaws	aws-java-sdk-health	1.11.615	-	efc46153e3f11695496c88d649282453d61d22ce
com.amazonaws	aws-java-sdk-health	1.11.616	-	1911b95e6c2fd00cc7bffa91b79da6c526048e71
com.amazonaws	aws-java-sdk-health	1.11.617	-	0352cb9dae18a297cf2fb297debb24333aae63a1
com.amazonaws	aws-java-sdk-health	1.11.618	-	4e0616ce91f5b5134c4303ba645c08d2887a3421
com.amazonaws	aws-java-sdk-health	1.11.619	-	8500b838ed69f8cf5084262b4c493918b0b22a9c
com.amazonaws	aws-java-sdk-health	1.11.620	-	80f5181738b171b02fa53a4ec978ec9bc7445b5f
com.amazonaws	aws-java-sdk-health	1.11.621	-	f08fd436fd091ed8667f44dfa35adfc7b5de73a4
com.amazonaws	aws-java-sdk-health	1.11.622	-	34b57726cc29a63a49b8e47cac3a42ca90c9b760
com.amazonaws	aws-java-sdk-health	1.11.623	-	b1ed60dddb47765ccbd925bb2cdf8eb0f19996f5
com.amazonaws	aws-java-sdk-health	1.11.624	-	64028a29cbf353947101ae3f803d840b21466643
com.amazonaws	aws-java-sdk-health	1.11.625	-	7bd8ea90444f1f5b1f22c1d343adacfce72b8ea9
com.amazonaws	aws-java-sdk-health	1.11.626	-	9c710bc7a50f4bcbd52bbea6f997ab79a90443b8
com.amazonaws	aws-java-sdk-health	1.11.627	-	69c3eea79f73252f94a90f19be10f231e95c10f3
com.amazonaws	aws-java-sdk-health	1.11.628	-	3690c659ac8b2f913a2df82d3fa0b0446105b4f0
com.amazonaws	aws-java-sdk-health	1.11.629	-	a3162613986642aab047c436bfa11f0c5245cb98
com.amazonaws	aws-java-sdk-health	1.11.63	-	3e772ec57cd6febc886769c9cf3bd171b1437626
com.amazonaws	aws-java-sdk-health	1.11.630	-	87b5f0e36e0532832c79960ae3728bedc43a7c54
com.amazonaws	aws-java-sdk-health	1.11.631	-	d7053b44985245229adb8a4f83f3ce0327ecdb2b
com.amazonaws	aws-java-sdk-health	1.11.632	-	7cd030967711ae03dd9608648652250ba4b49310
com.amazonaws	aws-java-sdk-health	1.11.633	-	a60d244c9d04b81c1f95f78044d99b6d8e31a899
com.amazonaws	aws-java-sdk-health	1.11.634	-	7a3bf7af2da08279977adb587fd061b5d2b6aee2
com.amazonaws	aws-java-sdk-health	1.11.635	-	55d05f31b4573a4434ede3bf93c7176c59b75c21
com.amazonaws	aws-java-sdk-health	1.11.636	-	c213b85f4f79b095c9aa4f6a478da94f4beab698
com.amazonaws	aws-java-sdk-health	1.11.637	-	ae04532f259bbd8cceed7898df61caff27483762
com.amazonaws	aws-java-sdk-health	1.11.638	-	d5a58c43b4a662990e2f0347fabd70dd912419de
com.amazonaws	aws-java-sdk-health	1.11.639	-	f6474a33d234a6e1f3afbb7c5e71adeaec3e418c
com.amazonaws	aws-java-sdk-health	1.11.64	-	9103b3995468f1d198466e52424394f9f8ecba9b
com.amazonaws	aws-java-sdk-health	1.11.640	-	ec0c4d6f03d1f20283ae9899252032341faf15ca
com.amazonaws	aws-java-sdk-health	1.11.641	-	6a4ecf199572b71ae97bb6c51558a80cdc994a4d
com.amazonaws	aws-java-sdk-health	1.11.642	-	07c87ca09f596b5133e73c9539e516a4000e80a1
com.amazonaws	aws-java-sdk-health	1.11.643	-	08a575c547a0a9062bcd23ed16326774e8763d57
com.amazonaws	aws-java-sdk-health	1.11.644	-	e37a400ae0c9602453a60b17eaefea1f6f0fb4ae
com.amazonaws	aws-java-sdk-health	1.11.645	-	f293443718e1d60ddc9a22fa4864fd9a6fec9a07
com.amazonaws	aws-java-sdk-health	1.11.646	-	df03aef52e68c473b2e8d3e76d4e2265e932c0e2
com.amazonaws	aws-java-sdk-health	1.11.647	-	c8141c082ec067461e31f3f880f151b52a1cb829
com.amazonaws	aws-java-sdk-health	1.11.648	-	1187a5ef2271bf12dc2f9d903693b92906f99abf
com.amazonaws	aws-java-sdk-health	1.11.649	-	86095a132727e8d0fad33acb2a66f0a141bdfef0
com.amazonaws	aws-java-sdk-health	1.11.65	-	e254736266dee24d6d3a96ea1d60d3954c980abc
com.amazonaws	aws-java-sdk-health	1.11.650	-	a558d8d1dc5a2c64b2921c22203ef8c9af0513dd
com.amazonaws	aws-java-sdk-health	1.11.651	-	466d979f576619ac176c7b2f16b4aab9b1a6bb9e
com.amazonaws	aws-java-sdk-health	1.11.652	-	cafeb2c435876dfb6c0d3f47086ce6071398f912
com.amazonaws	aws-java-sdk-health	1.11.653	-	6e7b84e8bb1a7c18d7dc7d8c8aaaed8bc6edc6ec
com.amazonaws	aws-java-sdk-health	1.11.654	-	310c9960ca7090f50414d8d29f3260f83ee3860b
com.amazonaws	aws-java-sdk-health	1.11.655	-	74765d8d13ea36854f6c8f0a454b1fcf94a0bebe
com.amazonaws	aws-java-sdk-health	1.11.656	-	e84564e2b1aea0ffe5d5adc44ec2c432d8ec3778
com.amazonaws	aws-java-sdk-health	1.11.657	-	eea4c30dcdbb8c4db8c2e4fad6a96c5a35ef2398
com.amazonaws	aws-java-sdk-health	1.11.658	-	65a8dc30754bdb2039d87cda33e64041fc0f94d9
com.amazonaws	aws-java-sdk-health	1.11.659	-	d3feca515044732413a3cacc91a01df4025f5b93
com.amazonaws	aws-java-sdk-health	1.11.66	-	ad1cd0148f59d69bb7023a9528e11f3993e2fdd4
com.amazonaws	aws-java-sdk-health	1.11.660	-	933ea748c12c8bcfc13c283bd5a0780a283fcd3d
com.amazonaws	aws-java-sdk-health	1.11.661	-	8902b19e93e9eac624f1828d40c341b918f52f1d
com.amazonaws	aws-java-sdk-health	1.11.662	-	f0498d9ae7f90f400336f63bc027a2924cc44598
com.amazonaws	aws-java-sdk-health	1.11.663	-	927fd665b87064e3208bd9c1a84a25a0d900fcb2
com.amazonaws	aws-java-sdk-health	1.11.664	-	1295b2ba8eba2bbd2b8a8f639b2195ab335e7d07
com.amazonaws	aws-java-sdk-health	1.11.665	-	f327400e795313d5a9db8babf4c949f496502f21
com.amazonaws	aws-java-sdk-health	1.11.666	-	0b3f8a19b06cfc71fd4ce797eb11a7e99b43a2c9
com.amazonaws	aws-java-sdk-health	1.11.667	-	3f5e91cb8f53f1c1fa267051151fa6c09c0402a1
com.amazonaws	aws-java-sdk-health	1.11.668	-	49e5f1a80216b37e144af104344f8bb1ff4ba767
com.amazonaws	aws-java-sdk-health	1.11.669	-	3a518bdc6a8d034988de6393cf4a1927fc739a4e
com.amazonaws	aws-java-sdk-health	1.11.67	-	5a225cf674119a0b382796a0c86b2a732931b03b
com.amazonaws	aws-java-sdk-health	1.11.670	-	a52fc4065c5c4d7dbcd76c95b493f81c66ed95e8
com.amazonaws	aws-java-sdk-health	1.11.671	-	2108779bfe7427b465cecb72fd0b4353c631e1c9
com.amazonaws	aws-java-sdk-health	1.11.672	-	d1719969bd51d4cf5771a898a4340054418bdb00
com.amazonaws	aws-java-sdk-health	1.11.673	-	4cfbc919f2a58aa49cacbb892f0d1ea692101900
com.amazonaws	aws-java-sdk-health	1.11.674	-	44d42db02f62cb7d4ca846799ed0b821dda3b693
com.amazonaws	aws-java-sdk-health	1.11.675	-	a79016496d1b3f8e577b59bc176c997c30f77697
com.amazonaws	aws-java-sdk-health	1.11.676	-	7219525af0b4ad3e59b5643681be36b699db05f3
com.amazonaws	aws-java-sdk-health	1.11.677	-	03b554177def25070662b26d9373e4414b85c310
com.amazonaws	aws-java-sdk-health	1.11.678	-	d06138b2a29e30d9342bdd62944317f02405f6d3
com.amazonaws	aws-java-sdk-health	1.11.679	-	d1aa674b4ef5e525b6bce8c45264df27334c9eb8
com.amazonaws	aws-java-sdk-health	1.11.68	-	2815dad4c3ca23d82f3cf9839b14091a3e136ecc
com.amazonaws	aws-java-sdk-health	1.11.680	-	3e92a850a31989a887c45c00dfd39a4f23b5ce94
com.amazonaws	aws-java-sdk-health	1.11.681	-	f1ff41731864e8360efa43ee0fcb8e6b424bd129
com.amazonaws	aws-java-sdk-health	1.11.682	-	61d40add079456247773fb9e9458a6db200254c4
com.amazonaws	aws-java-sdk-health	1.11.683	-	e4f9672b6e5ba5e32ebd07091893cfe88a97ff13
com.amazonaws	aws-java-sdk-health	1.11.684	-	5e670da88fbb3e8eede2f15afe2a845929939af2
com.amazonaws	aws-java-sdk-health	1.11.685	-	68e1a6e4aa555f07cb02a6ed97fa668e9805fa71
com.amazonaws	aws-java-sdk-health	1.11.686	-	0a68cc2533f92dbd789560306119b4de7cbfda15
com.amazonaws	aws-java-sdk-health	1.11.687	-	c3279ae953c9c681ed5637091e877e144213946d
com.amazonaws	aws-java-sdk-health	1.11.688	-	9d99e88b0fc0c75093357ca0bc515b511741bd2d
com.amazonaws	aws-java-sdk-health	1.11.689	-	e911d34a6fa57406ff5876ebd3896ea4b3d133c1
com.amazonaws	aws-java-sdk-health	1.11.69	-	08468748a6e4b2cf95103f8109cd35f79e39e5a5
com.amazonaws	aws-java-sdk-health	1.11.690	-	11cc5fe04c45f132727aa534c3abe994e5aed3c3
com.amazonaws	aws-java-sdk-health	1.11.691	-	9541b8679547546906fb935c52e416b0a103a112
com.amazonaws	aws-java-sdk-health	1.11.692	-	c722e7e511ee091fe35e707f9c7528e9a6dbc316
com.amazonaws	aws-java-sdk-health	1.11.693	-	37fd7d7e1de650226a7749307d1e975acaca8364
com.amazonaws	aws-java-sdk-health	1.11.694	-	78070f6b200c447b90b95da6b468fb0704d6ec1f
com.amazonaws	aws-java-sdk-health	1.11.695	-	cb25e874404d7e99876581f9b3efcc73c06dd38a
com.amazonaws	aws-java-sdk-health	1.11.696	-	103928235a06e98450dfad83731aec163f6de260
com.amazonaws	aws-java-sdk-health	1.11.697	-	8cd5d73e754105b99f961d782ab7131ad90ae48d
com.amazonaws	aws-java-sdk-health	1.11.698	-	aee18056ee43a5066bf53050490f74c2b49b8e7e
com.amazonaws	aws-java-sdk-health	1.11.699	-	5d5e2ea842b6e7c403a4a5e991ff3ca158ad6bd1
com.amazonaws	aws-java-sdk-health	1.11.70	-	ce5f2a52b827cb55bb9de087be8648bbba0b3d9b
com.amazonaws	aws-java-sdk-health	1.11.700	-	d2032308417efe7da1eba8bc447d8924c4c5d120
com.amazonaws	aws-java-sdk-health	1.11.701	-	f072b3d78bd3fb822eed8fb9ece2187458bf7762
com.amazonaws	aws-java-sdk-health	1.11.702	-	631f5d9b4d1875787baeecfda1cc4784d81aeff9
com.amazonaws	aws-java-sdk-health	1.11.703	-	5a54f7d7cbef4fb50d6a948efee6eae822fdd11a
com.amazonaws	aws-java-sdk-health	1.11.704	-	dd8735fab8a988ae7cd598e84964702b591e1874
com.amazonaws	aws-java-sdk-health	1.11.705	-	7e841957136e9e81060cf54231a112940422cdd6
com.amazonaws	aws-java-sdk-health	1.11.706	-	c92b25256b9667299d5fdcf5eef8babfe201e82f
com.amazonaws	aws-java-sdk-health	1.11.707	-	ca6ceea17afcd69c52089ff637ff4fde447b2836
com.amazonaws	aws-java-sdk-health	1.11.708	-	3b4663a3f988079357d6aedaf65e579db461fd3b
com.amazonaws	aws-java-sdk-health	1.11.709	-	56a779634c7b7e14894bb8246508fd6dc369d105
com.amazonaws	aws-java-sdk-health	1.11.71	-	cce0d73763ff917e2a490e00e33187231915afff
com.amazonaws	aws-java-sdk-health	1.11.710	-	00ec12056b945a3ca6f613cc7e373ce18faaf4f7
com.amazonaws	aws-java-sdk-health	1.11.711	-	9f0223abf019ad83fcd7a2a57e5f5df41283cc6e
com.amazonaws	aws-java-sdk-health	1.11.712	-	0149b4f34402764bcdd5e3bd71c5873ea6acfdfd
com.amazonaws	aws-java-sdk-health	1.11.713	-	e3548f248c24e383d442df3c70ccc5d7646ee0d9
com.amazonaws	aws-java-sdk-health	1.11.714	-	fad4193ef23fc004966569baddbeec46d79dac20
com.amazonaws	aws-java-sdk-health	1.11.715	-	5fb7618c170c549864c886eab3b1a4022e92e138
com.amazonaws	aws-java-sdk-health	1.11.716	-	1320731dceea398dcdd0ba5d6597f2074fc7f081
com.amazonaws	aws-java-sdk-health	1.11.717	-	2b47de47f706aad1e39a62b18f6ef2373b4c20b6
com.amazonaws	aws-java-sdk-health	1.11.718	-	771e1ecb2b91e9b782ea5cf8ceaac2133d22c696
com.amazonaws	aws-java-sdk-health	1.11.719	-	9d933ad7fe6c061327b7b5daa9deb70547c2a7c2
com.amazonaws	aws-java-sdk-health	1.11.72	-	3eae7b5110013cd92e1715f6530cbadeb52a890f
com.amazonaws	aws-java-sdk-health	1.11.720	-	b136dc509d502d16305f075a227e197545bfd6fa
com.amazonaws	aws-java-sdk-health	1.11.721	-	f3c9007d803eb5a0d26863028bd84bb98a19ca4e
com.amazonaws	aws-java-sdk-health	1.11.722	-	691cd7a89b7582bae07140db23ee40b8c5f42cec
com.amazonaws	aws-java-sdk-health	1.11.723	-	b166fbd4f4f8ccbaa51264b6fd8389c5c9aca9ef
com.amazonaws	aws-java-sdk-health	1.11.724	-	65a4500ac1a5342bf57a882ff5926e071afa3775
com.amazonaws	aws-java-sdk-health	1.11.725	-	e8b1fa7af5aab436c0b16063f2a844bf7375e8d9
com.amazonaws	aws-java-sdk-health	1.11.726	-	75139a3b15203df4561eecd415403a290e75e521
com.amazonaws	aws-java-sdk-health	1.11.727	-	072fa5b9463ac9a0f233f3e656aff7adde35be24
com.amazonaws	aws-java-sdk-health	1.11.728	-	b4e87771d582bb3084c463e031842ee4726dc716
com.amazonaws	aws-java-sdk-health	1.11.729	-	41f7f8719b7a98cdc34c7c201dac4bc0fd937c45
com.amazonaws	aws-java-sdk-health	1.11.73	-	b0890816446fe8526abc0bafa19d3869ff3cb03d
com.amazonaws	aws-java-sdk-health	1.11.730	-	d85462a35f6108d4e5ace7054ba1ad51c5869fa7
com.amazonaws	aws-java-sdk-health	1.11.731	-	d7923b2453ede861d7aeb89f723a9363ef0fccf5
com.amazonaws	aws-java-sdk-health	1.11.732	-	de1f9311c3ccfe34f172fdf3d8056cfd07bc8fae
com.amazonaws	aws-java-sdk-health	1.11.733	-	9344c2d9fd8bd769b8af207ea7f93bb745d7c220
com.amazonaws	aws-java-sdk-health	1.11.734	-	6a702af12b7596cd8f2f436fb1ee973681d458c9
com.amazonaws	aws-java-sdk-health	1.11.735	-	73f6e32517484e7e1973d5863da043975bffe3ca
com.amazonaws	aws-java-sdk-health	1.11.736	-	01977c047de8e33fba459c4105488c5d601f7061
com.amazonaws	aws-java-sdk-health	1.11.737	-	0f00995145f56746876d1a6c961cb67e7c0fe8aa
com.amazonaws	aws-java-sdk-health	1.11.738	-	9af68ed56fa07517284c40c4451a84f3383dbe49
com.amazonaws	aws-java-sdk-health	1.11.739	-	81b4f891254a7b8a703f9d9107962ae1bd37f1b6
com.amazonaws	aws-java-sdk-health	1.11.74	-	5d2705669c14bfe16ec1ed8ddde75e46971f2bfb
com.amazonaws	aws-java-sdk-health	1.11.740	-	bf07acd71bbd7f822bb795bd4c7e92138fdb39bf
com.amazonaws	aws-java-sdk-health	1.11.741	-	4ba1a9891e84f8e5b36f635b412e36e5f8e0ff48
com.amazonaws	aws-java-sdk-health	1.11.742	-	3b236049386137e7080ee0f98def92497fded797
com.amazonaws	aws-java-sdk-health	1.11.743	-	4b22d4e10c1e479397fdb8f69c742a72af6713ac
com.amazonaws	aws-java-sdk-health	1.11.744	-	cb2c1db02d23ebfcc80a9e26a21f90d61d2f3cac
com.amazonaws	aws-java-sdk-health	1.11.745	-	a1e5d0a98ac9f68cd32a8c80bbd0963e014f15e0
com.amazonaws	aws-java-sdk-health	1.11.746	-	6dd61655c0e333b1d49b22d2265b579b22915190
com.amazonaws	aws-java-sdk-health	1.11.747	-	9380a21d50943bf110118c52302079d8e10d81da
com.amazonaws	aws-java-sdk-health	1.11.748	-	5b9719426f65710bed5e1b5f290e8962c13e1deb
com.amazonaws	aws-java-sdk-health	1.11.749	-	3adfe6b5f38c0ef66d4ed07bbbdd4df5e0b40e8a
com.amazonaws	aws-java-sdk-health	1.11.75	-	dcac4f2a60b6a33face444572c581f0bf37b2f7c
com.amazonaws	aws-java-sdk-health	1.11.750	-	c96b3f108a68ecd8e0e698689c8dbd8004a54e39
com.amazonaws	aws-java-sdk-health	1.11.751	-	a20eb0ee93a9b3090d3ada7fe54a277352c8ca5c
com.amazonaws	aws-java-sdk-health	1.11.752	-	a25d11572b2d6fe284987ecc61adbdfd62e59b78
com.amazonaws	aws-java-sdk-health	1.11.753	-	49c1f22c622beb9cd3c7d1e22943e4e1b91f3e0b
com.amazonaws	aws-java-sdk-health	1.11.754	-	9e9ba4065b972d0bc8fc911a88523f743df5f1b3
com.amazonaws	aws-java-sdk-health	1.11.755	-	145d1336888ff77a50bfb108433780dac10f4c2e
com.amazonaws	aws-java-sdk-health	1.11.756	-	936aa14e33374cdf22f65510b8f8750b105c403f
com.amazonaws	aws-java-sdk-health	1.11.757	-	22e2a5c132927f0545696dc302475d76a000da99
com.amazonaws	aws-java-sdk-health	1.11.758	-	d14b41be7195b711db65ba80dc05764a6a863ad3
com.amazonaws	aws-java-sdk-health	1.11.759	-	71fb2fd7612133c7ada1cff85332b761ba2882ee
com.amazonaws	aws-java-sdk-health	1.11.76	-	03058734811c8ea7f6eb9145a8793152c0f9e110
com.amazonaws	aws-java-sdk-health	1.11.760	-	5965e058062907e6455a5f5af6e98d9d0db7fe43
com.amazonaws	aws-java-sdk-health	1.11.761	-	f89e100a6b73be1941125d10c5c299c5d22d8b27
com.amazonaws	aws-java-sdk-health	1.11.762	-	d33107b5c0d1463c3c63da8ffc7874c90f68a554
com.amazonaws	aws-java-sdk-health	1.11.763	-	604c0c090febdf6b1ad825d5feace01721cda750
com.amazonaws	aws-java-sdk-health	1.11.764	-	93836b29411f2d3e42f39500bfdf1888065f2070
com.amazonaws	aws-java-sdk-health	1.11.765	-	5eb3e064637c889c48073d93d6c8591d9f9a3a87
com.amazonaws	aws-java-sdk-health	1.11.766	-	740cc3c8f82f2f9a1d5134d367342870cb9008d2
com.amazonaws	aws-java-sdk-health	1.11.767	-	758320c6af658b5ce6c344e82422d7084c7a5b70
com.amazonaws	aws-java-sdk-health	1.11.768	-	312692d439c41dc73d458b234117dca625276236
com.amazonaws	aws-java-sdk-health	1.11.769	-	76a376525f8ef228399ec9e6c13ae35b6d45b91d
com.amazonaws	aws-java-sdk-health	1.11.77	-	5970090e6b606e8b03e3362ad3bfc2ba6421a355
com.amazonaws	aws-java-sdk-health	1.11.770	-	cf3372e76085f123f58d8a8dca340d36d01b2178
com.amazonaws	aws-java-sdk-health	1.11.771	-	478d8fe789a0fef9daa8090f2440ca0f0d384cd5
com.amazonaws	aws-java-sdk-health	1.11.772	-	775c855a481dbad5f3059561b53cebcd2442a1d3
com.amazonaws	aws-java-sdk-health	1.11.773	-	e3f9a4ea5ae76908b1bb4e5d26c813609d94e2df
com.amazonaws	aws-java-sdk-health	1.11.774	-	d79d8830693c0ee45a6737d827ac08cd3c812d2b
com.amazonaws	aws-java-sdk-health	1.11.775	-	de7b0f6dbd99ec8998b2e13fd7f2d24301e6f0ce
com.amazonaws	aws-java-sdk-health	1.11.776	-	3b828f4260a4de31572bc57f10e5bf3f58125b19
com.amazonaws	aws-java-sdk-health	1.11.777	-	9af199d2df42eade036e03ddb0b7180f7dfd3548
com.amazonaws	aws-java-sdk-health	1.11.778	-	cd08da52dc5efe3f361e22b5be405ca21a88ee67
com.amazonaws	aws-java-sdk-health	1.11.779	-	929221c0d3c303f9e888b03f3f55532a7e9468f7
com.amazonaws	aws-java-sdk-health	1.11.78	-	257c99922cac10a694ae551b46c0d9e2c6907c7b
com.amazonaws	aws-java-sdk-health	1.11.780	-	8887d128644254713680a2d8842015193fe3d4cd
com.amazonaws	aws-java-sdk-health	1.11.781	-	7d2000e467cba3910abba9ec889d58990ab40916
com.amazonaws	aws-java-sdk-health	1.11.782	-	2a0ef2f7c38f7754eef3daa3861c09ee83a72542
com.amazonaws	aws-java-sdk-health	1.11.783	-	8a75c8d47e3a914703da737a7d9804bf4da7d705
com.amazonaws	aws-java-sdk-health	1.11.784	-	6e6543e2f3d45ba141cbec54ee6309defc5f9760
com.amazonaws	aws-java-sdk-health	1.11.785	-	cf21228aa3edd810152a1a07a7a4217adb5bf6d2
com.amazonaws	aws-java-sdk-health	1.11.786	-	93ad6c5113b22f05163160d7b7d8cba1133475e5
com.amazonaws	aws-java-sdk-health	1.11.787	-	ac3febe3755af88e4eec51ddeb36cf3f4d7a90ca
com.amazonaws	aws-java-sdk-health	1.11.788	-	937c793f4d2070d773c6f1f5c347c7e2a8ea6682
com.amazonaws	aws-java-sdk-health	1.11.789	-	0e65ad213008c89b1c5dd37a563600ff17bc5fbd
com.amazonaws	aws-java-sdk-health	1.11.79	-	7703d4c3c4bdd1fa871566b93233007ca26a5856
com.amazonaws	aws-java-sdk-health	1.11.790	-	cbb992775a19e71f91e0a2e16b6a79777c38f2fd
com.amazonaws	aws-java-sdk-health	1.11.791	-	49311ed478b36ed74fdd12673af8b4b46be13cd3
com.amazonaws	aws-java-sdk-health	1.11.792	-	177355e79a987ddda4e91d3dc9057f14576a6283
com.amazonaws	aws-java-sdk-health	1.11.793	-	82e064b21f8269d200d9c147d74076a842dd057f
com.amazonaws	aws-java-sdk-health	1.11.794	-	6322631239727ac6d449f6190ebe20184911128a
com.amazonaws	aws-java-sdk-health	1.11.795	-	506edd8b19f2cfb976ef0d8557b132762c0e8741
com.amazonaws	aws-java-sdk-health	1.11.796	-	9712e919614720da1ac0914151dd712ddfe88dae
com.amazonaws	aws-java-sdk-health	1.11.797	-	542cddf43a800f64c89c15e004ce667891155ef6
com.amazonaws	aws-java-sdk-health	1.11.798	-	eceae72bad926346d41f8c1d6fc30b426dce3994
com.amazonaws	aws-java-sdk-health	1.11.799	-	5934a3a343bca4411743a2d956dd0235a4154baf
com.amazonaws	aws-java-sdk-health	1.11.80	-	9de46cb3edf76f06f81347f867b88e137e559717
com.amazonaws	aws-java-sdk-health	1.11.800	-	dbf2a65323b97aff81b2a3a539ace59e99ebe27d
com.amazonaws	aws-java-sdk-health	1.11.801	-	1699d2a2c0143950390b358bc558050cf35cdcaf
com.amazonaws	aws-java-sdk-health	1.11.802	-	7d8dcf048ad0b236ba27fac3848033209739715b
com.amazonaws	aws-java-sdk-health	1.11.803	-	1e0a14f1a6290abf362c1526963ff836e5c66946
com.amazonaws	aws-java-sdk-health	1.11.804	-	7f8b67d88d4b3b9eac1c87b7cb4dc6f894102f9e
com.amazonaws	aws-java-sdk-health	1.11.805	-	ba2e12bb566b8f5ca03550658f775ee336e3a033
com.amazonaws	aws-java-sdk-health	1.11.806	-	63b921b2eda8130bcd6eba33105ff504c6d02595
com.amazonaws	aws-java-sdk-health	1.11.807	-	a2f9406fd8211df09e0909616f264531294d4a9b
com.amazonaws	aws-java-sdk-health	1.11.808	-	646c98f788e094841b97c860c0f9b6b801481dd4
com.amazonaws	aws-java-sdk-health	1.11.809	-	ac055b1c2b205526db59d76e0db65d91dd09582b
com.amazonaws	aws-java-sdk-health	1.11.81	-	4f8ac10930a3ebdb10d64745499229737395c3b7
com.amazonaws	aws-java-sdk-health	1.11.810	-	28881c911c18f658ea9a806f1f5bfd26e8145c55
com.amazonaws	aws-java-sdk-health	1.11.811	-	6532d32564d516ac5ed7ce36a8700e39982140d7
com.amazonaws	aws-java-sdk-health	1.11.812	-	7441d175207d6c7dbac840eae6638ffc90f5db16
com.amazonaws	aws-java-sdk-health	1.11.813	-	0993142b4717c6c8a77aef5f0af415b5eaeb9997
com.amazonaws	aws-java-sdk-health	1.11.814	-	b533da2eef90c8b4f59882d314ae04c4ff10fe38
com.amazonaws	aws-java-sdk-health	1.11.815	-	7c5c61aa65bf95f214bfe6687a064d719d102720
com.amazonaws	aws-java-sdk-health	1.11.816	-	0a5ebb40e46f90951ca7fc6c68b9cf88ef55d000
com.amazonaws	aws-java-sdk-health	1.11.817	-	9d43b61d08b58888a770b4e9b2b09fd519e188dc
com.amazonaws	aws-java-sdk-health	1.11.818	-	4b428a2c14eb645bad82d2ac9782b37dc3e635a8
com.amazonaws	aws-java-sdk-health	1.11.819	-	992d0686e45a7cd5c852b2e3d7ca0d74c486c522
com.amazonaws	aws-java-sdk-health	1.11.82	-	3e435609a0c63b17df2e835f87b8ee551ca9a380
com.amazonaws	aws-java-sdk-health	1.11.820	-	c16531be3668a05c1f9e233e5515ef51650ffb9a
com.amazonaws	aws-java-sdk-health	1.11.821	-	39082e089283110ce34ed0097586b8e90797dc95
com.amazonaws	aws-java-sdk-health	1.11.822	-	db2218f64beecd962ec04e7e53d9cad2bfc99d77
com.amazonaws	aws-java-sdk-health	1.11.823	-	edb8b65ebdf319d951c258a4764ff777731e9ca5
com.amazonaws	aws-java-sdk-health	1.11.824	-	1dc657a4f3f071cbfb0146a0936bbbd0099f3502
com.amazonaws	aws-java-sdk-health	1.11.825	-	625fbd429bd861f220e581cd15c65287196d346b
com.amazonaws	aws-java-sdk-health	1.11.826	-	8f4dcbfd958124c3e0a9c2f3b508dc86fc2dc948
com.amazonaws	aws-java-sdk-health	1.11.827	-	8090f2ed1e568b3e9e5847d2492fcfe10669eee4
com.amazonaws	aws-java-sdk-health	1.11.828	-	6baa064748cd4f7a78ca2a4948892612e9ee46c7
com.amazonaws	aws-java-sdk-health	1.11.829	-	3fe26ebdbcc12fcb34595bec65b58e38fc2120ce
com.amazonaws	aws-java-sdk-health	1.11.83	-	79106a1afedf99c27ec1915520283bf161bfd2e3
com.amazonaws	aws-java-sdk-health	1.11.830	-	28b04990ad0dba67192715d694b19f9192a77246
com.amazonaws	aws-java-sdk-health	1.11.831	-	55fd1eb3ceeb748db22449926361dc80b123510b
com.amazonaws	aws-java-sdk-health	1.11.832	-	59a1380cf953650504ca3aae33255a6b23939a12
com.amazonaws	aws-java-sdk-health	1.11.833	-	925466eb35adb48ef8813d2f82b6735c1754e885
com.amazonaws	aws-java-sdk-health	1.11.834	-	1cc834a819b7e6ec9bfcab817e79536b90af11a7
com.amazonaws	aws-java-sdk-health	1.11.835	-	5ae2705326b282e8c94eaaa9db446b7e5e325564
com.amazonaws	aws-java-sdk-health	1.11.836	-	e234e1ce349e77c27de4bc56b151efe3b114fa62
com.amazonaws	aws-java-sdk-health	1.11.837	-	54247620f106ea98981f5c8b297b0d634d26fa95
com.amazonaws	aws-java-sdk-health	1.11.838	-	92ea1f9abf3b0880a6540602c0d32e989620a20e
com.amazonaws	aws-java-sdk-health	1.11.839	-	52a2e90429bf1eb99d4e66d6c62a7583359c8ecc
com.amazonaws	aws-java-sdk-health	1.11.84	-	f2c5c224eed7fee25b949cf68e596e22ce9da147
com.amazonaws	aws-java-sdk-health	1.11.840	-	5787501fe8d729d82d91bebd1625fdb75070dd60
com.amazonaws	aws-java-sdk-health	1.11.841	-	4dfae2fe1d24449a49b80b118931b710ac451ac2
com.amazonaws	aws-java-sdk-health	1.11.842	-	5620f5c28ef9861049f1219374a7f55afa060723
com.amazonaws	aws-java-sdk-health	1.11.844	-	9a48abc319f82376cc1929d8f5e90d2dab85348c
com.amazonaws	aws-java-sdk-health	1.11.845	-	1e7162b3d118f9d1967a8b027e44fe0ead92f8c6
com.amazonaws	aws-java-sdk-health	1.11.846	-	9a51819b31b590a83922d04ae3901397f228eb90
com.amazonaws	aws-java-sdk-health	1.11.847	-	29aa8b82af0e5b0d88483035c51bf9c92f6383d3
com.amazonaws	aws-java-sdk-health	1.11.848	-	e14f5e6240c7d29cd6ed918d971c5d2ac9d5e652
com.amazonaws	aws-java-sdk-health	1.11.849	-	8e5d65abbb180e3bc9cb1befe71d7d28a47c1489
com.amazonaws	aws-java-sdk-health	1.11.85	-	80c20eb365ea76d009aa82fb50606df5c0ac184b
com.amazonaws	aws-java-sdk-health	1.11.850	-	cd4265c0410c311b760f8993366060ffe2f1c529
com.amazonaws	aws-java-sdk-health	1.11.851	-	d14de7d03ca8f1a5925c7fcf2fdb12f4dc12f3df
com.amazonaws	aws-java-sdk-health	1.11.852	-	7c40614187842f099d6a2d6ffd0fcd7b753fa127
com.amazonaws	aws-java-sdk-health	1.11.853	-	1d9e9fac35c40e7ce11cb2db3a0608e542334901
com.amazonaws	aws-java-sdk-health	1.11.854	-	209b7b6d98b35983369869b6205493b70b49da45
com.amazonaws	aws-java-sdk-health	1.11.855	-	f815fe36d1e51d294d71a367508deda7ef89faf8
com.amazonaws	aws-java-sdk-health	1.11.856	-	3396f4645dd352894fdd751ccc6e898cadd7b5e0
com.amazonaws	aws-java-sdk-health	1.11.857	-	ac8f9e4c2c6565147a266bddc97398ab9daafbc9
com.amazonaws	aws-java-sdk-health	1.11.858	-	f876d38ed5b33bfc738301e54c815770c50d2962
com.amazonaws	aws-java-sdk-health	1.11.859	-	1523cdf60dd9ce68d9315b403e76283f0b8ce806
com.amazonaws	aws-java-sdk-health	1.11.86	-	86afe8f1e52a3a91c72b649f0ee27ae24c10a384
com.amazonaws	aws-java-sdk-health	1.11.860	-	c732b0e19ffb9a5b0ae585f38cfd833e8beaa4ee
com.amazonaws	aws-java-sdk-health	1.11.861	-	164fc94d8b7d16ba89bcb2881cb43cf7cd23a71f
com.amazonaws	aws-java-sdk-health	1.11.862	-	9fa4992058868920774328113d8cf3fd0aa91499
com.amazonaws	aws-java-sdk-health	1.11.863	-	8e6901c7937f8fde1620f499876618db73d2a144
com.amazonaws	aws-java-sdk-health	1.11.864	-	7ab934218906765378c9d13e6fe1ccd422c95e88
com.amazonaws	aws-java-sdk-health	1.11.865	-	bde57f05eed184ce4e77ebfa054fae8701958151
com.amazonaws	aws-java-sdk-health	1.11.866	-	153a7e6acd0916b0634316b9b8bba70e7fa7ee43
com.amazonaws	aws-java-sdk-health	1.11.867	-	776039e9893413c4d83d9ae1c187e4fb02d3313e
com.amazonaws	aws-java-sdk-health	1.11.868	-	469b1d3140e19cf6726690b72c9cec7fbfbf587a
com.amazonaws	aws-java-sdk-health	1.11.869	-	2290b5286aa37329018e3a24c2225be9723a5886
com.amazonaws	aws-java-sdk-health	1.11.87	-	d32ba96a18b47d425bfcd394e967b76201b3d4e5
com.amazonaws	aws-java-sdk-health	1.11.870	-	8b413b04c38dc8706c4222d1ee5daf1794ad3e57
com.amazonaws	aws-java-sdk-health	1.11.871	-	07f6b1270fff4f4210b57482a714231d0f8296d8
com.amazonaws	aws-java-sdk-health	1.11.872	-	db5fe3434dd9ffa62a88f68b8ac35992c806018a
com.amazonaws	aws-java-sdk-health	1.11.873	-	b890205a06928d818632c2031d0534807982ebf4
com.amazonaws	aws-java-sdk-health	1.11.874	-	0a54c4119ab9084cb8dd86756938c95b25376800
com.amazonaws	aws-java-sdk-health	1.11.875	-	6a8ab384e8c9f9a1d355759a2a03d082b53156e1
com.amazonaws	aws-java-sdk-health	1.11.876	-	35503a0f2518ba1db227119ca9ee41ebb19df5dc
com.amazonaws	aws-java-sdk-health	1.11.877	-	87edb6dbb96419675fa6f8b09ba582cfde3f467a
com.amazonaws	aws-java-sdk-health	1.11.878	-	0e728b9563470090f05855deed91b063d1aec0f5
com.amazonaws	aws-java-sdk-health	1.11.879	-	0ced9252c943810bde878df778adbe18c3dc10e5
com.amazonaws	aws-java-sdk-health	1.11.88	-	d46b0eb49be93d933bf2c4d4668d749c8d74a362
com.amazonaws	aws-java-sdk-health	1.11.880	-	6c1c3850ea60177e7efcfd90d979c12e1e9127b2
com.amazonaws	aws-java-sdk-health	1.11.881	-	c0ac82f5f4bcfc203f40146f9a1aa6f2a136dac4
com.amazonaws	aws-java-sdk-health	1.11.882	-	82bb0b540fbc76fef95c5dafce89bcc5ed2fe776
com.amazonaws	aws-java-sdk-health	1.11.883	-	0f4c82a1ccfee892713924a08bf8d8166772432d
com.amazonaws	aws-java-sdk-health	1.11.884	-	f4d84bf00a2940fb0b07b638b33fcce667ca7470
com.amazonaws	aws-java-sdk-health	1.11.885	-	177f0a20c2ea95001312bc00cb4c6b29f0909725
com.amazonaws	aws-java-sdk-health	1.11.886	-	67cd46218df69dd239862c4e514682ff7e896204
com.amazonaws	aws-java-sdk-health	1.11.887	-	ab202c38509a6ecf04544f6d6ca65d786a678746
com.amazonaws	aws-java-sdk-health	1.11.888	-	b0c9c27112df2b287ce9653a1c392e65b5270fdf
com.amazonaws	aws-java-sdk-health	1.11.889	-	21874edfbf26387354ba8e68454f6af79e946ae7
com.amazonaws	aws-java-sdk-health	1.11.89	-	50ee27c9db6fb3988b9c4e6bbb9f0c8a8e7483ee
com.amazonaws	aws-java-sdk-health	1.11.890	-	d74a7774ffde2775a19e71d42f928457d6bf531a
com.amazonaws	aws-java-sdk-health	1.11.891	-	c87991c5b7cc27d5d40bbec8ac562baf6a15c87a
com.amazonaws	aws-java-sdk-health	1.11.892	-	d8bcd6868fc5285ab0cae74cf3d031a22e590578
com.amazonaws	aws-java-sdk-health	1.11.893	-	1f309462dd30851f2632ab99a6e01bab109cfbe6
com.amazonaws	aws-java-sdk-health	1.11.894	-	99385e052ba21ce7768e9a8d5d6d013a83d79b0e
com.amazonaws	aws-java-sdk-health	1.11.895	-	cd8bd85d8e75ad72a12c021ba2c7bf7c3c6a535a
com.amazonaws	aws-java-sdk-health	1.11.896	-	6b43228dd81b6a66dffcab5c82600c5b96626c46
com.amazonaws	aws-java-sdk-health	1.11.897	-	655e5c411ffb62bb2cda377000a4494240bb11d4
com.amazonaws	aws-java-sdk-health	1.11.898	-	a092c35594a8e4a1594c83f10d36d2d0137f0ddf
com.amazonaws	aws-java-sdk-health	1.11.899	-	982388884e18f38e0bf6acce70be8d4253eb3df7
com.amazonaws	aws-java-sdk-health	1.11.90	-	daeba5a79fbbbe1c95093b45b30c76328abb39cf
com.amazonaws	aws-java-sdk-health	1.11.900	-	a0b1a85663c6072c9f355ad58a8d17b6fe672e2b
com.amazonaws	aws-java-sdk-health	1.11.901	-	12cc82996564692d8b38be8c09afb1b859c81049
com.amazonaws	aws-java-sdk-health	1.11.902	-	dacd7d8c65423bfb6a8dec704f6e6d4661e52539
com.amazonaws	aws-java-sdk-health	1.11.903	-	d78ceccf20c1b30db7b203b5d81c03882358f8a4
com.amazonaws	aws-java-sdk-health	1.11.904	-	8cbe7eddb891adb80b20984d569ec09f23db3c55
com.amazonaws	aws-java-sdk-health	1.11.905	-	4e0dee6fe0c525799953f21ba40eb1c4e69e35b3
com.amazonaws	aws-java-sdk-health	1.11.906	-	ff69f830547899828bbe2e33673ef613164b7d37
com.amazonaws	aws-java-sdk-health	1.11.907	-	685274fab46d41e4a531650bae9c333fc8ab0038
com.amazonaws	aws-java-sdk-health	1.11.908	-	27754bd518bce79276355e249cdff2bbfec24be9
com.amazonaws	aws-java-sdk-health	1.11.909	-	ccb38ad0024d985ce3d8bf09cbec5c3c0697c9aa
com.amazonaws	aws-java-sdk-health	1.11.91	-	5d1def653f77913ebd83c744eb66d68882604730
com.amazonaws	aws-java-sdk-health	1.11.910	-	24149b3144706315730bbe0c839f0154780c90ce
com.amazonaws	aws-java-sdk-health	1.11.911	-	08ec9e8419b7d1a84fb2c509f709c99b4345878a
com.amazonaws	aws-java-sdk-health	1.11.912	-	572e9aa98988a3a9fbd9aa33baf0d342dd50ffe1
com.amazonaws	aws-java-sdk-health	1.11.913	-	cee93c7d92b4de78a2617d89d6f571353d98deb3
com.amazonaws	aws-java-sdk-health	1.11.914	-	cdfa0162f2bc1a2f43848656f07312f5614f353c
com.amazonaws	aws-java-sdk-health	1.11.915	-	e924a80fb074a190bbf6eb8c26c1073d72ccf88b
com.amazonaws	aws-java-sdk-health	1.11.916	-	ee36f1ef66b935c0a96d38a04183e12a397fa5ba
com.amazonaws	aws-java-sdk-health	1.11.917	-	2ee7918c12142195497da7d04a95f8cf19634501
com.amazonaws	aws-java-sdk-health	1.11.918	-	30a1e6fcfc76c7e67255ffe8d8e5f515d1a49674
com.amazonaws	aws-java-sdk-health	1.11.919	-	18229b32e510a62a581e67fdac91989d5eab7ee8
com.amazonaws	aws-java-sdk-health	1.11.92	-	b3b21a4d261a0f7d56b51f0dd97d3958121547f8
com.amazonaws	aws-java-sdk-health	1.11.920	-	6543980c612c69d42ca2e56be7c9622e12441ef8
com.amazonaws	aws-java-sdk-health	1.11.921	-	437b9e093b2d07fcd82bcf5c60d8a9dcc271b636
com.amazonaws	aws-java-sdk-health	1.11.922	-	ff89cbb2bb61ac1951636ff9e8e31bd3d1f0bd9e
com.amazonaws	aws-java-sdk-health	1.11.923	-	da83864221ba9ea81d83a77a56c72be91af89900
com.amazonaws	aws-java-sdk-health	1.11.924	-	768142e13e221ada356231aba1f442849909008b
com.amazonaws	aws-java-sdk-health	1.11.925	-	e15e2e88487e033c99d87aacce9eda7bb10d5244
com.amazonaws	aws-java-sdk-health	1.11.926	-	7d07a0628506b13bdcdca88afb52c284bbfa7b1f
com.amazonaws	aws-java-sdk-health	1.11.927	-	da6e7cc66903d0ddd0bbe7397a5315d3cdd94435
com.amazonaws	aws-java-sdk-health	1.11.928	-	150a588194724dae4787fb789800790bda89841e
com.amazonaws	aws-java-sdk-health	1.11.929	-	c451b4c494b67cd8c8ad05d1fd4d993cdf60a11c
com.amazonaws	aws-java-sdk-health	1.11.93	-	d7e6a33e19155e36433761968dee9ef58a45ec28
com.amazonaws	aws-java-sdk-health	1.11.930	-	78fdcd5f1c5a2a41970e5f3565592696fd17832f
com.amazonaws	aws-java-sdk-health	1.11.931	-	5e35bdab3c3c8115a2a8bd00a550c6592a320313
com.amazonaws	aws-java-sdk-health	1.11.932	-	6aa00f3f455b57af35f2628f6501278f876ff269
com.amazonaws	aws-java-sdk-health	1.11.933	-	1c644635316532380455164b3e59db2a6d242f2c
com.amazonaws	aws-java-sdk-health	1.11.934	-	600d608b4589035b821c4795bfab944443a346c2
com.amazonaws	aws-java-sdk-health	1.11.935	-	31a298e098f2a9d39b565e50ce0bd8ff4ff8c466
com.amazonaws	aws-java-sdk-health	1.11.936	-	aa86288ab4f07f0e0462c6f0799fee85b9d58900
com.amazonaws	aws-java-sdk-health	1.11.937	-	1042f0d253bb127122ffc2385ed1c2c9cb4c73dd
com.amazonaws	aws-java-sdk-health	1.11.938	-	70de0717ba7cf4d9301a80cabfd06048ea3748a1
com.amazonaws	aws-java-sdk-health	1.11.939	-	b768ce5978b58d075a78b1dc07b37ef4f7176f5b
com.amazonaws	aws-java-sdk-health	1.11.94	-	c582106feb5a23c681ba8be2451a02ed6119b364
com.amazonaws	aws-java-sdk-health	1.11.940	-	9373474ccd2e75e02234203eddece2d10ad51f2a
com.amazonaws	aws-java-sdk-health	1.11.941	-	ec439763b74fec229eaae18d5e80917ace887c44
com.amazonaws	aws-java-sdk-health	1.11.942	-	23a06ae9ef6d165dca9745c9f695a313a11e627b
com.amazonaws	aws-java-sdk-health	1.11.943	-	5fafc82d4e3ee666b39e72448bdb6dd9fe304823
com.amazonaws	aws-java-sdk-health	1.11.944	-	a72e59bfe381774cd8c0472eefb3c21f6fb39249
com.amazonaws	aws-java-sdk-health	1.11.945	-	a3597f17dd1f06963db4ce6c7d7ff06f93fef23c
com.amazonaws	aws-java-sdk-health	1.11.946	-	dd2b0d7c5ee9ebf8481231a8b50da2570a60f0d6
com.amazonaws	aws-java-sdk-health	1.11.947	-	bb2863257e7d98f3c9d7dd4099731bb232ff4d43
com.amazonaws	aws-java-sdk-health	1.11.948	-	4eb1cfc2dd263b8fcb3e38b7fa30acddf8513232
com.amazonaws	aws-java-sdk-health	1.11.949	-	d9ead7845ef7286814ddaabac81eb1b7127c9cda
com.amazonaws	aws-java-sdk-health	1.11.95	-	fb831d2b9a50c0c6e547eb8947dd612c367da8f5
com.amazonaws	aws-java-sdk-health	1.11.950	-	3000c77fa9c0377d79ffef1ac40b431ab7719dcc
com.amazonaws	aws-java-sdk-health	1.11.951	-	d22ba3c54abb68906fcbc03100b7b8425245f35d
com.amazonaws	aws-java-sdk-health	1.11.952	-	591d50cf18e3ba51173ddd2cf50a7b1538dbf6c6
com.amazonaws	aws-java-sdk-health	1.11.953	-	e24d2f6814199f673f92b3c6d82a5e419ed334af
com.amazonaws	aws-java-sdk-health	1.11.954	-	f2697ba6856b7a717bb3cc1b2beba145b1983f3f
com.amazonaws	aws-java-sdk-health	1.11.955	-	e302451182f0ae0eb045a93ae03443c25ba293c1
com.amazonaws	aws-java-sdk-health	1.11.956	-	ec19da7e0c36eb82bfa46351f5350c530f3984cf
com.amazonaws	aws-java-sdk-health	1.11.957	-	027912c4d7541f7650b1d4935d1d3e9bc2ab1b0c
com.amazonaws	aws-java-sdk-health	1.11.958	-	5d39c50975fe475a60def073564a1c4375e960e7
com.amazonaws	aws-java-sdk-health	1.11.959	-	4c06c26627bb2ab0e6266677c100e9e69613410a
com.amazonaws	aws-java-sdk-health	1.11.96	-	339f6e38e8bae3eba1d1fc26db7be8d655d4663c
com.amazonaws	aws-java-sdk-health	1.11.960	-	e0b5030093430248b37a4aedb7691bf09e73f47b
com.amazonaws	aws-java-sdk-health	1.11.961	-	4e1e946c585ef1e0b7e04a36226f3d5da83ccda0
com.amazonaws	aws-java-sdk-health	1.11.962	-	2640624803408067703fb95fc951186adb35e87a
com.amazonaws	aws-java-sdk-health	1.11.963	-	637972ff147e0cff9d1ac00ca245a9411ead310c
com.amazonaws	aws-java-sdk-health	1.11.964	-	5a206fae9e67edc4096548752f42c8ab3cecada7
com.amazonaws	aws-java-sdk-health	1.11.965	-	7bcfc7349aa6ae051c77b9b42dd8fee4955a530a
com.amazonaws	aws-java-sdk-health	1.11.966	-	d6d09319f1824d78a75573a0d4883c58e137d97b
com.amazonaws	aws-java-sdk-health	1.11.967	-	9f8699498d4c24c6ed45ac603c737071a906392e
com.amazonaws	aws-java-sdk-health	1.11.968	-	527cee89bfa76e9c4a30396f749cf0ed1ad9f439
com.amazonaws	aws-java-sdk-health	1.11.969	-	4ea1bc0951d7f28674b7305392affc4b4e500be7
com.amazonaws	aws-java-sdk-health	1.11.97	-	bf36424c9f2a86f44fdf5d37edebff885d400e03
com.amazonaws	aws-java-sdk-health	1.11.970	-	6b223fc1efc7103fcf80067dc845e7c081af0250
com.amazonaws	aws-java-sdk-health	1.11.971	-	925a06fb94f0949d2a8753f12fbd7a377e4899b6
com.amazonaws	aws-java-sdk-health	1.11.972	-	177d891b3a21a2628c242d91f362209d932a7dae
com.amazonaws	aws-java-sdk-health	1.11.973	-	3843b76385f6eee3241a3eaa5118d10ae7a483a6
com.amazonaws	aws-java-sdk-health	1.11.974	-	03611fb2c2c3b914e5d4afaef798270efa8f4080
com.amazonaws	aws-java-sdk-health	1.11.975	-	c22b6ab382d596568893e8ecb2f7a979b34515c6
com.amazonaws	aws-java-sdk-health	1.11.976	-	c01429963d59f9a3a3129307561b4d20a206d65b
com.amazonaws	aws-java-sdk-health	1.11.977	-	410c01fac400879dc07002a673b85fc6436f98f2
com.amazonaws	aws-java-sdk-health	1.11.978	-	60d94901cf617e2684ed669adf305ae423bfad7a
com.amazonaws	aws-java-sdk-health	1.11.979	-	dcce20594e5ca19350a4eb66d0b9c0230f128aad
com.amazonaws	aws-java-sdk-health	1.11.98	-	3ad35c8bf89e6944cabf040ec00f81dad3cdca0a
com.amazonaws	aws-java-sdk-health	1.11.980	-	dd9877af299155dd6c10a4df4f24bcd31a36298e
com.amazonaws	aws-java-sdk-health	1.11.981	-	b2039fc8a7fc710ed29069aa0838d5c1b44db0ac
com.amazonaws	aws-java-sdk-health	1.11.982	-	bde0fa749257facc5df495802986bdd57441f787
com.amazonaws	aws-java-sdk-health	1.11.983	-	80a8c0e12c40889809e3d9ba087a0c96dc787ac5
com.amazonaws	aws-java-sdk-health	1.11.984	-	149efd3b3121608861f2d4c973b3d0c9483db1b8
com.amazonaws	aws-java-sdk-health	1.11.985	-	bf30ad82a1a7e7dba84679c468f9496e9baa132b
com.amazonaws	aws-java-sdk-health	1.11.986	-	fbd729a78abc0e857d07ed3551f0d3d3c54632e5
com.amazonaws	aws-java-sdk-health	1.11.987	-	53bc920f25cc235bf46e1c8448acf6e5da5ab1a4
com.amazonaws	aws-java-sdk-health	1.11.988	-	cbdcb6769762d18744cbeb08e46b2668b3b3c4e5
com.amazonaws	aws-java-sdk-health	1.11.989	-	33638953504a1188a8b831957bab14fa5defc015
com.amazonaws	aws-java-sdk-health	1.11.99	-	327bd4c95916fc20a08568acf3f6a5cbf09c2b5e
com.amazonaws	aws-java-sdk-health	1.11.990	-	a11c4ddfef5afef7682df3ebef465f13d26c57fe
com.amazonaws	aws-java-sdk-health	1.11.991	-	455e133970914fd97d5481d8ec8bf7cfaded48f2
com.amazonaws	aws-java-sdk-health	1.11.992	-	95670077b1fd4bd79984c62bd98463d207dd0271
com.amazonaws	aws-java-sdk-health	1.11.993	-	3b2d8ed57ee0e21251146a0e0699b012116fce15
com.amazonaws	aws-java-sdk-health	1.11.994	-	a66b64b5f4054d4415502dd855460ad64f7ee4e9
com.amazonaws	aws-java-sdk-health	1.11.995	-	23a9af71579e781880781e6cf92a4b833ee7cfc6
com.amazonaws	aws-java-sdk-health	1.11.996	-	c6b84e8367a91b9187fe68cd9789cf8badf8687d
com.amazonaws	aws-java-sdk-health	1.11.997	-	e014bdb8fb16278ea0b03be546ed76b7067e9fe3
com.amazonaws	aws-java-sdk-health	1.11.998	-	e524b007cea6a0d94ab710bc5eb9cd4241bf032d
com.amazonaws	aws-java-sdk-health	1.11.999	-	bab2ec77f47d73ef709aac0c14e18f40af433aad
com.amazonaws	aws-java-sdk-health	1.12.1	-	570b28c1a91593b01c47faaec9d89e76e7aa74f6
com.amazonaws	aws-java-sdk-health	1.12.10	-	348e56a33e1d75f3d2be38081c18af987f3b5fc3
com.amazonaws	aws-java-sdk-health	1.12.100	-	8ebe7c60d9c5f6da8a0ba27e80d8c89b130b3ef5
com.amazonaws	aws-java-sdk-health	1.12.101	-	9e2e06f60835c9d037c5ad3c60e3539e3eadf291
com.amazonaws	aws-java-sdk-health	1.12.102	-	e4d99efc22870accb271d6cc0e9415b27a1665fb
com.amazonaws	aws-java-sdk-health	1.12.103	-	244b97c936499004f01b5ab81b4bf44f9e5cfd4a
com.amazonaws	aws-java-sdk-health	1.12.104	-	c119f9a5479b1db23f87caa00770fe1b8f1ae53a
com.amazonaws	aws-java-sdk-health	1.12.105	-	a5ed5b0b5ae830002c6e8178fe0b54bb1b97e502
com.amazonaws	aws-java-sdk-health	1.12.106	-	12c756a1b19de174ecd36b6e719f80a464af0650
com.amazonaws	aws-java-sdk-health	1.12.107	-	cc9dcf7e67978271e951d2ddd8a94403efc131a6
com.amazonaws	aws-java-sdk-health	1.12.108	-	80fbc093cb3d8c98037fd88a84b73952b921c104
com.amazonaws	aws-java-sdk-health	1.12.109	-	ce38c019ba527f4a085102f827b18a7f7b856110
com.amazonaws	aws-java-sdk-health	1.12.11	-	26c72cc823c132622d0d798251813a48cb650ddd
com.amazonaws	aws-java-sdk-health	1.12.110	-	f271dc8bd46c51e31bca497b6591dcb619e538f6
com.amazonaws	aws-java-sdk-health	1.12.111	-	fdad746921453a9133858fbc076be88aa75c4442
com.amazonaws	aws-java-sdk-health	1.12.112	-	bf8e2943aa3f4bb80709b39becee793df1b88e72
com.amazonaws	aws-java-sdk-health	1.12.113	-	d6c23f9971fbcd013729691ca84330d56a460a0c
com.amazonaws	aws-java-sdk-health	1.12.114	-	11b2a4eb072af8be2add822088b99cfb118daefb
com.amazonaws	aws-java-sdk-health	1.12.115	-	689fa38ea336bc0426c5c6be7e04ab100c47c0b8
com.amazonaws	aws-java-sdk-health	1.12.116	-	8f5cd1160c4b4274f19fd23beebffa2a5e7e37c1
com.amazonaws	aws-java-sdk-health	1.12.117	-	a2d48f0c424e0ce1fa74f2d8ee5f0508969d4264
com.amazonaws	aws-java-sdk-health	1.12.118	-	6434a3b757ddefc900d154db0954493a51c02197
com.amazonaws	aws-java-sdk-health	1.12.119	-	827f6fbf820f157cff7a59ec89ed1738565e9d8b
com.amazonaws	aws-java-sdk-health	1.12.12	-	3ba1906e121d4021aadb034beb559571d75cdfe2
com.amazonaws	aws-java-sdk-health	1.12.120	-	f1c0f83f2e89b1f8874c27e6b4ade89aa7c6d474
com.amazonaws	aws-java-sdk-health	1.12.121	-	8ddec85e8215b6e4b948a0965d6c70bebd26d88e
com.amazonaws	aws-java-sdk-health	1.12.122	-	8360ea92f4b109a3191b096c10aa8425efe79229
com.amazonaws	aws-java-sdk-health	1.12.123	-	e2cc9d2e3ae67fc67278f659eed2315ceac9f5b3
com.amazonaws	aws-java-sdk-health	1.12.124	-	7636f1673ae1904f64bf1efb203a77e58803b9c2
com.amazonaws	aws-java-sdk-health	1.12.125	-	5fffc181da86f726724af4b7036d59f54df12c57
com.amazonaws	aws-java-sdk-health	1.12.126	-	428c00998e8048c60452d5c5ded6095416d52170
com.amazonaws	aws-java-sdk-health	1.12.127	-	6b3b09086374466b54758aed4808b7372be5d118
com.amazonaws	aws-java-sdk-health	1.12.128	-	c51cf9d891445f90bd69d4f3a30a2bb58e7bca83
com.amazonaws	aws-java-sdk-health	1.12.129	-	5d6d829474e3e2a9478fbaf621dfafc9ebff3795
com.amazonaws	aws-java-sdk-health	1.12.13	-	6d21116e2011af714b790783c730c97af2b0608c
com.amazonaws	aws-java-sdk-health	1.12.130	-	71b6d9c74d508d526d0c6825a07a66728650e472
com.amazonaws	aws-java-sdk-health	1.12.131	-	d723621f89107892e5449624a516269349d521c8
com.amazonaws	aws-java-sdk-health	1.12.132	-	1e0be969f3d84e5edea737debde1e616d9f10ec1
com.amazonaws	aws-java-sdk-health	1.12.133	-	5bbfda52069db129d23a59f6e9c693e7a0a05d11
com.amazonaws	aws-java-sdk-health	1.12.134	-	04e070cdbad6173cce57b21ac7b96d01a18ac23a
com.amazonaws	aws-java-sdk-health	1.12.135	-	36c9da9242b79887cb97bf53ee731f111cef75ed
com.amazonaws	aws-java-sdk-health	1.12.136	-	f2d7429a1c45acd57a307c09a909c2d5b6e80db5
com.amazonaws	aws-java-sdk-health	1.12.137	-	ddecbb295e8c61f7dd9a73db42ef442094101d8e
com.amazonaws	aws-java-sdk-health	1.12.138	-	4acecf9a287d2f8238c253eccb3ab4f1f4a132ca
com.amazonaws	aws-java-sdk-health	1.12.139	-	a6e6a7c0b7ebcd49d8e19733eb10a21d86e57928
com.amazonaws	aws-java-sdk-health	1.12.14	-	a691b575a1bbc417888601da3589a7742c64cc9d
com.amazonaws	aws-java-sdk-health	1.12.140	-	e0b536e940a970121769989f8100f901875f90b6
com.amazonaws	aws-java-sdk-health	1.12.141	-	701ba8666984395d06d7aac8e89559301516c44b
com.amazonaws	aws-java-sdk-health	1.12.142	-	0dc14c5f73112d411eda3f05201378cc93f3aef4
com.amazonaws	aws-java-sdk-health	1.12.143	-	39c9985aa6619c698eb15c458a2aea80dc1fdc1b
com.amazonaws	aws-java-sdk-health	1.12.144	-	907dd689bfef78f31c9bfedf3ef580ae377dc0c8
com.amazonaws	aws-java-sdk-health	1.12.145	-	186e4a63a7fade0fcb2c89e42be9ec6e20252bb9
com.amazonaws	aws-java-sdk-health	1.12.146	-	338db42461fad5d84c38a87da175c28f4afebbfc
com.amazonaws	aws-java-sdk-health	1.12.147	-	2e1314f98bf1a39dce3f1714d293b3a4ab25078a
com.amazonaws	aws-java-sdk-health	1.12.148	-	57da905277e2de411d2ad3ac300c1636d2aa0b44
com.amazonaws	aws-java-sdk-health	1.12.149	-	2fe36503cced75b90a7a5f0f078e16916cfc3cf0
com.amazonaws	aws-java-sdk-health	1.12.15	-	6270d676f51bcb10554049944f2a6b90aaaad46b
com.amazonaws	aws-java-sdk-health	1.12.150	-	fdd3773828d550aa8fe58733165b4ac2a4cdd979
com.amazonaws	aws-java-sdk-health	1.12.151	-	d7a66e88eafcc5ce125b84888395e286be8368db
com.amazonaws	aws-java-sdk-health	1.12.152	-	2f187ae88da85035b032d2160d7a7e709fdee290
com.amazonaws	aws-java-sdk-health	1.12.153	-	02f66ee0fb446dce8ce92670e1e22c3b9d7c6a40
com.amazonaws	aws-java-sdk-health	1.12.154	-	4d581e145c46c097bf506091e24d8e554405e99a
com.amazonaws	aws-java-sdk-health	1.12.155	-	a477e1fe75843c269e6e5991746f8e67c65e2826
com.amazonaws	aws-java-sdk-health	1.12.156	-	74c39f5b2bac15deef107eb6c5324ad1bfe8b6b4
com.amazonaws	aws-java-sdk-health	1.12.157	-	f507dcac21c122eeba2175f193b0c9ca26e96e7b
com.amazonaws	aws-java-sdk-health	1.12.158	-	31e99cfbdc06e8c70ea5949b400ce180eccdf1e4
com.amazonaws	aws-java-sdk-health	1.12.159	-	9ebc80f3cf9c5a4c045989eceed9b0597c74c50f
com.amazonaws	aws-java-sdk-health	1.12.16	-	7001c3ed8bf24b604c7480adbfc567aac0f798ed
com.amazonaws	aws-java-sdk-health	1.12.160	-	470aae4be9a09345f920b0e9871949e002691252
com.amazonaws	aws-java-sdk-health	1.12.161	-	894f9a1164cdb7aceffefaf5729ed32b5dcf4741
com.amazonaws	aws-java-sdk-health	1.12.162	-	ed4f91cf49aaf8c1a919e92cc34329ace7e98596
com.amazonaws	aws-java-sdk-health	1.12.163	-	0a06b4ea9a7bc1f9556cfd83181502a2fe1157bb
com.amazonaws	aws-java-sdk-health	1.12.164	-	535f8725fe26a36c5758172dbba51834ea9ca2d2
com.amazonaws	aws-java-sdk-health	1.12.165	-	8f658b14449d8b164be3713846f83f9bbe7bcf1b
com.amazonaws	aws-java-sdk-health	1.12.166	-	95902e4e741096743fbbba228a28cbc5f9a8845e
com.amazonaws	aws-java-sdk-health	1.12.167	-	55f9f671e7bd4fdc605b3573ec415b0a1a84f5e9
com.amazonaws	aws-java-sdk-health	1.12.168	-	01e73336d93f17b7cd0e91520902b5ad8d23af91
com.amazonaws	aws-java-sdk-health	1.12.169	-	90c2676b9cb81885d861537efb6a6c221ecfa69b
com.amazonaws	aws-java-sdk-health	1.12.17	-	30f0098ee72d82c2a42a1c51a6b974121d0d109a
com.amazonaws	aws-java-sdk-health	1.12.170	-	614d06db47e543583a860ac75fcdf82b26b1e6af
com.amazonaws	aws-java-sdk-health	1.12.171	-	13cff3e45de1e8572016eb830e404cb98aa5567d
com.amazonaws	aws-java-sdk-health	1.12.172	-	20c8bdce8c72f36734ec72b4179d9fba88175aa9
com.amazonaws	aws-java-sdk-health	1.12.173	-	f88fe1d666a8e685fc56f8aee885964d72f2a5ab
com.amazonaws	aws-java-sdk-health	1.12.174	-	636efe6c1d3d06b3e0caf91445a96838267d2849
com.amazonaws	aws-java-sdk-health	1.12.175	-	50fbb57a9100580be829c68d0431729255adbae1
com.amazonaws	aws-java-sdk-health	1.12.176	-	8c5d17efb5fa2b2bd8e43b5be1a969a693273d11
com.amazonaws	aws-java-sdk-health	1.12.177	-	06304cd828d4904cc776a512d9fd80a563718d51
com.amazonaws	aws-java-sdk-health	1.12.178	-	f1b6995c0c03bd205d5a522449e29a3a909cb3e0
com.amazonaws	aws-java-sdk-health	1.12.179	-	66d7699dfce7854c3ea7cd97f8c343c7eaa14e48
com.amazonaws	aws-java-sdk-health	1.12.18	-	5939d54339247d906de23d300d2b2331cd30e09e
com.amazonaws	aws-java-sdk-health	1.12.180	-	643446e9ec7392af80ee9c4098892f6862c6dd2c
com.amazonaws	aws-java-sdk-health	1.12.181	-	cfb75c3913e502e9321acc3d71eb1ac927ef69a8
com.amazonaws	aws-java-sdk-health	1.12.182	-	85349cbc69f10b91688629be6f4566ac82fedf4c
com.amazonaws	aws-java-sdk-health	1.12.183	-	bb7890c7c0f717f6a17dd9e1b4d6f30f7431b340
com.amazonaws	aws-java-sdk-health	1.12.184	-	f42e1b629714cc96368a0c7df4fbdd2d400c7ef1
com.amazonaws	aws-java-sdk-health	1.12.185	-	febc3671dc130d52496d40dbbe003dfff08ece48
com.amazonaws	aws-java-sdk-health	1.12.186	-	04f04835d5e6d3501003fbf241d820d661d1a4d6
com.amazonaws	aws-java-sdk-health	1.12.187	-	ed5cf4b833a5e6955de1ff02c9bef5e869fdd6bc
com.amazonaws	aws-java-sdk-health	1.12.188	-	07080a37659b7694fdf13adde0c6e8bc5f649b01
com.amazonaws	aws-java-sdk-health	1.12.189	-	00832fd2d1f1e8ae15ed53dbd709a0827cdf886a
com.amazonaws	aws-java-sdk-health	1.12.19	-	67c87203603d9ed0cfceb1c8c72084cd7ca5a7b5
com.amazonaws	aws-java-sdk-health	1.12.190	-	3b050779d5a5058fc281e86c0f67947fa2e48613
com.amazonaws	aws-java-sdk-health	1.12.191	-	ab45c377e305080748ef9c0d7c4c75fbb879cbed
com.amazonaws	aws-java-sdk-health	1.12.192	-	4d74dbf49ac0c96fa56978104c97e67d878d6aff
com.amazonaws	aws-java-sdk-health	1.12.193	-	790580afb39b92ab12aec320acfc59bdb9ac8775
com.amazonaws	aws-java-sdk-health	1.12.194	-	58cfff45ea71752ad082b4dc84035edde47ba8f6
com.amazonaws	aws-java-sdk-health	1.12.195	-	b8aab00c3dd7dfe3db4a7ea8a0c7294a5598f901
com.amazonaws	aws-java-sdk-health	1.12.196	-	54f64ec9eb8521c32dcc50c1b951dd56587be71e
com.amazonaws	aws-java-sdk-health	1.12.197	-	5a8d596159ae60b468f10e12749624ddb8bc3fd3
com.amazonaws	aws-java-sdk-health	1.12.198	-	3b3aafd67bd4bbe13e2662b98502a566ae880129
com.amazonaws	aws-java-sdk-health	1.12.199	-	54addab89f1b7075f0e1c2d8d6c01d143eb8cc76
com.amazonaws	aws-java-sdk-health	1.12.2	-	32553373b8fa00975c881bdd72540ea964b22f47
com.amazonaws	aws-java-sdk-health	1.12.20	-	bad7bf6e5cba18362fe3ecdb82c3990823fb8167
com.amazonaws	aws-java-sdk-health	1.12.200	-	941f988bda1be5ce5efc0d7c7a5366e38cd1d525
com.amazonaws	aws-java-sdk-health	1.12.201	-	8c931da1f8cd8898194ab99d39c5b6a1efc76515
com.amazonaws	aws-java-sdk-health	1.12.202	-	5b81385e8778ebaa897a52ea3dc7b9ff2f16999e
com.amazonaws	aws-java-sdk-health	1.12.203	-	094d74ac5c532987b2cd74f03d5ac80be4498f58
com.amazonaws	aws-java-sdk-health	1.12.204	-	15c553c5dc77d4baa2ea4a0b0009ed608997c234
com.amazonaws	aws-java-sdk-health	1.12.205	-	dfd5ca6b5d3117ef9c0b78a35bd956674f1922ee
com.amazonaws	aws-java-sdk-health	1.12.206	-	a9996bd4adc6f2ab9ebc1dc9d9e7d29e193951d1
com.amazonaws	aws-java-sdk-health	1.12.207	-	9b9cc6135649c05e3d17310831c5b206b94fe387
com.amazonaws	aws-java-sdk-health	1.12.208	-	80bfed63952745b8efdf86eea395707fcc225ae4
com.amazonaws	aws-java-sdk-health	1.12.209	-	2f95aa2d6bdbfa090c31e36630a65bfbf6e1aff9
com.amazonaws	aws-java-sdk-health	1.12.21	-	c76299ebc54b8345551f9414b5d4a0146fec0d04
com.amazonaws	aws-java-sdk-health	1.12.210	-	9ce1df748f3f58f61fd9bf54724fd21e7b39fe02
com.amazonaws	aws-java-sdk-health	1.12.211	-	c7d52b11638b5b8a64288f5cec9276711338e0c2
com.amazonaws	aws-java-sdk-health	1.12.212	-	798ce26788f47e5794300d14ce43adb9727ee15a
com.amazonaws	aws-java-sdk-health	1.12.213	-	a9b3c191fd45019e267d9dd3b3100fde5f89396f
com.amazonaws	aws-java-sdk-health	1.12.214	-	15524cce1b396f29cc1520e334900d3ca85f3430
com.amazonaws	aws-java-sdk-health	1.12.215	-	f32bcd44d51e9ef7d04b3b749a433545bbf48695
com.amazonaws	aws-java-sdk-health	1.12.216	-	41a9352edb02f26cca481aa2797ee1c21af3ffb0
com.amazonaws	aws-java-sdk-health	1.12.217	-	a7410dbcf5ba461c9ecedd1d6846efe9b13eebc5
com.amazonaws	aws-java-sdk-health	1.12.218	-	cf2d3f4f58460588c2be95894f83cf3df8426c25
com.amazonaws	aws-java-sdk-health	1.12.219	-	e04a0efa91f505f5b2af854fbada4fa05c55b802
com.amazonaws	aws-java-sdk-health	1.12.22	-	3ed6341d9bd74d67c12ed5ef22044a1b4058520d
com.amazonaws	aws-java-sdk-health	1.12.220	-	9a5414c0fb3d5ac72cb776f593e8fb952ef11a0e
com.amazonaws	aws-java-sdk-health	1.12.221	-	f2b2e88bb14001a0a2850e9dd5fea7e64191ae5d
com.amazonaws	aws-java-sdk-health	1.12.222	-	271877910755347f58512eb6ee0257f7aac3e504
com.amazonaws	aws-java-sdk-health	1.12.223	-	16abddf5fcbfff3aa225ca417ab0b85510e7506e
com.amazonaws	aws-java-sdk-health	1.12.224	-	c9e8e890f6bccbcafa799718d6315bb873be9170
com.amazonaws	aws-java-sdk-health	1.12.225	-	48c3807b745d77844de28c242b2f4f6c8c1fad16
com.amazonaws	aws-java-sdk-health	1.12.226	-	ad09f255ff8778ade6e5b1e0ebac242214767e1e
com.amazonaws	aws-java-sdk-health	1.12.227	-	e95632a62d1e37a967eff90d446a439a552e1913
com.amazonaws	aws-java-sdk-health	1.12.228	-	80e2ceb9bf14b3371f219f30d429e73e93d6c530
com.amazonaws	aws-java-sdk-health	1.12.229	-	16c341adb639e3784a016433bd2ee5ab0a5e0a84
com.amazonaws	aws-java-sdk-health	1.12.23	-	6db53f04ccc9f94e98b9ff9600ff83e8054dc578
com.amazonaws	aws-java-sdk-health	1.12.230	-	a4505049fa83c545fe039ab55ea3f59b68aa5613
com.amazonaws	aws-java-sdk-health	1.12.231	-	0da0a72b1cb6438be1e74544b0b20005e6175e12
com.amazonaws	aws-java-sdk-health	1.12.232	-	55c6a82fca0998b35bf7d905f07c37ea8d065f4d
com.amazonaws	aws-java-sdk-health	1.12.233	-	0623797ff0e6c573bcf0e6ecf0618dcfb2d99bf5
com.amazonaws	aws-java-sdk-health	1.12.234	-	63f0ceee238ff79de574b6e28b341ffb00e042a0
com.amazonaws	aws-java-sdk-health	1.12.235	-	ed0b78ec3f12e34f7e9ba750223998b489b86e9f
com.amazonaws	aws-java-sdk-health	1.12.236	-	21bf8b4741e604da61a732b7e7e4d1fb52901443
com.amazonaws	aws-java-sdk-health	1.12.237	-	18739b3febeac12067f66e2105ae8706cc203e42
com.amazonaws	aws-java-sdk-health	1.12.238	-	17ead9d279f62b55c04c6dbd0f7ea8496320eb05
com.amazonaws	aws-java-sdk-health	1.12.239	-	947fcce8576cd8246a221fb56cfc2e290f54db24
com.amazonaws	aws-java-sdk-health	1.12.24	-	62bd0aa851dde8cee163bd59f20b0da960c5d5a5
com.amazonaws	aws-java-sdk-health	1.12.240	-	4ddccb7186c127500257bf170ed0a0f439bf4e30
com.amazonaws	aws-java-sdk-health	1.12.241	-	1b63d4be33bc9956c74c86dc1e3f0e5859048454
com.amazonaws	aws-java-sdk-health	1.12.242	-	cbba644bc9dc467985b82ab179241e3e4e9ef562
com.amazonaws	aws-java-sdk-health	1.12.243	-	e6aa2e42cb3b5a015e791d625bd5cdc244487c88
com.amazonaws	aws-java-sdk-health	1.12.244	-	ec4ff9a03a62276deec82849c61404b1d1f45b15
com.amazonaws	aws-java-sdk-health	1.12.245	-	80b033bd8c2b30ede0d2d3c2eb60e3c8d58e841a
com.amazonaws	aws-java-sdk-health	1.12.246	-	5665cba8a13b76772980bd82c758895ff182543e
com.amazonaws	aws-java-sdk-health	1.12.247	-	d96d5b5692963325789320c246e9e254d4928d34
com.amazonaws	aws-java-sdk-health	1.12.248	-	98e3b31ffdaf937c7676dcdb41954f9c556299b4
com.amazonaws	aws-java-sdk-health	1.12.249	-	186075bce57239e6937f855345dcc9e888784b9c
com.amazonaws	aws-java-sdk-health	1.12.25	-	5d50a59cd929a5c070ae765a469a14d96f30880a
com.amazonaws	aws-java-sdk-health	1.12.250	-	f4535b17297d4ed20af862dd7ce87e8d1d0accd0
com.amazonaws	aws-java-sdk-health	1.12.251	-	729ab4e9209b32b95a2bbea07a25c1079bec28b4
com.amazonaws	aws-java-sdk-health	1.12.252	-	54256ad54b299b0afaa520fd3824a017de2c3629
com.amazonaws	aws-java-sdk-health	1.12.253	-	38523cebf37e0b8e36ff94e0b58e6b6a0c5b379e
com.amazonaws	aws-java-sdk-health	1.12.254	-	ee8256c3eb04a04d7c1567dd99a747dd4ebbcc7e
com.amazonaws	aws-java-sdk-health	1.12.255	-	ba57e2bf41c0fdc87ee3d1491554721d83017325
com.amazonaws	aws-java-sdk-health	1.12.256	-	8adc0cb7211d9f5298fab7e129b2e46030faeb85
com.amazonaws	aws-java-sdk-health	1.12.257	-	0a0eb4fa2bccbf05913c85100de88b15a18da507
com.amazonaws	aws-java-sdk-health	1.12.258	-	862f595f371f2f8cd927dfe5974fb006863195e6
com.amazonaws	aws-java-sdk-health	1.12.259	-	19140857e2939d897626fdce9fc816aa6757f44b
com.amazonaws	aws-java-sdk-health	1.12.26	-	256e12b381306cc5e1462847ff5a1878a3117ff9
com.amazonaws	aws-java-sdk-health	1.12.260	-	7e4c18427145b153484fab06c3bde3a9893b7281
com.amazonaws	aws-java-sdk-health	1.12.261	-	e5d381bed76f4cdfcaa0a13e72e581edb18c4000
com.amazonaws	aws-java-sdk-health	1.12.262	-	dc47eb8fa7acb26df244cf243803ccc2f2dd20b4
com.amazonaws	aws-java-sdk-health	1.12.263	-	88a6222fc1335d5f4e8a27020d37f27d2cce37d4
com.amazonaws	aws-java-sdk-health	1.12.264	-	ed453a2e9ff8a22065eb3c5e6689d69a935917c9
com.amazonaws	aws-java-sdk-health	1.12.265	-	fcd45f99166b8afcc60bb86c2adc9ffa14648ffd
com.amazonaws	aws-java-sdk-health	1.12.266	-	e1f2ed8ac3ee5f9df32852597d54dd2d5bbc5da8
com.amazonaws	aws-java-sdk-health	1.12.267	-	363a4af952ec2089f36c0ea89462100843ca61a8
com.amazonaws	aws-java-sdk-health	1.12.268	-	ea50570a4622d37056c6b210010645f158716694
com.amazonaws	aws-java-sdk-health	1.12.269	-	45a9f60042316c454bafa4641b5c3486129a468a
com.amazonaws	aws-java-sdk-health	1.12.27	-	63780d73113b8fbbbc5e7f5e122b3e2ba6af30fc
com.amazonaws	aws-java-sdk-health	1.12.270	-	295fe850658a65643267cf87f249473287e05c18
com.amazonaws	aws-java-sdk-health	1.12.271	-	73489b1182532771c2ce9a158c3a0a77842bdb34
com.amazonaws	aws-java-sdk-health	1.12.272	-	59eca9f5667c4c52f13008a62005ba876f8bbbf1
com.amazonaws	aws-java-sdk-health	1.12.273	-	533330cc03622bbdbfaeaf19ff0b30badc2d28d1
com.amazonaws	aws-java-sdk-health	1.12.274	-	aa410cf23801103a11333b8915fcb1703560bde2
com.amazonaws	aws-java-sdk-health	1.12.275	-	c4441ab3ca0bae5a4faf9a8031bb7f444d0cffc1
com.amazonaws	aws-java-sdk-health	1.12.276	-	ef7a376bc51b40b548b9ef630bb44834bd38f1c9
com.amazonaws	aws-java-sdk-health	1.12.277	-	3a07b71229195b4aa0502975afa73b2d77149b76
com.amazonaws	aws-java-sdk-health	1.12.278	-	6e7a9a515558d071bd82c5c314ebda12367c411f
com.amazonaws	aws-java-sdk-health	1.12.279	-	ac22cdce5ab6aa35ace40768ead5dc75e9474472
com.amazonaws	aws-java-sdk-health	1.12.28	-	badd2664947a838d02730062fadad1cd1f9c96ad
com.amazonaws	aws-java-sdk-health	1.12.280	-	a9343500663708dd97921c5d4ea4a78fe066699c
com.amazonaws	aws-java-sdk-health	1.12.281	-	3cb35dc9f3654c8809620fdac7f842bd50b4e54a
com.amazonaws	aws-java-sdk-health	1.12.282	-	5deebb9a8125c1c6f2474c719fedd908cd9031e3
com.amazonaws	aws-java-sdk-health	1.12.283	-	33087dfba8b8dfd0da9b9514be1e046a8634856a
com.amazonaws	aws-java-sdk-health	1.12.284	-	b0814118329daac8a518cd071dba6e4c37116a9e
com.amazonaws	aws-java-sdk-health	1.12.285	-	3b28c144910266483f80a3dd64a84868bb37f2ac
com.amazonaws	aws-java-sdk-health	1.12.286	-	6b1c93dcaede6c64d8f0c916240fcbb0de5c4a83
com.amazonaws	aws-java-sdk-health	1.12.287	-	5746ae1abab2a1ec32bed2fbd8071a8c85c391b4
com.amazonaws	aws-java-sdk-health	1.12.288	-	b58d996f8bb2359223e042835f564fba0d921ed6
com.amazonaws	aws-java-sdk-health	1.12.289	-	68914ca51e0f06c5d2645503ef78200347ba9e81
com.amazonaws	aws-java-sdk-health	1.12.29	-	b5cd414a2a2e08fd4bf162e02be8d9a4d65381bd
com.amazonaws	aws-java-sdk-health	1.12.290	-	45edf5c286f7e9791ce605c8e4a4b433e93c5d5f
com.amazonaws	aws-java-sdk-health	1.12.291	-	4eca56b2ef605fb29ae2b898ac91126ac133ebc7
com.amazonaws	aws-java-sdk-health	1.12.292	-	7fea5235fe1d03bfc504d87ca9f5d4fd55f35881
com.amazonaws	aws-java-sdk-health	1.12.293	-	28fabeb736188ef6d7968fa26d6268205d908778
com.amazonaws	aws-java-sdk-health	1.12.294	-	d188a1d09d4020dbb3d03f6d498227d2d1a0d69f
com.amazonaws	aws-java-sdk-health	1.12.295	-	eac1be1cb8543c5dde7dec483168610c583d2684
com.amazonaws	aws-java-sdk-health	1.12.296	-	0c8a4ae4d967abe4bd26b9b273b7a804828c1309
com.amazonaws	aws-java-sdk-health	1.12.297	-	9fb3abbcaad6092f23c8524c7e6fd67bbc093601
com.amazonaws	aws-java-sdk-health	1.12.298	-	4f1df2efd375ab93194a5e904a575dfd41919911
com.amazonaws	aws-java-sdk-health	1.12.299	-	49aef74edabd9185d40f5ce065fcced04e8f04f5
com.amazonaws	aws-java-sdk-health	1.12.3	-	5ea49068f040cbd4c3813358ea6fe66b7c188739
com.amazonaws	aws-java-sdk-health	1.12.30	-	11ece7ac4f959907abb352bad6874da9a470600e
com.amazonaws	aws-java-sdk-health	1.12.300	-	b5298786ecde4c3eac87a389b1dc7f4cf81fefc2
com.amazonaws	aws-java-sdk-health	1.12.301	-	8bbf8879abf430f14d971cc88f9a49459b23b5ed
com.amazonaws	aws-java-sdk-health	1.12.302	-	0f3d49d287dabaea6dadaa6e2cb821c465c0c87d
com.amazonaws	aws-java-sdk-health	1.12.303	-	bd3c7244a3eee0ab19fec405c79a77378b6fb3df
com.amazonaws	aws-java-sdk-health	1.12.304	-	f361e985a33b29da18ce1eba13fbec7f079b91c5
com.amazonaws	aws-java-sdk-health	1.12.305	-	048b530a34895e15ee7707f7bd27fca9e44244dc
com.amazonaws	aws-java-sdk-health	1.12.306	-	757d2ab85a0a9887982fccc92294c96e81cbf68e
com.amazonaws	aws-java-sdk-health	1.12.307	-	cf82edca1b6b7bdc074f2fa864adefe6cc1b7e12
com.amazonaws	aws-java-sdk-health	1.12.308	-	3c086cdd2352648988c8f18343b9ce68104807a6
com.amazonaws	aws-java-sdk-health	1.12.309	-	01c2cdc52014eccb87a29fa74c01f9875b60d4ee
com.amazonaws	aws-java-sdk-health	1.12.31	-	d61fcddb545dbc80983dc7c329e050bfe3bf5b52
com.amazonaws	aws-java-sdk-health	1.12.310	-	2c6dad029151f74d890f3ea661edc26a66af2e17
com.amazonaws	aws-java-sdk-health	1.12.311	-	e169104c3a9f92f2b5489bed06ac970f790fcbdf
com.amazonaws	aws-java-sdk-health	1.12.312	-	a6b6b395ffe7ff31904c82e09cc01e11e0bae971
com.amazonaws	aws-java-sdk-health	1.12.313	-	8bc1c927ae49d06361bdd9e0210f327c5f79fdf7
com.amazonaws	aws-java-sdk-health	1.12.314	-	c94ff22cf9804c07c081942ec83a13a744f2ac1b
com.amazonaws	aws-java-sdk-health	1.12.315	-	d7703ad9c453d6f5d3ab1eb05619148ee67d25c8
com.amazonaws	aws-java-sdk-health	1.12.316	-	22ad83d480bb3156ca1269c1ae9683a7117c4c4e
com.amazonaws	aws-java-sdk-health	1.12.317	-	89a03242c42f724231f65fdd599d19847cc003a3
com.amazonaws	aws-java-sdk-health	1.12.318	-	e7d2d964be1f172e04434794425d0e6d3be612c3
com.amazonaws	aws-java-sdk-health	1.12.319	-	c53b07f689c922c9a76c2da45d39f407f058a752
com.amazonaws	aws-java-sdk-health	1.12.32	-	5f2531e41c6b6540d51e9ea0d36b39f741807e32
com.amazonaws	aws-java-sdk-health	1.12.320	-	287629e2516978c983b189da74c07921387d2744
com.amazonaws	aws-java-sdk-health	1.12.321	-	fe9736556499599b9449a44875aa9be969315c45
com.amazonaws	aws-java-sdk-health	1.12.322	-	afb2be0cc7817ba3cca975d5664ab60af1861b03
com.amazonaws	aws-java-sdk-health	1.12.323	-	f2efdef8c21bb74e393b29972de6648167fbf0f8
com.amazonaws	aws-java-sdk-health	1.12.324	-	828c50d7053fd70dbb13a72959f7ca5e50f602d6
com.amazonaws	aws-java-sdk-health	1.12.325	-	317a6382bf9e61e4f6735f177b83873b5e5f1942
com.amazonaws	aws-java-sdk-health	1.12.326	-	0bc1cfa2b75f2bc26102cb483e98213462e8128a
com.amazonaws	aws-java-sdk-health	1.12.327	-	183af83cbf0aba3410daf86fc22037339b16f5f9
com.amazonaws	aws-java-sdk-health	1.12.328	-	85c66eb703711bdcfb798d5a10586252de1c8d38
com.amazonaws	aws-java-sdk-health	1.12.329	-	07a4d9c22d2e97ce552aa7c7f3c517a21e59c837
com.amazonaws	aws-java-sdk-health	1.12.33	-	699d462b1a35b3c847396b5c26820e0f360bcd1a
com.amazonaws	aws-java-sdk-health	1.12.330	-	9d620ebbe3ceab42cc871b0db409048319e89fee
com.amazonaws	aws-java-sdk-health	1.12.331	-	b101ca9ec0318f87407caa1dd01b1c5d25f728e1
com.amazonaws	aws-java-sdk-health	1.12.332	-	ce9a2c9ca4e9f2310e20f4fe828e2a49d2d1427a
com.amazonaws	aws-java-sdk-health	1.12.333	-	ab53da316398d359f9bc8a1cd245b889b9b7f9f6
com.amazonaws	aws-java-sdk-health	1.12.334	-	fc6416aca64325fa7b66811753ac39deb6e41093
com.amazonaws	aws-java-sdk-health	1.12.335	-	16e4fed905db9f3389a915cab0866bc7e0cbb5d5
com.amazonaws	aws-java-sdk-health	1.12.336	-	938ff7946ae0b99c5083208dd223ff604c16cd65
com.amazonaws	aws-java-sdk-health	1.12.337	-	b21105f9aa6750e9ed1efca2d6cd80c6ea7c163e
com.amazonaws	aws-java-sdk-health	1.12.338	-	a6779b7d6b23bc9d4d86d56cdbd6cd38fb315f5f
com.amazonaws	aws-java-sdk-health	1.12.339	-	93a8cbb5fdafe374f8fc13845e0f776abfff1119
com.amazonaws	aws-java-sdk-health	1.12.34	-	b8107e1c858efdabc0fe35578d3da5782b3675b8
com.amazonaws	aws-java-sdk-health	1.12.340	-	0b2c73ebd6e9deccf014f2539477061554f4f130
com.amazonaws	aws-java-sdk-health	1.12.341	-	3130206cc55c65a6be5330bf657b8434f113e94f
com.amazonaws	aws-java-sdk-health	1.12.342	-	0927d43bfd502bd8fee33c42a1af3eddc3785456
com.amazonaws	aws-java-sdk-health	1.12.343	-	7a7bfb39f3dddbd360352c16b0128c9ab5ad29e0
com.amazonaws	aws-java-sdk-health	1.12.344	-	0531f5d822098b475b3d7bf81edd704f0bdd9d9f
com.amazonaws	aws-java-sdk-health	1.12.345	-	5b2371aa7e33564b73b10527b3e2db27366acfcc
com.amazonaws	aws-java-sdk-health	1.12.346	-	460e1ed79135efe0d8a3edbe6fb40467a37bc8e3
com.amazonaws	aws-java-sdk-health	1.12.347	-	2866838b3847e12835a83771722ff8c8287e10b0
com.amazonaws	aws-java-sdk-health	1.12.348	-	f0db563057960369e003b5b9be705ac3722bf74e
com.amazonaws	aws-java-sdk-health	1.12.349	-	4e9ef0da3cae174f3e1a3f5e024453dbdc6ea337
com.amazonaws	aws-java-sdk-health	1.12.35	-	4ff809a10dbb622e5afb822f13831c8e3e5f0e1d
com.amazonaws	aws-java-sdk-health	1.12.350	-	7f98efaf40103dfb5358956ba93f43573c6dbeee
com.amazonaws	aws-java-sdk-health	1.12.351	-	b64651224a8707a77f40548f30c8ffb506c372ca
com.amazonaws	aws-java-sdk-health	1.12.352	-	12e267a21764f67d835862462e02168ea41baacb
com.amazonaws	aws-java-sdk-health	1.12.353	-	3959a43f3a4933056f5ac525bfec9f4984e277d1
com.amazonaws	aws-java-sdk-health	1.12.354	-	6d25cb6a202a3a7625555dde5553c3e270a90064
com.amazonaws	aws-java-sdk-health	1.12.355	-	4a264fb45210d1b1cddb951bb0d9384301800f61
com.amazonaws	aws-java-sdk-health	1.12.356	-	9dccd2872680fb0dc0c446aab0def398bc4a2a71
com.amazonaws	aws-java-sdk-health	1.12.357	-	2b706c826737de9645dd6998c64064dea65d78ae
com.amazonaws	aws-java-sdk-health	1.12.358	-	43d7360dea52f7e8628cadae799273958f79cb0e
com.amazonaws	aws-java-sdk-health	1.12.359	-	00dacbe462a96ad7d2b457ba8b8dd252a18aca91
com.amazonaws	aws-java-sdk-health	1.12.36	-	0d89f328235593dd4e1f540b8fc1409071cc7616
com.amazonaws	aws-java-sdk-health	1.12.360	-	0e178e3e31cc03569047e0a285ffd804c8a92eb6
com.amazonaws	aws-java-sdk-health	1.12.361	-	dff7bf6ef6d9b7c56e5545baec484f7fb75ad50a
com.amazonaws	aws-java-sdk-health	1.12.362	-	a7dbe06f91f72ea187f6b1df334170a0f1622281
com.amazonaws	aws-java-sdk-health	1.12.363	-	aabb0310f6ca593af68f22dfedb848273ca98d33
com.amazonaws	aws-java-sdk-health	1.12.364	-	9f95c1c0193649dc75811d72eeb2db35bce67b9f
com.amazonaws	aws-java-sdk-health	1.12.365	-	eec1fb6cde6f925bfab65826a400396620d619fb
com.amazonaws	aws-java-sdk-health	1.12.366	-	16171ad482ba9ae90245de08cf5bfa66ff21ca4b
com.amazonaws	aws-java-sdk-health	1.12.367	-	c80d7254172df0dc8dc284ca0fd57e3009e042a9
com.amazonaws	aws-java-sdk-health	1.12.368	-	9564a626ee1f8f37f220f43f42703a61e86bb6f6
com.amazonaws	aws-java-sdk-health	1.12.369	-	dfbfe41378d7cd34af8aab68567f476f4a434522
com.amazonaws	aws-java-sdk-health	1.12.37	-	942efd3638f1692f59146de18dd2547cc80ac8e4
com.amazonaws	aws-java-sdk-health	1.12.370	-	99872a3e3a07e9abf35f6957ef6b07f6e2499fb7
com.amazonaws	aws-java-sdk-health	1.12.371	-	3ecebe039125621d9eafe3601d2d860a7a588d1d
com.amazonaws	aws-java-sdk-health	1.12.372	-	e0b061249bc0c0e250b425892860400d3cdffbc6
com.amazonaws	aws-java-sdk-health	1.12.373	-	6352bae30ae1cb5c391087d4209ed7a0945c3a04
com.amazonaws	aws-java-sdk-health	1.12.374	-	f71b2e08e42ef2f6a4ec81f79914771089bfdae3
com.amazonaws	aws-java-sdk-health	1.12.375	-	ed72ccbb979a03418f186c84627a8a697cb179aa
com.amazonaws	aws-java-sdk-health	1.12.376	-	dbc6d110a5a468425fd951da3f86f3db5cd0633f
com.amazonaws	aws-java-sdk-health	1.12.377	-	0b2745695c83c37e4862d2a0bc9d4d520dd16911
com.amazonaws	aws-java-sdk-health	1.12.378	-	18e018843fe34106dc91fc1124dca98d3b90ab68
com.amazonaws	aws-java-sdk-health	1.12.379	-	88744ab3454d134c8af132ac20586e07c2dd368b
com.amazonaws	aws-java-sdk-health	1.12.38	-	1696796c7d1f625e1a4c62acfb814403ae14e347
com.amazonaws	aws-java-sdk-health	1.12.380	-	2f101e2d64f351d6e45113d322288b42e5bd5103
com.amazonaws	aws-java-sdk-health	1.12.381	-	3d97359db84a7de6bbdae1dcc79cb4dae284d6cf
com.amazonaws	aws-java-sdk-health	1.12.382	-	5571274613e6860aa2db1360cb19c20e8f2c139d
com.amazonaws	aws-java-sdk-health	1.12.383	-	b47cd01dd168b96281fdc306ec43a6973488adbc
com.amazonaws	aws-java-sdk-health	1.12.384	-	eeba786cf04cc89ab0cc68637c34bc9dfd94b001
com.amazonaws	aws-java-sdk-health	1.12.385	-	ad06f9daa0a356220aa558e878fff60f6e05b066
com.amazonaws	aws-java-sdk-health	1.12.386	-	8ab3b7c994610933f96245159f5bc6610c162840
com.amazonaws	aws-java-sdk-health	1.12.387	-	aba059bda1e35ccadca0f7201f42c9c0d1df450c
com.amazonaws	aws-java-sdk-health	1.12.388	-	fce17a5d0d596e529ec570ff29daac2f61d60484
com.amazonaws	aws-java-sdk-health	1.12.389	-	25085ca19868fcbb1030b3ca92fa893a24fcb593
com.amazonaws	aws-java-sdk-health	1.12.39	-	b7165d0b6ae6a1a4246ab74173eb8d273a859468
com.amazonaws	aws-java-sdk-health	1.12.390	-	45b5b3284ddc41fff49e3a38faee23fcfdc4a1d6
com.amazonaws	aws-java-sdk-health	1.12.391	-	8106d29fe98b68e377af3ad8c49ae43cff5464b8
com.amazonaws	aws-java-sdk-health	1.12.392	-	e2c67482a1ccb194f4a6cb2e4e5ba08d54ebb096
com.amazonaws	aws-java-sdk-health	1.12.393	-	765154e6f03ab56c95bb7323c98f9900275fb70b
com.amazonaws	aws-java-sdk-health	1.12.394	-	bd37df438d819919f3f40cf15650ba66c3dc3aa2
com.amazonaws	aws-java-sdk-health	1.12.395	-	4d7a615e3a0104d74a007b08aac28be2085d11b6
com.amazonaws	aws-java-sdk-health	1.12.396	-	d78465586579c567c8e986a51e0389d7bde744b0
com.amazonaws	aws-java-sdk-health	1.12.397	-	895667cdc34ef53e472c9792c5e51767176405f7
com.amazonaws	aws-java-sdk-health	1.12.398	-	c3f3dd4bf61117157f18ea9da5faa9be0413660e
com.amazonaws	aws-java-sdk-health	1.12.399	-	c893a09d7e136c8e6413a52bd0a58a047ad28fad
com.amazonaws	aws-java-sdk-health	1.12.4	-	8af72e80327335c971dde9362f015ec607674631
com.amazonaws	aws-java-sdk-health	1.12.40	-	b1a870a6f00d49d1fb7c68ebbdde261c14189886
com.amazonaws	aws-java-sdk-health	1.12.400	-	ee01bf5839a40da6d13f0d2b2e36e44c89fb6cbb
com.amazonaws	aws-java-sdk-health	1.12.401	-	efceaa85618491be989094886545d7a389a8e694
com.amazonaws	aws-java-sdk-health	1.12.402	-	2a319d8bfd7c172abc76865f3efa12400af59222
com.amazonaws	aws-java-sdk-health	1.12.403	-	9e14b93838c0c643fe4f6509184aa99588249a8e
com.amazonaws	aws-java-sdk-health	1.12.404	-	32264b2745f7f232a53326f5e1507f0fdc2f9251
com.amazonaws	aws-java-sdk-health	1.12.405	-	acc592b5d67dd285233d191ab83ec000f3670427
com.amazonaws	aws-java-sdk-health	1.12.406	-	36f5c383af6d880ac28d0c45ebc5738a9d2cce85
com.amazonaws	aws-java-sdk-health	1.12.407	-	47361203e3122aab99affcaa72d2fa30b7bdeda1
com.amazonaws	aws-java-sdk-health	1.12.408	-	a25b58ee9666a4a86d25d0e75b867b08904535eb
com.amazonaws	aws-java-sdk-health	1.12.409	-	34adce943bb11e9616ab2a98740a126e50760f12
com.amazonaws	aws-java-sdk-health	1.12.41	-	4df429d43685e3eeddec0f83432d266d60155212
com.amazonaws	aws-java-sdk-health	1.12.410	-	ef0f4cbc674d215f2cd5cda1362bab0b085ec400
com.amazonaws	aws-java-sdk-health	1.12.411	-	aa25986cd4b5dcb59ae89440733d64c4b249fdfd
com.amazonaws	aws-java-sdk-health	1.12.412	-	cf7e69d9bbd9e3a1aed2a0ab248bd6442aa87c17
com.amazonaws	aws-java-sdk-health	1.12.413	-	35a1266284ee4094c692798b79751ae799509388
com.amazonaws	aws-java-sdk-health	1.12.414	-	f6572ca1e7a0d4066ce523fde98aefa15a4aa7d3
com.amazonaws	aws-java-sdk-health	1.12.415	-	1e90e2e85a93ad90b9d45f492affe3f74a850428
com.amazonaws	aws-java-sdk-health	1.12.416	-	9647e9c81be32820ae218cbc579bdaf47f0900b8
com.amazonaws	aws-java-sdk-health	1.12.417	-	fa4402636a0d374ce78576015f3785ee703fe613
com.amazonaws	aws-java-sdk-health	1.12.418	-	da051587d2970a0fc28c95b8e91579ab1d741fe6
com.amazonaws	aws-java-sdk-health	1.12.419	-	9ec93055e76ce7ef36114dad771c248b9ea3452d
com.amazonaws	aws-java-sdk-health	1.12.42	-	e1f4d086e0b8d580719cfefe4afdae19afc4bbd3
com.amazonaws	aws-java-sdk-health	1.12.420	-	0ded6cb181394d30d9df089954bc11df6a8b4953
com.amazonaws	aws-java-sdk-health	1.12.421	-	a5d4f8f8fdabf431d0f1b2a3b0b889b011e95cde
com.amazonaws	aws-java-sdk-health	1.12.422	-	839579d53c9b9f24bbb47c1c9b086382854e699b
com.amazonaws	aws-java-sdk-health	1.12.423	-	39a89b97159ceafa026e2808db99fb858a30b14e
com.amazonaws	aws-java-sdk-health	1.12.424	-	58d10b956c8c28645d168051d05038397437e48d
com.amazonaws	aws-java-sdk-health	1.12.425	-	6fb4204bc37dc98f2ed1abcc24e645e0acb378e7
com.amazonaws	aws-java-sdk-health	1.12.426	-	47f65256f12900f32122a19ee03fb7051368b1b4
com.amazonaws	aws-java-sdk-health	1.12.427	-	7caab95121d8db9cff8c0f756983c89f0894c55e
com.amazonaws	aws-java-sdk-health	1.12.428	-	b0af50a2ab28da31bd0875adafc240c7d2b5e708
com.amazonaws	aws-java-sdk-health	1.12.429	-	fcad0ade9a5a3c89dc87bab26902d95c2663af69
com.amazonaws	aws-java-sdk-health	1.12.43	-	d78feb682b7c5f4409145ced0462a971c0fe465b
com.amazonaws	aws-java-sdk-health	1.12.430	-	2b8a764cf3cd5fedb29e0540b2aaa0df174e6c21
com.amazonaws	aws-java-sdk-health	1.12.431	-	cb6624a6a3aa7f0246e03698ba4f42dd63b8cba6
com.amazonaws	aws-java-sdk-health	1.12.432	-	a16fda79d2cc5375c4d2ae58d592cf64675893ea
com.amazonaws	aws-java-sdk-health	1.12.433	-	45355f747888e6eff1ef727b8401d8d8cb0b93a8
com.amazonaws	aws-java-sdk-health	1.12.434	-	27d119b09227aa7ef443fc65d98f516b4fd7ae9d
com.amazonaws	aws-java-sdk-health	1.12.435	-	6b496b976e98ad66afa176f63d78af789523ccbe
com.amazonaws	aws-java-sdk-health	1.12.436	-	722b20225e0a514c07152fec2e05b24516c4800c
com.amazonaws	aws-java-sdk-health	1.12.437	-	f89a906ce5b4601bf4217c9f133b3f21299577c8
com.amazonaws	aws-java-sdk-health	1.12.438	-	0f3bbd8514a37113a21ddd33e8547226966ff68b
com.amazonaws	aws-java-sdk-health	1.12.439	-	191bcc09ba0763aee10f72a3e48fc4e1b65af7bd
com.amazonaws	aws-java-sdk-health	1.12.44	-	8f814c1a35f3326203b4165f6774cc1fb8e63582
com.amazonaws	aws-java-sdk-health	1.12.440	-	fa32a4c11a00531bb1ba69342c822b65fd9f27e2
com.amazonaws	aws-java-sdk-health	1.12.441	-	b4f5163cdf69fbfed077e0c474c7e8bdeb4faea2
com.amazonaws	aws-java-sdk-health	1.12.442	-	2f4cf4f2532dbcc2ab5736cb989c6244fa3c0df8
com.amazonaws	aws-java-sdk-health	1.12.443	-	862632f30a94fe17106c481ef8b71ffde5aae466
com.amazonaws	aws-java-sdk-health	1.12.444	-	ce53d1a336c9ab3ed1080e523da8eb1b04772531
com.amazonaws	aws-java-sdk-health	1.12.445	-	7e7dbb5b85e827f29c1d42ac3d5210330c96ec29
com.amazonaws	aws-java-sdk-health	1.12.446	-	d14959584aa476cfadc57df104bc349d2eafdc76
com.amazonaws	aws-java-sdk-health	1.12.447	-	e3ad8b48a7a6a5d332362f8843940f7e8009ff1e
com.amazonaws	aws-java-sdk-health	1.12.448	-	c4e7ce5793f84cbcc5fb2ce52cec0f97e0dc4971
com.amazonaws	aws-java-sdk-health	1.12.449	-	11794ebe7b38d925053b3fe82f4c3ce83456eaba
com.amazonaws	aws-java-sdk-health	1.12.45	-	3a25ab2427b417114116d8ab3422cc00b32f8445
com.amazonaws	aws-java-sdk-health	1.12.450	-	9373d4e2b2b7be5cba106769f98049767a9f1159
com.amazonaws	aws-java-sdk-health	1.12.451	-	e03dfab29fb3cb95202d6332bbe8da779f17305f
com.amazonaws	aws-java-sdk-health	1.12.452	-	b8bdd2fd4eb48214f1f33c194f600d9a702b8c34
com.amazonaws	aws-java-sdk-health	1.12.453	-	4d38c14a99f3184fd5e0e70ac23cc2f6b02a58a0
com.amazonaws	aws-java-sdk-health	1.12.454	-	3dd4c98c209890f746f9d89265b640ed72fc9b22
com.amazonaws	aws-java-sdk-health	1.12.455	-	2ce33d4b0685e39fb9fbef01793e27c83b70186a
com.amazonaws	aws-java-sdk-health	1.12.456	-	7bf095fdf880383f5042272cb6a6db302b0f770e
com.amazonaws	aws-java-sdk-health	1.12.457	-	6c08b937ca54f0721f41b7fdbd5a6fb83cc18a24
com.amazonaws	aws-java-sdk-health	1.12.458	-	6cb37593e641372e6731ac97c24688d05749c7d1
com.amazonaws	aws-java-sdk-health	1.12.459	-	c353e4f65e2c1c6fcff7e1bff0ed763365459f8f
com.amazonaws	aws-java-sdk-health	1.12.46	-	3295fd3ef915f80d48741e2b268153e1b829528d
com.amazonaws	aws-java-sdk-health	1.12.460	-	c96b5fdf7e1486d0d523f5261cb6a76e0051ed2d
com.amazonaws	aws-java-sdk-health	1.12.461	-	2a9616f433c87c78b1a370f5a0471b0c24eac026
com.amazonaws	aws-java-sdk-health	1.12.462	-	2e957b0c9079fac0c197ffec8c01b03a6107252b
com.amazonaws	aws-java-sdk-health	1.12.463	-	5251627b6b9e85f6dd78449c36884e391bfc021c
com.amazonaws	aws-java-sdk-health	1.12.464	-	55507efa9b67a4aa3774b0aaec7888179db28b8c
com.amazonaws	aws-java-sdk-health	1.12.465	-	e69c1cd1bcdf2d2394542870e2e9988f52f95328
com.amazonaws	aws-java-sdk-health	1.12.466	-	1220c879e98db0f56ad575af8bd1815af283fb0c
com.amazonaws	aws-java-sdk-health	1.12.467	-	3718f7eba8d201b627033a2427b37cd39b6f549f
com.amazonaws	aws-java-sdk-health	1.12.468	-	fe4e1295a12641fa087061fbcfae882afa4b61c3
com.amazonaws	aws-java-sdk-health	1.12.469	-	7b8e8ef91d165ab05884fdba8bf46de200a9b108
com.amazonaws	aws-java-sdk-health	1.12.47	-	d63acf62e9690fe9987f7ad7308bc637d653d599
com.amazonaws	aws-java-sdk-health	1.12.470	-	8dbe3683c1bd9ebed31e0f3dbfdf79b3a3de70be
com.amazonaws	aws-java-sdk-health	1.12.471	-	23ae2b83145a61f6a6a82762c27063866d12d104
com.amazonaws	aws-java-sdk-health	1.12.472	-	24c5477f557170478abb4a99d6aad88148115bde
com.amazonaws	aws-java-sdk-health	1.12.473	-	17b236c6a900a4e7d68e891cc3ca070848cf48e8
com.amazonaws	aws-java-sdk-health	1.12.474	-	1026e3bc2c8c6ec8fe1f6e338ada86eaed3ea168
com.amazonaws	aws-java-sdk-health	1.12.475	-	173d1a1e10993bc51f8deaa384292a40b675fa13
com.amazonaws	aws-java-sdk-health	1.12.476	-	b3461c68f12f34f48e0e7b6fc6e2b8d2c7eed354
com.amazonaws	aws-java-sdk-health	1.12.477	-	7d800408186b1724a111b5294423e657644d414a
com.amazonaws	aws-java-sdk-health	1.12.478	-	68ee4c3b74aee61e835cbb1ab186e2da6445e41f
com.amazonaws	aws-java-sdk-health	1.12.479	-	9df2d7d1920cbcafba94f6d99b80cd9034ceaaea
com.amazonaws	aws-java-sdk-health	1.12.48	-	d563d997f66fd1d337952a877e70a5a7bc38ecef
com.amazonaws	aws-java-sdk-health	1.12.480	-	8196a3993c2e0b48afe7ae861951cc89aa5e87a0
com.amazonaws	aws-java-sdk-health	1.12.481	-	4ff55ea9da477a73725a1dc4cce0ca6166d1a38f
com.amazonaws	aws-java-sdk-health	1.12.482	-	77ae2d138451010cb7f278c5e908a528bd10523e
com.amazonaws	aws-java-sdk-health	1.12.483	-	a956794e8011a1ce0db5bd9973321e3858291649
com.amazonaws	aws-java-sdk-health	1.12.484	-	313c1b8e0759fd284eafd015aa138fd4f04f15dd
com.amazonaws	aws-java-sdk-health	1.12.485	-	3d2d372e82228a810b42bb843c956714bc47df39
com.amazonaws	aws-java-sdk-health	1.12.486	-	0d11b926e57a6f10aebb31f07272bc410ddd94a7
com.amazonaws	aws-java-sdk-health	1.12.487	-	8b56a6e35a8eee3e5cf651a818568b6349582014
com.amazonaws	aws-java-sdk-health	1.12.488	-	79e4afffbc2cd592239e1a738e5bd3edb60e1915
com.amazonaws	aws-java-sdk-health	1.12.489	-	fd3f04d65b9e37edfea835b9a1ca9c49a229a87a
com.amazonaws	aws-java-sdk-health	1.12.49	-	45afd509f1ac0bad1571c0f213c8640825978aad
com.amazonaws	aws-java-sdk-health	1.12.490	-	340b6e84cce211b18aec6b7d5d30639e5bc7e299
com.amazonaws	aws-java-sdk-health	1.12.491	-	e5abba8d81e609ab9382fb61b158f8d303be08cf
com.amazonaws	aws-java-sdk-health	1.12.492	-	7e9f2919eebef73e957c0634b48a049be66c332a
com.amazonaws	aws-java-sdk-health	1.12.493	-	de48d3f2efd6b228a3d09930e7bb1d0e36999217
com.amazonaws	aws-java-sdk-health	1.12.494	-	f57d54d8493e3a04820a60bb65f4352b651f9f12
com.amazonaws	aws-java-sdk-health	1.12.495	-	46c32d3e4c24a4d23bed9be6f45ddcaaacf52590
com.amazonaws	aws-java-sdk-health	1.12.496	-	0929d5760a0655a823f949938e1c98f49cae5230
com.amazonaws	aws-java-sdk-health	1.12.497	-	d491509da0d3d46065f8bac9a396deb999a9c704
com.amazonaws	aws-java-sdk-health	1.12.498	-	655e451fd9aba14beb0487e2274817c015c6132e
com.amazonaws	aws-java-sdk-health	1.12.499	-	af91734095bd1d88a1dbcaf22870570eea74a58a
com.amazonaws	aws-java-sdk-health	1.12.5	-	fa901d455953213d4459c08eb6b8b19d0613e56b
com.amazonaws	aws-java-sdk-health	1.12.50	-	86548d2c9b703b6918181e0e1271797b8dca5b51
com.amazonaws	aws-java-sdk-health	1.12.500	-	d04eead1319aebfb8d694a955b8c7d0668f7edbe
com.amazonaws	aws-java-sdk-health	1.12.501	-	54d18003c1bd990bb51e91313e81f159d85e4785
com.amazonaws	aws-java-sdk-health	1.12.502	-	55e06a2e65318c9e1a0ba55fc37fc198bcd0fb23
com.amazonaws	aws-java-sdk-health	1.12.503	-	bd46054290bf2ae709159a551ddc68b9b4650422
com.amazonaws	aws-java-sdk-health	1.12.504	-	df94605b4d6527a0130668699fa40f7d67377953
com.amazonaws	aws-java-sdk-health	1.12.505	-	a3967bfbd7c0c99ca4bb38dac4cff14ac16d8755
com.amazonaws	aws-java-sdk-health	1.12.506	-	9d70fd47e31a5d82a1796a93fc6f92354e3612fe
com.amazonaws	aws-java-sdk-health	1.12.507	-	53c35181855340958e1761ae22281f2fac248e1a
com.amazonaws	aws-java-sdk-health	1.12.508	-	366791f33f20eaa9fe579f6d280ca54175d1dab2
com.amazonaws	aws-java-sdk-health	1.12.509	-	6bfa1a96307002b990240a826b9e8ee9c735c8fa
com.amazonaws	aws-java-sdk-health	1.12.51	-	2946921e6e1f432767aa0a87baf32e1201293e39
com.amazonaws	aws-java-sdk-health	1.12.510	-	1638526ac0671524ec4cd0df559b4c6cafc1b9f2
com.amazonaws	aws-java-sdk-health	1.12.511	-	a6210fbd735bc6dce980b1bef0a52d7a1f43de25
com.amazonaws	aws-java-sdk-health	1.12.512	-	f7eeddbf97a246b2a3a8f61db9a9b1d8cb7e76fb
com.amazonaws	aws-java-sdk-health	1.12.513	-	0d81d2e6b9698f9d4b7cdaaae6df774f7c73065d
com.amazonaws	aws-java-sdk-health	1.12.514	-	87d2601f78b4b47702c83bf7fff9b0641683da51
com.amazonaws	aws-java-sdk-health	1.12.515	-	02e60f0115b2609618c08375221e7de4a23a7bea
com.amazonaws	aws-java-sdk-health	1.12.516	-	1e804e8e8f8e0c3d9e067ba87ac943aadfa5b34c
com.amazonaws	aws-java-sdk-health	1.12.517	-	77d0f32c78bc58ec3e7ea18e32f5d03000e8c151
com.amazonaws	aws-java-sdk-health	1.12.518	-	1aeb4438f060b7d8a45eaeb8c5afa2c1c10beb6a
com.amazonaws	aws-java-sdk-health	1.12.519	-	0632404eced792a32f95cd83d7a7e7729536fa78
com.amazonaws	aws-java-sdk-health	1.12.52	-	efe643deba21a0c23c55175d62bca48f27514e4f
com.amazonaws	aws-java-sdk-health	1.12.520	-	fd5ab2188d4a8e18c7114047e1558cc5e6bfa50e
com.amazonaws	aws-java-sdk-health	1.12.521	-	98fb4cd49fd9507474dfb3ed4b7c001832cde779
com.amazonaws	aws-java-sdk-health	1.12.522	-	485480a94f0102a5c8104126cde9d479211c9783
com.amazonaws	aws-java-sdk-health	1.12.523	-	221ec411c801ee90b0df0a3f77000f7433980c7d
com.amazonaws	aws-java-sdk-health	1.12.524	-	1bced772da11cc361a987185c25b5fae55c963b1
com.amazonaws	aws-java-sdk-health	1.12.525	-	06c47535502722a3d0512b7f936d6c71489818bd
com.amazonaws	aws-java-sdk-health	1.12.526	-	e65c282633dcaebb70d526e997aa7f5d44675c9d
com.amazonaws	aws-java-sdk-health	1.12.527	-	57915bdfeb491d84639d10d3f99f9b61d2bee9aa
com.amazonaws	aws-java-sdk-health	1.12.528	-	4825c495a94f5bc550f4dd077f533634defb0fee
com.amazonaws	aws-java-sdk-health	1.12.529	-	066ed5b499f1b564150a80be4570397de76819a2
com.amazonaws	aws-java-sdk-health	1.12.53	-	63d5d9cfa92a54022c404c35b16b619de9af67a1
com.amazonaws	aws-java-sdk-health	1.12.530	-	db2d737f3561585b773681459df646a7a74914f2
com.amazonaws	aws-java-sdk-health	1.12.531	-	6f85b7b66f75b5134d0c9dbf6ba90a289a6c838d
com.amazonaws	aws-java-sdk-health	1.12.532	-	b6810155bdf7c583b08da7112fdcbff55650d0fc
com.amazonaws	aws-java-sdk-health	1.12.533	-	b95197b20e1bdb94ccad76108f4b11081e76ed7f
com.amazonaws	aws-java-sdk-health	1.12.534	-	e77324f966ae1656c242d7ab0a6d9cc517e5bd48
com.amazonaws	aws-java-sdk-health	1.12.535	-	23ddaa8c2f561c0ecf98d37bc3ab9b35c89b4e76
com.amazonaws	aws-java-sdk-health	1.12.536	-	39ed0fd3bc688b26e210d720820bf53210e7ce30
com.amazonaws	aws-java-sdk-health	1.12.537	-	592c52bb4ea042a15ef815d26d52792b1b943086
com.amazonaws	aws-java-sdk-health	1.12.538	-	2ed8209e759c5fa94d47bde23bc3b48045e382f5
com.amazonaws	aws-java-sdk-health	1.12.539	-	b0e2c2df3db763ce1195c4cba3a99461584508b0
com.amazonaws	aws-java-sdk-health	1.12.54	-	3b7a7b718e27e3ce80eda55a8bbbba15ddec7211
com.amazonaws	aws-java-sdk-health	1.12.540	-	320d665158b4701d04bb1991497987d86f049288
com.amazonaws	aws-java-sdk-health	1.12.541	-	28b20fd61a55cae0ed2ba0a66154f8470c7c68cd
com.amazonaws	aws-java-sdk-health	1.12.542	-	69681512201c2654304aeda1cdaae42d167f4fe8
com.amazonaws	aws-java-sdk-health	1.12.543	-	301a684975bc20d2c72a12165a52ab39141658bb
com.amazonaws	aws-java-sdk-health	1.12.544	-	837e8e3f0d6f9702d5cb4ef9b0035fe4866de6d0
com.amazonaws	aws-java-sdk-health	1.12.545	-	70e5ed48613b1bae51edd7892859acae1ab59707
com.amazonaws	aws-java-sdk-health	1.12.546	-	e5f9bb33bf2f8e04e0352e0aa7c0e8e802b95434
com.amazonaws	aws-java-sdk-health	1.12.547	-	90380ef28d380ad516f1d42dde0225c39505442e
com.amazonaws	aws-java-sdk-health	1.12.548	-	48a042ef83b09ed72a74dac3f422b924c45618a5
com.amazonaws	aws-java-sdk-health	1.12.549	-	13c20ee09e8a456f06dfe71b1ac8cbe128c069ad
com.amazonaws	aws-java-sdk-health	1.12.55	-	227cf6e9f64a7235a047e2b4a6c6e072c7709d9a
com.amazonaws	aws-java-sdk-health	1.12.550	-	2c309fb217509436b1b7fd980a76bfc523f43bd9
com.amazonaws	aws-java-sdk-health	1.12.551	-	f89c21eed91d474033a60b20be71f1c8b457317e
com.amazonaws	aws-java-sdk-health	1.12.552	-	8fedc32844d850cc7f2e0a4775e9a482234fdefd
com.amazonaws	aws-java-sdk-health	1.12.553	-	689243fe05a6e0a4750a5e1e20bc12d00d2ae5b8
com.amazonaws	aws-java-sdk-health	1.12.554	-	38d6065699f8d9a25db980999d7410563212e4b3
com.amazonaws	aws-java-sdk-health	1.12.555	-	4070f770a8e9247255fe33f08c0594e480afdec6
com.amazonaws	aws-java-sdk-health	1.12.556	-	4e860b55a67efcffc381209066ad38e4035561bf
com.amazonaws	aws-java-sdk-health	1.12.557	-	f76c8cbc1f03a87b7d6e43c2785f29464442def1
com.amazonaws	aws-java-sdk-health	1.12.558	-	fd2bc82cf3d7d96c7b545f5a0e1b07ab838176a7
com.amazonaws	aws-java-sdk-health	1.12.559	-	32181400d3ee74b4b91f0359c098130f820cdbb4
com.amazonaws	aws-java-sdk-health	1.12.56	-	6a9e70467bd0da8b962b63c5e65eab9744ca2edd
com.amazonaws	aws-java-sdk-health	1.12.560	-	4bdfeaaa3b67954e27f47821230bd16bedde92b3
com.amazonaws	aws-java-sdk-health	1.12.561	-	1c6bbc86630170c252ebefeede7b4698b738aa05
com.amazonaws	aws-java-sdk-health	1.12.562	-	2fd16773ab53579c1dd5c308f71b3a9c04f1fdfb
com.amazonaws	aws-java-sdk-health	1.12.563	-	3bf2a27f563b45ea53fa2bada4ade7704119ced5
com.amazonaws	aws-java-sdk-health	1.12.564	-	5f928dcfdfa4c83982201b06f94cd32e269dd55a
com.amazonaws	aws-java-sdk-health	1.12.565	-	656d124f7e2e1a5384c55431fbd99d78e7e0f548
com.amazonaws	aws-java-sdk-health	1.12.566	-	e0b8ab49b3b7dc57a1a7616e0f700042b5437d29
com.amazonaws	aws-java-sdk-health	1.12.567	-	4be57a9b88aec86f942f599d97ea27bd46f37416
com.amazonaws	aws-java-sdk-health	1.12.568	-	7e06ab2a71ab8b44293073d2cc88eca99be0cf06
com.amazonaws	aws-java-sdk-health	1.12.569	-	86fb024e4941b2b2f0f301699151cb683aa8e3f1
com.amazonaws	aws-java-sdk-health	1.12.57	-	12bacf52b1901b01c70c8424de7d18b428e7cb36
com.amazonaws	aws-java-sdk-health	1.12.570	-	dbc0efc049975579ab780853f5239c112540c4f1
com.amazonaws	aws-java-sdk-health	1.12.571	-	4ff6f162b0c879853b2145586e83900ad05350be
com.amazonaws	aws-java-sdk-health	1.12.572	-	c14decbbc65ecd46bcd2d70e99230670f203684c
com.amazonaws	aws-java-sdk-health	1.12.573	-	6d436e3c06e70a7a52769319c4d09212a9018ce2
com.amazonaws	aws-java-sdk-health	1.12.574	-	7c4104d2d879f6153f13a4ab06367ac019fa2672
com.amazonaws	aws-java-sdk-health	1.12.575	-	baff6963c4ebaff31c0f7a7ada13c472c7cf4f21
com.amazonaws	aws-java-sdk-health	1.12.576	-	8b4b8d257483ab69cd14cc0596052df7d9673f0c
com.amazonaws	aws-java-sdk-health	1.12.577	-	bf3df9333e2b96ffeccc4d75cc92628ef9128632
com.amazonaws	aws-java-sdk-health	1.12.578	-	a8b43b8712ff5701b0c9e111628022703211d0a0
com.amazonaws	aws-java-sdk-health	1.12.579	-	8a099ce69c388c956689542178631036cb185b7d
com.amazonaws	aws-java-sdk-health	1.12.58	-	4515e9f9d8f7ec19fea43d038d014e46f1f54aef
com.amazonaws	aws-java-sdk-health	1.12.580	-	4ec707f1f1d42ed191b6a786e7567ad6df11d400
com.amazonaws	aws-java-sdk-health	1.12.581	-	b13b64eed7077d1d10ee55021c01d41cb663b8f3
com.amazonaws	aws-java-sdk-health	1.12.582	-	a346594ba1465905f321dc9124b3b3919cd15bda
com.amazonaws	aws-java-sdk-health	1.12.583	-	3338e4713f2fe3e0db900b1c021654988bad255a
com.amazonaws	aws-java-sdk-health	1.12.584	-	2f15951862d2e4b5ca4550343a85200fd96b6a58
com.amazonaws	aws-java-sdk-health	1.12.585	-	e48c2f6ae34c17d0616ae724a208a477f8e2a63d
com.amazonaws	aws-java-sdk-health	1.12.586	-	a0d02e7e68cd8c006b60da59c0d8f6488bf95b6f
com.amazonaws	aws-java-sdk-health	1.12.587	-	69a88eeb5942e4d90464e806ff496b0eb226d703
com.amazonaws	aws-java-sdk-health	1.12.588	-	9d49b508366966b8a650728f1d22d1353704a640
com.amazonaws	aws-java-sdk-health	1.12.589	-	99764c48586a02337ccfb143d0a719affc939179
com.amazonaws	aws-java-sdk-health	1.12.59	-	058a60d9237889af82af21e2badf9681e4779147
com.amazonaws	aws-java-sdk-health	1.12.590	-	d8a801e5b3334c9f54b5ba28a535c3710d069d70
com.amazonaws	aws-java-sdk-health	1.12.591	-	fe2ba81a34c18b690c54169a4037fac1102cddb4
com.amazonaws	aws-java-sdk-health	1.12.592	-	9ae19f10aa6aadf1635201c8e299797a037c88c9
com.amazonaws	aws-java-sdk-health	1.12.593	-	912d0dbc0a35ee751a4df300cd46a4e1bd4ddf07
com.amazonaws	aws-java-sdk-health	1.12.594	-	d97b6a46e2d6b1a78ff92f113b3174e3ab6c4ddd
com.amazonaws	aws-java-sdk-health	1.12.595	-	4d5b0b6d23cf250349ae0e7d40f4c15cd07c1186
com.amazonaws	aws-java-sdk-health	1.12.596	-	d4c69f39da8b4e0dbb328b9a73b664daf49c7358
com.amazonaws	aws-java-sdk-health	1.12.597	-	767ba5c527c33300ab918561f04e88ec3a922e6a
com.amazonaws	aws-java-sdk-health	1.12.598	-	3687141d518b0ce658473b4eb5a45f81909a8317
com.amazonaws	aws-java-sdk-health	1.12.599	-	1347a9f5b0e68311063718c62f4ea6ffc1bfcd17
com.amazonaws	aws-java-sdk-health	1.12.6	-	93743275141d3c64c93b9e477c9944a4ea0b575a
com.amazonaws	aws-java-sdk-health	1.12.60	-	94f91e919fdd834b77e9913d5c17c4dcbc02d8f6
com.amazonaws	aws-java-sdk-health	1.12.600	-	3ede6e1f0e316c3b70f29e6a3db0b5c0898fc12e
com.amazonaws	aws-java-sdk-health	1.12.602	-	eab40798515a19ddf19a7464853d9e1c36689b01
com.amazonaws	aws-java-sdk-health	1.12.603	-	4db0d172d2763fbc665630f4f532989c41c4389d
com.amazonaws	aws-java-sdk-health	1.12.604	-	fadc922a9f6c4205b1a1eaf1a7d731b23ef1289d
com.amazonaws	aws-java-sdk-health	1.12.605	-	48db67fcd461e172632290542a69c46166814044
com.amazonaws	aws-java-sdk-health	1.12.606	-	27b00630b4789acec32a1923274a893a0e08587d
com.amazonaws	aws-java-sdk-health	1.12.607	-	f558551218c2c6e629e7b659aee1411b16bc104c
com.amazonaws	aws-java-sdk-health	1.12.608	-	957879e395ffd1f8efdce91005d4388c0ef09df8
com.amazonaws	aws-java-sdk-health	1.12.609	-	50b6156f7556d3f741ac1a282d63a7c77dd7a053
com.amazonaws	aws-java-sdk-health	1.12.61	-	26314e8d7149df5ea7bb0bd0e6e92f233f8e98e7
com.amazonaws	aws-java-sdk-health	1.12.610	-	e74e3b092eb7e73a18af035f618a63e53ea37994
com.amazonaws	aws-java-sdk-health	1.12.611	-	9a5bf830d7a4862c4227cf1f6c767808d59f5947
com.amazonaws	aws-java-sdk-health	1.12.612	-	7398051f0f113ef2a65516c94229851c45232731
com.amazonaws	aws-java-sdk-health	1.12.613	-	994e1049f0616f36260cfa8c3797d7a86862330a
com.amazonaws	aws-java-sdk-health	1.12.614	-	e2ad7694ce302245a0296eafc64fd818a7d233a6
com.amazonaws	aws-java-sdk-health	1.12.615	-	4380a39495b15e4c47cc39784022d35c10cb3717
com.amazonaws	aws-java-sdk-health	1.12.616	-	b06675d7c4ec3a547f04cf5789ca18322a615145
com.amazonaws	aws-java-sdk-health	1.12.617	-	5e7bdf555ff4edf37e83d93c07179fdeae9bcf0d
com.amazonaws	aws-java-sdk-health	1.12.618	-	b91d20f9e0b8c90c171cb19a78e588b4025746f4
com.amazonaws	aws-java-sdk-health	1.12.619	-	fa25b93992bec2418eb7cf076821bc0bfdbebc76
com.amazonaws	aws-java-sdk-health	1.12.62	-	dae11cb7e4e7aac38df0c80600817c1c6010b028
com.amazonaws	aws-java-sdk-health	1.12.620	-	8fb3f0c99a2eb8c4a54ed99646f76fd0f0ed4663
com.amazonaws	aws-java-sdk-health	1.12.621	-	fd4c4ff96125bdc73dfef7cf8cbe43044643309a
com.amazonaws	aws-java-sdk-health	1.12.622	-	a56c14fe96fd42e08fe281dce8bc6304a7e0a5db
com.amazonaws	aws-java-sdk-health	1.12.623	-	cac0e5b32157e8b457bf585944371fb770be9870
com.amazonaws	aws-java-sdk-health	1.12.624	-	b0f85489a1e4cedda0e273e75b55379ae5122cd2
com.amazonaws	aws-java-sdk-health	1.12.625	-	6c182f13fe6a56858692f6124c5fe127f06f3ad9
com.amazonaws	aws-java-sdk-health	1.12.626	-	e1b665d8d90b57fc98e2cc1307501530154d1742
com.amazonaws	aws-java-sdk-health	1.12.627	-	59b8ca40d27431533d1e07fca6e74e52faddb241
com.amazonaws	aws-java-sdk-health	1.12.628	-	f313b0db84531554c361117eb81e48a67dd47b7f
com.amazonaws	aws-java-sdk-health	1.12.629	-	4119a9ae504349c568d2a6bc1dc7d8da51341f0c
com.amazonaws	aws-java-sdk-health	1.12.63	-	559c6180c4c880b157a33f56b7776d00a5297093
com.amazonaws	aws-java-sdk-health	1.12.630	-	4f61bd452cafaedd00463e09aac4d717faf42931
com.amazonaws	aws-java-sdk-health	1.12.631	-	626e144a42d0e234820551e90fc9299fcd75bd63
com.amazonaws	aws-java-sdk-health	1.12.632	-	a82fb4acbccf00046a1823e9ebe4247fdfdab6d3
com.amazonaws	aws-java-sdk-health	1.12.633	-	35f7aecff49ab73fc74d98cc8937a9eb498a658c
com.amazonaws	aws-java-sdk-health	1.12.634	-	d3527098fd8283855e84fadfb050634327536514
com.amazonaws	aws-java-sdk-health	1.12.635	-	44e686cc133a88996cb0155999e5aca15be9a621
com.amazonaws	aws-java-sdk-health	1.12.636	-	f3d02c7dbc27baebc1c981d1fe0ca377542a5877
com.amazonaws	aws-java-sdk-health	1.12.637	-	841f6f13797487126b69d4d02b4e6c9743c8c2a5
com.amazonaws	aws-java-sdk-health	1.12.638	-	31fa236d5f0702e49452246495565e0f334ea62d
com.amazonaws	aws-java-sdk-health	1.12.639	-	717885ed727579143324371a01a17ca934f75a49
com.amazonaws	aws-java-sdk-health	1.12.64	-	cd13a88ddf278ad4fb7731d3ea2babef1dcd2a89
com.amazonaws	aws-java-sdk-health	1.12.640	-	78426ebcf159a1ee435a059a80486893ee6fd9cf
com.amazonaws	aws-java-sdk-health	1.12.641	-	0325e1824ec0048da8677a39d8bcf94c97af372a
com.amazonaws	aws-java-sdk-health	1.12.642	-	a0875f6493e11693bf8231069987a54f3c238a06
com.amazonaws	aws-java-sdk-health	1.12.643	-	363eb83c8a4fee8a26101e7a942e23ed742dfb38
com.amazonaws	aws-java-sdk-health	1.12.644	-	1a4698f9c9ad751a589e7ff95bbe8e6b9f480ad0
com.amazonaws	aws-java-sdk-health	1.12.645	-	615460b41db636f486a56d1b8b67bbfbc0676a19
com.amazonaws	aws-java-sdk-health	1.12.646	-	2169cc414b4e45bc805fb11d1226e844a5ec0089
com.amazonaws	aws-java-sdk-health	1.12.647	-	fb045019e276974c96aa066d23ddc7b92a412061
com.amazonaws	aws-java-sdk-health	1.12.648	-	6a1542c742d05beaa2174f341b8dbb7d0f7a32ed
com.amazonaws	aws-java-sdk-health	1.12.649	-	17aefcb99ed6e2a875e8cb7d117d472cac0bb88c
com.amazonaws	aws-java-sdk-health	1.12.65	-	629b1364b7d42dad116ba721671dad5c8d317e23
com.amazonaws	aws-java-sdk-health	1.12.650	-	614a7e9cb956c3d4d391444691e13bd727677957
com.amazonaws	aws-java-sdk-health	1.12.651	-	f18d97c3b6bb18702dd1065b9e2599bd1cfdbfb8
com.amazonaws	aws-java-sdk-health	1.12.652	-	6711710a40a85db90e5783a0776f76fed8c84055
com.amazonaws	aws-java-sdk-health	1.12.653	-	cc0a4856bf1a1e8341695ce7147c2c5c11b2c4e3
com.amazonaws	aws-java-sdk-health	1.12.654	-	c794d7c13877c6416bdc719dc59d4ca76bf2983a
com.amazonaws	aws-java-sdk-health	1.12.655	-	6d7e84c0566624bbebafb78a0722e8cdfda396d2
com.amazonaws	aws-java-sdk-health	1.12.656	-	97460d907c3ea265b79fef5751be998791adb7bd
com.amazonaws	aws-java-sdk-health	1.12.657	-	f786c343d9d041d8c04cd61cb141397dc92740b7
com.amazonaws	aws-java-sdk-health	1.12.658	-	ce24b39e636ce44afb7cf09c935193d7cb42fba1
com.amazonaws	aws-java-sdk-health	1.12.659	-	3b2949dec5820632c2583e835c847baad1c10d68
com.amazonaws	aws-java-sdk-health	1.12.66	-	cddc81c9918b540aad733fde238c09f67c7464f3
com.amazonaws	aws-java-sdk-health	1.12.660	-	a9f39c854e271daa0641802e6a0ca0f16db31aea
com.amazonaws	aws-java-sdk-health	1.12.661	-	5f61311133b86af8fa3d4d00ea454e3b337482d3
com.amazonaws	aws-java-sdk-health	1.12.662	-	23bbab58c3d3372c59b0bcbce866a84c5a4b1f15
com.amazonaws	aws-java-sdk-health	1.12.663	-	a10fded0be051477baaacc75670edae5eda9dde6
com.amazonaws	aws-java-sdk-health	1.12.664	-	331d04106b3f7924d4242fdbf3b8b41b4a52fec8
com.amazonaws	aws-java-sdk-health	1.12.665	-	680453b8493d815dcf5904c856451000252b50f1
com.amazonaws	aws-java-sdk-health	1.12.666	-	f5705f37bc325a6eb2103b4ea2f3294133db266d
com.amazonaws	aws-java-sdk-health	1.12.667	-	0720604c7f170b2152df6b20ec3f2c946a954a48
com.amazonaws	aws-java-sdk-health	1.12.668	-	54f68998b6c5923be8722403af1cebc4c9e5f3d3
com.amazonaws	aws-java-sdk-health	1.12.669	-	3a16d41e0973203bf4a837e71aa5718603fcd318
com.amazonaws	aws-java-sdk-health	1.12.67	-	4e6b63707ebc67d5ea8a4079ab7b39418e5f6845
com.amazonaws	aws-java-sdk-health	1.12.670	-	891ff8f1f7db866bc489bd1df30edee8235123fd
com.amazonaws	aws-java-sdk-health	1.12.671	-	09575b9031f509d87ee0e700996194741c0392c6
com.amazonaws	aws-java-sdk-health	1.12.672	-	dbe2c3ab856c2b662fed96219fb20a2c4fa0baef
com.amazonaws	aws-java-sdk-health	1.12.673	-	2d86ce38f962b3cd48ac3d792508200fb002dbde
com.amazonaws	aws-java-sdk-health	1.12.674	-	71c7558a66cf178827cb82e5ebdf21a648ac52b3
com.amazonaws	aws-java-sdk-health	1.12.675	-	257c5de0728b06c5b6d1cb63bbb7fccef47a4508
com.amazonaws	aws-java-sdk-health	1.12.676	-	aa6cbe2095403de71a0ee99d218ce436a8ffe467
com.amazonaws	aws-java-sdk-health	1.12.677	-	fd3f2e5c2eb582fb744564d35a66ef05fa9d01e0
com.amazonaws	aws-java-sdk-health	1.12.678	-	4bd3dd05e2de10ae7c36500f4a854da8822ab05d
com.amazonaws	aws-java-sdk-health	1.12.679	-	92ddc5b98f0b734eda89f371639f8b7ea3ae6e9c
com.amazonaws	aws-java-sdk-health	1.12.68	-	2e5d4aa3e6776fb4c99f19a12121fe425f1c36a5
com.amazonaws	aws-java-sdk-health	1.12.680	-	cde477481e546d6af7e11f2bda5fcbfbce55f27f
com.amazonaws	aws-java-sdk-health	1.12.681	-	afe4160c758801f47bf71d2b45bc02b02e347536
com.amazonaws	aws-java-sdk-health	1.12.682	-	c6567fff6bebf5291fdb2e4f821bc19a45c34fb6
com.amazonaws	aws-java-sdk-health	1.12.683	-	f01d8ab354c5ce8fc031b3d124678c436cbd5f07
com.amazonaws	aws-java-sdk-health	1.12.684	-	c38c8284bad854c10a08766ec1dbbaaf97540388
com.amazonaws	aws-java-sdk-health	1.12.685	-	5de54e6cfd58e777338daec6ca566a0e5a70d6d4
com.amazonaws	aws-java-sdk-health	1.12.686	-	3650c1d6eb0432955c36f07ec35eb794c6c4e1a7
com.amazonaws	aws-java-sdk-health	1.12.687	-	b36e6d75b13d19d4fd9d30d40752290ce90e214e
com.amazonaws	aws-java-sdk-health	1.12.688	-	68a4c37c372139c235bf61bc82197d1c31344bb7
com.amazonaws	aws-java-sdk-health	1.12.689	-	5afaee85d836b21ce20ad31ed00828d0d40e7a95
com.amazonaws	aws-java-sdk-health	1.12.69	-	646a67e2c173c969327c3d625f0b434e10729206
com.amazonaws	aws-java-sdk-health	1.12.690	-	74bdf0dd7367ecdad3cbf6583322f43d5bdaef0d
com.amazonaws	aws-java-sdk-health	1.12.691	-	dcc0a1a3827f6349b20aedc40132e1671d89eed7
com.amazonaws	aws-java-sdk-health	1.12.692	-	455b69d2eff99e725aaab63658bf43fd89c8208b
com.amazonaws	aws-java-sdk-health	1.12.693	-	3a587ecf067f35e41f705168b456b6bb165f48fe
com.amazonaws	aws-java-sdk-health	1.12.694	-	540ea122eade2d5a436c9f550baeec3627d2c7f1
com.amazonaws	aws-java-sdk-health	1.12.695	-	0f2a1217acf6c67c9afa35364ba4017ae128de21
com.amazonaws	aws-java-sdk-health	1.12.696	-	ce3412f8ba80d649160ceba398e094d7f9f2c7f0
com.amazonaws	aws-java-sdk-health	1.12.697	-	70b03a486e9ba6879399b4f541113fc69a1827e1
com.amazonaws	aws-java-sdk-health	1.12.698	-	37f1e77e5e63cc4570c6755b582d88f925c72cdc
com.amazonaws	aws-java-sdk-health	1.12.699	-	90cab750be926dc0cdcfeb3ce4993729117bcd9e
com.amazonaws	aws-java-sdk-health	1.12.7	-	77286984f84d5f732f76cda90efa35fcffd1ae9a
com.amazonaws	aws-java-sdk-health	1.12.70	-	0612cc8ad8020bb359ed121d32389655f2bb171c
com.amazonaws	aws-java-sdk-health	1.12.700	-	b753ec2efc55ae3c079b180994bb8201d57a1b87
com.amazonaws	aws-java-sdk-health	1.12.701	-	b16b4a2a93d1033703165ab1fd37842cda36975a
com.amazonaws	aws-java-sdk-health	1.12.702	-	fb68ff134ca9de355d9f1d85f45ea53522f77f01
com.amazonaws	aws-java-sdk-health	1.12.703	-	83ec4e4c561cc1ecd0756677ee0e5b9a965f170a
com.amazonaws	aws-java-sdk-health	1.12.704	-	78433289324aa73ea254b6143fb9c9e86857d10b
com.amazonaws	aws-java-sdk-health	1.12.705	-	a566a6890deaf628e2b4732891d9e5b8b54d9da9
com.amazonaws	aws-java-sdk-health	1.12.706	-	7e518d3f8b673c008af6c409e9709bddf8274f0a
com.amazonaws	aws-java-sdk-health	1.12.707	-	4a7c8d06b3f794d6672e79854af6237a15866429
com.amazonaws	aws-java-sdk-health	1.12.708	-	a2071145ba29d1d94555ca26ad9e822fccd217c7
com.amazonaws	aws-java-sdk-health	1.12.709	-	b1ba7bbf7ba2fc685db8ca9dab059c7b835d89c9
com.amazonaws	aws-java-sdk-health	1.12.71	-	9831aaea4ead70a733862dac541359869c4ced59
com.amazonaws	aws-java-sdk-health	1.12.710	-	3de7b5108a5e7fa4746d916738b20d49d7632234
com.amazonaws	aws-java-sdk-health	1.12.711	-	863928d11237b7cae97166b8cca4a0febae00199
com.amazonaws	aws-java-sdk-health	1.12.712	-	2b57027551594e7bb87506ac4f4190f6c4080701
com.amazonaws	aws-java-sdk-health	1.12.713	-	edd2fff12c3ba9fc0c4771528050c3a96b865b16
com.amazonaws	aws-java-sdk-health	1.12.714	-	6342a56b022edd4d6e739d2500c9bdde3b9aa872
com.amazonaws	aws-java-sdk-health	1.12.715	-	138dddb07452ceba17509217680b6b2d56e9d48b
com.amazonaws	aws-java-sdk-health	1.12.716	-	d7a42b6aaef61477b27dfd75f1517ddab2fdf6ba
com.amazonaws	aws-java-sdk-health	1.12.717	-	3f795db9fb3508a790c29b62258dad975180c995
com.amazonaws	aws-java-sdk-health	1.12.718	-	58665ff2aa372508bdedb49b326438aa43caae0e
com.amazonaws	aws-java-sdk-health	1.12.719	-	30566a034728477cfcc11c3c9a0e9b07c7d2da06
com.amazonaws	aws-java-sdk-health	1.12.72	-	56889b87dfa9224cbbbea1ecf5a13fe2dcb1ff4d
com.amazonaws	aws-java-sdk-health	1.12.720	-	6b61ec01ca3df46fa06348b13517a10a8a3801e1
com.amazonaws	aws-java-sdk-health	1.12.721	-	3680fd0fa612a59930ad14ea0592d68bb65fdb79
com.amazonaws	aws-java-sdk-health	1.12.722	-	6341c428006486f897c63fda0165fa3dd3ced690
com.amazonaws	aws-java-sdk-health	1.12.723	-	f314e59799a6e36710ce8a882c19ef6c21c46d53
com.amazonaws	aws-java-sdk-health	1.12.724	-	0895e3caa8d6f9a8a06e38a42474aab1bb1a7cb8
com.amazonaws	aws-java-sdk-health	1.12.725	-	327f246947361ef1eeffff36b164c204c4c80393
com.amazonaws	aws-java-sdk-health	1.12.726	-	84359ee85585dd489efed1e5c91d608581f4e434
com.amazonaws	aws-java-sdk-health	1.12.727	-	4b0dfa09444f3539ef382d44a02a64aeacfd18fe
com.amazonaws	aws-java-sdk-health	1.12.728	-	5614c9517dc5375df3b58526c3a50cf56e7d12f7
com.amazonaws	aws-java-sdk-health	1.12.729	-	bf0c758d648498084061dc69e3b25e0f4b0e2d27
com.amazonaws	aws-java-sdk-health	1.12.73	-	844f587580425d2618dd4a842c00b25123017dbc
com.amazonaws	aws-java-sdk-health	1.12.730	-	863af8b5653bac0e5dc26f557b84cb21cd8acceb
com.amazonaws	aws-java-sdk-health	1.12.731	-	e46cd1b6f552668abff8ddec5243085c0186fa1e
com.amazonaws	aws-java-sdk-health	1.12.732	-	6eace790d400c8faa080e5748a2746bfa3466eb3
com.amazonaws	aws-java-sdk-health	1.12.733	-	4d5b47050b246d9cbcf07c2a2ea787e7d8ec7a4c
com.amazonaws	aws-java-sdk-health	1.12.734	-	a85953baa2bcfe092fa8d6038793785510220aa2
com.amazonaws	aws-java-sdk-health	1.12.735	-	2379a42f15262a56c604fbdf05c2a8160a6a896d
com.amazonaws	aws-java-sdk-health	1.12.736	-	d7571ab12c47f7ddd4ec9083a730c0e37e260f88
com.amazonaws	aws-java-sdk-health	1.12.737	-	32e31450c33f34dfc6e676aecbf91830e6474a79
com.amazonaws	aws-java-sdk-health	1.12.738	-	c88ef632bbd0547c5dabe953e14d3cfae4b2a25f
com.amazonaws	aws-java-sdk-health	1.12.739	-	0c94c014dedfa1a44ce0b3d6c103ab10095119c3
com.amazonaws	aws-java-sdk-health	1.12.74	-	886214c6c6dc5f833f1f95fa83bd1c92cb4fc298
com.amazonaws	aws-java-sdk-health	1.12.740	-	0faaee077e371ac4fb94df9c6233d0e682ee0016
com.amazonaws	aws-java-sdk-health	1.12.741	-	2750a87376da275e42047780529055d55156f627
com.amazonaws	aws-java-sdk-health	1.12.742	-	9d1fcb88c5b517b377f9c2c14c106a92be1e2e1f
com.amazonaws	aws-java-sdk-health	1.12.743	-	e5213d68a21716f93de997078c092012aa1c6d9b
com.amazonaws	aws-java-sdk-health	1.12.744	-	9b9b0fbbabb269e8d06e57fe32a2ee062bbb603f
com.amazonaws	aws-java-sdk-health	1.12.745	-	78829827191ab854485ff8fad1f0ec343b1f2627
com.amazonaws	aws-java-sdk-health	1.12.746	-	daaa9b637d7bb8036ba16fddbe6de6dda988fe8a
com.amazonaws	aws-java-sdk-health	1.12.747	-	3cdd89ec6911d414e8be8f09eab7a24db3e8e06f
com.amazonaws	aws-java-sdk-health	1.12.748	-	c10cdcf544757353e1514138bccf4dfc516ed7b2
com.amazonaws	aws-java-sdk-health	1.12.749	-	463eecb24e98d3aa6cbed978d4c1728fbbdce0cb
com.amazonaws	aws-java-sdk-health	1.12.75	-	3944ee3be166a0c3ecbe4f3be8e21ca9cb3f6e6d
com.amazonaws	aws-java-sdk-health	1.12.750	-	b313349542b8ddbbf5e834edf6f74c87d2945b48
com.amazonaws	aws-java-sdk-health	1.12.751	-	833cf03d80d0e5b20995e1c752100316d9eb4a73
com.amazonaws	aws-java-sdk-health	1.12.752	-	d1116fad76fbad48bcfe26a72b8cb84bc195917c
com.amazonaws	aws-java-sdk-health	1.12.753	-	93a7986cd862a3a1481751dbe906589289e37d2c
com.amazonaws	aws-java-sdk-health	1.12.754	-	0171917592ae3e76fed722f51b612cf8b12e9630
com.amazonaws	aws-java-sdk-health	1.12.755	-	ba22ff392ad7cffc7206f5cef25014f6fd864f7c
com.amazonaws	aws-java-sdk-health	1.12.756	-	d4f926012d51221c94688cf3f02629085f4c4e37
com.amazonaws	aws-java-sdk-health	1.12.757	-	3cd1879d2a3f203f1300c5b3d4612c0dd9a6283c
com.amazonaws	aws-java-sdk-health	1.12.758	-	f9d459149adf3546d4ca627310d804a9e7843b6e
com.amazonaws	aws-java-sdk-health	1.12.759	-	1aead1a7eb7edd367e822df72352ea9a9a8dc2d3
com.amazonaws	aws-java-sdk-health	1.12.76	-	0c713be826e6c99b02572aac8cb761ff01ac8a77
com.amazonaws	aws-java-sdk-health	1.12.760	-	873a8fa18e219e5fd7473b6e57e5b90fe6319618
com.amazonaws	aws-java-sdk-health	1.12.761	-	2eb2c378af3191783222bd7204d0b2891c6c5a96
com.amazonaws	aws-java-sdk-health	1.12.762	-	af3b6170fc9d060239f9786b57b7ba00ae515f31
com.amazonaws	aws-java-sdk-health	1.12.763	-	8d4524e83dfeada6a9258a25fc89b503bcf0888a
com.amazonaws	aws-java-sdk-health	1.12.764	-	490ad3718a7e3ef30d873cded262d4a3efe69290
com.amazonaws	aws-java-sdk-health	1.12.765	-	d798d7d99c94f37253fed8e3b9d680f3a13766d4
com.amazonaws	aws-java-sdk-health	1.12.766	-	c87451175880ad224ac507faee552779751e0bf1
com.amazonaws	aws-java-sdk-health	1.12.767	-	de5c5d44f45b3d563d4a18878437f134c03cdac9
com.amazonaws	aws-java-sdk-health	1.12.768	-	6d79222d97d80f1e52911f8051f963e67e784627
com.amazonaws	aws-java-sdk-health	1.12.769	-	25e1b8d73007e32ba867b481a1f9fa90335d3ebc
com.amazonaws	aws-java-sdk-health	1.12.77	-	058ca74a106706c374ab6d1ec5f473586243b4f8
com.amazonaws	aws-java-sdk-health	1.12.770	-	24e34cad090cfc8f13200f45cd77269287e3b746
com.amazonaws	aws-java-sdk-health	1.12.771	-	b395455cb79207fcb87a86c17b965252863736eb
com.amazonaws	aws-java-sdk-health	1.12.772	-	4c938929ff113d4409074679f5e92b4b5f8eb91d
com.amazonaws	aws-java-sdk-health	1.12.773	-	33d57d7f5e47a1adf981957445093d71392fe673
com.amazonaws	aws-java-sdk-health	1.12.774	-	3951c03742f57121ead166b418c2e6ba6c10b583
com.amazonaws	aws-java-sdk-health	1.12.775	-	852246a23449b3bb557ada670e07219b58125a4f
com.amazonaws	aws-java-sdk-health	1.12.776	-	f5cc0050e4702387e4b1d60187e67d21d9f4d03a
com.amazonaws	aws-java-sdk-health	1.12.777	-	86109f53e65dcb7526ff13b0996aee4c8a3ed243
com.amazonaws	aws-java-sdk-health	1.12.778	-	0c85dc74a2c6d4354bc089debe24d656b1e1a430
com.amazonaws	aws-java-sdk-health	1.12.779	-	76afafac017f6e413476f4bcdea824e1b192672f
com.amazonaws	aws-java-sdk-health	1.12.78	-	971179e77d926cd90adc0a8fe9766b385bebb2ef
com.amazonaws	aws-java-sdk-health	1.12.780	-	557edb4549d4c8eec9a3a04616cec78c128bd331
com.amazonaws	aws-java-sdk-health	1.12.781	-	3d46a95517d6ec790dffdac066f34be2d6c49799
com.amazonaws	aws-java-sdk-health	1.12.782	-	5d9059d9b989243670e2db78f97f1b8015139735
com.amazonaws	aws-java-sdk-health	1.12.79	-	02ddd3415edd27ce316729baa1ec773a201e031f
com.amazonaws	aws-java-sdk-health	1.12.8	-	3946a1239e7b2fcb5ddb6b64880c5e1e93d71d87
com.amazonaws	aws-java-sdk-health	1.12.80	-	a1a025a58add54deb0e5fd0602fd8e188754dd6a
com.amazonaws	aws-java-sdk-health	1.12.81	-	10998136fe6a53280a3e97871fba04b8dd5ef903
com.amazonaws	aws-java-sdk-health	1.12.82	-	0879b829c79ab9b39856d3026e4baa6deba175ee
com.amazonaws	aws-java-sdk-health	1.12.83	-	1f938b072f3838af9b7c5788a3f328c157ac1fb8
com.amazonaws	aws-java-sdk-health	1.12.84	-	083fda7323c43932871c2bef9fe19592c959eb84
com.amazonaws	aws-java-sdk-health	1.12.85	-	ecc676711dccce94d1be988832c81a598c5c9f38
com.amazonaws	aws-java-sdk-health	1.12.86	-	d8e56fe1e3d664330cf64b8e2c6e6c169d0e7453
com.amazonaws	aws-java-sdk-health	1.12.87	-	f938476299b71764c8fa8e6b2a930096c15660fa
com.amazonaws	aws-java-sdk-health	1.12.88	-	372a2256d090c1f7a72f6d0dc8f2b730d09804c9
com.amazonaws	aws-java-sdk-health	1.12.89	-	b2b1d49f8a8a84a910486fec1435a9ecebb73de4
com.amazonaws	aws-java-sdk-health	1.12.9	-	22e4f233b1dadee33baf3110d6b1af3fe551abfc
com.amazonaws	aws-java-sdk-health	1.12.90	-	f8116265bc9321805eec8d891ccddacd1e04092b
com.amazonaws	aws-java-sdk-health	1.12.91	-	0263ee8817ee866b84c12bbfbb8f666e037cfa4a
com.amazonaws	aws-java-sdk-health	1.12.92	-	b27bd71ffc64ef2b8937410beb027bcec591c550
com.amazonaws	aws-java-sdk-health	1.12.93	-	578cb8ccceb0266848e900793bfddbd1362ad5d2
com.amazonaws	aws-java-sdk-health	1.12.94	-	77e4b3cf77df93e7fbf6f54224e4c47b46b3fcba
com.amazonaws	aws-java-sdk-health	1.12.95	-	a61ff2bc0a1605a4801194c6febccd5b48b7ebac
com.amazonaws	aws-java-sdk-health	1.12.96	-	fddbd8100ed5ab23f407267f099a64fa3ed81976
com.amazonaws	aws-java-sdk-health	1.12.97	-	99eecf6230f8e505d2d3d7455aedd7260439069b
com.amazonaws	aws-java-sdk-health	1.12.98	-	0b422b6f899e682282ac9488f9ebd49922c8a3e5
com.amazonaws	aws-java-sdk-health	1.12.99	-	c86600d772c6b3612a20304c9726ffc095c300ab
com.anatawa12.jarInJar	jar-in-jar-creator	1.0.0	-	126c4fe9e93c927bf215769d6a20c70ff4625be4
com.anatawa12.jarInJar	jar-in-jar-creator	1.0.1	-	5a7280c244afb0680fb83f2ed8bafc1d5c0ea58d
com.anatawa12.jarInJar	jar-in-jar-creator	1.0.2	-	3c3884b6cc7414e611092b47ce5d48079127583a
com.anatawa12.jarInJar	jar-in-jar-creator	1.0.3	-	abb1c898fc22a8599812183f3964a6a114e8ad2e
com.anrisoftware.anlopencl	anlopencl-jme3-app-assets	0.0.3	-	58f77ca2ae876b016722e1bc151b3139d14d425e
com.anrisoftware.anlopencl	anlopencl-jme3-app-assets	0.0.5	-	a94dcc8cb4c8b77bde9b809b5e453255bad5567f
com.anrisoftware.anlopencl	anlopencl-jme3-app-assets	0.1.0	-	956ef0407b7166ac05209433b267d008f466f8e0
com.antgroup.antchain.openapi	openapi-ak_122342269ba34053ab6e5304d82e7358	1.0.0	-	e3f8de28a910e72beda618da55b9a9873a7ae532
com.apihug	it-common-spring-core	0.0.1-RELEASE	-	875585fe12839b128407da60735fb0333b6b6fad
com.apihug	it-common-spring-core	0.0.2-RELEASE	-	77e1e99c8823c4cd1384f2badccb2d1bc0e82b23
com.apihug	it-common-spring-core	0.0.3-RELEASE	-	e0dd0db02a7c8c9f9d2290f3614d9906bb7e710d
com.apihug	it-common-spring-core	0.0.4-RELEASE	-	26b79c93cd20ec4031de3089a63ded2b36b52bc6
com.apihug	it-common-spring-core	0.0.5-RELEASE	-	03f91b0cf30e4ac281ee8fbfd0c32dd00615d64b
com.apihug	it-common-spring-core	0.0.6-RELEASE	-	c5b643ee8475a6d8f9975b94d93cdbad51828700
com.apihug	it-common-spring-core	0.0.7-RELEASE	-	2614e4bf3a56b27accd47b5faf854ec69c838b04
com.apihug	it-common-spring-core	0.0.8-RELEASE	-	e2dc9b7b1d49087efffc51816877f96694e08102
com.apihug	it-common-spring-core	0.0.9-RELEASE	-	3f2d9d89e0102d80df67c7421d3a25426df6202a
com.apihug	it-common-spring-core	0.1.0-RELEASE	-	389ef88c033fce17c60829a1597d76e2ca4095ed
com.apihug	it-common-spring-core	0.1.1-RELEASE	-	23ac1b5de6df4c380b1c12887b730a106ef826d9
com.apihug	it-common-spring-core	0.1.2-RELEASE	-	e5f46b152d901fc063cb0a77d47ce0c2ded05dcf
com.apihug	it-common-spring-core	0.1.3-RELEASE	-	36e24f931c34ed509a68f02719b65b455ca79270
com.apihug	it-common-spring-core	0.1.4-RELEASE	-	4a489fb75c3863805bd6b7e576fb04163e9bd5eb
com.apihug	it-common-spring-core	0.1.5-RELEASE	-	228ba27bd67fe71f545da7220aa7c6bb8acdfda8
com.apihug	it-common-spring-core	0.1.6-RELEASE	-	62478f4db5e7b5edeb40b41a5ef478a7807bdd58
com.apihug	it-common-spring-core	0.1.7-RELEASE	-	1d1501472b5e2ced3a74f44fdb2951410840c6c7
com.apihug	it-common-spring-core	0.1.8-RELEASE	-	8a90712ea953d08b86c38a22a721cd1a71966a9a
com.apihug	it-common-spring-core	0.2.0-RELEASE	-	c2bfe28d82c8347392c252f5985ab321d43096fc
com.apihug	it-common-spring-core	0.2.1-RELEASE	-	d7eb48d1c76e77b361eecd2e57162003b5fbf4e3
com.apihug	it-common-spring-core	0.2.2-RELEASE	-	9eeffd996920f388602aa58353dd6797aa17ea25
com.apihug	it-common-spring-core	0.2.3-RELEASE	-	8dda1e0e6d455637fa29de2fe1b3d3b720962b89
com.apihug	it-common-spring-core	0.2.4-RELEASE	-	aea28db6de629bdd1d1ecffb9273028daeb8aae0
com.apihug	it-common-spring-core	0.2.5-RELEASE	-	be779c39d9d75685cd87ccb12e9ccb8441bb864e
com.apihug	it-common-spring-core	0.2.6-RELEASE	-	07179d5885848509313be68ca25fd587bee07e8e
com.apihug	it-common-spring-core	0.2.7-RELEASE	-	6d9727c40a19035ed3a49e5d299d90fb06422c4f
com.apihug	it-common-spring-core	0.2.8-RELEASE	-	05f83e604ce914547c08f450beb7bebce1fc6780
com.apihug	it-common-spring-core	0.2.9-RELEASE	-	ce09e737e0d2c324bb80b6e7422cdbabf37c9310
com.apihug	it-common-spring-core	0.3.0-RELEASE	-	4404bb7a4baf0b0c7a79f5ffb5bfa488ce740205
com.apihug	it-common-spring-core	0.3.1-RELEASE	-	2c959bf012eeaeebce79f6c59e49db39c9fddd8d
com.apihug	it-common-spring-core	0.3.2-RELEASE	-	584d380b26d67ab51f5f2eb8f4b42077ca2ff856
com.apihug	it-common-spring-core	0.3.3-RELEASE	-	effcba52a7909b36b3ce0a8241d22b4908e6544c
com.apihug	it-common-spring-core	0.3.4-RELEASE	-	a84de690d2480de0449049a83061902932177c45
com.apihug	it-common-spring-core	0.3.5-RELEASE	-	4d5cc58c72b2fe04de67aa789d7d58b67c3dee58
com.apihug	it-common-spring-core	0.3.6-RELEASE	-	d329cba12d761b98d856b273e1207d838af4b58b
com.apihug	it-common-spring-core	0.3.7-RELEASE	-	b652156c7cd065c13d6cff72bfa86e87be3112b1
com.apihug	it-common-spring-core	0.3.8-RELEASE	-	b4abb96552c4376353df04e5419a6424e12d5a3c
com.apihug	it-common-spring-core	0.3.9-RELEASE	-	b59ae87b3201c1f44ca94439a3142ae9eaf257b8
com.apihug	it-common-spring-core	0.4.0-RELEASE	-	9b66f82a129d183c545bcd69446453002a1aab72
com.apihug	it-common-spring-core	0.4.1-RELEASE	-	86a7ff575a6f3eed6e3e5d3dcc00cedbf8992349
com.apihug	it-common-spring-core	0.4.2-RELEASE	-	44dfb2426a4df4e28ac893980d1208bf72c052e6
com.apihug	it-common-spring-core	0.4.3-RELEASE	-	e45d248b4d2c9717f523f25d469dec7401ecf6b7
com.apihug	it-common-spring-core	0.4.4-RELEASE	-	ecef9566e15ea080bf14678c1cc1444f840580e9
com.apihug	it-common-spring-core	0.4.5-RELEASE	-	d3835d2eeb2db71ec7a0250799daba619881ce1d
com.apihug	it-common-spring-core	0.4.6-RELEASE	-	babcf965f8cb5495bc4ccde3462f684c8ee55d76
com.apihug	it-common-spring-core	0.4.7-RELEASE	-	bc2b41a8bec032fc4c5711ce64ace34eb84a6f15
com.apihug	it-common-spring-core	0.4.8-RELEASE	-	0b9bfdb7c7acefcb0ea16904aca450280c9cfbd6
com.apihug	it-common-spring-core	0.4.9-RELEASE	-	41d9f549efe64417ddaa9502ee9c35dd1678ed36
com.apihug	it-common-spring-core	0.5.0-RELEASE	-	eb0d0a5b0234361819be31dd2c155cb33872e613
com.apihug	it-common-spring-core	0.5.1-RELEASE	-	35a642f255d44579474ecd2168892e06316f7dd0
com.apihug	it-common-spring-core	0.5.2-RELEASE	-	6cbca030ba625847e0861c2e6c16d774571b808d
com.apihug	it-common-spring-core	0.5.3-RELEASE	-	37a2def6eb86c8cfbf6340aa2ba36b6b1adb690f
com.apihug	it-common-spring-core	0.5.4-RELEASE	-	5e44ba7bc43b385e6203067fc25007cef2b8e28c
com.apihug	it-common-spring-core	0.5.5-RELEASE	-	a45d2e05630daf78e106e6e95e3f48e60dae6ac6
com.apihug	it-common-spring-core	0.5.6-RELEASE	-	edf875094ee327384c8400e7732aceefc2776edf
com.apihug	it-common-spring-core	0.5.7-RELEASE	-	d536e8ba0dc3ca93675f8ea29d33a815a74c2369
com.apihug	it-common-spring-core	0.5.8-RELEASE	-	2106bc54ff4a9d42ef5503b8398fdf9e9cff943a
com.apihug	it-common-spring-core	0.6.0-RELEASE	-	b9a511803394d5a90d2cd36ed6b2b73a177e316f
com.apihug	it-common-spring-core	0.6.1-RELEASE	-	d07797a2622a411648e2657584fe35fec7b3578a
com.apihug	it-common-spring-core	0.6.2-RELEASE	-	8f5c1c31533f8421b6e8f0b8f498c08e6af711ec
com.apihug	it-common-spring-core	0.6.3-RELEASE	-	f1b0a662e3405713c3573ec408510067a1c32444
com.apihug	it-common-spring-core	0.6.4-RELEASE	-	12b7f90be9831d511eafc0c8b57d8fd12247770e
com.apihug	it-common-spring-core	0.6.5-RELEASE	-	d0f5fea9a3d3653504ee74aa8a46788661d75a22
com.apihug	it-common-spring-core	0.6.6-RELEASE	-	ccd86adaa7124de7337f6db0756b238803215274
com.apihug	it-common-spring-core	0.6.8-RELEASE	-	bd00de88ef4e6aa65afa47fc316693285626bad1
com.apihug	it-common-spring-core	0.6.9-RELEASE	-	c1a611e75a2d704ed93bb3b36af0abcb2311ce7f
com.apihug	it-common-spring-core	0.7.0-RELEASE	-	6c567ebd4de52d8d1afbb7d9a69b2720111393f0
com.apihug	it-common-spring-core	0.7.1-RELEASE	-	29d1af6cb43f3adc0a34a79123a226d800fd70a9
com.apihug	it-common-spring-core	0.7.2-RELEASE	-	b883109398aa14495d63dcfe7af02bf761a260df
com.apihug	it-common-spring-core	0.7.3-RELEASE	-	58adee28559d356fdf9b07cc19d433b8de2aed6c
com.apihug	it-common-spring-core	0.7.4-RELEASE	-	0471d71a933b1b4a4140fc024e59dc44c25715f8
com.apihug	it-common-spring-core	0.7.5-RELEASE	-	afbad4e4b8c5c5f9ca780078e95075a79e9d63e5
com.apihug	it-common-spring-core	0.7.6-RELEASE	-	31b3e4c0f0310027548718920f4c0024412ee81d
com.apihug	it-common-spring-core	0.7.7-RELEASE	-	41ee3399c9312c42d00e076bce243e648fcc6639
com.apihug	it-common-spring-core	0.7.8-RELEASE	-	6e11339631a1a2337f0298a5df23bf701622594b
com.apihug	it-common-spring-core	0.7.9-RELEASE	-	b3520d64e3b90da76c228755c42320e2ee88fc62
com.apihug	it-common-spring-core	0.8.0-RELEASE	-	978a6561369ba63a4ac56e76d86c4e3ecac7da71
com.apihug	it-common-spring-core	0.8.1-RELEASE	-	766758c7e49f58a41b615bb59b3a44700b295078
com.apihug	it-common-spring-core	0.8.2-RELEASE	-	acbbcb8a6cd54d518b9d6f26c58d78370f63e1dd
com.apihug	it-common-spring-core	0.8.3-RELEASE	-	da55033418959d98363c0627a160bfa59b883cd3
com.apihug	it-common-spring-core	0.8.4-RELEASE	-	ec597e7e95deeed210175c67dfd74e41a4a2e78e
com.apihug	it-common-spring-core	0.8.5-RELEASE	-	4dc2b8e95811895096a80d58baf3fbf0315a2721
com.apihug	it-common-spring-core	0.8.6-RELEASE	-	744ced971faa38eb0015fdd75eeaa66a382c9079
com.apihug	it-common-spring-core	0.8.7-RELEASE	-	57fdded5dde852504860de2d70c00cf03ae066d6
com.apihug	it-common-spring-core	0.8.8-RELEASE	-	8f3c0a86d90f98640efceeb8f6553196a0e68847
com.apihug	it-common-spring-core	0.8.9-RELEASE	-	2339a4e1dfe22791c04fd8a0bfc939cb388fa9d2
com.apihug	it-common-spring-core	0.9.0-RELEASE	-	d761bb43c8892e7acbf09d55d53b1efc2d74e0a0
com.apihug	it-common-spring-core	0.9.1-RELEASE	-	2908c2a5e800862042703646666c1d8c8605d5cd
com.apihug	it-common-spring-core	0.9.2-RELEASE	-	628068b70dbe3fae2f1d0d63b127a0729e9a942a
com.apihug	it-common-spring-core	0.9.3-RELEASE	-	11789556377b577426ef0926d4cc89c712083333
com.apihug	it-common-spring-core	0.9.4-RELEASE	-	4db33f4c26b2d07ecc881116aa2eb7237a4c9787
com.apihug	it-common-spring-core	0.9.5-RELEASE	-	c51461a6561e3f1214ecde4701d034dc60ef1291
com.apihug	it-common-spring-core	0.9.6-RELEASE	-	a75d9918a3a04c5bf101024c898266915fc9b14a
com.apihug	it-common-spring-core	0.9.7-RELEASE	-	79c8c2cf5401bb401f1e008cedfb29845745a2fe
com.apihug	it-common-spring-core	0.9.7-r1	-	33e4307ff3a3e21fa3d9bf895632a3d23973ac4e
com.apihug	it-common-spring-core	0.9.8-RELEASE	-	d4be83e9141119c2152330939926420f942f13ca
com.apihug	it-common-spring-core	0.9.9-RELEASE	-	19ac404cf2b3118928e575b07e16008dc0d22fd2
com.apihug	it-common-spring-core	0.9.9-r1	-	443dc3727437baf997a122afd619223b00684218
com.apihug	it-common-spring-core	0.9.9-r2	-	0884ca90a0fd33df97a16d19f2a44e7a5204d71a
com.apihug	it-common-spring-core	0.9.9-r3	-	9720c19cf068923c0354ab5b9cf84fbb9f7425d7
com.apihug	it-common-spring-core	0.9.9-r4	-	30702fe10fcf089fd5d6828a477798e2668d540e
com.apihug	it-common-spring-core	0.9.9-r5	-	1c4efc5373766c331e0f36886a4f8bcfba2fb4ec
com.apihug	it-common-spring-core	0.9.9-r6	-	ce1691e86adeca3785e9cf9475c7e5dff0aef960
com.apihug	it-common-spring-core	1.0.0-RELEASE	-	ce55d0610c8ba944b0e662df779ea42e1c6927b5
com.apihug	it-common-spring-core	1.0.1-RELEASE	-	efcc6842ea56e1c41fed62ebedde59e699b4f904
com.apihug	it-common-spring-core	1.0.2-RELEASE	-	73c6b5458f5fb990637c8da6f8859f4ae54caac0
com.apihug	it-common-spring-core	1.0.3-RELEASE	-	e03a1ef7f50f6b522dfcda472be4bf23c2295814
com.apihug	it-common-spring-core	1.0.4-RELEASE	-	b747c284591be3f3d7e67188f4a555bb3ba800ff
com.apihug	it-common-spring-core	1.0.5-RELEASE	-	de6d5f0c8f6aa616eeee075d339e43271bd8a6f5
com.apihug	it-common-spring-core	1.0.6-RELEASE	-	2265608c8587f5a9de4a742e1f3fb901ffa74ac1
com.apihug	it-common-spring-core	1.0.7-RELEASE	-	af0008ca43ac3b07bd711e3bba4d81a4a86148e2
com.apihug	it-common-spring-core	1.0.8-RELEASE	-	2349a7c457184dedf235be0728348a5e7f03f3d4
com.apihug	it-common-spring-core	1.0.9-RELEASE	-	f78184e0896ba20df38d0c27ea229ca33a5026d4
com.apihug	it-common-spring-core	1.1.0-RELEASE	-	a446f6151ee384c472097063ad34ca38d38aa9fe
com.apihug	it-common-spring-core	1.1.1-RELEASE	-	e5819037fe529a131ca80f00f9a11b26ba3d35d4
com.apihug	it-common-spring-core	1.1.2-RELEASE	-	2d03c541a3eae5f0150ea0267b7930ae61769f46
com.apihug	it-common-spring-core	1.1.3-RELEASE	-	74e93ef215e6e07fd33071545745339bcc572d74
com.apihug	it-common-spring-core	1.1.4-R1	-	239376933a73fb6f5c03e4b6d2126c78a3d725d4
com.apihug	it-common-spring-core	1.1.4-RELEASE	-	14721362070cec670d7c07b21d8a0f129a7ead4d
com.apihug	it-common-spring-core	1.1.6-RELEASE	-	fc3f97768b962d43282cb99d862c181d61c29be9
com.apihug	it-common-spring-core	1.1.7-RELEASE	-	895dbdfa536f4ef50b2d6d7e07a6a251b4d19464
com.apihug	it-common-spring-core	1.1.8-RELEASE	-	a2db0df7b7ed2e3fc903d6494b08a5f7feaf35a0
com.apihug	it-common-spring-core	1.1.9-RELEASE	-	1344819f30a9f5ad7ac40089541f25b07200ac12
com.apihug	it-common-spring-core	1.2.0-RELEASE	-	7f8c0e8c4f269a1446d9f5ef587db128abd0d3be
com.apihug	it-common-spring-core	1.2.1-RELEASE	-	2bd42b1302585474bac5dd85239ab8d9c4ddd4f4
com.apihug	it-common-spring-core	1.2.2-M6	-	a8dae838fa982da235c7de2fc46a712773adfb7d
com.apihug	it-common-spring-core	1.2.2-R1	-	0b7c27bd17c9bb94c9f5ff6dbed1c880dea04969
com.apihug	it-common-spring-core	1.2.2-R2	-	99360e7f31910a52e33a56555bf5d564526fe816
com.apihug	it-common-spring-core	1.2.2-R3	-	56d541278d74ac7261817748a8397a28af4d8d5a
com.apihug	it-common-spring-core	1.2.2-R4	-	3d7619730f595717b703ade11af2c959e6685d54
com.apihug	it-common-spring-core	1.2.2-R5	-	20f1d369268d78da5a42fe92b0fb1b51a20602e2
com.apihug	it-common-spring-core	1.2.2-RELEASE	-	b6f1d57ed373704058a30e28fcd115a575d52766
com.apihug	it-common-spring-core	1.2.3-M1	-	90ecf31399ba1119e671bf6b166c7442a09afdf5
com.apihug	it-common-spring-core	1.2.3-RELEASE	-	4e704ce209a4792b81477696aa6212735de5a063
com.apihug	it-common-spring-core	1.2.4-RELEASE	-	edf7ba6386eb5f2f67f42d34ba1834694c13c4c0
com.apihug	it-common-spring-core	1.2.5-RELEASE	-	b4ebd6b272c23a74c8dce8a55e986f0a432e197c
com.apihug	it-common-spring-core	1.2.6-RELEASE	-	706f3b35bf73bc5c0ce2dcd860f1adf318cfd936
com.appian	connected-systems-core	0.1.0	-	9718cb2f91691edc59fc1cb6bab73309da5e809e
com.appian	connected-systems-core	1.0.0	-	717788308dba0c35312f3972e13423065dfdf324
com.appian	connected-systems-core	1.0.1	-	10852d5af4018ee314b47c6f9179df1a2a1587db
com.appian	connected-systems-core	1.0.2	-	b50d407a308d8610c4d91bab0645dae1873ccbab
com.appian	connected-systems-core	1.1.0	-	84137be9cc984a51cdea7d1ca196f6dac20e4791
com.appian	connected-systems-core	1.1.1	-	516b40dce4121c936710f2cbd84c58d734a3a326
com.appian	connected-systems-core	1.2.0	-	5e4d14dd5a4eb4c710a19bd8dec3cb38c6b2ad90
com.appian	connected-systems-core	1.8.2	-	8e6653f1a6e907cf5abf031ed0680758989049cf
com.appian	connected-systems-core	1.9.0	-	20663c6591445d1a1bc07caa981caca20c498bf0
com.appian	connected-systems-core	1.9.1	-	73964d79c19a0e84d71cfe0fe2518ff2b9c2a661
com.appmattus.certificatetransparency	certificatetransparency	0.1.1	-	76a6d8361b94957ae2be55e8ac355dd7bd9c9d66
com.appmattus.certificatetransparency	certificatetransparency	0.1.4	-	64825e46bcdcd5e7494c03bda3e0965648b62ccc
com.appmattus.certificatetransparency	certificatetransparency	0.1.5	-	90e77d36099ba09c23e27ebe93fa0da96b6889e4
com.appmattus.certificatetransparency	certificatetransparency	0.2.0	-	543fed3c66ec7e4de7174ec9cca4cb47356e9540
com.appmattus.certificatetransparency	certificatetransparency	0.3.0	-	e22eda6a0cad53da4fe8f49e211b51c5148f7129
com.appmattus.certificatetransparency	certificatetransparency	1.0.0	-	98f88aa96404190128bbce6932052d9c5cc92b74
com.appmattus.certificatetransparency	certificatetransparency	1.1.0	-	0bb9632c928c82a7b5b50d0a4f0e34e71caee597
com.appmattus.certificatetransparency	certificatetransparency	1.1.1	-	43350eaa85940b4b7bb1b54e2685d1abbde54ba9
com.appmattus.certificatetransparency	certificatetransparency	2.0.0	-	df8307a302821a351afc3eeafe7954de45bf59e7
com.appmattus.certificatetransparency	certificatetransparency	2.0.1	-	e8b9f70c8e7e9ec435e6fe3c9b021bf6fc90153e
com.appmattus.certificatetransparency	certificatetransparency	2.1.0	-	2ca08fa13c433fd8c3c96e326340e53ed107e315
com.appmattus.certificatetransparency	certificatetransparency	2.1.1	-	9c90b4e2a2109625d3d725252789a1679a9c8c1a
com.appmattus.certificatetransparency	certificatetransparency	2.1.2	-	88204b4a770db1eb1f7166428a86aa309a6fd503
com.appmattus.certificatetransparency	certificatetransparency	2.1.3	-	561324eafc59297f740288ccfaad8154db3ff7f7
com.appmattus.certificatetransparency	certificatetransparency	2.2.0	-	6ff9112aeb74f096d52cfc184686b28ad5345385
com.appmattus.certificatetransparency	certificatetransparency	2.2.1	-	015a3b67b796903cfe8b1396f258a9b369cfeac5
com.appmattus.certificatetransparency	certificatetransparency	2.3.0	-	5b38a0df511100f68ddc67c55c31477bd8ece775
com.appmattus.certificatetransparency	certificatetransparency	2.4.0	-	dc4869176b9c707dd503c1f59c0bf4239c9daa21
com.appmattus.certificatetransparency	certificatetransparency	2.4.1	-	c4d14c0d774677fef17232e0dc98e52083bf1a43
com.appmattus.certificatetransparency	certificatetransparency	2.4.2	-	46cd071d1cde7d1dcb1552f201086f2b7c54c598
com.appmattus.certificatetransparency	certificatetransparency	2.4.3	-	cb43a55a0c94e1910b18cc22a396759ed18cac3f
com.appmattus.certificatetransparency	certificatetransparency	2.4.4	-	052e8d9738296d5a0c2a8da382ad168d7df8b930
com.appmattus.certificatetransparency	certificatetransparency	2.4.5	-	04f365f09af2946ff8e53153c9b0cf507cadeae9
com.appmattus.certificatetransparency	certificatetransparency	2.4.6	-	23fae416de9d2ea00dd42edaa4e1f73ee2960090
com.appmattus.certificatetransparency	certificatetransparency	2.4.7	-	23e41c4b52ff1464b6322146e3d3673b82f7f924
com.appmattus.certificatetransparency	certificatetransparency	2.4.8	-	c9b1b8994bcd3492351e30482f9fdbbb7ffab6ab
com.appmattus.certificatetransparency	certificatetransparency	2.5.0	-	cee3aa327ebbe9a5dc4b6fa41b3fd756cf92e0c9
com.appmattus.certificatetransparency	certificatetransparency	2.5.1	-	75f30feba2ccfc7299a1a7ca93e118d88c4d9e33
com.appmattus.certificatetransparency	certificatetransparency	2.5.17	-	5122e81cb5774181d9e0acbe51792761ed1c7e13
com.appmattus.certificatetransparency	certificatetransparency	2.5.18	-	0573f42bcc4f666f7f26c4f47a978897177953fb
com.appmattus.certificatetransparency	certificatetransparency	2.5.19	-	31dd6e629a75f5023bf68f8dbec762dc30cedbb4
com.appmattus.certificatetransparency	certificatetransparency	2.5.2	-	dfdebf2897524eae80fffdd134ca4f2a829d9608
com.appmattus.certificatetransparency	certificatetransparency	2.5.3	-	9d59755d5f35090f841378254b79688eb8aa9801
com.appmattus.certificatetransparency	certificatetransparency	2.5.39	-	b1ef5ed92a4637010a576b03121aa209c2925eee
com.appmattus.certificatetransparency	certificatetransparency	2.5.4	-	52c41e5ce992ebfb2c307e87f9de32f0dd23d97e
com.appmattus.certificatetransparency	certificatetransparency	2.5.40	-	180d0e93ecf16800fe84610fb4ac6315c8a192df
com.appmattus.certificatetransparency	certificatetransparency	2.5.41	-	da8cd244cb4a6c940414699633dc37bf317feba9
com.appmattus.certificatetransparency	certificatetransparency	2.5.42	-	112d8b589aab077a80bde827deaa1ff43905cf4e
com.appmattus.certificatetransparency	certificatetransparency	2.5.46	-	bc05e810e564c6c0eb65e434ae3beda9b436f772
com.appmattus.certificatetransparency	certificatetransparency	2.5.47	-	829294a8ffc840a6e4d2cc6966d3e30472d22791
com.appmattus.certificatetransparency	certificatetransparency	2.5.49	-	e1776492fc91f3ecb3d69bc9a8dec97cf02ada3f
com.appmattus.certificatetransparency	certificatetransparency	2.5.5	-	f9b3086b7443bf7a098b06e296ac621f222d0878
com.appmattus.certificatetransparency	certificatetransparency	2.5.50	-	0efc09f618892b8236ad47002119fd7f539e0050
com.appmattus.certificatetransparency	certificatetransparency	2.5.51	-	ee5d05d312a30b6f3abd6cd61cd12a07260c36bd
com.appmattus.certificatetransparency	certificatetransparency	2.5.52	-	8eb0b459b1e81f2ef6f5403172669a3ee5c6993f
com.appmattus.certificatetransparency	certificatetransparency	2.5.53	-	0cf0ffd83f4059df7508b831ac1c15750b851c33
com.appmattus.certificatetransparency	certificatetransparency	2.5.54	-	27b8255f7c8ed3e504c26621ded68e7da7ef185b
com.appmattus.certificatetransparency	certificatetransparency	2.5.55	-	209c23beed71f3ddc1108ab0680d3eed8801b37c
com.appmattus.certificatetransparency	certificatetransparency	2.5.56	-	1848acfeab7e06242bd31d21334c91be68e9df73
com.appmattus.certificatetransparency	certificatetransparency	2.5.57	-	265e7571d51f8279061c641e0570c7f00a20b6a1
com.appmattus.certificatetransparency	certificatetransparency	2.5.58	-	3c20fca91c7b31b7aefddfd34cc06ff838e14b56
com.appmattus.certificatetransparency	certificatetransparency	2.5.59	-	f80748df80a9ff0a1a876cefeaa52b8777d6181f
com.appmattus.certificatetransparency	certificatetransparency	2.5.6	-	9653eaf8af8c1a54c8337a8ccf6cfcde0e2e79e6
com.appmattus.certificatetransparency	certificatetransparency	2.5.60	-	814a265d6c2991eaec0fe82b2d440817f0bc8296
com.appmattus.certificatetransparency	certificatetransparency	2.5.61	-	34c2d299d6d08bc7d074bcf036f375bc395b9a06
com.appmattus.certificatetransparency	certificatetransparency	2.5.62	-	d86159d3c7c0a5d06e84d425016bdbf6f4cf9dd9
com.appmattus.certificatetransparency	certificatetransparency	2.5.63	-	0073ada67e222c64921e3af093c7ccec84c04ed2
com.appmattus.certificatetransparency	certificatetransparency	2.5.65	-	9c905854e6c80d17f5a7a4921380f8f0a6754ab7
com.appmattus.certificatetransparency	certificatetransparency	2.5.67	-	037d4ff4503f5a4da5f77c4d233d6063af8b5f32
com.appmattus.certificatetransparency	certificatetransparency	2.5.68	-	2dcada043a4d1bb8814ce65c661347420a39b03a
com.appmattus.certificatetransparency	certificatetransparency	2.5.69	-	0c2e847ae865bf2811ff193e6e713683e5fb3803
com.appmattus.certificatetransparency	certificatetransparency	2.5.70	-	33e405dee5ebbf77b3fe96eb035bd59bbdc360d0
com.appmattus.certificatetransparency	certificatetransparency	2.5.71	-	3ca2c3234892afe150b8dc5ebfa84a7ac090d995
com.appmattus.certificatetransparency	certificatetransparency	2.5.72	-	7703e2324754921d3348ba4299c9cdfe59905c66
com.appmattus.certificatetransparency	certificatetransparency	2.5.73	-	07a56757f8eb12ab40d5ec56fccac615648d06c2
com.appmattus.certificatetransparency	certificatetransparency	2.5.74	-	3091a5c8f235e073c6367375a44b85ceeea336b6
com.appmattus.certificatetransparency	certificatetransparency	2.5.75	-	2afbcb73553d86c72faec01b25ba652d6e113e18
com.appmattus.certificatetransparency	certificatetransparency	2.5.76	-	918d1088546fecf36b3fdd0e189823f639c5cecd
com.appmattus.certificatetransparency	certificatetransparency	2.5.77	-	b24e1d2808db854737c0e0193fc0c649d7c63d04
com.appmattus.certificatetransparency	certificatetransparency	2.5.78	-	a413646ef94ac39c5b8bb46b248aa214f8342d50
com.appmattus.certificatetransparency	certificatetransparency	2.5.79	-	f40bdbbbc8fe740f88b26de38d293564209a36c2
com.appmattus.certificatetransparency	certificatetransparency	2.5.82	-	8d3bb80c83e3b92258ae69b2d7d8df64e72a92ad
com.appmattus.certificatetransparency	certificatetransparency	2.5.83	-	78ad1e53a841a3b6a72b22a480fe8fe1beba1730
com.appmattus.certificatetransparency	certificatetransparency	2.5.84	-	4280e67bf97c7fe6aa340b8fdabd6862a7ada7fd
com.appmattus.certificatetransparency	certificatetransparency	2.5.85	-	58b2550dd6df8b9a5f4f24511ccb1def09b837c9
com.appmattus.certificatetransparency	certificatetransparency	2.5.86	-	b8624439d1f28204e7fa8bf61c10edfd4b97e845
com.appstractive	jwt-hmac-kt-iossimulatorarm64	1.0.0	1.0.0-metadata	6734a1ed44ca89f48d4e9ee28f456754d3dd0520
com.appstractive	jwt-hmac-kt-iossimulatorarm64	1.0.1	1.0.1-metadata	4e6fba61813e75eeb1f5d055323923da9e35c39c
com.appstractive	jwt-hmac-kt-iossimulatorarm64	1.0.2	1.0.2-metadata	77c37e283aff74d403f2426b4b07267e59d8aa2d
com.appstractive	jwt-hmac-kt-iossimulatorarm64	1.0.3	1.0.3-metadata	55ee90e306fec6d53ffe7a1ff6bd4ae604f1a462
com.appstractive	jwt-hmac-kt-iossimulatorarm64	1.1.0	1.1.0-metadata	38f8ab8311cd8a1d0824a7283e5c88ff9c681f4b
com.appstractive	jwt-hmac-kt-iossimulatorarm64	1.1.0-2.0.21	1.1.0-2.0.21-metadata	ab68be861da2ec72e40883123a565a9121974171
com.aspectran	aspectran-web	5.0.0	-	5b9890c8775418c6a636e893860a8991452771e5
com.aspectran	aspectran-web	5.0.0.RC1	-	2d54aa858a5d32fae67ccf80ef661c52a1dc0121
com.aspectran	aspectran-web	5.0.0.RC2	-	c307d6745ca6609e5acd4b96589658f7d5f37c27
com.aspectran	aspectran-web	5.0.0.RC3	-	966b7c05e17d3058070f71a414ef06f5a7e84ce4
com.aspectran	aspectran-web	5.0.0.RC4	-	613ac9109da1bd83f8cd1090770e86ef80381f46
com.aspectran	aspectran-web	5.1.0	-	3a7ede261c6bb6336d2b126036cba12f8cdaf1ca
com.aspectran	aspectran-web	5.1.1	-	acfce86b384f9fe196ec6a6b25d6cc2075f9d411
com.aspectran	aspectran-web	5.1.2	-	6091c8912be8498d47c6d66283957b125072e3d8
com.aspectran	aspectran-web	5.1.3	-	ef421e74098e20646825f39e05b0f408db673f85
com.aspectran	aspectran-web	5.1.4	-	bad7b5acbb21d38f3129c895c65a4f42c88889f8
com.aspectran	aspectran-web	5.2.0	-	6a8d323d146ba656eccb8911e807e4f2ab5bfb10
com.aspectran	aspectran-web	5.2.1	-	5be2493c7bbc77120a2223c9391de7f7d6c31cc0
com.aspectran	aspectran-web	5.2.2	-	ac594b383857b198379292ccca80bc3aac08e021
com.aspectran	aspectran-web	5.2.3	-	4a19aae8cacaea006890ba4b7f0f9a4c78716556
com.aspectran	aspectran-web	5.3.0	-	5f2e86aa5649db599d58cc6ba05af8640795c02b
com.aspectran	aspectran-web	5.3.1	-	8390e444133c3f46512ff53e583450e40f589928
com.aspectran	aspectran-web	5.3.2	-	1dc633aabbbadd3c5273ab1a17055fb519876bf3
com.aspectran	aspectran-web	5.4.0	-	f2114b11030d53ae70fcee311bf66b2543c4d325
com.aspectran	aspectran-web	5.4.1	-	c9013e80194fc750e27dbd7c9584c235eb18b9b1
com.aspectran	aspectran-web	5.4.2	-	214210b178f4303dfbadb29afe15f1902ead1a47
com.aspectran	aspectran-web	5.5.0	-	361700777b15a71a1668104256ac1c4cee427511
com.aspectran	aspectran-web	5.6.0	-	71012cc05b634df88bf8a1e2efa5816bb246af05
com.aspectran	aspectran-web	5.6.1	-	dea36ef61ef48066dad31848eb720c3ee96e916b
com.aspectran	aspectran-web	5.6.2	-	178ea367df18c0977fe171b02ae8d1364fe7699d
com.aspectran	aspectran-web	5.6.3	-	cd3918951da0abc66a6f2432f2e9a3bfe71d1b7c
com.aspectran	aspectran-web	5.7.0	-	1c3e46f6454cbd98f022042684afbf0cc2ef2847
com.aspectran	aspectran-web	5.7.1	-	18d7596c8aa117d1d6864c9874fdd1f2cd147d0b
com.aspectran	aspectran-web	5.7.2	-	0409ac31a82fc75cb29d5c12ade107215b1b2211
com.aspectran	aspectran-web	5.8.0	-	fa646dc43f66f44d2ea67d2d46850db809034e35
com.aspectran	aspectran-web	5.8.1	-	4571c49b304df0794b2ebb7452fc5ee5b45173c1
com.aspectran	aspectran-web	5.8.2	-	86ea7426b75be24300beb1a36f01c1b11e87d3db
com.aspectran	aspectran-web	5.9.0	-	6ebff990513358566f7e7581f15f7cf6b2e23a3d
com.aspectran	aspectran-web	5.9.1	-	0bfd8276d05f49aaaba4da68962a28f94f1bc7e3
com.aspectran	aspectran-web	5.9.2	-	1d0ffbc483d3069342e1ec7ef5365812a71aaf1c
com.aspectran	aspectran-web	5.9.3	-	cc6e03a233526425341d05d67d921f8ec0254ecd
com.aspectran	aspectran-web	5.9.4	-	55d4a6689bb6ae07f671e685915fce6dee64d204
com.aspectran	aspectran-web	5.9.5	-	1d173ad95b54a69b18acd3dccf80bab0504388dc
com.aspectran	aspectran-web	5.9.6	-	50452d85d11863a9c6bd1687943a7da9d2b0c3a0
com.aspectran	aspectran-web	5.9.7	-	58360b42b5a19d50b394e07b2ffbf64fde98adc3
com.aspectran	aspectran-web	5.9.8	-	95c13d9b29e47b59bc2e3f3355359dfbc18e67a1
com.aspectran	aspectran-web	6.0.0	-	8f96194bf1aa1736973e885b7317dc5b9801b014
com.aspectran	aspectran-web	6.0.0-RC1	-	cc20ca2bed21ce4f60ee765b46de6d58126ddcce
com.aspectran	aspectran-web	6.0.0-RC10	-	9ea1b6304914d77f99ddc0f9e835ddf1b4f95a9c
com.aspectran	aspectran-web	6.0.0-RC11	-	cfe616b540c09acaaae337c499ba7a980def8765
com.aspectran	aspectran-web	6.0.0-RC12	-	7a5894a386632147c449b8aefc08fa8b6dc1429c
com.aspectran	aspectran-web	6.0.0-RC13	-	f48e47c23cbc55455150e3fcb760ac0efc40d615
com.aspectran	aspectran-web	6.0.0-RC14	-	c92a57e26204d07299478eb55be74210ed54d9ec
com.aspectran	aspectran-web	6.0.0-RC15	-	eb5805d2460d663c0267cd066aa1e5b3a7dce0a9
com.aspectran	aspectran-web	6.0.0-RC16	-	943264bac2af40aeefeeb78a25ac87e40ee42cb4
com.aspectran	aspectran-web	6.0.0-RC17	-	6b55627340671a91453808459c11f8fbd3829571
com.aspectran	aspectran-web	6.0.0-RC18	-	f5d9b8067b0ca662be242b60bc04a4f6c09b1610
com.aspectran	aspectran-web	6.0.0-RC19	-	75df9614e44dec1a391041441dcad86cf5f3b52d
com.aspectran	aspectran-web	6.0.0-RC2	-	3d4144508e4580f11ea234809497fa1950881f1b
com.aspectran	aspectran-web	6.0.0-RC3	-	fc4c933ba842b1337f7966105a61fda30d15dde5
com.aspectran	aspectran-web	6.0.0-RC4	-	1939b6e62786d3151c3fbd897170ff9abddd47f0
com.aspectran	aspectran-web	6.0.0-RC5	-	a4a38c0302ed6a3e786406e6a93c304f10c6cb19
com.aspectran	aspectran-web	6.0.0-RC6	-	ac0825f6914c2eb127637b59b44772ad1a76d6d6
com.aspectran	aspectran-web	6.0.0-RC7	-	5f41b37dcbffc219bc33d4d301fb51dc8d06a6b7
com.aspectran	aspectran-web	6.0.0-RC8	-	f1c5d254765020b72d12d825fbab0864ec4cd7bd
com.aspectran	aspectran-web	6.0.0-RC9	-	d726e32b3e91ee4ca01885099fc3963a7aca301e
com.aspectran	aspectran-web	6.0.1	-	9eedd3ab1412d9dfd0247537d645ae22e175b4aa
com.aspectran	aspectran-web	6.0.2	-	dfb16fb27295f41ffb43378a005177f0f23ba26e
com.aspectran	aspectran-web	6.0.3	-	dc9caedd7d55d8f6673ec2cc58e0ab230ed58a5d
com.aspectran	aspectran-web	6.1.0	-	d151fb3f4f74dac7e662268c23939dad7a437cb1
com.aspectran	aspectran-web	6.1.1	-	d8df216c6cab2781aad550f08d275e38de604591
com.aspectran	aspectran-web	6.1.2	-	a94a4332e1221f92bc783df390e76655779088b1
com.aspectran	aspectran-web	6.10.0	-	86d7a73ca4d8db80549182b73bcb3e8611173f3e
com.aspectran	aspectran-web	6.11.0	-	b7bd34488884c8f7e2f60af71eb1db8b46ec1418
com.aspectran	aspectran-web	6.12.0	-	5b3b0b785531cabeb6172e69fd20a427eeefe442
com.aspectran	aspectran-web	6.13.0	-	fc9f53200c97808206c2584cd0290db6713c8c74
com.aspectran	aspectran-web	6.13.1	-	fa936fb1bc1115daccc82e476e67d4b90779e22d
com.aspectran	aspectran-web	6.13.10	-	f661468a5c5133ead9b3a9e063cc7d1284d41837
com.aspectran	aspectran-web	6.13.11	-	88aeeb1841c55ea1d1a5c88e133d3011d1a5c167
com.aspectran	aspectran-web	6.13.2	-	cd9a4fc20774bebf7859dfff9c3ed9674fc434be
com.aspectran	aspectran-web	6.13.3	-	0728f913743b099112b50c9cc5f8918ac692b83d
com.aspectran	aspectran-web	6.13.4	-	ef61d33b49110fd3249e7b03f95928c4010f6417
com.aspectran	aspectran-web	6.13.5	-	87a555cd2efc9f2e7803bf496cb10e23721778c6
com.aspectran	aspectran-web	6.13.6	-	9061b3d0a80d7e28da238369c3ddc13b15c13932
com.aspectran	aspectran-web	6.13.7	-	eef862bae3a71fb8d5106273b2e36dd0d2ab90d0
com.aspectran	aspectran-web	6.13.8	-	dd9086f5ad09f588e58a3bbfe79c05b9d2a71ffc
com.aspectran	aspectran-web	6.13.9	-	995dc49aa640df7b200f6161e47a0ded1f7acc42
com.aspectran	aspectran-web	6.14.0	-	74dd052d4d9f6e9432dc72ac6e7bf1d210b90b5b
com.aspectran	aspectran-web	6.15.0	-	8bab8f9650fdc979a9de03e013aaab99df9030bf
com.aspectran	aspectran-web	6.15.1	-	82da96d34ea994f3454694a4442b33e58417bb8f
com.aspectran	aspectran-web	6.15.2	-	2842bfe6ca624d201391b45840f179caa2c1e582
com.aspectran	aspectran-web	6.2.0	-	1bae9eb845343db6cfe4019afaaeaba6ab190ec0
com.aspectran	aspectran-web	6.2.0-M1	-	1d271f7fc761e2feba6647afd6b07171b91971e9
com.aspectran	aspectran-web	6.2.0-M2	-	1865d9f353b3457ae01574b2a1b5da4de263560c
com.aspectran	aspectran-web	6.2.0-M3	-	87bce6a62f09c1ba26eb8e728ac373c862759bcb
com.aspectran	aspectran-web	6.2.0-RC1	-	9a9886295457be97560983680fe7ee6eb522ca67
com.aspectran	aspectran-web	6.2.0-RC2	-	34fcf736516cb2af7ef65bd7a8db3a1321e29ba4
com.aspectran	aspectran-web	6.3.0	-	54a0fb0c34cd70a3d5166bc0f6ca2ed080982857
com.aspectran	aspectran-web	6.3.0-M1	-	3fa1076fbe0b7bc1ff7f2c378d69934473dbdd3b
com.aspectran	aspectran-web	6.3.0-M2	-	9c16d54e9e488908209f512c1d3c98e674d2baaa
com.aspectran	aspectran-web	6.3.0-M3	-	acf20da849114f5c6a133cbe9faa20953d2800a7
com.aspectran	aspectran-web	6.3.0-M4	-	8c24ad43536548af9ad462c6579bc9e87f24da43
com.aspectran	aspectran-web	6.3.0-M5	-	7008bcb80992ee629a1f9533f7e6f520abb463fa
com.aspectran	aspectran-web	6.3.0-RC1	-	306e9b7d275cf72589b130f6a86c7c8f4ce8d0da
com.aspectran	aspectran-web	6.3.0-RC2	-	9c6b806741ceaa7405d17c36ed5fb884315993bf
com.aspectran	aspectran-web	6.3.0-RC3	-	351554b2bf00829d69f9fd8d3d3948b01f03ca1f
com.aspectran	aspectran-web	6.3.1	-	3410452a84609184075a03abd6f2d8e2aaa09b73
com.aspectran	aspectran-web	6.3.2	-	9ea259e6ed62de0c1a80283ede24cea549f13d61
com.aspectran	aspectran-web	6.4.0	-	d100d40717f216cbece2876db199d5cd5d82590c
com.aspectran	aspectran-web	6.4.0-M1	-	59b20da6da3154332875339b47bc096cbc6dee58
com.aspectran	aspectran-web	6.4.0-M2	-	108ba3e04c7dd047ecda8d8b46ed48b43b3dbaed
com.aspectran	aspectran-web	6.4.1	-	4e1e1ad61eeab6ea20755222f465438972cf5d96
com.aspectran	aspectran-web	6.4.2	-	21ef906f69f233af8a0daf76b6bf29f2090fb9ea
com.aspectran	aspectran-web	6.4.3	-	ce8ca21cc24f2b7dc0100246539a5d237c42eadf
com.aspectran	aspectran-web	6.5.0	-	6312d665d6dddfb1b57f8a1c01eab4d5b286fdc3
com.aspectran	aspectran-web	6.5.0-RC1	-	897b63b398cdf81996cf8aafb82b7554e015ef78
com.aspectran	aspectran-web	6.5.0-RC2	-	567ea6e5abe57d70c1cd92d41434fcc650b755b2
com.aspectran	aspectran-web	6.5.0-RC3	-	365a85f7456417aeb844acd092ccb9fb7ac74834
com.aspectran	aspectran-web	6.5.0-RC4	-	680d68e9eff78f3b273c4a87ef9e8ec3d425ce51
com.aspectran	aspectran-web	6.5.1	-	a7561e112d612c32161e4405922b75a7ed90a7c5
com.aspectran	aspectran-web	6.5.2	-	49c26baaf793781ca10329a3cf8dc9956c5e76d8
com.aspectran	aspectran-web	6.6.0	-	a2325f769aab03472b0d5702a9fa7f84f5c6646e
com.aspectran	aspectran-web	6.6.0-M1	-	24d03845086ee2af9caf6aa16bd67cd5f6d9c9ef
com.aspectran	aspectran-web	6.6.0-M2	-	ffa8d8ce0f8abfafe1af7b90c870c63488fbb206
com.aspectran	aspectran-web	6.6.0-M3	-	ba4d11e9e11b4f313b83156115fc97f02047a820
com.aspectran	aspectran-web	6.6.0-M4	-	e1a7a1c549942bfc9a2a22229f3121a991f4692c
com.aspectran	aspectran-web	6.6.0-RC1	-	ed3063125fbcdabe3aea3df6e6b81ae720b0bb2e
com.aspectran	aspectran-web	6.6.0-RC2	-	f808d4e1c23f10a05122269220fe8ba5b1efeebb
com.aspectran	aspectran-web	6.6.0-RC3	-	aec77928da9b2bb093e5ff4e6301216632cd099e
com.aspectran	aspectran-web	6.6.0-RC4	-	7a7989e864ca8a5e894c076ebd335c08f9496151
com.aspectran	aspectran-web	6.6.1	-	2e430858d3d56ddb72bc33a9d025114548326cf1
com.aspectran	aspectran-web	6.6.10	-	6ca70d2a09ef2614486cf7fa99a3204e9c69114e
com.aspectran	aspectran-web	6.6.11	-	e4ff1a7e06ea17e43acad2bf256fe8ab88fe0697
com.aspectran	aspectran-web	6.6.12	-	ee7613c0a8edab8c5296bac24e213f613b7e39eb
com.aspectran	aspectran-web	6.6.2	-	fec23bd2c439800fc5e27e6abd93e1de6cd66781
com.aspectran	aspectran-web	6.6.3	-	6a090cd0c06544d0b2ebbf9fbd269deb7cb150a9
com.aspectran	aspectran-web	6.6.4	-	e42270635af6559db9930f5c1c96f58eb45bbb44
com.aspectran	aspectran-web	6.6.5	-	40fb75be9c87a742df3d9f7cd363c1cc74ffb6ae
com.aspectran	aspectran-web	6.6.6	-	2a33c12e8346b0fe93ed897a38396a368b0b48fe
com.aspectran	aspectran-web	6.6.7	-	2ba4541c20f5661ea6903cf1802bc8fdf60c1c75
com.aspectran	aspectran-web	6.6.8	-	4a9ab26dac755f76a2bb83e2ad4e4652fffeea09
com.aspectran	aspectran-web	6.6.9	-	ac9de4581a6612aade0c45b154917c8332efdd86
com.aspectran	aspectran-web	6.7.0	-	01cd73c9bfe5f2f7d5198b83164d7225485983a4
com.aspectran	aspectran-web	6.8.0	-	c1f73c0a9ddc3c5bd3099be8d6052b1e61e208be
com.aspectran	aspectran-web	6.8.1	-	ec625f99c23a0628f39e65326c84b5c5655e2e5c
com.aspectran	aspectran-web	6.8.2	-	73e605e19905774e41a9d8b446ae435b67c03f29
com.aspectran	aspectran-web	6.8.3	-	78b805a397660e24f1954fafb6fab8d7b6491bb3
com.aspectran	aspectran-web	6.8.4	-	75d89c36a96f3788064ae66287f3e706c9e802a5
com.aspectran	aspectran-web	6.8.5	-	270a33630daba9ba5a0ed932ed2634f969343f92
com.aspectran	aspectran-web	6.8.6	-	dc0755680a95502f6bdd3e966bd9082b8ad5aaaf
com.aspectran	aspectran-web	6.9.0	-	3f3b8587466c8585fe354d4a63a51a2c0299f43d
com.aspectran	aspectran-web	6.9.1	-	352b2152461ba2df7a99946de130308104954faf
com.aspectran	aspectran-web	6.9.2	-	8e4bee4617f6e2f34f249f38fc47b1c0a0eb8fca
com.aspectran	aspectran-web	6.9.3	-	b39c30eb1ded3214a90e6e9900c61dca86124267
com.aspectran	aspectran-web	6.9.4	-	6e8eee5860a1bbfb41460ce17aba7d4dc03146e8
com.aspectran	aspectran-web	6.9.5	-	729695254c5ec80810ce510afe1b0f813509ef68
com.aspectran	aspectran-web	6.9.6	-	c7666e095b69a1bf7985e8b6f053fe65b86bf12e
com.aspectran	aspectran-web	6.9.7	-	76e19e0fcb67047e65640192c577491afa875a85
com.aspectran	aspectran-web	6.9.8	-	8a0bd7c8cecc6b58acc773408f25ddb1a59d0ab6
com.aspectran	aspectran-web	6.9.9	-	e797b2a37bc3ddf77d582d4a1837692b848a86d0
com.aspectran	aspectran-web	7.0.0	-	478ff6546d111873449d0a0e526a54e3432a1e3f
com.aspectran	aspectran-web	7.0.1	-	47675ddbf33ecf5bee61343154981bd388f7f4bc
com.aspectran	aspectran-web	7.0.10	-	fecc0907c65245da5d2b367ff9812f975f469ce7
com.aspectran	aspectran-web	7.0.11	-	50e6e2715e798bd35ae8a71c7c5adbce6a612d28
com.aspectran	aspectran-web	7.0.2	-	bba15523e457587e2ca41dc895c574ea95f0b76b
com.aspectran	aspectran-web	7.0.3	-	c61aa0c54bd7b8c4bb320eabcf56a7701e2b83d3
com.aspectran	aspectran-web	7.0.4	-	ecf1255a648bbbd4854bcf29b29f50469afe5c38
com.aspectran	aspectran-web	7.0.5	-	d56248266d5ba1395b9345b28ded376a0c34b647
com.aspectran	aspectran-web	7.0.6	-	f577fd7f934a8ddd73c5278b6e333aa02dcaabbd
com.aspectran	aspectran-web	7.0.7	-	15a5338716374cfdc546d54a6eb51f95076afef7
com.aspectran	aspectran-web	7.0.8	-	f04b2071603c457571ad7803b27a48af64a7ccea
com.aspectran	aspectran-web	7.0.9	-	bda8d2987af84a9cf0d50ea1589ba170b18d3833
com.aspectran	aspectran-web	7.1.0	-	94ea297c14d4df2e5c2ac567db46add2e3998a47
com.aspectran	aspectran-web	7.2.0	-	e184ba77d679e6d18061eda8b9c4f740a7ae46d3
com.aspectran	aspectran-web	7.3.0	-	b84854a810957050278d637e285180b64d18e086
com.aspectran	aspectran-web	7.3.1	-	078d07dbd9d565efc95578799a46b4604e890925
com.aspectran	aspectran-web	7.3.2	-	68e4b1df8c8ffb9c54f1e70adb4499f8c2af1260
com.aspectran	aspectran-web	7.3.3	-	e207238e25fe677883012ea5746143970ce07b48
com.aspectran	aspectran-web	7.4.0	-	60e0e38b53f2882183e5863077cbdcfd386bca7d
com.aspectran	aspectran-web	7.4.1	-	5427b16077fae4c8b71a896538e56c473f70d08d
com.aspectran	aspectran-web	7.4.2	-	0bd7957194e02d3622dc249d90122a5e69d7573a
com.aspectran	aspectran-web	7.4.3	-	ab9d67f8c8062a1a6bfc7d99b0a9e06bf25ded40
com.aspectran	aspectran-web	7.5.0	-	26ba28f0bc0b88ad8be4df4ef328e7175ad33e95
com.aspectran	aspectran-web	7.5.1	-	c97e7e134205f559af7280fce30d1b7d8b77ae6f
com.aspectran	aspectran-web	7.5.2	-	4b3f34d53c22d118142412bf12c41caf80f8c978
com.aspectran	aspectran-web	8.0.0	-	6083dcdbc5724f75000de92e0fb5635f6bbe5290
com.aspectran	aspectran-web	8.0.1	-	d2fe3aee0761943e0b92ed9a801c97848792eb23
com.aspectran	aspectran-web	8.0.2	-	dd512f18d4345fd5765f1dcc7899edc0dc6808ab
com.aspectran	aspectran-web	8.0.3	-	8eacbc0cb9f9076434b8259682e8d3912f41d72e
com.aspectran	aspectran-web	8.0.4	-	df208d007d772158efcb36c1b677d8f49c79efb2
com.aspectran	aspectran-web	8.0.5	-	632802995d389c0f0d52b80dda473047b266b79d
com.aspectran	aspectran-web	8.1.0	-	a943e2a34fe8cf336674f036fff0267207ce76b3
com.aspectran	aspectran-web	8.1.1	-	98a4c25565d2d4eedc61013c09d38ed26b37d232
com.aspectran	aspectran-web	8.1.2	-	ed2fb05bd47989a1ce856f7c76f34b71723519e2
com.aspectran	aspectran-web	8.1.3	-	9560cd7b026abba542a66738882700ad266498b8
com.aspectran	aspectran-web	8.1.4	-	62a85a005b13742cc67a2d6dfbd4fb27b3a2d4eb
com.aspectran	aspectran-web	8.1.5	-	465243093250f9b7677658201e57fafb184092ae
com.aspectran	aspectran-web	8.2.0	-	18e0eeb12777d25bc2b4ad7c236ba35322201427
com.aspectran	aspectran-web	8.3.0	-	290097b4e1b9e37197eec63426f8b62837de5ce2
com.aspectran	aspectran-web	8.3.1	-	4e51b2c717234d12fe270c877db895b20635c60e
com.aspectran	aspectran-web	8.3.2	-	1d196747a7bc0822043bd6e75514ff623e7dfa22
com.aspectran	aspectran-web	8.3.3	-	9f16186148d505cfd80438abdae5034006af9059
com.aspectran	aspectran-web	8.4.0	-	ad80faa771057eac7ab5c1c796f530ccc1543ffc
com.aspectran	aspectran-web	8.4.1	-	8e18fbcda4bcb4e92501b283f4385880c07ec3f4
com.aspectran	aspectran-web	8.4.2	-	c28c188cf698a22feb3f9860397d060563de8cd3
com.aspectran	aspectran-web	8.4.3	-	a0a6e890473d0a3240f784f570a4a01991a34ab0
com.atlan	cube-assets-builder	1.10.12	-	2ef910053927023f07ca5aec6ecd116f90e2b06f
com.atlan	cube-assets-builder	1.10.13	-	c963de90ed2eb063baa958d40b09f371f5f99994
com.atlan	cube-assets-builder	1.10.14	-	96cb5c47658972b4c4c2a29bda92bb42f69075f8
com.atlan	cube-assets-builder	1.11.0	-	0f63121a6aeb603c5d0eca32a5461a781cc57f60
com.atlan	cube-assets-builder	1.11.1	-	066fae80a6032d1f8a212e21f64d8c9fe14f482a
com.atlan	cube-assets-builder	1.11.2	-	69d95b817f44f0dbaad3324a0a8b2e12747ba2ef
com.atlan	cube-assets-builder	1.11.3	-	212467a98ae1c15d5f3a3f3792527adc7e727c6c
com.atlan	cube-assets-builder	1.11.4	-	4c228bd186afc3b214e75f011444675ca7287d56
com.atlan	cube-assets-builder	1.11.5	-	ff3f9ff081ca87ea315c2a0d6d48122ef069146e
com.atlan	cube-assets-builder	1.12.0	-	f7f1815e12399a997435867f3b5e7ea7ec6afe0a
com.atlan	cube-assets-builder	1.12.1	-	c0e6b8e376ea538c4ee7f4e110e8dfa98b435e7d
com.atlan	cube-assets-builder	1.12.10	-	1a40e52c48647404d28af0ecfe5b77d654324774
com.atlan	cube-assets-builder	1.12.2	-	e7cb444e0f1e747ba2bb82a3ae2207a414498b0f
com.atlan	cube-assets-builder	1.12.3	-	e418f6437b138fb1e0bc25bac16252f8ec4f24d1
com.atlan	cube-assets-builder	1.12.4	-	2b88215d0eac75499a8b332ebbe78182c69289f7
com.atlan	cube-assets-builder	1.12.5	-	7ba807af28f180d7a5eace306850cbd2e1c64c3f
com.atlan	cube-assets-builder	1.12.6	-	1e13bf728186565cc2f1491142e61aa0a7c7826d
com.atlan	cube-assets-builder	1.12.7	-	312670ff7a7e83fb96da5560cff05335bb2cbb73
com.atlan	cube-assets-builder	1.12.8	-	fe8d204940d28425e5420a84319ffd3cdbb5e68e
com.atlan	cube-assets-builder	1.12.9	-	42e58fb97abb95fa1bd81257cb88cf454113fd93
com.atlan	cube-assets-builder	1.13.0	-	ffd4d193335f2be3ac683a99eba93124c9b1c1a5
com.atlan	cube-assets-builder	1.14.0	-	26e51ea4e158d3324212758474e038e2c79d2719
com.atlan	cube-assets-builder	2.0.0	-	123492814fd98b03eda6e53aa74723d9e50d53dd
com.atlan	cube-assets-builder	2.0.1	-	883f74528e4e3020a9612f80cdc836af5b9f793e
com.atlan	cube-assets-builder	2.1.0	-	90ac88a4220808b46db9286600c9c518ed61ae79
com.atlan	cube-assets-builder	2.1.1	-	8080258292aca24dbfeb670f2aac098e37b3da65
com.atlan	cube-assets-builder	2.2.0	-	5a9938d284241b356e5cf76a562c8a6b74ffe085
com.atlan	cube-assets-builder	2.2.1	-	1ce26fc7f446d69b088911e60e2318254d6d1da3
com.atlan	cube-assets-builder	2.2.2	-	8023ceda74ac365e4387ac0e595c7a3d6df389ad
com.atlan	cube-assets-builder	2.2.3	-	23bebe53dd08ccba286f365a5acd4af803e287c6
com.atlan	cube-assets-builder	2.2.4	-	052251082b43578d682ac6b290a586b0e539f1e4
com.atlan	cube-assets-builder	2.2.5	-	fea788cb95d22ced1cdd42ad990e4141d486ad8d
com.atlan	cube-assets-builder	2.2.6	-	56773f43183ae8ce1d7adc769e8abd964da533d8
com.atlan	cube-assets-builder	2.3.0	-	d66bfd647cecc365a7e4b162855b903587a79eba
com.atlan	cube-assets-builder	2.3.1	-	156225938b5e124bbfe3bccfb60d53eb946f6c5d
com.atlan	cube-assets-builder	2.3.2	-	f1645c216991c053b84179ff0c307e61e72b1708
com.atlan	cube-assets-builder	3.0.0	-	bdedbce40ce0ced9a93b8938c634a55e568bdef4
com.atlan	cube-assets-builder	3.0.1	-	42f5130982d5fc3aa0caff44c98e71a2291f4a33
com.atlan	cube-assets-builder	3.1.1	-	2be19ac30f20cce6e83ba3349b69567e9ad2c8be
com.atlan	cube-assets-builder	3.1.2	-	ad1af9a2ec2ebcab4cf429eb62626e5a8abba6bf
com.atlan	cube-assets-builder	4.0.0	-	37b4a060f6bc16ec32bd130e679b902ed2ece707
com.atlan	cube-assets-builder	4.0.1	-	0140f8f348710ff0aead956152e2f08d997d27af
com.atlan	cube-assets-builder	4.0.2	-	cb5d51c225130db4d20e290dec0188908fa07d5c
com.atlan	cube-assets-builder	4.0.3	-	7afdbf1cfceea4588cf6f417fdd287ea9939dd6e
com.atlan	cube-assets-builder	4.1.0	-	109a0a7a89b619cb55c1de514ed13c2c184b2360
com.atlan	cube-assets-builder	4.1.1	-	aacd307bc054f39bfdcfd3e36457fcc032513cca
com.atlan	cube-assets-builder	4.2.0	-	43bb3428242388dd1d73e6fb9d2e207265a9e89e
com.atlan	cube-assets-builder	4.2.1	-	e863e29868fdf90e4ac983c356d705f2118d2723
com.atlan	cube-assets-builder	4.2.2	-	a5522e218e16d2d67d9f4d126b868fc61fd845d9
com.atlan	cube-assets-builder	4.2.3	-	1a30a2fbabc99a57dc42c2a5a3b6fec0e2388ed1
com.atlan	cube-assets-builder	4.3.0	-	af1c85b387783e1162d7ba580835ac0679f82e99
com.atlan	cube-assets-builder	4.3.1	-	7ecf5b04d6b87521c958c29f1f659ff0d7b07682
com.atlan	cube-assets-builder	5.0.0	-	6f19b03777dfbb834f4e9c378deb3326f86bc87e
com.atlan	cube-assets-builder	5.0.1	-	91e691a35232d18ef02e801c42c166acc1904a0a
com.atlan	cube-assets-builder	5.0.2	-	ad3d10f3f121b5d0a1de9473faa9e90a446fe704
com.atlan	cube-assets-builder	5.0.3	-	4b929d5c074a3817d3afc5ddfd6879f4d06339f7
com.atlan	cube-assets-builder	5.0.4	-	f55fdd6f6c441a7885d8deae77f04222d9609432
com.atlan	cube-assets-builder	5.0.5	-	0317f03f8d6d51cef205e0f71318eef38ac3835b
com.auiucloud	auiu-meta-cloud	1.0.0_beta	-	804ccd16b3fba726b4fe2f76f975def9cf89e406
com.auiucloud	auiu-meta-cloud	1.0.1	-	7c799dea7e1968f499c85c7e7891b1a7fc856ce6
com.authzee.kotlinguice4	kotlin-guice	1.0.0	-	7bd47a1fa7e27195146cb27e0d7613a285a00d37
com.authzee.kotlinguice4	kotlin-guice	1.1.0	-	f330eef43fbcf3aefa61ce2b98a57cbd5ffdc7fe
com.authzee.kotlinguice4	kotlin-guice	1.2.0	-	c8b67e8650ea4e4de2008903a8eb6e3addf7fa63
com.authzee.kotlinguice4	kotlin-guice	1.3.0	-	7fe0bc4f4d7da8ad58658e554f0c41eea2e751cc
com.avast.cloud	datadog4s_3	0.13.1	-	23aed1a166e444c6ba49565a480364dcc4bd6762
com.avast.cloud	datadog4s_3	0.13.2	-	3ec9b78d8e1bfea35a484f616d5fab2e1a1c0527
com.avast.cloud	datadog4s_3	0.14.0	-	67436a22d84c2988c01c5592cb4d15550e18bf21
com.avast.cloud	datadog4s_3	0.30.0	-	485e967e8a64ee2bb6c1423f6ea60e0b9f743cf0
com.avast.cloud	datadog4s_3	0.30.1	-	4076c6f2294c9a7590904e79684719a6e3108eea
com.avast.cloud	datadog4s_3	0.30.2	-	bbbb9821116dc37292c8ba551037bacf6cfc800c
com.avast.cloud	datadog4s_3	0.31.0	-	c109a8b5c7a96851cd0b6769216bea0b58d0d360
com.avast.cloud	datadog4s_3	0.31.1	-	63c85d621557012651bed2497a26401be1a06492
com.avast.cloud	datadog4s_3	0.31.2	-	0884707e62ca4ada3d0312b75fe26e960326f38b
com.avast.cloud	datadog4s_3	0.31.3	-	4294c76d1a1cbd48126ec3b7b1ab3c81de9b7434
com.avast.cloud	datadog4s_3	0.32.0	-	1a43bc7dab2063ae155a8497ab6448c91671879f
com.azure.resourcemanager	azure-resourcemanager-defendereasm	1.0.0-beta.1	-	dc2c39d5a486d1706506385bb397eeffc2e3efa0
com.azure.resourcemanager	azure-resourcemanager-defendereasm	1.0.0-beta.2	-	007784e9f32b710b70ddfde7986f00f6d55c62d1
com.baidu.iot	iotcore-file-delivery-sdk	1.0.4	-	da47cb95a1384cfdb22c811d1d071eb78c450aea
com.bbossgroups.pdp	pdp-mail	5.0.2	-	c5fddd1a3c676eda09d9763a404eb1d1f1f16575
com.bbossgroups.pdp	pdp-mail	5.0.2.1	-	8ab0d59cdcc1e206c7c1416b74bd69c6af5f84aa
com.bbossgroups.pdp	pdp-mail	5.0.2.3	-	73f2190e39148ef6e541d461885bac19ecf384d4
com.bbossgroups.pdp	pdp-mail	5.0.2.4	-	d67db4df27eb1fa0c3d95c0f6cb5cdc837b1a10d
com.bbossgroups.pdp	pdp-mail	5.0.3.6	-	1e3cb53e09889eca099ef84f56802f23fdf556d8
com.bbossgroups.pdp	pdp-mail	5.0.3.9	-	2c02b43ef03c1c3f363690de88637e319e0ae60b
com.bbossgroups.pdp	pdp-mail	5.0.3.9.1	-	52e14f31a4ad6250a6a00137dbd5fffc6a9dbfa8
com.bbossgroups.pdp	pdp-mail	5.0.3.9.2	-	415f21a05a2355f3aa0726f3a081d1ee44b55c66
com.bbossgroups.pdp	pdp-mail	5.0.9	-	a0e6be68b4de559d4a096f37fe573c4cc867bbe6
com.bbossgroups.pdp	pdp-mail	5.6.2	-	5db3fb297ec2cf438a8a9bd3b1fdd28d7d4a57ce
com.bbossgroups.pdp	pdp-mail	5.6.4	-	9c5c7525652e72240f02f3d507aa08693a2e7724
com.bitactor.framework.core	bitactor-core-common	1.0.0	-	f1091500e5d387f121646879f5761392cf09274f
com.bitactor.framework.core	bitactor-core-common	1.0.1	-	1a5ca26395d4e83dda2ed608e8ee51e3a9657d8c
com.bitactor.framework.core	bitactor-core-common	1.0.2	-	912a7647b3518a609dac6a0e2aa4661ce9de0cc6
com.bitactor.framework.core	bitactor-core-common	1.0.3	-	994bb7d510366458e979fb84aceea96a517470b2
com.bitactor.framework.core	bitactor-core-common	1.0.4	-	fe6b8679645f514f1081947225610d3a04496f1f
com.bluebillywig.bbnativeplayersdk	bbnativeshared-android	0.0.4	-	dcb28456ad3e1ed9c0426a00afdc24c8b4ce3d77
com.bq.corbel	oauth-server	1.31.1	-	d721a916be36f2c7c913af85ce5379dacf878a86
com.bq.corbel	oauth-server	1.32.0	-	304a15aee5924662735a1b6df3eed14af753cd29
com.bq.corbel	oauth-server	1.32.1	-	d3ce8499f0243226437f4999a80aedb3168d26db
com.bq.corbel	oauth-server	1.33.0	-	8eac1da0b3575b2deca0866b52005bf422a16a48
com.bq.corbel	oauth-server	1.34.0	-	7371de55ee3a92704fae676627d6406d750c321a
com.bq.corbel	oauth-server	1.34.1	-	d84c76332acbe2dd4203b0f0d9c1222606217cac
com.bq.corbel	oauth-server	1.35.0	-	941fb7b6858d3fca2f3e9ff93dbbe4fec5b12178
com.btmatthews.mojo	ldap-maven-plugin	1.0	-	4b7613b098abbefabfd5d3748bb69b9dc9faf9bb
com.bwsw	sj-sflow-output_2.11	1.0.0	-	0e0b661f5d784b85043e10059ab08d8d4815386f
com.byoutline.ottoeventcallback	ottoeventcallback	1.2.1	-	2f1f2827e31e43a1644489c6ebbd0cbfd35081f2
com.byoutline.ottoeventcallback	ottoeventcallback	1.2.2	-	1dd085e331267d8968d0f562d06448df35360833
com.byoutline.ottoeventcallback	ottoeventcallback	1.2.4	-	eb3784ed4726acb3deb4cca9dbff8206b7f87c4f
com.byoutline.ottoeventcallback	ottoeventcallback	1.2.5	-	ad111370cc81e107a089473b0a05ab43b960f659
com.byoutline.ottoeventcallback	ottoeventcallback	1.3.1	-	f45adacc454ff79402e91a74c537c15c252ee864
com.byoutline.ottoeventcallback	ottoeventcallback	1.3.2	-	59bd5113bb8a300b3c3def666130df7a9a7130c4
com.cooladata.android	android-sdk	2.2.3	-	4a70eb847280f30213e508267840a3b4c609ed44
com.cooladata.android	android-sdk	2.2.3	2.2.3-dependecies	3587ae996ce3796d5595ce305b9575204577223a
com.daml	bindings-scala_2.12	0.13.56-snapshot.20200403.3814.0.47541e70	-	4e7b9c9e44cb28d46b60aec551082c7be34fe756
com.daml	bindings-scala_2.12	0.13.56-snapshot.20200404.3816.0.30f2c742	-	4e7b9c9e44cb28d46b60aec551082c7be34fe756
com.daml	bindings-scala_2.12	0.13.56-snapshot.20200407.3843.0.10bac143	-	255b42be402a53a4a53f2d15e7686064661d952d
com.daml	bindings-scala_2.12	0.13.56-snapshot.20200407.3859.0.b488b353	-	255b42be402a53a4a53f2d15e7686064661d952d
com.daml	bindings-scala_2.12	0.13.56-snapshot.20200408.3871.0.b3ccacc0	-	255b42be402a53a4a53f2d15e7686064661d952d
com.daml	bindings-scala_2.12	0.13.56-snapshot.20200408.3877.0.1ddcd3c0	-	255b42be402a53a4a53f2d15e7686064661d952d
com.daml	bindings-scala_2.12	0.13.56-snapshot.20200411.3905.0.f050da78	-	255b42be402a53a4a53f2d15e7686064661d952d
com.daml	bindings-scala_2.12	1.0.0	-	255b42be402a53a4a53f2d15e7686064661d952d
com.daml	bindings-scala_2.12	1.0.1	-	255b42be402a53a4a53f2d15e7686064661d952d
com.daml	bindings-scala_2.12	1.0.1-snapshot.20200417.3908.1.722bac90	-	255b42be402a53a4a53f2d15e7686064661d952d
com.daml	bindings-scala_2.12	1.0.1-snapshot.20200424.3917.0.16093690	-	255b42be402a53a4a53f2d15e7686064661d952d
com.daml	bindings-scala_2.12	1.1.0	-	255b42be402a53a4a53f2d15e7686064661d952d
com.daml	bindings-scala_2.12	1.1.0-snapshot.20200422.3991.0.6391ee9f	-	255b42be402a53a4a53f2d15e7686064661d952d
com.daml	bindings-scala_2.12	1.1.0-snapshot.20200430.4057.0.681c862d	-	255b42be402a53a4a53f2d15e7686064661d952d
com.daml	bindings-scala_2.12	1.1.0-snapshot.20200506.4107.0.7e448d81	-	2d0872181cd903cbd5428714ec361c42e2a878b6
com.daml	bindings-scala_2.12	1.1.1	-	2d0872181cd903cbd5428714ec361c42e2a878b6
com.daml	bindings-scala_2.12	1.10.0	-	42ebc0d903f9465bd3219e76295d2698d292e376
com.daml	bindings-scala_2.12	1.10.0-snapshot.20210120.6106.0.58ef725a	-	42ebc0d903f9465bd3219e76295d2698d292e376
com.daml	bindings-scala_2.12	1.10.0-snapshot.20210125.6143.0.550aa48f	-	42ebc0d903f9465bd3219e76295d2698d292e376
com.daml	bindings-scala_2.12	1.10.0-snapshot.20210201.6207.0.7cf1914d	-	42ebc0d903f9465bd3219e76295d2698d292e376
com.daml	bindings-scala_2.12	1.10.0-snapshot.20210202.6218.0.c0573678	-	42ebc0d903f9465bd3219e76295d2698d292e376
com.daml	bindings-scala_2.12	1.10.0-snapshot.20210208.6257.0.61feb5bf	-	42ebc0d903f9465bd3219e76295d2698d292e376
com.daml	bindings-scala_2.12	1.10.0-snapshot.20210209.6265.0.19bf4031	-	42ebc0d903f9465bd3219e76295d2698d292e376
com.daml	bindings-scala_2.12	1.10.1	-	42ebc0d903f9465bd3219e76295d2698d292e376
com.daml	bindings-scala_2.12	1.10.2	-	42ebc0d903f9465bd3219e76295d2698d292e376
com.daml	bindings-scala_2.12	1.11.0	-	fe4a4d5bdb038644fa7206a599eb0de8b4486f66
com.daml	bindings-scala_2.12	1.11.0-snapshot.20210212.6300.0.ad161d7f	-	42ebc0d903f9465bd3219e76295d2698d292e376
com.daml	bindings-scala_2.12	1.11.0-snapshot.20210217.6338.0.ba6ba901	-	fe4a4d5bdb038644fa7206a599eb0de8b4486f66
com.daml	bindings-scala_2.12	1.11.0-snapshot.20210224.6385.0.dba114a2	-	73a1a3759031a6d9cdd80f424a1945869c4106da
com.daml	bindings-scala_2.12	1.11.0-snapshot.20210225.6390.0.0617fbde	-	fe4a4d5bdb038644fa7206a599eb0de8b4486f66
com.daml	bindings-scala_2.12	1.11.0-snapshot.20210303.6421.0.145ddaa8	-	fe4a4d5bdb038644fa7206a599eb0de8b4486f66
com.daml	bindings-scala_2.12	1.11.0-snapshot.20210304.6422.0.d3d5042a	-	fe4a4d5bdb038644fa7206a599eb0de8b4486f66
com.daml	bindings-scala_2.12	1.11.1	-	fe4a4d5bdb038644fa7206a599eb0de8b4486f66
com.daml	bindings-scala_2.12	1.11.1-snapshot.20210312.6429.0.7cd6380e	-	fe4a4d5bdb038644fa7206a599eb0de8b4486f66
com.daml	bindings-scala_2.12	1.11.1-snapshot.20210312.6429.1.7cd6380e	-	fe4a4d5bdb038644fa7206a599eb0de8b4486f66
com.daml	bindings-scala_2.12	1.11.2	-	fe4a4d5bdb038644fa7206a599eb0de8b4486f66
com.daml	bindings-scala_2.12	1.11.2-snapshot.20210610.6432.0.ac4a2848	-	fe4a4d5bdb038644fa7206a599eb0de8b4486f66
com.daml	bindings-scala_2.12	1.11.2-snapshot.20210610.6433.0.a08f6ea2	-	fe4a4d5bdb038644fa7206a599eb0de8b4486f66
com.daml	bindings-scala_2.12	1.11.2-snapshot.20210610.6433.1.a08f6ea2	-	fe4a4d5bdb038644fa7206a599eb0de8b4486f66
com.daml	bindings-scala_2.12	1.11.3	-	fe4a4d5bdb038644fa7206a599eb0de8b4486f66
com.daml	bindings-scala_2.12	1.11.3-snapshot.20211110.6439.0.632ba5a7	-	fe4a4d5bdb038644fa7206a599eb0de8b4486f66
com.daml	bindings-scala_2.12	1.11.3-snapshot.20211111.6441.0.eed4ad32	-	fe4a4d5bdb038644fa7206a599eb0de8b4486f66
com.daml	bindings-scala_2.12	1.11.3-snapshot.20211123.6448.0.c679b4ab	-	fe4a4d5bdb038644fa7206a599eb0de8b4486f66
com.daml	bindings-scala_2.12	1.12.0	-	7838357a8465b97d3d891f45cc53420feaf83d26
com.daml	bindings-scala_2.12	1.12.0-snapshot.20210309.6463.0.f7abca91	-	fe4a4d5bdb038644fa7206a599eb0de8b4486f66
com.daml	bindings-scala_2.12	1.12.0-snapshot.20210311.6483.0.5cb857d9	-	fe4a4d5bdb038644fa7206a599eb0de8b4486f66
com.daml	bindings-scala_2.12	1.12.0-snapshot.20210311.6490.0.8e25227c	-	fe4a4d5bdb038644fa7206a599eb0de8b4486f66
com.daml	bindings-scala_2.12	1.12.0-snapshot.20210312.6493.0.9a7e2465	-	fe4a4d5bdb038644fa7206a599eb0de8b4486f66
com.daml	bindings-scala_2.12	1.12.0-snapshot.20210312.6498.0.707c86aa	-	fe4a4d5bdb038644fa7206a599eb0de8b4486f66
com.daml	bindings-scala_2.12	1.12.0-snapshot.20210316.6523.0.b382fc45	-	21058acefc64324d3c2e73969ac5ac8cffb86c42
com.daml	bindings-scala_2.12	1.12.0-snapshot.20210317.6528.0.493e2154	-	21058acefc64324d3c2e73969ac5ac8cffb86c42
com.daml	bindings-scala_2.12	1.12.0-snapshot.20210323.6567.0.90c5ce70	-	21058acefc64324d3c2e73969ac5ac8cffb86c42
com.daml	bindings-scala_2.12	1.12.0-snapshot.20210330.6619.0.007b8674	-	7838357a8465b97d3d891f45cc53420feaf83d26
com.daml	bindings-scala_2.12	1.12.0-snapshot.20210330.6622.0.eef158d6	-	7838357a8465b97d3d891f45cc53420feaf83d26
com.daml	bindings-scala_2.12	1.12.0-snapshot.20210331.6626.0.29a68134	-	7838357a8465b97d3d891f45cc53420feaf83d26
com.daml	bindings-scala_2.12	1.12.0-snapshot.20210331.6634.0.b98a3881	-	7838357a8465b97d3d891f45cc53420feaf83d26
com.daml	bindings-scala_2.12	1.12.0-snapshot.20210331.6640.0.4b807899	-	7838357a8465b97d3d891f45cc53420feaf83d26
com.daml	bindings-scala_2.12	1.12.0-snapshot.20210406.6646.0.631db446	-	7838357a8465b97d3d891f45cc53420feaf83d26
com.daml	bindings-scala_2.12	1.13.0	-	6ba1789371ed2f6d9447f92d286b3de2b19ed6ff
com.daml	bindings-scala_2.12	1.13.0-snapshot.20210413.6706.0.2dc09ba2	-	7838357a8465b97d3d891f45cc53420feaf83d26
com.daml	bindings-scala_2.12	1.13.0-snapshot.20210419.6730.0.8c3a8c04	-	7838357a8465b97d3d891f45cc53420feaf83d26
com.daml	bindings-scala_2.12	1.13.0-snapshot.20210426.6770.0.ca66061b	-	6ba1789371ed2f6d9447f92d286b3de2b19ed6ff
com.daml	bindings-scala_2.12	1.13.0-snapshot.20210503.6809.0.ca012c3b	-	6ba1789371ed2f6d9447f92d286b3de2b19ed6ff
com.daml	bindings-scala_2.12	1.13.0-snapshot.20210504.6833.0.9ae787d0	-	6ba1789371ed2f6d9447f92d286b3de2b19ed6ff
com.daml	bindings-scala_2.12	1.13.1	-	6ba1789371ed2f6d9447f92d286b3de2b19ed6ff
com.daml	bindings-scala_2.12	1.13.1-snapshot.20210512.6834.0.5f532380	-	6ba1789371ed2f6d9447f92d286b3de2b19ed6ff
com.daml	bindings-scala_2.12	1.13.1-snapshot.20210512.6834.1.5f532380	-	6ba1789371ed2f6d9447f92d286b3de2b19ed6ff
com.daml	bindings-scala_2.12	1.14.0	-	ec5a12183e86e82aac6f652d750034cc040c0536
com.daml	bindings-scala_2.12	1.14.0-snapshot.20210511.6892.0.ca9e89b3	-	977f3943744ce786b4b05d5cfad409a0b1eb5455
com.daml	bindings-scala_2.12	1.14.0-snapshot.20210518.6953.0.a6c7b86a	-	977f3943744ce786b4b05d5cfad409a0b1eb5455
com.daml	bindings-scala_2.12	1.14.0-snapshot.20210526.7024.0.aedb9a82	-	977f3943744ce786b4b05d5cfad409a0b1eb5455
com.daml	bindings-scala_2.12	1.14.0-snapshot.20210601.7081.0.7d716e6d	-	ec5a12183e86e82aac6f652d750034cc040c0536
com.daml	bindings-scala_2.12	1.14.0-snapshot.20210602.7086.0.f36f556b	-	ec5a12183e86e82aac6f652d750034cc040c0536
com.daml	bindings-scala_2.12	1.14.0-snapshot.20210608.7123.0.3cb8d5c2	-	ec5a12183e86e82aac6f652d750034cc040c0536
com.daml	bindings-scala_2.12	1.14.0-snapshot.20210615.7124.0.d1b54ff0	-	ec5a12183e86e82aac6f652d750034cc040c0536
com.daml	bindings-scala_2.12	1.14.0-snapshot.20210615.7169.0.adeba206	-	ec5a12183e86e82aac6f652d750034cc040c0536
com.daml	bindings-scala_2.12	1.14.1	-	ec5a12183e86e82aac6f652d750034cc040c0536
com.daml	bindings-scala_2.12	1.14.1-snapshot.20210706.7133.0.8ec16e94	-	ec5a12183e86e82aac6f652d750034cc040c0536
com.daml	bindings-scala_2.12	1.14.2	-	ec5a12183e86e82aac6f652d750034cc040c0536
com.daml	bindings-scala_2.12	1.14.2-snapshot.20210708.7135.0.aa297840	-	ec5a12183e86e82aac6f652d750034cc040c0536
com.daml	bindings-scala_2.12	1.15.0	-	ec5a12183e86e82aac6f652d750034cc040c0536
com.daml	bindings-scala_2.12	1.15.0-snapshot.20210615.7169.0.adeba206	-	ec5a12183e86e82aac6f652d750034cc040c0536
com.daml	bindings-scala_2.12	1.15.0-snapshot.20210623.7217.0.5b73813d	-	ec5a12183e86e82aac6f652d750034cc040c0536
com.daml	bindings-scala_2.12	1.15.0-snapshot.20210630.7261.0.84e1f3a7	-	ec5a12183e86e82aac6f652d750034cc040c0536
com.daml	bindings-scala_2.12	1.15.0-snapshot.20210705.7286.0.62aabcc4	-	ec5a12183e86e82aac6f652d750034cc040c0536
com.daml	bindings-scala_2.12	1.16.0	-	13691f37cdb85d890a45ba928c65aebf9c8ee629
com.daml	bindings-scala_2.12	1.16.0-snapshot.20210713.7343.0.1f35db17	-	ec5a12183e86e82aac6f652d750034cc040c0536
com.daml	bindings-scala_2.12	1.16.0-snapshot.20210720.7404.0.b7cf42d1	-	13691f37cdb85d890a45ba928c65aebf9c8ee629
com.daml	bindings-scala_2.12	1.16.0-snapshot.20210727.7476.0.b5e9d861	-	13691f37cdb85d890a45ba928c65aebf9c8ee629
com.daml	bindings-scala_2.12	1.16.0-snapshot.20210802.7499.0.5157ad6d	-	13691f37cdb85d890a45ba928c65aebf9c8ee629
com.daml	bindings-scala_2.12	1.16.0-snapshot.20210805.7501.0.48050ad7	-	13691f37cdb85d890a45ba928c65aebf9c8ee629
com.daml	bindings-scala_2.12	1.17.0	-	2e64956c1b2c6d59dec5151b55f45a75cd40e203
com.daml	bindings-scala_2.12	1.17.0-snapshot.20210811.7565.0.f1a55aa4	-	089eac3282656230dfe347623aff7b5565ff4fe6
com.daml	bindings-scala_2.12	1.17.0-snapshot.20210817.7604.0.0c187853	-	81f6a23db4b281e47d77d93fa4d84949369c07fa
com.daml	bindings-scala_2.12	1.17.0-snapshot.20210824.7647.0.640fb683	-	81f6a23db4b281e47d77d93fa4d84949369c07fa
com.daml	bindings-scala_2.12	1.17.0-snapshot.20210831.7702.0.f058c2f1	-	2e64956c1b2c6d59dec5151b55f45a75cd40e203
com.daml	bindings-scala_2.12	1.17.0-snapshot.20210907.7759.0.35a853fd	-	2e64956c1b2c6d59dec5151b55f45a75cd40e203
com.daml	bindings-scala_2.12	1.17.0-snapshot.20210910.7786.0.976ca400	-	2e64956c1b2c6d59dec5151b55f45a75cd40e203
com.daml	bindings-scala_2.12	1.17.0-snapshot.20210915.7841.0.b4328b3d	-	2e64956c1b2c6d59dec5151b55f45a75cd40e203
com.daml	bindings-scala_2.12	1.17.0-snapshot.20210922.7849.0.49a75801	-	2e64956c1b2c6d59dec5151b55f45a75cd40e203
com.daml	bindings-scala_2.12	1.17.1	-	2e64956c1b2c6d59dec5151b55f45a75cd40e203
com.daml	bindings-scala_2.12	1.17.1-snapshot.20211006.7852.0.fbc4bc00	-	2e64956c1b2c6d59dec5151b55f45a75cd40e203
com.daml	bindings-scala_2.12	1.17.1-snapshot.20211006.7853.0.e05be365	-	2e64956c1b2c6d59dec5151b55f45a75cd40e203
com.daml	bindings-scala_2.12	1.17.2-snapshot.20211124.7857.0.b33b94b8	-	2e64956c1b2c6d59dec5151b55f45a75cd40e203
com.daml	bindings-scala_2.12	1.18.0	-	55331932e50a3c17a7084e4de3a208739a048416
com.daml	bindings-scala_2.12	1.18.0-snapshot.20210921.7889.0.1b473c2b	-	2e64956c1b2c6d59dec5151b55f45a75cd40e203
com.daml	bindings-scala_2.12	1.18.0-snapshot.20210921.7889.1.1b473c2b	-	2e64956c1b2c6d59dec5151b55f45a75cd40e203
com.daml	bindings-scala_2.12	1.18.0-snapshot.20210922.7908.0.ced4a272	-	2e64956c1b2c6d59dec5151b55f45a75cd40e203
com.daml	bindings-scala_2.12	1.18.0-snapshot.20210928.7948.0.b4d00317	-	2e64956c1b2c6d59dec5151b55f45a75cd40e203
com.daml	bindings-scala_2.12	1.18.0-snapshot.20211006.8003.0.cfcdc13c	-	2e64956c1b2c6d59dec5151b55f45a75cd40e203
com.daml	bindings-scala_2.12	1.18.0-snapshot.20211013.8071.0.514e8b50	-	2e64956c1b2c6d59dec5151b55f45a75cd40e203
com.daml	bindings-scala_2.12	1.18.0-snapshot.20211019.8113.0.8ff347d8	-	2e64956c1b2c6d59dec5151b55f45a75cd40e203
com.daml	bindings-scala_2.12	1.18.0-snapshot.20211026.8179.0.e474b2d1	-	a505ac0be96577436f66c34927d74d407878f116
com.daml	bindings-scala_2.12	1.18.0-snapshot.20211102.8257.0.7391a3cd	-	a505ac0be96577436f66c34927d74d407878f116
com.daml	bindings-scala_2.12	1.18.0-snapshot.20211109.8328.0.92181161	-	a505ac0be96577436f66c34927d74d407878f116
com.daml	bindings-scala_2.12	1.18.0-snapshot.20211110.8337.0.c5a1f0bb	-	a505ac0be96577436f66c34927d74d407878f116
com.daml	bindings-scala_2.12	1.18.0-snapshot.20211111.8349.0.d938a44c	-	55331932e50a3c17a7084e4de3a208739a048416
com.daml	bindings-scala_2.12	1.18.0-snapshot.20211117.8399.0.a05a40ae	-	55331932e50a3c17a7084e4de3a208739a048416
com.daml	bindings-scala_2.12	1.18.0-snapshot.20211124.8419.0.39d9afcd	-	55331932e50a3c17a7084e4de3a208739a048416
com.daml	bindings-scala_2.12	1.18.0-snapshot.20211206.8423.0.2c945fcb	-	55331932e50a3c17a7084e4de3a208739a048416
com.daml	bindings-scala_2.12	1.18.1	-	55331932e50a3c17a7084e4de3a208739a048416
com.daml	bindings-scala_2.12	1.18.1-snapshot.20220106.8429.0.ea344666	-	55331932e50a3c17a7084e4de3a208739a048416
com.daml	bindings-scala_2.12	1.18.1-snapshot.20220110.8433.0.e8e25a11	-	55331932e50a3c17a7084e4de3a208739a048416
com.daml	bindings-scala_2.12	1.18.1-snapshot.20220113.8434.0.1724373f	-	55331932e50a3c17a7084e4de3a208739a048416
com.daml	bindings-scala_2.12	1.18.1-snapshot.20220113.8434.1.1724373f	-	55331932e50a3c17a7084e4de3a208739a048416
com.daml	bindings-scala_2.12	1.18.2	-	55331932e50a3c17a7084e4de3a208739a048416
com.daml	bindings-scala_2.12	1.18.2-snapshot.20220310.8437.0.5221a5d1	-	55331932e50a3c17a7084e4de3a208739a048416
com.daml	bindings-scala_2.12	1.18.2-snapshot.20220310.8437.1.5221a5d1	-	55331932e50a3c17a7084e4de3a208739a048416
com.daml	bindings-scala_2.12	1.18.2-snapshot.20220324.8440.0.5cfb1a21	-	55331932e50a3c17a7084e4de3a208739a048416
com.daml	bindings-scala_2.12	1.18.3	-	55331932e50a3c17a7084e4de3a208739a048416
com.daml	bindings-scala_2.12	1.18.3-snapshot.20220620.8442.0.c7424302	-	55331932e50a3c17a7084e4de3a208739a048416
com.daml	bindings-scala_2.12	1.2.0	-	31ccc9b6b24c588b648049791779b729bce44c1d
com.daml	bindings-scala_2.12	1.2.0-snapshot.20200513.4172.0.021f4af3	-	1229fd823275cbdfac83203ac40108e26a310d3b
com.daml	bindings-scala_2.12	1.2.0-snapshot.20200520.4224.0.2af134ca	-	1229fd823275cbdfac83203ac40108e26a310d3b
com.daml	bindings-scala_2.12	1.2.0-snapshot.20200520.4228.0.595f1e27	-	1229fd823275cbdfac83203ac40108e26a310d3b
com.daml	bindings-scala_2.12	1.2.0-snapshot.20200527.4268.0.acc5a21c	-	1229fd823275cbdfac83203ac40108e26a310d3b
com.daml	bindings-scala_2.12	1.2.0-snapshot.20200528.4309.0.f619dea3	-	31ccc9b6b24c588b648049791779b729bce44c1d
com.daml	bindings-scala_2.12	1.2.0-snapshot.20200602.4310.0.1c18058f	-	31ccc9b6b24c588b648049791779b729bce44c1d
com.daml	bindings-scala_2.12	1.3.0	-	95bc9e630ebf9eaaf74007c209d5481e8b3e12e0
com.daml	bindings-scala_2.12	1.3.0-snapshot.20200603.4345.0.1386abc0	-	31ccc9b6b24c588b648049791779b729bce44c1d
com.daml	bindings-scala_2.12	1.3.0-snapshot.20200610.4412.0.0544323d	-	31ccc9b6b24c588b648049791779b729bce44c1d
com.daml	bindings-scala_2.12	1.3.0-snapshot.20200610.4413.0.11b5c362	-	31ccc9b6b24c588b648049791779b729bce44c1d
com.daml	bindings-scala_2.12	1.3.0-snapshot.20200617.4474.0.53bddb54	-	31ccc9b6b24c588b648049791779b729bce44c1d
com.daml	bindings-scala_2.12	1.3.0-snapshot.20200617.4484.0.7e0a6848	-	31ccc9b6b24c588b648049791779b729bce44c1d
com.daml	bindings-scala_2.12	1.3.0-snapshot.20200623.4546.0.4f68cfc4	-	31ccc9b6b24c588b648049791779b729bce44c1d
com.daml	bindings-scala_2.12	1.3.0-snapshot.20200701.4616.0.bdbefd11	-	95bc9e630ebf9eaaf74007c209d5481e8b3e12e0
com.daml	bindings-scala_2.12	1.3.0-snapshot.20200706.4664.0.5db06051	-	95bc9e630ebf9eaaf74007c209d5481e8b3e12e0
com.daml	bindings-scala_2.12	1.3.0-snapshot.20200708.4686.0.95dfa18e	-	95bc9e630ebf9eaaf74007c209d5481e8b3e12e0
com.daml	bindings-scala_2.12	1.3.0-snapshot.20200714.4687.0.8e10c7a7	-	95bc9e630ebf9eaaf74007c209d5481e8b3e12e0
com.daml	bindings-scala_2.12	1.4.0	-	b18af73d8a09df3153681aa2d45e73fdda71bffd
com.daml	bindings-scala_2.12	1.4.0-snapshot.20200715.4733.0.d6e58626	-	b18af73d8a09df3153681aa2d45e73fdda71bffd
com.daml	bindings-scala_2.12	1.4.0-snapshot.20200722.4796.0.28ab504b	-	b18af73d8a09df3153681aa2d45e73fdda71bffd
com.daml	bindings-scala_2.12	1.4.0-snapshot.20200722.4800.0.21a16eef	-	b18af73d8a09df3153681aa2d45e73fdda71bffd
com.daml	bindings-scala_2.12	1.4.0-snapshot.20200724.4812.0.818a52b0	-	b18af73d8a09df3153681aa2d45e73fdda71bffd
com.daml	bindings-scala_2.12	1.4.0-snapshot.20200729.4851.0.224ab362	-	b18af73d8a09df3153681aa2d45e73fdda71bffd
com.daml	bindings-scala_2.12	1.5.0	-	3c4d51cda264e47613ff44b6bd18998f69771ffe
com.daml	bindings-scala_2.12	1.5.0-snapshot.20200804.4902.0.de2fef6b	-	b18af73d8a09df3153681aa2d45e73fdda71bffd
com.daml	bindings-scala_2.12	1.5.0-snapshot.20200811.4959.0.bbc2fe56	-	3c4d51cda264e47613ff44b6bd18998f69771ffe
com.daml	bindings-scala_2.12	1.5.0-snapshot.20200818.5027.0.1b33d374	-	3c4d51cda264e47613ff44b6bd18998f69771ffe
com.daml	bindings-scala_2.12	1.5.0-snapshot.20200825.5071.0.d33e130f	-	3c4d51cda264e47613ff44b6bd18998f69771ffe
com.daml	bindings-scala_2.12	1.5.0-snapshot.20200902.5118.0.2b3cf1b3	-	3c4d51cda264e47613ff44b6bd18998f69771ffe
com.daml	bindings-scala_2.12	1.5.0-snapshot.20200907.5151.0.eb68e680	-	3c4d51cda264e47613ff44b6bd18998f69771ffe
com.daml	bindings-scala_2.12	1.6.0	-	967d377021500e2daefdad2fc42d5f4134550a78
com.daml	bindings-scala_2.12	1.6.0-snapshot.20200908.5166.0.1623baec	-	3c4d51cda264e47613ff44b6bd18998f69771ffe
com.daml	bindings-scala_2.12	1.6.0-snapshot.20200915.5208.0.09014dc6	-	3c4d51cda264e47613ff44b6bd18998f69771ffe
com.daml	bindings-scala_2.12	1.6.0-snapshot.20200922.5258.0.cd4a06db	-	3c4d51cda264e47613ff44b6bd18998f69771ffe
com.daml	bindings-scala_2.12	1.6.0-snapshot.20200930.5312.0.b9a1905d	-	967d377021500e2daefdad2fc42d5f4134550a78
com.daml	bindings-scala_2.12	1.6.0-snapshot.20201007.5314.0.b4a47d0b	-	967d377021500e2daefdad2fc42d5f4134550a78
com.daml	bindings-scala_2.12	1.6.0-snapshot.20201012.5316.0.d21cb496	-	967d377021500e2daefdad2fc42d5f4134550a78
com.daml	bindings-scala_2.12	1.6.1	-	967d377021500e2daefdad2fc42d5f4134550a78
com.daml	bindings-scala_2.12	1.6.1-snapshot.20201021.5317.0.aafe46a5	-	967d377021500e2daefdad2fc42d5f4134550a78
com.daml	bindings-scala_2.12	1.6.1-snapshot.20201215.5318.0.547abc97	-	967d377021500e2daefdad2fc42d5f4134550a78
com.daml	bindings-scala_2.12	1.7.0	-	2c09558bad9bfa0fec832f806d54512bf9b76386
com.daml	bindings-scala_2.12	1.7.0-snapshot.20201006.5358.0.0c1cadcf	-	967d377021500e2daefdad2fc42d5f4134550a78
com.daml	bindings-scala_2.12	1.7.0-snapshot.20201012.5405.0.af92198d	-	967d377021500e2daefdad2fc42d5f4134550a78
com.daml	bindings-scala_2.12	1.7.0-snapshot.20201013.5418.0.bda13392	-	2c09558bad9bfa0fec832f806d54512bf9b76386
com.daml	bindings-scala_2.12	1.7.0-snapshot.20201020.5481.0.03a03957	-	2c09558bad9bfa0fec832f806d54512bf9b76386
com.daml	bindings-scala_2.12	1.7.0-snapshot.20201023.5508.0.9dec6689	-	2c09558bad9bfa0fec832f806d54512bf9b76386
com.daml	bindings-scala_2.12	1.7.0-snapshot.20201027.5530.0.bdbf8977	-	2c09558bad9bfa0fec832f806d54512bf9b76386
com.daml	bindings-scala_2.12	1.7.0-snapshot.20201103.5565.0.e75d42dd	-	2c09558bad9bfa0fec832f806d54512bf9b76386
com.daml	bindings-scala_2.12	1.7.0-snapshot.20201103.5565.1.e75d42dd	-	2c09558bad9bfa0fec832f806d54512bf9b76386
com.daml	bindings-scala_2.12	1.8.0	-	2853302293443d17336d68ce9d96228f51f066a2
com.daml	bindings-scala_2.12	1.8.0-snapshot.20201110.5615.0.b35c9fcb	-	2c09558bad9bfa0fec832f806d54512bf9b76386
com.daml	bindings-scala_2.12	1.8.0-snapshot.20201117.5661.0.76fae40c	-	2c09558bad9bfa0fec832f806d54512bf9b76386
com.daml	bindings-scala_2.12	1.8.0-snapshot.20201124.5709.0.dabd55d0	-	2c09558bad9bfa0fec832f806d54512bf9b76386
com.daml	bindings-scala_2.12	1.8.0-snapshot.20201201.5776.0.4b91f2a6	-	2c09558bad9bfa0fec832f806d54512bf9b76386
com.daml	bindings-scala_2.12	1.8.0-snapshot.20201208.5840.0.38455e8c	-	2853302293443d17336d68ce9d96228f51f066a2
com.daml	bindings-scala_2.12	1.8.0-snapshot.20201214.5841.0.a8ae8e4a	-	2853302293443d17336d68ce9d96228f51f066a2
com.daml	bindings-scala_2.12	1.8.0-snapshot.20210303.5843.0.d443707c	-	2853302293443d17336d68ce9d96228f51f066a2
com.daml	bindings-scala_2.12	1.8.1	-	2853302293443d17336d68ce9d96228f51f066a2
com.daml	bindings-scala_2.12	1.8.1-snapshot.20210115.5842.0.59f5d407	-	2853302293443d17336d68ce9d96228f51f066a2
com.daml	bindings-scala_2.12	1.9.0	-	42ebc0d903f9465bd3219e76295d2698d292e376
com.daml	bindings-scala_2.12	1.9.0-snapshot.20201215.5907.0.a6ed34c5	-	906d9d7494c04b893cd761ce05f7d9b6b701ce56
com.daml	bindings-scala_2.12	1.9.0-snapshot.20210106.5986.0.c6995a9c	-	906d9d7494c04b893cd761ce05f7d9b6b701ce56
com.daml	bindings-scala_2.12	1.9.0-snapshot.20210111.6034.0.7855b023	-	42ebc0d903f9465bd3219e76295d2698d292e376
com.daml	bindings-scala_2.12	1.9.0-snapshot.20210112.6040.0.7171cb38	-	42ebc0d903f9465bd3219e76295d2698d292e376
com.daml	bindings-scala_2.12	1.9.0-snapshot.20210113.6060.0.9ed787cb	-	42ebc0d903f9465bd3219e76295d2698d292e376
com.daml	bindings-scala_2.12	1.9.0-snapshot.20210119.6062.0.5b3663a5	-	42ebc0d903f9465bd3219e76295d2698d292e376
com.devebot.opflow	opflow-shade-amqp-client	5.7.3	-	894da601fb282bf87473087e5031453361d43acc
com.devskiller.infra	infra-dsl	1-4	-	c9cc1321166849ab2da68321df95118c806872a2
com.devskiller.infra	infra-dsl	1-b2	-	d4e8b8574dc5935740a88b81eb3f273d8f4399e7
com.devskiller.infra	infra-dsl	1-b3	-	ff992c5389580345d58f176678e0ba76c92b6c75
com.disney.groovity	uri-parcel-core	2.0.0	-	f943a0b13a0edd663ba8feccbc5ae5e532a156d5
com.disney.groovity	uri-parcel-core	2.0.0-rc.16	-	b7df8267cf8c8a2a0be77e09201bd99830dc8691
com.disney.groovity	uri-parcel-core	2.0.0-rc.17	-	59d1203071c4681e28d45456cffd97aa144b6f47
com.disney.groovity	uri-parcel-core	2.0.0-rc.18	-	2eaabd7672d930dcda53a1504a33b9ec11109031
com.disney.groovity	uri-parcel-core	2.0.0-rc.19	-	883a50164f28532341be29d722e46dce9f45dbd2
com.disney.groovity	uri-parcel-core	2.0.0-rc.20	-	f5e3bec6ddd6b83306ee0557489a81fd6337c026
com.disney.groovity	uri-parcel-core	2.0.0-rc.21	-	0efa37b64353c541b099734615c91d7141bd2468
com.disney.groovity	uri-parcel-core	2.0.1	-	38b64a25db48a334bf72b2b3c6b90c4667969156
com.disney.groovity	uri-parcel-core	2.0.2	-	6464dd87c6420f882dddad4e5ee53316ac554387
com.disney.groovity	uri-parcel-core	2.0.3	-	01e3802e78716dd2e4d5dc2ebf3bee661a8f2597
com.disney.groovity	uri-parcel-core	2.0.4	-	de352318bf4ac218b2d8458e3658644536f28d20
com.disney.groovity	uri-parcel-core	2.0.5	-	074a9ac819305ab6e053c1aeca75229e230e2add
com.disney.groovity	uri-parcel-core	2.0.6	-	85eecef5faad58582a05ee967990ee99082bd41c
com.disney.groovity	uri-parcel-core	2.1.0-beta.1	-	5debf8359f094b12e0e32c54d02912f97d3f99b7
com.dotdata	akkeeper-common_2.12	0.4.12	-	7f5d193faac65ee663573aaf52b603c414f5a0e6
com.dotdata	akkeeper-common_2.12	0.4.13	-	3247f80a5db6794439790c577b6554068962bc36
com.dotdata	akkeeper-common_2.12	0.4.14	-	47f3bc3f750501ba4fa5520aba10246d90b03d71
com.dotdata	akkeeper-common_2.12	0.4.15	-	b5360722931c7d0a32cc550bed24c4fe7cc11d60
com.dotdata	akkeeper-common_2.12	0.5.0	-	862483fb0ea17fd8afb733e6bfaf0a06c7a43d3c
com.dotdata	akkeeper-common_2.12	0.5.1	-	442ac8b63e0d973b89ac93ec1bd44aeecec3b376
com.elastisys	autoscaler.systemhistorians.influxdb	5.2.2	-	dd4cb9478975a9810334dff8e309ff3d1fd7e411
com.englishtown	vertx-mod-solr	0.1.0	-	e59b2c9ed718f7c96108fc780b8c87034f3b087f
com.englishtown	vertx-mod-solr	0.2.0	-	5cf851fac5e0fe00cc42316f07e62eb1179740c3
com.erpya	distribution	erpya-3.9.4-1.0.0	-	2ec0edf2b98de82fc291851a6079fa6ca411efdf
com.erpya	distribution	erpya-3.9.4-1.0.1	-	5c0e3a6f863cba14b26ba64a83dc5901700e227e
com.erpya	distribution	erpya-3.9.4-1.0.2	-	2746230038b827e8e8074d2f6a63dc4c05f76ced
com.erpya	distribution	erpya-3.9.4-1.0.3	-	b34ccefad1888ada945ad0d1463ecf1fd1cba01a
com.erpya	distribution	erpya-3.9.4-1.0.4	-	c0418decf113db02fca0a2e1c87a3c1bd8e97933
com.erpya	distribution	erpya-3.9.4-1.0.5	-	86bf388ddc1d883f87ce3de97fff18f9f86e1607
com.erpya	distribution	erpya-3.9.4-1.0.6	-	b1e0ac55c00344d08653815dcddcd1af78ef4116
com.erpya	distribution	erpya-3.9.4-1.0.7	-	d64efa4af54cd357cfc8d7db31fd3d7837344c0a
com.erpya	distribution	erpya-3.9.4-1.0.8	-	5992d65f846b4e47e1b34482aa1b9106564c271c
com.erpya	distribution	erpya-3.9.4-1.0.9	-	0a51b968063e00598ea4d5ef11d768ea724fc064
com.erpya	distribution	erpya-3.9.4-rc-1.0.1	-	3661cc595f1a3836fd202224eb983c0ba6a13867
com.erpya	distribution	erpya-3.9.4-rc-1.0.2	-	dfe48fe9c411b01960191011b807e8b8d715073e
com.erpya	distribution	erpya-3.9.4-rc-1.0.3	-	55ddd182ed9836c291f3eededcf88c0ad6237a31
com.erpya	distribution	erpya-3.9.4-rc-1.0.4	-	2d5f7ad10695bedd71cefc33d4783660cf84dfb3
com.erpya	distribution	erpya-3.9.4-rc-1.0.5	-	53d57da14ac5d9ecf649867245419ddd9a048aab
com.erpya	distribution	hw-air-terminal-vertical-1.0.34	-	dcdfaf1c7df5490ad90ca7ca6be591cbc5981a0d
com.erpya	distribution	shw-aereo-1.0.0	-	ba7f2b5a5073bb0b0899418ad9a8124183cffac8
com.erpya	distribution	shw-aereo-1.0.1	-	705c7dae50e6d47576dd127769b80d6859f269e3
com.erpya	distribution	shw-aereo-1.0.3	-	c236c6106f2a10fb58e9f74e05d6293bf4b9cb58
com.erpya	distribution	shw-air-terminal-vertical-1.0.0	-	5edb35ee90facf6b314a71b0bd99c426678099fc
com.erpya	distribution	shw-air-terminal-vertical-1.0.1	-	78c285340730cd2eab6c34a0e0d8929c30a9a0b3
com.erpya	distribution	shw-air-terminal-vertical-1.0.13	-	987277ad752472ebb31e8a68611a20bf1ca7dfb7
com.erpya	distribution	shw-air-terminal-vertical-1.0.14	-	2eb06f310d41c420d26d68a9d1060a4beb7259f6
com.erpya	distribution	shw-air-terminal-vertical-1.0.17	-	d0071b0f65f97f2960b7b553a4762752c8be57de
com.erpya	distribution	shw-air-terminal-vertical-1.0.18	-	0b3b2eb94ca945ffae0cac78359bc61ae9501211
com.erpya	distribution	shw-air-terminal-vertical-1.0.21	-	e18ed5d1e596189b89faadf39fcc438167507092
com.erpya	distribution	shw-air-terminal-vertical-1.0.22	-	1258756f381fba6258de9588a47205d2cf99be2c
com.erpya	distribution	shw-air-terminal-vertical-1.0.24	-	fff4860657e1d4f9012d2aab4f6f2cb38633a2fd
com.erpya	distribution	shw-air-terminal-vertical-1.0.27	-	0b94f849603332eb458a964b54523da46af03f77
com.erpya	distribution	shw-air-terminal-vertical-1.0.3	-	bf3bb0320583cc50ade45b49ee0c3c0ea1f18680
com.erpya	distribution	shw-air-terminal-vertical-1.0.31	-	b073f94b277bede94fe11558be90969fabc81034
com.erpya	distribution	shw-air-terminal-vertical-1.0.34	-	79e83af29cb59acc0278c1db8767570854474ea8
com.erpya	distribution	shw-air-terminal-vertical-1.0.35	-	dbf5803b52d4b63eb5576e4f2d17bf97b4a99a2c
com.erpya	distribution	shw-air-terminal-vertical-1.0.36	-	e4d8578e0930ee9fd4b11066cab51f6cc6c587d8
com.erpya	distribution	shw-air-terminal-vertical-1.0.37	-	cc6ff932a27b33b07f07b62d4f8093deafa8c331
com.erpya	distribution	shw-air-terminal-vertical-1.0.38	-	e5ebd5b28955255cda7a9ce41c9ade6898070bde
com.erpya	distribution	shw-air-terminal-vertical-1.0.39	-	dba7c8eca66d7aa63067ec594d01d7ece699139f
com.erpya	distribution	shw-air-terminal-vertical-1.0.4	-	77647e444805245347b1304f94374346dba91811
com.erpya	distribution	shw-air-terminal-vertical-1.0.40	-	7f1a3e13780659c95d14bcd6883c72282118e7d7
com.erpya	distribution	shw-air-terminal-vertical-1.0.41	-	201488bf25cf77897493fe2b4b260dbb561df72a
com.erpya	distribution	shw-air-terminal-vertical-1.0.42	-	7959c815fe16a7fb1bf680b37984f15561d8c112
com.erpya	distribution	shw-air-terminal-vertical-1.0.43	-	71ad9a573b1dcaf581aaacffc9dfc00b21e47a21
com.erpya	distribution	shw-air-terminal-vertical-1.0.44	-	d4d1b099d2d69257b7754e2bca0e579e9b7cc7ca
com.erpya	distribution	shw-air-terminal-vertical-1.0.45	-	843430e5a51f8808d87078841c641b7ded99fd0b
com.erpya	distribution	shw-air-terminal-vertical-1.0.48	-	1ff9a43b04121b6033650b22fa2646853f74947f
com.erpya	distribution	shw-air-terminal-vertical-1.0.49	-	258673fba3c9d6276c4d1a8566717f97bbc9ad4c
com.erpya	distribution	shw-air-terminal-vertical-1.0.51	-	c9c68638808a33a928d36ca3d1d9e3a5faf0929d
com.erpya	distribution	shw-air-terminal-vertical-1.0.52	-	52bee82a7f0f7d0ec805a134ce28fdcfb25bf453
com.erpya	distribution	shw-air-terminal-vertical-1.0.53	-	772284d15b9d6e48ee1eca757570076e6fddcd68
com.erpya	distribution	shw-air-terminal-vertical-1.0.55	-	aed6a5fb74bab962a06e1be81aa82f79aaba2934
com.erpya	distribution	shw-air-terminal-vertical-1.0.56	-	df85939328cbb8d67d1727def426a81c8d7df848
com.erpya	distribution	shw-air-terminal-vertical-1.0.57	-	aa95ac628893300c87f42c777f903d2c7831bc1e
com.erpya	distribution	shw-air-terminal-vertical-1.0.8	-	81f7d94f992686f04eb8547c1f7308a7c3d01f9d
com.erpya	distribution	shw-air-terminal-vertical-1.0.9	-	1622bf79756cb7c8742daa64120546aae95974e1
com.extole	common-lang	1.0.2	-	31c93fddea81d058d6996e0bd95737d94ee6a683
com.extole	common-lang	1.0.3	-	31c93fddea81d058d6996e0bd95737d94ee6a683
com.fixiu	flyway-extends	0.0.1-RELEASE	-	550a4d5f159db5965a06577f2ce2396dd82cd67a
com.g2forge.enigma	en-backend	0.0.10	-	30793852ca382dc2bd840ef7843521a7013f54a2
com.g2forge.enigma	en-backend	0.0.11	-	0072809bf75952c66f9145a156b9c2646985ac07
com.g2forge.enigma	en-backend	0.0.6	-	cc7dcafe279c8dc12ac3f74230ba0868e90070c9
com.g2forge.enigma	en-backend	0.0.7	-	d93e9e2a625c9507b36b73d3aec4dbb0931131d1
com.g2forge.enigma	en-backend	0.0.8	-	be5f01a3b9fe028f855e55c06ec0f5105bf9af14
com.g2forge.enigma	en-backend	0.0.9	-	0dfc9495bf99a374fdedf9c30f364c9b083e935b
com.gilt	gfc-timeuuid_2.12	0.0.8	-	8518176f3ca723897659f12c0093b3df18c5ed7e
com.github.acavailhez	groovy-html-renderer	2.0	-	730cf5386a5c2caebcac99b7f140d2cdd8bbda04
com.github.acavailhez	groovy-html-renderer	2.1	-	b71c8bda953b2435a164981955b0773de82e25f2
com.github.alonsodomin.cron4s	cron4s-decline_sjs0.6_2.13	0.6.0	-	d931c66cb40deec3bac590d4b92671672c00ddcc
com.github.alonsodomin.cron4s	cron4s-decline_sjs0.6_2.13	0.6.0-M2	-	28fe16aa07452f33d41d9ccbb232bf9654f3cec0
com.github.alonsodomin.cron4s	cron4s-decline_sjs0.6_2.13	0.6.0-M3	-	fd8665a08d0af62fae871b4e2bff9263aeac1df8
com.github.alonsodomin.cron4s	cron4s-decline_sjs0.6_2.13	0.6.1	-	a13a128921deae559d5b70c3eb520a51ef91dc64
com.github.angelowolf	validacion	1.0.0	-	63da43a9308b0e81b50d33024eaf8a237764ddc0
com.github.angelowolf	validacion	1.0.0	1.0.0-jar-with-dependencies	a0598cf46c664151ed99b75821a5dbc614b5e4e2
com.github.geirolz	advxml_2.12	0.0.1	-	c483fe4cf3c29ebcfdd9b991547b9c96245ffc49
com.github.geirolz	advxml_2.12	0.0.2	-	945c784cb5bdafb0fafc8e4b116ea61066f3a4ad
com.github.geirolz	advxml_2.12	0.0.3	-	78c075412d891a5b4c3a4fa3d325caabe4948bb4
com.github.geirolz	advxml_2.12	0.1.0	-	66bf6db3e102d25d38b0b280ee4a5cb44d3cefbd
com.github.geirolz	advxml_2.12	0.1.1	-	9d4bbb77710b8787409ee8e8afd99667538ce08b
com.github.geirolz	advxml_2.12	0.1.2	-	2d85ee069ecca703b345edc36967dc397404e24e
com.github.geirolz	advxml_2.12	0.1.3	-	43f5475eb8524115e51c45f0a9532f4207911436
com.github.geirolz	advxml_2.12	0.1.4	-	a245e7f3b5fe11ddf46379669586752ff0c872bf
com.github.geirolz	advxml_2.12	0.1.5	-	da49957717256fb68fb0729af44326d2c5cf6589
com.github.geirolz	advxml_2.12	0.1.6	-	9aa337283a6a9207c1460696c0ddda6dcb0e641a
com.github.geirolz	advxml_2.12	2.0.0	-	0c25796b3315156cc7d0d5b3374ec395389bb7c7
com.github.geirolz	advxml_2.12	2.0.0-RC1	-	0b2be2695dd498a0a4753eca60ccb50ec6eebb51
com.github.geirolz	advxml_2.12	2.0.0-RC2	-	0a54c7d3762d6f742cb672de9adb3b47d321c79f
com.github.geirolz	advxml_2.12	2.0.0-RC3	-	9e7abd5a591cb892da8c50b3197574d4fb8f6d85
com.github.geirolz	advxml_2.12	2.1.0	-	ff493c9d936d429127149b2af828963d1427bcf6
com.github.geirolz	advxml_2.12	2.1.0-RC1	-	3320d4f7e8145f1befeb772df9e38b7f4b0cae7c
com.github.geirolz	advxml_2.12	2.2.0	-	23a999417753f802d180ffbb6e691b0954ea17b4
com.github.geirolz	advxml_2.12	2.2.0-RC1	-	6951d9a93e784a6bbb4575769effdb8117877bc9
com.github.geirolz	advxml_2.12	2.2.1	-	0a27235ec5dba1b513e7b6b2ea8a03b930f6fa10
com.github.geirolz	advxml_2.12	2.3.0-NB-SN1	-	2aae098e3f9cf97975b1566adc226147e44795bd
com.github.geirolz	advxml_2.12	2.3.0-NEW-BUILD	-	a08d7f30e2b5a5a04324b1c43070721f8d61005f
com.github.geirolz	advxml_2.12	2.3.0-RC2	-	fb67d3acf299e47a649bf23a8376be903906f616
com.github.gestalt-config	gestalt-s3	0.10.0	-	07fed483809ea5f654beb31283ee6662ea340538
com.github.gestalt-config	gestalt-s3	0.10.1	-	cc78ce56c26ddb85203fef753fe9f7fa0af61a69
com.github.gestalt-config	gestalt-s3	0.10.2	-	5f21d77febf5393790dbc4b855989bb6150e764a
com.github.gestalt-config	gestalt-s3	0.11.0	-	40f3cff1d1c6104319eabd3e2fdf8f5cbf90f37d
com.github.gestalt-config	gestalt-s3	0.12.0	-	95cbf504d068e103edcfb42f950c93835a5709f1
com.github.gestalt-config	gestalt-s3	0.13.0	-	fba947bdf9199a3b7f474ee60682c690445e8f5a
com.github.gestalt-config	gestalt-s3	0.14.0	-	7a0850b887883becd7ca65764dc03985684d2e29
com.github.gestalt-config	gestalt-s3	0.14.1	-	c5e3ff644981c0d7218b5c290272e8a0ceb61a13
com.github.gestalt-config	gestalt-s3	0.15.0	-	d083052159a70f9f65a8d9e2be7eb2bf8996078c
com.github.gestalt-config	gestalt-s3	0.15.0-rc-1	-	5a79a7726eeca6cc204411a9a53f9864cdc4d131
com.github.gestalt-config	gestalt-s3	0.15.0-rc-2	-	560654a8c2fdeccd9a48633d0afc4bc987ef2d01
com.github.gestalt-config	gestalt-s3	0.16.0	-	a2ee2b8d661e127e3ea2fda446c7450fcb52aced
com.github.gestalt-config	gestalt-s3	0.16.1	-	9fd81f3e01cc95928350718a9804de503508ca7c
com.github.gestalt-config	gestalt-s3	0.16.2	-	07a4f780ef535f655c47cbe15c458887677f20ed
com.github.gestalt-config	gestalt-s3	0.16.3	-	9fdf852e0f1e621b4fecdb97ead5a588b1e36a5e
com.github.gestalt-config	gestalt-s3	0.16.4	-	2ddb8721afe727e406b9c823808a711c29c1214f
com.github.gestalt-config	gestalt-s3	0.16.5	-	d682a52bd5c89a4346c52137532c909a171d70c6
com.github.gestalt-config	gestalt-s3	0.16.6	-	db8e54b33e05c55ed3c141ca5320d8eb03a925f6
com.github.gestalt-config	gestalt-s3	0.17.0	-	ba4d4e327a61c1331445199becff1b31b7598e7e
com.github.gestalt-config	gestalt-s3	0.18.0	-	75a5685dadaef0f7f48706548ab82d8898cefa61
com.github.gestalt-config	gestalt-s3	0.19.0	-	09281182c7fb33c348ba952d5957ed107ebb83f7
com.github.gestalt-config	gestalt-s3	0.20.0	-	cc4342736c461da05879e8c2b0eadb4283691c62
com.github.gestalt-config	gestalt-s3	0.20.1	-	14bca06e5def86de9eb8c6b28db02cdfa39259b0
com.github.gestalt-config	gestalt-s3	0.20.2	-	8fe898eeccffe5ad8f8267eef0d625d586a6555c
com.github.gestalt-config	gestalt-s3	0.20.3	-	2dc2cae9d8874247e844890ff85a43ff767f04c9
com.github.gestalt-config	gestalt-s3	0.20.4	-	0606d9952439e6b2d183ef188173db61ef193b42
com.github.gestalt-config	gestalt-s3	0.20.5	-	bc9ec542c3c85a405e576f52dfe7afc2b73b026a
com.github.gestalt-config	gestalt-s3	0.20.6	-	4e45e46718b73f97ffe4a9e367bab90cdc9baab4
com.github.gestalt-config	gestalt-s3	0.21.0	-	57eb996eb44f8eaf5a67ca5dfba59741c7179dd2
com.github.gestalt-config	gestalt-s3	0.21.1	-	b3bfc4629ba74485a305fb4b13949a9cbcc0e2b0
com.github.gestalt-config	gestalt-s3	0.6.3	-	7ab0feef87b9be52fff2dd61c3ccdec064c9811a
com.github.gestalt-config	gestalt-s3	0.6.4	-	22cc3c04108a8c4e341469a4cd9ede20049eccca
com.github.gestalt-config	gestalt-s3	0.7.0	-	cad446670ad6f6280dd17ca7d2b2570692805eb9
com.github.gestalt-config	gestalt-s3	0.7.1	-	20613b92058fe2da20ec59d73be1017ef7e3ebdf
com.github.gestalt-config	gestalt-s3	0.7.2	-	97a50b3eb0857860286673295f7d25453d87f6f9
com.github.gestalt-config	gestalt-s3	0.8.0	-	7db2e453f7cbfd6bfad51bf287ddf13a07e6a863
com.github.gestalt-config	gestalt-s3	0.8.1	-	8b78c87b3a67cef74c0cee9e15a3b093e4e7e833
com.github.gestalt-config	gestalt-s3	0.9.0	-	8cebd1a656a94c2dcbf201d1796abf0e12c1d066
com.github.gestalt-config	gestalt-s3	0.9.1	-	6c13f97adb4a75bb7d3efe27f5f4359e96569859
com.github.gestalt-config	gestalt-s3	0.9.2	-	23b0ac17ae1b30bd2cb5c6394fd01be0b3b7e03d
com.github.gestalt-config	gestalt-s3	0.9.3	-	1a49da6bdacc4e8db0032028179db94bdf1cbe26
com.github.ghostdogpr	caliban-tapir_3	1.1.1	-	a87f15bd9435addb9a8c93c10675d7e45bdff696
com.github.ghostdogpr	caliban-tapir_3	1.2.0	-	6d24cc3fd70558052198e5ad639f70ad922bcf3b
com.github.ghostdogpr	caliban-tapir_3	1.2.1	-	897062045c447dd2b595fdfdd3fc1e0d0ed4dca4
com.github.ghostdogpr	caliban-tapir_3	1.2.2	-	94a2a9299937f3e1db8679696709178c6677f20f
com.github.ghostdogpr	caliban-tapir_3	1.2.3	-	02e827edeb008ebd34b1da12c30eeb3cc0f1a92f
com.github.ghostdogpr	caliban-tapir_3	1.2.4	-	e7c3ffce32ba7f003d69ee41eb24e15326891b7c
com.github.ghostdogpr	caliban-tapir_3	1.3.0	-	5d1899540f6cc86cd020434142f08d73e4f7270e
com.github.ghostdogpr	caliban-tapir_3	1.3.1	-	651e5d2d41dbbe95d81f0b59efb6b789a8fb6336
com.github.ghostdogpr	caliban-tapir_3	1.3.2	-	ce07f8f8519dc3f504166ff0c3a07a265c2036be
com.github.ghostdogpr	caliban-tapir_3	1.3.3	-	1aa78543263b47da96f01861334979ab4e1c838c
com.github.ghostdogpr	caliban-tapir_3	1.4.0	-	85b4f85c03dcdcabff9557881c245c5a0783a525
com.github.ghostdogpr	caliban-tapir_3	1.4.1	-	56af4a96401abfebc5e00037cac5376fb1c8892b
com.github.ghostdogpr	caliban-tapir_3	1.4.2	-	f20d752df219334023981f2ecb4356bf26482e8f
com.github.ghostdogpr	caliban-tapir_3	1.4.3	-	4d70e74872cf0f5a0d100dc55a5a51d2387dbf95
com.github.ghostdogpr	caliban-tapir_3	2.0.0	-	184b2a520b7fd4d94e926ee26f6c6a6875ac89a7
com.github.ghostdogpr	caliban-tapir_3	2.0.0-RC1	-	a0f06eff4e1b97f0c47287b78b20dc2a67e51a78
com.github.ghostdogpr	caliban-tapir_3	2.0.0-RC2	-	f50417a16fe7304bdefdd2d754fcf6e44012befd
com.github.ghostdogpr	caliban-tapir_3	2.0.1	-	c7c78a7ffe0fd7b7fe307b97b32386512310e00d
com.github.ghostdogpr	caliban-tapir_3	2.0.2	-	b0cdee32ffc55f1585143d5faa02b67f351b85c9
com.github.ghostdogpr	caliban-tapir_3	2.1.0	-	6d64fa18541cd830978cfaf1e18c083c260b0a8e
com.github.ghostdogpr	caliban-tapir_3	2.10.0	-	8ab93383c55e4c9f5f564047d9d59248093f1eb5
com.github.ghostdogpr	caliban-tapir_3	2.2.0	-	ffba6b72ecfdc93f201733e04a0a15f5d3473f9f
com.github.ghostdogpr	caliban-tapir_3	2.2.1	-	a45bb0d98e2a932fc7b1f8da421e9e3f607eca1c
com.github.ghostdogpr	caliban-tapir_3	2.3.0	-	ff6eb6b6de072632b8b5412816ae4d3c31c5c59b
com.github.ghostdogpr	caliban-tapir_3	2.3.1	-	e5aa936b90a90d4df2e74a159c01d3c8bbe9e391
com.github.ghostdogpr	caliban-tapir_3	2.4.0	-	d1d78c6553a391ee97de542bb35b7c5247f67b3b
com.github.ghostdogpr	caliban-tapir_3	2.4.1	-	7f7c423598da09e7d78de356cc4e9d8473f78d9b
com.github.ghostdogpr	caliban-tapir_3	2.4.2	-	eabbeea780a85f7826882e0221a0ce52ef1f3362
com.github.ghostdogpr	caliban-tapir_3	2.4.3	-	877f12f980c4b69f3af44af0167201c2a1e5ea49
com.github.ghostdogpr	caliban-tapir_3	2.5.0	-	d29d34b92678a105fff84005fe0d79b5cb1fb257
com.github.ghostdogpr	caliban-tapir_3	2.5.1	-	0a310e002e914feaecfd460910163fee97c7f34a
com.github.ghostdogpr	caliban-tapir_3	2.5.2	-	0db85131b3f5addca6aaa03fde1d7af56b54fd1e
com.github.ghostdogpr	caliban-tapir_3	2.5.3	-	a8f36b1579e56bc94e230858be40c6e7711baaf1
com.github.ghostdogpr	caliban-tapir_3	2.6.0	-	ae0cbc1304f03e2d5a6b70022413430179411c71
com.github.ghostdogpr	caliban-tapir_3	2.7.0	-	68b23a94b694440bd8f98d824b82e99b2057e42e
com.github.ghostdogpr	caliban-tapir_3	2.7.1	-	d70985ee036a8f0046a009bebfca0288d0521972
com.github.ghostdogpr	caliban-tapir_3	2.7.2	-	943a289e3a883f5813b8fc162858c17a801f02a7
com.github.ghostdogpr	caliban-tapir_3	2.8.0	-	02be40130458dbb458a6534c2968ad4d7702619c
com.github.ghostdogpr	caliban-tapir_3	2.8.1	-	e51d5b64be0c9258d29ec5fd05755b2170b0d20b
com.github.ghostdogpr	caliban-tapir_3	2.9.0	-	1798af4d52d40771b51c55815a362976c007666d
com.github.ghostdogpr	caliban-tapir_3	2.9.1	-	d38bd63b566d1eb71ae9b8e12cc44aa388d48ecf
com.github.ghostdogpr	caliban-tapir_3	2.9.2	-	3abfedc1f5fd34ad1c0e8a5b9b60175d801dd687
com.github.github	site-maven-plugin	0.1	-	01d2c5c980983cbe1f5d75d34b3552aac7b0ea4e
com.github.github	site-maven-plugin	0.10	-	75c03b4278eed274ff5d44f5eee3b629ab65775a
com.github.github	site-maven-plugin	0.11	-	b44d0f323a653543ce35853c456421fd178ed68e
com.github.github	site-maven-plugin	0.12	-	f6e434775940d6091b01e40d806643102da347fe
com.github.github	site-maven-plugin	0.2	-	032da757a03bbaed2db72bcff8a9fabcfbf71b92
com.github.github	site-maven-plugin	0.3	-	bc2d4f932821825437673a73f4d88527342f90d3
com.github.github	site-maven-plugin	0.4	-	ae616745c1b13fe8032f8ce38208acdc6301de42
com.github.github	site-maven-plugin	0.5	-	d9d381fdd3448f90c242af573e0e63cb7655c597
com.github.github	site-maven-plugin	0.6	-	748265269f48d885078e1fd10968fd1ed11b3f7b
com.github.github	site-maven-plugin	0.7	-	ea96c303691cc63547b323da12ba03ff2327ef28
com.github.github	site-maven-plugin	0.8	-	259a1f7251e97600fd803fcfcb31527997167cc9
com.github.github	site-maven-plugin	0.9	-	421d6ba9277f00098f11497b0008f42ce11439e3
com.github.goldin.plugins.gradle	gitdump	0.2	-	89c59a7a535bf6b513477852dd1fd6a4dce9a089
com.github.goldin.plugins.gradle	gitdump	0.2.1	-	a1030615231e326dcf4abdd850e75af88151e00c
com.github.goldin.plugins.gradle	gitdump	0.2.2	-	a0ba4ac738e62cf195a7a51185965a02efc8ab71
com.github.goldin.plugins.gradle	gitdump	0.2.4	-	b838f2b34eea1b623cedc29c7493f1690564ccf8
com.github.goldin.plugins.gradle	gitdump	0.2.6	-	a09e365ed67425ba036555fef29261ec0baae83d
com.github.goldin.plugins.gradle	gitdump	0.2.8	-	951c9a5807ca2d3bcbadd26a7a910b81c8c792c4
com.github.goldin.plugins.gradle	gitdump	0.3	-	fb8f39558e00d24a4c2ce0318f3c44cba73cbbcd
com.github.goldin.plugins.gradle	gitdump	0.3.1	-	1216c55818958838da6f10ac25082c0aa1902c7d
com.github.houbb	trans-order-client-api	1.0.0	-	7f2a7f9f25739857f649345e99723690e6118022
com.github.j-mie6	parsley-debug-sfx_3	0.1.0-M1	-	51f7cc585d629c8b217d1e1e16bc74b838adcc12
com.github.jezza	toml	1.0	-	bc23ac4f2fa6ba260cd73c583f73f7124378af4e
com.github.jezza	toml	1.0-java-8	-	345949767e35840794ce5ea77a20f44aee986af3
com.github.jezza	toml	1.1	-	8f6db2b152c66ee7cb8c85af7810dc384334b7cb
com.github.jezza	toml	1.1-java-8	-	130d2501278fe9357466e1c14dbfe8bfd14f5aca
com.github.jezza	toml	1.2	-	d99ef941158426d62262fdbe8922d79f1ed9e8fb
com.github.jezza	toml	1.2-java-8	-	5ee00b018d978edca167ec0c046ca1aef1d58c02
com.github.jiaqi0722	my-test	1.0.1	-	05516f199f2138b534ac8b55f8d6b24ee3acd6ee
com.github.jiaqi0722	my-test	1.1.1	-	57344ba04fd850ad331d6f7f470a8d5d40c35f01
com.github.jiaqi0722	my-test	1.1.1.RELEASE	-	55ec6f18a5bfd9011c23982493240099b9407368
com.github.jiayuhan-it	hadoop-minicluster	2.7.3JYHTEST	-	9cde2a3993276e7628146900c8c4651dde3a2b97
com.github.leigh-perry	log4zio-slf4j_2.12	0.2.0	-	a0971ba8586b4aad7520a811dd62d773aade8996
com.github.leigh-perry	log4zio-slf4j_2.12	0.2.1	-	672bfdc0c06cac1f096869012beab157f99a95ce
com.github.leigh-perry	log4zio-slf4j_2.12	0.2.4	-	6e7fa9c00a6929558e45e4e7617416e8ada37e33
com.github.leigh-perry	log4zio-slf4j_2.12	0.2.5	-	82f8211a5e3ba4e16e46a44c849a7029a4cfe006
com.github.leigh-perry	log4zio-slf4j_2.12	0.3.1	-	068002e197b39dbecc63b58448e5ac1ec6be2578
com.github.leigh-perry	log4zio-slf4j_2.12	0.3.2	-	ce01c48e1114632a65b9b0791e5292a6efc14612
com.github.leigh-perry	log4zio-slf4j_2.12	0.3.3	-	e2e793140d9e053afbb3cf3b628c61e6bfb2244b
com.github.leigh-perry	log4zio-slf4j_2.12	0.3.4	-	8966e298ca99a5ead9fe417f49bb469bfea92516
com.github.leigh-perry	log4zio-slf4j_2.12	1.0.0	-	f24a6f9aec270dcfc92ea357d8a1e5d8a9aa8ba9
com.github.livesense	org.liveSense.framework.gwt	1.0.3	-	881b68b71a9f1d87b5e133d7ae226f5026bcf4ee
com.github.livesense	org.liveSense.framework.gwt	1.0.4	-	88a1866f10534035de9d375813e8c2386fe151ee
com.github.livesense	org.liveSense.framework.gwt	1.0.5	-	c0055abcc5728ba87b1ff26ac9115336f9f228a6
com.github.malkomich	event-stream	1.0.0	-	6fe06f0a230e445cf83a501d6fa517c19ac15b0c
com.github.malkomich	event-stream	1.0.1	-	42a1843ed26478806db0b3ece648876f844e1ddb
com.github.manodj-sfdc	travis-central-test	0.0.11	-	f4d453e8e6d5c37704837f7bd5bfaf359625363c
com.github.manodj-sfdc	travis-central-test	0.0.12	-	ab7fb64b9a24c7768920208f4498524fe5fddf06
com.github.manodj-sfdc	travis-central-test	0.0.13	-	bfeecdf8aff4ac817530ff76a144ae7da75656a5
com.github.manodj-sfdc	travis-central-test	0.0.14	-	7c2ec0f7f68161591005b67ec8b27b4424487689
com.github.manodj-sfdc	travis-central-test	0.0.15	-	f012e01ea8b5772a2e0e8d384244b2dd3a5d59a3
com.github.manodj-sfdc	travis-central-test	0.0.17	-	349a2e26d745e62792048940b3487e31d7011b44
com.github.manodj-sfdc	travis-central-test	0.0.7	-	082dc36825ae5b8e2bf273b715578900df589288
com.github.manodj-sfdc	travis-central-test	0.0.8	-	5ffa3ff6ccd913d427eaafd1aae5fca4fce579bf
com.github.manodj-sfdc	travis-central-test	0.0.9	-	9bdd0500a13440999e51961b1e0951836d50af45
com.github.manodj-sfdc	travis-central-test	1.0	-	e19d019fdf4b35bace53b2f70d5ed52f9b5b3cbf
com.github.manodj-sfdc	travis-central-test	1.2	-	dfd92d0138e1d557f6e63157e3c2a3b2a1cf176a
com.github.manodj-sfdc	travis-central-test	1.3	-	08999d37c57c008a76c5e2015798b948c0da182a
com.github.mauricio	postgresql-async_2.10	0.1.0	-	20e02939ff4f53da807ff5879c1708ed8ceeccb6
com.github.mauricio	postgresql-async_2.10	0.1.1	-	43ba932f80895227bca7168642503fd1656b629f
com.github.mauricio	postgresql-async_2.10	0.2.0	-	983879da20f41571d101322c5d9dbff06409ce17
com.github.mauricio	postgresql-async_2.10	0.2.1	-	4a3625438234b043acbe7b210f20603230376b3d
com.github.mauricio	postgresql-async_2.10	0.2.10	-	22b41294148b022cfda054ae13bc34e29f4368c4
com.github.mauricio	postgresql-async_2.10	0.2.11	-	f84f3a94254ddb28eda00146ea488717958f092d
com.github.mauricio	postgresql-async_2.10	0.2.12	-	068410e80f584475936232b16125b5926a749678
com.github.mauricio	postgresql-async_2.10	0.2.13	-	82fbcdeae1919b85670f973fe3ade9bbcfed315c
com.github.mauricio	postgresql-async_2.10	0.2.14	-	8232db8dce1da2807d01af45075ed4b241d93a2d
com.github.mauricio	postgresql-async_2.10	0.2.15	-	4b5e58df5c97f264c1661a27c9fa030a45e3cbd5
com.github.mauricio	postgresql-async_2.10	0.2.16	-	04ec432df854bb02fac5f429e94801a5de2c16b7
com.github.mauricio	postgresql-async_2.10	0.2.17	-	2f69a3ca8ae965e3c3e894df3e97b74f94d2eab9
com.github.mauricio	postgresql-async_2.10	0.2.18	-	3d96725baff91489f21eea25f1a9052db13aefc5
com.github.mauricio	postgresql-async_2.10	0.2.19	-	8277e5afda4a2d1f2996b0d8a8eff338baa1fd7f
com.github.mauricio	postgresql-async_2.10	0.2.20	-	be6d89935813a1e0de4002a4347710a39512620f
com.github.mauricio	postgresql-async_2.10	0.2.21	-	368165c09f1d4a8aca23e6b000d9cc9541f275cc
com.github.mauricio	postgresql-async_2.10	0.2.3	-	aaf754f0ea9c896c86b9bff33b40b5dc659aaa82
com.github.mauricio	postgresql-async_2.10	0.2.4	-	c04aa42fad432251f942beb73b5fe15362aef68f
com.github.mauricio	postgresql-async_2.10	0.2.5	-	1c9cc555fb84a5f32c061b47aedc669250a48dd9
com.github.mauricio	postgresql-async_2.10	0.2.6	-	fc0474d6cb4c681bad86d8ae230e26ad242f2ab7
com.github.mauricio	postgresql-async_2.10	0.2.7	-	d8cad9e511cbf9f43c5702af66c012eec6bbac78
com.github.mauricio	postgresql-async_2.10	0.2.8	-	081fe7f2eec91d874d8d295da1d98bbed884dce7
com.github.mauricio	postgresql-async_2.10	0.2.9	-	75a14db18bf1878a5842f79ee3629394d3bd6df6
com.github.omarmiatello.yeelight	home-ktx	1.0.3	-	6ea7cf136cac6b353e09c485388eab8ab3238fa9
com.github.omarmiatello.yeelight	home-ktx	1.0.4	-	ac735b17c67d3c22a4baa7ca3c282ac8c028ae56
com.github.ooftf	spy-plugin	1.0.4	-	49d36e51010ff37df9fe58ddbb51b5eb0559acde
com.github.ooftf	spy-plugin	1.0.5	-	a170936f58bb2b7b3df9f9c70bfcfc0a55c7993c
com.github.ooftf	spy-plugin	1.0.6	-	cffcdbda80bff843fd06bf29e53a6007136dc513
com.github.scalaprops	scalaprops-gen_sjs1.0.0-M1_2.12	0.5.0	-	d51e1dbb739fcdefae55e2487bf4dd1ed7a9d0fd
com.github.scalaprops	scalaprops-shapeless_sjs0.6_2.13.0-M1	0.2.0	-	c71a18a2a1accda1ed3b660a6ca557e77871fe06
com.github.scalaprops	scalaprops-shapeless_sjs0.6_2.13.0-M1	0.2.1	-	5bae9627815b0b639c268a33ffd0a33c1102ed7f
com.github.shafiquejamal	utils-test_2.11	0.0.4	-	ddf1c2198ab801e6acb9f8cb2b38f01f9aefff5a
com.github.shafiquejamal	utils-test_2.11	0.0.5	-	9e5cfc210707ad0c0635729f9e48ba8e06e11494
com.github.shafiquejamal	utils-test_2.11	0.0.6	-	8317b613b28e1d7dfad217d5ce6b7dbf1c72f90f
com.github.tkawachi	line-macro_2.11	0.0.1	-	e31540924a1672f5e4d44a8a2adc6a123b5690b8
com.github.wehotel	fizz-bootstrap	1.5.0	-	adb1f54bace2ea9bfb4973dace28ab6d2e17d07b
com.github.whyrising.kedn	core-tvossimulatorarm64	0.0.1	0.0.1-metadata	1d25c3cedd638c0e81dd979a2fd6cae97877daa8
com.github.yijiue	xxl-job-core-discovery	1.0.0	-	8670a7d71db38de45f3b842a5c61d230fdee96b3
com.github.zhengframework	zheng-metrics	1.0.1	-	39ee2be810adf80f29e986792f53efaf2f0d4711
com.github.zhengframework	zheng-metrics	1.0.2	-	998adf38f69ed634812dd9848a68f73c522ce9a2
com.github.zhengframework	zheng-metrics	1.1.0	-	3607b8b6b4bc05eb92f97d28b8980cd1f04e171d
com.github.zhengframework	zheng-metrics	1.2.0	-	5034c69a0045463395a792c6f2dbdf073c614a40
com.github.zhengframework	zheng-metrics	1.3.0	-	5926b0525e4ad8b51cd48bb91f04bdee06ed62aa
com.github.zhengframework	zheng-metrics	1.4.0	-	b17f4a4d84fd86cc6860eed92f22f0525aed7072
com.github.zhengframework	zheng-metrics	1.5.0	-	9ea009083c3b9ecb0146be8670c3116680bb41a8
com.github.zhengframework	zheng-metrics	1.6.0	-	e4821b344fb6db2e1103090e20d7e6f74feea52e
com.github.zhengframework	zheng-metrics	1.7.0	-	afb69010ce6ba45a1e960d55688a23e05911cb2a
com.github.zhengframework	zheng-metrics	1.7.1	-	223961d8235dedfeb13431a5698c8cab4bad5d24
com.github.zhengframework	zheng-metrics	1.8.0	-	9a99e839096113c23edcb4848f78c2dd012a1e98
com.gluonhq.emoji	offline	1.1.0	-	09d0f0d260ad5ef642b3d4666f2a7dc3baccb6ff
com.google.api-ads	google-ads-stubs-v15	28.0.0	-	11082dfd4af4fac0f77a00c80fbc8238195e815e
com.google.api-ads	google-ads-stubs-v15	29.0.0	-	ca0f11bbb68ed6d7f3a501a48d8b4e5bb5f2c6cc
com.google.api-ads	google-ads-stubs-v15	30.0.0	-	d9ecf3bec60fe761f6355ae94d25f8c126cff7de
com.google.api-ads	google-ads-stubs-v15	31.0.0	-	53148c0ac02a4cf1f9c558ad5a3eb4960b71fa14
com.google.api-ads	google-ads-stubs-v15	32.0.0	-	24f86d622360fb60f7ecb77a619e376236e3ec4b
com.google.cloud.bigtable	bigtable-hbase-mirroring-client-2.x	0.1.0	-	ebde185c9a98e203d550ad81a2e4d359e3ccfe58
com.google.cloud.bigtable	bigtable-hbase-mirroring-client-2.x	0.1.1	-	ae2dc9a5af29af360d06b8e15cc57e2a2ce1cf85
com.google.cloud.bigtable	bigtable-hbase-mirroring-client-2.x	0.1.2	-	3416031527edffba31428fd88d48399a15173e5d
com.google.cloud.bigtable	bigtable-hbase-mirroring-client-2.x	0.1.3	-	9a16af8c960f6688f386430d223c982a697aacfb
com.google.cloud.bigtable	bigtable-hbase-mirroring-client-2.x	0.1.4	-	401466955a45b8fd87994099a98548451ca26506
com.google.cloud.bigtable	bigtable-hbase-mirroring-client-2.x	0.1.5	-	aa7f37299c324e4b264257e05fc61de17bb87652
com.google.cloud.bigtable	bigtable-hbase-mirroring-client-2.x	0.1.6	-	97bce3aac76df815156fc017f144271a51707829
com.google.cloud.bigtable	bigtable-hbase-mirroring-client-2.x	0.1.7	-	3213f95e6125c39e68a0a45d44e23ca1f6dcbfa0
com.google.cloud.bigtable	bigtable-hbase-mirroring-client-2.x	0.10.0	-	8c7f52f1503a991c501233d411faed84b89b980d
com.google.cloud.bigtable	bigtable-hbase-mirroring-client-2.x	0.10.1	-	e78a7f287b67419c91aaaadd48acd29dab0977fd
com.google.cloud.bigtable	bigtable-hbase-mirroring-client-2.x	0.10.2	-	ee16b2883818e5c163ae9f5c6a0ac8bf4d1298fb
com.google.cloud.bigtable	bigtable-hbase-mirroring-client-2.x	0.2.0	-	ca2b8fa597115662933b65688735b8969c2da5cb
com.google.cloud.bigtable	bigtable-hbase-mirroring-client-2.x	0.2.1	-	00d2cd9bdb32cebd3708a9f200079136abe9a0bf
com.google.cloud.bigtable	bigtable-hbase-mirroring-client-2.x	0.2.2	-	8e4dc66dee0d6fa540b4866455fd426b022fafe8
com.google.cloud.bigtable	bigtable-hbase-mirroring-client-2.x	0.2.3	-	185a5ddaa91d87efb5c5186d4cb7e64c1e9269a6
com.google.cloud.bigtable	bigtable-hbase-mirroring-client-2.x	0.2.4	-	15d6aa99352932ee1110d7913df2812656036708
com.google.cloud.bigtable	bigtable-hbase-mirroring-client-2.x	0.3.0	-	fb1f48b0f30b41b6728f4ef7b3b9cc3ede2a3e1f
com.google.cloud.bigtable	bigtable-hbase-mirroring-client-2.x	0.3.1	-	524e217b4ad7d2a90a82fac37e3d9f93b57c9da3
com.google.cloud.bigtable	bigtable-hbase-mirroring-client-2.x	0.4.0	-	a7dc859c160e2c5f047a019841449a273aa064be
com.google.cloud.bigtable	bigtable-hbase-mirroring-client-2.x	0.4.1	-	f47212ad8cf80e0a9dfd74dd31627511c90c3825
com.google.cloud.bigtable	bigtable-hbase-mirroring-client-2.x	0.4.2	-	7a3850b4f0c9421a7ca2dfd6cbbac1f60a792464
com.google.cloud.bigtable	bigtable-hbase-mirroring-client-2.x	0.5.0	-	b137b86519e6efe2770075a9a435aa7c05bd6d78
com.google.cloud.bigtable	bigtable-hbase-mirroring-client-2.x	0.5.1	-	72d8bdbaa4febf425a6e933702fe71bd8bdb5079
com.google.cloud.bigtable	bigtable-hbase-mirroring-client-2.x	0.6.0	-	3579c249706e6950c6e0f89c4c323bb0e2ee9fd1
com.google.cloud.bigtable	bigtable-hbase-mirroring-client-2.x	0.6.1	-	ab624eb0bd6e1ff12b410703e3e668c786f5e260
com.google.cloud.bigtable	bigtable-hbase-mirroring-client-2.x	0.6.2	-	f5a4144f7f107ff862c92828fb420c3f8b971944
com.google.cloud.bigtable	bigtable-hbase-mirroring-client-2.x	0.6.3	-	e765b5d1678d41b6ed3802182a4f6165bd4db6f6
com.google.cloud.bigtable	bigtable-hbase-mirroring-client-2.x	0.7.0	-	973cff56f351c6d5bc3a04a073f0d61b33f00d21
com.google.cloud.bigtable	bigtable-hbase-mirroring-client-2.x	0.7.1	-	018ca48b8711b2c0bd6815b7209efd8a5ab65840
com.google.cloud.bigtable	bigtable-hbase-mirroring-client-2.x	0.7.2	-	38b60d714bb771bcfc80295635ede7a2fc8b746e
com.google.cloud.bigtable	bigtable-hbase-mirroring-client-2.x	0.9.0	-	0cf22e02f13ccd955f7b61414bcda8653c96526d
com.google.cloud.bigtable	bigtable-hbase-mirroring-client-2.x	0.9.1	-	960ef6d49813dce37448b861f7ae37cf45f2d7f4
com.google.cloud.bigtable	bigtable-hbase-mirroring-client-2.x	0.9.2	-	0977bc7aa7a407e7057dddd0dc1aebdb5507e0a2
com.google.cloud.bigtable	bigtable-hbase-mirroring-client-2.x	0.9.3	-	5d76f32354f7edd0edef52c99ba8257109246d15
com.google.cloud.bigtable	bigtable-hbase-mirroring-client-2.x	0.9.4	-	364f9a6d6c5f2dec2d55e20fa49e95d8df8086c3
com.google.cloud.bigtable	bigtable-hbase-mirroring-client-2.x	0.9.5	-	0a63ae3b1ab7ee8612e975594c715d5fe46e1845
com.google.cloud.bigtable	bigtable-hbase-mirroring-client-2.x	0.9.6	-	db7d0cbdac92f5b4d9175a80bafb40da6ace3178
com.google.cloud.bigtable	bigtable-hbase-mirroring-client-2.x	0.9.7	-	37055db8ba3034510910ff41eacbdf7ce937023a
com.google.cloud.bigtable	bigtable-hbase-mirroring-client-2.x	0.9.8	-	6053a48d279877bbefd47aa48022808a439913d2
com.google.cloud.flink	flink-1.17-connector-bigquery-table-api-examples	0.3.0	-	dbc4c6f1deb586839f09f75a91be4e607650a1ff
com.google.cloud.flink	flink-1.17-connector-bigquery-table-api-examples	0.4.0	-	9d7887aab653653dbe3d4ef82b7e9ccc2ffe8882
com.google.cloud.flink	flink-1.17-connector-bigquery-table-api-examples	0.5.0	-	16b2751b5491f61bdaa8d7256648c0db42f83b28
com.google.cloud.flink	flink-1.17-connector-bigquery-table-api-examples	1.0.0	-	96b64c0924f2338b884d01b0f5f7f01e0218ed4a
com.googlecode.openbox	ssh	1.0.0	-	bcc2723f949569a8e1f66daebb09787d93563900
com.googlecode.openbox	ssh	2.0.0	-	c85385035ef7ea7d984d2774290aa1ca60c23f4b
com.googlecode.openbox	ssh	2.0.1	-	c96afd8be86228aaf07226185a531ddadbaac0ad
com.googlecode.openbox	ssh	2.0.10	-	ac13d16ffc1f04ae4043f9b5cff5859193f4027c
com.googlecode.openbox	ssh	2.0.11	-	4ed2e661aad47eafb6819e80fa5b9a19d5285ab6
com.googlecode.openbox	ssh	2.0.12	-	995174619961c851fc12c58d75f5f0d8dba31a38
com.googlecode.openbox	ssh	2.0.13	-	8fac6f04d0f6f8a832759353692a63a20d8c5a8a
com.googlecode.openbox	ssh	2.0.14	-	4547a6dca8c5cb2fe9cc460196db88ebc329b520
com.googlecode.openbox	ssh	2.0.15	-	45bbda3bab603f2ed12e7355fdfbbf8bf4790f18
com.googlecode.openbox	ssh	2.0.16	-	523d193bfad144ae2b5e1186b6140d9dff4a4c75
com.googlecode.openbox	ssh	2.0.17	-	4ffe4f11c652bb89b18d89578897af985eaddc7b
com.googlecode.openbox	ssh	2.0.18	-	78268a732d5578f0a889c59b7cbbd49cc0e45d6d
com.googlecode.openbox	ssh	2.0.19	-	3a1bb4d4f27f231478870e125baa1b5218d3d52f
com.googlecode.openbox	ssh	2.0.2	-	f0f596085a58b8b6872900a5c8ee71bd7f33828f
com.googlecode.openbox	ssh	2.0.20	-	4cd78063178da9bae76cc702d7262cbc8324191c
com.googlecode.openbox	ssh	2.0.3	-	09359ddf224a09061a366ba898f0dfd5a86b88c4
com.googlecode.openbox	ssh	2.0.4	-	92a760dcd67be36c0f3db4cc49674acbffa3b30f
com.googlecode.openbox	ssh	2.0.5	-	8846203c8848fc7eb2c19e18b48782db5c0c0748
com.googlecode.openbox	ssh	2.0.6	-	2fc4e5d7a34b17f1b954100854a1ec0856828cac
com.googlecode.openbox	ssh	2.0.7	-	ca74831a318d8a92ecbf40bb2fbb57b4adfa6ff8
com.googlecode.openbox	ssh	2.0.8	-	906a5bacd6c1b2b6110801cf65ef035f0eb1595f
com.googlecode.openbox	ssh	2.0.9	-	a287d455c9a7384d0933c4ceb53bb12c9b885531
com.googlecode.openbox	ssh	2.1.0	-	e5e2e3a2df731fe456c44c6a4a73aee506e139bf
com.googlecode.openbox	ssh	2.1.1	-	57b1ad6b5abd25614ed9cc79b2e5fe351718498e
com.googlecode.openbox	ssh	2.1.4	-	b1aed131bc3a851162c43c30c6fbb2f733b46c34
com.googlecode.openbox	ssh	2.1.6	-	a04c64917f77e0c5ae4d114f5f7e08314af52d08
com.huaweicloud.sdk	huaweicloud-sdk-lts	3.0.100	-	b29e60a9dd6bc493bf74dd05d1212588bcf9f1c9
com.huaweicloud.sdk	huaweicloud-sdk-lts	3.0.101	-	d8cddb3f5ec15d4f8f47cd4e110e763651bb41a6
com.huaweicloud.sdk	huaweicloud-sdk-lts	3.0.102	-	5bf256accd8fba9a53927f462b89eb39ed991339
com.huaweicloud.sdk	huaweicloud-sdk-lts	3.0.103	-	c2fa9bb15126e9c691c33f98abc3b933b3ae5ca6
com.huaweicloud.sdk	huaweicloud-sdk-lts	3.0.104	-	97b2619cac9724c26f149ac9eee33b2e72c7539f
com.huaweicloud.sdk	huaweicloud-sdk-lts	3.0.105	-	f7ca1106bf3c98a50f531bca6ded9319394f6333
com.huaweicloud.sdk	huaweicloud-sdk-lts	3.0.106	-	464ac072d091acfa1d932c8db5b5b6a6785b5980
com.huaweicloud.sdk	huaweicloud-sdk-lts	3.0.107	-	ebfbc6dbb7a41c4916b30562430f5fd1a0bffd23
com.huaweicloud.sdk	huaweicloud-sdk-lts	3.0.108	-	a0ea419bf7e120e108feba41f5e7eedcb7ec4426
com.huaweicloud.sdk	huaweicloud-sdk-lts	3.0.49	-	a29ce3f1501071e4b55fef92c2de540efcbca246
com.huaweicloud.sdk	huaweicloud-sdk-lts	3.0.50	-	9a9f606a95b6274491333e47723eb86d957c0b22
com.huaweicloud.sdk	huaweicloud-sdk-lts	3.0.51	-	1ebd2bbc2be109f37523b24dd5813cf264180466
com.huaweicloud.sdk	huaweicloud-sdk-lts	3.0.52	-	3fa2a6486f9a211dadb1097483a2417353be2121
com.huaweicloud.sdk	huaweicloud-sdk-lts	3.0.53	-	eeedf4976912f0b900fb1801a80f4c8ca9013baa
com.huaweicloud.sdk	huaweicloud-sdk-lts	3.0.54	-	698361e272a0bb5a90f0e7f4276ced1b41cba6fc
com.huaweicloud.sdk	huaweicloud-sdk-lts	3.0.55	-	d19bdee3843d71e9187db42985803476e7c071bf
com.huaweicloud.sdk	huaweicloud-sdk-lts	3.0.56	-	b6f3d2d78c4f5ce195be6611ec187d87af9dd4c7
com.huaweicloud.sdk	huaweicloud-sdk-lts	3.0.57	-	ce141be3d2328a0ba5fb9f7fcd8b8b5e93e3169b
com.huaweicloud.sdk	huaweicloud-sdk-lts	3.0.58	-	90d8d6d9fdc2419664956b19d616dfe317b2337e
com.huaweicloud.sdk	huaweicloud-sdk-lts	3.0.59	-	964f51b64144980d0417f61f77f8e9779cec9550
com.huaweicloud.sdk	huaweicloud-sdk-lts	3.0.60	-	be4b253f80682a1bc809cc8b02d6d568ea4ee6c1
com.huaweicloud.sdk	huaweicloud-sdk-lts	3.0.61	-	242cb6afede4eff5c0d81c709d8495d3bc63245e
com.huaweicloud.sdk	huaweicloud-sdk-lts	3.0.62	-	5cb01bbac76eccd6f3275ca21fc48bfdc90987bc
com.huaweicloud.sdk	huaweicloud-sdk-lts	3.0.63	-	dc3025e7998fda9fbd7af4654ff02c7828358047
com.huaweicloud.sdk	huaweicloud-sdk-lts	3.0.64	-	5c95f847bd95ab89e085dbc0eb4ba38a7104cea1
com.huaweicloud.sdk	huaweicloud-sdk-lts	3.0.65	-	8d2aacbeeb429381cd60bea5439000ff3257f209
com.huaweicloud.sdk	huaweicloud-sdk-lts	3.0.66	-	de1b7e1a264f86739780d81a0df36e5279eadc7b
com.huaweicloud.sdk	huaweicloud-sdk-lts	3.0.67	-	5dfffb1e22bef83ee5f482f85f04ac4e0721e84c
com.huaweicloud.sdk	huaweicloud-sdk-lts	3.0.68	-	b9cf2d6c3e01938e118c4ee5f30b2d88964c9b88
com.huaweicloud.sdk	huaweicloud-sdk-lts	3.0.69	-	c19e616ad267a040d5fdf2002dcccae7c6e1da72
com.huaweicloud.sdk	huaweicloud-sdk-lts	3.0.70	-	1f8939b68af818c9cccba99778913b3de19cc01f
com.huaweicloud.sdk	huaweicloud-sdk-lts	3.0.71	-	3ea9d467a886b5bf9e0c85a00db3889a3256b7d8
com.huaweicloud.sdk	huaweicloud-sdk-lts	3.0.72	-	b6d3dfc2c0abbab3e6371a6e07af2cc21f7af556
com.huaweicloud.sdk	huaweicloud-sdk-lts	3.0.73	-	002273ead1cd26cf0d21a116ac7f9c8e8205d764
com.huaweicloud.sdk	huaweicloud-sdk-lts	3.0.74	-	965e5cb83a6d2a8ec987f5a0dece3b6a833e8bcd
com.huaweicloud.sdk	huaweicloud-sdk-lts	3.0.75	-	7109b3efc86233c4eb9a97df859a52a6370d7386
com.huaweicloud.sdk	huaweicloud-sdk-lts	3.0.76	-	8e39a09c46be78b7f80b160dc1df3d308fb15e89
com.huaweicloud.sdk	huaweicloud-sdk-lts	3.0.77	-	b47008e7e81b2731d75295fb7d22480b4fa148de
com.huaweicloud.sdk	huaweicloud-sdk-lts	3.0.78	-	f305ed213ac70f964ffd995ba6e1a47ec5cfca31
com.huaweicloud.sdk	huaweicloud-sdk-lts	3.0.79	-	e84c7b6e70ffadd75a7e599fb913da4042c2c4c9
com.huaweicloud.sdk	huaweicloud-sdk-lts	3.0.80	-	6b676117004b6373ed441ebe9d7073ef55c1fa0c
com.huaweicloud.sdk	huaweicloud-sdk-lts	3.0.81	-	54b748eee1bdadebf4d841ad44102e3e881b8ef9
com.huaweicloud.sdk	huaweicloud-sdk-lts	3.0.82	-	7889c4ac4f8af3cb013c7ee23542dd661ee5978f
com.huaweicloud.sdk	huaweicloud-sdk-lts	3.0.83	-	327e3df4869b8b3eac41b19be5806413e04ef626
com.huaweicloud.sdk	huaweicloud-sdk-lts	3.0.84	-	109ef0762de60ac546739b0ef276be1983d08e98
com.huaweicloud.sdk	huaweicloud-sdk-lts	3.0.85	-	062ca064e3df1b9d27254ef3c22fee777a2e2f40
com.huaweicloud.sdk	huaweicloud-sdk-lts	3.0.86	-	717566196f15a43cd58bdd8066f312aa6b28c391
com.huaweicloud.sdk	huaweicloud-sdk-lts	3.0.87	-	458446a1b7d1bd0bf94d4c9075714553434e2ef0
com.huaweicloud.sdk	huaweicloud-sdk-lts	3.0.88	-	c1cad7b0d1ee5c3f500f74c072630f8346ff8076
com.huaweicloud.sdk	huaweicloud-sdk-lts	3.0.89	-	f1e7e0b64d019b4fa1e4ef5ce6b9bf8da61356f6
com.huaweicloud.sdk	huaweicloud-sdk-lts	3.0.90	-	a11958b9b9f9aca0c9604411ca9200c0a013989b
com.huaweicloud.sdk	huaweicloud-sdk-lts	3.0.91	-	5d6f4e3a22c9feded4c9a49718ea7c5b1058af29
com.huaweicloud.sdk	huaweicloud-sdk-lts	3.0.92	-	6d886beba00fd4996019b5ae0a977b29e9bbe827
com.huaweicloud.sdk	huaweicloud-sdk-lts	3.0.93	-	06c9b4ce9af757b43f65c4fb628ef5b5145891e5
com.huaweicloud.sdk	huaweicloud-sdk-lts	3.0.94	-	9b9bd5692a89444687941d4c64582e0bccdb6d8c
com.huaweicloud.sdk	huaweicloud-sdk-lts	3.0.95	-	ba77b5a6fd403d3cb0a039624257bd74e67286ce
com.huaweicloud.sdk	huaweicloud-sdk-lts	3.0.96	-	b6257ca85cbcedae84fc857b404f62ea980ebfb0
com.huaweicloud.sdk	huaweicloud-sdk-lts	3.0.97	-	247bd9ec289d5f6d0802d92e388ebe20aa5d0fc5
com.huaweicloud.sdk	huaweicloud-sdk-lts	3.0.98	-	1b797a113fa0c365837fa31f083823252b73ec0d
com.huaweicloud.sdk	huaweicloud-sdk-lts	3.0.99	-	709b4d65479cca1a7d1cf22c4ad9cfadaab890f2
com.huaweicloud.sdk	huaweicloud-sdk-lts	3.1.1	-	fc51ac459f35058c84eafcb45f46456792ed63fa
com.huaweicloud.sdk	huaweicloud-sdk-lts	3.1.10	-	91ac0beec0d7fe3eec8cf64a692b25f76a9ef1c3
com.huaweicloud.sdk	huaweicloud-sdk-lts	3.1.100	-	02f69941fdf83585f117156df4aac435c7fff943
com.huaweicloud.sdk	huaweicloud-sdk-lts	3.1.101	-	bcd7df129f255b3036bab241ff468835d80876e0
com.huaweicloud.sdk	huaweicloud-sdk-lts	3.1.102	-	a8208b8f06d480c0562b32470f4e0cbf7314fb61
com.huaweicloud.sdk	huaweicloud-sdk-lts	3.1.103	-	28064450f9011661823c308f2ed46f148a8df66e
com.huaweicloud.sdk	huaweicloud-sdk-lts	3.1.104	-	88e567172fd093fb60e0deaf0d828ea83252c95f
com.huaweicloud.sdk	huaweicloud-sdk-lts	3.1.105	-	d432049f803ff38e69a95bae254b9bb0941e2beb
com.huaweicloud.sdk	huaweicloud-sdk-lts	3.1.106	-	d12db45270979191322cc4522bb9115c23bc2b33
com.huaweicloud.sdk	huaweicloud-sdk-lts	3.1.107	-	fccd7e7b18e40546ba89ad5096a2f7d26b37f68d
com.huaweicloud.sdk	huaweicloud-sdk-lts	3.1.108	-	8c8699d747f86f9cab8059e154508c0b321b7d5d
com.huaweicloud.sdk	huaweicloud-sdk-lts	3.1.109	-	6f339420c6fdce637ba8e12e2570d2343bbbbf7f
com.huaweicloud.sdk	huaweicloud-sdk-lts	3.1.11	-	6b2f336a6fa7ed3da8b612cba03f5b616eb02064
com.huaweicloud.sdk	huaweicloud-sdk-lts	3.1.110	-	d20cb977dd0ff4c3130bf4a56071e6450d294f0d
com.huaweicloud.sdk	huaweicloud-sdk-lts	3.1.111	-	66171f0da43635fd84f4f1ea2eaa12e32e69703e
com.huaweicloud.sdk	huaweicloud-sdk-lts	3.1.112	-	b20e70135b91e83d8b0860070a66b9d26ae41453
com.huaweicloud.sdk	huaweicloud-sdk-lts	3.1.113	-	2fd4b1c1f8ba0c07e0eaa73a41221ba094473d75
com.huaweicloud.sdk	huaweicloud-sdk-lts	3.1.114	-	800699e5ae08221b0e4c7d9e233f36114b51c277
com.huaweicloud.sdk	huaweicloud-sdk-lts	3.1.115	-	e12bdf84d1c3605321a22d5621a41bf9fea2d79c
com.huaweicloud.sdk	huaweicloud-sdk-lts	3.1.116	-	b1330a38bfc965708824d67943e20f9b9137d05c
com.huaweicloud.sdk	huaweicloud-sdk-lts	3.1.117	-	efc7af0e2db7f067b5a17ab1a1f974ebb791d6e9
com.huaweicloud.sdk	huaweicloud-sdk-lts	3.1.118	-	2c7c1090ab9da6f1d3e374e5810a7b86a2d40998
com.huaweicloud.sdk	huaweicloud-sdk-lts	3.1.119	-	c7159972827807ca371979b704525fb5ff48884b
com.huaweicloud.sdk	huaweicloud-sdk-lts	3.1.12	-	bf2ab7c35584d50a9aafb6f9c2d195a3654da202
com.huaweicloud.sdk	huaweicloud-sdk-lts	3.1.120	-	b78baae2d4cdf89baed1f3732e22391954c22e68
com.huaweicloud.sdk	huaweicloud-sdk-lts	3.1.121	-	429240c8389007db65e559bfc6f7fc898d9ce33a
com.huaweicloud.sdk	huaweicloud-sdk-lts	3.1.122	-	b920510ea6b2510da7a5f47ddb92a1fc2f62544f
com.huaweicloud.sdk	huaweicloud-sdk-lts	3.1.123	-	445a2bfeeb98c3162655030fd3e0c3cdab6308ef
com.huaweicloud.sdk	huaweicloud-sdk-lts	3.1.124	-	4e1e4f201bebbcb810f89df6ccee21ee201f16df
com.huaweicloud.sdk	huaweicloud-sdk-lts	3.1.125	-	e71c4dd54e3ac7dcd99004c06ac2709ded0574ef
com.huaweicloud.sdk	huaweicloud-sdk-lts	3.1.126	-	606e130f491cc5669fb873b49970c9eddfe96f5a
com.huaweicloud.sdk	huaweicloud-sdk-lts	3.1.127	-	15017b3ce90db86b33ab1bcc57c44ab8e001929a
com.huaweicloud.sdk	huaweicloud-sdk-lts	3.1.129	-	8b1120da53533854c0e8ff81ac4574ad4ac4256c
com.huaweicloud.sdk	huaweicloud-sdk-lts	3.1.13	-	442808c7a4434a3c3edb1c43983e9bb00b8c86d3
com.huaweicloud.sdk	huaweicloud-sdk-lts	3.1.130	-	9fc07746c9bfb88c5a5d4045bf5b28c96fc5d2da
com.huaweicloud.sdk	huaweicloud-sdk-lts	3.1.131	-	cafbd483bacb81afb9e14a64aabd9e25b94aa465
com.huaweicloud.sdk	huaweicloud-sdk-lts	3.1.132	-	77de7d63d7096016a5d7b55852e870434b30f4d1
com.huaweicloud.sdk	huaweicloud-sdk-lts	3.1.133	-	78e820d2840bd41bb2bb8ebb3d56d033e09ad23b
com.huaweicloud.sdk	huaweicloud-sdk-lts	3.1.134	-	76a101de6afbd2f06da8dd5b72e181ec554c5834
com.huaweicloud.sdk	huaweicloud-sdk-lts	3.1.135	-	82a6dc6dfc83413fbac0f181e8eb1c4b7049ed1e
com.huaweicloud.sdk	huaweicloud-sdk-lts	3.1.136	-	cd01078874545a9ee9d3f5e3eb3844ec7e6ef7be
com.huaweicloud.sdk	huaweicloud-sdk-lts	3.1.137	-	decc71933e5f6d8b796dfe01b2aeb04ae41503c8
com.huaweicloud.sdk	huaweicloud-sdk-lts	3.1.138	-	a0b62d0963bd5b8bf82cf7b2ce5977054c515156
com.huaweicloud.sdk	huaweicloud-sdk-lts	3.1.139	-	2dc0ec4232a9558cc41724b54880d3f1dab3af59
com.huaweicloud.sdk	huaweicloud-sdk-lts	3.1.14	-	f5c713da1cdb31e05a0bcc39746074962bf9fa86
com.huaweicloud.sdk	huaweicloud-sdk-lts	3.1.140	-	a67b9fe9e975d74b9000ab395ca9ec237d13601f
com.huaweicloud.sdk	huaweicloud-sdk-lts	3.1.141	-	4b45e35a4680e4201ab39f9908da7b85c04ce5a8
com.huaweicloud.sdk	huaweicloud-sdk-lts	3.1.142	-	dcf25d8c19962cc3ebae8f85d0d3a4a10005d5a7
com.huaweicloud.sdk	huaweicloud-sdk-lts	3.1.143	-	46138b7f0177ebd78e86fb4a3ebf3f9323de2714
com.huaweicloud.sdk	huaweicloud-sdk-lts	3.1.144	-	e12f55b2b3b2463b03538eb307843be54d29fb5e
com.huaweicloud.sdk	huaweicloud-sdk-lts	3.1.15	-	d4c81c57c8331222127759f6b2d71aa4050ecd29
com.huaweicloud.sdk	huaweicloud-sdk-lts	3.1.16	-	c143f626a81c0ea5ca3f29bf20bea99d3d50092e
com.huaweicloud.sdk	huaweicloud-sdk-lts	3.1.17	-	d705f572e670c97861382457c1ff9da28f6cd64e
com.huaweicloud.sdk	huaweicloud-sdk-lts	3.1.18	-	374f1f246de56b876f7631b1ac2642156739e51c
com.huaweicloud.sdk	huaweicloud-sdk-lts	3.1.19	-	b7cae6cf803aa88dda82952c9e3f2a09a0587d57
com.huaweicloud.sdk	huaweicloud-sdk-lts	3.1.2	-	df6e579b41fab912795dc8f8ddcf6b4561972079
com.huaweicloud.sdk	huaweicloud-sdk-lts	3.1.20	-	2d48706d683b5dbe8253d68970496bc2f84ec9ae
com.huaweicloud.sdk	huaweicloud-sdk-lts	3.1.21	-	6ddc45ae5e8154437a3508933d9df1b2421894f2
com.huaweicloud.sdk	huaweicloud-sdk-lts	3.1.22	-	e6b7cf10bf7922381f2ff3a3bf818b6f464d2fe8
com.huaweicloud.sdk	huaweicloud-sdk-lts	3.1.23	-	d68fbe424915aa52bef17a864bba62e822c998c0
com.huaweicloud.sdk	huaweicloud-sdk-lts	3.1.24	-	83726962ae00fd6fafbab27a827c9e18d5761fd6
com.huaweicloud.sdk	huaweicloud-sdk-lts	3.1.25	-	fedc8c876828d54221c911cbb1bbde020d3b4ba6
com.huaweicloud.sdk	huaweicloud-sdk-lts	3.1.26	-	063fc36170ece7c4caad10ac061ca32d1cd13e64
com.huaweicloud.sdk	huaweicloud-sdk-lts	3.1.27	-	5a924432dd75ce6ad51ab7a880dd558b7a2de58b
com.huaweicloud.sdk	huaweicloud-sdk-lts	3.1.28	-	9a4f9a1779f844c3e941b993d23828710b7a73e8
com.huaweicloud.sdk	huaweicloud-sdk-lts	3.1.29	-	ca03f364ce577943a6920ccd8c8d88be98d11803
com.huaweicloud.sdk	huaweicloud-sdk-lts	3.1.3	-	803c8c3d4740dd27f8299ddc2f1538cbc2fb2cab
com.huaweicloud.sdk	huaweicloud-sdk-lts	3.1.30	-	087cb495ce8754422e52369ca71d0ce1662d3742
com.huaweicloud.sdk	huaweicloud-sdk-lts	3.1.31	-	f78af07c99df9023dbfeea856b7c5cff6f026624
com.huaweicloud.sdk	huaweicloud-sdk-lts	3.1.32	-	1d0d3574b2059c2f5769b57d20db2d9f3c211eae
com.huaweicloud.sdk	huaweicloud-sdk-lts	3.1.33	-	2d2b2661597e222cfa16bf18d8c796e932467a55
com.huaweicloud.sdk	huaweicloud-sdk-lts	3.1.34	-	d2fc5a2b86a73986a00ae2bd4ee7c8d948cfd8af
com.huaweicloud.sdk	huaweicloud-sdk-lts	3.1.35	-	399e68972d50aeef7940d3bafc9dc8115fe3e7ea
com.huaweicloud.sdk	huaweicloud-sdk-lts	3.1.36	-	20a8dfeafb931482453e61fcbcd933a54229660e
com.huaweicloud.sdk	huaweicloud-sdk-lts	3.1.37	-	72fe88f561305b1c1ac913883a67180688e630d9
com.huaweicloud.sdk	huaweicloud-sdk-lts	3.1.38	-	be07f4cca83d4bd9e0f939e688ad2bc9a01df695
com.huaweicloud.sdk	huaweicloud-sdk-lts	3.1.39	-	0ebc21a7aacd5e8d8069ff68c4a862a844251be2
com.huaweicloud.sdk	huaweicloud-sdk-lts	3.1.4	-	3d0b818107b2392168d788d7cef8f5c939cc2d30
com.huaweicloud.sdk	huaweicloud-sdk-lts	3.1.40	-	601ffd6583f27a4a08b54b759ff287031e105666
com.huaweicloud.sdk	huaweicloud-sdk-lts	3.1.41	-	a70bea29b8e55c8a41835dbb787364ca5c1f18fd
com.huaweicloud.sdk	huaweicloud-sdk-lts	3.1.42	-	683e851369bb834beec77a09ba9ba0450720053e
com.huaweicloud.sdk	huaweicloud-sdk-lts	3.1.43	-	a045e409085d5bc738eb4a108ebdbf4c70d9cf1d
com.huaweicloud.sdk	huaweicloud-sdk-lts	3.1.44	-	1a2057c1c1b8d8288498fee3188dc615e418877c
com.huaweicloud.sdk	huaweicloud-sdk-lts	3.1.45	-	6df33ec9290e8d1dcc09b4b6ee5591fff5f4600d
com.huaweicloud.sdk	huaweicloud-sdk-lts	3.1.46	-	853bd5cce6e8cc4268f8065dac87fec76d00ced3
com.huaweicloud.sdk	huaweicloud-sdk-lts	3.1.47	-	82e21ddf10e0ba6db165567025942403a3221f25
com.huaweicloud.sdk	huaweicloud-sdk-lts	3.1.48	-	66e96179368ea76e3ae1533c5556195080442605
com.huaweicloud.sdk	huaweicloud-sdk-lts	3.1.49	-	80d7304c88e81c1a4ef8760162cbc6e43d2c2bfb
com.huaweicloud.sdk	huaweicloud-sdk-lts	3.1.5	-	46f1c8bb7f76efe1caea9eba10f672080722ba37
com.huaweicloud.sdk	huaweicloud-sdk-lts	3.1.50	-	14f62cc9ee7d94b80b62d971b19764629885b967
com.huaweicloud.sdk	huaweicloud-sdk-lts	3.1.51	-	2c5d9327e23822922431b5891cb39c64c2d3a6a4
com.huaweicloud.sdk	huaweicloud-sdk-lts	3.1.52	-	4a5316325df13aefd2341f2700d330486c73f06d
com.huaweicloud.sdk	huaweicloud-sdk-lts	3.1.53	-	b33878c7b4e36a6436f2f93fb7f4dfc3d6d86240
com.huaweicloud.sdk	huaweicloud-sdk-lts	3.1.54	-	3f3abcc0d3ed81be15c5a5f4789e4d6620cbd8cc
com.huaweicloud.sdk	huaweicloud-sdk-lts	3.1.55	-	160711e2e926faf91cd8d0593f5c740f37557159
com.huaweicloud.sdk	huaweicloud-sdk-lts	3.1.56	-	c0ce1e0a97bfe35cac29a6b8cfaf0c84d5e5b09f
com.huaweicloud.sdk	huaweicloud-sdk-lts	3.1.57	-	cf56d804c040756c78333c1de89c01a8d3dace68
com.huaweicloud.sdk	huaweicloud-sdk-lts	3.1.58	-	8c185cb48c4df0b3b41e39a1f82533a95045ef90
com.huaweicloud.sdk	huaweicloud-sdk-lts	3.1.59	-	616f889c03de2c7df0c7018049ada61f636fd98d
com.huaweicloud.sdk	huaweicloud-sdk-lts	3.1.6	-	7c83162374dfd4455e5eb5185ad1d6919d33ebd6
com.huaweicloud.sdk	huaweicloud-sdk-lts	3.1.60	-	6a5dc27fba0249a305b8cc7a38e98291e5312a62
com.huaweicloud.sdk	huaweicloud-sdk-lts	3.1.61	-	4c9829660970f7c9b2171762280a5e30bcfd9f2e
com.huaweicloud.sdk	huaweicloud-sdk-lts	3.1.62	-	916d95b9011fe42a854e7be0a07422cc701ca119
com.huaweicloud.sdk	huaweicloud-sdk-lts	3.1.63	-	ba472e8e7fab1650fa51fc4a83ce4a3c0c9e5124
com.huaweicloud.sdk	huaweicloud-sdk-lts	3.1.64	-	76fc9391ee7156d17d52fcc6707b17042f07ef01
com.huaweicloud.sdk	huaweicloud-sdk-lts	3.1.65	-	202b06caf3eab692437094dd3e9eb0b13a630968
com.huaweicloud.sdk	huaweicloud-sdk-lts	3.1.66	-	fe96e2908c5b9e3fec4a27b06f70284d948ce7c2
com.huaweicloud.sdk	huaweicloud-sdk-lts	3.1.67	-	23d2e2179ba4c4eab51c0dbcadddd689a0563e19
com.huaweicloud.sdk	huaweicloud-sdk-lts	3.1.68	-	bc264861730c6d90b1a38ef7865f2cbe6f7c5079
com.huaweicloud.sdk	huaweicloud-sdk-lts	3.1.69	-	a5ca8ea9ad6fd6e49d0d3408b5a33416663f6587
com.huaweicloud.sdk	huaweicloud-sdk-lts	3.1.7	-	a5b9e4804bc5505cec97962d11f45fef3fdda544
com.huaweicloud.sdk	huaweicloud-sdk-lts	3.1.70	-	0a353ac2df502de07d5cf039856954bbd5b14dfe
com.huaweicloud.sdk	huaweicloud-sdk-lts	3.1.71	-	c3d8a19625c47c92ea8d8ccb48744224d47c7395
com.huaweicloud.sdk	huaweicloud-sdk-lts	3.1.72	-	3fd288e86ca198cc024b2ee384df68036cddd95a
com.huaweicloud.sdk	huaweicloud-sdk-lts	3.1.73	-	4bf68a93c5b829a6bfb37b45bbbbac7f37ec889f
com.huaweicloud.sdk	huaweicloud-sdk-lts	3.1.74	-	60d77b01009b56e73ec0395a9b2cbcbcbc736d9f
com.huaweicloud.sdk	huaweicloud-sdk-lts	3.1.75	-	9581e2a81f9d85759179c3215fa347b630a89fd3
com.huaweicloud.sdk	huaweicloud-sdk-lts	3.1.75-patch	-	bfbde7f16bf9914356da00e59d6c8a0a1c9f2d5c
com.huaweicloud.sdk	huaweicloud-sdk-lts	3.1.76	-	eb3bef26936a6b0f8a0bebf877cac3feff8e2545
com.huaweicloud.sdk	huaweicloud-sdk-lts	3.1.77	-	feda6abc44e1812adf23af560e5a6076ad29f597
com.huaweicloud.sdk	huaweicloud-sdk-lts	3.1.78	-	826703c7ddc414d4014768638de829bf76e7ce36
com.huaweicloud.sdk	huaweicloud-sdk-lts	3.1.79	-	4b91ec77572067859a21a4e12c7efbe590c38a29
com.huaweicloud.sdk	huaweicloud-sdk-lts	3.1.8	-	9341366b37450ccc72c0b92f85370252bff22521
com.huaweicloud.sdk	huaweicloud-sdk-lts	3.1.80	-	6bb27314702cb63f7ee99e5888723b50c799e8ff
com.huaweicloud.sdk	huaweicloud-sdk-lts	3.1.81	-	e47fe95a0b1cc287476578df6263757c90103468
com.huaweicloud.sdk	huaweicloud-sdk-lts	3.1.82	-	df84f51261da50f903db7b15646b1b720bf8cb6c
com.huaweicloud.sdk	huaweicloud-sdk-lts	3.1.83	-	b5d5ff2eb27101fcad8aace58d96baf69dafe0af
com.huaweicloud.sdk	huaweicloud-sdk-lts	3.1.84	-	ff86fd56ca4745acfcc3c762b1574a55a332eac6
com.huaweicloud.sdk	huaweicloud-sdk-lts	3.1.85	-	2498309a047e403deb1ab7f8d847a5b5d44d216d
com.huaweicloud.sdk	huaweicloud-sdk-lts	3.1.86	-	fddc0d0cfe21257d3b7f6feff9c5d2eae8b0d50a
com.huaweicloud.sdk	huaweicloud-sdk-lts	3.1.87	-	b68dcab44331c73b0353cefaef157ee0b679cf33
com.huaweicloud.sdk	huaweicloud-sdk-lts	3.1.88	-	6ed344465b17b8c65ee73820e26cbdf7e90f7d24
com.huaweicloud.sdk	huaweicloud-sdk-lts	3.1.89	-	dd6347a8ccc6ed3e6b33d1cac6b3fa2751b78a09
com.huaweicloud.sdk	huaweicloud-sdk-lts	3.1.9	-	ae81b072bd941c221610f16a89d680c25c4d6991
com.huaweicloud.sdk	huaweicloud-sdk-lts	3.1.90	-	45acd443525106c597c6ba27824d7c9dab2e6898
com.huaweicloud.sdk	huaweicloud-sdk-lts	3.1.91	-	b8640138d4cfc05aa7e38b6df182293b562ac328
com.huaweicloud.sdk	huaweicloud-sdk-lts	3.1.92	-	673092f3f07cf6e88da578331b4709e7349abe58
com.huaweicloud.sdk	huaweicloud-sdk-lts	3.1.93	-	4df054fdaddb36e9397956511e6b45825870b0da
com.huaweicloud.sdk	huaweicloud-sdk-lts	3.1.94	-	bbb2f3b51475d6df8e52414df5508cbd71ad38d7
com.huaweicloud.sdk	huaweicloud-sdk-lts	3.1.95	-	4d7d73a9b604e1081338dfc0d5797bf47a182c2d
com.huaweicloud.sdk	huaweicloud-sdk-lts	3.1.96	-	15be7f01b33f3c5816820916a986d29253a18540
com.huaweicloud.sdk	huaweicloud-sdk-lts	3.1.97	-	455090c3d5829f3cece3ef8b2f6823799f7baa6c
com.huaweicloud.sdk	huaweicloud-sdk-lts	3.1.98	-	f41b0aa4b5051661cd5fbb011f387b487c6ca4fe
com.huaweicloud.sdk	huaweicloud-sdk-lts	3.1.99	-	f0fce37625134973938a61c5bfb021eae9fbb3f6
com.iabgpp	iabgpp-encoder	3.0.0	-	0d7cb920a5ae0fa33fc3c5c724df7af448c3b3b0
com.iabgpp	iabgpp-encoder	3.0.1	-	e6c7a2e59b76b1fe7bd534706a013bd5bacbc7f9
com.iabgpp	iabgpp-encoder	3.0.10	-	dda1c0d7ca6ad28964a8e39a13a73e3f909add42
com.iabgpp	iabgpp-encoder	3.0.2	-	0d011c88491b8ca2690da61debeadea30bf97342
com.iabgpp	iabgpp-encoder	3.0.3	-	630e4578d51c7e52a3c55b48e7846676f8c724e2
com.iabgpp	iabgpp-encoder	3.0.7	-	76b2cb5b8aa21694eb2e75ee913501e6dc9f1258
com.iabgpp	iabgpp-encoder	3.0.8	-	e92b2ca9d14b053feb528e922abed497397e2728
com.iabgpp	iabgpp-encoder	3.0.9	-	c7c7a08bb47533e8ea5c8137a8d46a2d4d12a2cb
com.iabgpp	iabgpp-encoder	3.1.0	-	7c9732cf97fb64b97b1fb61edec14e2e3ab0ac9d
com.iabgpp	iabgpp-encoder	3.1.1	-	c98f0af1328524d506ed3496b7240478a89671eb
com.iabgpp	iabgpp-encoder	3.2.0	-	13f84d292b1cbfbb22f19b9faf3743b2c871ac94
com.iabgpp	iabgpp-encoder	3.2.1	-	5553e5b0f9589fc1c82e5f19af06e92fb6078d59
com.iabgpp	iabgpp-encoder	3.2.2	-	ba620b88782d0ab003765a02b998a2f7ab8a9f4c
com.iabgpp	iabgpp-encoder	3.2.3	-	4e29c0c4e5023cf374fb676269574e6a24236070
com.indoorvivants	subatomic-search-indexer_2.13	0.0.4	-	37b08f1083a91655c17f7047d695af3661319103
com.indoorvivants	subatomic-search-indexer_2.13	0.0.5	-	4b4184c74003896f838d5baba6392af46bf12737
com.indoorvivants	subatomic-search-indexer_2.13	0.0.6	-	fb04df38efd2b4c71f37b332968b2d6f7bf2afba
com.indoorvivants	subatomic-search-indexer_2.13	0.0.7	-	99e4f2c67ac2cafd6dad0a5791e79160a44409dd
com.indoorvivants	subatomic-search-indexer_2.13	0.0.8	-	a95063bf59616e8f1c8aadc70fd3df61a2485ea0
com.indoorvivants	subatomic-search-indexer_2.13	0.0.9	-	aa8fb9326ac7ddeed69285c7a3f6632e601c8e59
com.indoorvivants.gnome	pango_native0.4_3	0.0.3	-	f8cc5a65dd5de7912c5f48a27ed6e26e34ce7709
com.indoorvivants.gnome	pango_native0.4_3	0.0.4	-	fba1298081b5e661b738949408353185ff5f9818
com.indoorvivants.gnome	pango_native0.4_3	0.0.5	-	6bf1250519a819fd6390a5e7484d502f433e6379
com.ing.baker	bakery-interaction-k8s-interaction-manager_2.13	3.6.2	-	841470fe9893d51fec0e74dddf24278bad7331d5
com.ing.baker	bakery-interaction-k8s-interaction-manager_2.13	3.6.3	-	6f1687097a1e490cc41c259641fb4ba7edb4db2d
com.ing.baker	bakery-interaction-k8s-interaction-manager_2.13	4.1.0	-	81c9bda1456c75ab4b5393f1c913e6719bc606b0
com.ing.baker	bakery-interaction-k8s-interaction-manager_2.13	4.1.0-RC3	-	64c4d88314c881069e8d20f37633758c5c96cdf7
com.io7m.gtyrell	io7m-gtyrell-server	0.2.0	-	5d2e7b9e148ab4a0c436869f76a1168c366d7236
com.io7m.gtyrell	io7m-gtyrell-server	0.2.0	0.2.0-main	b14ccb3fafe9a33ee088d4fb4f390b2cc2090d62
com.io7m.gtyrell	io7m-gtyrell-server	0.2.1	-	b0345ba4830930680e2c47c69f64ce945afcf0cd
com.io7m.gtyrell	io7m-gtyrell-server	0.2.1	0.2.1-main	69f2268f648568c29acc4036fdd83223e6dbeba8
com.io7m.gtyrell	io7m-gtyrell-server	1.0.0	-	2466bc0d445d79ab86ea0dc75e0725a21be9fc27
com.io7m.gtyrell	io7m-gtyrell-server	1.0.0	1.0.0-main	d685ab5847aa83962da69a23d18aaa174c8de947
com.itemis.maven.plugins	cdi-plugin-hooks	0.1.0	-	842c259f460190661011c411522718dccecc9f8b
com.itemis.maven.plugins	cdi-plugin-hooks	0.1.1	-	0dc0da849fb725dc4fd0f5deec1e087c896ccda0
com.itxiaoer.commons	commons-jpa	2.0.13	-	c59156ac1fbe6a1aa1333abc8c75fb6e780315d1
com.itxiaoer.commons	commons-jpa	2.0.14	-	cf0c0957d9e6d4e6d4924c2f2f423cba91249f74
com.itxiaoer.commons	commons-jpa	2.0.15	-	2ed77950c8c7dfed81c0c5e18cf60cbd1cd65b52
com.itxiaoer.commons	commons-jpa	2.1.0	-	e05bf8fd24dc835fd643cff85c2471f5831a1e51
com.itxiaoer.commons	commons-jpa	2.1.1	-	6c34ea63ef0b01d9d77dd4092ab74b42dd8f6e05
com.itxiaoer.commons	commons-jpa	2.1.10	-	70c61c72c35d696e1e31b49400e74daafafa2c3d
com.itxiaoer.commons	commons-jpa	2.1.11	-	54eb910bbdff154f13496d13d4d58b400a7e2c11
com.itxiaoer.commons	commons-jpa	2.1.12	-	36c55af7a0578e67b05edf3cd2806f03d83388d8
com.itxiaoer.commons	commons-jpa	2.1.13	-	4c0f98685e77f471da621e7ee95f03de26a45146
com.itxiaoer.commons	commons-jpa	2.1.14	-	6c2f276086b6134966da39e1d2cfbfa299def6ca
com.itxiaoer.commons	commons-jpa	2.1.15	-	acce2244dd30aaae80cfcbc47316f79c5b47e286
com.itxiaoer.commons	commons-jpa	2.1.16	-	a24b2a2d5e98b5b3b16822b2d94e6c2c9cfe01a8
com.itxiaoer.commons	commons-jpa	2.1.17	-	4eb6098270d63fc62ff970d5320d9f7c2084f00c
com.itxiaoer.commons	commons-jpa	2.1.18	-	e7fb6c2e54bb5ca349ac6ade12e5638abeb0d056
com.itxiaoer.commons	commons-jpa	2.1.19	-	aabc1092448ebd8333cbba485d64591c497869da
com.itxiaoer.commons	commons-jpa	2.1.2	-	55e2e9c4fac8e7270d3cb97a0f36ef1660a6e077
com.itxiaoer.commons	commons-jpa	2.1.3	-	9a4e20a3713b016597ceff519eaf2bf46bccfd62
com.itxiaoer.commons	commons-jpa	2.1.4	-	eeeaa1a49a51c013710ca9116bf8cbf9fbd61453
com.itxiaoer.commons	commons-jpa	2.1.5	-	d470a260fb0029d06d06ae043783b2ec66138d8d
com.itxiaoer.commons	commons-jpa	2.1.6	-	fb78978807a1608497467ef1d192ff0d22ee2513
com.itxiaoer.commons	commons-jpa	2.1.7	-	d470dcf819f781e3d6b3a99ccf23a9e9dca074fd
com.itxiaoer.commons	commons-jpa	2.1.8	-	e063ecd8380a72334e6caa4fcc4d29f8e8d34ad4
com.itxiaoer.commons	commons-jpa	2.1.9	-	dcf8b84bc56871793815824a13e36d715bf24509
com.itxiaoer.commons	commons-jpa	2.2.0	-	3aa3a4f37a632b7092ec4cda58d80af17173bff8
com.itxiaoer.commons	commons-jpa	2.2.1	-	cd8046cfaf59d8ba223998ace443a029c2da3cd4
com.itxiaoer.commons	commons-jpa	2.2.10	-	dd81c1a117b275553b03a444c93ebc6719d72b45
com.itxiaoer.commons	commons-jpa	2.2.11	-	85c2da6e9907dcf69973b029960ff67da7029ddd
com.itxiaoer.commons	commons-jpa	2.2.12	-	190dfe7f8e4a48acb4b7c831423bc5555f7631e1
com.itxiaoer.commons	commons-jpa	2.2.13	-	24260e049513eac76a5f3d1a00c6c55b1b7db1f0
com.itxiaoer.commons	commons-jpa	2.2.14	-	7bc3d16bb000707bf63d16a880a211a84f04f569
com.itxiaoer.commons	commons-jpa	2.2.15	-	cf2b5a5ab082337a5de07e711f528b810479665b
com.itxiaoer.commons	commons-jpa	2.2.17	-	06cef8a31ea6974f8256a3cd983815c98abbef49
com.itxiaoer.commons	commons-jpa	2.2.18	-	809e22954bd079c3f47368764e590571349a85ec
com.itxiaoer.commons	commons-jpa	2.2.19	-	5b74c5a9bf36ce93d42c8b875a22e5c0498d7260
com.itxiaoer.commons	commons-jpa	2.2.2	-	034ef3057a28cf070502e5c3fcb211682de03b49
com.itxiaoer.commons	commons-jpa	2.2.20	-	d231f84a9c46fa8362ab821ca629a55f3d916e39
com.itxiaoer.commons	commons-jpa	2.2.21	-	67f288adce9cfa690cb189f4730f1b901bb86507
com.itxiaoer.commons	commons-jpa	2.2.22	-	084d4699addf96fae57ee93ac77a7a512b38477c
com.itxiaoer.commons	commons-jpa	2.2.23	-	f063bc1d3807d8a114a64c4615fec2ee9848b929
com.itxiaoer.commons	commons-jpa	2.2.24	-	737cef4ccee0404251c002aa49a575046b18e53c
com.itxiaoer.commons	commons-jpa	2.2.25	-	2f6a8d2fbf8e60f8603dad7f4ff5ab2e15c481f6
com.itxiaoer.commons	commons-jpa	2.2.26	-	925480622cac45b3dd010208d3b7ae9b398198d5
com.itxiaoer.commons	commons-jpa	2.2.3	-	557004f94a9eeb7e224a343aba98d74f3c450eda
com.itxiaoer.commons	commons-jpa	2.2.4	-	3a8eb319d22345f2a84783794bde25041652b482
com.itxiaoer.commons	commons-jpa	2.2.5	-	7357e893bfc7f2d618b62f2e2b3172262f48eca6
com.itxiaoer.commons	commons-jpa	2.2.6	-	a19da307c66de12a303112480000e353a23c18a1
com.itxiaoer.commons	commons-jpa	2.2.7	-	bd3f52bb905f2094e1d127c3b3c894cadce90f81
com.itxiaoer.commons	commons-jpa	2.2.8	-	24fa4a804b020d33e7cf42a370f3d6634d74c36c
com.itxiaoer.commons	commons-jpa	2.2.9	-	827ee32ef5e0757dbd026eb60718420d61901cb2
com.itxiaoer.commons	commons-jpa	2.3.3	-	d2bae5026cef853c94608c69849ebe23f3bf71be
com.itxiaoer.commons	commons-jpa	2.3.4	-	0d33029bac45e5b0db7a989da05f2d0fb2945d2a
com.ivianuu.essentials	essentials-state	0.0.1-dev1046	-	515adc30a89e6a22e0277d0cd804ea5c16f7fb61
com.ivianuu.essentials	essentials-state	0.0.1-dev1046	0.0.1-dev1046-all	995b167e31a6df54a1a29fbecd3708e76972da7a
com.ivianuu.essentials	essentials-state	0.0.1-dev1067	-	41433e5dc31a9a1bbed703a7efc7a6279d06b81c
com.ivianuu.essentials	essentials-state	0.0.1-dev1067	0.0.1-dev1067-all	a32ec886402adde60471ed700c41d2bd47f40ab1
com.ivianuu.essentials	essentials-state	0.0.1-dev1068	-	440868a30607fc595d6e8c6036a5153d3bffa766
com.ivianuu.essentials	essentials-state	0.0.1-dev1068	0.0.1-dev1068-all	2ead4ca799da92e23c64eb51bb6ed78aba54323a
com.ivianuu.essentials	essentials-state	0.0.1-dev1069	-	fec6eaf5e865b67ab9431fd513844a533c3d6b58
com.ivianuu.essentials	essentials-state	0.0.1-dev1069	0.0.1-dev1069-all	1424f6274fa1477f87fceab446d85e2c1a41d25f
com.ivianuu.essentials	essentials-state	0.0.1-dev1070	-	d4e48ede148e7210f2008ce443cf26f9ddebf6fb
com.ivianuu.essentials	essentials-state	0.0.1-dev1070	0.0.1-dev1070-all	fa95b05f9457cd0ee48771edc2652eaeaa40bc1f
com.ivianuu.essentials	essentials-state	0.0.1-dev1086	-	907fc088cd362ba8a59dca2291aaba59cd07652a
com.ivianuu.essentials	essentials-state	0.0.1-dev1086	0.0.1-dev1086-all	3cca8229e02cef7843d8d47d3de1408f6fe740c0
com.ivianuu.essentials	essentials-state	0.0.1-dev1087	-	eed0e792065f279a232d403321d14847fcfd1e9f
com.ivianuu.essentials	essentials-state	0.0.1-dev1087	0.0.1-dev1087-all	b86aa4ec6f8d7d8f1c9f9d205b5fa02c2d12b47f
com.ivianuu.essentials	essentials-state	0.0.1-dev1096	-	131eb672dcc609f5447eac7f786fc369902d01dd
com.ivianuu.essentials	essentials-state	0.0.1-dev1096	0.0.1-dev1096-all	d36cbb7f686aa2260954a553c8534617e84936da
com.ixortalk	ixortalk-gateway	1.0.0	-	f1064ef705b6684e713b7a26ffd6ade1c76f2af3
com.ixortalk	ixortalk-gateway	1.0.1	-	6a771e0b558c58b183582dd195c970bb45e5b3fd
com.ixortalk	ixortalk-gateway	1.0.10	-	eb5e4d878408e9deb56e0014a9f1425101ea557e
com.ixortalk	ixortalk-gateway	1.0.11	-	7077beda716cc294fe5835a7cd1f4cee046dcd31
com.ixortalk	ixortalk-gateway	1.0.2	-	03ea7e11ac91266fd1278ea43368cdd69d0df190
com.ixortalk	ixortalk-gateway	1.0.3	-	24ad27f6363a1a746f50114f3a380b8f873194e7
com.ixortalk	ixortalk-gateway	1.0.4	-	49302a904b2a410d090ad4aab8c71c0fc8f8d915
com.ixortalk	ixortalk-gateway	1.0.5	-	c1b972a118e679cefdcbfc75cd9ee69c0451b99c
com.ixortalk	ixortalk-gateway	1.0.6	-	efc104c541bd6cd6d302cec960544bc8ba7db4bf
com.ixortalk	ixortalk-gateway	1.0.7	-	95563f67eb7aea43f84c7c1e600185ce1b13ed27
com.ixortalk	ixortalk-gateway	1.0.8	-	3b2a0c99dec2c55d01c91fd506155fd1b615c05b
com.ixortalk	ixortalk-gateway	1.0.9	-	53b352727ef789fef0e979783f439c0e594d18f1
com.java-adventures.yuml	yuml-remote-renderer-httpclient	0.1.0	-	cccef301e5e152d5ae246a71febb7f398e8851b9
com.java-adventures.yuml	yuml-remote-renderer-httpclient	0.2.0	-	904163e38f70c4d3a0e7a05bba45293677ea431d
com.javiersc.arrow	arrow-core-test-tvosx64	1.0.2	1.0.2-metadata	148cb93c1085ab380384a4d4be8728cd97bba163
com.jayway.maven.plugins.android.generation1.plugins	maven-par-plugin	1.0.1	-	db62e217241699b574b9d2a6559f7078ad11d2b5
com.jayway.maven.plugins.android.generation1.plugins	maven-par-plugin	1.0.2	-	6e4244925ef0958a26de9be61d5a346eedd2dbb2
com.jd.live	joylive-router-sofarpc	1.0.0	-	98e20f46fd46981c3b123ec41d20865bf8f9d69f
com.jd.live	joylive-router-sofarpc	1.1.0	-	511b94d3d4099d3a9848887a00941ad51233e3af
com.jd.live	joylive-router-sofarpc	1.2.0	-	60b14017aea1311ced3b0956c256eed34cbe51d7
com.jd.live	joylive-router-sofarpc	1.3.0	-	0e30e4a35f80b2406eb4f0c17a2d19ea18c15578
com.jd.live	joylive-router-sofarpc	1.3.1	-	6fea81858d0f1928b2ace28000eb856c08c030c5
com.jd.live	joylive-router-sofarpc	1.3.2	-	a03c81e2f593de2c0eed7ae06636b5b8933d9ee8
com.jd.live	joylive-router-sofarpc	1.3.3	-	056bf215da89c923bae601d01967ae2d443d2bd9
com.jd.live	joylive-router-sofarpc	1.4.0	-	525dbc5ba78ff5d6ab25ffb23a573a86469d8bb3
com.jd.live	joylive-router-sofarpc	1.5.0	-	7503c2f216a3a94514ce6e5b93b262287b2f14b2
com.jd.live	joylive-router-sofarpc	1.5.1	-	a4b413d511aa08980587c16612d4a512c04a1baa
com.jd.live	joylive-router-sofarpc	1.5.2	-	d4cf9de7722102845ee9679a28a6543a1fe93965
com.jd.live	joylive-router-sofarpc	1.6.0	-	dcb9e4b8deaa363f1eddadf7da0c1811eaa4aef7
com.jparams	jparams-junit4	1.0.1	-	40d21cacc4538f1646d909b84da3792d2f2c5e4c
com.jparams	jparams-junit4	1.0.2	-	06ce51e61b5669b13bb90e3b34059cdd82fcb306
com.jparams	jparams-junit4	1.0.3	-	7cd43227bf672feae770b65ec448c1ca53de7cf0
com.jparams	jparams-junit4	1.0.4	-	1c3bc707583887546b85d745107d6174cc8418f0
com.jpattern	jpattern-gwt	2.11.0	-	7544454a8fb789d654cafc2ee1f3a3b93783b137
com.jpattern	jpattern-gwt	2.12.0	-	0d7f0229fbb0bc620e1d14bfde07ed3b78e7c2ed
com.jpattern	jpattern-gwt	2.13.0	-	74d14771148d0aa83e85486aef91b2622a0d117b
com.jpattern	jpattern-gwt	2.15.0	-	d2d39a729edb904c14faa674a1a8f162dbead0ec
com.jpattern	jpattern-gwt	2.20.0	-	e55f4f5db4eac253e83ef83db6353d158852e91a
com.jpattern	jpattern-gwt	2.20.1	-	9fd6bce7c701a0a9045bdddf721c757afec52a14
com.jpattern	jpattern-gwt	2.40.0	-	0ecd0ae028f75820cd5d4232a156d135eb53ad48
com.jpattern	jpattern-gwt	2.41.0	-	dd365e62bed58461b3798ab8f772bcf5b75ebdd7
com.jpattern	jpattern-gwt	2.42.0	-	2a2e9c1cfccbeda37f32da47ba88df966af2c79b
com.jpattern	jpattern-gwt	2.42.1	-	0edb03f580937b5f7ebd25ac841beee885657c20
com.jpattern	jpattern-gwt	2.43.0	-	956b4c432047f1dc568587454da04602ef32302f
com.jpattern	jpattern-gwt	2.43.1	-	90a8ca4b0b4223c931b4ddfc1c4c7fe7f66f59a2
com.jpattern	jpattern-gwt	2.44.0	-	8cce7476b4dcba5a3bbf4f23c47c6ea39f44882b
com.jpattern	jpattern-gwt	2.45.0	-	8c2f4da12fb1bdb07657591379972308708c4605
com.jpattern	jpattern-gwt	2.45.1	-	7f81c9c58fb00c41895e4ee119663ac49b2ad33f
com.jpattern	jpattern-gwt	2.45.2	-	43744336a3678e74b4c9414abbef71993c0c2a5b
com.jpattern	jpattern-gwt	2.45.4	-	448a8139627490fb725f40a09ba8b57f30618126
com.jpattern	jpattern-gwt	2.45.5	-	fc97a60877eec101185b4f79ee41993b73650933
com.jpattern	jpattern-gwt	2.45.6	-	98ae3d5d480eb9ff92bb36975db276fdad7bd416
com.jpattern	jpattern-gwt	2.45.7	-	ae2be39faef3736b7f1252bf63f966c73fe6c99b
com.jpmorgan.quorum	jaxrs-service	0.8	-	8e7a9efb920b832971d561394ac50714c20d66d3
com.jpmorgan.quorum	jaxrs-service	0.9	-	c2ce8a897439ea1785e86a60f9ecab710731a498
com.jpmorgan.quorum	jaxrs-service	0.9.1	-	9a73e85ae9cd06356c8404987d65b499a0fd62d0
com.jpmorgan.quorum	jaxrs-service	0.9.2	-	093e6391ee13761183e6b815c405fe3ef71a49ac
com.jpmorgan.quorum	jaxrs-service	0.9.3	-	46951bd04bcbc321732fde449014a7bf82a2c35b
com.jpmorgan.quorum	jaxrs-service	0.9.4	-	866e1a8a029c592f15a5d7922863e6ef8e32ad34
com.jtransc	jtransc-libgdx	0.0.1	-	87cc9eb2d1dce0168674819a0491b2523e843e25
com.jtransc	jtransc-libgdx	0.0.2	-	615baeb3c6cf1165e2f8e8d6ba04d2d2ab108d47
com.jtransc	jtransc-libgdx	0.0.3	-	fcc40bac2c862f9bd60d5755ae91bad688061673
com.jtransc	jtransc-libgdx	0.0.4	-	9eff5371100bfca1389a876232628fcded6cbcc3
com.jtransc	jtransc-libgdx	0.0.5	-	f1ab4dc55f87b72217d6262dacb619beaaef3731
com.karadzhov	scala-iso-country-i18n-es_native0.4_2.12	0.3.0	-	7f5f82b0ba4fe2e12389086c9306d2252798c31e
com.karadzhov	scala-iso-country-i18n-es_native0.4_2.12	0.3.1	-	0c28837f84411673072a953ac9c16c6ce7c55b35
com.karadzhov	scala-iso-country-i18n-es_native0.4_2.12	0.4.0	-	517061b90348a6a2f3214c4b33a3daf29790469a
com.karadzhov	scala-iso-country-i18n-es_native0.4_2.12	0.5.0	-	cef04fb58d9374f40a0b3ef8d36dd2a2b04ad099
com.laserfiche	lf-repository-api-client-v2	1.0.0	-	98a53f166a6539b59d06f3d0959baf0b2a39c45b
com.lgou2w	ldk-sql-h2	0.1.8	-	b73e28a77ae9dfbe638eb6e0c647ba9ab7428c0f
com.lgou2w	ldk-sql-h2	0.1.8-beta10	-	0230894a6d22808b9d3e4aabc492bf8bd44f1dba
com.lgou2w	ldk-sql-h2	0.1.8-beta11	-	4f9c9eded07cc1e790cea5e8002b93572cfb66e1
com.lgou2w	ldk-sql-h2	0.1.8-beta12	-	cf14ce987ae6a2e157385108b9907b96d663d571
com.lgou2w	ldk-sql-h2	0.1.8-beta12-hotfix1	-	039fb6ee9155d08cf36e54307e7e04a77b9fdde4
com.lgou2w	ldk-sql-h2	0.1.8-beta12-hotfix2	-	2e77f8770b372642d0bc13ff898a762e22b824be
com.lgou2w	ldk-sql-h2	0.1.8-beta12-hotfix3	-	9b33aaa4dec4cb8f175ac352537e0c660a48c75f
com.lgou2w	ldk-sql-h2	0.1.8-beta8	-	56a41a4752e3fd01c82b78dac1ffa224dceef7f8
com.lgou2w	ldk-sql-h2	0.1.8-beta9	-	13897ad610ee3a3f07a10d04f0b9be5176ede9f6
com.lgou2w	ldk-sql-h2	0.1.8-rc	-	3ba48e714b0edd4c4a43ba1527eda1e578db1446
com.lgou2w	ldk-sql-h2	0.1.8-rc-hotfix1	-	12de47288634222f3b04259cc8f007b6e3d3b97d
com.lgou2w	ldk-sql-h2	0.1.8-rc2	-	9efd1675d8d25ca53feb40e70ca992ddeb5d743d
com.lgou2w	ldk-sql-h2	0.1.9	-	8db0b1dfa1aff2a4f1128a37ebb644836585c029
com.lgou2w	ldk-sql-h2	0.2.0	-	36e601dac22974893d6e768e3c16065b65ed3e61
com.lgou2w	ldk-sql-h2	0.2.1	-	db3ae4eef002abd9a70b99ac35e6e71806a094cf
com.lgou2w	ldk-sql-h2	0.2.2	-	03060ee13674c6f87d599e87009bb80547682614
com.liferay	com.liferay.frontend.compatibility.ie	1.0.0	-	b1a78cd46daf6da9ab122eaef69b4131ed35515c
com.liferay	com.liferay.frontend.compatibility.ie	1.0.1	-	b09180edf62fd5b3e563ba524b32af8d098ddd52
com.liferay	com.liferay.frontend.compatibility.ie	1.0.2	-	7fdb0065dc0b377eb31785bccc9d20120d9e2019
com.liferay	com.liferay.frontend.compatibility.ie	1.0.2	1.0.2-sources-commercial	3cf93b264b7452a330b7858c953277cf757aab1c
com.liferay	com.liferay.frontend.compatibility.ie	1.0.3	-	8f548c6824645fdc8dc2e41cab0d7a2eaa1309a5
com.liferay	com.liferay.frontend.compatibility.ie	1.0.3	1.0.3-sources-commercial	824500a65a5cadaf62be613aaa7a88d0ca7b75d5
com.liferay	com.liferay.frontend.compatibility.ie	1.0.4	-	b52acda73259dc5ba01ec5661639547c99c4c8ac
com.liferay	com.liferay.frontend.compatibility.ie	1.0.4	1.0.4-sources-commercial	4f2ebc49fce223237a5cbd9908c6cef1cf270a24
com.liferay	com.liferay.frontend.compatibility.ie	1.0.5	-	fc2a8758987302664379c27732d438e85192cf73
com.liferay	com.liferay.frontend.compatibility.ie	1.0.5	1.0.5-sources-commercial	5b25b5dcbd46d154f6d90d26c0d4f15312ea94e9
com.liferay	com.liferay.frontend.compatibility.ie	1.0.6	-	e8febede08de32725eb7f775b96c7dd018ac1071
com.liferay	com.liferay.frontend.compatibility.ie	1.0.6	1.0.6-sources-commercial	330438032935a32aa2554d239cebeb89b3a04cdf
com.liferay	com.liferay.frontend.compatibility.ie	1.0.7	-	c17fea9da41becafb78dcda570e9c1bdee2221c6
com.liferay	com.liferay.frontend.compatibility.ie	1.0.7	1.0.7-sources-commercial	252e5bc8605d764dadf70658f3f24d362757cbb2
com.liferay	com.liferay.frontend.compatibility.ie	1.0.8	-	14387046d2c10167a7b1c22ce7bb9a3d4d03cb04
com.liferay	com.liferay.frontend.compatibility.ie	2.0.0	-	75cef87f0755aa5c944c1920d272aa10bbef0ee2
com.liferay	com.liferay.frontend.compatibility.ie	2.0.0	2.0.0-sources-commercial	89f863e60ead042f2daf42da5be9d025a52ebee0
com.liferay	com.liferay.frontend.compatibility.ie	2.0.1	-	af4a47a3a675eab2e63c98b2f12e999b22340ecd
com.liferay	com.liferay.frontend.compatibility.ie	2.0.1	2.0.1-sources-commercial	c944c88f454612e52c248fac3a6ee0a903d95cf7
com.liferay	com.liferay.frontend.compatibility.ie	2.0.10	-	f37386d3014d1d99bf79ee54531c6356e5a63e24
com.liferay	com.liferay.frontend.compatibility.ie	2.0.10	2.0.10-sources-commercial	c19146cfe6cb9b6dc1fd580103ead6b24d1753a9
com.liferay	com.liferay.frontend.compatibility.ie	2.0.11	-	2055583bd2677ff671e63cd0fad5b067e9f9be01
com.liferay	com.liferay.frontend.compatibility.ie	2.0.11	2.0.11-sources-commercial	f07f5869f828fed471c9989a1e3647c465dc72cb
com.liferay	com.liferay.frontend.compatibility.ie	2.0.12	-	9b8dbbac556623d55936e9e5792fcaed983aaae7
com.liferay	com.liferay.frontend.compatibility.ie	2.0.12	2.0.12-sources-commercial	00ea52f8f0ec88d5acb4e634852f56d4d587f6b0
com.liferay	com.liferay.frontend.compatibility.ie	2.0.13	-	d8601feb54de6b0da08528d96b88fce88846ef6b
com.liferay	com.liferay.frontend.compatibility.ie	2.0.13	2.0.13-sources-commercial	ae6bac0b3d521c89455851444a35f8f3c821ad41
com.liferay	com.liferay.frontend.compatibility.ie	2.0.14	-	f88cc91b812068640c8a572b5f6a05d677808df9
com.liferay	com.liferay.frontend.compatibility.ie	2.0.14	2.0.14-sources-commercial	bae1f1ffe3ed07a50c40d99e09932932aff0141d
com.liferay	com.liferay.frontend.compatibility.ie	2.0.15	-	d43aee11fb14191beaed0ec29a6fc2961eb47b1e
com.liferay	com.liferay.frontend.compatibility.ie	2.0.15	2.0.15-sources-commercial	84338fa01e51d25bc92fba31b60251f1829f6572
com.liferay	com.liferay.frontend.compatibility.ie	2.0.16	-	ddf95ddb95d72cfcc03c98079550fdda0fdd6bd8
com.liferay	com.liferay.frontend.compatibility.ie	2.0.17	-	82cabb5aac08a503c4ab06dadc80e0b3ebd79c3d
com.liferay	com.liferay.frontend.compatibility.ie	2.0.2	-	6e11be2178387812ff5cdc66425ef4992b6b71fc
com.liferay	com.liferay.frontend.compatibility.ie	2.0.2	2.0.2-sources-commercial	71cbdb95d07f282cf1758fe997fc3f4b2d6a94eb
com.liferay	com.liferay.frontend.compatibility.ie	2.0.3	-	1bb84d647524d1ca24f233bc5bb222d320ef408b
com.liferay	com.liferay.frontend.compatibility.ie	2.0.3	2.0.3-sources-commercial	b27c0479b2c9120ae19fc753c2aa11f8864bc6de
com.liferay	com.liferay.frontend.compatibility.ie	2.0.4	-	2657260c8a02975b670e125812d27716dca71a84
com.liferay	com.liferay.frontend.compatibility.ie	2.0.4	2.0.4-sources-commercial	bd9576ff0fc7d5956145ea23febd186e564d9522
com.liferay	com.liferay.frontend.compatibility.ie	2.0.5	-	ce14161a37299218fa17a196011b6a7b98e19b25
com.liferay	com.liferay.frontend.compatibility.ie	2.0.5	2.0.5-sources-commercial	3db97405abb8011da50558d81ef34cffdec69fc6
com.liferay	com.liferay.frontend.compatibility.ie	2.0.6	-	33f0db72fc0cef195f3ab061f147146e2019fa8a
com.liferay	com.liferay.frontend.compatibility.ie	2.0.6	2.0.6-sources-commercial	adf63a0b9a1db2afb579e1f52e3544ac4f0cfbf4
com.liferay	com.liferay.frontend.compatibility.ie	2.0.7	-	e1087103ca3b97049bff46b695222d8be8a62e0b
com.liferay	com.liferay.frontend.compatibility.ie	2.0.7	2.0.7-sources-commercial	89fb5bbf505d6229779c3de23392ace11043cc71
com.liferay	com.liferay.frontend.compatibility.ie	2.0.8	-	f85e2b9c12f0f464cb110b44b65ea0e51d3806c7
com.liferay	com.liferay.frontend.compatibility.ie	2.0.8	2.0.8-sources-commercial	8511f822c48f1d7251b8ad066afa62d063413208
com.liferay	com.liferay.frontend.compatibility.ie	2.0.9	-	02ce2c51348a704a3bfb0653438792903935e938
com.liferay	com.liferay.frontend.compatibility.ie	2.0.9	2.0.9-sources-commercial	9adac9519618b602572d3a87ff7ded4416e1b50c
com.liferay	com.liferay.frontend.compatibility.ie	3.0.0	-	6aed6954d7f9b219eb3fd20a96afd5ba48221b8a
com.liferay	com.liferay.frontend.compatibility.ie	3.0.0	3.0.0-sources-commercial	5242c63cd9a8932bb020b78d450ae9fca94fd8cc
com.liferay	com.liferay.frontend.compatibility.ie	3.0.1	-	bd3d217754dbb61d41386a0a0fc78c9ee4333502
com.liferay	com.liferay.frontend.compatibility.ie	3.0.1	3.0.1-sources-commercial	f7d5d158ce1c77d684ed73c78b516684457b1ccf
com.liferay	com.liferay.frontend.compatibility.ie	3.0.10	-	1b198dfcfc1159114316737649970918570c780f
com.liferay	com.liferay.frontend.compatibility.ie	3.0.10	3.0.10-sources-commercial	86402e2b466ad0fbf52c8bdf32bb309e2b0703e8
com.liferay	com.liferay.frontend.compatibility.ie	3.0.11	-	c594ad7a14abfcb5d2b3449d1c152e2b38dddc46
com.liferay	com.liferay.frontend.compatibility.ie	3.0.11	3.0.11-sources-commercial	5d61f66140a3041836d4132aca1dc27f9eba0dbf
com.liferay	com.liferay.frontend.compatibility.ie	3.0.12	-	892efb57f2f3138d91579d67c94acd8c622f7f58
com.liferay	com.liferay.frontend.compatibility.ie	3.0.12	3.0.12-sources-commercial	cc1a041434c1e909c8ef5bedfbc49bcdd1a711f0
com.liferay	com.liferay.frontend.compatibility.ie	3.0.13	-	3a91941148a48d026aa573d02c240e3cce071b53
com.liferay	com.liferay.frontend.compatibility.ie	3.0.13	3.0.13-sources-commercial	187b70b1e91c140674a743608341bcd4aca61b4a
com.liferay	com.liferay.frontend.compatibility.ie	3.0.14	-	8d2088f5c72202b7474594908fa99cc0ab339658
com.liferay	com.liferay.frontend.compatibility.ie	3.0.14	3.0.14-sources-commercial	215b452fdc7d2851c698c7fc5dfb5127b25d088c
com.liferay	com.liferay.frontend.compatibility.ie	3.0.15	-	06eeab3c7e0af0d79c2b85672347521098b390c9
com.liferay	com.liferay.frontend.compatibility.ie	3.0.15	3.0.15-sources-commercial	67b6f0c4f7c250a606b398b548eec9d02f2428ca
com.liferay	com.liferay.frontend.compatibility.ie	3.0.16	-	40e519b9c83bdcbae20cf0cd656bfdcad545073b
com.liferay	com.liferay.frontend.compatibility.ie	3.0.17	-	39b0e7eb0ec7d0f0dd8d386381854e219c53bd71
com.liferay	com.liferay.frontend.compatibility.ie	3.0.18	-	620e8b14b0c2055503829cafc589f845ead80865
com.liferay	com.liferay.frontend.compatibility.ie	3.0.2	-	627ade73f0b3cad6d598aaee294e5c9f94b81d28
com.liferay	com.liferay.frontend.compatibility.ie	3.0.2	3.0.2-sources-commercial	d372788a839c3c2eba0541eb9c3f90e25c5e6f9d
com.liferay	com.liferay.frontend.compatibility.ie	3.0.3	-	cd46876ad13bf60c39547b5d25539abbc777bbe2
com.liferay	com.liferay.frontend.compatibility.ie	3.0.3	3.0.3-sources-commercial	5d93630bb61dbe7998d8435be1de956cefd67063
com.liferay	com.liferay.frontend.compatibility.ie	3.0.4	-	0076ad86094c72226727e968cb53a765b760e141
com.liferay	com.liferay.frontend.compatibility.ie	3.0.4	3.0.4-sources-commercial	fdeef965f8d729684aef93b8efc9dec3f0f2d254
com.liferay	com.liferay.frontend.compatibility.ie	3.0.5	-	eca49fb51c981e5cdb5c3b0a5c7d1e820010e125
com.liferay	com.liferay.frontend.compatibility.ie	3.0.5	3.0.5-sources-commercial	4ebdf9de081893557048d163f605f37da00e3961
com.liferay	com.liferay.frontend.compatibility.ie	3.0.6	-	049969367e691157fe8b33a34b12ca3788679a4a
com.liferay	com.liferay.frontend.compatibility.ie	3.0.6	3.0.6-sources-commercial	0f795abc73c273e47204f42f5724def44f6e3ae0
com.liferay	com.liferay.frontend.compatibility.ie	3.0.7	-	1631ac5781e5ab848b28944c56b3b016be427e91
com.liferay	com.liferay.frontend.compatibility.ie	3.0.7	3.0.7-sources-commercial	2e3dcf928adab488562c8cb4bc740c3c5b2fac06
com.liferay	com.liferay.frontend.compatibility.ie	3.0.8	-	cb83cd056eb407b742e86776d515b2f0d7bd40be
com.liferay	com.liferay.frontend.compatibility.ie	3.0.8	3.0.8-sources-commercial	fec293163b9172a229e7b279b3247609e92e0d79
com.liferay	com.liferay.frontend.compatibility.ie	3.0.9	-	fada8607a30503528dc7946077242c2107a6ccf1
com.liferay	com.liferay.frontend.compatibility.ie	3.0.9	3.0.9-sources-commercial	450236674bc111bbd8b4065ab3fc34155ccc20e4
com.liferay	com.liferay.frontend.compatibility.ie	4.0.0	-	ee928e42f44ecb1071ff23d5578199a2c3751d8a
com.liferay	com.liferay.frontend.compatibility.ie	4.0.0	4.0.0-sources-commercial	d9350b6b88585c1c0e32347d9100bb60d268866c
com.liferay	com.liferay.frontend.compatibility.ie	4.0.1	-	215c71145a6a83ad9ed2ff9e792299ae99ca77ab
com.liferay	com.liferay.frontend.compatibility.ie	4.0.1	4.0.1-sources-commercial	8a037fa61374c923932d6c316668a52bd48436a5
com.liferay	com.liferay.frontend.compatibility.ie	4.0.10	-	07bd6f979d484d0638da5c596be2b23e465adf9c
com.liferay	com.liferay.frontend.compatibility.ie	4.0.10	4.0.10-sources-commercial	c7f8452e2b6cd2beb28a28031d98157aa89c0ea7
com.liferay	com.liferay.frontend.compatibility.ie	4.0.11	-	350557d821057878214565ef30e2eb0aa92db038
com.liferay	com.liferay.frontend.compatibility.ie	4.0.11	4.0.11-sources-commercial	74922e322f363d8f20a0b7ccc0914d7bb2e12cd6
com.liferay	com.liferay.frontend.compatibility.ie	4.0.12	-	73a154270385efa095968c6a600424506c77469d
com.liferay	com.liferay.frontend.compatibility.ie	4.0.12	4.0.12-sources-commercial	b7e8bb315c95470df3bdad082453ae07734be9de
com.liferay	com.liferay.frontend.compatibility.ie	4.0.13	-	fd55af7cac463a6610a213992be5503e6aa81a26
com.liferay	com.liferay.frontend.compatibility.ie	4.0.13	4.0.13-sources-commercial	994d1afe9bf7d1ade4f118e2a520bc72e846bc9c
com.liferay	com.liferay.frontend.compatibility.ie	4.0.14	-	2b47b192a582cefb3ae319f4a2e5535c224d11d0
com.liferay	com.liferay.frontend.compatibility.ie	4.0.14	4.0.14-sources-commercial	bdc6c963cf0473bdebcdfaca6e99ff5efd51d377
com.liferay	com.liferay.frontend.compatibility.ie	4.0.15	-	d3758286a8f9e35672971199f0bf2b44a203279e
com.liferay	com.liferay.frontend.compatibility.ie	4.0.15	4.0.15-sources-commercial	8abedd22d2d4f2ef4bddfa09ff88e84d0383e15c
com.liferay	com.liferay.frontend.compatibility.ie	4.0.16	-	23b6f46772514a0d55a25f8dd3d54c6d7c67da44
com.liferay	com.liferay.frontend.compatibility.ie	4.0.16	4.0.16-sources-commercial	5c88cc8aeb3c3c7e6eecfbd104b368ada406ef1c
com.liferay	com.liferay.frontend.compatibility.ie	4.0.17	-	4e795db3774dca040496335bcb8ca47f8b5f1416
com.liferay	com.liferay.frontend.compatibility.ie	4.0.17	4.0.17-sources-commercial	f2d3809f80da21944c4ae0b82c840694c7572fa5
com.liferay	com.liferay.frontend.compatibility.ie	4.0.18	-	afaf93a35c745b3bb6a0daf46ed524c428452ac8
com.liferay	com.liferay.frontend.compatibility.ie	4.0.18	4.0.18-sources-commercial	a84524c90a84ced1ff7e8af37cf153b64484e302
com.liferay	com.liferay.frontend.compatibility.ie	4.0.19	-	7a29105539aa5d85a0f876b5e771bf993dea5100
com.liferay	com.liferay.frontend.compatibility.ie	4.0.19	4.0.19-sources-commercial	cc708a6303a6afa32fa133e4ae681492dc098d26
com.liferay	com.liferay.frontend.compatibility.ie	4.0.2	-	5c70e6c05dd8e8cb34953cc9ae9dc77373a086f7
com.liferay	com.liferay.frontend.compatibility.ie	4.0.2	4.0.2-sources-commercial	20715ebbd87dbf6ce1d7d23fa334f98c2974ada5
com.liferay	com.liferay.frontend.compatibility.ie	4.0.20	-	7b058bbac9e98fb7e4acc96aaae8929f1d9a925b
com.liferay	com.liferay.frontend.compatibility.ie	4.0.20	4.0.20-sources-commercial	9dd790bfc699975c5e28d87f733cdeafed57f69a
com.liferay	com.liferay.frontend.compatibility.ie	4.0.21	-	8d2b3ecaaf56acadd68e5f8263ea3470110a352d
com.liferay	com.liferay.frontend.compatibility.ie	4.0.21	4.0.21-sources-commercial	804a3bc0fbd19923ec8af36ee46018b079e24d48
com.liferay	com.liferay.frontend.compatibility.ie	4.0.22	-	e2a572106dd1bca837ea353abe3483af985e2bae
com.liferay	com.liferay.frontend.compatibility.ie	4.0.22	4.0.22-sources-commercial	2680582fea35dd5f3aefdd104fef3002bb105fb6
com.liferay	com.liferay.frontend.compatibility.ie	4.0.23	-	ef64f4bb9bf29775c29f88309c35b58ded5b37fd
com.liferay	com.liferay.frontend.compatibility.ie	4.0.23	4.0.23-sources-commercial	6cd574358479cecced3ffdf256f6ec5240c5b4c2
com.liferay	com.liferay.frontend.compatibility.ie	4.0.24	-	b6553fb2dba80d529c7e2a25f0554a4e8530434a
com.liferay	com.liferay.frontend.compatibility.ie	4.0.24	4.0.24-sources-commercial	de9ba6c9bf3a6d7a0b295fde1e8ea9d604359457
com.liferay	com.liferay.frontend.compatibility.ie	4.0.25	-	608f2d12bdbc7df585903ac9838090e1ab471eaf
com.liferay	com.liferay.frontend.compatibility.ie	4.0.26	-	631506465daeb6ce39b3e9ab3878972bd860275e
com.liferay	com.liferay.frontend.compatibility.ie	4.0.27	-	339037ac3925274fcbe0c5687611d87269024256
com.liferay	com.liferay.frontend.compatibility.ie	4.0.3	-	eb09f84e162b7c2dd8869c120793bc4fc1d85a07
com.liferay	com.liferay.frontend.compatibility.ie	4.0.3	4.0.3-sources-commercial	c822002c9974ef3485e2809afeb4daa3019b4ff2
com.liferay	com.liferay.frontend.compatibility.ie	4.0.4	-	16d7a3ef20961700e21d450890c82ef3849cc284
com.liferay	com.liferay.frontend.compatibility.ie	4.0.4	4.0.4-sources-commercial	af6f6054a685cf37a65824c710984764040b3fe4
com.liferay	com.liferay.frontend.compatibility.ie	4.0.5	-	14d69f6e87da7b365989b0e8f4c11bc27ce2f0bd
com.liferay	com.liferay.frontend.compatibility.ie	4.0.5	4.0.5-sources-commercial	fe6ec80ef95bccf3dd95f1d6d7a24864ee2f7614
com.liferay	com.liferay.frontend.compatibility.ie	4.0.6	-	bcbae45ae47e7cb9f7f1eec174d7640baf461fcb
com.liferay	com.liferay.frontend.compatibility.ie	4.0.6	4.0.6-sources-commercial	1b139d67026e5dbfa89138904b8cdffb94bf3156
com.liferay	com.liferay.frontend.compatibility.ie	4.0.7	-	f18e73deeef463d86865e7f7bf7f346982d5d919
com.liferay	com.liferay.frontend.compatibility.ie	4.0.7	4.0.7-sources-commercial	3aff1da471858ee3000e1f20f99cd511f4c642d1
com.liferay	com.liferay.frontend.compatibility.ie	4.0.8	-	7364bacac4dbce6419d14d41f41d01f592bb023c
com.liferay	com.liferay.frontend.compatibility.ie	4.0.8	4.0.8-sources-commercial	39c47200613501b20ae34d2298321afbe5dacee4
com.liferay	com.liferay.frontend.compatibility.ie	4.0.9	-	2cf4eb40dcd750aff67f53d4959e91b2f346bd0e
com.liferay	com.liferay.frontend.compatibility.ie	4.0.9	4.0.9-sources-commercial	31de4732f29e3a8e462a13a66ce2660465bf663c
com.liferay	com.liferay.portal.tools.sample.sql.builder	3.0.0	-	161510080560c880f280cbee6ebb7657f3e49ee5
com.liferay.commerce	com.liferay.commerce.data.integration.web	2.0.0	-	a4ae0fb3fb52a8f529cc0e064ae2c5b9aa910f3b
com.liferay.commerce	com.liferay.commerce.data.integration.web	2.0.0	2.0.0-jspc	8b7673692b1893652ab4b970bb0bf9706bfc69e7
com.liferay.commerce	com.liferay.commerce.data.integration.web	2.0.0	2.0.0-sources-commercial	e02e598c3f5bf0d3e9771a85e7902477b27dbfb1
com.liferay.commerce	com.liferay.commerce.data.integration.web	2.0.17	-	c141cd7f1dd155608667c602ac3afa65ed9a55b9
com.liferay.commerce	com.liferay.commerce.data.integration.web	2.0.17	2.0.17-jspc	8d5755eeeff746382f5d45ab206ff478ccd52b62
com.liferay.commerce	com.liferay.commerce.data.integration.web	2.0.17	2.0.17-sources-commercial	c38190fa47acf288c8bf75a60eecb2371e486b31
com.liferay.commerce	com.liferay.commerce.data.integration.web	2.0.18	-	b468dca5c54b4a2d791176cefee217fb778724ae
com.liferay.commerce	com.liferay.commerce.data.integration.web	2.0.18	2.0.18-jspc	3719e0c8fa723f134b110a9bea10957cef344b3a
com.liferay.commerce	com.liferay.commerce.data.integration.web	2.0.18	2.0.18-sources-commercial	0e4c93405827ecf5439988edcadd901a1a4e544a
com.liferay.commerce	com.liferay.commerce.data.integration.web	2.0.19	-	de327825b60c985c0dcf7b5de5ee82bb8d407125
com.liferay.commerce	com.liferay.commerce.data.integration.web	2.0.19	2.0.19-jspc	8de0270cf93bbc724aa418b65368eaf6ec5e8276
com.liferay.commerce	com.liferay.commerce.data.integration.web	2.0.19	2.0.19-sources-commercial	f89293cf2bd973005830b73c538edcb21d2ddde8
com.liferay.commerce	com.liferay.commerce.data.integration.web	2.0.20	-	be3d2d6325bf5eb0b6c49e8a4847886e31ce722b
com.liferay.commerce	com.liferay.commerce.data.integration.web	2.0.20	2.0.20-jspc	b10523e52bcdb56319f7f0a2d9344a005fe51ffc
com.liferay.commerce	com.liferay.commerce.data.integration.web	2.0.20	2.0.20-sources-commercial	72d675db2c0f5362dea0bd3192e8949924d7b131
com.liferay.commerce	com.liferay.commerce.data.integration.web	2.0.21	-	0d97e55980b916469b893f41ac8af35d6f505f07
com.liferay.commerce	com.liferay.commerce.data.integration.web	2.0.21	2.0.21-jspc	eabe266c6ddcdf94f09c09b89d78ba1d4ff8a820
com.liferay.commerce	com.liferay.commerce.data.integration.web	2.0.21	2.0.21-sources-commercial	7c6d3f5d1711aed394b7b506984fdfd68bc739a2
com.liferay.commerce	com.liferay.commerce.data.integration.web	2.0.22	-	91280ea2ed2dc63eee2cfdb696ee881152827a93
com.liferay.commerce	com.liferay.commerce.data.integration.web	2.0.22	2.0.22-jspc	e132a06d39fb5f09c143c0e80a14a9391f8803a4
com.liferay.commerce	com.liferay.commerce.data.integration.web	2.0.22	2.0.22-sources-commercial	efc3898af8da9f5a6ac670e2d4fb306f4d9f1084
com.liferay.commerce	com.liferay.commerce.data.integration.web	2.0.23	-	4bd451e5ab1d8ae95e596c3a566f5e5764c7b2cd
com.liferay.commerce	com.liferay.commerce.data.integration.web	2.0.23	2.0.23-jspc	5516e495b7d5069025a396b72d374d8a6171af90
com.liferay.commerce	com.liferay.commerce.data.integration.web	2.0.23	2.0.23-sources-commercial	4bc6d267554226c8098181a0ea09aa4f121a1684
com.liferay.commerce	com.liferay.commerce.data.integration.web	2.0.24	-	5e47e282edd92b58050f94fa4415973cd700388d
com.liferay.commerce	com.liferay.commerce.data.integration.web	2.0.24	2.0.24-jspc	4d8c86a3ecbae8725ac7d8c9b7cdc3646c4fc998
com.liferay.commerce	com.liferay.commerce.data.integration.web	2.0.24	2.0.24-sources-commercial	34e7e22cb668899745274e8a300ad8848b57ac77
com.liferay.commerce	com.liferay.commerce.data.integration.web	2.0.25	-	fcb9c5bfa4677c96f72fdf3034ac0814ada7a10e
com.liferay.commerce	com.liferay.commerce.data.integration.web	2.0.25	2.0.25-jspc	c75bf77ac65a50e3d2526b7b7209696705f615de
com.liferay.commerce	com.liferay.commerce.data.integration.web	2.0.25	2.0.25-sources-commercial	fb5dad55657d7b4009ee85dbb4b7a79889494137
com.liferay.commerce	com.liferay.commerce.data.integration.web	2.0.26	-	46e389cc0ce49168d2cdbcf64469ec8b4d0b6598
com.liferay.commerce	com.liferay.commerce.data.integration.web	2.0.26	2.0.26-jspc	aaa1f2bf72858374d5846c121d10585585ffd15b
com.liferay.commerce	com.liferay.commerce.data.integration.web	2.0.26	2.0.26-sources-commercial	025531e46ceab007fae7d2494655279e35c866ee
com.liferay.commerce	com.liferay.commerce.data.integration.web	2.0.27	-	5edfd53c686e3bd2dc0f6d273751c66a608962a7
com.liferay.commerce	com.liferay.commerce.data.integration.web	2.0.27	2.0.27-jspc	50063e239b5177542a7be0d18ae889d3fa1457d5
com.liferay.commerce	com.liferay.commerce.data.integration.web	2.0.27	2.0.27-sources-commercial	6093642dbc37969e252bd9fccd3da0808b50cf43
com.liferay.commerce	com.liferay.commerce.data.integration.web	2.0.28	-	8c6181433cb2e19a5eaa34b8a17fe05de6939fcd
com.liferay.commerce	com.liferay.commerce.data.integration.web	2.0.28	2.0.28-jspc	5728afb4483f0eabf28f13a63e810dd292bad732
com.liferay.commerce	com.liferay.commerce.data.integration.web	2.0.28	2.0.28-sources-commercial	c433c1293cd002c01458d4feb312f366739d880a
com.liferay.commerce	com.liferay.commerce.data.integration.web	2.0.29	-	7797c4c05049a5a352c5615e80bdd425e1d94117
com.liferay.commerce	com.liferay.commerce.data.integration.web	2.0.29	2.0.29-jspc	40194761ef8be73f1a761d706e99beaeef606cda
com.liferay.commerce	com.liferay.commerce.data.integration.web	2.0.29	2.0.29-sources-commercial	af0297a8dd85ebfa50542091d6173ed0a71b1757
com.liferay.commerce	com.liferay.commerce.data.integration.web	2.0.30	-	993c789b0a8fdd95f3edb123bb5cc36b90849521
com.liferay.commerce	com.liferay.commerce.data.integration.web	2.0.30	2.0.30-jspc	a459dae915b8b7b533ceedd38c617a5824bc7e3a
com.liferay.commerce	com.liferay.commerce.data.integration.web	2.0.30	2.0.30-sources-commercial	4af273909189599ed46d90a5b5a023d78e9618a3
com.liferay.commerce	com.liferay.commerce.data.integration.web	2.0.31	-	f5f54b146e7626f9f96ee445564bd5de245e85b2
com.liferay.commerce	com.liferay.commerce.data.integration.web	2.0.31	2.0.31-jspc	4bc2d8437a41a23b1ec422ecaa7816eb525ea0f0
com.liferay.commerce	com.liferay.commerce.data.integration.web	2.0.31	2.0.31-sources-commercial	c15e2b1171f8012649caf69b3dc78884ea5754c5
com.liferay.commerce	com.liferay.commerce.data.integration.web	2.0.32	-	207a317cfc0da587667340bd745a80cc88fbd058
com.liferay.commerce	com.liferay.commerce.data.integration.web	2.0.32	2.0.32-jspc	0140fb956fa83a78e2b80594d977fc4117e2aaa1
com.liferay.commerce	com.liferay.commerce.data.integration.web	2.0.32	2.0.32-sources-commercial	74ca19a15814b3483f98574231d49ae5c9efd40d
com.liferay.commerce	com.liferay.commerce.data.integration.web	2.0.33	-	9534dc27d747ba933c19ebac0134c543e6609292
com.liferay.commerce	com.liferay.commerce.data.integration.web	2.0.33	2.0.33-jspc	f3c5dae34be808af3f6b75972f3cb0a187e33a8d
com.liferay.commerce	com.liferay.commerce.data.integration.web	2.0.33	2.0.33-sources-commercial	54b7d16941da645dd20fc51da9eb96f59f655b01
com.liferay.commerce	com.liferay.commerce.data.integration.web	2.0.34	-	e6f89eba34e246cee5fa187ba246367b8631f5c1
com.liferay.commerce	com.liferay.commerce.data.integration.web	2.0.34	2.0.34-jspc	87e7232526f07d365b7c5df544ce1066bbb4873a
com.liferay.commerce	com.liferay.commerce.data.integration.web	2.0.34	2.0.34-sources-commercial	d12240991c2ba5d459fad79bf17de38ed3d1df54
com.liferay.commerce	com.liferay.commerce.data.integration.web	2.0.35	-	295a9f5ea2faaa6a41c74af43eb163b7e6b80c67
com.liferay.commerce	com.liferay.commerce.data.integration.web	2.0.35	2.0.35-jspc	9d1c97ad2cd1937b8c45228b94336e5d46bc0c53
com.liferay.commerce	com.liferay.commerce.data.integration.web	2.0.35	2.0.35-sources-commercial	424e14c0c39cabecd51c302cdc79ca40fc630159
com.liferay.commerce	com.liferay.commerce.data.integration.web	2.0.36	-	c133c86f3670a6b8fa954ef6c282248245460cb4
com.liferay.commerce	com.liferay.commerce.data.integration.web	2.0.36	2.0.36-jspc	a6825652a3fd3a3741f5a17e18ae2cc20fdb7b9d
com.liferay.commerce	com.liferay.commerce.data.integration.web	2.0.36	2.0.36-sources-commercial	878791102e61340f3c54033a75a7b2669bf608a2
com.liferay.commerce	com.liferay.commerce.data.integration.web	2.0.37	-	98a96d12de6fe034a2fafd66802c587a602b1d65
com.liferay.commerce	com.liferay.commerce.data.integration.web	2.0.37	2.0.37-jspc	2ff93d9e80a2aba6add68ab436755b303fb940ab
com.liferay.commerce	com.liferay.commerce.data.integration.web	2.0.37	2.0.37-sources-commercial	a18693d3790eb20dda86581c0659fb1b97af24fe
com.liferay.commerce	com.liferay.commerce.data.integration.web	2.0.38	-	988ad8187a847c36d90e03d4067a178c0e090bd1
com.liferay.commerce	com.liferay.commerce.data.integration.web	2.0.38	2.0.38-jspc	28a891f19d9d9a62cffefd9b987a961552cc71a8
com.liferay.commerce	com.liferay.commerce.data.integration.web	2.0.38	2.0.38-sources-commercial	343a250e9e4f70b68ec87d59de278c0d2ee094a2
com.liferay.commerce	com.liferay.commerce.data.integration.web	2.0.39	-	a3a12fbd8f7cf4b2134009cf7cff920fe5d2723f
com.liferay.commerce	com.liferay.commerce.data.integration.web	2.0.39	2.0.39-jspc	521a9e42ef8bec68f8d11cb1d47f857116c3d3f9
com.liferay.commerce	com.liferay.commerce.data.integration.web	2.0.39	2.0.39-sources-commercial	37dfda7ebdd446c598993e9ae7bc82812c3eb11d
com.liferay.commerce	com.liferay.commerce.data.integration.web	2.0.40	-	bd2630711f3c856341e374efbd358b11f989fb9e
com.liferay.commerce	com.liferay.commerce.data.integration.web	2.0.40	2.0.40-jspc	1cc78e54e952edeb47e15350b4cef38bd38fad1f
com.liferay.commerce	com.liferay.commerce.data.integration.web	2.0.40	2.0.40-sources-commercial	f97cbaafb53bbd2a8e2be6bc837cec4828556ec6
com.liferay.commerce	com.liferay.commerce.data.integration.web	2.0.41	-	8cd482119ce78b246215988671fca5f126b3e55c
com.liferay.commerce	com.liferay.commerce.data.integration.web	2.0.41	2.0.41-jspc	50d5b85f99fc22951dc90ab841e890908070d459
com.liferay.commerce	com.liferay.commerce.data.integration.web	2.0.41	2.0.41-sources-commercial	23159a6db4adb5ac4e5b57b39dca4e26f6c8721c
com.liferay.commerce	com.liferay.commerce.data.integration.web	2.0.42	-	abc88adbe4f0c82536d9ce8ff1d139ee4e4524bf
com.liferay.commerce	com.liferay.commerce.data.integration.web	2.0.42	2.0.42-jspc	81b06cf592a1c527a34eddb352e1cae0d1b4aff8
com.liferay.commerce	com.liferay.commerce.data.integration.web	2.0.43	-	7b64ce79a30aeefc1345ac14401cfa4fd8c764e5
com.liferay.commerce	com.liferay.commerce.data.integration.web	2.0.43	2.0.43-jspc	5562b854cc0246a871704b277d4b4047e79112a2
com.liferay.commerce	com.liferay.commerce.data.integration.web	2.0.44	-	7881320b663fe03989118aff88f4cbf3f3af10bc
com.liferay.commerce	com.liferay.commerce.data.integration.web	2.0.44	2.0.44-jspc	3d3f08d1819e3dc6f974e690dec0342ac9d97ac0
com.liferay.commerce	com.liferay.commerce.data.integration.web	2.0.45	-	09628392a2bc938718175e930805dcf339a4b314
com.liferay.commerce	com.liferay.commerce.data.integration.web	2.0.45	2.0.45-jspc	42dda48c75990b84702da38a1e2c18b38d974d0f
com.liferay.commerce	com.liferay.commerce.data.integration.web	2.0.46	-	089a1d9c8bbcf9449635ebfe1dba64cef95bec84
com.liferay.commerce	com.liferay.commerce.data.integration.web	2.0.46	2.0.46-jspc	99b809359f9f7e2e0078bb508117faba15a708e1
com.liferay.commerce	com.liferay.commerce.data.integration.web	3.0.1	-	8fa4cc5da24336ea49357421ab4ea999a1f97af7
com.liferay.commerce	com.liferay.commerce.data.integration.web	3.0.1	3.0.1-jspc	06dc08f6d0d0ccec6d761efbb445d636d79a94ff
com.liferay.commerce	com.liferay.commerce.data.integration.web	3.0.1	3.0.1-sources-commercial	36d2bb6ce7b7b2c3a94ccc0e2e8796a0fe704924
com.liferay.commerce	com.liferay.commerce.data.integration.web	3.0.10	-	d830f660557157c89fde39d4a638543b29ca3db6
com.liferay.commerce	com.liferay.commerce.data.integration.web	3.0.10	3.0.10-jspc	7126b45656774b9de44152e92f20c87e7df3589f
com.liferay.commerce	com.liferay.commerce.data.integration.web	3.0.10	3.0.10-sources-commercial	6c9be444c251be4c3e2041f893c4157b6ecbc5be
com.liferay.commerce	com.liferay.commerce.data.integration.web	3.0.11	-	3f9146ea289fca33ce139fe24c285810223374bb
com.liferay.commerce	com.liferay.commerce.data.integration.web	3.0.11	3.0.11-jspc	718b9249d4601efb4513f754454bb78f63a34f90
com.liferay.commerce	com.liferay.commerce.data.integration.web	3.0.11	3.0.11-sources-commercial	f8f901bc97a5ca6ae1aca7c1e0538bca48a56d3c
com.liferay.commerce	com.liferay.commerce.data.integration.web	3.0.12	-	fb99aa442b597d28c5082d0f928cf3edc379e7ea
com.liferay.commerce	com.liferay.commerce.data.integration.web	3.0.12	3.0.12-jspc	1604a206a640e49929bd68ac6c6832c51598bfa5
com.liferay.commerce	com.liferay.commerce.data.integration.web	3.0.12	3.0.12-sources-commercial	ccd30c63ca6ba2c39ffc02199208811cbc98c7b1
com.liferay.commerce	com.liferay.commerce.data.integration.web	3.0.13	-	528dcd626d94bd769254649f01c2c9b0d144e34c
com.liferay.commerce	com.liferay.commerce.data.integration.web	3.0.13	3.0.13-jspc	0651f62846c83807634aec150e058c9373f7e5cd
com.liferay.commerce	com.liferay.commerce.data.integration.web	3.0.13	3.0.13-sources-commercial	5325f3fa0e74e93016137b844eab8543b891c52e
com.liferay.commerce	com.liferay.commerce.data.integration.web	3.0.14	-	807430e1764b4e48680c1f971cb78a9b87ea7d9e
com.liferay.commerce	com.liferay.commerce.data.integration.web	3.0.14	3.0.14-jspc	b925cf976cb741c6331da07da85c03ba44b30066
com.liferay.commerce	com.liferay.commerce.data.integration.web	3.0.14	3.0.14-sources-commercial	07cc710b3d97b617f9c32610a0edf9cc235d27dc
com.liferay.commerce	com.liferay.commerce.data.integration.web	3.0.15	-	5f3e572e49e132f63c866dceba98d241035e6eeb
com.liferay.commerce	com.liferay.commerce.data.integration.web	3.0.15	3.0.15-jspc	9135a48d5e2121b026c6f6ae4d0585b6f846d10d
com.liferay.commerce	com.liferay.commerce.data.integration.web	3.0.15	3.0.15-sources-commercial	6851e9bd4047551c6ca62dccc208fad3798524cd
com.liferay.commerce	com.liferay.commerce.data.integration.web	3.0.16	-	041ce7f2197e7aff31eb246be4e16278ba2cd32b
com.liferay.commerce	com.liferay.commerce.data.integration.web	3.0.16	3.0.16-jspc	d25b3051fe5e967f70101fd2cf14073f710aaa00
com.liferay.commerce	com.liferay.commerce.data.integration.web	3.0.16	3.0.16-sources-commercial	bd875e4ebcacfb3b180ffe22ac433e8699a2322c
com.liferay.commerce	com.liferay.commerce.data.integration.web	3.0.17	-	2527a1591f45c5bf7ab2a5a79b260c3bc7550cbe
com.liferay.commerce	com.liferay.commerce.data.integration.web	3.0.17	3.0.17-jspc	ca3dc8bc587b3c9693c27e1d08ab8ed68cc2de62
com.liferay.commerce	com.liferay.commerce.data.integration.web	3.0.17	3.0.17-sources-commercial	10bc6d9fce71fd3297452572c6554945c2243a44
com.liferay.commerce	com.liferay.commerce.data.integration.web	3.0.18	-	aac18afd8a3e402e26facaa45056179d94ed61c5
com.liferay.commerce	com.liferay.commerce.data.integration.web	3.0.18	3.0.18-jspc	e9a3a4c13470b7e875f849e74d7d853e9c966891
com.liferay.commerce	com.liferay.commerce.data.integration.web	3.0.18	3.0.18-sources-commercial	1aca612a278d1fb7138602216bb99ed9d167b456
com.liferay.commerce	com.liferay.commerce.data.integration.web	3.0.19	-	6aeb455e71f765955e85e93b84692b77714e9ade
com.liferay.commerce	com.liferay.commerce.data.integration.web	3.0.19	3.0.19-jspc	6a3aa86c930f780d7b8b8d12a4fc6a018c4e2a54
com.liferay.commerce	com.liferay.commerce.data.integration.web	3.0.2	-	e2f5a819c2846e6fe1187f48766aa03a0c41ffa5
com.liferay.commerce	com.liferay.commerce.data.integration.web	3.0.2	3.0.2-jspc	f09abae700a40dfdc11fb1d63fd2cb47e2344738
com.liferay.commerce	com.liferay.commerce.data.integration.web	3.0.2	3.0.2-sources-commercial	e8aea6a2806d34f5e6e9ad92e92811fdf9d4963e
com.liferay.commerce	com.liferay.commerce.data.integration.web	3.0.20	-	baa224d193340705594341ab70545158dd2d8234
com.liferay.commerce	com.liferay.commerce.data.integration.web	3.0.20	3.0.20-jspc	378581335ea5d9ad70d23dd8f4aec2c97d5e007f
com.liferay.commerce	com.liferay.commerce.data.integration.web	3.0.21	-	2097e912ec977a98dde0e2b3c745b166e2ea61e4
com.liferay.commerce	com.liferay.commerce.data.integration.web	3.0.21	3.0.21-jspc	308bb9b209cfc74b23423a93693c4f30c6f7ba10
com.liferay.commerce	com.liferay.commerce.data.integration.web	3.0.22	-	ec4d1e96764070996ec92eb764602b47d3b72169
com.liferay.commerce	com.liferay.commerce.data.integration.web	3.0.22	3.0.22-jspc	c70a3fa852f71f8c2324b42a1f6fa226820fb012
com.liferay.commerce	com.liferay.commerce.data.integration.web	3.0.23	-	22bdf4a215366b4c8aefcfde398d52f82d180324
com.liferay.commerce	com.liferay.commerce.data.integration.web	3.0.23	3.0.23-jspc	d9767b22c4452eb3be9570a65bf4bd4e7b949908
com.liferay.commerce	com.liferay.commerce.data.integration.web	3.0.3	-	edd9faec04a5063bee029c15cb7f026a3eaf8138
com.liferay.commerce	com.liferay.commerce.data.integration.web	3.0.3	3.0.3-jspc	1c7688465a9d591cb9bb34b83dbb870b6b465d00
com.liferay.commerce	com.liferay.commerce.data.integration.web	3.0.3	3.0.3-sources-commercial	de80443c929dc0674d5c61eb2fd17b42421937ee
com.liferay.commerce	com.liferay.commerce.data.integration.web	3.0.4	-	d7d8f24c27c43c7de9598f19a3814add1a12d0f8
com.liferay.commerce	com.liferay.commerce.data.integration.web	3.0.4	3.0.4-jspc	e973e763372f8331d834fe9b8ba2429a9f84d5f5
com.liferay.commerce	com.liferay.commerce.data.integration.web	3.0.4	3.0.4-sources-commercial	226192b45916cd1638b77d58d14743f752b4bdcd
com.liferay.commerce	com.liferay.commerce.data.integration.web	3.0.5	-	fc580fb6a3d9c9b834f5fde444feae670d49e76e
com.liferay.commerce	com.liferay.commerce.data.integration.web	3.0.5	3.0.5-jspc	8aca7e2fbbba5715e5e0084ac75814251930d15a
com.liferay.commerce	com.liferay.commerce.data.integration.web	3.0.5	3.0.5-sources-commercial	19196577209927f8ace2bf852fc40002e087f021
com.liferay.commerce	com.liferay.commerce.data.integration.web	3.0.6	-	2bc47c0e32f1241667c482ada5d58455c4a1168a
com.liferay.commerce	com.liferay.commerce.data.integration.web	3.0.6	3.0.6-jspc	c67447a953c5f2c2342c116f68580b74d48f10e0
com.liferay.commerce	com.liferay.commerce.data.integration.web	3.0.6	3.0.6-sources-commercial	dfc682d19dbf6f957a455b9f80189e98514710d5
com.liferay.commerce	com.liferay.commerce.data.integration.web	3.0.7	-	397a0ad612c14259cd3fa8374fab7b4c4fc99748
com.liferay.commerce	com.liferay.commerce.data.integration.web	3.0.7	3.0.7-jspc	1999fd5b433e61e40f5346bca67528356afc3e4f
com.liferay.commerce	com.liferay.commerce.data.integration.web	3.0.7	3.0.7-sources-commercial	813d1ba78a4fb71d0033abac15870459ff5330df
com.liferay.commerce	com.liferay.commerce.data.integration.web	3.0.8	-	6754aed8499c0a56fe367dee5c5db216b60a033e
com.liferay.commerce	com.liferay.commerce.data.integration.web	3.0.8	3.0.8-jspc	556286eaa099a5b8ca12661b2e9c07be39ec16f4
com.liferay.commerce	com.liferay.commerce.data.integration.web	3.0.8	3.0.8-sources-commercial	53e3d55bf44ee295d56399c4bb8bf305feabffce
com.liferay.commerce	com.liferay.commerce.data.integration.web	3.0.9	-	81ef69ba53e9683a1c8a5c92e808e6547bbdc538
com.liferay.commerce	com.liferay.commerce.data.integration.web	3.0.9	3.0.9-jspc	7ce064678ce5b2cc3b29c95b044b6421c5e233dc
com.liferay.commerce	com.liferay.commerce.data.integration.web	3.0.9	3.0.9-sources-commercial	ee60c2a07563ff9eec9e73bb436d79e2922a8e98
com.liferay.commerce	com.liferay.commerce.data.integration.web	4.0.10	-	0fa8fe32a84da2bf363e3b33b45f0f28b87b28dd
com.liferay.commerce	com.liferay.commerce.data.integration.web	4.0.10	4.0.10-jspc	a2af9ef6ce0b48a30441e1f5381d64c277650348
com.liferay.commerce	com.liferay.commerce.data.integration.web	4.0.10	4.0.10-sources-commercial	66fbdb06d53f1f5c67cb9906db92b57d7f3ed8bf
com.liferay.commerce	com.liferay.commerce.data.integration.web	4.0.11	-	8dc78c6411d0d6c977adfc235e5b2e71da3f71e1
com.liferay.commerce	com.liferay.commerce.data.integration.web	4.0.11	4.0.11-jspc	d8e767e379ee92c2892b0f455b8b41ddb71f7e81
com.liferay.commerce	com.liferay.commerce.data.integration.web	4.0.11	4.0.11-sources-commercial	6f650b3873b4cb851e0387ef9bdd34c6a9081a46
com.liferay.commerce	com.liferay.commerce.data.integration.web	4.0.12	-	2d1b399d4564661d20227873c845c424680b02bb
com.liferay.commerce	com.liferay.commerce.data.integration.web	4.0.12	4.0.12-jspc	22bc17df94f383b140819cb608aada6c3f4c5dea
com.liferay.commerce	com.liferay.commerce.data.integration.web	4.0.12	4.0.12-sources-commercial	ce2cea5a983f9545cf77d9750ac66915145937d7
com.liferay.commerce	com.liferay.commerce.data.integration.web	4.0.13	-	ed7dcbb9529eb922eecdb0e3d384fd2f9648990b
com.liferay.commerce	com.liferay.commerce.data.integration.web	4.0.13	4.0.13-jspc	1cda6e540eb0750c3c7d75066a2a840d24dafe2b
com.liferay.commerce	com.liferay.commerce.data.integration.web	4.0.13	4.0.13-sources-commercial	2e7796e2096ad46c388969cc5e3236b834aa4f89
com.liferay.commerce	com.liferay.commerce.data.integration.web	4.0.14	-	aeba76df8a367addfd067b2a8df00c7617fc06df
com.liferay.commerce	com.liferay.commerce.data.integration.web	4.0.14	4.0.14-jspc	d05cfdcb95060dc793f8ff35bf1d9d55c24e0206
com.liferay.commerce	com.liferay.commerce.data.integration.web	4.0.14	4.0.14-sources-commercial	5b295b0c4da153dbddc28189d06eb614f1c62cbd
com.liferay.commerce	com.liferay.commerce.data.integration.web	4.0.15	-	5ef90698cfb3523c7ef4560733be6e07eb22468c
com.liferay.commerce	com.liferay.commerce.data.integration.web	4.0.15	4.0.15-jspc	a83ce66a3c92c94fdaab3144b30d895099cba6e9
com.liferay.commerce	com.liferay.commerce.data.integration.web	4.0.15	4.0.15-sources-commercial	c00cd3c92ec059507381aa3cb725f0a20c51d829
com.liferay.commerce	com.liferay.commerce.data.integration.web	4.0.16	-	4f4e1dddc6a7f8e0245de85c13c54cb37c1e8216
com.liferay.commerce	com.liferay.commerce.data.integration.web	4.0.16	4.0.16-jspc	3d849010de44aec0c57521d8d5a86826ebda2c34
com.liferay.commerce	com.liferay.commerce.data.integration.web	4.0.16	4.0.16-sources-commercial	4d9eddaa7528d61127b7525d1f91b713f28532af
com.liferay.commerce	com.liferay.commerce.data.integration.web	4.0.17	-	f464e40a57adb337ba988ded89bd57e501f323cf
com.liferay.commerce	com.liferay.commerce.data.integration.web	4.0.17	4.0.17-jspc	4b326db3f2dcd2b862c08ee7d5ccbad8a4a80107
com.liferay.commerce	com.liferay.commerce.data.integration.web	4.0.17	4.0.17-sources-commercial	8ce87a93f44d46776d35c32a3315f9fed7ba4f9e
com.liferay.commerce	com.liferay.commerce.data.integration.web	4.0.18	-	ba852409a169be725385c43c043c3c4d60766700
com.liferay.commerce	com.liferay.commerce.data.integration.web	4.0.18	4.0.18-jspc	327cd39c55ad1ca57b11a012146e62943d7667ff
com.liferay.commerce	com.liferay.commerce.data.integration.web	4.0.18	4.0.18-sources-commercial	7826afa75161b6036c543c80ddb14c9c5b0a4eb6
com.liferay.commerce	com.liferay.commerce.data.integration.web	4.0.19	-	9b40bd93236d5eb2443a291e8dd489c016e90c29
com.liferay.commerce	com.liferay.commerce.data.integration.web	4.0.19	4.0.19-jspc	ef7189f084ef37c01f33fb67f3b79b034c07ebfd
com.liferay.commerce	com.liferay.commerce.data.integration.web	4.0.19	4.0.19-sources-commercial	daf9c417f397e0f2dd84e825070b82e07fe62f71
com.liferay.commerce	com.liferay.commerce.data.integration.web	4.0.20	-	ce294f1b29d0ad1d0c714d41b10b1a09fb344979
com.liferay.commerce	com.liferay.commerce.data.integration.web	4.0.20	4.0.20-jspc	781627062750653f8681b6ee221ea2d74399b7fa
com.liferay.commerce	com.liferay.commerce.data.integration.web	4.0.20	4.0.20-sources-commercial	da9999fb31834ae1ca7c4602ed673734d2564f8e
com.liferay.commerce	com.liferay.commerce.data.integration.web	4.0.21	-	66e51fc885759205945abe1e443b678144270724
com.liferay.commerce	com.liferay.commerce.data.integration.web	4.0.21	4.0.21-jspc	fe672bca031f4cd5bb72263979756f543f746a52
com.liferay.commerce	com.liferay.commerce.data.integration.web	4.0.21	4.0.21-sources-commercial	7c68b1572ed8bcf3f65b860b36bea940bef22a6d
com.liferay.commerce	com.liferay.commerce.data.integration.web	4.0.22	-	6f3c46a391788f3cb30f71d5d3221c42ae2faad6
com.liferay.commerce	com.liferay.commerce.data.integration.web	4.0.22	4.0.22-jspc	f42444920c25da950c12e237fb8886e3b1d8726d
com.liferay.commerce	com.liferay.commerce.data.integration.web	4.0.22	4.0.22-sources-commercial	40f5d4129aca1b0aca197923224ffab47f9de71c
com.liferay.commerce	com.liferay.commerce.data.integration.web	4.0.23	-	ddbbb5764ae5c27e6a820a354253b8c9c2c9dd7b
com.liferay.commerce	com.liferay.commerce.data.integration.web	4.0.23	4.0.23-jspc	9ad8e2e55a840420aca47ccc37c8b4455a871528
com.liferay.commerce	com.liferay.commerce.data.integration.web	4.0.23	4.0.23-sources-commercial	f1e34f3e154c933763125e11e377a63b9dc82844
com.liferay.commerce	com.liferay.commerce.data.integration.web	4.0.24	-	03bfebb017bfea763589fe8cbdcc6daeb7496745
com.liferay.commerce	com.liferay.commerce.data.integration.web	4.0.24	4.0.24-jspc	6155c92b32fc558b31eab3d1d6f86a623cc587ce
com.liferay.commerce	com.liferay.commerce.data.integration.web	4.0.24	4.0.24-sources-commercial	713fa22be961e72d2c6f1f22da9726d6d8632766
com.liferay.commerce	com.liferay.commerce.data.integration.web	4.0.25	-	b5b63e60b4655eff0665822925fffa20eaaaeb7a
com.liferay.commerce	com.liferay.commerce.data.integration.web	4.0.25	4.0.25-jspc	2c9a9095b14e26f7ac4f40925960a5f80c32d9c6
com.liferay.commerce	com.liferay.commerce.data.integration.web	4.0.25	4.0.25-sources-commercial	243a7f7d1e8d6509a02feabd80b4a72bb509c8a3
com.liferay.commerce	com.liferay.commerce.data.integration.web	4.0.26	-	3e6466ad3eb1e10565bdaabf4547abc9406fe089
com.liferay.commerce	com.liferay.commerce.data.integration.web	4.0.26	4.0.26-jspc	c53d5d96cfcc1b59fc3fe74f3103edb3148ee468
com.liferay.commerce	com.liferay.commerce.data.integration.web	4.0.26	4.0.26-sources-commercial	2906444a67bb1b97017af0808172c59388639a28
com.liferay.commerce	com.liferay.commerce.data.integration.web	4.0.27	-	f04396c77d64279dbb6d6752f772ca9852dbd986
com.liferay.commerce	com.liferay.commerce.data.integration.web	4.0.27	4.0.27-jspc	6b13720ce256fe9fde4e7973eaf0eb1c77910ef5
com.liferay.commerce	com.liferay.commerce.data.integration.web	4.0.27	4.0.27-sources-commercial	cb3c0ac5e69a9c7b9b38e6b789c18e5fcb2739cd
com.liferay.commerce	com.liferay.commerce.data.integration.web	4.0.28	-	2b33f91ec9b0e07aa5fd1f37c832376ddff96c3e
com.liferay.commerce	com.liferay.commerce.data.integration.web	4.0.28	4.0.28-jspc	0fd21540e68f68b460aedbf481dc31b682f5d724
com.liferay.commerce	com.liferay.commerce.data.integration.web	4.0.28	4.0.28-sources-commercial	595999abc7210bd8a82949ae619c0d2e3779eaf5
com.liferay.commerce	com.liferay.commerce.data.integration.web	4.0.29	-	2ed7f248eaf79fb8067277656c1cac2279d0e1f4
com.liferay.commerce	com.liferay.commerce.data.integration.web	4.0.29	4.0.29-jspc	9f3788941fd14e67bfe0c240a03b2d94b0d20c97
com.liferay.commerce	com.liferay.commerce.data.integration.web	4.0.29	4.0.29-sources-commercial	912709b9c268f5162e264336cb20f4b8830de766
com.liferay.commerce	com.liferay.commerce.data.integration.web	4.0.30	-	cb7add5899e35bc196850ffddc7599ab7b5cdf51
com.liferay.commerce	com.liferay.commerce.data.integration.web	4.0.30	4.0.30-jspc	5d225043906eefb45066a19e310c695c3669f9ac
com.liferay.commerce	com.liferay.commerce.data.integration.web	4.0.30	4.0.30-sources-commercial	366f1ec0a49204ef6e48a1e0605ff0964e1f1450
com.liferay.commerce	com.liferay.commerce.data.integration.web	4.0.31	-	509c674f8fae0c00edee714251fab8bf75c6a608
com.liferay.commerce	com.liferay.commerce.data.integration.web	4.0.31	4.0.31-jspc	51fd23d17df4e3b98a510f046eb5cd4c7dc18e54
com.liferay.commerce	com.liferay.commerce.data.integration.web	4.0.31	4.0.31-sources-commercial	f0a615b6cbaf527108ff1d9cf6169ecaaa80eff0
com.liferay.commerce	com.liferay.commerce.data.integration.web	4.0.32	-	c1e0a834749011f98c2190897366f0a745feb2f5
com.liferay.commerce	com.liferay.commerce.data.integration.web	4.0.32	4.0.32-jspc	0ceaac2719b6bb07d1248a4f6b13763ae6a1644a
com.liferay.commerce	com.liferay.commerce.data.integration.web	4.0.32	4.0.32-sources-commercial	164f42e54908edda6205e9eda601e90606a4d2a2
com.liferay.commerce	com.liferay.commerce.data.integration.web	4.0.33	-	3a65d10402302dd1eea59d71200d92b01024b3d7
com.liferay.commerce	com.liferay.commerce.data.integration.web	4.0.33	4.0.33-jspc	8d66895349e02c3f2fa7a3db3a6fd1b8f23bf327
com.liferay.commerce	com.liferay.commerce.data.integration.web	4.0.33	4.0.33-sources-commercial	5967935622bf260e117cfe040bda4d9c6762caf5
com.liferay.commerce	com.liferay.commerce.data.integration.web	4.0.34	-	b4b1596c9605e6d012298dfc5eef1c85dc4b7e80
com.liferay.commerce	com.liferay.commerce.data.integration.web	4.0.34	4.0.34-jspc	59fd7adeb169df10de9f76f3f4dd38ca09a7ba02
com.liferay.commerce	com.liferay.commerce.data.integration.web	4.0.34	4.0.34-sources-commercial	ae9a7c13054a11b5cf82388d739b84302750c34a
com.liferay.commerce	com.liferay.commerce.data.integration.web	4.0.35	-	f373aa2304a7981c6a6fe63fb7b233226984db11
com.liferay.commerce	com.liferay.commerce.data.integration.web	4.0.35	4.0.35-jspc	c63981559d18e97971ab618888fdd47c83aa3d1f
com.liferay.commerce	com.liferay.commerce.data.integration.web	4.0.35	4.0.35-sources-commercial	b0c478fc4a4c9febd0e7741cb00f789eb27a7c00
com.liferay.commerce	com.liferay.commerce.data.integration.web	4.0.36	-	44ed83c22131315db9eb64bd1d09d8a1e4fc606e
com.liferay.commerce	com.liferay.commerce.data.integration.web	4.0.36	4.0.36-jspc	0087002663c51b01c485b295bf59292017e1a367
com.liferay.commerce	com.liferay.commerce.data.integration.web	4.0.36	4.0.36-sources-commercial	615fca8bfb9335cd962254f096fb4d8a86843168
com.liferay.commerce	com.liferay.commerce.data.integration.web	4.0.37	-	11f9c569a5d7f986f1488337606d2c5c8a8591d4
com.liferay.commerce	com.liferay.commerce.data.integration.web	4.0.37	4.0.37-jspc	ec68842199b497d1e9580eef7c997deb2e6deb01
com.liferay.commerce	com.liferay.commerce.data.integration.web	4.0.37	4.0.37-sources-commercial	b64d49757a11044bf54531bc149efb03903bd5a5
com.liferay.commerce	com.liferay.commerce.data.integration.web	4.0.38	-	9c587c9a3a6240a8ac13d2cfe4317facf0f9faf9
com.liferay.commerce	com.liferay.commerce.data.integration.web	4.0.38	4.0.38-jspc	66f84175f95bf483f3de6c488cf794815cf04c42
com.liferay.commerce	com.liferay.commerce.data.integration.web	4.0.39	-	daaf47d56eb368f37abaad516888f4088a268378
com.liferay.commerce	com.liferay.commerce.data.integration.web	4.0.39	4.0.39-jspc	3734a504aa66c4d1ced453e3540c70b0c5804430
com.liferay.commerce	com.liferay.commerce.data.integration.web	4.0.40	-	3b5c2d5448cd59234b725631795757e6d8518b2e
com.liferay.commerce	com.liferay.commerce.data.integration.web	4.0.40	4.0.40-jspc	681c7cfd6032d4aa58b63b1fae57e8f3f1028545
com.liferay.commerce	com.liferay.commerce.data.integration.web	4.0.41	-	a2b8220527934d730cbb1557f93f23b86de00586
com.liferay.commerce	com.liferay.commerce.data.integration.web	4.0.41	4.0.41-jspc	13470cf19deb1c01ee6491876684d78e8c5b650a
com.liferay.commerce	com.liferay.commerce.data.integration.web	4.0.42	-	756ef4e88eee7b08e42dbe7ab3204317926609eb
com.liferay.commerce	com.liferay.commerce.data.integration.web	4.0.42	4.0.42-jspc	77a95f6bc0bb8cd62ec8b14f4bfe300804f0e883
com.liferay.commerce	com.liferay.commerce.data.integration.web	4.0.43	-	769a4cfba0f1498116f9b96d5b7073f27f601ab8
com.liferay.commerce	com.liferay.commerce.data.integration.web	4.0.43	4.0.43-jspc	938b54ac53c540cd2039b83bb84ed2c043d3a550
com.liferay.commerce	com.liferay.commerce.data.integration.web	4.0.44	-	77fc0713b4627e2a598c36544890fe897fbbb62f
com.liferay.commerce	com.liferay.commerce.data.integration.web	4.0.44	4.0.44-jspc	9743df03b75be9e2a4ec6b5e901fd018e5c3a3c0
com.liferay.commerce	com.liferay.commerce.data.integration.web	4.0.45	-	3affb72799f5e3934f78915d90b51ac76b70f989
com.liferay.commerce	com.liferay.commerce.data.integration.web	4.0.45	4.0.45-jspc	b6b69728f7fd2061ae2fe4d7de952a55ca1185c3
com.liferay.commerce	com.liferay.commerce.data.integration.web	4.0.46	-	f658af160ad641e4ad8dbd0b90529a81542f1192
com.liferay.commerce	com.liferay.commerce.data.integration.web	4.0.46	4.0.46-jspc	a9bd436a93a3a34ebdc600c4794ecf2169f78f53
com.lihaoyi	castor_2.12	0.1.0	-	38638460ac56a5af814cfbf46ac4dda60bf44c35
com.lihaoyi	castor_2.12	0.1.1	-	84f71b95cf851c8a6138769446fea9cd75775f5e
com.lihaoyi	castor_2.12	0.1.2	-	768fb1b265bada9050a055bf43379a78e4a4dc9c
com.lihaoyi	castor_2.12	0.1.3	-	c01a1f2b7648b23ceb3b1e3d88264ed5b4a4fb6a
com.lihaoyi	castor_2.12	0.1.4	-	c5db9a38bde0ed2b10b6b7e658a72787fb0723e9
com.lihaoyi	castor_2.12	0.1.5	-	dd17b07ca7ccfcb19db96c633e5c61cbcb917351
com.lihaoyi	castor_2.12	0.1.7	-	b36a74ce6f069f8b48926b49e2b29b6041187f26
com.lihaoyi	castor_2.12	0.1.8	-	7f797fda1d3d6a2402ef2c54deecb1e793825a6f
com.lihaoyi	castor_2.12	0.2.0	-	a29e906c3a1bd25e85a61405ccd9e861c0aca917
com.lihaoyi	castor_2.12	0.2.1	-	0a6e6106247cf6f59f2072c684183ba3d0824abf
com.lihaoyi	castor_2.12	0.3.0	-	2f7968d2ff6dccde7274ba5ba12a67696828c4bd
com.lihaoyi	geny_native0.5_2.12	1.1.0	-	2a7df6cd343d18aaa142d92388848e16b844b892
com.lihaoyi	geny_native0.5_2.12	1.1.1	-	249acc7a88c1a7171f310c2383c99ba8f6585a1b
com.linked-planet	kotlin-http-client-ktor	0.2.0	-	c0c0b792dc2ec029bfd215f887a85b70f7a5efe9
com.linked-planet	kotlin-http-client-ktor	0.3.0	-	66c459ad10ac84f970d28a287c1ea76785b72520
com.linked-planet	kotlin-http-client-ktor	0.3.1	-	1ff833ff5b261223dee5c37dd2a89a3c94fb1ea5
com.linked-planet	kotlin-http-client-ktor	0.4.0	-	335de68b2ab74c3461f9a74a4f7bcbb54d3d139a
com.linked-planet	kotlin-http-client-ktor	0.5.0	-	04a74285a097a8dacc921d873c2d6b877feca8fc
com.linked-planet	kotlin-http-client-ktor	0.5.1	-	7a3e8a4786d740bed3db50fdde063a7bfad205a7
com.linked-planet	kotlin-http-client-ktor	0.5.2	-	46e42bf2cc0768b9308005ccd2bdb74c4900dcd5
com.linkedin.calcite	calcite-geode	1.21.0.138	-	e6265f3955c191fc53f4c17c4484285abc084b16
com.linkedin.calcite	calcite-geode	1.21.0.140	-	08d28658e4f89ad6e75c015b0f2f97fdfe2da2fd
com.linkedin.calcite	calcite-geode	1.21.0.144	-	9eec90c3cb3a3405dada41a1f6a725c106d20fbd
com.linkedin.calcite	calcite-geode	1.21.0.146	-	93a6e7cbec67a7bcfc54c7acdb18e1b392acd207
com.linkedin.calcite	calcite-geode	1.21.0.148	-	767e505558d79fad6d148c65560d1016d6771616
com.linkedin.calcite	calcite-geode	1.21.0.149	-	1af607f5ec11ad7ebeb5e4f290e6dd553854b196
com.linkedin.calcite	calcite-geode	1.21.0.150	-	093721e5a7745016ce13272c1e7a92e2b190ec15
com.linkedin.calcite	calcite-geode	1.21.0.151	-	eaa4853e5fde74f6b6d75240a7e1edff442d36b6
com.linkedin.calcite	calcite-geode	1.21.0.152	-	2f71d63dee05c56177936b27e2236ee9b48a5805
com.linkedin.calcite	calcite-geode	1.21.0.153	-	44cddb8afa888b1070ee30209a1cd069b1834ffd
com.linkedin.calcite	calcite-geode	1.21.0.160	-	69a3dfa3c264aba8a30a58ab2be50f19562c4db6
com.linkedin.calcite	calcite-geode	1.21.0.259	-	2a4fafe24b95f36ccb5a14d7b886aacc7f5809d6
com.linkedin.calcite	calcite-geode	1.21.0.260	-	956d1f4c82bf1ace64790cffd37238f804c90803
com.linkedin.calcite	calcite-geode	1.21.0.262	-	151c2158c078bfc69eb441af1f17f43fbd9ea161
com.linkedin.calcite	calcite-geode	1.21.0.263	-	bce768a58fcb92e719efa883bf1e8a3f25705a6e
com.linkedin.calcite	calcite-geode	1.21.0.265	-	ea1225ac869985831fe65b7775057420a7d65b72
com.linkedin.calcite	calcite-plus	1.21.0.138	-	0c83912be536d7a4d24919b80346e4ee44976684
com.linkedin.calcite	calcite-plus	1.21.0.140	-	0888aae24046fa68d082c656eaf87f5a7fb485da
com.linkedin.calcite	calcite-plus	1.21.0.144	-	e815f02f386a451ac1d718a98cfd782478cf2171
com.linkedin.calcite	calcite-plus	1.21.0.146	-	a2c2c4b1fb8d8c6001970588208881cc0ac0f1cd
com.linkedin.calcite	calcite-plus	1.21.0.148	-	ecf1c5a8d44d5c1f1e0f95938f96072d8cc56b35
com.linkedin.calcite	calcite-plus	1.21.0.149	-	0d080d7ea9deff0ac0cfbc0b3b0b3e297b4279bc
com.linkedin.calcite	calcite-plus	1.21.0.150	-	dd6822813f8df7ecf9f1ba47c9f6789464caa73d
com.linkedin.calcite	calcite-plus	1.21.0.151	-	b1b7d15776a722288bc91a63a4cdc8c623229cda
com.linkedin.calcite	calcite-plus	1.21.0.152	-	e3191229c7dca5cdcfef0c16772e76f9e5f561fa
com.linkedin.calcite	calcite-plus	1.21.0.153	-	e9b7d9d6b5a250d709c764db032ab5572908b0d7
com.linkedin.calcite	calcite-plus	1.21.0.160	-	42c7cec7b5528248323eaedd836884672c309527
com.linkedin.calcite	calcite-plus	1.21.0.259	-	5a097a96aafbc253f0fde16f5eee57ce5cf242e4
com.linkedin.calcite	calcite-plus	1.21.0.260	-	b771ddb1a1c28be59911493f887acfcf87529dd0
com.linkedin.calcite	calcite-plus	1.21.0.262	-	e0cd11620fe277b0d1663129e7b13dcec4c0b8f2
com.linkedin.calcite	calcite-plus	1.21.0.263	-	cc6984094321ce458719613336a9d407fac7cc62
com.linkedin.calcite	calcite-plus	1.21.0.265	-	e340cf375229cf99b1641ddc32b32f863e80e0b5
com.loopfor.zookeeper	zookeeper-client_2.10	1.1	-	a2c8dc0c1837d7451f62534268a16c28b468bade
com.loopfor.zookeeper	zookeeper-client_2.10	1.2	-	712e5957c33a0dd514b799d966a52edb646a692c
com.loopfor.zookeeper	zookeeper-client_2.10	1.2.1	-	46e55ec25b3784623aedd64435b6a8b2981fa555
com.meedoc	scalatra-metrics_2.11	2.4.1	-	ca81869c7a1e445cc13d69f88db60267fe4b5b68
com.microsoft.azure	azure-toolkit-database-lib	0.11.0	-	15641fc5ad699f731ec176c9188b843f06c7b5c5
com.microsoft.azure	azure-toolkit-database-lib	0.12.0	-	bb1e5228eaeaa66a8e8cca242f891123ff5bd322
com.microsoft.azure	azure-toolkit-database-lib	0.12.1	-	dfdad0fbd7e59d1a442bad7e051b66f0ca5f893b
com.microsoft.azure	azure-toolkit-database-lib	0.12.2	-	48c7a1266dbd77156e2e72fb3f04187469bb316a
com.microsoft.azure	azure-toolkit-database-lib	0.12.3	-	4520fd08da0a47fc5ab236ff5e3c7155c2a1a286
com.microsoft.azure	azure-toolkit-database-lib	0.13.0	-	346fc8b295382c47cf6fc30d9f937d5b4f1d7340
com.microsoft.azure	azure-toolkit-database-lib	0.14.0	-	e0ec98f52ede02c63f6d2d22e8ef4597a5f2bc08
com.microsoft.azure	azure-toolkit-database-lib	0.15.0	-	126c0ea64aed4d8bc2a40f1fe92e96ca68aad493
com.microsoft.azure	azure-toolkit-database-lib	0.16.0	-	a48caad2c84b46b27d72c52c57c99b19966fbd7a
com.microsoft.azure	azure-toolkit-database-lib	0.17.0	-	52120b296d10df46ac54c63b19ea921cea463b27
com.microsoft.azure	azure-toolkit-database-lib	0.17.1	-	b3c18fbcf53d383a70ff90869795b249f7cb9a7a
com.microsoft.azure	azure-toolkit-database-lib	0.18.0	-	89c12126d32bb9942e423ed52e2bb221cbb27df0
com.microsoft.azure	azure-toolkit-database-lib	0.19.0	-	639dd007dd8b59ac4d9eb2b7b5e8d84889406cb2
com.microsoft.azure	azure-toolkit-database-lib	0.19.1	-	d63cffb690bbba2b5905e5e6f3cb387fbabd517e
com.microsoft.azure	azure-toolkit-database-lib	0.19.2	-	2db925f9c881252753194a86cfb878b01188e7ea
com.microsoft.azure	azure-toolkit-database-lib	0.20.0	-	54777ada1691ce5aa27bd4396147698c7f4db677
com.microsoft.azure	azure-toolkit-database-lib	0.21.0	-	b968a668bb707f0d09f2e40cadf206e3ec138e97
com.microsoft.azure	azure-toolkit-database-lib	0.21.1	-	7c383c0da79e60cf0ad04962e3cb89e0fbcdc77f
com.microsoft.azure	azure-toolkit-database-lib	0.22.0	-	a90c50d7ef00d9efcd3910b408c83e831231184a
com.microsoft.azure	azure-toolkit-database-lib	0.22.0.JAVA17	-	a9a49b2a06866790be75cde8b5767717e2b36282
com.microsoft.azure	azure-toolkit-database-lib	0.22.1	-	27ce07580bc85dac32fb15f7bcefedd7a46a6a66
com.microsoft.azure	azure-toolkit-database-lib	0.22.2	-	9cbbaa719ff891db496b8074631bec1eba97a5e9
com.microsoft.azure	azure-toolkit-database-lib	0.23.0	-	ff068f485274c2cc28907f5bea61be03e6bafae3
com.microsoft.azure	azure-toolkit-database-lib	0.24.0	-	031dc9ab5a264abf2c27f93025c8ad477f4bd8d0
com.microsoft.azure	azure-toolkit-database-lib	0.24.1	-	1b1d08514aa43f49c6f246a82e9f263b6bd18859
com.microsoft.azure	azure-toolkit-database-lib	0.25.0	-	011802fc8625461ba6ba800ac9d360af46dad678
com.microsoft.azure	azure-toolkit-database-lib	0.26.0	-	8f0ce87bee353854f3469808cf9bfcd5e6d812b9
com.microsoft.azure	azure-toolkit-database-lib	0.26.1	-	1341e37a19ae74a10e273f8b0a085fcb122fff85
com.microsoft.azure	azure-toolkit-database-lib	0.27.0	-	61628ecc74fa2adeac58af4303f0d73d244e6716
com.microsoft.azure	azure-toolkit-database-lib	0.28.0	-	1e13ecc9881324ef19d562dca5d0fcc5f1830399
com.microsoft.azure	azure-toolkit-database-lib	0.29.0	-	fe268ea0a653ae783dc20adf082f6eb6590ecbc6
com.microsoft.azure	azure-toolkit-database-lib	0.30.0	-	9257f6de6c5eb06b90b3b1ee48b6db7b71e83046
com.microsoft.azure	azure-toolkit-database-lib	0.31.0	-	905aa202738d18bf03dfbd81b76cc3deff7873e7
com.microsoft.azure	azure-toolkit-database-lib	0.32.0	-	98fcc313e70bd2841b428b0a40bd2a0369a8f388
com.microsoft.azure	azure-toolkit-database-lib	0.33.0	-	6dabb25e380373e64a7e51148c5ff31ab7cc381d
com.microsoft.azure	azure-toolkit-database-lib	0.33.1	-	0088349b279a2a18e4ff7ead5a24e6f30907dc3c
com.microsoft.azure	azure-toolkit-database-lib	0.34.0	-	5da765549ce084e49b4f119860e9bdb3ec0af72d
com.microsoft.azure	azure-toolkit-database-lib	0.34.1	-	f161d98a468078c4175332a6072fb6c94b759c93
com.microsoft.azure	azure-toolkit-database-lib	0.35.0	-	e15ea83325900176fded8903737954c6b862d1bb
com.microsoft.azure	azure-toolkit-database-lib	0.35.1	-	a5aa4a85f5eb92dc68c6b045a3ec65cf5a64151d
com.microsoft.azure	azure-toolkit-database-lib	0.36.0	-	bfb917121928390f5c3bafe6e9313e0351150b6c
com.microsoft.azure	azure-toolkit-database-lib	0.36.1	-	8cc20da2ec13aeba7e605adfa775789646666a20
com.microsoft.azure	azure-toolkit-database-lib	0.37.0	-	47da12ab6407db7c033e3f46ec2852a036889071
com.microsoft.azure	azure-toolkit-database-lib	0.38.0	-	672cae7e123dda29ba16286351e8d17bf9bf6bf9
com.microsoft.azure	azure-toolkit-database-lib	0.39.0	-	eac04d3ded805333fee112428d18f6746a0173ea
com.microsoft.azure	azure-toolkit-database-lib	0.39.1	-	a63fc37c1ad2000ea10f96225b4ddef03f970343
com.microsoft.azure	azure-toolkit-database-lib	0.39.2	-	a032df041c0cedf8cbe2238bde6ced477c7285da
com.microsoft.azure	azure-toolkit-database-lib	0.40.0	-	a117d28cf84e909bf598e498e2a44bebdb0e1263
com.microsoft.azure	azure-toolkit-database-lib	0.41.0	-	fcf15847665a4a3bf7a976000d09f9ba84126ba7
com.microsoft.azure	azure-toolkit-database-lib	0.42.0	-	f5ee6fc45b604cb9626896d3ee41ead539e32a76
com.microsoft.azure	azure-toolkit-database-lib	0.42.1	-	104242021b0385566f8a994a6e7e8048475a08aa
com.microsoft.azure	azure-toolkit-database-lib	0.43.0	-	10d732134d38caac803d8fa76e860a06dc075537
com.microsoft.azure	azure-toolkit-database-lib	0.43.1	-	4940a0ddfddc2e44157adddcc3ec7857bd931227
com.microsoft.azure	azure-toolkit-database-lib	0.44.0	-	2c6c386206069da15a7534ab82de648f379b041a
com.microsoft.azure	azure-toolkit-database-lib	0.44.1	-	19f8757918aa5073001fe8723889a1b506005793
com.microsoft.azure	azure-toolkit-database-lib	0.44.2	-	e49e9256630fa17253f4c0c019f0faf12ba54b81
com.microsoft.azure	azure-toolkit-database-lib	0.45.0	-	fbe5682e8499b0625fbdf33d07c505ce6439ad61
com.microsoft.azure	azure-toolkit-database-lib	0.46.0	-	f54c93ff96152730ceec0d8481decf7a97116884
com.microsoft.azure	azure-toolkit-database-lib	0.47.0	-	c8b5a5979261eafdfdc5bc448a67055a545c1c8b
com.microsoft.azure	azure-toolkit-database-lib	0.48.0	-	8bce1574e78c37d0ef1c443ccb25d4413f96eb77
com.microsoft.azure	azure-toolkit-database-lib	0.49.0	-	5d6b83eda545c86a793c4bd6b1c7f30192f43a3e
com.microsoft.azure	azure-toolkit-database-lib	0.50.0	-	17639a95105281e225592bc2c599415efa425686
com.microsoft.azure	azure-toolkit-database-lib	0.51.0	-	2e593ebeaff7e2f575b82d0e58fd61e3316ad235
com.microsoft.azure	azure-toolkit-database-lib	0.52.0	-	2d5bd50b022ed6ac25b9c5637832c68304e4d011
com.microsoft.azure	azure-toolkit-database-lib	0.52.1	-	51f4b1a4e4958c78353548c4b3d63d6b94dee4c4
com.microsoft.azure	azure-toolkit-database-lib	0.52.2	-	cad595cb5b10a9d738f18a8e1db490cd529a6dda
com.microsoft.azure.containerregistry.v2017_03_01	azure-mgmt-containerregistry	1.0.0-beta	-	05220e230ad14a9de2cc4adce884c4903dddf8f1
com.mygraphql.graphub	graphub-lib	0.0.1	-	adb3e7a101fcdc6cc888f06b0f146164cb172f6b
com.neko233	skilltree-i18n	0.0.1	-	57c031ea59bacc914ee183f4ec3b8964074fc06e
com.neko233	skilltree-i18n	0.0.2	-	3dd14ae47955523d3a5877a4be680eee0c03209f
com.neko233	skilltree-i18n	0.0.3	-	e79d1a749bc6423a95217e193b60dda03438f3b4
com.neko233	skilltree-i18n	0.0.4	-	740244d8bd5f3e080812c15cdd20e32f9405e334
com.neko233	skilltree-i18n	0.0.5	-	87209ce5e95037645b4ce3e25b4a304723abf520
com.neko233	skilltree-i18n	0.0.6	-	014feff7fb25e7d431d72474b34c3f78c3ee994a
com.neko233	skilltree-i18n	0.0.7	-	4a4fa48dc0fa7c4a6257ef63995b8bcbefef2261
com.neko233	skilltree-i18n	0.0.8	-	bcac3191b83900d99cc16849a5eb5f5844fd9344
com.neko233	skilltree-i18n	0.0.9	-	1e65c97970a76cf34d200b87436877200fccc0af
com.neko233	skilltree-i18n	0.1.0	-	d41471a3e87e9a5966672b138d3236401d14ca97
com.neko233	skilltree-i18n	0.1.1	-	0e7dc2a82bb63cab9c650dd2f754d43da32ca392
com.netflix.iep	iep-leader-dynamodb	2.6.10	-	206d4016ea89cb1b2fa50fe4cfffd8741663b2b9
com.netflix.iep	iep-leader-dynamodb	2.6.11	-	3c6cd29c76cc70850583ae010c5e8b9198402c94
com.netflix.iep	iep-leader-dynamodb	2.6.12	-	3b665f3e10285071bffe1463355adf5bf78edc97
com.netflix.iep	iep-leader-dynamodb	2.6.13	-	6d95b56275837e284e2efb2115496a2bcb1066da
com.netflix.iep	iep-leader-dynamodb	2.6.7	-	52c9b833ffb66007c12cbfdb91833293af006c22
com.netflix.iep	iep-leader-dynamodb	2.6.8	-	5489e22a383f2de9786b4354589dd31563c29d8d
com.netflix.iep	iep-leader-dynamodb	2.6.9	-	42dac59536c22c5e0a41db6db0062f2c50796e49
com.netflix.iep	iep-leader-dynamodb	3.0.0	-	487a434472e65608e600d6e6ae83a65290a3c5b7
com.netflix.iep	iep-leader-dynamodb	3.0.1	-	6bffa9354db67e276848456c2fb22ce775792e1c
com.netflix.iep	iep-leader-dynamodb	3.0.10	-	27bfe8d09efa26c5569e3f5cf2ed878e6829fa24
com.netflix.iep	iep-leader-dynamodb	3.0.11	-	da419ca70ebedac6faae2c5ed2cf58c04be88f7b
com.netflix.iep	iep-leader-dynamodb	3.0.12	-	5f979787f0ef9e8585bf39bf95780899a26f18dd
com.netflix.iep	iep-leader-dynamodb	3.0.13	-	8d86b2bf48964347bd49f25bd5e584fb4f6d95b0
com.netflix.iep	iep-leader-dynamodb	3.0.14	-	e23aa8e78268207aa0ee739d0072036055701708
com.netflix.iep	iep-leader-dynamodb	3.0.15	-	935e5bdf4885c1f9998054b44b7054201ac273b2
com.netflix.iep	iep-leader-dynamodb	3.0.16	-	077fff30a7aab8418e6f192af71fe7ff8509c0b1
com.netflix.iep	iep-leader-dynamodb	3.0.17	-	c41064773379b1ed1c3fb63dcd199f96a5421ac3
com.netflix.iep	iep-leader-dynamodb	3.0.18	-	03872ec1c807a08953bc885db28658a56a9aa45c
com.netflix.iep	iep-leader-dynamodb	3.0.19	-	e201b0cc87666332cf1613884e14a73f89896201
com.netflix.iep	iep-leader-dynamodb	3.0.2	-	d20d39356c25d09c611c5e70a878126fd5d2e2d2
com.netflix.iep	iep-leader-dynamodb	3.0.20	-	74fa2cb8fb6c780d3a987f2be21ae24b20314699
com.netflix.iep	iep-leader-dynamodb	3.0.21	-	0a19dfbda1ae0f963b1baac19eaab49f006b7075
com.netflix.iep	iep-leader-dynamodb	3.0.3	-	178a508e575d14fb2801501bbf209a724e4dbb88
com.netflix.iep	iep-leader-dynamodb	3.0.4	-	9f1f2d980d30f2858c35c56c468815d2de8c060e
com.netflix.iep	iep-leader-dynamodb	3.0.5	-	beec7eb21747b07abc2f6fa6fca9567931ac9841
com.netflix.iep	iep-leader-dynamodb	3.0.6	-	0e4ba43f75c91554b73794869630a4c73a7ea305
com.netflix.iep	iep-leader-dynamodb	3.0.7	-	7caa19fd3afd416fde0de2a6340ab51a26b28464
com.netflix.iep	iep-leader-dynamodb	3.0.8	-	a1c917d413ee77ef27149776121df320b88c0708
com.netflix.iep	iep-leader-dynamodb	3.0.9	-	9de381dc9705303d082791395c30a7d8af449202
com.nike.backstopper	backstopper-custom-validators	0.10.0	-	1bea133952888f09da640e5cc192cf61471bc3df
com.nike.backstopper	backstopper-custom-validators	0.11.0	-	5c72a5488e1ef2a87f82a19b8c04e6601de12ee6
com.nike.backstopper	backstopper-custom-validators	0.11.1	-	9d42cba0881abaee00ef42f6b1cc3dfc12e2b5e4
com.nike.backstopper	backstopper-custom-validators	0.11.2	-	9d7bd93a37326d02145c4e329143cb6b2cf6de68
com.nike.backstopper	backstopper-custom-validators	0.11.3	-	65b63bf324393bb89f28bdee5cf9b10771739bb1
com.nike.backstopper	backstopper-custom-validators	0.11.4	-	c4d825a9deee86b7e1be4ca4fbdeaa071a00baf4
com.nike.backstopper	backstopper-custom-validators	0.11.5	-	8d828c9ffd0e5170a252835090ec9a623eb67c7f
com.nike.backstopper	backstopper-custom-validators	0.12.0	-	f8279b6339694f79b49e811e0731d8d7c0a93e6c
com.nike.backstopper	backstopper-custom-validators	0.13.0	-	f7e444777205752a15d0413be9c43341ad22eba5
com.nike.backstopper	backstopper-custom-validators	0.14.0	-	e5feea1314c7eb86c56f05f474d2845117d72090
com.nike.backstopper	backstopper-custom-validators	0.14.1	-	9428909f74e8d3d9f15de74e256f6035b8e522f4
com.nike.backstopper	backstopper-custom-validators	0.15.0	-	b50b18a89c97b142a2297202ac559517cd5e56d2
com.nike.backstopper	backstopper-custom-validators	0.15.1	-	cdd4e8a825f505f56219135b85031048d949cd78
com.nike.backstopper	backstopper-custom-validators	0.9.0.1	-	cdd545b378996fa6b4284d31a03fdc7c28e48f7e
com.nike.backstopper	backstopper-custom-validators	0.9.1	-	2a6407ac92c47dff95158c9b8b2285c426885d7a
com.nike.backstopper	backstopper-custom-validators	0.9.1.1	-	1b60c4eb757b322fdbdc2c53f81f5c06b14827aa
com.nike.backstopper	backstopper-custom-validators	0.9.2	-	eadc69855574beb7d49fd20e3da1fc54ab20479e
com.nike.backstopper	backstopper-custom-validators	1.15.2	-	66f3a0867b1b4489f694fb31411965da5b26c7c1
com.nike.backstopper	backstopper-custom-validators	2.0.0	-	8396a5ca327eb85593e217888f12acf6e17d1549
com.nike.backstopper	backstopper-custom-validators	2.0.1	-	fa2b2ff4111d30c2c21c98ae8c49e5d9a83509c0
com.nowellpoint	nowellpoint-sdk-oauth	1.6.0	-	7201b473752144a568bc3958f4db3e60cc8bad1f
com.opencastsoftware	pgtap-java	0.1.0	-	ccf74e1996200b0ab185a6fddabc5a33caf7bb01
com.oracle.oci.sdk	oci-java-sdk-waas	1.10.0	-	bedfd302c352b40e3a7aa9a7ebee73f95c24e398
com.oracle.oci.sdk	oci-java-sdk-waas	1.11.0	-	ed02bfa5db2af4cc43b0280c67b6b78b7262e4af
com.oracle.oci.sdk	oci-java-sdk-waas	1.12.1	-	d08f9e7cec21649b4be27728c8955c303af8aa62
com.oracle.oci.sdk	oci-java-sdk-waas	1.12.2	-	ec0644256fa76e2c3311125748a37c97850d7608
com.oracle.oci.sdk	oci-java-sdk-waas	1.12.3	-	0d9b7a308fb43d1c4fb2210cea1494df8a04cf5b
com.oracle.oci.sdk	oci-java-sdk-waas	1.12.4	-	8b65f35edd1bb8e1d10671489d660506671e6467
com.oracle.oci.sdk	oci-java-sdk-waas	1.12.5	-	c7ee264ef397cb4ac63dc6ec555ffd186dac6469
com.oracle.oci.sdk	oci-java-sdk-waas	1.12.6	-	4510d4d02a2aca34e3052ac07f2447c91dad5b89
com.oracle.oci.sdk	oci-java-sdk-waas	1.13.0	-	7e43b9d4faff5e69754886b1c9eaa168d8cadb38
com.oracle.oci.sdk	oci-java-sdk-waas	1.13.1	-	7d5fbec2b94363fbd6af46f20a155f1da0b7fc6c
com.oracle.oci.sdk	oci-java-sdk-waas	1.13.2	-	20f05d969ea8006a9b99f23716951fac582eb7a6
com.oracle.oci.sdk	oci-java-sdk-waas	1.14.0	-	fc71c419e06608fa48ad89cef082014b5bce77d0
com.oracle.oci.sdk	oci-java-sdk-waas	1.14.0.1	-	c0f8609a8c2c9d4f6702e7eb061237417e2af82d
com.oracle.oci.sdk	oci-java-sdk-waas	1.15.1	-	b840d4ca4b6d3a4eba17d7c4bd3b0c251d051082
com.oracle.oci.sdk	oci-java-sdk-waas	1.15.2	-	3efd9571eff89491b8b826c7a62ec65906889a66
com.oracle.oci.sdk	oci-java-sdk-waas	1.15.3	-	e938e46a70325e30d4d7fda999d546904fb8b78c
com.oracle.oci.sdk	oci-java-sdk-waas	1.15.4	-	a685802a08bb2aaa6ac5613be12ebe6670146faf
com.oracle.oci.sdk	oci-java-sdk-waas	1.15.5	-	1b1201e05a9261e169e0fb3ec7caee7037c62d27
com.oracle.oci.sdk	oci-java-sdk-waas	1.16.0	-	e821e8d7a03b48eb8cdf94ca473a9a0b50aa4629
com.oracle.oci.sdk	oci-java-sdk-waas	1.17.0	-	bf0c4fbd97244b5f052aefea0381c60e02cc7374
com.oracle.oci.sdk	oci-java-sdk-waas	1.17.1	-	f01a691f8c0475299023f5dc2d45bb176104591e
com.oracle.oci.sdk	oci-java-sdk-waas	1.17.3	-	ebf06b4d76ab8b3f76a77ad276d1e86b762debb3
com.oracle.oci.sdk	oci-java-sdk-waas	1.17.4	-	24a55b89fa1e88b651142ff5a2e9921cc7f099b1
com.oracle.oci.sdk	oci-java-sdk-waas	1.17.5	-	958c63624cb5f257847e8fd0bab8029b315f65c9
com.oracle.oci.sdk	oci-java-sdk-waas	1.18.0	-	c4c4c59f552d931c45d423dfb306fd78288d3a5f
com.oracle.oci.sdk	oci-java-sdk-waas	1.18.1	-	9d0ba51c8afceac9f76aac3aa58cff392317faa4
com.oracle.oci.sdk	oci-java-sdk-waas	1.19.0	-	507290d8781a08b9b1c47bea6fdb1fd99b3562d5
com.oracle.oci.sdk	oci-java-sdk-waas	1.19.1	-	3ab0f8ab7b90873963acbbd627483ab3c1b7fe3b
com.oracle.oci.sdk	oci-java-sdk-waas	1.19.3	-	c3c0f10b9ddb0dd1ee47356b8ccce658328fbc89
com.oracle.oci.sdk	oci-java-sdk-waas	1.19.4	-	3f5f943a77e6e20fe74f8abd3a6f353c30df7692
com.oracle.oci.sdk	oci-java-sdk-waas	1.20.0	-	30d382c928781d851391d5123da21705f11c7c4f
com.oracle.oci.sdk	oci-java-sdk-waas	1.22.0	-	7955e85977631f8dda9d965eeb13a53ad0909dad
com.oracle.oci.sdk	oci-java-sdk-waas	1.22.1	-	946c2fb2f0d9237e746d5145d8cc42f9b7637049
com.oracle.oci.sdk	oci-java-sdk-waas	1.23.1	-	290e18c06fc810102099238249483dab9bb7d528
com.oracle.oci.sdk	oci-java-sdk-waas	1.23.2	-	9d660afed31c6abe77cbe9def4f34fd39dedd01c
com.oracle.oci.sdk	oci-java-sdk-waas	1.23.3	-	ee9d9c4206b1011c3d19c2bd9e688be0d997e5d1
com.oracle.oci.sdk	oci-java-sdk-waas	1.23.4	-	c32d66d2f1b83aab90afa40369fca8adaff37c4d
com.oracle.oci.sdk	oci-java-sdk-waas	1.24.0	-	bf9ca3252e1877ca8976fcf5ab74430d357fd7ed
com.oracle.oci.sdk	oci-java-sdk-waas	1.25.0	-	323588b8a26060a9ec070180f9fae9d158fcba32
com.oracle.oci.sdk	oci-java-sdk-waas	1.25.1	-	70bde490e905ef220777ab295f1e3f224707317b
com.oracle.oci.sdk	oci-java-sdk-waas	1.25.2	-	bfb4e312e96b0fd0486dcf527dc0d85c0a6acef6
com.oracle.oci.sdk	oci-java-sdk-waas	1.25.3	-	6b06d180d80cb84080c8681381afd4d5bbd50eaf
com.oracle.oci.sdk	oci-java-sdk-waas	1.25.4	-	63346b58dd637dcbfbe32e99033b5812dbb7ce80
com.oracle.oci.sdk	oci-java-sdk-waas	1.26.0	-	e1f73c2b9077ced7db804506a5e12b26aca37623
com.oracle.oci.sdk	oci-java-sdk-waas	1.27.0	-	b73b872431938a742f491ca5dd8a3c2901dc44a5
com.oracle.oci.sdk	oci-java-sdk-waas	1.27.1	-	7f259aa5d6e4e513d3692d6dc6c46867a991e48c
com.oracle.oci.sdk	oci-java-sdk-waas	1.28.0	-	fce9b2ed12ea8d026b81348e6898164b8a4467ce
com.oracle.oci.sdk	oci-java-sdk-waas	1.29.0	-	596d07cbf75862deffeec74d8c577f247d153124
com.oracle.oci.sdk	oci-java-sdk-waas	1.30.0	-	e78b344e99661f42817cbe54dbca6577181537ff
com.oracle.oci.sdk	oci-java-sdk-waas	1.31.0	-	6b37ed6ee115b5948daac76341e9e26d964bf0e4
com.oracle.oci.sdk	oci-java-sdk-waas	1.32.0	-	09420661f2282a4224ee08a9f33839bfa32a5c03
com.oracle.oci.sdk	oci-java-sdk-waas	1.32.1	-	908447c437c1f14268c1fb9858581a1a0f0f9141
com.oracle.oci.sdk	oci-java-sdk-waas	1.32.2	-	b2ee33f6cd8a6a0595b6da9c8d676703f143155d
com.oracle.oci.sdk	oci-java-sdk-waas	1.33.0	-	b7148202b9dc9c2dcb4753c23cee88d4af7710a9
com.oracle.oci.sdk	oci-java-sdk-waas	1.33.1	-	d1addebfa5b0dc005c90d186c8a3fd6f23841dea
com.oracle.oci.sdk	oci-java-sdk-waas	1.33.2	-	8eb33feac8e42d23477ba5fbcbe84226ff3d4dbe
com.oracle.oci.sdk	oci-java-sdk-waas	1.34.0	-	2bad2956445d7bd17c16069c26943104897623d0
com.oracle.oci.sdk	oci-java-sdk-waas	1.35.1	-	87ee254a174d6c6ce3c2f80681b7c111dbb3350b
com.oracle.oci.sdk	oci-java-sdk-waas	1.36.0	-	1fa33b5c825fc9fafb174d1c145da18d9b8cf1a8
com.oracle.oci.sdk	oci-java-sdk-waas	1.36.1	-	1979b13da09727351ccd91495b3d7ade85c53115
com.oracle.oci.sdk	oci-java-sdk-waas	1.36.2	-	9db94d2b787246c9accd02e0962bdb0390a72105
com.oracle.oci.sdk	oci-java-sdk-waas	1.36.3	-	f0d42ddf6b9c3f77b1e288eea4b4fec02961bee2
com.oracle.oci.sdk	oci-java-sdk-waas	1.36.4	-	b8e86bc0575e015bf9f50d6da4fb89db6526d43f
com.oracle.oci.sdk	oci-java-sdk-waas	1.36.5	-	6da247d0af46adef7e8a4c934cbd25b20fe1f3f3
com.oracle.oci.sdk	oci-java-sdk-waas	1.37.0	-	d995c132a65e1f529b3c482cc9635a150a3b3934
com.oracle.oci.sdk	oci-java-sdk-waas	1.37.1	-	93588b09667f5d3697fcd4eeb324d92c1809fc1f
com.oracle.oci.sdk	oci-java-sdk-waas	1.37.2	-	96f2a0836e932f0a8894183228fc0ec1fdef4f97
com.oracle.oci.sdk	oci-java-sdk-waas	1.5.10	-	470784512e49c3938c37e05e3eaca9486671c3fe
com.oracle.oci.sdk	oci-java-sdk-waas	1.5.11	-	4bd2bbd276e24ab8fbebfd515af81e78b70eb522
com.oracle.oci.sdk	oci-java-sdk-waas	1.5.12	-	d4ac90351472bd4e70e4d600e4e705369585af96
com.oracle.oci.sdk	oci-java-sdk-waas	1.5.13	-	aec6930418307368d6f10921e93e319b3a9869d9
com.oracle.oci.sdk	oci-java-sdk-waas	1.5.14	-	d810ffebd4cfda198d249f087c663471106e0b02
com.oracle.oci.sdk	oci-java-sdk-waas	1.5.15	-	3f10fe19ad99dd0d3202fbb4edbda7bc59f216e3
com.oracle.oci.sdk	oci-java-sdk-waas	1.5.16	-	e3e64062ba3aebd6e264f60c386535fcee15aaa4
com.oracle.oci.sdk	oci-java-sdk-waas	1.5.17	-	83b12b06594a7a24a26a8af693e3d08bd60c8f97
com.oracle.oci.sdk	oci-java-sdk-waas	1.5.2	-	4f0c3d9ee0b4e40700f4551e5b5531b124151af1
com.oracle.oci.sdk	oci-java-sdk-waas	1.5.4	-	0f74b8035126ded3a3ab9d32b68b7d42e30b37e0
com.oracle.oci.sdk	oci-java-sdk-waas	1.5.5	-	687a026d3fb7a0836dc6eac1479fad4facd08f7f
com.oracle.oci.sdk	oci-java-sdk-waas	1.5.6	-	900d8415766b9b995492d1a5943e5e5cecd64174
com.oracle.oci.sdk	oci-java-sdk-waas	1.5.8	-	efa6e977c95b27b4fab888cfde9f1bf4602d6cbf
com.oracle.oci.sdk	oci-java-sdk-waas	1.5.9	-	0a12200d8719c443fde53a1a51a60391aa6270c4
com.oracle.oci.sdk	oci-java-sdk-waas	1.6.0	-	957d8bfdc5ada0c2a9f1b893422f4ce47071c923
com.oracle.oci.sdk	oci-java-sdk-waas	1.6.1	-	b210bbf2f50b23fda73dbd3f4b0c9da317c713fa
com.oracle.oci.sdk	oci-java-sdk-waas	1.6.2	-	848b5ad5264452b877b45901a5e889158d4bb493
com.oracle.oci.sdk	oci-java-sdk-waas	1.6.3	-	9dff2bcb9f2a9d0c6cdb50dbc1cc66dc9457fa66
com.oracle.oci.sdk	oci-java-sdk-waas	1.7.0	-	5c82fbffcb7eca90f26a913b5e773bac3597912e
com.oracle.oci.sdk	oci-java-sdk-waas	1.8.0	-	27ce50c9d85192907d69bbfce47941171fe389c1
com.oracle.oci.sdk	oci-java-sdk-waas	1.8.1	-	7253bec342d70865a5c2d4304f7087d4dd6c294f
com.oracle.oci.sdk	oci-java-sdk-waas	1.8.2	-	0b51818e19db57dd35f74fd51680338d12eb692b
com.oracle.oci.sdk	oci-java-sdk-waas	1.9.0	-	54d2418d5c501b9f1245f911ccd1f8cacd496c9a
com.oracle.oci.sdk	oci-java-sdk-waas	1.9.1	-	87af9599b0d22b6c36add155527de6734f8d2131
com.oracle.oci.sdk	oci-java-sdk-waas	1.9.2	-	43071b27ec4eb5479b8b5215a96ab52753ebd5bd
com.oracle.oci.sdk	oci-java-sdk-waas	1.9.3	-	447ccfab4ac0f4eca317fb0d5876ea9153bd8011
com.oracle.oci.sdk	oci-java-sdk-waas	1.9.4	-	d0859ce5132406e9fa1df400ac829758cfa87b92
com.oracle.oci.sdk	oci-java-sdk-waas	1.9.5	-	198df256e7c890b8635dfdf17e0e8a124c6d0e88
com.oracle.oci.sdk	oci-java-sdk-waas	2.0.0	-	7d210d8cf792746862705b0711868ed520d94641
com.oracle.oci.sdk	oci-java-sdk-waas	2.0.2	-	380db08de05caae3fe902738999cf41155351567
com.oracle.oci.sdk	oci-java-sdk-waas	2.1.0	-	76c2b32995ac2deb60ca91fda9b00ac5529cce50
com.oracle.oci.sdk	oci-java-sdk-waas	2.1.1	-	0de8410efcf19bf2817186fb92cd31aa996e744e
com.oracle.oci.sdk	oci-java-sdk-waas	2.10.0	-	0f6b2f5ce164bc49bf8fc3efb0ef9422c66f3232
com.oracle.oci.sdk	oci-java-sdk-waas	2.11.0	-	c4fde7026c997abb1b206b9810bb4a97ea6a94ea
com.oracle.oci.sdk	oci-java-sdk-waas	2.11.1	-	99e0ebc50a730655035e9554bbb265997b97424e
com.oracle.oci.sdk	oci-java-sdk-waas	2.12.0	-	6ba5d162d823ca7a4e2ce045244df5a9d67bcb3d
com.oracle.oci.sdk	oci-java-sdk-waas	2.13.0	-	0db2e5ab01c6346da201d9d808453fc4966238c5
com.oracle.oci.sdk	oci-java-sdk-waas	2.13.1	-	e03ffe30b50b0fb5219ebd5726b7159826542329
com.oracle.oci.sdk	oci-java-sdk-waas	2.14.0	-	2ae8f709afea340e73153ae1dd8183183cd92df9
com.oracle.oci.sdk	oci-java-sdk-waas	2.14.1	-	fc6e202f791fb125ce1f5c8250c188e7ba87b71a
com.oracle.oci.sdk	oci-java-sdk-waas	2.15.0	-	9a42bc4115c34f30e39df682adacc14f326dea91
com.oracle.oci.sdk	oci-java-sdk-waas	2.16.0	-	e58d2c88f01d9841ac7e98c2c9a9660cc845e9ac
com.oracle.oci.sdk	oci-java-sdk-waas	2.17.0	-	1c66f0878cd5cb7e725a7a373650c4fbee63ab6f
com.oracle.oci.sdk	oci-java-sdk-waas	2.18.0	-	38766145d61929560ebbc56be6d1f5a3cd9ce868
com.oracle.oci.sdk	oci-java-sdk-waas	2.19.0	-	27d309c5993d2dd46932a0bc562e0536d697929e
com.oracle.oci.sdk	oci-java-sdk-waas	2.19.1	-	59edb184011efacec9e3ed8762b9f5c8cb20e066
com.oracle.oci.sdk	oci-java-sdk-waas	2.2.0	-	ceee6719e9fba29c9746afff0ef7b1f5f0c6dc12
com.oracle.oci.sdk	oci-java-sdk-waas	2.20.0	-	99d80349b36bac8c274256600d647751a87a7548
com.oracle.oci.sdk	oci-java-sdk-waas	2.21.0	-	6c070678cd83d78d6e61c57734a5edece4374fcd
com.oracle.oci.sdk	oci-java-sdk-waas	2.22.0	-	9c182b9f7083fca8951c100f62ff9d74301f63c4
com.oracle.oci.sdk	oci-java-sdk-waas	2.23.0	-	28e37851a2dfc4da15a2aa8bd2833468037db7d9
com.oracle.oci.sdk	oci-java-sdk-waas	2.24.0	-	5e506502925800a90d60be6ee88a484d960c5383
com.oracle.oci.sdk	oci-java-sdk-waas	2.25.0	-	825c2121a06e603c4ba34bc36d2506476ceea018
com.oracle.oci.sdk	oci-java-sdk-waas	2.27.0	-	8c94ab499b15ac3dfb26d518dec69ebebd0585f3
com.oracle.oci.sdk	oci-java-sdk-waas	2.28.0	-	8418ef543e9cfeab236425c1fb74c91f9ba77be3
com.oracle.oci.sdk	oci-java-sdk-waas	2.29.0	-	0bf0e26f4516a1909aa7d3db0a9c9ed3991f3c95
com.oracle.oci.sdk	oci-java-sdk-waas	2.3.0	-	3df846f82cc349f3d4e730eb2b4ef4fce64c4d88
com.oracle.oci.sdk	oci-java-sdk-waas	2.3.1	-	b40639b8089a36848647e0579059b1ca597ca501
com.oracle.oci.sdk	oci-java-sdk-waas	2.3.2	-	9014cb1785168d7c07b631e949cd86e82934033b
com.oracle.oci.sdk	oci-java-sdk-waas	2.30.0	-	a9168fc04533ffabc332871cffe7889d5999a7c1
com.oracle.oci.sdk	oci-java-sdk-waas	2.31.0	-	6360347db686adf230e20f7ff5bce967e3f4e829
com.oracle.oci.sdk	oci-java-sdk-waas	2.32.0	-	1cfdf7490643db086be967b4f83db2473a2e8131
com.oracle.oci.sdk	oci-java-sdk-waas	2.33.0	-	40be29eb675330e26e9313990c6caa4586b8effd
com.oracle.oci.sdk	oci-java-sdk-waas	2.34.0	-	8d87847deccb27f86858d2cdf8a8a05d66a28d67
com.oracle.oci.sdk	oci-java-sdk-waas	2.35.0	-	1291bf6baacfb7d1e06c00bd77fa4a797bd71a69
com.oracle.oci.sdk	oci-java-sdk-waas	2.36.0	-	778e3b094fe6a60ed94b766cea8030b0b6462238
com.oracle.oci.sdk	oci-java-sdk-waas	2.36.1	-	70fccf13d9d44a576bde088d875302eeac12c07c
com.oracle.oci.sdk	oci-java-sdk-waas	2.37.0	-	94c6fe62d6c9a9f512908b6761d5f5e1b991ef5a
com.oracle.oci.sdk	oci-java-sdk-waas	2.38.0	-	83f24aa2246e097ad441cf48021a0a4191e732ab
com.oracle.oci.sdk	oci-java-sdk-waas	2.39.0	-	8d8ba98742906f00774df1fd09e3f96d81c87a02
com.oracle.oci.sdk	oci-java-sdk-waas	2.4.0	-	3cb447a185adb764c17bc86771c2eb4dd53a65d3
com.oracle.oci.sdk	oci-java-sdk-waas	2.4.1	-	ad75e38eac21d715ebb909cc7c9d8f27681eb039
com.oracle.oci.sdk	oci-java-sdk-waas	2.4.2	-	0b30d96ed41501c5015211e2094aa74f3e36590c
com.oracle.oci.sdk	oci-java-sdk-waas	2.40.0	-	f6dce5b64ff2b99499a232e74e60cd8beb758e7e
com.oracle.oci.sdk	oci-java-sdk-waas	2.41.0	-	51457d362188ce55dea851bc19a94525d7b63ca2
com.oracle.oci.sdk	oci-java-sdk-waas	2.41.1	-	6d937b6b1077f7a963fd6696dc64d9ca741d4696
com.oracle.oci.sdk	oci-java-sdk-waas	2.42.0	-	83b0213785091489ff508f0d13efbb4e41d1ccea
com.oracle.oci.sdk	oci-java-sdk-waas	2.43.0	-	cceb172280d740706a03129bce0ab4a71a171ad1
com.oracle.oci.sdk	oci-java-sdk-waas	2.44.0	-	36be3fc74d91a58e1bdd16a94d7b122fa71ef87a
com.oracle.oci.sdk	oci-java-sdk-waas	2.45.0	-	ec31372fe38ed4431f7cacc898f5955f7e535936
com.oracle.oci.sdk	oci-java-sdk-waas	2.46.0	-	acead49d73e7c231bcd28c7a6bd57250d1790f20
com.oracle.oci.sdk	oci-java-sdk-waas	2.47.0	-	cc14b2ddd9261caaac4788b8cd0d6592f24e8ded
com.oracle.oci.sdk	oci-java-sdk-waas	2.48.0	-	30ad8b132f53c2e78d97f124a620b6f2abf472be
com.oracle.oci.sdk	oci-java-sdk-waas	2.49.0	-	210d7cc53fa79cb190ea45ecc50d114d0de1091b
com.oracle.oci.sdk	oci-java-sdk-waas	2.49.1	-	880f002de7690e60c4c8996bf4b1a1765bee9f0f
com.oracle.oci.sdk	oci-java-sdk-waas	2.5.0	-	85146034e3cffe78c752e9d22f0aadbb5a95e55b
com.oracle.oci.sdk	oci-java-sdk-waas	2.5.1	-	076f759278404d6585d71a8d0f2ee9bf4cced35d
com.oracle.oci.sdk	oci-java-sdk-waas	2.50.0	-	c00433caead03a2e2bf38b9b67f2d4f43f139b4d
com.oracle.oci.sdk	oci-java-sdk-waas	2.51.0	-	ffc4b2f1d6ad4a248766de206a49cbcc4e696044
com.oracle.oci.sdk	oci-java-sdk-waas	2.51.1	-	c6624fe93a09925ea80c9d78ea3d46e8c985b445
com.oracle.oci.sdk	oci-java-sdk-waas	2.51.2	-	b0bb3175f16285f4da25670e940895024aadb79a
com.oracle.oci.sdk	oci-java-sdk-waas	2.51.3	-	d7c55caf4fd9fe9c2e2e0e0b909a4757122a30fd
com.oracle.oci.sdk	oci-java-sdk-waas	2.52.0	-	602963b29cbba06620ac4e67d2f60af43b052e3f
com.oracle.oci.sdk	oci-java-sdk-waas	2.53.0	-	d373e66b31d2b8afe092cac525674bb65086dea2
com.oracle.oci.sdk	oci-java-sdk-waas	2.54.0	-	2996950a61724b3f432e7e4f60f11f6bb83a3331
com.oracle.oci.sdk	oci-java-sdk-waas	2.54.1	-	07fc6823693d6db6714668b72ac0f0d933afd0ae
com.oracle.oci.sdk	oci-java-sdk-waas	2.55.0	-	14d16ce9996210e99ed8883559c91d939fb00c45
com.oracle.oci.sdk	oci-java-sdk-waas	2.56.0	-	d882fcdcf520d50a9b144c022dbaa035bbadf5ab
com.oracle.oci.sdk	oci-java-sdk-waas	2.57.0	-	30f57fe6fcba72b9e6814b80ea0864fa2d4672c4
com.oracle.oci.sdk	oci-java-sdk-waas	2.57.1	-	1a0eb7ab4a10fb367b0f3cf6e398523fe54e193e
com.oracle.oci.sdk	oci-java-sdk-waas	2.58.0	-	79842c135d0a7a1fc78fdafb40a05fc48bdf40f0
com.oracle.oci.sdk	oci-java-sdk-waas	2.59.0	-	3ad2e8256e495fbca4256cdc5a636f8ca6356982
com.oracle.oci.sdk	oci-java-sdk-waas	2.6.0	-	b8b8464a9b65ba0cdff997db389be866933266ef
com.oracle.oci.sdk	oci-java-sdk-waas	2.60.0	-	bc958545c7cce4487ebd07dfc8a2920506526cfc
com.oracle.oci.sdk	oci-java-sdk-waas	2.60.1	-	8af9688484b25211b2c733aa4d1a036b4a4c1d39
com.oracle.oci.sdk	oci-java-sdk-waas	2.61.0	-	512d73572ba3ee8c45a5a98c959530b47c220a84
com.oracle.oci.sdk	oci-java-sdk-waas	2.61.1	-	6c1277c0a3d8fe4c05de591fa30090d825fc170b
com.oracle.oci.sdk	oci-java-sdk-waas	2.62.0	-	e7a2f6f9586bbc53d695ff7d17d0fa7b0c8bd00f
com.oracle.oci.sdk	oci-java-sdk-waas	2.63.0	-	e8ee67103e141123d99c1d28c93d66b908e8f9fe
com.oracle.oci.sdk	oci-java-sdk-waas	2.64.0	-	84e863d2989deb47268637f8006fb36478d59d59
com.oracle.oci.sdk	oci-java-sdk-waas	2.64.1	-	db29a96454b101df5db520d6fe80b0634791e581
com.oracle.oci.sdk	oci-java-sdk-waas	2.65.0	-	7c82d48170acff7514e2c780737b832000c4d17f
com.oracle.oci.sdk	oci-java-sdk-waas	2.65.1	-	c77737f6cdc19eba3ed7bc4fb014dd9176eee413
com.oracle.oci.sdk	oci-java-sdk-waas	2.66.0	-	6f4ef6faad55a103bff9ac186e341f98ec4b276d
com.oracle.oci.sdk	oci-java-sdk-waas	2.7.0	-	dce337e08babb09aed2f9670a99dfa22011ec977
com.oracle.oci.sdk	oci-java-sdk-waas	2.7.1	-	4ff62f68da8939358181127d42230fc6cd31bc11
com.oracle.oci.sdk	oci-java-sdk-waas	2.7.2	-	6b8628474b7703e83bce4db6492359c59a3199be
com.oracle.oci.sdk	oci-java-sdk-waas	2.72.0	-	38af6383cc584c72068c1ab51561334addd7f79d
com.oracle.oci.sdk	oci-java-sdk-waas	2.73.0	-	867c19c78097a864118e321cca9536ec727a9111
com.oracle.oci.sdk	oci-java-sdk-waas	2.79.0	-	5a6df1b2aa5a493b4e2800c9768bad63e89c5514
com.oracle.oci.sdk	oci-java-sdk-waas	2.8.0	-	a1998fcc24c1871d4ad6474f9a5a82b45e9f596b
com.oracle.oci.sdk	oci-java-sdk-waas	2.8.1	-	30ac6b116c05009db4e81fc4ce2454596506dbba
com.oracle.oci.sdk	oci-java-sdk-waas	2.81.0	-	ee2f734c4a33878438a97901c7937610ba271283
com.oracle.oci.sdk	oci-java-sdk-waas	2.82.0	-	07afe6fcfbf39514f59ecd3e5b8c2c04de9bcd8d
com.oracle.oci.sdk	oci-java-sdk-waas	2.9.0	-	9cc27c827356ca63ecafc5d07ee8fafddd981e47
com.oracle.oci.sdk	oci-java-sdk-waas	3.0.0	-	06360d1733131375f2930fe86693ef78d41171c1
com.oracle.oci.sdk	oci-java-sdk-waas	3.0.0-beta1	-	37261281782d0f460a92f05c442e4c8a2dd69e2b
com.oracle.oci.sdk	oci-java-sdk-waas	3.0.0-beta2	-	703b290ca5962be25ecdb1e7de5715af365053a4
com.oracle.oci.sdk	oci-java-sdk-waas	3.0.1	-	34f63db7d43a1634772052cb75dbaeda76b17f5a
com.oracle.oci.sdk	oci-java-sdk-waas	3.1.0	-	0aceb9fa0980b482bfd7cde4af29ded3a965681d
com.oracle.oci.sdk	oci-java-sdk-waas	3.10.0	-	c13a65810595e488f7e96e7bf5411b7c77238bf6
com.oracle.oci.sdk	oci-java-sdk-waas	3.11.0	-	53616d37671d12aad6ff5fd39120628188fe6c44
com.oracle.oci.sdk	oci-java-sdk-waas	3.12.0	-	22e51bf40493d1664ec0e6af40770434a4ee635f
com.oracle.oci.sdk	oci-java-sdk-waas	3.12.1	-	22ca2a753b3cd1f096f050fc4d6bab0692494503
com.oracle.oci.sdk	oci-java-sdk-waas	3.13.0	-	d8b981e47a56ed2e37ee9e60266c13fa2c9679af
com.oracle.oci.sdk	oci-java-sdk-waas	3.13.1	-	31bf89adf25c818dea6126825d5cda61d69b719c
com.oracle.oci.sdk	oci-java-sdk-waas	3.14.0	-	2fee4e2b7413bed8ba3d2abadd3b1c462c6a9188
com.oracle.oci.sdk	oci-java-sdk-waas	3.15.0	-	05fd9903baf6ebf57a29ce2f84b4feea793d365c
com.oracle.oci.sdk	oci-java-sdk-waas	3.16.0	-	300ae8eb6939baca883f271f13b90ee10b83712b
com.oracle.oci.sdk	oci-java-sdk-waas	3.16.1	-	586e1b659d9bb6560dfba988106c098246fd7d93
com.oracle.oci.sdk	oci-java-sdk-waas	3.17.0	-	0ec86646de6924858ffaf60f3453a1895e1b37f3
com.oracle.oci.sdk	oci-java-sdk-waas	3.17.1	-	78a94b375c21dc11134f9e8eb8343c070d0b0b94
com.oracle.oci.sdk	oci-java-sdk-waas	3.18.0	-	fe2e62b355d8f519da3af3f4464e9eceb28d20f4
com.oracle.oci.sdk	oci-java-sdk-waas	3.19.0	-	1faa3b74495aaa21ae7c11fca7f186b73c493cab
com.oracle.oci.sdk	oci-java-sdk-waas	3.2.0	-	bbce086dbb784c089c938125ed23ffe2686567dd
com.oracle.oci.sdk	oci-java-sdk-waas	3.2.1	-	72e28b827f5f7bdd3f5bd3c036cd743fb015cd8b
com.oracle.oci.sdk	oci-java-sdk-waas	3.2.2	-	5c75b46d0cc78191c4889e40de0cac22e34d0326
com.oracle.oci.sdk	oci-java-sdk-waas	3.2.3	-	106ff45c0b0e3bda90c5cc3f1c910c514926cfef
com.oracle.oci.sdk	oci-java-sdk-waas	3.20.0	-	23514e640f5d4e015097985912a97cff99029197
com.oracle.oci.sdk	oci-java-sdk-waas	3.21.0	-	88e81557c7852bc3359a1a650dfc38d52d54005a
com.oracle.oci.sdk	oci-java-sdk-waas	3.22.0	-	bcbd00aa756052301ece97f816ebe64ff2075bc5
com.oracle.oci.sdk	oci-java-sdk-waas	3.23.0	-	1b9ef7916dfe9161df430513e05ac9ab0f4fdbf8
com.oracle.oci.sdk	oci-java-sdk-waas	3.23.1	-	6c0a0954e6f0b318cf3ca8305b468851b55f07fc
com.oracle.oci.sdk	oci-java-sdk-waas	3.23.2	-	ad3d190165a3d5437f93af6269b34e669fa092a7
com.oracle.oci.sdk	oci-java-sdk-waas	3.24.0	-	b2acb5e56cec0be737fd477bf5397474f759df04
com.oracle.oci.sdk	oci-java-sdk-waas	3.25.0	-	367a737415afeaa0a8daac5f4c8b134eb70e8119
com.oracle.oci.sdk	oci-java-sdk-waas	3.25.1	-	94fde81ec66f6d1e073fc2e0e655b292b099a8be
com.oracle.oci.sdk	oci-java-sdk-waas	3.25.2	-	34e25cd8c60001c127f32e44ddb356128a4ba827
com.oracle.oci.sdk	oci-java-sdk-waas	3.25.3	-	5c44bebf754a42550a74c9c72db9af555a557f64
com.oracle.oci.sdk	oci-java-sdk-waas	3.25.4	-	185b2cab9bd55b9d7bfc48a68b505bb47cb70e2f
com.oracle.oci.sdk	oci-java-sdk-waas	3.26.0	-	1faaaaa1e6c99f668100f8a9e8df3d01f17cef5a
com.oracle.oci.sdk	oci-java-sdk-waas	3.27.0	-	a8f35a7731b1af5773aab337b45503d09bbdd2c0
com.oracle.oci.sdk	oci-java-sdk-waas	3.28.0	-	6ecce58778dc8c9bb62d8dd078644fc212b7e8f5
com.oracle.oci.sdk	oci-java-sdk-waas	3.28.1	-	b14917f9b035aa3017c69f036342c8d8371bd089
com.oracle.oci.sdk	oci-java-sdk-waas	3.29.0	-	a42d6e3d87f3caec578337907d2e0bd96bd7c5ad
com.oracle.oci.sdk	oci-java-sdk-waas	3.3.0	-	722b1bdc32a72344b8042f7008a8f20fe8136f68
com.oracle.oci.sdk	oci-java-sdk-waas	3.30.0	-	83309032813d5aa2ccf50fd2f641d049389b0f3d
com.oracle.oci.sdk	oci-java-sdk-waas	3.31.0	-	35214e3327d7fe8ee3120105d13f63f02fde3e82
com.oracle.oci.sdk	oci-java-sdk-waas	3.31.1	-	9fd6b8708feb42ced2df864318609ea97f70a838
com.oracle.oci.sdk	oci-java-sdk-waas	3.32.0	-	ec14da03c097d56a617f1bd59287976765fbb0cd
com.oracle.oci.sdk	oci-java-sdk-waas	3.32.1	-	1a7e1ee565f997f10ab21a577fdd68dd94c40f31
com.oracle.oci.sdk	oci-java-sdk-waas	3.33.0	-	c4b712bdcd438bcf097b19ce8c6c21781c5c5fb8
com.oracle.oci.sdk	oci-java-sdk-waas	3.34.0	-	9d6918d9b00dcb46b89b708a669c3c903e200726
com.oracle.oci.sdk	oci-java-sdk-waas	3.34.1	-	106687bba70466a38321a1009252fe06f420d256
com.oracle.oci.sdk	oci-java-sdk-waas	3.35.0	-	2aecefb47e44a9cc4d8509a6e0226c0c7693a0cb
com.oracle.oci.sdk	oci-java-sdk-waas	3.36.0	-	b9e48f623a46dbc786896cf9305c19494b1e0144
com.oracle.oci.sdk	oci-java-sdk-waas	3.37.0	-	769669000bb4065eadc3eec861548b8522bf67b8
com.oracle.oci.sdk	oci-java-sdk-waas	3.37.1	-	5277f6b06a3eefa993416732dcfbcfdc629d47df
com.oracle.oci.sdk	oci-java-sdk-waas	3.37.2	-	839743c4684b67286bcb47dc4cc16cb07737aeb0
com.oracle.oci.sdk	oci-java-sdk-waas	3.38.0	-	21961a6a35f2235601bbc50adef84e10c2fb20eb
com.oracle.oci.sdk	oci-java-sdk-waas	3.39.0	-	503910e57351c868c03591d5cd9b03de265ebb4d
com.oracle.oci.sdk	oci-java-sdk-waas	3.39.1	-	adcf0a0461f09496c42e1816a9a824628c52368b
com.oracle.oci.sdk	oci-java-sdk-waas	3.39.2	-	5af59e58673e89220684985add70f3d3f4b58dfc
com.oracle.oci.sdk	oci-java-sdk-waas	3.4.0	-	917c39b573d4792634e224f543612150512b9755
com.oracle.oci.sdk	oci-java-sdk-waas	3.40.0	-	cd686feef99a388c01182a52e6e30009880f53e1
com.oracle.oci.sdk	oci-java-sdk-waas	3.41.0	-	156ce40f73be0d4a7807c166e693f01acbe62d42
com.oracle.oci.sdk	oci-java-sdk-waas	3.41.1	-	aed517e3dcc673e9b4d05953b48f35920456aa4a
com.oracle.oci.sdk	oci-java-sdk-waas	3.41.2	-	670fa8f333ecb78fb28c4a10ed533321492db256
com.oracle.oci.sdk	oci-java-sdk-waas	3.41.3	-	7922252364535bd0b6c282da81a202c7831fd72e
com.oracle.oci.sdk	oci-java-sdk-waas	3.42.0	-	0739a466afecc090efe5078f06fff267c61908ec
com.oracle.oci.sdk	oci-java-sdk-waas	3.43.0	-	d792d09a5a79ccae2a1661e1de24227916259cf1
com.oracle.oci.sdk	oci-java-sdk-waas	3.43.1	-	c12308e8117635f93c976309fd406479567ff75c
com.oracle.oci.sdk	oci-java-sdk-waas	3.43.2	-	f1c0ac143ee8019a8fbcec350701ff1d27338585
com.oracle.oci.sdk	oci-java-sdk-waas	3.44.0	-	c0c05b2a3cd509c938ab17515afefa0e51d991c7
com.oracle.oci.sdk	oci-java-sdk-waas	3.44.1	-	1ab950218ad861100f9e7346d72aaa2a9e2cb135
com.oracle.oci.sdk	oci-java-sdk-waas	3.44.2	-	6ad763ecc5195ebde8a80d9a3a4eab2a6c80814c
com.oracle.oci.sdk	oci-java-sdk-waas	3.44.3	-	ad58d79257596c65d66dfec67791552ea30d5fd4
com.oracle.oci.sdk	oci-java-sdk-waas	3.44.4	-	6c24a489226bf9efdc95cdf0a74d9a9d5a30b75b
com.oracle.oci.sdk	oci-java-sdk-waas	3.45.0	-	d31356d7c530d5424da4e20175a781431e74929e
com.oracle.oci.sdk	oci-java-sdk-waas	3.46.0	-	dce2b21e6abedeb508f07a7e6322d0f7d129feba
com.oracle.oci.sdk	oci-java-sdk-waas	3.46.1	-	b4456b29dccaebf78390291582c1c136cd7c203a
com.oracle.oci.sdk	oci-java-sdk-waas	3.47.0	-	952123a42daf28c8be7a7a719debb0eeebdef3c5
com.oracle.oci.sdk	oci-java-sdk-waas	3.48.0	-	bd79b0810a130d3e5506a751bb8f2cd24f336fa5
com.oracle.oci.sdk	oci-java-sdk-waas	3.49.0	-	cf8ac6879b80c268e69e3ad5e7e4a7a53cc05a82
com.oracle.oci.sdk	oci-java-sdk-waas	3.5.0	-	d265aa149fed5b48f2681dbeb9f5716ce955ee38
com.oracle.oci.sdk	oci-java-sdk-waas	3.50.0	-	02e34b8019b0eadfba251a3dc51c2bba0f61a3bf
com.oracle.oci.sdk	oci-java-sdk-waas	3.50.1	-	323cfda80700576b228223bdd361ca4f62b2861c
com.oracle.oci.sdk	oci-java-sdk-waas	3.50.2	-	b8ec70b0001d3449af467397dcde490bdeb009c5
com.oracle.oci.sdk	oci-java-sdk-waas	3.51.0	-	3f10016631be3ea9593e6ffb78a59c5a042f8ecd
com.oracle.oci.sdk	oci-java-sdk-waas	3.52.0	-	5b12b955f4d4e91a15cceb5e962da2381272f72b
com.oracle.oci.sdk	oci-java-sdk-waas	3.52.1	-	e3c180cbefd11c86f32cf22ebbb57a512841268a
com.oracle.oci.sdk	oci-java-sdk-waas	3.53.0	-	082d394c37dc78af4fd99a81f138d79ea182caf2
com.oracle.oci.sdk	oci-java-sdk-waas	3.53.1	-	18a86f302919c363835bbe8eb325caa1f7ba2089
com.oracle.oci.sdk	oci-java-sdk-waas	3.54.0	-	2e255481840a5117414aa3f320c01482f79a28a0
com.oracle.oci.sdk	oci-java-sdk-waas	3.55.0	-	a0bf01f3092a659001f5210533baf48dd709df57
com.oracle.oci.sdk	oci-java-sdk-waas	3.55.1	-	1e3aedcd6b2e1002be5d7918fa8d0e2d754d5a4d
com.oracle.oci.sdk	oci-java-sdk-waas	3.55.2	-	2f313d6ada715ae12d85e4596167a9c4b58f0048
com.oracle.oci.sdk	oci-java-sdk-waas	3.55.3	-	bc84b324b96c8ba649db2386e1d018d3c4ca0d74
com.oracle.oci.sdk	oci-java-sdk-waas	3.56.0	-	7450648cd3824c267f688f665856b4c395f853b9
com.oracle.oci.sdk	oci-java-sdk-waas	3.57.0	-	14e141e22818e76e09762beac6e99fdba7a3ee4e
com.oracle.oci.sdk	oci-java-sdk-waas	3.57.1	-	2fdfed293003e4b2b69f8ea8651de6df489dc843
com.oracle.oci.sdk	oci-java-sdk-waas	3.57.2	-	0175de945c840567aeaee96aea38ceeeda11a94a
com.oracle.oci.sdk	oci-java-sdk-waas	3.58.0	-	42cbf9294d6f9ebd3e58bc5239543fef54ebcd72
com.oracle.oci.sdk	oci-java-sdk-waas	3.59.0	-	83afadf7ae67d6d046843b2da84acc0095dfbdc4
com.oracle.oci.sdk	oci-java-sdk-waas	3.6.0	-	1260bb3dacad229af74a1463be68f766af1d02fb
com.oracle.oci.sdk	oci-java-sdk-waas	3.60.0	-	ebaeca25f15b6b7a09c22a5e5bcbcec934278a2d
com.oracle.oci.sdk	oci-java-sdk-waas	3.61.0	-	c671313f0effe2912d2b33449738fadd85fe1c65
com.oracle.oci.sdk	oci-java-sdk-waas	3.62.0	-	60bf49b4fa8622fe859736c0ea925aa358b6184b
com.oracle.oci.sdk	oci-java-sdk-waas	3.62.1	-	00febccd67251036c6b327932b3a8bdaf0bd761c
com.oracle.oci.sdk	oci-java-sdk-waas	3.63.0	-	9fa07e26baf4b17e066d41872ff8a213a2748df7
com.oracle.oci.sdk	oci-java-sdk-waas	3.63.1	-	0973eb95169e75e8afbef2d2b6abc907dae79c3a
com.oracle.oci.sdk	oci-java-sdk-waas	3.7.0	-	ca9466cbed8fdfc680316d17712d98d8b11a9e01
com.oracle.oci.sdk	oci-java-sdk-waas	3.8.0	-	b93ed1ba10868e485c2b0a1c6e07e93d8a88fae2
com.oracle.oci.sdk	oci-java-sdk-waas	3.9.0	-	16c7d9e8f02f7b55e2e0acfbbeb7bb16243e2c59
com.oracle.oci.sdk	oci-java-sdk-waas	3.9.1	-	16889b10b5e82a776b2cde90462fee731baae659
com.outr	lightdb-async_3	0.12.0	-	e120516a6f14e8594a321ad808d9b8a859161d14
com.outr	lightdb-async_3	0.12.1	-	35e2d5531bfeac19dcc1f9f4d0eb07dad0ff7fcb
com.outr	lightdb-async_3	0.13.0	-	a48da4cfbdd13cdf85813314e3e9e35880e25eb6
com.outr	lightdb-async_3	0.13.1	-	3509633b2acfb5d31d2e2dd4c3550e007803072a
com.outr	lightdb-async_3	0.14.0	-	5adf7bbe15f6e87e9e51dee67ce4ede08121db15
com.outr	lightdb-async_3	0.14.1	-	afd29085109f0155c02c01bb4bf349c191c6c054
com.outr	lightdb-async_3	0.14.2	-	025b0d1b746aa412a4f0bb91ffb9f69f8c0248fe
com.outr	lightdb-async_3	0.14.3	-	6ea7b353a89efdd51d923e794a5a71e80143984f
com.outr	lightdb-async_3	0.14.4	-	d2b1236884ffa7dc8c72f17721a20aed12785264
com.outr	lightdb-async_3	0.14.5	-	28c0258749ee96fc7843bd4ffd50c4fe2a76f233
com.outr	lightdb-async_3	0.15.0	-	1d1632c4e5d6e9eccd9c965bb0c45910fde7c74d
com.outr	lightdb-async_3	0.16.0	-	4b212d6ba9361c53fb148494887953c25553d143
com.outr	lightdb-async_3	0.17.0	-	d9b8fb0a7a36f0c6a90d8ccbd8ff19a54b95dabf
com.outr	lightdb-async_3	1.0.0	-	cec84626eadd0d579956df4f244793fa513ea27a
com.outr	lightdb-async_3	1.1.0	-	3b0b827ff7cf7a4d987b521e31906b3d68d7bbdf
com.outr	lightdb-async_3	1.1.1	-	d63f354f18013f685ef9fd5c08d66917b06b039c
com.outr	lightdb-async_3	1.1.2	-	119d1ce6c82a3078aade11981a01053d41e77551
com.outr	lightdb-async_3	1.2.0	-	81a8a7aa508ffd1b2cb26a6b783f893b780b0020
com.outr	lightdb-async_3	1.2.1	-	9de95d88b56cfbe914dd55f26a8675bde2f78e8b
com.outr	lightdb-async_3	1.2.2	-	f3137597f6a489b3bb7ce864114c63d205803ab3
com.ovoenergy	meters4s-statsd_3	1.0.1	-	d8e734734c07644ff328613c16453690645db05b
com.ovoenergy	meters4s-statsd_3	1.0.2	-	13a74eac1026994eb36887d3580dc6e4f2d53573
com.ovoenergy	meters4s-statsd_3	1.1.0	-	5516da0c8b01ce39f150d08cea1415c00d03fd6d
com.ovoenergy	meters4s-statsd_3	1.1.1	-	cc59dcd980da367eb68e99b074e4e22170630650
com.ovoenergy	meters4s-statsd_3	1.1.2	-	427e54ee9b4ee55891d6710773c5753a0e38345b
com.ovoenergy	meters4s-statsd_3	1.1.3	-	ecbcb3da87034e279958d03f8a45169c2ef9513e
com.ovoenergy	meters4s-statsd_3	1.1.4	-	2276f7487ff03401d7a7de34a06169d1fa2878d0
com.ovoenergy	meters4s-statsd_3	1.2.0	-	280843b266514c4364220686ce122aeeca6957bb
com.ovoenergy	meters4s-statsd_3	1.3.0	-	3a269161405b1c30d01129639109499d5b790ca6
com.ovoenergy	meters4s-statsd_3	1.3.1	-	846adfc4f8b3955a857a53db869e7b49c3f1e36a
com.ovoenergy	meters4s-statsd_3	1.3.2	-	bda06a3ec6ab2244a989cdbf30be159c8ea55b81
com.ovoenergy	meters4s-statsd_3	2.0.0	-	2340714047cccde2f6da8dd008f8e9ddf8e848f5
com.perimeterx	perimeterx-sdk	1.0	-	a470f4c52afa2932fcf20807d6ee335c40f0ea19
com.perimeterx	perimeterx-sdk	1.0	1.0-jar-with-dependencies	86d0aecbff563214fa1649586d0838998a93d7c6
com.perimeterx	perimeterx-sdk	1.0.1	-	b48a0ab1d5c38920d3de1324efeb24160b2a7be0
com.perimeterx	perimeterx-sdk	1.0.1	1.0.1-jar-with-dependencies	cf24187f194bc822e993f26cfac68a7bb8eeffde
com.perimeterx	perimeterx-sdk	1.0.10	-	69ced567efdb2fca5490b46beb1cc4eebe94ea6f
com.perimeterx	perimeterx-sdk	1.0.10	1.0.10-jar-with-dependencies	f568f3b9420c81dc0dbd4398c2695f057e4496ce
com.perimeterx	perimeterx-sdk	1.0.11	-	1d1be80238e4d655b51ea4646ea5ca15beecbcb5
com.perimeterx	perimeterx-sdk	1.0.11	1.0.11-jar-with-dependencies	ddb4cbc3a372d51452e65b006411a75c5051f49d
com.perimeterx	perimeterx-sdk	1.0.12	-	47edd6c85a3b63ab021d5eb7ddc4428454d01e72
com.perimeterx	perimeterx-sdk	1.0.12	1.0.12-jar-with-dependencies	58c9943872dfe1a378494473b3dfdbc74010f8ba
com.perimeterx	perimeterx-sdk	1.0.14	-	450a6c5bbea3acd2b4f534ba0132651f6472ba59
com.perimeterx	perimeterx-sdk	1.0.14	1.0.14-jar-with-dependencies	154239d6f61a71d33d8e3b867e386f78597e963f
com.perimeterx	perimeterx-sdk	1.0.15	-	e8ff4bb9e8b602ccf46b7d8356eba14aa515aa6f
com.perimeterx	perimeterx-sdk	1.0.15	1.0.15-jar-with-dependencies	b3dcda6fb6ab85527cdd1fb921a26590fd15ef9b
com.perimeterx	perimeterx-sdk	1.0.16	-	6990790db09568cd755dc950125e4916b0f174e3
com.perimeterx	perimeterx-sdk	1.0.16	1.0.16-jar-with-dependencies	e5ab8972a0e34f4a35ff25dfd2bd3fba19130621
com.perimeterx	perimeterx-sdk	1.0.2	-	7230c6acf8f532a264ce4f913a6234432dbb04d0
com.perimeterx	perimeterx-sdk	1.0.2	1.0.2-jar-with-dependencies	be3d7367f4b92d29ff65a0401c0e2ffb0ca53284
com.perimeterx	perimeterx-sdk	1.0.3	-	556cd8556cf6adbf89b51efbe2354304d29a2e5a
com.perimeterx	perimeterx-sdk	1.0.3	1.0.3-jar-with-dependencies	e9772735d2b6ec2258a953d4c0e3160b204ce906
com.perimeterx	perimeterx-sdk	1.0.4	-	0c243823af0d6dd1b7e4a20ef8c58b3be3f9d4d2
com.perimeterx	perimeterx-sdk	1.0.4	1.0.4-jar-with-dependencies	288f050797466af0b25b004d2e5f03a80176b2c9
com.perimeterx	perimeterx-sdk	1.0.5	-	c90a20578650e34c1227b6cf5cd4a074868814e5
com.perimeterx	perimeterx-sdk	1.0.5	1.0.5-jar-with-dependencies	06c113214e57f348637d5da5912757df775a732d
com.perimeterx	perimeterx-sdk	1.0.6	-	9a38174ea2111e108d487f01cc958f693815896e
com.perimeterx	perimeterx-sdk	1.0.6	1.0.6-jar-with-dependencies	2b2b0319dc3a9019cb226162412e8b493c4bf2a1
com.perimeterx	perimeterx-sdk	1.0.7	-	b66529a3c8345501294786bd86b02c72b2382b89
com.perimeterx	perimeterx-sdk	1.0.7	1.0.7-jar-with-dependencies	65f3c75e8c87bfb7e485ac6cabf9866f75fd29bf
com.perimeterx	perimeterx-sdk	1.0.8	-	c9d4d338e88116f59c07dbfce9183aeae420f8ee
com.perimeterx	perimeterx-sdk	1.0.8	1.0.8-jar-with-dependencies	c53f9d0d348a98e49c588104894d389d83d6526b
com.perimeterx	perimeterx-sdk	1.0.9	-	6c445c5b5a00d0ef695bf81a3976cdbdec641bd9
com.perimeterx	perimeterx-sdk	1.0.9	1.0.9-jar-with-dependencies	689abaf880f3cc7d030b2e596589a4fd32f21208
com.perimeterx	perimeterx-sdk	2.0.0	-	3d522189c92b5989753ae5fd2c00d0a3bc9ca130
com.perimeterx	perimeterx-sdk	2.0.0	2.0.0-jar-with-dependencies	534200d9760bd3247e3f70661cb0283064dacac5
com.perimeterx	perimeterx-sdk	2.1.0	-	ee316898b3bd91dce2c46c357f63f1df39d62889
com.perimeterx	perimeterx-sdk	2.1.0	2.1.0-jar-with-dependencies	f3676045019237828765c4ae0fa9c18a41e7ae4e
com.perimeterx	perimeterx-sdk	3.0.0	-	3fb603dad2c67495c931f3380ddc20dd8be8aded
com.perimeterx	perimeterx-sdk	3.0.0	3.0.0-jar-with-dependencies	25b6263a1453260caa12dbe4a54ff416f74f89aa
com.perimeterx	perimeterx-sdk	4.0.0	-	b1c9a809b130e480bb1f7de81e94dfc088e11ae2
com.perimeterx	perimeterx-sdk	4.0.0	4.0.0-jar-with-dependencies	e91e7e30e1d15d94864757fc14c72ae3b46aef9a
com.perimeterx	perimeterx-sdk	4.1.1	-	bc676257eb619f73c15fa1810010fa11e2b8a75a
com.perimeterx	perimeterx-sdk	4.1.1	4.1.1-jar-with-dependencies	02b96a7a4637d555f1a2a477081880f1ee3e8ad6
com.perimeterx	perimeterx-sdk	4.2.0	-	e070a63299899f6ccd775f5bb615269e41aed0c2
com.perimeterx	perimeterx-sdk	4.2.0	4.2.0-jar-with-dependencies	39c80cfce09b76e965c12fcdbe0508486b27de52
com.perimeterx	perimeterx-sdk	5.0.0	-	2f77e80b044e00df3caa94d28462cdfcb50a01f1
com.perimeterx	perimeterx-sdk	5.0.0	5.0.0-jar-with-dependencies	cfdbb4ea94a1de0e6b48f0b6888d27f06c84ec40
com.perimeterx	perimeterx-sdk	5.1.0	-	7a40cb4903df6a049d439301b14719bb746a5387
com.perimeterx	perimeterx-sdk	5.1.0	5.1.0-jar-with-dependencies	246017851f4faeef8f74198dcf2588e4bdace2ee
com.perimeterx	perimeterx-sdk	5.2.0	-	dd95c8ea37106b41128f85c575befcb1a0d1d7e7
com.perimeterx	perimeterx-sdk	5.2.0	5.2.0-jar-with-dependencies	635383b69d092112daf2d27b7d79b2dec3d38b0a
com.perimeterx	perimeterx-sdk	5.3.0	-	46326aa79c8fe7893ba34563e10608089b1ff9e1
com.perimeterx	perimeterx-sdk	5.3.0	5.3.0-jar-with-dependencies	fc1c0648262a6f8ecf2f483361ec0c35bab66de5
com.perimeterx	perimeterx-sdk	5.4.0	-	ce1421cad213d4186493d5e31acc2e6b64e014be
com.perimeterx	perimeterx-sdk	5.4.0	5.4.0-jar-with-dependencies	1e2ba6ccbb36e735f6e834a949be3b5a631f24d0
com.perimeterx	perimeterx-sdk	6.0.0	-	c203d678f9ada220f9abb2ae62caaf93bb6f35cc
com.perimeterx	perimeterx-sdk	6.0.0	6.0.0-jar-with-dependencies	00f6079cd4150786c25e845088117072dee81f30
com.perimeterx	perimeterx-sdk	6.0.2	-	c25d87123dacb7ed96a0d4536bf443918dd4e35c
com.perimeterx	perimeterx-sdk	6.0.2	6.0.2-jar-with-dependencies	b29fe017f4a95861ab55f9ca61c85145da53264a
com.perimeterx	perimeterx-sdk	6.0.3	-	95c70a2e2e929b573a5bac3bc5071e92be25abbf
com.perimeterx	perimeterx-sdk	6.0.3	6.0.3-jar-with-dependencies	6f6d32680bd2e6c26794004380ec687c678402b2
com.perimeterx	perimeterx-sdk	6.0.4	-	887f4a39858b0ee25f44c75064648c501ae2079a
com.perimeterx	perimeterx-sdk	6.0.4	6.0.4-jar-with-dependencies	54d9d2099380f4f6325afec8a063250de0e786e8
com.perimeterx	perimeterx-sdk	6.0.5	-	7570ea2bcbaf9f32091aba9a142ca0dde1beda91
com.perimeterx	perimeterx-sdk	6.0.5	6.0.5-jar-with-dependencies	9ff2a150ab4ffb01d5f866f9d76c0303737ade84
com.perimeterx	perimeterx-sdk	6.1.0	-	38b82121b53d16632a75af575ae89c7bca5946e3
com.perimeterx	perimeterx-sdk	6.1.0	6.1.0-jar-with-dependencies	3703ad71019b5573c0c7bf785a33463fb3f575f9
com.perimeterx	perimeterx-sdk	6.1.1	-	9ad97335a81d970cbff16243203bb1819954307f
com.perimeterx	perimeterx-sdk	6.1.1	6.1.1-jar-with-dependencies	79e63a9945b01863e5c6fd56d619c497308faf70
com.perimeterx	perimeterx-sdk	6.1.2	-	d406fd34a9b38316146a833b0299963c40a9fc95
com.perimeterx	perimeterx-sdk	6.1.2	6.1.2-jar-with-dependencies	6237123ca1b91819cdd22a9512358fc9d4df002a
com.perimeterx	perimeterx-sdk	6.1.3	-	f9aab8460ea0df8c05703859e62bbf14fef3ab23
com.perimeterx	perimeterx-sdk	6.1.3	6.1.3-jar-with-dependencies	7418518e003abbefe3a9678f0a2b65aa70182288
com.perimeterx	perimeterx-sdk	6.1.4	-	d2d9be2d2fe2f51b76eed562392818bd725884be
com.perimeterx	perimeterx-sdk	6.1.4	6.1.4-jar-with-dependencies	a2044b0ecd8ed4473fd3435f42d5863b27f5f873
com.perimeterx	perimeterx-sdk	6.1.5	-	c24a708a6fc70aa71f31cb7a8ec39f6c248fc74b
com.perimeterx	perimeterx-sdk	6.1.5	6.1.5-jar-with-dependencies	612d542c203a918b1c9695f53959fa57ca2e2216
com.perimeterx	perimeterx-sdk	6.10.0	-	3aef8aadea813db3e3a11f25b0445ebe0fa51e17
com.perimeterx	perimeterx-sdk	6.10.0	6.10.0-jar-with-dependencies	c2213b9faa6c9ab9f72f910d1b7a301a24b6e050
com.perimeterx	perimeterx-sdk	6.11.0	-	1699d84ec5bcd7551f806c6608f8f2338c69ecdd
com.perimeterx	perimeterx-sdk	6.11.0	6.11.0-jar-with-dependencies	8b1abfaf58e0273a1cab038119656133894b57e7
com.perimeterx	perimeterx-sdk	6.12.0	-	6471714aaf4c71d7858852bd95fc883b670b987f
com.perimeterx	perimeterx-sdk	6.12.0	6.12.0-jar-with-dependencies	7ca2b999a6bdb3eda59b1143c9113a0943b3dcf4
com.perimeterx	perimeterx-sdk	6.13.0	-	8b913f0e8e3c9844ccc502d8f0c83ed8b9c29cc1
com.perimeterx	perimeterx-sdk	6.13.0	6.13.0-jar-with-dependencies	a04c96605766516a644c8b4bc78e32bb2c6c53d7
com.perimeterx	perimeterx-sdk	6.14.1	-	6ce0bdf9f6c144ce2153f8f47596caccc5ac1ece
com.perimeterx	perimeterx-sdk	6.14.1	6.14.1-jar-with-dependencies	40987011994f5842b36b9015b2c482421fa21a31
com.perimeterx	perimeterx-sdk	6.2.0	-	aedf22b836767a63216e28e6166f37231880e539
com.perimeterx	perimeterx-sdk	6.2.0	6.2.0-jar-with-dependencies	723fcecdedf66d920a9e180627981be967e97079
com.perimeterx	perimeterx-sdk	6.2.1	-	44774529cba4851df10e95866f782d80882a6386
com.perimeterx	perimeterx-sdk	6.2.1	6.2.1-jar-with-dependencies	d44a5bd877b4022500544800ec9a533628bf52ad
com.perimeterx	perimeterx-sdk	6.2.2	-	7393e83ae217bad26ee7513f1c459e4d74cac53b
com.perimeterx	perimeterx-sdk	6.2.2	6.2.2-jar-with-dependencies	ed4297d697c69fe26b8c1e70a54a6e8d5ab114fb
com.perimeterx	perimeterx-sdk	6.2.3	-	68fdc09c5d6c60f5b262d9a368ccf5572b0b7761
com.perimeterx	perimeterx-sdk	6.2.3	6.2.3-jar-with-dependencies	69caa6917a77a2fa4a38b3b610b4645032cbed70
com.perimeterx	perimeterx-sdk	6.2.4	-	0d37cc25443d666c911554afa5a8bbd777300933
com.perimeterx	perimeterx-sdk	6.2.4	6.2.4-jar-with-dependencies	32305ac0c3932cbf6c2f9b50f11ffcba0c3b4f71
com.perimeterx	perimeterx-sdk	6.2.5	-	2dbed6aa69f83b9444e8f37ef1e5b658766f3069
com.perimeterx	perimeterx-sdk	6.2.5	6.2.5-jar-with-dependencies	1d61208079df7dcf26e220041690ae4f33d62333
com.perimeterx	perimeterx-sdk	6.2.6	-	6b6f97edf782c9b9303b328932c12f455abc0877
com.perimeterx	perimeterx-sdk	6.2.6	6.2.6-jar-with-dependencies	94f1d332a8ff2a4d97822ef6efcbf112e40b8b61
com.perimeterx	perimeterx-sdk	6.2.7	-	29456a114a624bcbbb38d96098a12fe2c33cbc5f
com.perimeterx	perimeterx-sdk	6.2.7	6.2.7-jar-with-dependencies	3656f98b498efbff0e5c9119c17dda550b71ffda
com.perimeterx	perimeterx-sdk	6.2.8	-	4aba1cb996ab2c78eb600bed727e55991c0489af
com.perimeterx	perimeterx-sdk	6.2.8	6.2.8-jar-with-dependencies	b953d798cc56c797c084bbf92f8f6038717f1cbe
com.perimeterx	perimeterx-sdk	6.3.0	-	dbbd558d821a7f884e7a162fbb69e52d75abccda
com.perimeterx	perimeterx-sdk	6.3.0	6.3.0-jar-with-dependencies	a87ee4c9b045f57d46926b6249bd69cefba17d52
com.perimeterx	perimeterx-sdk	6.4.0	-	e8eecb6daa21fc7b7415c27b9d89247d25544b63
com.perimeterx	perimeterx-sdk	6.4.0	6.4.0-jar-with-dependencies	48e9768a1c1766e7801bc0717dd83e785e4cac9d
com.perimeterx	perimeterx-sdk	6.4.1	-	ab3f63d06e06205e1163f6e0d081d26a2ac784d8
com.perimeterx	perimeterx-sdk	6.4.1	6.4.1-jar-with-dependencies	c2cfcfba25962dfa23d01f03da05dee95a5fa48b
com.perimeterx	perimeterx-sdk	6.4.2	-	bafc4434c8a82af5549b7708b07624fd3c7704df
com.perimeterx	perimeterx-sdk	6.4.2	6.4.2-jar-with-dependencies	a5de9946e0c69afba94ef9cc904902dca4486f93
com.perimeterx	perimeterx-sdk	6.4.3	-	1e1e1a1e59799f15cd4709c7e1b3b6608b90cf3b
com.perimeterx	perimeterx-sdk	6.4.3	6.4.3-jar-with-dependencies	9a3448399e9079a695630668a93b1a4265995a2e
com.perimeterx	perimeterx-sdk	6.4.4	-	8c454e09f6baf1c3716560b1556db7179c2421e5
com.perimeterx	perimeterx-sdk	6.4.4	6.4.4-jar-with-dependencies	7018691e527d82357decd6aa3ee591a7ce96adec
com.perimeterx	perimeterx-sdk	6.4.5	-	432f0f802da81131580d6dcaac30bc79ce190b21
com.perimeterx	perimeterx-sdk	6.4.5	6.4.5-jar-with-dependencies	b23057289b600f13d86b44e2e09507ae147d52f9
com.perimeterx	perimeterx-sdk	6.5.0	-	3b06d3fd8c0280612d0812c751943c45fe377bd1
com.perimeterx	perimeterx-sdk	6.5.0	6.5.0-jar-with-dependencies	8abac4d5ad3c08c9f9aea2f4f7605178c66cae79
com.perimeterx	perimeterx-sdk	6.6.0	-	bc864bc3c2e72785143e38f4f6b5b5e84c48518a
com.perimeterx	perimeterx-sdk	6.6.0	6.6.0-jar-with-dependencies	61d462273b3b572bed928f6e14930c5599e74b77
com.perimeterx	perimeterx-sdk	6.7.0	-	582c3991a0500cba232171962bfd1f1ec684c240
com.perimeterx	perimeterx-sdk	6.7.0	6.7.0-jar-with-dependencies	c9e49c10607c57d30c778185de052ef141ae62b3
com.perimeterx	perimeterx-sdk	6.7.1	-	96073054edd0efae8fa0280deb4165a533fa5b6c
com.perimeterx	perimeterx-sdk	6.7.1	6.7.1-jar-with-dependencies	5c636ac20c5938ced0aa378bd4c844aa5ad1534d
com.perimeterx	perimeterx-sdk	6.8.0	-	ebb9081a93c2a6595463da36a5ab46078edb6b24
com.perimeterx	perimeterx-sdk	6.8.0	6.8.0-jar-with-dependencies	5676793f7bbe1b44827437d8025c8cbc2dc25e32
com.perimeterx	perimeterx-sdk	6.8.1	-	ae711dd5a20d475572e9071f414e0a287d0a2155
com.perimeterx	perimeterx-sdk	6.8.1	6.8.1-jar-with-dependencies	bb69776f1c11e4552d113c7ce63614758987b08d
com.perimeterx	perimeterx-sdk	6.9.0	-	45154b965e8155d37cc66ebf8448caeedf3cb79a
com.perimeterx	perimeterx-sdk	6.9.0	6.9.0-jar-with-dependencies	a567b806ebc6925a89e88afe8f840650e177652e
com.perimeterx	perimeterx-sdk	6.9.1	-	71ec084d3f03e9e760cc2bed06a26fc8e48073f1
com.perimeterx	perimeterx-sdk	6.9.1	6.9.1-jar-with-dependencies	2d1fc5bed7fd140680ecded4de54bce45ec9ddc6
com.perimeterx	perimeterx-sdk	6.9.2	-	621e312cf92a066487eb33f7fc1b062d1b0366f9
com.perimeterx	perimeterx-sdk	6.9.2	6.9.2-jar-with-dependencies	ff24b68b95012ca9a7d66bc9c234b23a0260e9cd
com.perimeterx	perimeterx-sdk	6.9.3	-	4f19a0c8af5a84c94eade77c27908896662706dc
com.perimeterx	perimeterx-sdk	6.9.3	6.9.3-jar-with-dependencies	3cec2855bdbe6cf9899c4e8000e3b67c89ddc9ed
com.perimeterx	perimeterx-sdk	6.9.4	-	749a79ace4b8ef8a42ac9e5205bcb3ad34e93f17
com.perimeterx	perimeterx-sdk	6.9.4	6.9.4-jar-with-dependencies	9e59194960d4c6454cbef59992ece1f53c4f73cb
com.perimeterx	perimeterx-sdk	6.9.5	-	b1c1e1f967c6bcc8a56beb09988c01c9e102e5a7
com.perimeterx	perimeterx-sdk	6.9.5	6.9.5-jar-with-dependencies	64f945a2b89b2aee28173c73c233b2ad2ab07a56
com.placetopay	java-placetopay	1.0.4	-	489db1e8585f7940722442f0604f844400590f0b
com.placetopay	java-placetopay	1.0.5	-	80ee44818c2317c8a0bc516f43a83e93ded35f4b
com.placetopay	java-placetopay	1.0.6	-	23070e7b6885912037ce635d99e83e1ba5a4038d
com.placetopay	java-placetopay	1.0.7	-	df541e5297149aa2b91e531b23f0373525fd466d
com.placetopay	java-placetopay	1.0.8	-	ac621e8f4934c2df556bba481b69dbe76012d78f
com.placetopay	java-placetopay	2.0.0	-	92fbf5cc14080e97b3666629ab6ddc529367b827
com.placetopay	java-placetopay	2.0.1	-	da2fbd328844f8357802e1796f4df8b4f69d1075
com.placetopay	java-placetopay	2.0.2	-	e559afea77abe70b49026ad5a4557685de567651
com.placetopay	java-placetopay	2.0.3	-	af68dc40cfc73eb871bac602da14437ad1f7ae84
com.planbase.pdf	Tainted	0.0.4	-	9d7277aa22fe02ab945a4aa64db52098a83e1841
com.r0adkll.kimchi	kimchi-circuit-annotations-macosarm64	0.1.0	0.1.0-metadata	acfb9c1f9a88e71bfee8eb7b6230ab2f1614d156
com.r0adkll.kimchi	kimchi-circuit-annotations-macosarm64	0.1.1	0.1.1-metadata	acfb9c1f9a88e71bfee8eb7b6230ab2f1614d156
com.r0adkll.kimchi	kimchi-circuit-annotations-macosarm64	0.2.0	0.2.0-metadata	173c89b89a402b3122628998df2bce440422ae97
com.r0adkll.kimchi	kimchi-circuit-annotations-macosarm64	0.3.0	0.3.0-metadata	552ddacc503117bb9c3db6f5d669d0bff464be94
com.r0adkll.kimchi	kimchi-circuit-annotations-macosarm64	0.3.1	0.3.1-metadata	552ddacc503117bb9c3db6f5d669d0bff464be94
com.r0adkll.kimchi	kimchi-circuit-annotations-macosarm64	0.4.0	0.4.0-metadata	d8aba0150a1885bed5a919d35f81bb3416914054
com.r0adkll.kimchi	kimchi-circuit-annotations-macosarm64	0.5.1	0.5.1-metadata	012a4298f631a5bfa32e366fc6f02f4c9dea7075
com.sap.cloud.servicesdk.archetypes	odatav4	1.13.1	-	4683f3d33091402d22a67a955b335a06ed86d021
com.sap.cloud.servicesdk.archetypes	odatav4	1.14.0	-	ae75ca9765b2a827ac6214003e777a0afae02aa4
com.sap.cloud.servicesdk.archetypes	odatav4	1.14.2	-	544bc2df11d6b80728214ae3f54184004144e469
com.sap.cloud.servicesdk.archetypes	odatav4	1.15.0	-	30eb1d93dc14eb9e44493838c3f70c73b3eda5f7
com.sap.cloud.servicesdk.archetypes	odatav4	1.15.1	-	fcfda0ab812304bb92143b7700d15a3b54dbcab2
com.sap.cloud.servicesdk.archetypes	odatav4	1.15.2	-	e5db4388ece9d3b58c8d52d2326c6d38fe30e208
com.sap.cloud.servicesdk.archetypes	odatav4	1.16.1	-	a89e2847b5f198ee8aa3c3e56a9d2058aba0cc44
com.sap.cloud.servicesdk.archetypes	odatav4	1.17.0	-	a9acc20b1ad72836b91c34c53db653609063250f
com.sap.cloud.servicesdk.archetypes	odatav4	1.17.1	-	f4fec6ce94467360bc38e927189e837d7bb5f113
com.sap.cloud.servicesdk.archetypes	odatav4	1.18.0	-	e5606f0b67f0c56c02ddf83627ce3d3ad590af59
com.sap.cloud.servicesdk.archetypes	odatav4	1.19.0	-	2d76316a30249a269f15bcf3c618a497b0106380
com.sap.cloud.servicesdk.archetypes	odatav4	1.20.1	-	d5fd6c50fa542abfb8fcf7bd26f50b780e23f824
com.sap.cloud.servicesdk.archetypes	odatav4	1.21.1	-	862a0f7ee1ef29ef3e49788bbb29b0d79d4d908a
com.sap.cloud.servicesdk.archetypes	odatav4	1.22.0	-	9faf851edfa29698a8a1dcdf6ff160668953e139
com.sap.cloud.servicesdk.archetypes	odatav4	1.23.0	-	acb3422a65bde2881d8ffe513f376f4ad21ddc2f
com.sap.cloud.servicesdk.archetypes	odatav4	1.24.0	-	b3f087a241931d232f1fd99163299642ad3fd1d9
com.sap.cloud.servicesdk.archetypes	odatav4	1.25.0	-	bd128a25828967bac6ac983b748497176ce983be
com.sap.cloud.servicesdk.archetypes	odatav4	1.26.0	-	36e1a0c458ce8fc01e3c144ee8549649bc803006
com.sap.cloud.servicesdk.archetypes	odatav4	1.27.0	-	6f6fa33e13903b30f782bf92fa02a144b03f7af4
com.sap.cloud.servicesdk.archetypes	odatav4	1.28.0	-	60b91d60e582aa324ac808454543bbd03eed1963
com.sap.cloud.servicesdk.archetypes	odatav4	1.28.1	-	111b35b5c7ac8b7b57bcf8ac36a0f04af53fafae
com.sap.cloud.servicesdk.archetypes	odatav4	1.28.2	-	e7091fcbe0b353579233a82d7287cd649c11ed33
com.sap.cloud.servicesdk.archetypes	odatav4	1.29.0	-	99bc7f7e219dd6d02fcd901df4ab53000c7b276d
com.sap.cloud.servicesdk.archetypes	odatav4	1.29.5	-	7c60795daeea00e39fe2c06b0406a81784c191dc
com.sap.cloud.servicesdk.archetypes	odatav4	1.30.0	-	1391af0b0c28c1cb96d020a8cdf7b4b747121126
com.sap.cloud.servicesdk.archetypes	odatav4	1.30.1	-	136c7a4c91ae1b1833ad2c254472aeefc9d2cd82
com.sap.cloud.servicesdk.archetypes	odatav4	1.31.0	-	74e56843d0eeacc319d4ac27dda8526b908ab8f1
com.sap.cloud.servicesdk.archetypes	odatav4	1.31.1	-	811ec8aaa24c33bf65f2e5b79d11d83d37cb28fd
com.sap.cloud.servicesdk.archetypes	odatav4	1.31.2	-	beefbe48c92dbbc069d295edfef17955b0203156
com.sap.cloud.servicesdk.archetypes	odatav4	1.31.3	-	a218689f9271c5ef3f911bbd9ce2528566b0d542
com.sap.cloud.servicesdk.archetypes	odatav4	1.32.0	-	d2a1618858cd2d2641f68b06ddd478db970fa660
com.sap.cloud.servicesdk.archetypes	odatav4	1.32.3	-	fa917390353a6f8bc295d8e7b1964b5e08769783
com.sap.cloud.servicesdk.archetypes	odatav4	1.32.5	-	ab06efba27851ae49e4a4e4e78634f701d99ba9e
com.sap.cloud.servicesdk.archetypes	odatav4	1.33.0	-	e8949846853e17face6a16f8ea98e9d18bc46b34
com.sap.cloud.servicesdk.archetypes	odatav4	1.33.13	-	e73fed9f5878684304cc25e0d890d1a30c1a6339
com.sap.cloud.servicesdk.archetypes	odatav4	1.33.14	-	36cd8ebd20ff7c89d147ae5fb94106edc67a4784
com.sap.cloud.servicesdk.archetypes	odatav4	1.34.1	-	0a1106adc5316485dc533a8b503a6cdbd22684cd
com.sap.cloud.servicesdk.archetypes	odatav4	1.34.4	-	dd70b2625402f4aeaae88b6af7830a7516dff20e
com.sap.cloud.servicesdk.archetypes	odatav4	1.34.7	-	b741a42893f73a5331fe309027142acd6941b6db
com.sap.cloud.servicesdk.archetypes	odatav4	1.34.8	-	d73f800da8ffd22aa3c4b19acf19162de6a41d7b
com.sap.cloud.servicesdk.archetypes	odatav4	1.35.0	-	801cbfd658d997ed8c9dd645b006dc3f36cf4cac
com.sap.cloud.servicesdk.archetypes	odatav4	1.35.2	-	6b01a427e8a2d5838cf9db7b4edba540eb601dd2
com.sap.cloud.servicesdk.archetypes	odatav4	1.35.4	-	61d90d71c064f00ce3bc76374888e00317cd7790
com.sap.cloud.servicesdk.archetypes	odatav4	1.36.0	-	009dd0a00ca3ed871bb8e22c83241864281fbfc5
com.sap.cloud.servicesdk.archetypes	odatav4	1.36.1	-	a801f7ced97600bcbede0490f8c01ea6edb83afd
com.sap.cloud.servicesdk.archetypes	odatav4	1.36.2	-	cbfc09c7b84ba1f637af98c67b63415b214d58bd
com.sap.cloud.servicesdk.archetypes	odatav4	1.37.0	-	4dc3c06f2d1cf9c52dbf93739bc6aed6bcac018e
com.sap.cloud.servicesdk.archetypes	odatav4	1.37.1	-	e9399d82490f931b7ed82a92dc1b11ed4869a99f
com.sap.cloud.servicesdk.archetypes	odatav4	1.38.0	-	2cbf2a399bcc411891b939b1d42dea90ef05c34b
com.sap.cloud.servicesdk.archetypes	odatav4	1.39.0	-	34b1d4611c608b74453e4e45dbfe05c655adeb45
com.sap.cloud.servicesdk.archetypes	odatav4	1.39.3	-	43af75cfd0f968c480c0b0c96b3b0a44ed0abd96
com.sap.cloud.servicesdk.archetypes	odatav4	1.40.0	-	064cb7d08b6db0607383bd8ae0e53e43a9268ceb
com.sap.cloud.servicesdk.archetypes	odatav4	1.40.1	-	7c4b11a5c935a12a4212a256994ff54a96c507bf
com.sap.cloud.servicesdk.archetypes	odatav4	1.40.11	-	d09a091a937aa77419b59a33aef10a271648f526
com.sap.cloud.servicesdk.archetypes	odatav4	1.40.2	-	5579e4d70c8326ba821347c6fb5a7ae7ff53f492
com.sap.cloud.servicesdk.archetypes	odatav4	1.40.6	-	e92c3aa534873b65cc1738217e9b753efdf8aed9
com.saveourtool.save	save-common	0.3.10	-	efe8e72dba6b620737579418c174efc453a550f8
com.saveourtool.save	save-common	0.3.2	-	1bd49d33b2e4e9b1a76597539f8b9dca2a96b670
com.saveourtool.save	save-common	0.3.3	-	01ba63cfe727fcaf57e195a365c2a2e9400561b2
com.saveourtool.save	save-common	0.3.4	-	29568debcca456b93571d2d46a6b01c1dfc8b401
com.saveourtool.save	save-common	0.3.5	-	5a28d6e19b929c7cc79c4926d24125a5af148fa9
com.saveourtool.save	save-common	0.3.6	-	f06567b16fbf8d3846dd0aae198fde3623f36d63
com.saveourtool.save	save-common	0.3.7	-	ca75173af7b38c7835b770ad4447b3acb32bf4f7
com.saveourtool.save	save-common	0.3.8	-	e94327d72aa16c850cc898ab2ccfb851fa9e5a04
com.saveourtool.save	save-common	0.3.9	-	e94327d72aa16c850cc898ab2ccfb851fa9e5a04
com.snowplowanalytics	scala-maxmind-iplookups_2.12	0.4.0	-	aba21955e447705a332d65ce78ba0115e205b821
com.snowplowanalytics	scala-maxmind-iplookups_2.12	0.4.0-M2	-	cedccce3ac91d41fbacbff793f375ebc6c8c5c6e
com.snowplowanalytics	scala-maxmind-iplookups_2.12	0.5.0	-	316740b547762e9b38e5db8b40da6f3a75bf14c4
com.snowplowanalytics	scala-maxmind-iplookups_2.12	0.5.0-M1	-	0b8cb0925a7467f61275b1cb72dc7cd503bcba30
com.snowplowanalytics	scala-maxmind-iplookups_2.12	0.6.0	-	d26ed1139b2ff376f3a423724a54f35a58cc13be
com.snowplowanalytics	scala-maxmind-iplookups_2.12	0.6.0-M1	-	e875704b1195c3a9f178bfcdeb38bec7a68e5683
com.snowplowanalytics	scala-maxmind-iplookups_2.12	0.6.1	-	c1c0bc05240ad26788ca4bb5f52378f1b0af22a1
com.snowplowanalytics	scala-maxmind-iplookups_2.12	0.6.1-M1	-	96cdd1e38937f5be9073e0cdeae26d89a3985543
com.snowplowanalytics	scala-maxmind-iplookups_2.12	0.7.0	-	f2e449b68b60d2a97000c84ff3486b85da51fe9d
com.snowplowanalytics	scala-maxmind-iplookups_2.12	0.7.1	-	8bf52cec6fe6fdba8d44fea803a356b4e96b2961
com.snowplowanalytics	scala-maxmind-iplookups_2.12	0.7.2	-	0eea82ed791f91cfc1f60aeb8433ecfeb78809d0
com.snowplowanalytics	scala-maxmind-iplookups_2.12	0.7.2-M1	-	f318dcfa592136cdeb31a3ad40b3005bc1e539db
com.snowplowanalytics	scala-maxmind-iplookups_2.12	0.7.2-M2	-	93daf0c74630228d874f1d227f59a0653e9c5cb9
com.snowplowanalytics	scala-maxmind-iplookups_2.12	0.8.0	-	6a52287eb9a747b3900d122be641bcd599e306b9
com.snowplowanalytics	scala-maxmind-iplookups_2.12	0.8.0-M1	-	9d9f85fdff3238103e44ff18c95190e7dd15534e
com.snowplowanalytics	scala-maxmind-iplookups_2.12	0.8.1	-	0b834cb058fe297fb8eea8ab99b8d2189db26ef5
com.softwaremill.sttp.client	json4s_2.11	2.0.0	-	a443a16444cef18710a4cc1ddba6c35ac6a3385e
com.softwaremill.sttp.client	json4s_2.11	2.0.0-M1	-	c600c4e39344ce7ec5eeabf00c2dedf09d903409
com.softwaremill.sttp.client	json4s_2.11	2.0.0-M10	-	6614a5bdf570535af998ab56695eaf251c1cea70
com.softwaremill.sttp.client	json4s_2.11	2.0.0-M11	-	a0385be2e127bdf52a0b726e8667e1d418294aa3
com.softwaremill.sttp.client	json4s_2.11	2.0.0-M2	-	ea44f0f45d526903cce62071e38d41688d25a5c8
com.softwaremill.sttp.client	json4s_2.11	2.0.0-M3	-	e8544a74373f1ecedae9d02d740211580f814bdd
com.softwaremill.sttp.client	json4s_2.11	2.0.0-M4	-	751a0e02eb10f89de64c24dd38ef39e79553ea10
com.softwaremill.sttp.client	json4s_2.11	2.0.0-M5	-	e1ddbab598b2c6013902015fc9d5e0b213a2a302
com.softwaremill.sttp.client	json4s_2.11	2.0.0-M6	-	7058b17bd951467540481d8ac91e659fb620cf7f
com.softwaremill.sttp.client	json4s_2.11	2.0.0-M7	-	31334138e69b7ad873ae4d94f056dc616aad17fb
com.softwaremill.sttp.client	json4s_2.11	2.0.0-M8	-	b31b383f81b00e85c66e8894c57e457ce546b7e7
com.softwaremill.sttp.client	json4s_2.11	2.0.0-M9	-	17647a9c3d6fddeb6fb2f9786acc89aee5898743
com.softwaremill.sttp.client	json4s_2.11	2.0.0-RC1	-	298e7228cbaa2b268b671a3555e7476f48fc76b2
com.softwaremill.sttp.client	json4s_2.11	2.0.0-RC10	-	36b918f407efc3f2d5bade103a533c6b69894b3e
com.softwaremill.sttp.client	json4s_2.11	2.0.0-RC11	-	75d65978903191207fc48466f1ecb03e7fe442c3
com.softwaremill.sttp.client	json4s_2.11	2.0.0-RC12	-	e57c8eff12c5ece2fe7d8d53d1c89f25ea61a30d
com.softwaremill.sttp.client	json4s_2.11	2.0.0-RC13	-	bffc7730ae084bdd49dc14159ee068b100ed8198
com.softwaremill.sttp.client	json4s_2.11	2.0.0-RC2	-	26fced84f12c4ce3a2444721f02ea2d3729d04c9
com.softwaremill.sttp.client	json4s_2.11	2.0.0-RC3	-	dafc3979c8fe45327a59dc88dd9bebb95ff3fad8
com.softwaremill.sttp.client	json4s_2.11	2.0.0-RC4	-	3ecb8e39e00e78387048fe4930448aa0e7217581
com.softwaremill.sttp.client	json4s_2.11	2.0.0-RC5	-	6f0f2e26c5dc3e234ea24dd7e706bbe79b3356b1
com.softwaremill.sttp.client	json4s_2.11	2.0.0-RC6	-	3a67ae0070bca78ebeb2b179885ef8ab0f37db78
com.softwaremill.sttp.client	json4s_2.11	2.0.0-RC7	-	c44e2c1189e68b130f8dad277abada5f3694e22e
com.softwaremill.sttp.client	json4s_2.11	2.0.0-RC8	-	8533800181e76afdb16cf0b4e63291da4d61c816
com.softwaremill.sttp.client	json4s_2.11	2.0.0-RC9	-	511db5518fb0bccd49da230e4dab119992a3011e
com.softwaremill.sttp.client	json4s_2.11	2.0.1	-	81c68d5fdc1ad78639b9a5cb688471fd9a44f74e
com.softwaremill.sttp.client	json4s_2.11	2.0.2	-	175ad5dbc124c035b62bf2a649ce9569b057a5a4
com.softwaremill.sttp.client	json4s_2.11	2.0.3	-	0316f10e17e4598de24aacc1cab1b12d7214d75a
com.softwaremill.sttp.client	json4s_2.11	2.0.4	-	843b97bae3f46366e52e94f9e0f8607f10119d6a
com.softwaremill.sttp.client	json4s_2.11	2.0.5	-	b8649ef14c4661f5c3a4324000b1f5c6d16d3b45
com.softwaremill.sttp.client	json4s_2.11	2.0.6	-	259378c3e57f3f327aa9bd186a4ce4839318bff2
com.softwaremill.sttp.client	json4s_2.11	2.0.7	-	8dd29025955887b4ff060ec9c0a0d9ce909ab8fb
com.softwaremill.sttp.client	json4s_2.11	2.0.8	-	c9cf3678261e5242594c085d063f87deba903dea
com.softwaremill.sttp.client	json4s_2.11	2.0.9	-	f2ce604666192e12c382f56b532043b2927ef2c9
com.softwaremill.sttp.client	json4s_2.11	2.1.0	-	df405fb07356ee7672c40e7c8980bfee0d30fcba
com.softwaremill.sttp.client	json4s_2.11	2.1.0-RC1	-	9f1470379a3daee8ef81de713c5863a3fde1865b
com.softwaremill.sttp.client	json4s_2.11	2.1.1	-	6c5f307d876fbfe473f4feaf7d76821999c79dce
com.softwaremill.sttp.client	json4s_2.11	2.1.2	-	740a44fc5f808e6c1f2971c4520e251b06e87db1
com.softwaremill.sttp.client	json4s_2.11	2.1.4	-	54b6a3a9b1e321ce8342f24182bc821b5b8bdfe7
com.softwaremill.sttp.client	json4s_2.11	2.1.5	-	225fd358c6a729ff39d4fe016375415e7d118117
com.softwaremill.sttp.client	json4s_2.11	2.2.0	-	ad5e878613de22db8aefdd827eb7a6766e7b09bd
com.softwaremill.sttp.client	json4s_2.11	2.2.1	-	08480bfe5ccb3605f6f15455f7533dd026291a42
com.softwaremill.sttp.client	json4s_2.11	2.2.10	-	5f398fb1a4980b7d276e843d330d44e922e16848
com.softwaremill.sttp.client	json4s_2.11	2.2.2	-	6bd8f7f2980a0f02aa40a6731b237163526169d3
com.softwaremill.sttp.client	json4s_2.11	2.2.3	-	98fc3635ddee4e238f885f4da586fc72ada9bb87
com.softwaremill.sttp.client	json4s_2.11	2.2.4	-	ebea44131803e4a35f589ce1ca3bb9c650b8c917
com.softwaremill.sttp.client	json4s_2.11	2.2.5	-	5d76f5f84f693f40e9729556ca7cf959b7a48dba
com.softwaremill.sttp.client	json4s_2.11	2.2.6	-	b24f6c3cbe2d585ed11dbf7fd8efc140c3a469a6
com.softwaremill.sttp.client	json4s_2.11	2.2.7	-	fb81b20bfc839512930bc59bc12060daa6c25901
com.softwaremill.sttp.client	json4s_2.11	2.2.8	-	e239c7ce93124973ba2ae76c64498ed8bc5c1992
com.softwaremill.sttp.client	json4s_2.11	2.2.9	-	208a5e0174b5549d2513ac76f6eb5b76ecc0992d
com.softwaremill.sttp.client	json4s_2.11	2.3.0	-	28dd66dbffd0766b1494b47f8d923b3b8a13cdb2
com.softwaremill.sttp.client	json4s_2.11	3.0.0-RC1	-	18b00851e9d736c961169c07ee2d878d29a98e2c
com.softwaremill.sttp.client	json4s_2.11	3.0.0-RC2	-	ee16244aad1f81dafc4d3bf23798b8febfcbebfd
com.softwaremill.sttp.client	json4s_2.11	3.0.0-RC3	-	c3a440d046c9c493b8b10cd5b3b34ba28367a41f
com.softwaremill.sttp.client3	opentracing-backend_3	3.3.11	-	9e2eeea343584a83190d13cb9e459e9f2e2447ea
com.softwaremill.sttp.client3	opentracing-backend_3	3.3.12	-	3a8f8cf38bc2637902a0c19ddce84c7b37b856ea
com.softwaremill.sttp.client3	opentracing-backend_3	3.3.13	-	71d5546b0f61c2227cc3fed532b94ec2202ea2f5
com.softwaremill.sttp.client3	opentracing-backend_3	3.3.14	-	adc8ab66c0722a39759a7cbf4e824b6bae428aca
com.softwaremill.sttp.client3	opentracing-backend_3	3.3.15	-	6ae1ca5739a0c1705226f969fc0fea9feab746bf
com.softwaremill.sttp.client3	opentracing-backend_3	3.3.16	-	29cbcb27b534c7bc49690bbf674bc6d2e602f514
com.softwaremill.sttp.client3	opentracing-backend_3	3.3.17	-	03dcdf91e44175a11abe85185fbfbfa7b2ba3a87
com.softwaremill.sttp.client3	opentracing-backend_3	3.3.18	-	3da38c31a3b15c075360e013513cce11a3c8ba08
com.softwaremill.sttp.client3	opentracing-backend_3	3.3.6	-	b67013c94a6e7d3057e3902a5cc4e67133a4de87
com.softwaremill.sttp.client3	opentracing-backend_3	3.3.7	-	515eb0af917c8e994a2ad7ecabc095d8df33a649
com.softwaremill.sttp.client3	opentracing-backend_3	3.3.9	-	f170e8d3762f4c119aa9b06f1b53d0804dfa7a8e
com.softwaremill.sttp.client3	opentracing-backend_3	3.4.0	-	a692452ae137db2f1817728b674ea86e7d027c6b
com.softwaremill.sttp.client3	opentracing-backend_3	3.4.1	-	515bc649ca5981e03af11a384b3c3bbd9be740f4
com.softwaremill.sttp.client3	opentracing-backend_3	3.4.2	-	7af011ff9c733a33cb2496bf91d746ede3dec155
com.softwaremill.sttp.client3	opentracing-backend_3	3.5.0	-	14bb288d88ca9bb12fcd0d19a6c26713741ffbe0
com.softwaremill.sttp.client3	opentracing-backend_3	3.5.1	-	2ab215951acefc061cd8955785ec97a3e0396fe3
com.softwaremill.sttp.client3	opentracing-backend_3	3.5.2	-	0bc2cdfeb165310ebbe9057b67a00fd1bace2e6c
com.softwaremill.sttp.tapir	tapir-vertx-server_2.13	0.17.10	-	866d3656fdb7ba7f117d5231140ac1623db12679
com.softwaremill.sttp.tapir	tapir-vertx-server_2.13	0.17.11	-	0010dd95ac46256fd89df5e843f037f59256ee9a
com.softwaremill.sttp.tapir	tapir-vertx-server_2.13	0.17.12	-	3d0c729eabb1a078862187b6ec63c06e7766fa90
com.softwaremill.sttp.tapir	tapir-vertx-server_2.13	0.17.13	-	3dd1f6ea374ac43e1c953fbad95ccc3ea8c627c5
com.softwaremill.sttp.tapir	tapir-vertx-server_2.13	0.17.14	-	2719f2a54d30bd54eade07311983ba964200efee
com.softwaremill.sttp.tapir	tapir-vertx-server_2.13	0.17.15	-	065fc2cb91514385ee510769c4eb89698f5eb139
com.softwaremill.sttp.tapir	tapir-vertx-server_2.13	0.17.16	-	d111c3b2f6a20b8496ee15d7a9b9b31b3f676f32
com.softwaremill.sttp.tapir	tapir-vertx-server_2.13	0.17.18	-	95821110dbcb9f61fb51383381520ac0e3d2a951
com.softwaremill.sttp.tapir	tapir-vertx-server_2.13	0.17.19	-	f322067c9b500be83064a6642d7deba06528fcfd
com.softwaremill.sttp.tapir	tapir-vertx-server_2.13	0.17.20	-	191db5ed543291033c51a08b1a28e9fab063ac00
com.softwaremill.sttp.tapir	tapir-vertx-server_2.13	0.17.8	-	2f9e2cb4e5c1de343a8add6a17b473bb6f333232
com.softwaremill.sttp.tapir	tapir-vertx-server_2.13	0.17.9	-	1af95748c9b6b17161605f84cbb26f5e4fb5d16b
com.softwaremill.sttp.tapir	tapir-vertx-server_2.13	0.18.0	-	e93576ea67a5e7425d144ecb34676b321a8fc572
com.softwaremill.sttp.tapir	tapir-vertx-server_2.13	0.18.0-M1	-	38b37c9c4bd47be2400f97a6289ab3a2a9fa0214
com.softwaremill.sttp.tapir	tapir-vertx-server_2.13	0.18.0-M10	-	a00babfcf7074e5d8c9373614352a26449f57f95
com.softwaremill.sttp.tapir	tapir-vertx-server_2.13	0.18.0-M11	-	6bcf740fb942a4e82207ee67ce07163a5b36a2da
com.softwaremill.sttp.tapir	tapir-vertx-server_2.13	0.18.0-M15	-	0d93a5278f987cbf030b33edf1691a36b6f49373
com.softwaremill.sttp.tapir	tapir-vertx-server_2.13	0.18.0-M17	-	25d4ddf5330505780e66bf21106beb47b6279952
com.softwaremill.sttp.tapir	tapir-vertx-server_2.13	0.18.0-M18	-	58d7c65a3c716fcca554694bfb7f2641403ddfc7
com.softwaremill.sttp.tapir	tapir-vertx-server_2.13	0.18.0-M2	-	7d3072bd08015932f13aa8cbc3d223c377581523
com.softwaremill.sttp.tapir	tapir-vertx-server_2.13	0.18.0-M4	-	6e1ad32b7b4e879bb4b8afb2bf1d8cfa8c911256
com.softwaremill.sttp.tapir	tapir-vertx-server_2.13	0.18.0-M5	-	61753b552a5f8bc0f75cce33ef73144c6a1df846
com.softwaremill.sttp.tapir	tapir-vertx-server_2.13	0.18.0-M7	-	f8ad6644da61b56045dee202a15b84750acdd9cc
com.softwaremill.sttp.tapir	tapir-vertx-server_2.13	0.18.0-M8	-	80c099ea83b3ba74962d5d93824355c30e58b0bf
com.softwaremill.sttp.tapir	tapir-vertx-server_2.13	0.18.0-M9	-	946d41de95196ad9db96b56a01c38e5e8b9deb9a
com.softwaremill.sttp.tapir	tapir-vertx-server_2.13	0.18.1	-	757ded8585ab6a3814e34348ef5c8554dd8baca3
com.softwaremill.sttp.tapir	tapir-vertx-server_2.13	0.18.3	-	7d3133c74f9c05f4a50ac6fe72f552b400c2a961
com.softwaremill.sttp.tapir	tapir-vertx-server_2.13	0.19.0	-	880f3507be3b1ea47750cdb305e7db2d587489e0
com.softwaremill.sttp.tapir	tapir-vertx-server_2.13	0.19.0-M1	-	925de96f61ee66b1c89a5df243bcaee998c786db
com.softwaremill.sttp.tapir	tapir-vertx-server_2.13	0.19.0-M10	-	cf55dda597da75b34a20fb2506e2e646a578b53f
com.softwaremill.sttp.tapir	tapir-vertx-server_2.13	0.19.0-M11	-	d2c3db0d71861b7a09b5abfbd812b2639acbdef7
com.softwaremill.sttp.tapir	tapir-vertx-server_2.13	0.19.0-M12	-	041587d8f80eb4997b2c26959e728f716643a600
com.softwaremill.sttp.tapir	tapir-vertx-server_2.13	0.19.0-M13	-	44f83b90abbb37950bf56aaaed1345da6520b1c0
com.softwaremill.sttp.tapir	tapir-vertx-server_2.13	0.19.0-M14	-	c3e402b1076a2493aa52c8d0dd6ec1e53beb7806
com.softwaremill.sttp.tapir	tapir-vertx-server_2.13	0.19.0-M15	-	a8d73cf3bbee99e14399db1cd074cd0314d38e14
com.softwaremill.sttp.tapir	tapir-vertx-server_2.13	0.19.0-M16	-	128a8065d6246c5421434f0d8cf6181e74964e77
com.softwaremill.sttp.tapir	tapir-vertx-server_2.13	0.19.0-M2	-	47322cadb08fa921111de6ec70ca6b0cb88a54e8
com.softwaremill.sttp.tapir	tapir-vertx-server_2.13	0.19.0-M3	-	6ec0159e674c4ac486d18a20ee380a96126ae584
com.softwaremill.sttp.tapir	tapir-vertx-server_2.13	0.19.0-M4	-	8e9db107e7112d19c43ef6d8cb66ce0a26a0b960
com.softwaremill.sttp.tapir	tapir-vertx-server_2.13	0.19.0-M5	-	2b764890eac9593bc99dc62a38adf8201d4bd158
com.softwaremill.sttp.tapir	tapir-vertx-server_2.13	0.19.0-M7	-	6bfe732187b13975b5abe09b8b01d78ec495e245
com.softwaremill.sttp.tapir	tapir-vertx-server_2.13	0.19.0-M8	-	7bff2e9454b59d39164556778efcd0a73fa24c60
com.softwaremill.sttp.tapir	tapir-vertx-server_2.13	0.19.0-M9	-	60817944854c9778f47b5f9c9c97e1acc61612e5
com.softwaremill.sttp.tapir	tapir-vertx-server_2.13	0.19.1	-	8f1808e5ddbd0d1302064b37ffc8f2d84edb7e73
com.softwaremill.sttp.tapir	tapir-vertx-server_2.13	0.19.3	-	95bb4c2d8eb74dfb6fe564e060fe858475be2505
com.softwaremill.sttp.tapir	tapir-vertx-server_2.13	0.19.4	-	7714e15d2c96b586a837015e13425aec68ee02c5
com.softwaremill.sttp.tapir	tapir-vertx-server_2.13	0.20.0	-	69862992852d4972af08b903ce005553c7fc04ad
com.softwaremill.sttp.tapir	tapir-vertx-server_2.13	0.20.0-M10	-	60759bc94d08da9cd818c93b8827ad48af5c639e
com.softwaremill.sttp.tapir	tapir-vertx-server_2.13	0.20.0-M2	-	be938af43a4ed02e365113c127da123247718ed0
com.softwaremill.sttp.tapir	tapir-vertx-server_2.13	0.20.0-M3	-	aea83d09a198b3ae41db5bc79c5201de8e466a24
com.softwaremill.sttp.tapir	tapir-vertx-server_2.13	0.20.0-M4	-	7ab5264e35c279cb52d78686945ea8b5beed6917
com.softwaremill.sttp.tapir	tapir-vertx-server_2.13	0.20.0-M5	-	79c8dac78aeab2888da21a7a5b765de9fd9dc678
com.softwaremill.sttp.tapir	tapir-vertx-server_2.13	0.20.0-M6	-	657899c40ed3b9dee60faa18653167c8a34b1def
com.softwaremill.sttp.tapir	tapir-vertx-server_2.13	0.20.0-M7	-	98074c37b42b829e18fe7cdbbca9739b3906e6e5
com.softwaremill.sttp.tapir	tapir-vertx-server_2.13	0.20.0-M8	-	fe5277a8fe530ccbeb108ce033c65100ee6f3538
com.softwaremill.sttp.tapir	tapir-vertx-server_2.13	0.20.0-M9	-	99e3e971eed8af78287346e2dc8dde798296b17a
com.softwaremill.sttp.tapir	tapir-vertx-server_2.13	0.20.1	-	79b53ca93ee6b47b13271787f990defd6b6f2088
com.softwaremill.sttp.tapir	tapir-vertx-server_2.13	0.20.2	-	72eabae8b683671832591c3d83c5aeb04063da95
com.softwaremill.sttp.tapir	tapir-vertx-server_2.13	1.0.0	-	35252b58c7ca70c58675f9dee02f66a30b280c28
com.softwaremill.sttp.tapir	tapir-vertx-server_2.13	1.0.0-M1	-	e536a8e548f8ab28e70e0cb95167d01dfa1da8fe
com.softwaremill.sttp.tapir	tapir-vertx-server_2.13	1.0.0-M2	-	c7ca788b04dc77c3b43f0aa011371a8e763f6a58
com.softwaremill.sttp.tapir	tapir-vertx-server_2.13	1.0.0-M3	-	71e1e55dfeb85981b7cd474623c5e9ac7647faa9
com.softwaremill.sttp.tapir	tapir-vertx-server_2.13	1.0.0-M4	-	64b5ada358d3dd4927ef65bd781badf329cc52e8
com.softwaremill.sttp.tapir	tapir-vertx-server_2.13	1.0.0-M5	-	266692b9cd914144b31125628cfbed73e87e8557
com.softwaremill.sttp.tapir	tapir-vertx-server_2.13	1.0.0-M6	-	7d8e18aa90d49a62bdf29918bbeaae27367315bb
com.softwaremill.sttp.tapir	tapir-vertx-server_2.13	1.0.0-M7	-	47f86b4f55e765f03a3a643f1b71069f39a08aaa
com.softwaremill.sttp.tapir	tapir-vertx-server_2.13	1.0.0-M8	-	d10711a766bd5af0ed7274ccbe1e5bf57b2efea8
com.softwaremill.sttp.tapir	tapir-vertx-server_2.13	1.0.0-M9	-	b28b458c3fffdc7debf777773782a1571fb5c86f
com.softwaremill.sttp.tapir	tapir-vertx-server_2.13	1.0.0-RC1	-	ca4b3388d4b31823901e982f829fff0f4bae7569
com.softwaremill.sttp.tapir	tapir-vertx-server_2.13	1.0.0-RC2	-	f27a64ce2cfa8afec1142967380dff3b98625c9a
com.softwaremill.sttp.tapir	tapir-vertx-server_2.13	1.0.0-RC3	-	eeda1b79c4c06fc4719e079270be06eb3772b743
com.softwaremill.sttp.tapir	tapir-vertx-server_2.13	1.0.1	-	608e19966b1e91265f7f9cb66fed486a23543b80
com.softwaremill.sttp.tapir	tapir-vertx-server_2.13	1.0.2	-	c39e563d6359a191f17173283f79ad94e39e0f99
com.softwaremill.sttp.tapir	tapir-vertx-server_2.13	1.0.3	-	634009d31e3272589771236ef4da58f9fb0bdd17
com.softwaremill.sttp.tapir	tapir-vertx-server_2.13	1.0.4	-	0096d46eb43acff751a73808a5705b2de6500e01
com.softwaremill.sttp.tapir	tapir-vertx-server_2.13	1.0.5	-	ec51e759f237dd5a5557f19d0a88df67f589c9f5
com.softwaremill.sttp.tapir	tapir-vertx-server_2.13	1.0.6	-	141a6270c306cf9804b43a7f88bcc540b6999c20
com.softwaremill.sttp.tapir	tapir-vertx-server_2.13	1.1.0	-	1972871d31d6cedafb45ad840670395a31545288
com.softwaremill.sttp.tapir	tapir-vertx-server_2.13	1.1.1	-	2b4a800771898cc512f3e7f00d0f999b02f63266
com.softwaremill.sttp.tapir	tapir-vertx-server_2.13	1.1.2	-	2ff7b90b6e33457b56b4eabe57391718c0ec159e
com.softwaremill.sttp.tapir	tapir-vertx-server_2.13	1.1.3	-	3f37d1c03dff84fa39f90f04856512364ae4befe
com.softwaremill.sttp.tapir	tapir-vertx-server_2.13	1.1.4	-	7af23ded6789874387fafbd20bce875c85943490
com.softwaremill.sttp.tapir	tapir-vertx-server_2.13	1.10.0	-	d6235cd66aff4ab7509d4727c6ce1bdd496362a2
com.softwaremill.sttp.tapir	tapir-vertx-server_2.13	1.10.10	-	ef4817e4e1aba42bcea8d26edbcd1bf7eebc1ffa
com.softwaremill.sttp.tapir	tapir-vertx-server_2.13	1.10.11	-	0629491c2b3845bdc229828b788e2beaa9d452cd
com.softwaremill.sttp.tapir	tapir-vertx-server_2.13	1.10.12	-	ed62f3233a8a89d5647ab2234c6825a872539c51
com.softwaremill.sttp.tapir	tapir-vertx-server_2.13	1.10.13	-	eaf79165cb66ae97a9edbe352a49119d9440e417
com.softwaremill.sttp.tapir	tapir-vertx-server_2.13	1.10.14	-	90ab87fc2741a707d1f01fcd022c42ab8ad25934
com.softwaremill.sttp.tapir	tapir-vertx-server_2.13	1.10.15	-	e2f07851463e2cfc02793cde7185c9f0f72dc38c
com.softwaremill.sttp.tapir	tapir-vertx-server_2.13	1.10.3	-	cf1026b9fffbe539f6ce34db495427c156fe78b4
com.softwaremill.sttp.tapir	tapir-vertx-server_2.13	1.10.4	-	a5823bc4195f8a17b5d397603fe586632d4e2be1
com.softwaremill.sttp.tapir	tapir-vertx-server_2.13	1.10.5	-	05e8a75d24e3e53f977413ee953c00a2f2bed377
com.softwaremill.sttp.tapir	tapir-vertx-server_2.13	1.10.6	-	78536d530dae11b808169281119291bc9424d1dd
com.softwaremill.sttp.tapir	tapir-vertx-server_2.13	1.10.7	-	664866d6f06a0ebad730c0f3a40aa9789840a0be
com.softwaremill.sttp.tapir	tapir-vertx-server_2.13	1.10.8	-	474ec4f36383f0d69bb132bbd9fd0b58460cd4dd
com.softwaremill.sttp.tapir	tapir-vertx-server_2.13	1.10.9	-	ed0e6934766855c25346264ff90fd2cdeea900b0
com.softwaremill.sttp.tapir	tapir-vertx-server_2.13	1.11.0	-	f4d0b7b5037825973f0d0d083ca72aa6da994698
com.softwaremill.sttp.tapir	tapir-vertx-server_2.13	1.11.1	-	7f33e803156a0f6b265b35b0dc7ab303626633cb
com.softwaremill.sttp.tapir	tapir-vertx-server_2.13	1.11.10	-	a3b3107aba09a329c2bdaa9cf37432e3f8726790
com.softwaremill.sttp.tapir	tapir-vertx-server_2.13	1.11.11	-	8135882f820d534121d7428a84ab0dfc8c1f61c1
com.softwaremill.sttp.tapir	tapir-vertx-server_2.13	1.11.12	-	418a50accbee16659ced0de33813ca154ff70d40
com.softwaremill.sttp.tapir	tapir-vertx-server_2.13	1.11.13	-	88b363bc1cf3accc9b5400620b4044e6e8bb063a
com.softwaremill.sttp.tapir	tapir-vertx-server_2.13	1.11.14	-	902a423fc5143a114018dbde4ded216d47aaa4ef
com.softwaremill.sttp.tapir	tapir-vertx-server_2.13	1.11.15	-	ca05525fe922fd3aff9373fb2615c9b2badaf95f
com.softwaremill.sttp.tapir	tapir-vertx-server_2.13	1.11.16	-	ab875f0d65bdc2a9d0508fb41483e73378f4c0f3
com.softwaremill.sttp.tapir	tapir-vertx-server_2.13	1.11.17	-	8028cd42a86d4f56b46af66aef982294e55a5af2
com.softwaremill.sttp.tapir	tapir-vertx-server_2.13	1.11.18	-	4e8dd0b8f820e2aeb2a78c9bff789ec9f1e8dfd1
com.softwaremill.sttp.tapir	tapir-vertx-server_2.13	1.11.19	-	f2474730536203c56bab20092c18a75ffaa4fc22
com.softwaremill.sttp.tapir	tapir-vertx-server_2.13	1.11.2	-	76a7572582f47112583427932cac93f345c35b86
com.softwaremill.sttp.tapir	tapir-vertx-server_2.13	1.11.20	-	df5f62acd0899b559c7f34b160b7591a377a0c5b
com.softwaremill.sttp.tapir	tapir-vertx-server_2.13	1.11.21	-	48306464301aadeae2ad05aa0843b01e2fc8dc6b
com.softwaremill.sttp.tapir	tapir-vertx-server_2.13	1.11.22	-	4f0673ff02475ae4928b44b1636d46fed11caa46
com.softwaremill.sttp.tapir	tapir-vertx-server_2.13	1.11.23	-	ac2ea1afda87263c85daad6fc90fd630d2bb8cd4
com.softwaremill.sttp.tapir	tapir-vertx-server_2.13	1.11.24	-	845a1cf465934aca128ab1f9885e968cddb41cf2
com.softwaremill.sttp.tapir	tapir-vertx-server_2.13	1.11.25	-	e64ae0b5a80ea4f65ae7264ee2a404d822f81390
com.softwaremill.sttp.tapir	tapir-vertx-server_2.13	1.11.3	-	464c2558a5e66369bc556710f2340571d3219e67
com.softwaremill.sttp.tapir	tapir-vertx-server_2.13	1.11.4	-	a951b7d278fa02f5551250c4342626d8ad77b72b
com.softwaremill.sttp.tapir	tapir-vertx-server_2.13	1.11.5	-	698014ebc3a7d30958221b24e00d8016d5d38b80
com.softwaremill.sttp.tapir	tapir-vertx-server_2.13	1.11.6	-	b74b1602988f75f23ff63ce9e21e534c19d4fbb4
com.softwaremill.sttp.tapir	tapir-vertx-server_2.13	1.11.7	-	6b4812313f89cef7cb781bceffd74cca71f14b44
com.softwaremill.sttp.tapir	tapir-vertx-server_2.13	1.11.8	-	8900d62165b3d9645a5faae60f62a3877ac0760c
com.softwaremill.sttp.tapir	tapir-vertx-server_2.13	1.11.9	-	31277cf0f71047fb9d5f357f32498a2e52128077
com.softwaremill.sttp.tapir	tapir-vertx-server_2.13	1.2.0	-	09f08a87563e01db0421de838aa5d5751cd87441
com.softwaremill.sttp.tapir	tapir-vertx-server_2.13	1.2.1	-	21d6476d5930d853ff057f4b2ca0b7c611a2b4f6
com.softwaremill.sttp.tapir	tapir-vertx-server_2.13	1.2.10	-	f8f964c8f83be56b6697f98089d519bdd8ae531e
com.softwaremill.sttp.tapir	tapir-vertx-server_2.13	1.2.11	-	d0c900d5a8d7ae16035cee3ca7ef49c909c4722e
com.softwaremill.sttp.tapir	tapir-vertx-server_2.13	1.2.12	-	17242a2cff26959763317df208d49f8d1efc5c3e
com.softwaremill.sttp.tapir	tapir-vertx-server_2.13	1.2.13	-	b441126e33b036bebd7094f8e5ba24e89101908a
com.softwaremill.sttp.tapir	tapir-vertx-server_2.13	1.2.2	-	597358924e3e1fd9183e1ca69fc6cab2f3c4911d
com.softwaremill.sttp.tapir	tapir-vertx-server_2.13	1.2.3	-	308e51e74f6621fecfa4effc8ec8a7b5fc23d9a4
com.softwaremill.sttp.tapir	tapir-vertx-server_2.13	1.2.4	-	f042ae0d26d1d7d9f69bef0ed2a819d83402385e
com.softwaremill.sttp.tapir	tapir-vertx-server_2.13	1.2.5	-	9f6367e7866afb3477d6ae6585531320509e4165
com.softwaremill.sttp.tapir	tapir-vertx-server_2.13	1.2.6	-	5f71a26988996de8d582ae2948bb40efb018a211
com.softwaremill.sttp.tapir	tapir-vertx-server_2.13	1.2.7	-	5c41709c31623ed38ff23b75462428f2147f6a62
com.softwaremill.sttp.tapir	tapir-vertx-server_2.13	1.2.8	-	b0624e544ec4b47b6b4cfb3e36f4ebda15d43c1b
com.softwaremill.sttp.tapir	tapir-vertx-server_2.13	1.2.9	-	eb725b5a53ee3d9e3ef92f82bb470d54d63a450d
com.softwaremill.sttp.tapir	tapir-vertx-server_2.13	1.3.0	-	44711ffad09692281de2cde9904f6ca9d4dc34ce
com.softwaremill.sttp.tapir	tapir-vertx-server_2.13	1.4.0	-	bd94712573b102e6fcf546738b631c43abe34c30
com.softwaremill.sttp.tapir	tapir-vertx-server_2.13	1.5.0	-	7da9336239dc155133ee2df9f35c165c3c381fa9
com.softwaremill.sttp.tapir	tapir-vertx-server_2.13	1.5.1	-	532da5b89abc8fbcb3c51d95074628a684b106a0
com.softwaremill.sttp.tapir	tapir-vertx-server_2.13	1.5.4	-	93c9f2aef2533e367878505af07e5fe2cdf1f77f
com.softwaremill.sttp.tapir	tapir-vertx-server_2.13	1.5.5	-	4e92ea47dcc3c10e8d21819ba25f81a67962e3b9
com.softwaremill.sttp.tapir	tapir-vertx-server_2.13	1.6.0	-	4b841e4b8a48f841602bf1042d4192b83791b451
com.softwaremill.sttp.tapir	tapir-vertx-server_2.13	1.6.1	-	431d84c0b88b2f5d2a99335af66fb61818825420
com.softwaremill.sttp.tapir	tapir-vertx-server_2.13	1.6.2	-	9ba41f402af50de04290b1ddb05c6989777b22b8
com.softwaremill.sttp.tapir	tapir-vertx-server_2.13	1.6.3	-	c04dc132e83c4c0aa2d3cf11f996a1624a2fe583
com.softwaremill.sttp.tapir	tapir-vertx-server_2.13	1.6.4	-	cc34b5cdf2c0d8f82f56d928207ae69d9d83a4b7
com.softwaremill.sttp.tapir	tapir-vertx-server_2.13	1.7.0	-	165b11bcb0bc86b6c817b1dc30751a3f4bc5574d
com.softwaremill.sttp.tapir	tapir-vertx-server_2.13	1.7.1	-	a06ebd9f5bca97b5217b84983707913614073c95
com.softwaremill.sttp.tapir	tapir-vertx-server_2.13	1.7.2	-	cffe22c5d5c995f43d5feceaddcffa3a651f9d26
com.softwaremill.sttp.tapir	tapir-vertx-server_2.13	1.7.3	-	a5c0a25f3fd8764064641927c5a8fe02507d7590
com.softwaremill.sttp.tapir	tapir-vertx-server_2.13	1.7.4	-	c0091789499c62c5140a25236b40f09720b013d4
com.softwaremill.sttp.tapir	tapir-vertx-server_2.13	1.7.5	-	895e2bd06a6d07f0eef083545524ccf6d6f939a1
com.softwaremill.sttp.tapir	tapir-vertx-server_2.13	1.7.6	-	ac32f6e8e95d2fbda3b26f0fc46e5b14742124b3
com.softwaremill.sttp.tapir	tapir-vertx-server_2.13	1.8.0	-	b110922d8934a4e97d617bf43a29304b986423a1
com.softwaremill.sttp.tapir	tapir-vertx-server_2.13	1.8.1	-	fce5c87df983f2a23e45bac4ec144fa86e3c014d
com.softwaremill.sttp.tapir	tapir-vertx-server_2.13	1.8.2	-	cb0f347d27752ea13a5805c209581ebb91331394
com.softwaremill.sttp.tapir	tapir-vertx-server_2.13	1.8.3	-	cc0bf3949946bdc2503711730496fac51fd63304
com.softwaremill.sttp.tapir	tapir-vertx-server_2.13	1.8.4	-	0fdf007f56890ac02e2e16000f1c82ed24481f17
com.softwaremill.sttp.tapir	tapir-vertx-server_2.13	1.8.5	-	d878a1005bcc8f36c1f6a1a9aa35cc6f0a29bd2c
com.softwaremill.sttp.tapir	tapir-vertx-server_2.13	1.9.0	-	7762ab0049260bdca08c401a7639de9e1b01c232
com.softwaremill.sttp.tapir	tapir-vertx-server_2.13	1.9.1	-	021fbe5623e1718109157cd15e736f8e7f4eb82f
com.softwaremill.sttp.tapir	tapir-vertx-server_2.13	1.9.10	-	55cf44ea452721e1d67e5861edbad909c8e52a78
com.softwaremill.sttp.tapir	tapir-vertx-server_2.13	1.9.11	-	29cf6978ea0c31508a63656da44a2c257b51ba42
com.softwaremill.sttp.tapir	tapir-vertx-server_2.13	1.9.2	-	8b7df884d0362e0153edf259d07c2861a7423187
com.softwaremill.sttp.tapir	tapir-vertx-server_2.13	1.9.3	-	0813102810ad00d1deba60cbad7c64033ec7efdd
com.softwaremill.sttp.tapir	tapir-vertx-server_2.13	1.9.4	-	822f7d295dc13237b9d2481e9caade30a539d8a5
com.softwaremill.sttp.tapir	tapir-vertx-server_2.13	1.9.5	-	ce6a4528b92651dc29ca6d60efd3eb48a93d04e0
com.softwaremill.sttp.tapir	tapir-vertx-server_2.13	1.9.6	-	e7bb7f31f0d86d7a7a499229c2e5b4554aa62c21
com.softwaremill.sttp.tapir	tapir-vertx-server_2.13	1.9.7	-	bb7903c81cf3951fcab443048d3c521c82ef7a13
com.softwaremill.sttp.tapir	tapir-vertx-server_2.13	1.9.8	-	3e5fb06d85f71f10bc46f2704c29a931dfaab69d
com.softwaremill.sttp.tapir	tapir-vertx-server_2.13	1.9.9	-	0677e1f3d689c9702ec81ad1419d1256991d0a02
com.soywiz	korge-core	0.10.0	-	dce7037ab84d56cb1146101d4919324f4a82b69d
com.soywiz	korge-core	0.11.0	-	75853c5c4405bcfb5de069794f9f949ee79c85da
com.soywiz	korge-core	0.12.0	-	76b74204cfea5016d84a746dc3042efe803a9b1b
com.soywiz	korge-core	0.5.2	-	f07697bcc74abfce393392f3ecc6b73e5b397377
com.soywiz	korge-core	0.5.3	-	6e08768a5e3036800a019fa6adfba81723c6539b
com.soywiz	korge-core	0.5.4	-	ee8dc6eebf5c856723f2148e3795b971d0de86fb
com.soywiz	korge-core	0.5.5	-	78ee746cdb762df8d3006af46021eb9f71a31d56
com.soywiz	korge-core	0.5.6	-	cfd8ebfcbafea90c09cb10f55207481e69ba893a
com.soywiz	korge-core	0.5.8	-	128ee73d2f33f0524873289cf03806544191e36a
com.soywiz	korge-core	0.6.0	-	454edc7a1305a0c0ecf2eaf32cb0d7557cc6f455
com.soywiz	korge-core	0.7.0	-	d091c04d19b4829d858d2322b10c2acff279f8a9
com.soywiz	korge-core	0.7.1	-	e76e46c0d615d835990176c94d53984e33a2441e
com.soywiz	korge-core	0.8.0	-	8bb4576a01e0c1c5baad60001841528014d6b431
com.soywiz	korge-core	0.8.1	-	ae9d19091d08f3a42ae14a87cf48fd56b236fa0b
com.soywiz	korge-core	0.8.2	-	3aecda2f907602788661da1686f3c8cf5138a4ef
com.soywiz	korge-core	0.8.3	-	5119064d796d8e99de2e53b0ae28f67b6b17cf70
com.soywiz	korge-core	0.8.4	-	deb70f77fab29227c00259c310fe1ac1834ff121
com.soywiz	korge-core	0.8.5	-	b1b925e1ddbba290f5341ccf2ca053edeb44826c
com.soywiz	korge-core	0.9.0	-	4fdb037c5b2727552f2b0769e877a36a2219478d
com.soywiz	korge-core	0.9.1	-	220a4d66d7ca0c7958d5bd7475f44c8ed7c2833b
com.soywiz.korge	korlibs-memory-jvm	5.4.0	-	825592d96f5e527a293e3204691d1ac8b2f7a95f
com.soywiz.korlibs.kds	kds-jvm	2.0.9	-	ccba0c2098467efda185882d2ac24084fb5528bf
com.soywiz.korlibs.kds	kds-jvm	2.1.1	-	51b63f1c8d008b0327f9f614c92eb8d4ace36530
com.soywiz.korlibs.kds	kds-jvm	2.2.0	-	9e18aa927c1da7ad8e2531273ee6b1ebdd0e7f7f
com.soywiz.korlibs.kds	kds-jvm	2.2.1	-	db5715d782418d79ade5ca8e75d62347e750f3bb
com.soywiz.korlibs.kds	kds-jvm	2.3.0	-	2f1498b45931d5c57ea0dec4574997388d75a9be
com.soywiz.korlibs.kds	kds-jvm	2.3.0-M1	-	45cbdc7755e90b48c346bd64a8c983693854f585
com.soywiz.korlibs.kds	kds-jvm	2.3.0-M2	-	67c0dc86397f6c8351e0d98acdfd63e4ce31a026
com.soywiz.korlibs.kds	kds-jvm	2.3.0-M5	-	2e2c11dccde0b313469d46bfb4e6daf58afcf636
com.soywiz.korlibs.kds	kds-jvm	2.3.1	-	4fba49a98ba1ea7415686370f3583274a00e9fb4
com.soywiz.korlibs.kds	kds-jvm	2.3.2	-	3dd0280586ef9b39551a4fa1e357d4f2c4f54624
com.soywiz.korlibs.kds	kds-jvm	2.3.3	-	71382f450549577d136fc60ab239724f7ee35806
com.soywiz.korlibs.kds	kds-jvm	2.3.4	-	23ac57715bf210a87ab2dbae254f5b88856e5cb2
com.soywiz.korlibs.kds	kds-jvm	2.4.0	-	1f8e00e41099ef3a769e6829f4863c9938d4a9d4
com.soywiz.korlibs.kds	kds-jvm	2.4.1	-	7adf7aa3f55e1aed6dbad3a7f7fc91d2b4131f09
com.soywiz.korlibs.kds	kds-jvm	2.4.10	-	618c35fdb7dd21bc53c97800efc270ab55e85ffb
com.soywiz.korlibs.kds	kds-jvm	2.4.11	-	1238c9b716cec6956b4e6f4f0b4d51ad41e770d6
com.soywiz.korlibs.kds	kds-jvm	2.4.2	-	c29beab7184206586a47b3838f08d0d0b3d28274
com.soywiz.korlibs.kds	kds-jvm	2.4.3	-	eb5af7c5ef15f4ead87ef298adcddcc4782fcc5b
com.soywiz.korlibs.kds	kds-jvm	2.4.4	-	c6e1e12e1e53ea209de1c932016bf548182a2f08
com.soywiz.korlibs.kds	kds-jvm	2.4.5	-	0dc03392635d0bff1102f61a9a704f08f410fd1c
com.soywiz.korlibs.kds	kds-jvm	2.4.6	-	3bc1e10983ddfa19942ceac8481ef44147f2ed31
com.soywiz.korlibs.kds	kds-jvm	2.4.7	-	95d328ad2f3ecf29016d8d4c6a500823d180932f
com.soywiz.korlibs.kds	kds-jvm	2.4.8	-	71dd502524474467992718ad0e6392bb2deda027
com.soywiz.korlibs.kds	kds-jvm	2.4.9	-	19b178ba3c4e7af0b30a3937fd1369f74e5dc912
com.soywiz.korlibs.kds	kds-jvm	2.5.0	-	8b3cb9e00d3953dcd6da6dafb3548e531bfa7f60
com.soywiz.korlibs.kds	kds-jvm	2.5.1	-	612bd89b3a82cebe75ad6399c6359d024ed1e032
com.soywiz.korlibs.kds	kds-jvm	2.5.2	-	a9caebe22514b9cf1db56f0731dcea43e4cb3789
com.soywiz.korlibs.kds	kds-jvm	2.5.3	-	2d4a6f92d5d5219795f4055d5644d83a3348cc6e
com.soywiz.korlibs.kds	kds-jvm	2.6.0	-	797396cc80c01f2b2646c6cf0038d5c45661b188
com.soywiz.korlibs.kds	kds-jvm	2.6.1	-	2d0d4f912320538333c43b5162857a5a841e3aa9
com.soywiz.korlibs.kds	kds-jvm	2.6.2	-	f252800de8351c3b5688098529707af1da7735bc
com.soywiz.korlibs.kds	kds-jvm	2.6.3	-	f254031676d17f89abd0356d676a55c758d8fdc8
com.soywiz.korlibs.kds	kds-jvm	2.7.0	-	ca99ed93c1f1c8f799c76dd0c1e0f05a099e8aed
com.soywiz.korlibs.kds	kds-jvm	3.0.0	-	44c0b8ebbe640b8ef968dabb0b8cfef8f2920a54
com.soywiz.korlibs.kds	kds-jvm	3.0.0-Beta	-	e4729b8f9e64c9919fd39bfb385907cdd70247fe
com.soywiz.korlibs.kds	kds-jvm	3.0.0-Beta2	-	e52be9a964c367fedd0d891453ae386df8b9fef4
com.soywiz.korlibs.kds	kds-jvm	3.0.0-Beta3	-	b601f4dcd1e7809ba2f1cfd903526ab9d661846c
com.soywiz.korlibs.kds	kds-jvm	3.0.0-Beta4	-	b6a46ea878bae9bfe397dd82e156cd5fec94f405
com.soywiz.korlibs.kds	kds-jvm	3.0.0-Beta5	-	6095cf9e6fc771001930d05d5f9c719e4ec146fd
com.soywiz.korlibs.kds	kds-jvm	3.0.0-Beta6	-	20b6052f5a7499216ed30f9388186018b5465612
com.soywiz.korlibs.kds	kds-jvm	3.0.0-Beta7	-	02f60d2d7a752104d11f9d99a4cc92b9502df835
com.soywiz.korlibs.kds	kds-jvm	3.0.1	-	58617fa36abb7dd00264935070a4a6bf0588f77e
com.soywiz.korlibs.kds	kds-jvm	3.1.0	-	b5c59cbdada15856f2076d4283de8f6a5d17fd27
com.soywiz.korlibs.kds	kds-jvm	3.2.0	-	783a835b777521b9a4b6876efd496329d41f8860
com.soywiz.korlibs.kds	kds-jvm	3.3.0	-	907dcd555bb92a20040fa9514014bbef95350900
com.soywiz.korlibs.kds	kds-jvm	3.3.1	-	a3cb11c2940cc4b714d1c8eab785737e44efaab8
com.soywiz.korlibs.kds	kds-jvm	3.4.0	-	59773d1a9955788f4b703ea0329a6ecc7229f916
com.soywiz.korlibs.kds	kds-jvm	4.0.0	-	2286b854cfa61764717abfbf3d42537f5f26bc2b
com.soywiz.korlibs.kds	kds-jvm	4.0.0-alpha-1	-	7a98fa9c523dc980bf3a4278c625f96757037beb
com.soywiz.korlibs.kds	kds-jvm	4.0.0-alpha-2	-	80a27789b44bbb06da2ac7745ac3b0fde0025b40
com.soywiz.korlibs.kds	kds-jvm	4.0.0-alpha-3	-	39be2ecfa408da0ed6c2ca7d46e2fcf31a8520e8
com.soywiz.korlibs.kds	kds-jvm	4.0.0-alpha-4	-	82ac3ecfa7b3cdec8cb1d0c8e5189f400437bd60
com.soywiz.korlibs.kds	kds-jvm	4.0.0-alpha-6	-	78c76406bc718534245fb81574bcceca61b9206e
com.soywiz.korlibs.kds	kds-jvm	4.0.0-beta	-	07eec62b4f7411909eef17b5b5bf254953328f1f
com.soywiz.korlibs.kds	kds-jvm	4.0.0-beta2	-	ab28cb3969918da758451bcfef4db083380efab5
com.soywiz.korlibs.kds	kds-jvm	4.0.0-beta3	-	eb057056bd2b90a7eaa0a166a5f522d14e4c21fa
com.soywiz.korlibs.kds	kds-jvm	4.0.0-rc	-	eb057056bd2b90a7eaa0a166a5f522d14e4c21fa
com.soywiz.korlibs.kds	kds-jvm	4.0.0-rc2	-	eb057056bd2b90a7eaa0a166a5f522d14e4c21fa
com.soywiz.korlibs.kds	kds-jvm	4.0.0-rc3	-	2286b854cfa61764717abfbf3d42537f5f26bc2b
com.soywiz.korlibs.kds	kds-jvm	4.0.0-rc4	-	2286b854cfa61764717abfbf3d42537f5f26bc2b
com.soywiz.korlibs.kds	kds-jvm	4.0.0-rc5	-	2286b854cfa61764717abfbf3d42537f5f26bc2b
com.soywiz.korlibs.kds	kds-jvm	4.0.0-rc6	-	2286b854cfa61764717abfbf3d42537f5f26bc2b
com.soywiz.korlibs.kds	kds-jvm	4.0.1	-	1f88b2777476b9d7d27826ae5b8d03fc04d51dce
com.soywiz.korlibs.kds	kds-jvm	4.0.10	-	294173a4f5f6931bf1cba52d829b1c7744ee0311
com.soywiz.korlibs.kds	kds-jvm	4.0.2	-	1f88b2777476b9d7d27826ae5b8d03fc04d51dce
com.soywiz.korlibs.kds	kds-jvm	4.0.3	-	1f88b2777476b9d7d27826ae5b8d03fc04d51dce
com.soywiz.korlibs.kds	kds-jvm	4.0.4-dev-1.9.20-2914	-	cf23e0d4dad02b6789870bb18b8b29b2029bc41d
com.soywiz.korlibs.kds	kds-jvm	4.0.5	-	b94bc3034c47dde948eaa07007621f53300e62b2
com.soywiz.korlibs.kds	kds-jvm	4.0.6	-	b94bc3034c47dde948eaa07007621f53300e62b2
com.soywiz.korlibs.kds	kds-jvm	4.0.7	-	0e413d86159927c9ac492071feb80878e9006333
com.soywiz.korlibs.kds	kds-jvm	4.0.8	-	f8f5d3385b852c9cf38e29445a13365a545a7cb6
com.soywiz.korlibs.kds	kds-jvm	4.0.9	-	f8f5d3385b852c9cf38e29445a13365a545a7cb6
com.squareup.leakcanary	leakcanary-object-watcher	2.0	-	336f52de294f8c387bcddfd41ed8304fd86cad9c
com.squareup.leakcanary	leakcanary-object-watcher	2.0-beta-1	-	3c3267514929419b116c48a31d3275d86606a6aa
com.squareup.leakcanary	leakcanary-object-watcher	2.0-beta-2	-	734728689c4457b58054407348cde82dc07ade6a
com.squareup.leakcanary	leakcanary-object-watcher	2.0-beta-3	-	c735398109971ad0352c4b2792dc08335c65d998
com.squareup.leakcanary	leakcanary-object-watcher	2.0-beta-4	-	93e683ef627c2074896f736bef6228176bc11af0
com.squareup.leakcanary	leakcanary-object-watcher	2.0-beta-5	-	4751e8ee967d9e7469271e911fc2dc3c72b86738
com.squareup.leakcanary	leakcanary-object-watcher	2.1	-	3404d539c7d57a8e8069dd9702fc6efa50a06357
com.squareup.leakcanary	leakcanary-object-watcher	2.10	-	5d91af6785d9d15f51cd08f7c5e52874b2ddea3f
com.squareup.leakcanary	leakcanary-object-watcher	2.11	-	27638005ba286cbc7ee6eb6bf7ba0c65b00a2be3
com.squareup.leakcanary	leakcanary-object-watcher	2.12	-	0176333d33ac9aa73e7164034355f82b1c3efcf7
com.squareup.leakcanary	leakcanary-object-watcher	2.13	-	c14ff8007e6ab94ffd9d1d2b14529092fa684b50
com.squareup.leakcanary	leakcanary-object-watcher	2.14	-	0004e9e9ea14da4e86321b1369c7aea6528f0ef2
com.squareup.leakcanary	leakcanary-object-watcher	2.2	-	f462f93e54992ff5df3ee7e39d05e83cb6f6694e
com.squareup.leakcanary	leakcanary-object-watcher	2.3	-	e1f163b11b398d70a830d86b3b1797a2f1084eac
com.squareup.leakcanary	leakcanary-object-watcher	2.4	-	a40f33d9b1c5218e6da063dc996c89d0dac122d1
com.squareup.leakcanary	leakcanary-object-watcher	2.5	-	c367adcc73406015ccef166fc14014ff8582a24b
com.squareup.leakcanary	leakcanary-object-watcher	2.6	-	554d1f381c52c7acd1a3836402ba68c80d3afdd5
com.squareup.leakcanary	leakcanary-object-watcher	2.7	-	5f9fdc254fac1f5964352bd0c849c5a6bccde63f
com.squareup.leakcanary	leakcanary-object-watcher	2.8	-	46c613217569d292203fe18c9c9b89c9506ad16a
com.squareup.leakcanary	leakcanary-object-watcher	2.8.1	-	186aa717ad3391cc834619b6b73a4845dc0087e1
com.squareup.leakcanary	leakcanary-object-watcher	2.9	-	1330906bb447cd58093dcb6a527295373b977a1b
com.squareup.leakcanary	leakcanary-object-watcher	2.9.1	-	5e7421956e02a470e95adaa2a232309b1ee08664
com.squareup.leakcanary	leakcanary-object-watcher	3.0-alpha-1	-	fefc93f102e11f8c4d1cd84bf4228409959887e6
com.squareup.leakcanary	leakcanary-object-watcher	3.0-alpha-2	-	47ff45b5bf7342bc186609cc11a757a0c29c18b5
com.squareup.leakcanary	leakcanary-object-watcher	3.0-alpha-3	-	bef54f535778b4ccb11d84828f3007b2bbfa8fa2
com.squareup.leakcanary	leakcanary-object-watcher	3.0-alpha-4	-	17af4105f7ac4c3254e260ad1ac5041110aa404a
com.squareup.leakcanary	leakcanary-object-watcher	3.0-alpha-5	-	68ef0cbe4eeffe1d09208c6a15aabd53f8f40446
com.squareup.leakcanary	leakcanary-object-watcher	3.0-alpha-6	-	b230dcb785256b8cb8f00de5efd7d85e28dcd23e
com.squareup.leakcanary	leakcanary-object-watcher	3.0-alpha-7	-	194d593d1111bd857bd74ff067309ba5092453e7
com.squareup.leakcanary	leakcanary-object-watcher	3.0-alpha-8	-	0bf310b8f8d9a7c1ed2749e2c00e6b6901293c85
com.stc.jmsjca	com.stc.jmsjca.rajboss	5.1.3	-	8117c5093fdeded22899609c604ee4e23b4406e7
com.stc.jmsjca	com.stc.jmsjca.rajboss	6.0.0	-	ecfce1866d4ee27077f2242ad12931b701cc8a49
com.strategicgains.repoexpress	repoexpress-cassandra	0.4.0	-	6b8f735452870b726baae622a7e379647e47760a
com.strategicgains.repoexpress	repoexpress-cassandra	0.4.1	-	394b6e6c7681745a1148b84e596f348e3b66565d
com.strategicgains.repoexpress	repoexpress-cassandra	0.4.2	-	76afc74162d6382e72ec79221746b426617845e3
com.strategicgains.repoexpress	repoexpress-cassandra	0.4.3	-	fa1a58fc7b58355a89d531619f94d8a4ff961b6d
com.strategicgains.repoexpress	repoexpress-cassandra	0.4.4	-	3ce0197a16b056a7fc7875a33fbf32e5afeda2ae
com.strategicgains.repoexpress	repoexpress-cassandra	0.4.5	-	b156192ad58884948494c907226b4dd564eb4f89
com.strategicgains.repoexpress	repoexpress-cassandra	0.4.6	-	ed0ae2e6e1d502e404a4a94a2bc2fabd29348a86
com.strategicgains.repoexpress	repoexpress-cassandra	0.4.7	-	9049b92150d6b4a33b28254c8eac7bff5bfa4c50
com.strategicgains.repoexpress	repoexpress-cassandra	0.4.8	-	54fd550e8a0b3934183dcc7d94a821e1afe56bb8
com.sun.pkg	pkg-java	1.0.0-alpha-1	-	66d82e01a497a1273aee7b7e11fa5753d792c976
com.swirlds	event-creator	0.57.0	-	317abbe0d90a149326be3efd00289759e10ee074
com.swirlds	event-creator	0.57.1	-	f226479781d833ffe14a11eb97c047a5cf8ab7d9
com.swirlds	event-creator	0.57.2	-	1475abebe4d71effa002f5e6be404c377c821959
com.swirlds	event-creator	0.57.3	-	84a13eba394db4f9fb707fbb87beea81c014b3fc
com.swirlds	event-creator	0.57.4	-	6441741e5595a27d0f35d6b4654212e5604cbf46
com.swirlds	event-creator	0.57.5	-	801d6f7cf1ccfa8070b4e2c67d9c0f7dba2d9ef8
com.swirlds	event-creator	0.58.1	-	f11cd8689818c1f040e8be1cdfd4b822351243fb
com.swirlds	event-creator	0.58.10	-	5311a29e964c8269962e21dfdc5fbdb29a5d6d7f
com.swirlds	event-creator	0.58.11	-	ec6e75b209add402217898e014d838ea459cc5f7
com.swirlds	event-creator	0.58.12	-	a6c5909ca702f048273f1d51f7cd1cbaf467221c
com.swirlds	event-creator	0.58.13	-	fea4a0de56b74786cbb0909f2f9bb7eebb061bd9
com.swirlds	event-creator	0.58.2	-	a716174298b15c9673b05cf22d87fc1be812dc36
com.swirlds	event-creator	0.58.3	-	660c5e771ff3adfd4f548060d09e5221e38a3399
com.swirlds	event-creator	0.58.4	-	66678c016a2bd9f1afb41126c8883bd3fd1c8d83
com.swirlds	event-creator	0.58.8	-	e6d08b6a4a59e215e7114fda987887f98aababf0
com.swirlds	event-creator	0.58.9	-	08a8796275588d3bbaa4524c48f637abe924bb24
com.swirlds	event-creator	0.59.0	-	f827219a5cf68c1101cb422b94ec1ac8186182f7
com.swirlds	event-creator	0.59.1	-	348aca5f3f7077f7e6926a4e1f2304cb37232676
com.swirlds	event-creator	0.59.2	-	185e3b176bdcf4673a7b825c8710149c38981e23
com.swirlds	event-creator	0.59.3	-	f3c665b3c8848c0aa18701491b711c03e9d06fa3
com.swirlds	event-creator	0.59.4	-	6042f584d45d2b062d1b0719fb72de35ac92ab9a
com.swirlds	event-creator	0.59.5	-	28d5e1cd7893da089cb23b109e6867605b4d40aa
com.swirlds	event-creator	0.60.0	-	19e745863ebc99d728f3dc45d92c30afc6e73ee0
com.swirlds	event-creator	0.60.1	-	f3ed297baa45db3a838c016cdd0c584a070b3a4f
com.swirlds	event-creator	0.60.2	-	a3d216b0969adb25b2524aacbd422a47aea8d18b
com.swirlds	event-creator	0.61.0	-	6388bf27141c14605b674bbea07d3281dbfcef4d
com.swirlds	event-creator	0.61.1	-	1e9f64f0c5e6f5e62d3bc6d6a51179a02e70b645
com.swirlds	event-creator	0.61.2	-	ee927c58d537bb227894b4317644668d1b2d23da
com.swirlds	event-creator	0.61.3	-	22bfebc9e6a79f3927f15385088e833edcbab833
com.tangzc	mybatis-plus-ext-datasource	1.1.0	-	6d013fe61bd3af2762a4ca17248f834d0d6982e2
com.tangzc	mybatis-plus-ext-datasource	1.1.2	-	d071efeb99c9d687ded6980c22e083c8e493614e
com.tangzc	mybatis-plus-ext-datasource	1.2.0	-	4806e5ee7d625245097b1bb150a7b63d26b2c6a5
com.tangzc	mybatis-plus-ext-datasource	1.2.1	-	f00aa0498103967a51bc77bc5e7beb394368a7c8
com.tangzc	mybatis-plus-ext-datasource	1.2.10	-	621e6c522cc874d7168cb4b923220f334d02a3e5
com.tangzc	mybatis-plus-ext-datasource	1.2.11	-	a03029f65f99bcdafaba060976ee3bb7207afb41
com.tangzc	mybatis-plus-ext-datasource	1.2.2	-	5fb5571e32415e622cd74211d08f833a45b331fa
com.tangzc	mybatis-plus-ext-datasource	1.2.3	-	53e6357118e9bebbc24168f3b01386dc19636376
com.tangzc	mybatis-plus-ext-datasource	1.2.4	-	f91813a0d07a98de83c48a5e29f6b4096a228395
com.tangzc	mybatis-plus-ext-datasource	1.2.5	-	97407dd898cf3a247737c9613fea3716f2e739a2
com.tangzc	mybatis-plus-ext-datasource	1.2.6	-	14e1f599576e0c2fee618f56cc412efa2a438044
com.tangzc	mybatis-plus-ext-datasource	1.2.7	-	014cea63e9035817bbd2b32e1cdf49ce31982eb0
com.tangzc	mybatis-plus-ext-datasource	1.2.8	-	73af6e322c2e791d75e8d8927e9e3d624b49daab
com.tangzc	mybatis-plus-ext-datasource	1.2.9	-	bc54f36f76c360c03ede50a133d39cca2d19b78c
com.tangzc	mybatis-plus-ext-datasource	1.3.0	-	ad34e7af1c9b3dba1e621dc83a9f62d5b70831f4
com.tangzc	mybatis-plus-ext-datasource	1.3.1	-	c4de20fd3e0b46ea1a7a870b1a8dc2357d052c45
com.tangzc	mybatis-plus-ext-datasource	1.3.10	-	d40eb5abbd0d5c3d55450c9be36563604d012b48
com.tangzc	mybatis-plus-ext-datasource	1.3.11	-	3390bdb72130d879bec7897c3bfa9080244afc81
com.tangzc	mybatis-plus-ext-datasource	1.3.2	-	2b4a2320841626fadaf82c0cbab830aa16ca08da
com.tangzc	mybatis-plus-ext-datasource	1.3.3	-	91f5d987d3f4804e1acd8e57bab763b33c4c7953
com.tangzc	mybatis-plus-ext-datasource	1.3.4	-	da56ed478d20d45e636cf29c9aa61a4020264b2a
com.tangzc	mybatis-plus-ext-datasource	1.3.5	-	89c3f8f8a173ecc8832bdf824a10f3bf97d6aa47
com.tangzc	mybatis-plus-ext-datasource	1.3.6	-	d7635d4ef3058c714b63ffd5971b5944f17f1e91
com.tangzc	mybatis-plus-ext-datasource	1.3.7	-	3a5e8aa08ddba6310470dafdf5be354f99b0fb26
com.tangzc	mybatis-plus-ext-datasource	1.3.8	-	19a330c662b720d22193e6d6a544492d7f16b54a
com.tangzc	mybatis-plus-ext-datasource	1.3.9	-	1b096669339ebf4a07791ad2eb950d2b1a1fc8fa
com.tangzc	mybatis-plus-ext-datasource	3.5.2-EXT140	-	30dbad43c9382a10fa6bf78672d8876790263bc8
com.tangzc	mybatis-plus-ext-datasource	3.5.2-EXT141	-	b9c8b6c45a4be21ea815691bdb662ce287cc27ad
com.tangzc	mybatis-plus-ext-datasource	3.5.2-EXT142	-	56fd46c06a158fd52d2f7bdade3cae3409ea1ba9
com.tangzc	mybatis-plus-ext-datasource	3.5.2-EXT143	-	f4ff3e2396bbda43b4915110f498064312fa61e5
com.tangzc	mybatis-plus-ext-datasource	3.5.2-EXT144	-	0db802ecd48f2c5cdbb09e6b5a2f881e6735691d
com.tangzc	mybatis-plus-ext-datasource	3.5.2-EXT145	-	530fb4a9bd45d120e7580fa7d8149e72f5e8e16c
com.tangzc	mybatis-plus-ext-datasource	3.5.2-EXT146	-	4a054e05b37a3909be7333c894be027eed2426c1
com.tangzc	mybatis-plus-ext-datasource	3.5.2-EXT200	-	e9bf7fe779649ff9194dec87785d527002c17e24
com.tangzc	mybatis-plus-ext-datasource	3.5.2-EXT201	-	b2bcf5f15a983fa7a4939117b3a70e94da8116c4
com.tangzc	mybatis-plus-ext-datasource	3.5.2-EXT202	-	6f86da2b6ab6f05ce9582b30e7098397fcd31677
com.tangzc	mybatis-plus-ext-datasource	3.5.3.1-EXT300-alpha	-	bb475bd7ea9363e140bfac7c42775238635b107c
com.tangzc	mybatis-plus-ext-datasource	3.5.3.1-EXT301-alpha	-	3921d6cb267981b0f941cd7b1f0d6f7a491a9f3d
com.tangzc	mybatis-plus-ext-datasource	3.5.3.1-EXT302-alpha	-	209132fe0266ddc0d864273e2358eda73f3c703b
com.tangzc	mybatis-plus-ext-datasource	3.5.3.1-EXT303-alpha	-	054c3b84794c9ff7cefb1479f352c3ad0ac749b7
com.tangzc	mybatis-plus-ext-datasource	3.5.3.1-EXT304-alpha	-	b982b1950b30fe3183c18e3d2c84ffc3f699be8f
com.tangzc	mybatis-plus-ext-datasource	3.5.3.1-EXT305-alpha	-	c5a8305510739b93eeb4636499b23eeea77de508
com.tangzc	mybatis-plus-ext-datasource	3.5.3.1-EXT306	-	a3e200ecc64883a56e283acbd245b85ecf89746e
com.tangzc	mybatis-plus-ext-datasource	3.5.3.1-EXT306.1	-	bf0dba12320cc03ab09d180b83c774590435a314
com.tangzc	mybatis-plus-ext-datasource	3.5.3.1-EXT307	-	2a37fcd4600888e54dfb77d3554081bb8aa2f489
com.tangzc	mybatis-plus-ext-datasource	3.5.3.1-EXT307.1	-	848d0f58f5d1275249b8e5b4469dca517b512797
com.tangzc	mybatis-plus-ext-datasource	3.5.3.1-EXT307.2	-	4cb7e76a0e3f5eaaebb832d073697dc338a2d4fd
com.tangzc	mybatis-plus-ext-datasource	3.5.3.1-EXT307.3	-	b1885d8bd2eb4416cb10312d3912eb8fec7fd14e
com.tangzc	mybatis-plus-ext-datasource	3.5.3.1-EXT307.4	-	81620b53b640cf3aec037809573f68cb39e1339b
com.tangzc	mybatis-plus-ext-datasource	3.5.3.1-EXT400	-	d073d09be63ec722e88899f0c3177f630c5cc4e3
com.tangzc	mybatis-plus-ext-datasource	3.5.3.1-jdk17-EXT307.2	-	b27cfdc1488785c5a80a4bca54ecb1e3bc0a8a58
com.tangzc	mybatis-plus-ext-datasource	3.5.3.1-jdk17-EXT307.3	-	c77d475e49e2cb17043ebad00286b229f2e8589d
com.tangzc	mybatis-plus-ext-datasource	3.5.3.1-jdk17-EXT307.4	-	aecb6a3726c60028b78387ed066ab5921f0a2388
com.tangzc	mybatis-plus-ext-datasource	3.5.3.1-jdk17-EXT400	-	80b2fda76d14238be9613b5eeba7005b5cc20a63
com.telenav.kivakit	kivakit-network-http	0.9.6-alpha	-	946fdb59ce94880199a51442a0431e5600af8ee3
com.telenav.kivakit	kivakit-network-http	0.9.7-alpha	-	9738de7be7b97484a8ea844bc061c08c505c8d80
com.telenav.kivakit	kivakit-network-http	0.9.8-beta	-	8e2c4227baf5cd75b6fe86190c0e67571b94dd9a
com.telenav.kivakit	kivakit-network-http	1.0.0	-	cf8d2c2b88b7eb016add09ec39c88124a44e7a5d
com.telenav.kivakit	kivakit-network-http	1.1.0	-	122710e94cd434f25e112bd6707798cc6e6eaec7
com.telenav.kivakit	kivakit-network-http	1.1.1	-	a50581021de663cb0548393bf023d60b1815c29b
com.telenav.kivakit	kivakit-network-http	1.1.2	-	6bd2208e6afd426afe865acec95d93dc7243ade9
com.telenav.kivakit	kivakit-network-http	1.10.0	-	0e8d9e0b57a63d4ed3e645016294ad9d0e59f1c8
com.telenav.kivakit	kivakit-network-http	1.11.0	-	871688d3603480725ffcd4dff92a8e488cddd0a5
com.telenav.kivakit	kivakit-network-http	1.12.0	-	f6ce763230c5fd5a77970cbcb6509caeb2635667
com.telenav.kivakit	kivakit-network-http	1.13.0	-	75060642a74f2ba1f377706170cf4185021831ab
com.telenav.kivakit	kivakit-network-http	1.14.0	-	6c3d58b1777994cb7c356307f2cc61fed13929fc
com.telenav.kivakit	kivakit-network-http	1.15.0	-	459c593c4482492aa83eb982eb512aa8786bf0ca
com.telenav.kivakit	kivakit-network-http	1.16.0	-	c4902d3a100c5773a40bd506c3ac72e24eb149b0
com.telenav.kivakit	kivakit-network-http	1.17.0	-	12252a7defa48fc3d11c48df50c24059eb1f79b6
com.telenav.kivakit	kivakit-network-http	1.17.1	-	73119db616e750fe9895dd685ce29a4885d696c2
com.telenav.kivakit	kivakit-network-http	1.2.0	-	411cad1235133e002b709c23b563541f3feb9b90
com.telenav.kivakit	kivakit-network-http	1.2.1	-	754bd28750dac7c5a50f14f5bce33bc28f0cffab
com.telenav.kivakit	kivakit-network-http	1.2.2	-	5992bca5efa62ff069c38c735bb38baf67b59105
com.telenav.kivakit	kivakit-network-http	1.3.0	-	eacda4c40a3fb307288b243e3d9495af1ab6e0df
com.telenav.kivakit	kivakit-network-http	1.4.0	-	c2649cb5264f61cac5eb9fcc00d8a137ae8dc6b3
com.telenav.kivakit	kivakit-network-http	1.4.1	-	40198870e27b241435edbc3f4b5c30dd8db0cf26
com.telenav.kivakit	kivakit-network-http	1.4.2	-	174a97a003f77b47a3a688ec82cee244b383bbac
com.telenav.kivakit	kivakit-network-http	1.5.0	-	8c40f1e22afea56742f8e71c62bb1d1ace170380
com.telenav.kivakit	kivakit-network-http	1.6.0	-	9905bf4d3f4918c9c9af36580a4e0128a621f427
com.telenav.kivakit	kivakit-network-http	1.6.1	-	d5034b31c7cd4b589b4cf304caef9f4d52affc0f
com.telenav.kivakit	kivakit-network-http	1.6.2	-	033bbf3d4017753f6a8e63b9e538868934de28bf
com.telenav.kivakit	kivakit-network-http	1.7.0	-	274fa32b2a9ad9193f2bbca427de6a92fbc8ec38
com.telenav.kivakit	kivakit-network-http	1.8.0	-	1f5ff37a0b09a9916821a8f78f5706de606f35bf
com.telenav.kivakit	kivakit-network-http	1.8.1	-	ca106de9dafdac2c8173a7f97cc5d8528b953b1a
com.telenav.kivakit	kivakit-network-http	1.8.2	-	9329262484963b00acbbf37a9f114819935088ba
com.telenav.kivakit	kivakit-network-http	1.8.3	-	e6c40cb428c6c911dfbfe2cd5166ce9a4cc62329
com.telenav.kivakit	kivakit-network-http	1.8.4	-	a5e793bf9f92b98aa51abb5fb6b84895681bd455
com.telenav.kivakit	kivakit-network-http	1.8.5	-	f7a1df497474a0496e93cd83710db08865edb6f4
com.telenav.kivakit	kivakit-network-http	1.8.6	-	cff8c7ff42d0f60eaa2af93def17a675f8e76ec8
com.telenav.kivakit	kivakit-network-http	1.8.7	-	140607e89bada5073d44d29f9762193edc63619f
com.telenav.kivakit	kivakit-network-http	1.8.8	-	c4c89d58c82a7cac80890207342f77e26bc72634
com.telenav.kivakit	kivakit-network-http	1.8.9	-	80bb731c0b1b4b942d4f27ee2157609bc1f0bbb7
com.telenav.kivakit	kivakit-network-http	1.9.0	-	564935a6d549a99e456b274150274e761e0b2d9c
com.thesamet.scalapb	lenses_sjs1_3	0.11.10	-	8e7675e5c48f86d701ae8b28654a3c34c7fb9d2b
com.thesamet.scalapb	lenses_sjs1_3	0.11.11	-	32724f86bee357a4d44f2394d73ae1aa441352f7
com.thesamet.scalapb	lenses_sjs1_3	0.11.12	-	40544a34cddb5b2bc05d41ee23c1ace98294781a
com.thesamet.scalapb	lenses_sjs1_3	0.11.12-tmp	-	a60f7ca41883abbb5a0cf4c74140eab7027ed637
com.thesamet.scalapb	lenses_sjs1_3	0.11.13	-	6047f68a783bf79a77f2070cff0eb99230b71d8f
com.thesamet.scalapb	lenses_sjs1_3	0.11.14	-	49971c1716b55f33bf733880950885a6054c1547
com.thesamet.scalapb	lenses_sjs1_3	0.11.15	-	63f12a8a4fec12e390f60f4572840bdc3a32be8e
com.thesamet.scalapb	lenses_sjs1_3	0.11.17	-	23981db71790416e567c48aebb41b9eed81dc1c1
com.thesamet.scalapb	lenses_sjs1_3	0.11.3	-	9a91229f8d66203218ef9cca9f0b9cc06de63990
com.thesamet.scalapb	lenses_sjs1_3	0.11.4	-	624e7d75f9f9e3877976436e3dfb9a3f2c8e8c38
com.thesamet.scalapb	lenses_sjs1_3	0.11.5	-	ba3df07279efd1bfdc101c687686ccf3734b5afe
com.thesamet.scalapb	lenses_sjs1_3	0.11.6	-	447f4b9221333961f106881cc875f49ae5826f88
com.thesamet.scalapb	lenses_sjs1_3	0.11.7	-	c90ef6b8674db54115ae520400f68b51f09b09d7
com.thesamet.scalapb	lenses_sjs1_3	0.11.8	-	3531d95bf6412edb58d83ebd14161aa1e18e6817
com.thesamet.scalapb	lenses_sjs1_3	0.11.9	-	e90bb2430e75fcc1fb9f8bf679767b0678cf7b27
com.thesamet.scalapb	lenses_sjs1_3	1.0.0-alpha.1	-	fcc8b605ff56649aad7b50384f87ac48c0561460
com.thinkbiganalytics.kylo	kylo-commons-spark-shell-api	0.10.0	-	cdc8836ad204c5bf705df814b9d8df1e2f38c4d0
com.thinkbiganalytics.kylo	kylo-commons-spark-shell-api	0.8.3	-	d7bede73ace2be7a760bcb8c6973debe1534856e
com.thinkbiganalytics.kylo	kylo-commons-spark-shell-api	0.8.3.1	-	7f0445de2ee4fc34c8b71dfdf37720c1a164e054
com.thinkbiganalytics.kylo	kylo-commons-spark-shell-api	0.8.3.3	-	96703388f23b6fc76459e08cddfcb5760ae1ecf9
com.thinkbiganalytics.kylo	kylo-commons-spark-shell-api	0.8.4	-	e3adf0a49b68456eb5611ac8a1377fb792560b41
com.thinkbiganalytics.kylo	kylo-commons-spark-shell-api	0.8.4.1	-	3f71584c3a664e2db47e69b6cbe4afc8141704a9
com.thinkbiganalytics.kylo	kylo-commons-spark-shell-api	0.9.0	-	6399127e90fd500cf0f4ccb51d6af7ddb5f6e5b3
com.thinkbiganalytics.kylo	kylo-commons-spark-shell-api	0.9.0.1	-	b831175faaa6c31f6e08cae3b47ea09918e98e37
com.thinkbiganalytics.kylo	kylo-commons-spark-shell-api	0.9.0.2	-	3f5f079389e9cfa3f07f47f447c4dc2b2bd6d020
com.thinkbiganalytics.kylo	kylo-commons-spark-shell-api	0.9.1	-	8d378720eb92ac3b8e089d15f5911690c3dcf273
com.thoughtworks.deeplearning	plugins-floattraining_2.11	2.0.0	-	451f4d635691774c440c0d4b88b18ab81ea722b9
com.thoughtworks.deeplearning	plugins-floattraining_2.11	2.0.0-M5	-	e70dc9574bbfb8523108baffec20019986a88842
com.thoughtworks.deeplearning	plugins-floattraining_2.11	2.0.0-RC0	-	69718a26b4207db4c113fb9fa342a6200cf68b8c
com.thoughtworks.deeplearning	plugins-floattraining_2.11	2.0.0-RC1	-	fabf231f48e5be621ec5d3d0c0c89219b69dc498
com.thoughtworks.deeplearning	plugins-floattraining_2.11	2.0.0-RC2	-	78769fc38252a247b1342165d8c1f297375e28e3
com.thoughtworks.deeplearning	plugins-floattraining_2.11	2.0.0-RC3	-	fc41cd8c27cc605f8017be6cbc2f081c2aa43869
com.thoughtworks.deeplearning	plugins-floattraining_2.11	2.0.0-RC4	-	bb2ceda7b035199a97ab826d6c7b0d73a0aa6dd2
com.thoughtworks.deeplearning	plugins-floattraining_2.11	2.0.0-RC5	-	c9c80bc92bea4e276c84fe67d5ff79711f754b81
com.thoughtworks.deeplearning	plugins-floattraining_2.11	2.0.0-RC6	-	f56392bdc637ca1152f95754024ea466b0ce8ea1
com.thoughtworks.deeplearning	plugins-floattraining_2.11	2.0.0-RC7	-	6c88b0913c13015d76ae9f3e4bb6e55e18133021
com.thoughtworks.deeplearning	plugins-floattraining_2.11	2.0.1	-	2a1e2c78f521b39f699fb8eae7a8e2d31226b334
com.thoughtworks.deeplearning	plugins-floattraining_2.11	2.0.2	-	2c703b7408bafb791a58b8d6cb031537c51713da
com.thoughtworks.deeplearning	plugins-floattraining_2.11	2.0.3	-	0bde03a521a8eca8cebe2d04e2f83404e08f1f4e
com.thoughtworks.deeplearning	plugins-floattraining_2.11	2.2.0-M0	-	920a68bbe8084a4aa10de5a4b50e149a6d0bc17c
com.thoughtworks.deeplearning	plugins-floattraining_2.11	2.2.0-M1	-	ddf0ed06930e3dea3f8fb0a93851c3a8478d539d
com.toasttab.protokt	protokt-util	0.10.0	-	1a8adfd2a2f5114a27a6ef286e49caecda0f369c
com.toasttab.protokt	protokt-util	0.10.1	-	de40a9cdff2a26ca6f07a3b9d088ae6480634dd1
com.toasttab.protokt	protokt-util	0.10.2	-	147080275d1c0e2a3109fcd788b654811a2def88
com.toasttab.protokt	protokt-util	0.11.0	-	52a01be60ec81f69f855c102ac008442299354ec
com.toasttab.protokt	protokt-util	0.11.6	-	0114f22a8ec0acdb54f7d767be7a7fa2933287d4
com.toasttab.protokt	protokt-util	0.12.0	-	f0d331d49a7b149714e4e9f8104081bd62c211cb
com.toasttab.protokt	protokt-util	0.12.1	-	30b15e5904d6f7c6aae07626dead7a027d59c413
com.toasttab.protokt	protokt-util	0.5.0	-	ebc64d1eaa4851225e35975608eb9551f187fc67
com.toasttab.protokt	protokt-util	0.5.1	-	84ef0238ee0ae5b9d6038a8aa9d7635a6bcdea96
com.toasttab.protokt	protokt-util	0.5.2	-	051eb797d156dd205700010487e7db0f709604a0
com.toasttab.protokt	protokt-util	0.5.3	-	a96828f7a666d26a95cda17116b935836fbcebbb
com.toasttab.protokt	protokt-util	0.5.4	-	404475ba838520a6780b0cb25417539f77aaa727
com.toasttab.protokt	protokt-util	0.6.0	-	1872d1410f52cca558edaccd0f6b7a33faca613d
com.toasttab.protokt	protokt-util	0.6.1	-	4fa52cc361f313d5ed0996a7b74ca6ed653bf8b8
com.toasttab.protokt	protokt-util	0.6.2	-	85be3570b0c13f3f047e7974e673d98d13f044ef
com.toasttab.protokt	protokt-util	0.6.3	-	dd19466de6991fab9119f4b49fe814d80d8409f1
com.toasttab.protokt	protokt-util	0.6.4	-	ed18f7b7d15a47630bc21810fe8d68c767cb76dd
com.toasttab.protokt	protokt-util	0.6.5	-	416c00c1b74deb8a4dcb10f880e97a4b19ec78de
com.toasttab.protokt	protokt-util	0.6.6	-	344d21bedbf897b3130218adeadc724b2f855f73
com.toasttab.protokt	protokt-util	0.6.7	-	cd3bf888ea3d5497a1c97f7d088d1b3db54237d7
com.toasttab.protokt	protokt-util	0.7.0	-	5bcf1df828531878e241e5c964a9174bab9afee9
com.toasttab.protokt	protokt-util	0.7.1	-	e1423723c912c4ccaf227622bd7107cb6fc9a5c2
com.toasttab.protokt	protokt-util	0.7.2	-	7b4fca5b81146ca83e69da19a44ee6f25ca12512
com.toasttab.protokt	protokt-util	0.7.3	-	13c622c7c6716f58b9802913067c16b2f2006d94
com.toasttab.protokt	protokt-util	0.7.4	-	98142987d5070003e6337c12fbfb580c88654cbe
com.toasttab.protokt	protokt-util	0.7.5	-	297f0671d8ab221b731bbfaf96ace4603271f656
com.toasttab.protokt	protokt-util	0.8.0	-	6e6848f3bb018cc345557eea001c06593fb52487
com.toasttab.protokt	protokt-util	0.8.1	-	0829119f0ff87d7785eb19e4bc68d93efcb30b74
com.toasttab.protokt	protokt-util	0.9.0	-	1df38d0c5693d5a5b0e2cfeff72eaaf836e59099
com.toasttab.protokt	protokt-util	1.0.0-alpha.10	-	dffcdff5045968f07fb061889f61a9475960292e
com.toasttab.protokt	protokt-util	1.0.0-alpha.5	-	222d21a20e09f11771268d5c4f0aece5cb29831f
com.toasttab.protokt	protokt-util	1.0.0-alpha.6	-	63f395d6710fe6279481613bbadc69a80c368d95
com.toasttab.protokt	protokt-util	1.0.0-alpha.8	-	3ec0d98cda6013e2ed3215b32ab783d6ec09e4d2
com.toasttab.protokt	protokt-util	1.0.0-alpha.9	-	0a4abd7794e68b5242ac056ee09de58d0bdbedd5
com.toasttab.protokt	protokt-util	1.0.0-beta.0	-	13455a43052c948acbb7fec4cec616711e92e153
com.toasttab.protokt	protokt-util	1.0.0-beta.1	-	3fdf0405b4483e67cdfc9b33967b3437ba1a5d41
com.twitter.elephantbird	elephant-bird-pig	3.0.0	-	984fd24ad7ec8e071cfa3f2e9f0c09d1742e8350
com.twitter.elephantbird	elephant-bird-pig	3.0.1	-	a59c1370e5bed7340513345dd6052bb6f4bbedf7
com.twitter.elephantbird	elephant-bird-pig	3.0.2	-	809551e8b728ea182374616d77922397246ba0b5
com.twitter.elephantbird	elephant-bird-pig	3.0.3	-	5f28aa8ca4d8dbf4fb57480aa9736c9f283bf451
com.twitter.elephantbird	elephant-bird-pig	3.0.4	-	b7d42d4c0d233826a11af481dcb67c4c7d0276fc
com.twitter.elephantbird	elephant-bird-pig	3.0.5	-	35e27dfe20ddf8d58f486db091dca87a9bf6b34d
com.twitter.elephantbird	elephant-bird-pig	3.0.6	-	94b8570d3c4f9c440671dbdd89e8afd904e190a3
com.twitter.elephantbird	elephant-bird-pig	3.0.7	-	1d383c4af81246b09ee0f79722e169cfeacee779
com.twitter.elephantbird	elephant-bird-pig	3.0.8	-	cbe2bf425f0e265fb262d0689a811344ff4b49ed
com.twitter.elephantbird	elephant-bird-pig	3.0.9	-	cc66825a6adab182d972dba3ab3a06058837e527
com.twitter.elephantbird	elephant-bird-pig	4.0	-	ed81839e528ac91959e7e5deec476d3ace7daae9
com.twitter.elephantbird	elephant-bird-pig	4.1	-	8bb0faf95c4c0d8a0cda065476b7e8db122d056a
com.twitter.elephantbird	elephant-bird-pig	4.10	-	2e5f22e4efb8835dad8b9e6484b833f174ee9cdf
com.twitter.elephantbird	elephant-bird-pig	4.11rc1	-	168d87b96193ecb02da0b24f6b7a9078d185d457
com.twitter.elephantbird	elephant-bird-pig	4.12	-	ff6d4b01b663b899ab6e90c8d025e323ec0ace44
com.twitter.elephantbird	elephant-bird-pig	4.13	-	54db6bae3de317cc59f4b8d77ed7a87a147e73cb
com.twitter.elephantbird	elephant-bird-pig	4.14	-	e65d1f78e4b254097fd7fb323c6e12ac1e42122d
com.twitter.elephantbird	elephant-bird-pig	4.14-RC1	-	339e99fcb05e5d64ca12200f935c030fbd20d833
com.twitter.elephantbird	elephant-bird-pig	4.14-RC2	-	7716289afc7785435dc6f2fef337f509d7286b89
com.twitter.elephantbird	elephant-bird-pig	4.14-RC3	-	b9c12ffbe569b61363a7edece2e79b479eb2107d
com.twitter.elephantbird	elephant-bird-pig	4.14-RC4	-	74518973e455c4059455695f36552bbbfc64eb27
com.twitter.elephantbird	elephant-bird-pig	4.15	-	c9d3d84b016bc6025b68e3fba6e2d3b55e5e4763
com.twitter.elephantbird	elephant-bird-pig	4.15-RC1	-	e54dacbb591479e7a506c2cf97615c30e6d28476
com.twitter.elephantbird	elephant-bird-pig	4.17	-	9e21fe139c3a283d7cf6be1b2141f40cbde032bb
com.twitter.elephantbird	elephant-bird-pig	4.2	-	4b75d70a753aa36c2f0dd12532853a668a3aef35
com.twitter.elephantbird	elephant-bird-pig	4.3	-	dc87894d4342e4e12cae3e765831fcd81fcb97c4
com.twitter.elephantbird	elephant-bird-pig	4.4	-	12ebfe2beb3b61d189b3e5296148f4151bc7ad81
com.twitter.elephantbird	elephant-bird-pig	4.5	-	0054b7eb838b666e82650389589cc56ff99bbe6a
com.twitter.elephantbird	elephant-bird-pig	4.6	-	0a628e91bfa012bddf16658d54a3956370a78512
com.twitter.elephantbird	elephant-bird-pig	4.6rc1	-	ea3039564bf7d4c349f36b7545bf04a9515dd03e
com.twitter.elephantbird	elephant-bird-pig	4.6rc2	-	225ee099f0d1d8a986e20693813d0c071dd1d16a
com.twitter.elephantbird	elephant-bird-pig	4.6rc3	-	f0df69510c524ce6569922e317b9e90b109af0cd
com.twitter.elephantbird	elephant-bird-pig	4.6rc4	-	69dd38bc8ece6cb364d6324a1dad8e00080a8c87
com.twitter.elephantbird	elephant-bird-pig	4.6rc5	-	f5999ea665015e5f3eb8521653f4a75722729b7b
com.twitter.elephantbird	elephant-bird-pig	4.6rc6	-	3ee181f9cafd5f865a7861a33435560f8a111dfd
com.twitter.elephantbird	elephant-bird-pig	4.7	-	72e55e3fea5b9b1034aa3e65e682703140022928
com.twitter.elephantbird	elephant-bird-pig	4.8	-	97910b358b1dc3acc956d67ba902edd1eaa053bf
com.twitter.elephantbird	elephant-bird-pig	4.9	-	b2fddbca7719f44ea6c7239e4f25ac8848777c0b
com.typesafe.akka	akka-cluster-experimental_2.10.0-RC2	2.1.0-RC2	-	55c6e10b9f07c5a41fe66c16190a516a57f9532b
com.typesafe.akka	akka-multi-node-testkit_2.12.0-M2	2.4-M3	-	a90f6804f44211011bcf6ca06a5d92474d24eedc
com.typesafe.akka	akka-multi-node-testkit_2.12.0-M2	2.4.0	-	167b4e7e74395bd1429c6b273db1172041b4c4d7
com.typesafe.akka	akka-multi-node-testkit_2.12.0-M2	2.4.0-RC1	-	16eec4a00cc1da8cfa9941297f3ef238ed3f3808
com.typesafe.akka	akka-multi-node-testkit_2.12.0-M2	2.4.0-RC2	-	3427cd665b69f4d051377e157d5b7a4a5c73cc3f
com.typesafe.akka	akka-multi-node-testkit_2.12.0-M2	2.4.0-RC3	-	2ae304e8fe36722bee23a135310b28bbc682615d
com.typesafe.play	twirl-api_sjs0.6_2.12	1.2.1	-	781b2886258453136e685fc72a12321933ea4f48
com.typesafe.play	twirl-api_sjs0.6_2.12	1.2.1	1.2.1-playdoc	69c72add8ab6a292388287ddb230e32c8495c2d4
com.typesafe.play	twirl-api_sjs0.6_2.12	1.3.0	-	5b7b665b79b2cdbebfdbc10657bcedac9b11d7e2
com.typesafe.play	twirl-api_sjs0.6_2.12	1.3.0	1.3.0-playdoc	f5e95574f0b917428104017a8fafd8fbc9d2e19c
com.typesafe.play	twirl-api_sjs0.6_2.12	1.3.1	-	367920ea1973a9985ca241127f80d963e47a90eb
com.typesafe.play	twirl-api_sjs0.6_2.12	1.3.1	1.3.1-playdoc	7ca1c09c6cc8f4b992d85962ba5c779f3e5d075b
com.typesafe.play	twirl-api_sjs0.6_2.12	1.3.12	-	7d2c239a4c79377ed2aa0f73543075760d33ca5b
com.typesafe.play	twirl-api_sjs0.6_2.12	1.3.12	1.3.12-playdoc	fa0bd815c0e51fe28edd8330a6ce45c548bd6207
com.typesafe.play	twirl-api_sjs0.6_2.12	1.3.13	-	6941992a99eb11f4d01ffde884c8b79c7fd17320
com.typesafe.play	twirl-api_sjs0.6_2.12	1.3.13	1.3.13-playdoc	4fc8b70db186d8caddfde2b1c6ca5adc94919c81
com.typesafe.play	twirl-api_sjs0.6_2.12	1.3.14	-	0d56e33deafcdaf4c1b4ed83cce97c44a8dc6630
com.typesafe.play	twirl-api_sjs0.6_2.12	1.3.14	1.3.14-playdoc	03858ed18644b983842ee925edea0d46416ebc9a
com.typesafe.play	twirl-api_sjs0.6_2.12	1.3.15	-	4c89ee783437817ec62184e5cf5b9e71739696c5
com.typesafe.play	twirl-api_sjs0.6_2.12	1.3.15	1.3.15-playdoc	c033fa6f6a6c76620d6b9666be63f47c89c2d924
com.typesafe.play	twirl-api_sjs0.6_2.12	1.3.16	-	ea3637ae9923d3d8d227f6268be5af26ac9f7cd4
com.typesafe.play	twirl-api_sjs0.6_2.12	1.3.16	1.3.16-playdoc	c948d4fd73dca0811bd0912c2c22e784228086b0
com.typesafe.play	twirl-api_sjs0.6_2.12	1.3.2	-	e5ed7c0f40a07234e65701576047e6f4ad454bb0
com.typesafe.play	twirl-api_sjs0.6_2.12	1.3.2	1.3.2-playdoc	0d10b6656203f57223c2bd6f0842af8e2e94b868
com.typesafe.play	twirl-api_sjs0.6_2.12	1.3.3	-	50c513e50ba9d9a681912930966236f3942bb2af
com.typesafe.play	twirl-api_sjs0.6_2.12	1.3.3	1.3.3-playdoc	2a3491ef5a12ab32e50ad9804d05836e94fde7a5
com.typesafe.play	twirl-api_sjs0.6_2.12	1.3.4	-	a9704fd242bab086db97e5493e0d22bcc365856a
com.typesafe.play	twirl-api_sjs0.6_2.12	1.3.4	1.3.4-playdoc	6d0d05f05eb82ab0996ab277e5a9751e2dc60da4
com.typesafe.play	twirl-api_sjs0.6_2.12	1.3.5	-	1e4e4d309ef9addcb5b963a4d3ac3ab00e310dd0
com.typesafe.play	twirl-api_sjs0.6_2.12	1.3.5	1.3.5-playdoc	6c29c699f0b7dc2f056b5ffd8d719cee6a15b5c4
com.typesafe.play	twirl-api_sjs0.6_2.12	1.3.6	-	10e6a1e69261d499d1128e225de922a884e6558b
com.typesafe.play	twirl-api_sjs0.6_2.12	1.3.6	1.3.6-playdoc	83b6acf56b48de951617c9e40fb3f1c4937380f0
com.typesafe.play	twirl-api_sjs0.6_2.12	1.3.7	-	3d10f8b5c3d147c56631f1fb8835ca14626ac1c1
com.typesafe.play	twirl-api_sjs0.6_2.12	1.3.7	1.3.7-playdoc	1b78a2ac8b3d67078a933fba18f1655040530083
com.typesafe.play	twirl-api_sjs0.6_2.12	1.3.8	-	f51743719268db037a79daf74eb81c1c0b5a5916
com.typesafe.play	twirl-api_sjs0.6_2.12	1.3.8	1.3.8-playdoc	6b084a5f07955ba1412e4ec17e69e5a0fafd1583
com.typesafe.play	twirl-api_sjs0.6_2.12	1.4.0	-	78bc2aa96f2fb4a984b865f695da8c7e941f9844
com.typesafe.play	twirl-api_sjs0.6_2.12	1.4.0	1.4.0-playdoc	ee368902c1bfbc412f0c4ae88221a9cff94f32b6
com.typesafe.play	twirl-api_sjs0.6_2.12	1.4.0-M2	-	fbc30c133fe9564dd92f5c1e1e33513905b236fe
com.typesafe.play	twirl-api_sjs0.6_2.12	1.4.0-M2	1.4.0-M2-playdoc	9eb6e363908484ce66fc2bba30a93db6f89d8479
com.typesafe.play	twirl-api_sjs0.6_2.12	1.4.0-RC1	-	4da183b5fc42d3a5a5f7df3f92e9057be1131067
com.typesafe.play	twirl-api_sjs0.6_2.12	1.4.0-RC1	1.4.0-RC1-playdoc	976d4633a65dfc4049db95c728dcc633da7d497d
com.typesafe.play	twirl-api_sjs0.6_2.12	1.4.0-RC2	-	54c7bf7a08bfbc69f6756e650bf7c77fe38feaf8
com.typesafe.play	twirl-api_sjs0.6_2.12	1.4.0-RC2	1.4.0-RC2-playdoc	1369aba0ac2babb2363e19fcf7d99f0218808057
com.typesafe.play	twirl-api_sjs0.6_2.12	1.4.0-RC3	-	98ddd2e634fe2f4d1fa73baafc4ebb28748858c2
com.typesafe.play	twirl-api_sjs0.6_2.12	1.4.0-RC3	1.4.0-RC3-playdoc	a140d346ff7c2073dba0b4f450b593a063652d52
com.typesafe.play	twirl-api_sjs0.6_2.12	1.4.0-RC4	-	1989cb111f2d576df615fe2a265ea14b459cb116
com.typesafe.play	twirl-api_sjs0.6_2.12	1.4.0-RC4	1.4.0-RC4-playdoc	c0bab93558e8dd42b3178a0b3c8a2e8c92cdb3ef
com.typesafe.play	twirl-api_sjs0.6_2.12	1.4.1	-	10274cb6fab84d6f3b603072909ca408219867e9
com.typesafe.play	twirl-api_sjs0.6_2.12	1.4.1	1.4.1-playdoc	31e40a10b4bccd5549d9f6b044f775e4011a5fa6
com.typesafe.play	twirl-api_sjs0.6_2.12	1.4.1-M1	-	e3a19130f39bc6f31f0055c5b8087903c0383f79
com.typesafe.play	twirl-api_sjs0.6_2.12	1.4.1-M1	1.4.1-M1-playdoc	9a030b5eae0844368b24190dd808cab4a01edb2b
com.typesafe.play	twirl-api_sjs0.6_2.12	1.4.2	-	43db0e890cbb06ccab1ddf83fda654c73c2a5c87
com.typesafe.play	twirl-api_sjs0.6_2.12	1.4.2	1.4.2-playdoc	4b7d7ede701a8ea5d17e8ed5a95e821a03590599
com.typesafe.play	twirl-api_sjs0.6_2.12	1.5.0	-	3ae00d6e1d6cb2ad7d114ddb0938f82e2a40a749
com.typesafe.play	twirl-api_sjs0.6_2.12	1.5.0	1.5.0-playdoc	950054743fca49231c678ed9105aa1a73600691e
com.typesafe.play	twirl-api_sjs0.6_2.12	1.5.0-M1	-	a8fc8263f333bcc3518734943f62fc7e5194feb9
com.typesafe.play	twirl-api_sjs0.6_2.12	1.5.0-M1	1.5.0-M1-playdoc	1525f3a33c164bc723f093ecb681e5f7b23c64bb
com.typesafe.play	twirl-api_sjs0.6_2.12	1.5.0-M2	-	3897f4af78bdb0beb06729766dae7f8684046110
com.typesafe.play	twirl-api_sjs0.6_2.12	1.5.0-M2	1.5.0-M2-playdoc	bc22bfc5e11fc9b9868c11c264e216de10e29af1
com.typesafe.play	twirl-api_sjs0.6_2.12	1.5.0-M3	-	c41b7f5f9053e3c5fad0137015588966c6acd001
com.typesafe.play	twirl-api_sjs0.6_2.12	1.5.0-M3	1.5.0-M3-playdoc	866ae3a6008caa52505c13ce86f1995b52a6fca5
com.typesafe.play	twirl-api_sjs0.6_2.12	1.5.0-M4	-	de3b083a88872e1027d744802ab902115507e4a4
com.typesafe.play	twirl-api_sjs0.6_2.12	1.5.0-M4	1.5.0-M4-playdoc	1f0d6df5a3f0ed6bec9fbbc1ce9817be6644b2d1
com.typesafe.play	twirl-api_sjs0.6_2.12	1.5.0-M5	-	17d893fedc4679b16aa8e4b70d7c33ead5b1ff29
com.typesafe.play	twirl-api_sjs0.6_2.12	1.5.0-M5	1.5.0-M5-playdoc	e53812081944ed15f9b3fb20f1240e4a00bf389d
com.typesafe.play	twirl-api_sjs0.6_2.12	1.5.1	-	9ad6f01220baa68ce8599e78f9a498bdbd59d6a2
com.typesafe.play	twirl-api_sjs0.6_2.12	1.5.1	1.5.1-playdoc	4b2cfad5b75977718da1595c9b6ebbb2ba20dcb7
com.wjoel	spark-streaming-wikiedits	0.1.3	-	b4f6b5a480f73e1c49d1298019c2a739af2b9758
com.wordnik	mongo-utils_2.9.1	1.0.1	-	9ea2fafb661c68dc26df51695393e9d9eb978b1e
com.wordnik	mongo-utils_2.9.1	1.1	-	50c67365ffe88b7b79eb39d48d6e77d5953fcaff
com.wordnik	mongo-utils_2.9.1	1.1.1	-	a4b69c76922da5707a3884632304a4c2eb00ebcb
com.wordnik	mongo-utils_2.9.1	1.1.2	-	eb43d78601e6c826638fc9740d4960572bff37bd
com.wordnik	mongo-utils_2.9.1	1.1.3	-	e8489cb9c612ac7700f52fe3abbd360c8856b116
com.wordnik	mongo-utils_2.9.1	1.1.4	-	b7369b566225888cb0d6046d68a86656824a1dda
com.wordnik	mongo-utils_2.9.1	1.1.5	-	b1a3d1be9dae42fb65e91d38391d506d8c837318
com.wordnik	mongo-utils_2.9.1	1.1.6	-	f85b0081f06bc98a2080d661dac0c30ea742659f
cool.arch.infrastructure	formatter-javascript	1.0.0	-	2b98ce9a315818dccbfdacb0b40f05e8b2be56b6
cool.arch.infrastructure	formatter-javascript	1.0.1	-	3cd601cc6697df3e78e0425b8ab1078bbe36a48f
data.com.aoindustries	ao-messaging-tcp-server	1.1.0	-	6ee61370184a4b8be8899de94d3c6c2a835e5e08
data.com.aoindustries	ao-messaging-tcp-server	1.1.1	-	33d6d920288a234e62decbe7320c0ac2c72df37a
data.com.beachape	enumeratum-scalacheck_sjs0.6_2.13.0-RC2	1.5.16	-	ecdc51b6576ea20face268a80f04cb46c8136e18
data.com.busymachines	pureharm-db-slick_2.12	0.0.1	-	d7eb687048cb13944a71fbd2f391097bedb960bb
data.com.busymachines	pureharm-db-slick_2.12	0.0.2-M1	-	0efe5a6e4e4cb31986bbfca425d6f985a774ed75
data.com.busymachines	pureharm-db-slick_2.12	0.0.2-M10	-	3ec305a63497efa5416e1e1bb8e46cc50a2aaef3
data.com.busymachines	pureharm-db-slick_2.12	0.0.2-M11	-	9fe168abf1ae944832deb7347f21ea63643cb1cb
data.com.busymachines	pureharm-db-slick_2.12	0.0.2-M12	-	e9f04b2e67327057bc58904395a109ba5f960174
data.com.busymachines	pureharm-db-slick_2.12	0.0.2-M13	-	1edff82097ccb37e605c7da068583e9f6bde214e
data.com.busymachines	pureharm-db-slick_2.12	0.0.2-M13_scala_2.12	-	648ccfdf9f4f7c90f808a4ed6ad19f214a3eaf27
data.com.busymachines	pureharm-db-slick_2.12	0.0.2-M14	-	b0d4a8de51755fb918d03874d01fca64f039519f
data.com.busymachines	pureharm-db-slick_2.12	0.0.2-M15	-	7b7f1ea3f4965aeb05363e7c1f6ee9137e1c63d3
data.com.busymachines	pureharm-db-slick_2.12	0.0.2-M2	-	7f86681cb97886da9e84c668e822c79e89c47035
data.com.busymachines	pureharm-db-slick_2.12	0.0.2-M3	-	6cac393f80a0d4c727abe8561be6a0b6f69244b6
data.com.busymachines	pureharm-db-slick_2.12	0.0.2-M4	-	017dd37d626c76af0fe9debb38f3f1bcc1010d30
data.com.busymachines	pureharm-db-slick_2.12	0.0.2-M5	-	8bc4d4fa09e46775a0b9b19253ae0ce17db6412a
data.com.busymachines	pureharm-db-slick_2.12	0.0.2-M6	-	0b97c91cc334471993ba58f2b1c6f0485368e2d0
data.com.busymachines	pureharm-db-slick_2.12	0.0.2-M7	-	57727fd5da2f8342aed7a8a41c60700534acad93
data.com.busymachines	pureharm-db-slick_2.12	0.0.2-M8	-	6e83db9c8d80e0ab0fba7e57849ccd5b52e569e6
data.com.busymachines	pureharm-db-slick_2.12	0.0.2-M9	-	7bcc6d9a27406488b5854c11279a5e073625de93
data.com.busymachines	pureharm-db-slick_2.12	0.0.2-SNAP15	-	924cff4f79a6269ba228d0426c1b9eb20c426653
data.com.codacy	coverage-parser_2.12	2.0.13	-	d1dc6a58b0cd053cbf0bbf3d4bb455f06a41b713
data.com.codacy	coverage-parser_2.12	2.0.13-fixpublish.6c3a3a5	-	b41b8f8482b4608fc9dabb72953b74b51cd223e9
data.com.codacy	coverage-parser_2.12	2.0.14	-	f38cd013f679abf83eb099d79a9d4985c9768b42
data.com.codacy	coverage-parser_2.12	2.0.14-fixes.24e86e7	-	2ebc870eb21d89d4b969d2c586c785b5a8a95fb7
data.com.codacy	coverage-parser_2.12	2.0.14-fixes.acfbcda	-	b248ff8a8085072825e0878c0316379f09bfb3b9
data.com.datastax.dse	dse-native-protocol	1.2.1	-	3e8af8674819a2a50d68617c66882829cf01e78d
data.com.devonfw.java.modules	devon4j-batch	3.0.1	-	e4f3625711740aeb779b22b70b0c9a0e86cd05cc
data.com.devonfw.java.modules	devon4j-batch	3.0.2	-	8db473e381893649f61b643a60ec7bd09f7e94e2
data.com.devonfw.java.modules	devon4j-batch	3.1.0	-	39b15fad4dd4f46b5f458226ec74df9c785b5aec
data.com.devonfw.java.modules	devon4j-jpa-spring-data	3.0.1	-	61da7bfb3085671c89a6df594c8b20af3a7958ee
data.com.devonfw.java.modules	devon4j-jpa-spring-data	3.0.2	-	6a0757a9a0f078d193e6de18d723bf2a4c57805b
data.com.devonfw.java.modules	devon4j-jpa-spring-data	3.1.0	-	7d8149c6db752b8996be20f1ffba560ff4a0ea2d
data.com.emcoo.ef	emcoo-common	1.0.10	-	c86479cc3a669f63be8eb11a6a873c11001daf76
data.com.emcoo.ef	emcoo-common	1.0.11	-	4ee2a7089259116c77d19697d15cf1ff2e092df9
data.com.emcoo.ef	emcoo-common	1.0.12	-	ad71c64f3dc3e7fac2effa82e03c0eb11f07306d
data.com.emcoo.ef	emcoo-common	1.0.8	-	fe62836c4b91ec38996dc9139ab168017568bd0c
data.com.emcoo.ef	emcoo-common	1.0.9	-	ac07dcc4f51f3a1fc3e1a127ab14a2befe008533
data.com.enioka.jqm	jqm-integration-tests-ws	2.2.1	-	b308970af3aeb80a6595504ecbbacc6a5164dcd5
data.com.github.chenhaiyangs	rpc-tcc-transaction-api	1.1.0	-	6addb98c7ae404928a77148fc0e700526f13a0fa
data.com.github.j5ik2o	reactive-aws-kinesis-v2-monix_2.11	1.0.0	-	dcbe1b5ce1ed5666464cfd8629da57b357d24a21
data.com.github.j5ik2o	reactive-aws-kinesis-v2-monix_2.11	1.0.1	-	bbbb4831ff003b29575bcdf4eb06341f4a2a13e4
data.com.github.j5ik2o	reactive-aws-kinesis-v2-monix_2.11	1.0.2	-	7a5ac00a0987b9e06bb7e1955c91a278bb17e54f
data.com.github.j5ik2o	reactive-aws-kinesis-v2-monix_2.11	1.0.4	-	7254535398eb74508626efdbec4e16dae194e90c
data.com.github.j5ik2o	reactive-aws-kinesis-v2-monix_2.11	1.0.5	-	da380a9c11bbf013c7e1020d98d01bf99b4a4aba
data.com.github.j5ik2o	reactive-aws-kinesis-v2-monix_2.11	1.0.6	-	a2d0345deeee27549f03268089af3a66fc01bdcf
data.com.github.j5ik2o	reactive-aws-kinesis-v2-monix_2.11	1.0.7	-	107ab76a94b3cf326d2f256f9943bb4809ea0480
data.com.github.pyracantha	coccinea-core	0.0.2-11-d109e9a	-	991bc36f22d10eedaca1d02230ecf2e91fe1e399
data.com.github.pyracantha	coccinea-core	0.1.0-15-8babd3d	-	205fbec5f2c1f6844c20f3b04a0ed3a7a54f05fa
data.com.github.pyracantha	coccinea-core	0.2.0-20-0867117	-	6d7f7522f34f9c42d5fbd8021883b44907763f2d
data.com.github.scalaprops	scalaprops-scalaz_2.11	0.6.0	-	b58e0a06b2869763a3235f8da0e79c32dcb3378f
data.com.github.tornaia	aott-desktop-client-bootstrap	1.0.339	-	ecc8cdc5ef82228052506c557095307a91c9927c
data.com.github.vonnagy	service-container_2.13	2.1.0	-	1d902373054c11a8fdbdbefb140fd8cbe0dc5acf
data.com.google.apis	google-api-services-cloudshell	v1-rev101-1.18.0-rc	-	ad421361b15cde17d02aa3c8b144866916b217ee
data.com.google.apis	google-api-services-cloudshell	v1-rev101-1.25.0	-	1435c1cbe5125de0ea9c6d2ed9fa163333323f9a
data.com.google.apis	google-api-services-cloudshell	v1-rev102-1.18.0-rc	-	4d237a2dd5a8aa014bc2c0d24cf8f5e72cf6679b
data.com.google.apis	google-api-services-cloudshell	v1-rev102-1.25.0	-	1e3051043e02bfc03aee371153818c029bd28fbe
data.com.google.apis	google-api-services-cloudshell	v1-rev103-1.18.0-rc	-	d29ce5a4a25fba10332314e18126b9f69967ae15
data.com.google.apis	google-api-services-cloudshell	v1-rev103-1.25.0	-	451f79d0eef2223580335fa041d3f08570dde470
data.com.google.apis	google-api-services-cloudshell	v1-rev104-1.18.0-rc	-	91f6927521d7a3bb4df9076ae11c633cb5194918
data.com.google.apis	google-api-services-cloudshell	v1-rev104-1.25.0	-	d71a4e83e431ddc1bee854d7c3c5221cbc57da1c
data.com.google.apis	google-api-services-cloudshell	v1-rev105-1.18.0-rc	-	974f7e34a2ef77e2d4914dabd75bfc000322d8e4
data.com.google.apis	google-api-services-cloudshell	v1-rev105-1.25.0	-	c582be20550316020ee8e0f6668b4e6009e347c8
data.com.google.apis	google-api-services-cloudshell	v1-rev107-1.18.0-rc	-	66f591e134fbedfd173eff61a75628fbc8143885
data.com.google.apis	google-api-services-cloudshell	v1-rev20180602-1.28.0	-	674b8868b18baa9082254fd37eaf5e45f0a1372c
data.com.google.apis	google-api-services-cloudshell	v1-rev20190318-1.26.0	-	54e5c7e3e26f717a535c0a9797ecb8acd92faf61
data.com.google.apis	google-api-services-cloudshell	v1-rev20190318-1.27.0	-	0200dced368ef891a90182b163b53bfd14ab879c
data.com.google.apis	google-api-services-cloudshell	v1-rev20190318-1.28.0	-	ff25049b5a919d9bc74bc95ad26f6f9e23c20ea3
data.com.google.apis	google-api-services-cloudshell	v1-rev20190511-1.26.0	-	31420a229ca94d1719425ea93cb628dfca94726a
data.com.google.apis	google-api-services-cloudshell	v1-rev20190511-1.27.0	-	e69e49d7a390fb0ca3e76cb156e96331078bb8cb
data.com.google.apis	google-api-services-cloudshell	v1-rev20190511-1.28.0	-	730e42e7ce71632a3668ae5149d747ff3e3908bb
data.com.google.apis	google-api-services-cloudshell	v1-rev20190610-1.26.0	-	f89f92ffc097c0560cf52b8c0e1b38a2390b2d16
data.com.google.apis	google-api-services-cloudshell	v1-rev20190610-1.27.0	-	d49ee5aa5dca5673b57a0f785136af2762f5a14e
data.com.google.apis	google-api-services-cloudshell	v1-rev20190610-1.28.0	-	3317869997039d13b6b7bc6a6f9dd74814aa223c
data.com.google.apis	google-api-services-cloudshell	v1-rev20190610-1.29.2	-	95dbf2a88c6ddbf722b89833c79a1d7701843ce3
data.com.google.apis	google-api-services-cloudshell	v1-rev20190610-1.30.1	-	0a7269a1815ae814445105e6a2a4a5eb9d13a0e8
data.com.google.apis	google-api-services-cloudshell	v1-rev84-1.18.0-rc	-	b3f7fe6ab37c8b922223b48a1ffe91d2552e41ac
data.com.google.apis	google-api-services-cloudshell	v1-rev84-1.22.0	-	7abacd6484b75e26aed76af6fd4d7a2e8aae0ae9
data.com.google.apis	google-api-services-cloudshell	v1-rev84-1.23.0	-	0e150b1206ea6ef87e8115ac40a242aecd1d3969
data.com.google.apis	google-api-services-cloudshell	v1-rev84-1.24.1	-	e24ab5111e8451c51efbc9bc1618b46500798023
data.com.google.apis	google-api-services-cloudshell	v1-rev84-1.25.0	-	165ec8d635db81f1f93b9ba238ed1b80a329aec4
data.com.google.apis	google-api-services-cloudshell	v1-rev85-1.18.0-rc	-	7b304eff82dbb6f4cd8318e48223ddc2cc031c8f
data.com.google.apis	google-api-services-cloudshell	v1-rev85-1.22.0	-	4f175439a71d82df88ad4a2e3860eb0321986853
data.com.google.apis	google-api-services-cloudshell	v1-rev85-1.24.1	-	1cd8c87ee57c3fc1904f3ea67ae493da738e44c1
data.com.google.apis	google-api-services-cloudshell	v1-rev85-1.25.0	-	489073a1e6b77b8b45ead17ed55ccda458f47cc6
data.com.google.apis	google-api-services-cloudshell	v1-rev86-1.18.0-rc	-	23e7072340299b358ab176554f4b5a25949784da
data.com.google.apis	google-api-services-cloudshell	v1-rev86-1.22.0	-	b4c5e144ea2063487f1c5d4832829004910543c9
data.com.google.apis	google-api-services-cloudshell	v1-rev86-1.23.0	-	a716fe7ae15149e969f1b635b287e4ea28f96b92
data.com.google.apis	google-api-services-cloudshell	v1-rev86-1.24.1	-	48d800989e887d5ea69c18bd57771b7204c31b8e
data.com.google.apis	google-api-services-cloudshell	v1-rev86-1.25.0	-	284a7e1ad6c5ee7e866ee5605bc57e7e787c9566
data.com.google.apis	google-api-services-cloudshell	v1-rev87-1.18.0-rc	-	703b4c14cdb44e74d542063c32813ea1c6cbf469
data.com.google.apis	google-api-services-cloudshell	v1-rev87-1.22.0	-	89834b4d8a69a8b973263b87b0725b5770003d29
data.com.google.apis	google-api-services-cloudshell	v1-rev87-1.23.0	-	8a18615fc7941e43b6dbb6407a3d5374d7fa4d2c
data.com.google.apis	google-api-services-cloudshell	v1-rev87-1.24.1	-	c24c4609d5965880fcde9e26c6ee0ab5157a3777
data.com.google.apis	google-api-services-cloudshell	v1-rev87-1.25.0	-	728074d71f16c1e49f95f6341e922fa2428bf4ff
data.com.google.apis	google-api-services-cloudshell	v1-rev88-1.18.0-rc	-	1176e455601059930c8e1897b4ba20d2ecee7418
data.com.google.apis	google-api-services-cloudshell	v1-rev88-1.22.0	-	174b281571b7d8afa2168826db73ca8f59b94d30
data.com.google.apis	google-api-services-cloudshell	v1-rev88-1.23.0	-	31ef794894a537d1479a2eafe36185ac5e374cdf
data.com.google.apis	google-api-services-cloudshell	v1-rev88-1.24.1	-	00f804330d08ec423d9e515e7047626a2405cde6
data.com.google.apis	google-api-services-cloudshell	v1-rev88-1.25.0	-	b1ff3f34afa322e4291cc6d4bb81446da2850833
data.com.google.apis	google-api-services-cloudshell	v1-rev89-1.18.0-rc	-	26e95d12d1b2f56a955070b40cc155b031caabee
data.com.google.apis	google-api-services-cloudshell	v1-rev89-1.22.0	-	ba0e86330acfa25355fe9d8d4a0c582a85b76412
data.com.google.apis	google-api-services-cloudshell	v1-rev89-1.23.0	-	82bdd0c9d49405e0af9fd83d96ea4865a75a4e2c
data.com.google.apis	google-api-services-cloudshell	v1-rev89-1.24.1	-	31684544ebc98a3d853bcc1103233b083fd5f6ac
data.com.google.apis	google-api-services-cloudshell	v1-rev89-1.25.0	-	b860ba9a865b969e4da977460b147b173b90d823
data.com.google.apis	google-api-services-cloudshell	v1-rev90-1.18.0-rc	-	f8ae30944213640deae29fb8bb99271acefbe31e
data.com.google.apis	google-api-services-cloudshell	v1-rev90-1.22.0	-	871732d3c4382169b98d625230dc8408c1024d54
data.com.google.apis	google-api-services-cloudshell	v1-rev90-1.23.0	-	4d33af3e8e5f302f76fd43ae7c8eb8d89dda7a63
data.com.google.apis	google-api-services-cloudshell	v1-rev90-1.24.1	-	e2ec1f28ff3a14a38081b90f638d41ce12ce5a22
data.com.google.apis	google-api-services-cloudshell	v1-rev90-1.25.0	-	fa1e5994885b569712765d88adf694f819593a6f
data.com.google.apis	google-api-services-cloudshell	v1-rev91-1.18.0-rc	-	aaa0c920ef350e867460efe7fad646428c9895d8
data.com.google.apis	google-api-services-cloudshell	v1-rev91-1.22.0	-	99e320268ecbbe30ea10c7ef5bf7e9ba046c375c
data.com.google.apis	google-api-services-cloudshell	v1-rev91-1.23.0	-	b41f6f2d7921834af1e87ed157278b84be303226
data.com.google.apis	google-api-services-cloudshell	v1-rev91-1.24.1	-	d6b4e73ba5f91a30524fa388d0bf5ee41377d670
data.com.google.apis	google-api-services-cloudshell	v1-rev91-1.25.0	-	0012b6d94089cce7c497a8e1bbed9fd2d7e88fcb
data.com.google.apis	google-api-services-cloudshell	v1-rev92-1.18.0-rc	-	d0236a796e792f2f2647b545ad513ffcd449f46b
data.com.google.apis	google-api-services-cloudshell	v1-rev92-1.22.0	-	9174ff384f78adfdbbdb9b8b71191a4d72eb9d14
data.com.google.apis	google-api-services-cloudshell	v1-rev92-1.23.0	-	20ec3a913f5486fbe071c3ab5dac333721151d4b
data.com.google.apis	google-api-services-cloudshell	v1-rev92-1.24.1	-	f292da3ff082a8efeaeaa25b9e059bcd9430c4cc
data.com.google.apis	google-api-services-cloudshell	v1-rev92-1.25.0	-	3a623b118759e5d06682b395b3e4fcbe91e7966a
data.com.google.apis	google-api-services-cloudshell	v1-rev93-1.18.0-rc	-	1c6f1a8cacacea931db5ff5c3ecef0a79b9f3f4c
data.com.google.apis	google-api-services-cloudshell	v1-rev93-1.22.0	-	f83412f8c4e14608a1be5858ca50f4fd1ccb3608
data.com.google.apis	google-api-services-cloudshell	v1-rev93-1.23.0	-	15385a02c81721bcc1848172a604e23bd694b446
data.com.google.apis	google-api-services-cloudshell	v1-rev93-1.24.1	-	bdf80bf2db45607844b0e52f6745c3a3442b2d75
data.com.google.apis	google-api-services-cloudshell	v1-rev93-1.25.0	-	ef9b53cd972f4b00eca50dcd1b4cea6375559f64
data.com.google.apis	google-api-services-cloudshell	v1-rev95-1.18.0-rc	-	d4a6a21f1d669f7327ffb9208e46956cb4df8db3
data.com.google.apis	google-api-services-cloudshell	v1-rev95-1.22.0	-	0d181986ed1acd25e71202d4669c5dc88497acdf
data.com.google.apis	google-api-services-cloudshell	v1-rev95-1.23.0	-	aed37431ce17290ec0446f2c4f34c4ea7d49c100
data.com.google.apis	google-api-services-cloudshell	v1-rev95-1.24.1	-	85b2344f0d6c412159009eff582f59e0dfa50717
data.com.google.apis	google-api-services-cloudshell	v1-rev95-1.25.0	-	4155936b1967ce14e6e81a434bb9203f30424398
data.com.google.apis	google-api-services-cloudshell	v1-rev96-1.18.0-rc	-	9fda8fca0b70c1d03ea1a0e4095c9613b7665542
data.com.google.apis	google-api-services-cloudshell	v1-rev96-1.22.0	-	7ec5afcbba3809e8e25bdae1be4e93ac416b5e7b
data.com.google.apis	google-api-services-cloudshell	v1-rev96-1.23.0	-	2b13971f0308d24a0b4d77f9174e786643de3527
data.com.google.apis	google-api-services-cloudshell	v1-rev96-1.24.1	-	490872725145557a32fafe2618722c4220852f8c
data.com.google.apis	google-api-services-cloudshell	v1-rev96-1.25.0	-	85eb08d3249ef9204be22328b3a7513d68a3dc42
data.com.google.apis	google-api-services-cloudshell	v1-rev97-1.18.0-rc	-	961a8ae58640543490a7143bb512e446289a8d8c
data.com.google.apis	google-api-services-cloudshell	v1-rev97-1.22.0	-	011ca14cdf8335f0dc90eeceba1481ac363f318d
data.com.google.apis	google-api-services-cloudshell	v1-rev97-1.23.0	-	c5363263c43316da8d9af21672e31966454303ab
data.com.google.apis	google-api-services-cloudshell	v1-rev97-1.24.1	-	0bc6a7ad2c4e5f11485182425c0472f0a8afde3f
data.com.google.apis	google-api-services-cloudshell	v1-rev97-1.25.0	-	e67283265a4178725aa87af691b8dbc50cb6163e
data.com.google.apis	google-api-services-cloudshell	v1-rev98-1.18.0-rc	-	54a0cdec04f043e25040d99c64c0f290de0bef84
data.com.google.apis	google-api-services-cloudshell	v1-rev98-1.22.0	-	0e1ff4f1bb601ebc505d451a08f1ee23ad9ed383
data.com.google.apis	google-api-services-cloudshell	v1-rev98-1.23.0	-	d13e23d5e2365114632d93e48aaddcb1be9adcfd
data.com.google.apis	google-api-services-cloudshell	v1-rev98-1.24.1	-	27f60aaf0a671d5a42f39e12dbeae297f838b16c
data.com.google.apis	google-api-services-cloudshell	v1-rev98-1.25.0	-	e20d7844419661cc6b62d9993394fba0b0ddbff2
data.com.google.apis	google-api-services-cloudshell	v1-rev99-1.18.0-rc	-	8edb6b5c39ffbdaf2a5bc66288857846012ca0b4
data.com.google.apis	google-api-services-cloudshell	v1-rev99-1.22.0	-	0705fbd0b69f4ac51eb5d223f29ec461c11e1ff3
data.com.google.apis	google-api-services-cloudshell	v1-rev99-1.23.0	-	0ea570cdca89b46170fe750f434de238431342a0
data.com.google.apis	google-api-services-cloudshell	v1-rev99-1.24.1	-	7720e99ec02c1b9fc82f17f3503744d8c2ff273c
data.com.google.apis	google-api-services-cloudshell	v1-rev99-1.25.0	-	6e3c8b8b955e04c2595ed7f02b65f5a28d366faa
data.com.google.apis	google-api-services-cloudshell	v1alpha1-rev101-1.18.0-rc	-	0c0ef50ad15d5676e5eac91d70d4430480962ab1
data.com.google.apis	google-api-services-cloudshell	v1alpha1-rev101-1.25.0	-	03f833bd2a568ee8c7f0d2c10e24640cce62545b
data.com.google.apis	google-api-services-cloudshell	v1alpha1-rev102-1.18.0-rc	-	19613e9a2c35ef9c862d6f8070b965881347f261
data.com.google.apis	google-api-services-cloudshell	v1alpha1-rev102-1.25.0	-	a12303fc524094c5eb8d110bd662529da9249f6e
data.com.google.apis	google-api-services-cloudshell	v1alpha1-rev103-1.18.0-rc	-	f85c56865cc0095e96a2c6bc356636db6452fd60
data.com.google.apis	google-api-services-cloudshell	v1alpha1-rev103-1.25.0	-	17f75ad876286de416ac633aa2f39fd30075fc47
data.com.google.apis	google-api-services-cloudshell	v1alpha1-rev105-1.18.0-rc	-	1bfaaeb8348a6a6677bdfca244ac6fdec981fb5c
data.com.google.apis	google-api-services-cloudshell	v1alpha1-rev105-1.25.0	-	3e2de13b2907bd8c78a9d945663a37c28a53e3be
data.com.google.apis	google-api-services-cloudshell	v1alpha1-rev106-1.18.0-rc	-	01131749117470f6672103525105b08ae554e01c
data.com.google.apis	google-api-services-cloudshell	v1alpha1-rev20180809-1.28.0	-	71e5f2dc207214575cc0790575dc30723b97dc27
data.com.google.apis	google-api-services-cloudshell	v1alpha1-rev20190227-1.26.0	-	0586439f3bba3ecbdd5e6e707036b2a7bfe8056d
data.com.google.apis	google-api-services-cloudshell	v1alpha1-rev20190227-1.27.0	-	63b80175c1bf502379640f20e39f35e5e3832c5f
data.com.google.apis	google-api-services-cloudshell	v1alpha1-rev20190227-1.28.0	-	d0d27bce7a94d3d8946671ed08e2772d25b5b61b
data.com.google.apis	google-api-services-cloudshell	v1alpha1-rev20190323-1.26.0	-	5d943cd9722e4ba775ba502613a372f58be1a621
data.com.google.apis	google-api-services-cloudshell	v1alpha1-rev20190323-1.27.0	-	4d606c354a58d23602e1d365c5376c4d313641ef
data.com.google.apis	google-api-services-cloudshell	v1alpha1-rev20190323-1.28.0	-	fe6f5ef54638cbe9cb912b12319174b133c84ee1
data.com.google.apis	google-api-services-cloudshell	v1alpha1-rev20190511-1.26.0	-	7ec091371dc1afe84e6dc555c1b50c02134f8901
data.com.google.apis	google-api-services-cloudshell	v1alpha1-rev20190511-1.27.0	-	f985a0ca57f9b0116dc869e40fc7b57548dc6841
data.com.google.apis	google-api-services-cloudshell	v1alpha1-rev20190511-1.28.0	-	605d91d6e9b46c8fd04182f440c699ffc59a99db
data.com.google.apis	google-api-services-cloudshell	v1alpha1-rev20190610-1.26.0	-	27817dc675df022f3ec7a9f4aec8b7b0ba398390
data.com.google.apis	google-api-services-cloudshell	v1alpha1-rev20190610-1.27.0	-	1605d520f30327a3c20e150e8a0fc30c2430994a
data.com.google.apis	google-api-services-cloudshell	v1alpha1-rev20190610-1.28.0	-	5b9defbdf27008829577f7e84ec55d410bdcd524
data.com.google.apis	google-api-services-cloudshell	v1alpha1-rev20190610-1.29.2	-	bc9a319880548f22d5003904483ed0038c45ea7d
data.com.google.apis	google-api-services-cloudshell	v1alpha1-rev20190610-1.30.1	-	032e744befc43e58dd49c7dc9ccc894665a4b582
data.com.google.apis	google-api-services-cloudshell	v1alpha1-rev84-1.18.0-rc	-	51e556cf598e0f1eb18d831a0f9f4e03b6d972c3
data.com.google.apis	google-api-services-cloudshell	v1alpha1-rev84-1.22.0	-	b8d75989b26bdd1e63e4e2f7b519c7cb784dd95c
data.com.google.apis	google-api-services-cloudshell	v1alpha1-rev84-1.23.0	-	bae805437c84613010dda47400e5344e102302b4
data.com.google.apis	google-api-services-cloudshell	v1alpha1-rev84-1.24.1	-	bb5c9aaec792ad9baa01fbb738a7842dc42fe71b
data.com.google.apis	google-api-services-cloudshell	v1alpha1-rev84-1.25.0	-	5fa3e66ce388d9a902b4ef8340276a6e4bfed051
data.com.google.apis	google-api-services-cloudshell	v1alpha1-rev85-1.18.0-rc	-	b22aead930ddac83932266e4beca92349521fa21
data.com.google.apis	google-api-services-cloudshell	v1alpha1-rev85-1.22.0	-	e766390ec8e72ed47f30541c5b4a8c44a1a36a7f
data.com.google.apis	google-api-services-cloudshell	v1alpha1-rev85-1.23.0	-	776363b3489080326bd7132defca03b5015f78dc
data.com.google.apis	google-api-services-cloudshell	v1alpha1-rev85-1.25.0	-	e6a1c33feb0d45950c669c205a331e720ae55147
data.com.google.apis	google-api-services-cloudshell	v1alpha1-rev86-1.18.0-rc	-	a90c9fdee890496f583d62758cc80076b2df5819
data.com.google.apis	google-api-services-cloudshell	v1alpha1-rev86-1.22.0	-	d57d6ea0748754d11f437fbcf5324c1c1f06850c
data.com.google.apis	google-api-services-cloudshell	v1alpha1-rev86-1.23.0	-	3fdee643c47b6484fb4173044a2a9b8e8dbab2de
data.com.google.apis	google-api-services-cloudshell	v1alpha1-rev86-1.24.1	-	94f3e87b3e4a4455f8af2dd56bf5791220fa8e02
data.com.google.apis	google-api-services-cloudshell	v1alpha1-rev86-1.25.0	-	717981094b05eab8c34e902c72a1d923951ddb2f
data.com.google.apis	google-api-services-cloudshell	v1alpha1-rev87-1.18.0-rc	-	345a38d8fc389d358456637a6f530b95ff235b5c
data.com.google.apis	google-api-services-cloudshell	v1alpha1-rev87-1.22.0	-	9a8d3f24690d19884bb9038d8fe9eded1227bcf2
data.com.google.apis	google-api-services-cloudshell	v1alpha1-rev87-1.23.0	-	7c826d80e2c3ca06944691c78dd19ccd7570f6a8
data.com.google.apis	google-api-services-cloudshell	v1alpha1-rev87-1.24.1	-	87e177bd312619e70b95b9b50f70c1c11ae870ab
data.com.google.apis	google-api-services-cloudshell	v1alpha1-rev87-1.25.0	-	3bbb1613291b60dfa3d2f96ed5a5b2b80b733050
data.com.google.apis	google-api-services-cloudshell	v1alpha1-rev88-1.18.0-rc	-	8a120763d27a07311d4f2469c4c542929da88903
data.com.google.apis	google-api-services-cloudshell	v1alpha1-rev88-1.22.0	-	d374f5d0b63f8cfd9a6fba4e379723e0886a677d
data.com.google.apis	google-api-services-cloudshell	v1alpha1-rev88-1.23.0	-	f9d3703619419f926fb666ebf530a1467357bf22
data.com.google.apis	google-api-services-cloudshell	v1alpha1-rev88-1.24.1	-	66c445975e99f1221d967cd8b7e1b74ec4f4abaa
data.com.google.apis	google-api-services-cloudshell	v1alpha1-rev88-1.25.0	-	54ef7800110868655b1d23f24d5807425979d23f
data.com.google.apis	google-api-services-cloudshell	v1alpha1-rev89-1.18.0-rc	-	ce05fc50a554aa88c4de12037d5343abc7db8715
data.com.google.apis	google-api-services-cloudshell	v1alpha1-rev89-1.22.0	-	ef1431aa6f9245f277a2925cb042f2ce88f9ea80
data.com.google.apis	google-api-services-cloudshell	v1alpha1-rev89-1.23.0	-	18e1dc1015d4dfaf7b317e65faf379394f8fb72f
data.com.google.apis	google-api-services-cloudshell	v1alpha1-rev89-1.24.1	-	4409f3f854cb18a2295100f1cce73abd486daa26
data.com.google.apis	google-api-services-cloudshell	v1alpha1-rev89-1.25.0	-	df9d64314928fe78e546f5d48e33caa14d7dc55f
data.com.google.apis	google-api-services-cloudshell	v1alpha1-rev90-1.18.0-rc	-	f10336b924074d1b2736da99f4d84719b6f5213a
data.com.google.apis	google-api-services-cloudshell	v1alpha1-rev90-1.22.0	-	ff641fabe343cfd40fb2d6659605780eef91f0de
data.com.google.apis	google-api-services-cloudshell	v1alpha1-rev90-1.23.0	-	6de8de16f114b251eb95483fb11e319032fc54ad
data.com.google.apis	google-api-services-cloudshell	v1alpha1-rev90-1.24.1	-	94fc93e1354a293bdbf37cadcca9fbfcb4c7cd09
data.com.google.apis	google-api-services-cloudshell	v1alpha1-rev90-1.25.0	-	8b91ee068c8f353d6f3ddc99b70b49e98c7ad3ce
data.com.google.apis	google-api-services-cloudshell	v1alpha1-rev91-1.18.0-rc	-	589107a51fbae39fe16091531491815133ccafb0
data.com.google.apis	google-api-services-cloudshell	v1alpha1-rev91-1.22.0	-	634ae0e906ed15c645b99c06b6c3721cb1a8aac4
data.com.google.apis	google-api-services-cloudshell	v1alpha1-rev91-1.23.0	-	127ea6f667521a00bcd6f742416becc7804a0b5f
data.com.google.apis	google-api-services-cloudshell	v1alpha1-rev91-1.24.1	-	c643d8f52165466bdb1bc4e8a5bd020549fa6fe9
data.com.google.apis	google-api-services-cloudshell	v1alpha1-rev91-1.25.0	-	baa9da651d8a442efaa192ffd91f2b9a510ebc60
data.com.google.apis	google-api-services-cloudshell	v1alpha1-rev92-1.18.0-rc	-	a39f555841a142088ee17201a8f466e6f5526338
data.com.google.apis	google-api-services-cloudshell	v1alpha1-rev92-1.22.0	-	a10edd4b680ebc10c1385acf94c9fb17bb99cca4
data.com.google.apis	google-api-services-cloudshell	v1alpha1-rev92-1.23.0	-	bb6e2ff12702c0ba0445704dd861b70cb4e9d97c
data.com.google.apis	google-api-services-cloudshell	v1alpha1-rev92-1.24.1	-	0eea31745af1652265c61e544cfa36d5a75f7095
data.com.google.apis	google-api-services-cloudshell	v1alpha1-rev92-1.25.0	-	25157b60ed4a825264e725e1e24da966da8b9838
data.com.google.apis	google-api-services-cloudshell	v1alpha1-rev93-1.18.0-rc	-	1752b417db1c40d22fa38d6465a1669fac97ec63
data.com.google.apis	google-api-services-cloudshell	v1alpha1-rev93-1.22.0	-	8887158c4ece5efbc1b0ccd0f012844a06865e34
data.com.google.apis	google-api-services-cloudshell	v1alpha1-rev93-1.23.0	-	6289be21a3283bf6ba3479ece9b95e07ecfb8d34
data.com.google.apis	google-api-services-cloudshell	v1alpha1-rev93-1.24.1	-	32bc340a9f5d22a43dddf5bbe65bc01d9daa140d
data.com.google.apis	google-api-services-cloudshell	v1alpha1-rev93-1.25.0	-	ff58f5f0430cc708e758a172ddcf0ba5ee46322d
data.com.google.apis	google-api-services-cloudshell	v1alpha1-rev95-1.18.0-rc	-	c55e8ccd0b5f9ef3c15d658ae0f6e8383fb9537f
data.com.google.apis	google-api-services-cloudshell	v1alpha1-rev95-1.22.0	-	2020962ae8a042278feb68206ec4981d51c4519a
data.com.google.apis	google-api-services-cloudshell	v1alpha1-rev95-1.23.0	-	92500eabfd201a5e241b24162b2cccfd8ff883f9
data.com.google.apis	google-api-services-cloudshell	v1alpha1-rev95-1.24.1	-	6e669312021f10bd27cad4e2081ef7744102b8f5
data.com.google.apis	google-api-services-cloudshell	v1alpha1-rev95-1.25.0	-	5db98ab00192f8572fbf7cdfd3b5c5fffe0ed0d5
data.com.google.apis	google-api-services-cloudshell	v1alpha1-rev96-1.18.0-rc	-	d9476dae37a32a2b30ff0b6531e8765888d4ac86
data.com.google.apis	google-api-services-cloudshell	v1alpha1-rev96-1.22.0	-	55f920724562cfe84582db300ab7abe9fb569a5b
data.com.google.apis	google-api-services-cloudshell	v1alpha1-rev96-1.23.0	-	3ee7624bcb36536340c31bbed81246e4007ec768
data.com.google.apis	google-api-services-cloudshell	v1alpha1-rev96-1.24.1	-	aa807b841b70369fc69b82d2dbcc658501bd921b
data.com.google.apis	google-api-services-cloudshell	v1alpha1-rev96-1.25.0	-	5ed40823a32c3b13d5990750cbeb61110ad33083
data.com.google.apis	google-api-services-cloudshell	v1alpha1-rev97-1.18.0-rc	-	219a4ea7bfc42e1b81b635fd862ba62e5d297065
data.com.google.apis	google-api-services-cloudshell	v1alpha1-rev97-1.22.0	-	6e36e2233a0a4cf141ce7b7c3e047a8d00a0f807
data.com.google.apis	google-api-services-cloudshell	v1alpha1-rev97-1.23.0	-	82125d7ae077100e47129e58e3c692c5ef340be7
data.com.google.apis	google-api-services-cloudshell	v1alpha1-rev97-1.24.1	-	4c11c2dcb7f2e736e16a6a4de5bc5df1d14a4da2
data.com.google.apis	google-api-services-cloudshell	v1alpha1-rev97-1.25.0	-	55f22d1ee1f1d487135947ca6885c66d68740d11
data.com.google.apis	google-api-services-cloudshell	v1alpha1-rev98-1.18.0-rc	-	d2cf051f9f3b870c2f52838a449dfe10d7d957e5
data.com.google.apis	google-api-services-cloudshell	v1alpha1-rev98-1.22.0	-	e7c5489a4ee005a7ba93b20ae0ade20d782b7542
data.com.google.apis	google-api-services-cloudshell	v1alpha1-rev98-1.23.0	-	90e503a29d1f1e32d708fd2e614f3eb87cdc1f00
data.com.google.apis	google-api-services-cloudshell	v1alpha1-rev98-1.24.1	-	9f92ece7d093f2860450b3fc7899149f5336fbe2
data.com.google.apis	google-api-services-cloudshell	v1alpha1-rev98-1.25.0	-	fce17d3ad32b9016938835b325451ea7a11e23b7
data.com.google.apis	google-api-services-cloudshell	v1alpha1-rev99-1.18.0-rc	-	f63874da246be07fea593286dc3af8f936454e84
data.com.google.apis	google-api-services-cloudshell	v1alpha1-rev99-1.22.0	-	60098d4c3ceccb31877ba92e757e69257c2a1a1b
data.com.google.apis	google-api-services-cloudshell	v1alpha1-rev99-1.23.0	-	daa9dbb0cb538e31ed00eab3ab6523fec8fd9ae6
data.com.google.apis	google-api-services-cloudshell	v1alpha1-rev99-1.24.1	-	79bb1c5e1313bce27c1c9a05968cce95a0014638
data.com.google.apis	google-api-services-cloudshell	v1alpha1-rev99-1.25.0	-	ce1f96b1438f18d4ec30e4c25dff168fdac64733
data.com.helger	ph-cii-testfiles	2.1.1	-	dd6e058bbc0eb9e61221e7808423d503ba6f3c45
data.com.leonarduk	webscraper-core	1.0.19	-	be9a25d5f9970d35652835c04afbe44ec4add0c1
data.com.leonarduk	webscraper-core	1.0.20	-	340a4866ec51122d70ec912656cbfc0dab4823c8
data.com.leonarduk	webscraper-core	1.0.21	-	e6559825e17cae65e4f6b2fac512c638deb7824a
data.com.leonarduk	webscraper-core	1.0.22	-	810be615cf237304a2a14325f2fe4ca475801611
data.com.leonarduk	webscraper-core	1.0.23	-	bdffcdb58e9b76958fa14d0e8309d234ece47754
data.com.liferay	com.liferay.dynamic.data.lists.form.web	2.0.27	-	80ae55b8288e67b177e24c40909a425e52987486
data.com.liferay	com.liferay.dynamic.data.lists.form.web	2.0.27	2.0.27-jspc	0218f7ab3b76bb8b3851c84533a205c19c8dee69
data.com.liferay	com.liferay.dynamic.data.lists.form.web	2.0.27	2.0.27-sources-commercial	61a083a487bb7b2ee5585d62d9bc3bee8012e366
data.com.liferay	com.liferay.dynamic.data.lists.form.web	2.0.28	-	d833951cc36e6ceea2734f068a89bae26907d82b
data.com.liferay	com.liferay.dynamic.data.lists.form.web	2.0.28	2.0.28-jspc	1e68bf33873a654a88fd98d4076a7f7e0c5def35
data.com.liferay	com.liferay.dynamic.data.lists.form.web	2.0.28	2.0.28-sources-commercial	52d6edc6634d3460246c5e70fc9e1d05151cbea7
data.com.liferay	com.liferay.dynamic.data.lists.form.web	2.0.29	-	e10f9f9e8dfbe2a32e9468eba1b4c2c8e91a7888
data.com.liferay	com.liferay.dynamic.data.lists.form.web	2.0.29	2.0.29-jspc	ec3d95c70d6019b847f76b41bab298dd55e2dc69
data.com.liferay	com.liferay.dynamic.data.lists.form.web	2.0.29	2.0.29-sources-commercial	aaa3937184c400dc1a2bd54748d51c0824ed2b0f
data.com.liferay	com.liferay.dynamic.data.lists.form.web	2.0.30	-	8aed9c9d401c5c394165e9ead8501b5c252e06c1
data.com.liferay	com.liferay.dynamic.data.lists.form.web	2.0.30	2.0.30-jspc	301585458bee172ba0de5e5507ceb31f45da4e49
data.com.liferay	com.liferay.dynamic.data.lists.form.web	2.0.30	2.0.30-sources-commercial	b20a6849f43782526f64329133a80f59b1a3c477
data.com.liferay	com.liferay.dynamic.data.lists.form.web	2.0.31	-	0025794d87cfbfc1ea3fc07d0a192bbe3ff34d21
data.com.liferay	com.liferay.dynamic.data.lists.form.web	2.0.31	2.0.31-jspc	ddd37386e0954b5be03e33f899dc7fc9d47b3e79
data.com.liferay	com.liferay.dynamic.data.lists.form.web	2.0.31	2.0.31-sources-commercial	26dab411f8233d3cda901ec6eb599497038bf14a
data.com.liferay	com.liferay.dynamic.data.lists.form.web	2.0.32	-	253787e111a9801d740a49941a2647645e0ed0b4
data.com.liferay	com.liferay.dynamic.data.lists.form.web	2.0.32	2.0.32-jspc	d01e43a51cf434c98b9b838d8fca14806248d350
data.com.liferay	com.liferay.dynamic.data.lists.form.web	2.0.32	2.0.32-sources-commercial	16e41988193260688ba376528afc74b875dcb53e
data.com.liferay	com.liferay.dynamic.data.lists.form.web	2.0.33	-	fc3b5d6926e3fe64953bab9a2bddca92e9d6d6e5
data.com.liferay	com.liferay.dynamic.data.lists.form.web	2.0.33	2.0.33-jspc	dd07673a7f099f61fb6fb582a53eb994cff017b1
data.com.liferay	com.liferay.dynamic.data.lists.form.web	2.0.33	2.0.33-sources-commercial	571521666b8eb2306f43bc5ea457f4baa3902731
data.com.liferay	com.liferay.dynamic.data.lists.form.web	2.0.34	-	313eb2e95865bad6fac851402e7a460efc15256a
data.com.liferay	com.liferay.dynamic.data.lists.form.web	2.0.34	2.0.34-jspc	07a9f595a076ae4df1f055ccab225dfea2d121eb
data.com.liferay	com.liferay.dynamic.data.lists.form.web	2.0.34	2.0.34-sources-commercial	7d930716a16f48239650438fcf1f5b2b3fd13471
data.com.liferay	com.liferay.dynamic.data.lists.form.web	2.0.35	-	a5ead7bc0881b07a3adfdb39b9a22ebb58943840
data.com.liferay	com.liferay.dynamic.data.lists.form.web	2.0.35	2.0.35-jspc	5be75b770797f6a8f81cc900b92618dd2051e9f0
data.com.liferay	com.liferay.dynamic.data.lists.form.web	2.0.35	2.0.35-sources-commercial	6c82234a13a3beabca2c0b7244647bf0a1adfba9
data.com.liferay	com.liferay.dynamic.data.lists.form.web	2.0.36	-	6c743d5ebcf189b89878b57ca4c8e0f4d12551b3
data.com.liferay	com.liferay.dynamic.data.lists.form.web	2.0.36	2.0.36-jspc	d8f3b0b9e70692106e65ac2d19d95a74913d2a00
data.com.liferay	com.liferay.dynamic.data.lists.form.web	2.0.36	2.0.36-sources-commercial	adf240022980a1a47d4c4462de5ddc34381b161a
data.com.liferay	com.liferay.dynamic.data.lists.form.web	2.0.37	-	faba17d0a925ebc41001ff66712f07c82dba8ddb
data.com.liferay	com.liferay.dynamic.data.lists.form.web	2.0.37	2.0.37-jspc	f7c94254acc317df86e9944cf86ccde77b87e9ce
data.com.liferay	com.liferay.dynamic.data.lists.form.web	2.0.37	2.0.37-sources-commercial	7b5d062260ef1e6069784c42ea2fcae5b8384d61
data.com.liferay	com.liferay.password.policies.admin.uad	2.0.1	-	82c403f1fed569dcf7bbaa53eadd75ad79442881
data.com.liferay	com.liferay.password.policies.admin.uad	2.0.1	2.0.1-sources-commercial	47f945a223a9037c86856c9fc7e6f4b3b7c86d67
data.com.liferay	com.liferay.password.policies.admin.uad	3.0.2	-	df7c1eb79d16e01cee1dec695d4eac1df2d0bde6
data.com.liferay	com.liferay.password.policies.admin.uad	3.0.2	3.0.2-sources-commercial	ad30d678c8537711930219c9ec12e18740f9f5cc
data.com.liferay	com.liferay.password.policies.admin.uad	4.0.0	-	5272115e6b159dab230f0647ac90f95bd63e7e0b
data.com.liferay	com.liferay.password.policies.admin.uad	4.0.0	4.0.0-sources-commercial	9f3a4647cc2cf18410651c2cc3bd0b3001e7b6cc
data.com.liferay	com.liferay.portal.security.sso.cas.api	1.0.3	-	d334e78c2af919c8e265011d966e9936769706c9
data.com.liferay	com.liferay.portal.security.sso.cas.api	1.0.3	1.0.3-sources-commercial	b50a2503bd404689df6c4b060b51ae0347725972
data.com.liferay	com.liferay.portal.security.sso.cas.api	1.0.4	-	d598febfabcf528c25fd2f4cce1cb62d1327f5dd
data.com.liferay	com.liferay.portal.security.sso.cas.api	1.0.4	1.0.4-sources-commercial	cb0bdbc40cdfe71a61e91c81eeee5d87f511f476
data.com.liferay	com.liferay.portal.security.sso.cas.api	1.0.5	-	c4128912c790d16e185f34c4b8f7c1e85ec8eb60
data.com.liferay	com.liferay.portal.security.sso.cas.api	1.0.5	1.0.5-sources-commercial	15948bc7cce770dfce7278e829c24c8147635844
data.com.liferay	com.liferay.portal.security.sso.cas.api	1.0.6	-	f4ad2ad1a3219fee18e8a2e40cd4c832d23272d8
data.com.liferay	com.liferay.portal.security.sso.cas.api	1.0.6	1.0.6-sources-commercial	ab07c2aa09fb85f5560a9471a4687a9fe33011c6
data.com.liferay	com.liferay.portal.security.sso.cas.api	2.0.3	-	e180e33fa432bcef05726d29decc0a2a54ef84f1
data.com.liferay	com.liferay.portal.security.sso.cas.api	2.0.3	2.0.3-sources-commercial	244575bcf9dad2db7888d8d73b68c7aff1caea66
data.com.liferay	com.liferay.portal.security.sso.cas.api	3.0.0	-	dd964e9f22c6390dd6f2b33dfd44b7b1113d8c4d
data.com.liferay	com.liferay.portal.security.sso.cas.api	3.0.0	3.0.0-sources-commercial	aa744a4914a867f3f4822230d9050afab780150b
data.com.liferay	com.liferay.portal.security.sso.cas.api	3.0.1	-	5904c2c0712c372f83acef816f4282935dea2147
data.com.liferay	com.liferay.portal.security.sso.cas.api	3.0.1	3.0.1-sources-commercial	629fd93381f0fcca49ebf83a87e6f3542ecc9793
data.com.liferay	com.liferay.portal.security.sso.cas.api	3.0.2	-	baf069274bcb63ccd85155a4f5484f790cd82292
data.com.liferay	com.liferay.portal.security.sso.cas.api	3.0.2	3.0.2-sources-commercial	db3d5cbe76a66fc450bd694399f7d6ad351a0fcc
data.com.liferay	com.liferay.portal.security.sso.cas.api	3.0.3	-	9e9c00fe171cf2247d9fff9ec8a83343c3674e94
data.com.liferay	com.liferay.portal.security.sso.cas.api	3.0.3	3.0.3-sources-commercial	c47ce6418d05e7555690ed2a087400b8ee11a8de
data.com.liferay	com.liferay.portal.security.sso.cas.api	3.0.4	-	0831250ba5c96314c2aad2255ede02a6508e82a3
data.com.liferay	com.liferay.portal.security.sso.cas.api	3.0.4	3.0.4-sources-commercial	8b2fec9e5471aeac07cbc37fcb0daf4f0f53f396
data.com.lightbend.lagom	lagom-javadsl-immutables_2.12	1.4.10	-	00693cdb4d1089b28ff9fc24ec58b6a5e7bc0121
data.com.lightbend.lagom	lagom-javadsl-immutables_2.12	1.4.11	-	5133c7a89fb2a0e333975ebc903ac36e352de582
data.com.lightbend.lagom	lagom-javadsl-immutables_2.12	1.4.12	-	ebe40b4a46821b753e258dca1cae742eed5d26bd
data.com.lightbend.lagom	lagom-javadsl-immutables_2.12	1.4.13	-	2dd2fb9da122b7aecfa3e4cc5249ca5f7e5b6393
data.com.lightbend.lagom	lagom-javadsl-immutables_2.12	1.4.13-a5bd71c7	-	46ef0c66cf9be200a85474a2a7e608c09bb56685
data.com.lightbend.lagom	lagom-javadsl-immutables_2.12	1.4.14	-	75eb64da47171c0589e9e2a9a963c08c2d5161fb
data.com.lightbend.lagom	lagom-javadsl-immutables_2.12	1.5.0	-	25c644e471fd01a4675ee0d0c121a769f01c90c8
data.com.lightbend.lagom	lagom-javadsl-immutables_2.12	1.5.0-RC1-26-g7d68234	-	d9f7e3743dc0a98228c3652c820921536c5dae11
data.com.lightbend.lagom	lagom-javadsl-immutables_2.12	1.5.0-RC2	-	0b8b4290dc3632334facbcc0b4411f28905fe3b6
data.com.lightbend.lagom	lagom-javadsl-immutables_2.12	1.5.1	-	e3ee87b1408579854cf6d42a9edd1433e177b3d2
data.com.lightbend.lagom	lagom-javadsl-immutables_2.12	1.6.0-M2	-	44aab81be8b27b6869b1938a6421b7d2c09fc126
data.com.lightbend.lagom	lagom-javadsl-immutables_2.12	1.6.0-M3	-	dd389e7f0ca53c646ad62b952aea7302105e9ac0
data.com.lightbend.lagom	lagom-javadsl-immutables_2.12	1.6.0-M4	-	acb09bcf2e81d27e82a4a88dc6efe0aa4ec6bdd0
data.com.metaring.framework	java-model	1.0.0	-	0d9a5cd715b8b4535668ce042fe4c7a6fe5a6835
data.com.rte-france.powsybl	powsybl-iidm-cvg-extensions	2.2.1	-	1aa52c7547ca933a150d3c38ce660bd0e5bd8ac4
data.com.rte-france.powsybl	powsybl-iidm-cvg-extensions	2.3.0	-	205193f14243c961d451431163c445d43be272cd
data.com.rte-france.powsybl	powsybl-iidm-cvg-extensions	2.4.0	-	e77b713e0f1c0a951187831b64446eca0ec423a4
data.com.rte-france.powsybl	powsybl-iidm-cvg-extensions	2.4.1	-	6c76e6eb2445e7b5973bbe4a8969bd1b6495450a
data.com.rte-france.powsybl	powsybl-iidm-cvg-extensions	2.5.0	-	896da466450380975dcd08b01d84768ddecf2ebc
data.com.rte-france.powsybl	powsybl-iidm-cvg-extensions	2.5.1	-	9ad595646c3bcd47cfeab9c227c3d4e2b1f3a02d
data.com.rte-france.powsybl	powsybl-iidm-cvg-extensions	2.5.2	-	322030d0fa910a3d1c4784df0a090d3ec789848d
data.com.securionpay	securionpay-java	2.5.1	-	975ffff73ab7e19ea4b96beeff3f6148bd1b5db1
data.com.semanticcms	semanticcms-dia-style-book	1.3.4	-	4f26916bc1f5030d525b2964605cb543903bf730
data.com.tencent.angel	angel-ps-psf	2.0.1	-	cef92887fa1fd17700b855994df52718a115eaa0
data.com.tencent.angel	angel-ps-psf	2.0.2	-	a772fe80735b3dd4915a1aa9412bcb2761e6fe46
data.com.tencent.angel	angel-ps-psf	2.1.0	-	3841630c7f9431004848c83b0058dc05b7e69654
data.com.tencent.angel	angel-ps-psf	2.2.0	-	821b98cdb200bc7d630385c69555ea26da6a6d26
data.com.tencent.angel	angel-ps-psf	2.2.1	-	ac71e2249d6459423a7af122c69708e1ee8532d9
data.com.thoughtworks.sde	comprehension-monad_2.12	3.3.1+120-6f6451ee	-	9a5f1ef050d70b7513fcf613d7c99086ec154e33
data.com.thoughtworks.sde	comprehension-monad_2.12	3.3.1+137-4c1eaf9f	-	3a525189de48a7516a081d966fe1aba317e9c6b4
data.com.thoughtworks.sde	comprehension-monad_2.12	3.3.1+138-d61f1eb3	-	ff01bc6e3ed93aa21efea2b3af19f10b4c35340b
data.com.thoughtworks.sde	comprehension-monad_2.12	3.3.1+140-ab271ca4	-	c6001de3dfefbb47f5f3dc6884e9043cf81ae361
data.com.thoughtworks.sde	comprehension-monad_2.12	3.3.1+141-19153794	-	90451b27143bedbca0277b48e0aa44305c2d3b03
data.com.thoughtworks.sde	comprehension-monad_2.12	3.3.1+141-2ef3fb18	-	f8f6f64fda3a0bccf1d43446b0de0f97f9b9da68
data.com.thoughtworks.sde	comprehension-monad_2.12	3.3.1+141-a4a85724	-	93b8b856c6b2017ffe3f66c500b48a8f59f79cbd
data.com.thoughtworks.sde	comprehension-monad_2.12	3.3.1+141-c6a229b7	-	24473142216dd8b9ffa0316e0adf46edf1008459
data.com.thoughtworks.sde	comprehension-monad_2.12	3.3.1+144-00bb8f12	-	e1c72249e405a98ab218d91d9d945253efb8da0f
data.com.thoughtworks.sde	comprehension-monad_2.12	3.3.2	-	fb927002bd25d44a6d4bf37beb779a6c2e99ae3e
data.com.typesafe.akka	akka-actor-testkit-typed_2.13.0-RC3	2.5.23	-	b5d03757916a387a9a15800e20127c32e2e7b1c1
data.io.appulse	logging-java	1.1.1	-	981a62947a510982537ef9f7bedde8418a0bdffe
data.io.appulse	logging-java	1.1.2	-	2a0584a22cbc89ddc6d8743134c7a0683cd99c91
data.io.github.galbiston	geosparql-fuseki	1.0.4	-	c4001b2f02b4ae38497f407948886f6c172604e0
data.io.github.galbiston	geosparql-fuseki	1.0.5	-	d2f495bdf65e2ad207734019797c22bdffd47ad2
data.io.github.galbiston	geosparql-fuseki	1.1.0	-	f1f5e10eb2fcf632cc1ef7327405a8fe6862f4e9
data.io.quarkus	quarkus-amazon-lambda-resteasy-deployment	0.15.0	-	67ccac07d01d71800bbf104e93beee59f25218c0
data.io.quarkus	quarkus-amazon-lambda-resteasy-deployment	0.16.0	-	f6df5aad898de5a1d10d27af163f5ab8ff50a05b
data.io.quarkus	quarkus-amazon-lambda-resteasy-deployment	0.16.1	-	131bb43e15a416b0648f8c283116b9eeacc6d2db
data.io.quarkus	quarkus-amazon-lambda-resteasy-deployment	0.17.0	-	af1b4017bf5965cda94730489e7897360eca4e01
data.io.quarkus	quarkus-amazon-lambda-resteasy-deployment	0.18.0	-	92f82b597cf7fd46839d681c7fcd0290460cab55
data.io.quarkus	quarkus-amazon-lambda-resteasy-deployment	0.19.0	-	89dc8b1c8652477ce6199d8c3cd384382280d7b4
data.io.quarkus	quarkus-amazon-lambda-resteasy-deployment	0.19.1	-	85903d8c2e59f6b37ad6d4fab7767d33706ae7d8
data.io.udash	udash-bootstrap4_sjs0.6_2.12	0.8.0-M10	-	8c4b939f6d1bc18a9a5107e28f9019027078aa75
data.io.udash	udash-bootstrap4_sjs0.6_2.12	0.8.0-M11	-	d837805ca415c4c2dccb4ed1d75631276ad1ace8
data.io.udash	udash-bootstrap4_sjs0.6_2.12	0.8.0-M12	-	0db6aeba92af675f92ab2d4842352078aedb0c85
data.io.udash	udash-bootstrap4_sjs0.6_2.12	0.8.0-M14	-	187f8a92b9b1a4d007c62f86401958e8268de0a1
data.io.udash	udash-bootstrap4_sjs0.6_2.12	0.8.0-RC1	-	e92ebd9adee7126b224227604e4b792de10afa51
data.io.udash	udash-bootstrap4_sjs0.6_2.12	0.8.0-RC2	-	10af318c139560b20183aa2df8846d4273255008
data.io.udash	udash-bootstrap4_sjs0.6_2.12	0.8.0-RC3	-	8c2818057290dc03ab2934b60097bce33fe654be
data.io.udash	udash-bootstrap4_sjs0.6_2.12	0.8.0-RC4	-	185e03adde4b535fe9a05d725be5d44fe4b42864
data.io.udash	udash-bootstrap4_sjs0.6_2.12	0.8.0-RC5	-	9a0edcd833e5c52c9fc4d60669b69a71478210fb
data.io.udash	udash-bootstrap4_sjs0.6_2.12	0.8.0-RC6	-	6c25745654007844cb754e8fd9cc83b4c7e9799c
data.io.udash	udash-bootstrap4_sjs0.6_2.12	0.8.0-RC7	-	89eea94e4a7330f820a7c8b9cc6523b448288829
data.io.udash	udash-bootstrap4_sjs0.6_2.12	0.8.0-RC8	-	55d01a03a837e9b810b1ef68db60ade5e7b94d91
data.io.xiaper	xiaper-spring-boot-starter-im	2.1.4.RELEASE	-	c203e972e49fb80c5634ebfae2c9ad81bb23573a
data.io.xiaper	xiaper-spring-boot-starter-im	2.1.5.RELEASE	-	f095528937b3047de5721a849bd88fb5e002f173
data.io.xiaper	xiaper-spring-boot-starter-im	2.1.6.RELEASE	-	80bec68ede68c4ebdf8e65f6b4efccb47432cec9
data.net.roughdesign.ajiwa	ajiwa	1.0.0	-	4ad6305fbcb3cb2af94035aea68ae0cc5bb19c37
data.nl.42	beanie	2.4.2	-	e586a62c2fce743b80472c024edb535ed8c9beb4
data.nl.42	beanie	3.0.0	-	0e86806dc1a4890dbcf035102f14686c1f3a828e
data.nl.42	beanie	3.1.0	-	650b036992f9ffb96694ace8e601253571411271
data.org.apache.aries.rsa.examples.echofastbin	org.apache.aries.rsa.examples.echofastbin.fbconsumer	1.14.0	-	ac717838db614d96e86e793f91c8d5e7af6cc3c9
data.org.apache.camel	camel-timer-starter	3.0.0-M1	-	c246d1115cbd01fcbba7d514dd5a8b59669d8a19
data.org.apache.camel	camel-timer-starter	3.0.0-M2	-	04a6c25241516cb49af9f491d2e0e836599b0f4a
data.org.apache.camel	camel-timer-starter	3.0.0-M3	-	95bf862dca3f505b0382ccfcf805132b38b82c85
data.org.apache.camel	camel-timer-starter	3.0.0-M4	-	3d77aa6d3cff9e6bff322f678e74692464d1c6a6
data.org.apache.camel	camel-vertx-starter	2.21.4	-	2cd5d8630483658d2a4b5387cde8db39968fc4c4
data.org.apache.camel	camel-vertx-starter	2.21.5	-	ba520dae11a6cd026e2f3d49cdd6e1ca6c7163fd
data.org.apache.camel	camel-vertx-starter	2.22.3	-	ebe013b0569d74f49b9d34e0ebfb86195ceff8f7
data.org.apache.camel	camel-vertx-starter	2.22.4	-	aa64df10cf41ec85d830b127f787e9b98d9fd8fa
data.org.apache.camel	camel-vertx-starter	2.22.5	-	2c7a3996f2f39f56e8e224fc7500f5ff7ca0257f
data.org.apache.camel	camel-vertx-starter	2.23.1	-	4dec93350ebb4f1cfe44a3bdb4f3cfaf3e095f6f
data.org.apache.camel	camel-vertx-starter	2.23.2	-	a3718f7ea5995590d2185445ec35cc5bc24582ee
data.org.apache.camel	camel-vertx-starter	2.23.3	-	c49d67ba5b32f011bbab002a155f5c27895bfb98
data.org.apache.camel	camel-vertx-starter	2.24.0	-	6547936987beffd4887ca580c4e326ab73970ec9
data.org.apache.camel	camel-vertx-starter	2.24.1	-	b95bc1fc1099c700df4bfca5ab6bf365f7ee5465
data.org.apache.camel	camel-vertx-starter	3.0.0-M1	-	c742c2fdbb3358ddbeb4d09250a0a67f505ec9d9
data.org.apache.camel	camel-vertx-starter	3.0.0-M2	-	b2e75ee7b37d5d7562cb2dd7c998e5e410dd256e
data.org.apache.camel	camel-vertx-starter	3.0.0-M3	-	fa51e4403a8007e5999216b38f2062f397925193
data.org.apache.camel	camel-vertx-starter	3.0.0-M4	-	6e5c0a268bf5bebfec07d87a41a9f59346984996
data.org.apache.isis.tool	isis-maven-plugin	1.17.0	-	cbe42554feb98d4c35bbe52490e9f66b6bdb381c
data.org.apache.isis.tool	isis-maven-plugin	2.0.0-M2	-	96d37dc15e7e17338f3a4e5a6e62a6a637e3e2ae
data.org.basex	basex	9.1.2	-	9bd1488898016dc1088ce1e3cd291e0c20d04bd4
data.org.basex	basex	9.2	-	1d1d09fed15d5e6239ee1adbf709f3fd0a29e839
data.org.basex	basex	9.2.1	-	859ae529247010d85cfd1568d00c8f57e38e875d
data.org.basex	basex	9.2.2	-	ce99b3d8952e8d6217a517292f4c8101be3818f4
data.org.bremersee	kml-model	2.2.0	-	eacea0f82e0aafafac596ac89ac735eeab66722a
data.org.datanucleus	datanucleus-api-rest	5.2.0-release	-	b53f8454d6b500b20ac32adc5837c25ebc9fa36b
data.org.glassfish.jaxb	jaxb-xjc	2.3.2	-	9cfd86529359747d07251c017d4e46254faa2c2b
data.org.glassfish.main.admin	monitoring-core	5.0.1	-	c890b6328e28595f07d6f0460661985ca9851a08
data.org.glassfish.main.admin	monitoring-core	5.1.0	-	772395d99d3bdaf5ce520490cac0d48990dfadfd
data.org.glassfish.main.admin	monitoring-core	5.1.0-RC2	-	d78a579a65ab811688904fda2ee4e5efe73695e4
data.org.glassfish.main.admin	rest-client	5.0.1	-	be707b06160f183513d5bf0d7f530ce16b7ef325
data.org.glassfish.main.admin	rest-client	5.1.0	-	6773eb756e48fbdca474acae41809121a1a02917
data.org.glassfish.main.admin	rest-client	5.1.0-RC2	-	6f7475d77bed156f0b7b81444a7f0d0b321c15dd
data.org.glassfish.main.hk2	config-types	5.0.1	-	7110649a9ecf31e53e2e2fb15392620882bbe9fa
data.org.glassfish.main.hk2	config-types	5.1.0	-	50d9a7096e9572b243d3116e7ebf0ee5e9b246d8
data.org.glassfish.main.hk2	config-types	5.1.0-RC2	-	e4c659eb7dd8693e24d6933afb039950373d41fa
data.org.jooby	jooby	1.6.0	-	7cd976a146bc2fc1cb0118e231cdf6f89781d266
data.org.jooby	jooby	1.6.1	-	df9713d1a89b1919a3755048c7cc4ba02274eb8b
data.org.jooby	jooby	1.6.2	-	b553cd68a0c7c0f6b2595c8ab41a300a4624b525
data.org.knowm	waveforms4j	0.0.10	-	159107ab377785450c5139503ca26753df277587
data.org.knowm	waveforms4j	0.0.9	-	4c8a0ec0d9363d53b0f95fba3f6c67ac3d9e2bc6
data.org.netbeans.modules	org-netbeans-modules-textmate-lexer	RELEASE110	-	fe1ff64af71af5024e7887f5d5fe9b19bcf63258
data.org.openpreservation.jhove.modules	tiff-hul	1.9.1	-	ccb03707b76f82c053ebb1b3a7cc60fdb4009991
data.org.ops4j.pax.web.samples	war-introspection	6.0.12	6.0.12-classes	35d778115570c2dc31477488a76c7635953d213a
data.org.ops4j.pax.web.samples	war-introspection	7.2.10	7.2.10-classes	d125713b2fdd48b917200b120346f96fd76d7b30
data.org.ops4j.pax.web.samples	war-introspection	7.2.6	7.2.6-classes	9538019f39c6778d148d3a7db50ba6bc46f3a640
data.org.ops4j.pax.web.samples	war-introspection	7.2.7	7.2.7-classes	48996d39ad1e143c36c32f981cda9c2e73efce0f
data.org.ops4j.pax.web.samples	war-introspection	7.2.8	7.2.8-classes	3cdb749f82cbf9be33706c9298faf8a51ffc698c
data.org.ops4j.pax.web.samples	war-introspection	7.2.9	7.2.9-classes	b31ca70a55bb22fe3ab8b9d9cc096d1699cbb8dd
data.org.ops4j.pax.web.samples	war-introspection	7.3.0	7.3.0-classes	d751b71472bc339f50d9cbba849fdfbc045c0a59
data.org.ops4j.pax.web.samples	war-introspection	7.3.2	7.3.2-classes	067644b9c5f85ef172f7d28b81a4d6fa21c5e88f
data.org.ops4j.pax.web.samples	war-introspection	7.3.3	7.3.3-classes	ef09e783b0eab52435597404291db88ec034bc08
data.org.scalameta	sbt-metabrowse_2.12_1.0	0.2.2	sbt-metabrowse-0.2.2	6fcfe46fa31b6cd4f597381ac6fccf153a33c2bd
data.org.sonatype.goodies	package-url-java	1.1.0	-	1bfd7637e7d03b599ce9faaffc785c8a136970e8
data.org.springframework.cloud.stream.app	app-starters-postprocessor-common	2.1.0.RELEASE	-	60a4280bd5ee4365223764c3563624874ebd2de2
data.org.springframework.cloud.stream.app	app-starters-postprocessor-common	2.1.1.RELEASE	-	9241226f3cb181c41573292c725bbe299c6fee2c
data.org.uberfire	uberfire-nio2-api	2.13.0.Final	-	32d7e6632d994bac1df3c74ef085aa86f5efbf40
data.org.uberfire	uberfire-nio2-api	2.14.0.Final	-	0806f2396ac48699b0401fb4c0cac073b3ae3c34
data.org.uberfire	uberfire-nio2-api	2.15.0.Final	-	27ff4a106ae0477fa9c4ba13942a8d3c6af9e7e2
data.org.uberfire	uberfire-nio2-api	2.16.0.Final	-	a5faeb47368d5d94a884755e3b3380384854a0b7
data.org.uberfire	uberfire-nio2-api	2.17.0.Final	-	c0df3d8198872cc4cae4c4fccb5a9816cfba004f
data.org.uberfire	uberfire-nio2-api	2.18.0.Final	-	2d0dffaa0f3f2f2dea2edd9909ffe6146cf63fd8
data.org.uberfire	uberfire-nio2-api	2.19.0.Final	-	3ee141e4097d35ee9edec5bf71e0483c04d6b971
data.org.uberfire	uberfire-nio2-api	2.20.0.Final	-	9501d77e0f867cf0328de87ce610987d2e899776
data.org.webjars.bowergithub.advanced-rest-client	uuid-generator	2.0.0	-	c777add17cf5b44dcae73ef64d47bbad60cd46e7
data.org.webjars.npm	polymer__iron-form-element-behavior	3.0.1	-	a5276679be3b25c1261ab846473b6fd7c648d943
data.org.wicketstuff	wicketstuff-dashboard-widgets-justgage	7.12.0	-	8ce21377baee1dd1a35f3bfb1843e0509a863654
data.org.wicketstuff	wicketstuff-dashboard-widgets-justgage	7.13.0	-	a1baa105ece04e3609633e24ccc6104738afd409
data.org.wicketstuff	wicketstuff-dashboard-widgets-justgage	7.14.0	-	d7e53651ede3947cb278e6193683e20569a592f6
data.org.wicketstuff	wicketstuff-dashboard-widgets-justgage	8.3.0	-	cd517316e66d4f2d89784dc794b3f95016f80c23
data.org.wicketstuff	wicketstuff-dashboard-widgets-justgage	8.4.0	-	48957fe234a8c6ee1b34b5f33f36a1031bb4c079
data.org.wicketstuff	wicketstuff-dashboard-widgets-justgage	8.5.0	-	2c06d290b456e65bcabc6872649ac6140f378515
data.org.wicketstuff	wicketstuff-dashboard-widgets-justgage	9.0.0-M1	-	8d525bad2a5f43017beca572ef97c790f3efccc7
data.org.wicketstuff	wicketstuff-dashboard-widgets-justgage	9.0.0-M2	-	9e1457ab8c331438110fedd075c928c80ea943e0
data.org.wso2.carbon.appfactory	org.wso2.carbon.appfactory.logging.service	2.1.0	-	a9e6f7eaad1cbf2c3e92823aa3d9ceee4b149aef
data.org.xwiki.commons	xwiki-commons-legacy-component-api	10.11.1	-	7555481fd36b46d09c4e46f824154574ed93a9c8
data.org.xwiki.commons	xwiki-commons-legacy-component-api	10.11.2	-	b12f06e97b1a3eb7725616c95e1d65056d251bb4
data.org.xwiki.commons	xwiki-commons-legacy-component-api	10.11.3	-	34b529326124ba1827e7a5b0b2f7128043ff1b3a
data.org.xwiki.commons	xwiki-commons-legacy-component-api	10.11.4	-	3c6d394a151958c2f8b42cfda16465f316fffbe9
data.org.xwiki.commons	xwiki-commons-legacy-component-api	10.11.5	-	8aff61e8a77d5b53912addf83822dada1df298a1
data.org.xwiki.commons	xwiki-commons-legacy-component-api	10.11.6	-	efed519045a5994a4f85278c900a7c3e77e68d9f
data.org.xwiki.commons	xwiki-commons-legacy-component-api	10.11.7	-	47460d7dc0279b228201f432efd41a6fdea74eef
data.org.xwiki.commons	xwiki-commons-legacy-component-api	10.11.8	-	d9ec24d9c4edb226ad31d1d96aca24c84535ad30
data.org.xwiki.commons	xwiki-commons-legacy-component-api	11.0	-	105799cecd1676579e914c6be6ddd12ddb7c3e18
data.org.xwiki.commons	xwiki-commons-legacy-component-api	11.0.1	-	fab56c31d1b1ebc20114a18f31491b04f27fef8d
data.org.xwiki.commons	xwiki-commons-legacy-component-api	11.0.2	-	b17608711f128464988c9bb6f6be34f911953265
data.org.xwiki.commons	xwiki-commons-legacy-component-api	11.0.3	-	96b2f84fe5e717dfce6566c942acac7d938e531a
data.org.xwiki.commons	xwiki-commons-legacy-component-api	11.1	-	6ade42b3254eee3bf2a1f2f78381726ca015454a
data.org.xwiki.commons	xwiki-commons-legacy-component-api	11.1-rc-1	-	5e69b0dd6744832b3548e3206a74d753d7c4e58e
data.org.xwiki.commons	xwiki-commons-legacy-component-api	11.2	-	7a983c3477366643b9d126665eb55d89a48298f5
data.org.xwiki.commons	xwiki-commons-legacy-component-api	11.2-rc-1	-	34a6f67b2723d8a5fed30baebb6aa6f11caff28f
data.org.xwiki.commons	xwiki-commons-legacy-component-api	11.3	-	8cda114c72ffb5ec78f992728c3984e621ada6de
data.org.xwiki.commons	xwiki-commons-legacy-component-api	11.3-rc-1	-	1bf26e7deeefb51910c8f0203b6a874f0a29f3b7
data.org.xwiki.commons	xwiki-commons-legacy-component-api	11.3.1	-	4c06f5916975464f8ef39b815a84bc1a0053ba38
data.org.xwiki.commons	xwiki-commons-legacy-component-api	11.4	-	d9ee818ef6effe7bb112ca7c9561be011afbf4cd
data.org.xwiki.commons	xwiki-commons-legacy-component-api	11.4-rc-1	-	bae69ed6108ac698dadd230eda441cc719889d2b
data.org.xwiki.commons	xwiki-commons-legacy-component-api	11.5	-	e06d958577a0d8a68e21c3e857787d8f95bcf2f4
data.org.xwiki.commons	xwiki-commons-legacy-component-api	11.5-rc-1	-	c0fe628354c7bac5f8e3a32f86031721308325d2
data.org.xwiki.commons	xwiki-commons-legacy-component-api	9.11.9	-	61e20ff9b890b6b4021d235e541ff4c0a68dfe6a
data.se.mithlond.services.shared.spi.jpa	mithlond-services-shared-spi-jpa	1.1.0	-	5197b4474050d8a11a3565a34578466461ff441d
data.software.purpledragon	sttp-scribe_2.12	1.2.2	-	b11fe1452af1614497bd3b248ac03ae8986c4f1a
data.software.purpledragon	sttp-scribe_2.12	1.2.3	-	17954eec37054dc2e9d5b66bafa4c159539f8f43
data.software.purpledragon	sttp-scribe_2.12	1.2.4	-	aa4e20961805a5edd133a6e6965d378d9bdebe1c
data.software.purpledragon	sttp-scribe_2.12	1.2.5	-	f53a8dd2c0290351314f58151a9a934509fd2a8c
data.software.purpledragon	sttp-scribe_2.12	1.2.6	-	5a2d8dcefaafb2869df0cc14ee97a4f1417cfaf3
data.software.purpledragon	sttp-scribe_2.12	1.3.0	-	f8857ff7e96dbb1e1b24563e2d51d57e5d862500
data.top.coos	coos.app	2.2.6.9	-	dae52709bc74475a625f4bd52b757e968b1b2d9f
data.top.coos	coos.app	2.2.7.0	-	7885ece3fedb2b483e0daf50fb7bb177c8b35165
data.top.coos	coos.app	2.2.7.1	-	6f7e89cfc2a5fd73b3e8fc4eb857e50797cd8ca7
data.uk.ac.ebi.ddi.arrayexpress	arrayexpress-cli	0.2.2	-	ef3aa3078324c64c575880f61a0aac5935ab9c92
data.uk.ac.ebi.ddi.arrayexpress	arrayexpress-cli	1.0	-	0c7452941f618f81b5657f5bbca6925121618dd6
data.uk.ac.ebi.ddi.arrayexpress	arrayexpress-cli	1.1	-	13d335da047237474e13bdb77cb649169b4be3f5
data.uk.ac.ebi.ddi.arrayexpress	arrayexpress-cli	1.2	-	cce573773fc8e3a2e76d0febb8edb2954620ac03
data.us.jsy	arithmetic	1.0.0	-	11da5d0cae9777ce51b6965c8fb7165834112471
data.us.jsy	arithmetic	1.0.1	-	2468728fa0591f1463be37459727da1b678801df
de.c-otto	java-conventions	2023.01.29	-	3f81d63c39217d3e49afef116dcc84e80c8591cd
de.c-otto	java-conventions	2023.01.29_2	-	29c5519123d779b1c7e5ea637d6cab7701109a2b
de.c-otto	java-conventions	2023.01.29_3	-	8c45e4126caeb43b54266b369b8faf81ceb350eb
de.c-otto	java-conventions	2023.01.30	-	b91d45cbe1cfa58a3846782f268f80f643ddff5b
de.c-otto	java-conventions	2023.02.04	-	6362d1108441b7e4e0c65645185bad45be7ca8d3
de.c-otto	java-conventions	2023.02.04_3	-	851be33993cb720a5ae53c7f2240a137e745d28c
de.c-otto	java-conventions	2023.02.05	-	da6e7928b80a44566fe288e4d370edc70337696d
de.c-otto	java-conventions	2023.02.05_2	-	6e9aa05270ab6b9f6be2106fe8431e0afdae1629
de.c-otto	java-conventions	2023.02.14	-	0173924e4942b6be572a496defeb9b0032a2024e
de.c-otto	java-conventions	2023.02.25	-	1d02026e617abf4bb7b53963bdc6404800f2e858
de.c-otto	java-conventions	2023.02.25_3	-	639af60227e721d2feac18917c8f605ee3a19dd3
de.c-otto	java-conventions	2023.02.27	-	976b6d777700ac6f519b89d5294fea4f6bf89e35
de.c-otto	java-conventions	2023.02.28	-	44cc865ca06f1711af3274f9b49840a2931e64a9
de.c-otto	java-conventions	2023.03.04	-	6ee7fd6cc65c36dd953b563878c83a9a6c8887b7
de.c-otto	java-conventions	2023.03.19	-	e4d8261fc2b4370bbc2381b501bd4a1e34c82e7c
de.c-otto	java-conventions	2023.03.22	-	acb1a077ac591cf1c2ec26d84ec5ff9fe175bff7
de.c-otto	java-conventions	2023.07.21	-	4ac02625706092f22f91bf19a151c682cda97933
de.c-otto	java-conventions	2023.10.12	-	cecad4ec8d4af814c208c7be2d058c4308d77ea4
de.c-otto	java-conventions	2023.11.09	-	7eb9db0a46b4a4257ef36515805677d94fbd31f5
de.c-otto	java-conventions	2023.12.01	-	27b44bb5dbad7d6c9ac9e58221b14d3b2e5d17d0
de.c-otto	java-conventions	2024.02.13	-	8552110212d055fe6d217805bbc9ca3623a8b420
de.c-otto	java-conventions	2024.02.13_2	-	0b32ad096ca4bcbdde603664d5b1c4046d051a67
de.c-otto	java-conventions	2024.06.07	-	02b0faaf75af90b725510951eebf50e5ca3d0f25
de.c-otto	java-conventions	2025.02.08	-	478fab4246db912c49d54908254c7d86ed1014c7
de.c-otto	java-conventions	2025.02.16	-	6a6d985b09e6057ae2cb3499978a72590857aa06
de.cit-ec.scie	scie-core	2.0	-	37a885786aa72b5fe1bc7a4785f3fa4f18de906d
de.cit-ec.scie	scie-core	2.0.1	-	47b4bdcae987970ba7e997ff1067d7f92d987d0b
de.dentrassi.eclipse.neoscada.ide	org.eclipse.scada.configuration.setup.common.edit	0.2.0	-	eadccf48af33610d30280e45e1c5c9d1c4707b03
de.hirola	kinto-java	0.0.1	-	1d65ca0a05ddfa113351bbd6b7818bfd49abef74
de.hirola	kinto-java	0.0.2	-	7c98f8ced006bd833690cbc713eb5f14065a3f2a
de.hirola	kinto-java	0.0.3	-	9d2bffa0c1006990f66eb3aabb52f913d6efac99
de.hirola	kinto-java	0.0.4	-	fda3596302d1d6440aec46c27cd97b3803c267e5
de.knightsoft-net	gwtp-mvp-shared	1.7	-	08ce38f037eab8043dfdb7355ab073feb508748d
de.picturesafe.search	picturesafe-search	3.1.0	-	89ead5bb6cff05e6c33ae6e0282154dbec117852
de.picturesafe.search	picturesafe-search	3.1.1	-	9e8c9c0cedba9d90b9909aeed1a18a188e00dd53
de.picturesafe.search	picturesafe-search	3.2.0	-	bac5c45511a0859cce016c39662f3129f62ca24a
de.picturesafe.search	picturesafe-search	3.3.0	-	bdfb17aab4a4c01dd28cf9153f93fd00797ff27d
de.picturesafe.search	picturesafe-search	3.4.0	-	e6d20f2e3471383cb937fc6d491a24cd0816480e
de.picturesafe.search	picturesafe-search	3.4.1	-	0ac385357278b89a2a6510e31c08652a6fba5ea0
de.picturesafe.search	picturesafe-search	3.5.0	-	da083b23b7324df2a2ba4d5f119a53b1ac0c28a4
de.pseudonymisierung	controlnumbers	0.0.3	-	e3c56d3f4cfd134858b075e9281f6c3dca0d5c4c
de.sciss	desktop-linux_3.0.0-RC3	0.11.3	-	8fd8d8a1a5027a556fe936a6d46c70fc9b0d512a
de.svenkubiak	ninja-mongodb-module	1.2.0	-	30f5632f41cb1c6fc3ee0cd9016ef25b690aed38
de.svenkubiak	ninja-mongodb-module	1.2.1	-	19a53b03c79a6049dcbc602f9cd65b85b1afa70d
de.svenkubiak	ninja-mongodb-module	1.3.0	-	f4485f0c88528595c1786cdc8f495f7fdf55e908
de.svenkubiak	ninja-mongodb-module	1.3.1	-	e5a1f6e88857484cc71b16fc774c36b1dc4748fb
de.svenkubiak	ninja-mongodb-module	1.3.2	-	db70c6e0b5b45303e771f05e0c7b0bb74e6fe26b
de.svenkubiak	ninja-mongodb-module	1.4.4	-	2fbb1c108402ed0d34b8c9761c92061fb2bebd54
de.svenkubiak	ninja-mongodb-module	1.5.0	-	0c668c3ba87ba1284c8ae7484c803b231fb72324
de.svenkubiak	ninja-mongodb-module	1.5.1	-	59379b93259e2eed9aa3e4bfb31c4f745d9a8070
de.svenkubiak	ninja-mongodb-module	1.5.2	-	3136d144f02a4c985b93ef483acf3eb4811680b2
de.svenkubiak	ninja-mongodb-module	1.6.0	-	461bd4f9d6d4408fc1b319b608e967209e0af64c
de.svenkubiak	ninja-mongodb-module	1.6.1	-	c67d195aa90e17e675658b93eb1e657ec26221e5
de.svenkubiak	ninja-mongodb-module	1.6.2	-	6a6aa2797c187888c2465e21e97e4c5991dc1058
de.svenkubiak	ninja-mongodb-module	1.6.3	-	593ef4e12536db3ddb97d0902c46dc7615ee30b3
de.svenkubiak	ninja-mongodb-module	1.7.0	-	9709ece93abf72664a0582b6fdb4bf2423c04cf4
de.svenkubiak	ninja-mongodb-module	1.7.1	-	5428b9eaa622efa673258ba820d65e364ff78060
de.svenkubiak	ninja-mongodb-module	1.7.2	-	34cb2e53f0d88dfec321d18d9eac7c163a01ea0f
de.svenkubiak	ninja-mongodb-module	1.8.0	-	4557d6906a9f374b02c5e341324fbb6c1cf51de7
de.svenkubiak	ninja-mongodb-module	1.8.1	-	1327d3ab969225712ffaaf8571c172b368dc92ee
de.svenkubiak	ninja-mongodb-module	1.8.2	-	f9dc1a8422f1b472ae588591cacc13183d80e1ff
de.svenkubiak	ninja-mongodb-module	2.0.0	-	679cadccac9af04d596fb0d0f95728d7c8fcf53c
de.svenkubiak	ninja-mongodb-module	2.0.0-RC1	-	dc696758ff03b0d0b1e6fcb5d160abc1f094134d
de.svenkubiak	ninja-mongodb-module	2.0.0-RC2	-	7dd1ce8e4d66373fd80ce020d7a2d8d11f2ea2d1
de.svenkubiak	ninja-mongodb-module	3.0.0	-	8628cba6e9ecb8072f235a0ba586252bd35567b6
de.svenkubiak	ninja-mongodb-module	3.0.0-Beta1	-	b5649cb5ef9d0ccae98e6a379fab1ee955e67f66
de.svenkubiak	ninja-mongodb-module	3.0.1	-	be1c59bee31e2f25bbe63776bc6dc96ee85ee6e2
de.svenkubiak	ninja-mongodb-module	3.0.2	-	2a56f81a420037852f4488a3306ed584e588bede
de.tudarmstadt.ukp.dkpro.core	de.tudarmstadt.ukp.dkpro.core.io.combination-asl	1.10.0	-	ef5dd3f7e8729f527f72957d6761d1ded0a772f2
de.tudarmstadt.ukp.dkpro.core	de.tudarmstadt.ukp.dkpro.core.io.combination-asl	1.7.0	-	0b4c49e216c686b3a93d6a211388ac2a9da44456
de.tudarmstadt.ukp.dkpro.core	de.tudarmstadt.ukp.dkpro.core.io.combination-asl	1.8.0	-	06ddb75706cb7ca0c3c57cf5e1d888af84125cc9
de.tudarmstadt.ukp.dkpro.core	de.tudarmstadt.ukp.dkpro.core.io.combination-asl	1.9.0	-	8f6e65957ea79e6567306f829bb9cda22fd9b170
de.tudarmstadt.ukp.dkpro.core	de.tudarmstadt.ukp.dkpro.core.io.combination-asl	1.9.1	-	aa4c558b52007faf49bb22de38400a7e8b0879ab
de.tudarmstadt.ukp.dkpro.core	de.tudarmstadt.ukp.dkpro.core.io.combination-asl	1.9.2	-	1c8da27a27bee0dad0bf6ef58dd270a33ff0ebc6
de.tudarmstadt.ukp.dkpro.core	de.tudarmstadt.ukp.dkpro.core.io.combination-asl	1.9.3	-	70d407e6257d9eb7efe4b38a79286e20cc0a1d7c
de.uni-bremen.informatik.st	libvcs4j-api	1.0.0	-	62600def37db12568cf1fdd4a41ecceb38947837
de.uni-bremen.informatik.st	libvcs4j-api	1.1.0	-	4ded4340f6e166db9350532e5536e21dd72f3d81
de.uni-bremen.informatik.st	libvcs4j-api	1.1.1	-	541ced725b48c0f56f6db47c3e394c542ea0b32b
de.uni-bremen.informatik.st	libvcs4j-api	1.1.2	-	ce6e09b4600e164a1e6b7a45ba2c44caf37cf5b1
de.uni-bremen.informatik.st	libvcs4j-api	1.2.0	-	1c4ff731269097839612a36df164868b24fbde26
de.uni-bremen.informatik.st	libvcs4j-api	1.3.0	-	78ca330c2cde2f802f18be817875b924718c7446
de.uni-bremen.informatik.st	libvcs4j-api	1.3.1	-	27adab8f37117baf060e0333d52ee25965fe367f
de.uni-bremen.informatik.st	libvcs4j-api	1.3.2	-	4c56c88bc0e1a84dcaa1aa23c18174d7e182ec83
de.uni-bremen.informatik.st	libvcs4j-api	1.3.3	-	6fdd8597f94672fc94a6562aa3e4f83a9bb757e6
de.uni-bremen.informatik.st	libvcs4j-api	1.3.4	-	d8a4a71452dee1290c4fb3a76028a1b6ec033291
de.uni-bremen.informatik.st	libvcs4j-api	1.4.0	-	57a407cdd26408b492df94b683d114be13e89522
de.uni-bremen.informatik.st	libvcs4j-api	1.5.0	-	65d49d0ec2cd6a285bc10666159ce1990a3b8613
de.uni-bremen.informatik.st	libvcs4j-api	1.6.0	-	4f88b9fa3d6cae86d583b48cade0361941c1ac7b
de.uni-bremen.informatik.st	libvcs4j-api	1.7.0	-	b80bbadef265c43262fc737930383a9224b3a895
de.uni-bremen.informatik.st	libvcs4j-api	1.8.0	-	fa6fc7ec859562c83a44e9a5db46a138a83c82ef
de.uni-bremen.informatik.st	libvcs4j-api	2.0.0	-	937d9feb771f4f446cbf457c453515b5577c3e44
de.uni-bremen.informatik.st	libvcs4j-api	2.0.1	-	9d7a019e2d8e918b22bbbd2cb63630fffa83cce0
de.uni-bremen.informatik.st	libvcs4j-api	2.1.0	-	2639c1b4bb5037fd8719042ecb28dd52c7de28ee
dev.chrisbanes.circuit	circuit-runtime-iossimulatorarm64	0.9.1-compose-mp	0.9.1-compose-mp-metadata	432e362208ff0f55057b76d6686b622e171ba99f
dev.derklaro.spiget	http-java8	1.0.0	-	21aee3bbd6e9b78aaa5c40825d1fc55ed14d9e7a
dev.derklaro.spiget	http-java8	2.0.0	-	e1c98f8a7f7d8fe5739ba424be26b49d0620a7ae
dev.forkhandles	fabrikate4k	1.10.0.0	-	08fda89c2fdfbf67c85e172880b138f7ef5ded4b
dev.forkhandles	fabrikate4k	1.10.1.0	-	0b4750829239bf511a60d4f3ab8a260fde095a7c
dev.forkhandles	fabrikate4k	1.10.2.0	-	2ce875d8ac19b764ed360a923940cb5e3a99d0f7
dev.forkhandles	fabrikate4k	1.10.3.0	-	dc28b7f3a2dadc014107104a7510e8abde44beed
dev.forkhandles	fabrikate4k	1.11.0.0	-	e391daa427948b2cdbc539ca0f1d04c0c37d1ebd
dev.forkhandles	fabrikate4k	1.11.1.0	-	ce58cbf4c0ae0f0de2ad852a5b93bbad5925826d
dev.forkhandles	fabrikate4k	1.11.2.0	-	1cb560407a07b2cafed5bcd99b537419974ec64a
dev.forkhandles	fabrikate4k	1.11.2.1	-	37b6f64256506793d98e3b1b1b71bf547ebe668d
dev.forkhandles	fabrikate4k	1.12.0.0	-	2426822f54156188e775c9c6cb2447a9a1a0730e
dev.forkhandles	fabrikate4k	1.12.1.0	-	3a1cc67217c7c7f59fa717298092621fef0f3a62
dev.forkhandles	fabrikate4k	1.12.2.0	-	e85f559c1e2060a191bb75f28a2729e6ed4cb8be
dev.forkhandles	fabrikate4k	1.13.0.0	-	5dfc9e2ef9eee457668c6fd3b7653466686a8be8
dev.forkhandles	fabrikate4k	1.14.0.1	-	abc79f36f02d14f923f3691b28ddabf75851cc04
dev.forkhandles	fabrikate4k	1.8.7.0	-	747ace7b78cf3c39d5700f517ed89a2c3b487458
dev.forkhandles	fabrikate4k	1.9.0.0	-	d8fa252dd1d589d13010ae0be8ec45eb2b42c8c8
dev.forkhandles	fabrikate4k	1.9.1.0	-	42768b0bd34260eaae7264751a37c6fb14e13f6c
dev.forkhandles	fabrikate4k	2.0.0.0	-	8ee2b7bad7b1dd17e9cc8f72c9b4c57acb5ec88b
dev.forkhandles	fabrikate4k	2.0.1.0	-	0f45a666fa2030d567e6c3f8e7f8943a891f399f
dev.forkhandles	fabrikate4k	2.1.0.0	-	6d86de14f05635d7e0a802ba200f7142f2ee2749
dev.forkhandles	fabrikate4k	2.1.1.0	-	ded7be9c28973bf40f2f32f896e0cb1d14a6e926
dev.forkhandles	fabrikate4k	2.1.2.0	-	98e560bf944f338e8d1b8d5c51541ccc5b09271f
dev.forkhandles	fabrikate4k	2.10.0.0	-	69a9341084221aa91d14e862c677fa9643d500af
dev.forkhandles	fabrikate4k	2.10.1.0	-	e789165b1f3ecce119317f5888f11388d0c1325a
dev.forkhandles	fabrikate4k	2.10.2.0	-	d96a905179bb74953f6551c8bee94d20641f024d
dev.forkhandles	fabrikate4k	2.11.0.0	-	e0f574ef69825377819634b0580ba29e4d74e00d
dev.forkhandles	fabrikate4k	2.11.1.0	-	ea1ff90028ced59023424b8fecd4a64d6e975dbd
dev.forkhandles	fabrikate4k	2.12.0.0	-	b63f657df46cb13f5c85388e9c3a00c2245290ab
dev.forkhandles	fabrikate4k	2.12.1.0	-	6cc23879c56a1794b48e41474327e42832d3be1f
dev.forkhandles	fabrikate4k	2.12.1.1	-	c65f85ce934e2f791b31a3e62c38572f84e4ef5a
dev.forkhandles	fabrikate4k	2.12.2.0	-	cc1f77c72672d80b704d5696643651eb21c66c93
dev.forkhandles	fabrikate4k	2.12.3.0	-	eb9c43cac0bae33559a3422c95c8558caecbca54
dev.forkhandles	fabrikate4k	2.12.3.1	-	96c7c307abbe0a04aee2eed5687489a9a6a3a9d7
dev.forkhandles	fabrikate4k	2.12.4.0	-	241a5783ff1ad41591f2d9211d74071e26ac9db8
dev.forkhandles	fabrikate4k	2.13.0.0	-	472f6bfae3b42004d1fb08cf2fa773f47ddc1602
dev.forkhandles	fabrikate4k	2.13.1.0	-	18746639a494a95be4735866c45e95de36021015
dev.forkhandles	fabrikate4k	2.14.0.0	-	d6cfb08d07a5cd39dbadfd41038eed5e91a926ab
dev.forkhandles	fabrikate4k	2.15.0.0	-	a10cf7ee5debc42aa6d10651095eb7bdd29eb3cc
dev.forkhandles	fabrikate4k	2.15.0.1	-	840cb01a8a0a17a299e69c2e1b29853c6661099b
dev.forkhandles	fabrikate4k	2.15.1.0	-	8c2e5b9872adb04e560740e12e082991fb88dad1
dev.forkhandles	fabrikate4k	2.15.2.0	-	f47a7348558c03c38b9c8b390f0fe9c34187c93b
dev.forkhandles	fabrikate4k	2.16.0.0	-	c978ecd13e214c0b82111cd074217446e646ef22
dev.forkhandles	fabrikate4k	2.16.0.1	-	58c3250d75bed8c03ea551be9d11308154c66dff
dev.forkhandles	fabrikate4k	2.16.1.0	-	2ead1a8a7af0f74554afb32f47f2f07949da288c
dev.forkhandles	fabrikate4k	2.17.0.0	-	4cb54690539e52cee99776f5841b9640fcebb112
dev.forkhandles	fabrikate4k	2.18.0.0	-	996389d8c3df6204516e0809915778bfd1d67035
dev.forkhandles	fabrikate4k	2.18.0.1	-	4db2fb0847919499802e937c000180880aa03f1b
dev.forkhandles	fabrikate4k	2.19.0.0	-	8c66cbc10053cd0c179d099a580b056f6995e22b
dev.forkhandles	fabrikate4k	2.2.0.0	-	b284e7039264b82d169c9975c2c11be32db71a35
dev.forkhandles	fabrikate4k	2.20.0.0	-	45bf6b7363c0a58d7fe1e32c503f2dfc3cf5c325
dev.forkhandles	fabrikate4k	2.22.0.0	-	a581588f5cd81ee0c863983b89c155230ec9c074
dev.forkhandles	fabrikate4k	2.22.1.0	-	3d41f9ad4d03277e9143e993b65ef2fbd996ddd0
dev.forkhandles	fabrikate4k	2.22.2.0	-	c18497ef143aa41f98d7cf7471a55a473b718e9b
dev.forkhandles	fabrikate4k	2.22.2.1	-	6139cb8fc4e54adcccf711077452108b341ce6cf
dev.forkhandles	fabrikate4k	2.3.0.0	-	6c98c16df9af373f23d9fd8ef7c87f65a093a595
dev.forkhandles	fabrikate4k	2.4.0.0	-	07e16eb9f60ae4d201d5cc23c8fb5022b0af63ae
dev.forkhandles	fabrikate4k	2.5.0.0	-	3d09accbc2a7f267e9f8d58d5cd17fc8f075ba6d
dev.forkhandles	fabrikate4k	2.6.0.0	-	7b1be35bd6abe34a49732df91c1317809b23bd68
dev.forkhandles	fabrikate4k	2.7.0.0	-	e6237fe5630f3f768636e2014dbeb31a7dbb5e15
dev.forkhandles	fabrikate4k	2.7.1.0	-	b0d0e02b2b50c4439f7258851243bddaed6c1937
dev.forkhandles	fabrikate4k	2.8.0.0	-	4282d26298f194b2ae74d7132dae5ba731752eb0
dev.forkhandles	fabrikate4k	2.9.0.0	-	cb8630742724c30d70de243e73b0aea9c89d199e
dev.icerock.moko	widgets-iossimulatorarm64	0.2.0	0.2.0-metadata	bfbaff2da756cf54822ec015e788205003cc3344
dev.icerock.moko	widgets-iossimulatorarm64	0.2.1	0.2.1-metadata	ba6d775105bd258740ab4b2befd215ffc71447ae
dev.icerock.moko	widgets-iossimulatorarm64	0.2.2	0.2.2-metadata	374f2fe6369192393c002595ad2d8776a789f3c4
dev.icerock.moko	widgets-iossimulatorarm64	0.2.3	0.2.3-metadata	07ed7c4f82f058fd21dd8fc1f9127f0ea3dbf034
dev.icerock.moko	widgets-iossimulatorarm64	0.2.4	0.2.4-metadata	c38af49a09a680b242eb4e7848e6531504ba1511
dev.langchain4j	langchain4j-dashscope	0.21.0	-	7cdb5a0a19283099946f032c112430bd152c6da8
dev.langchain4j	langchain4j-dashscope	0.22.0	-	1a3d7622a6eb0ebfda000ddfcaaf2cb72db27262
dev.langchain4j	langchain4j-dashscope	0.23.0	-	284b56d20a65f52e8829de3aa84cdb5cfb2c8360
dev.langchain4j	langchain4j-dashscope	0.24.0	-	476f4640b46863c9ce1f89cb6bbd3f315092c778
dev.langchain4j	langchain4j-dashscope	0.25.0	-	1117b29b7991b89b590ec14d3a12ad25224d47d2
dev.langchain4j	langchain4j-dashscope	0.26.0	-	d002e4104ba943ec9382c655b75e2731ad2e51b5
dev.langchain4j	langchain4j-dashscope	0.26.1	-	ee148beb1251325274ad0fec3505f621d9c3828a
dev.langchain4j	langchain4j-dashscope	0.27.0	-	117eaa11acbfcf4ed89609a716a4702402efffb0
dev.langchain4j	langchain4j-dashscope	0.27.1	-	b96a75c56fe7c18d3b8d9c2a2f0e645e7522fbc3
dev.langchain4j	langchain4j-dashscope	0.28.0	-	61e4691e3f76824336ecff0f745f04c61f8af3ef
dev.langchain4j	langchain4j-dashscope	0.29.0	-	47eff66f1195cd4f795d236b161c20f5b6770970
dev.langchain4j	langchain4j-dashscope	0.29.1	-	ad4df403f5a9eaaa9429e9bcc003be29dc3ccb0d
dev.langchain4j	langchain4j-dashscope	0.30.0	-	761983c4ac229d4375920514b11f342475ac6c6e
dev.langchain4j	langchain4j-dashscope	0.31.0	-	a93dd019c7c9a815f40fcd7c2d9498488ce98b8b
dev.langchain4j	langchain4j-dashscope	0.32.0	-	25cd348b13e429a832d3973c1193b26540b87f75
dev.langchain4j	langchain4j-dashscope	0.33.0	-	0792365c4e6c1c75fee99bbe5055efab09e06691
dev.langchain4j	langchain4j-dashscope	0.34.0	-	b998e8b444005416b25f83f5dd4e4cd33a66f5ea
dev.langchain4j	langchain4j-dashscope	0.35.0	-	467cbe73d0ad5f8b2305363b183b8f9847fe3dd1
dev.langchain4j	langchain4j-dashscope	0.36.0	-	5fd26cfa9718f7f631799baf3043b40b30038c49
dev.langchain4j	langchain4j-dashscope	0.36.1	-	03df0ec0df65b0b6367c39dcbb4d124c9d49866a
dev.langchain4j	langchain4j-dashscope	0.36.2	-	7374bd6e5824bd5ea0a8e74a909025ae654e9d28
dev.opensavvy.spine	client-arrow-iosx64	0.4.1	0.4.1-metadata	892e1208f56d57508c92ac355f3a9a34dc755d88
dev.opensavvy.spine	client-arrow-iosx64	0.5.0	0.5.0-metadata	e5c5129d0fb0e2062e1d4999ecf90a5ed5e2d092
dev.opensavvy.spine	client-arrow-iosx64	0.5.1	0.5.1-metadata	f1cffc3b5ff1e22fb208196b2bdc29acdc9e5d5f
dev.opensavvy.spine	client-arrow-iosx64	0.5.2	0.5.2-metadata	3928e2d82bf55c72a5a6b8b083862ecad4ba9ded
dev.opensavvy.spine	client-arrow-iosx64	0.6.0	0.6.0-metadata	d799aa4e0f0575860c82adb8b839583b470e7380
dev.petuska	klip-linuxmipsel32	0.1.0	0.1.0-metadata	2369644abefe81306edaf64e64456e1078b26baf
dev.petuska	klip-linuxmipsel32	0.2.0	0.2.0-metadata	731feb45b3b6bf9a0d9f519e043121b3cb17e71f
dev.petuska	klip-linuxmipsel32	0.2.1	0.2.1-metadata	05bb9620bd38ba27332812f92ba566ac40ff96a4
dev.petuska	klip-linuxmipsel32	0.2.2	0.2.2-metadata	181aff56662def84249b05ad4957e6bff10fbb1e
dev.petuska	klip-linuxmipsel32	0.3.0	0.3.0-metadata	23ea24a14a312044f97b8c7d95018ca955bcecf6
dev.petuska	klip-linuxmipsel32	0.4.0	0.4.0-metadata	a21c0674f9dbcbb0cf4980885b6b8b10800e4164
dev.petuska	klip-linuxmipsel32	0.4.1	0.4.1-metadata	f011f5733811e66d5fc04b71712fec46e2338e16
dev.rikka.tools.autoresconfig	gradle-plugin	1.0.0	-	0f86a1d3f062fc887f045c65df63a9d68c6c742b
dev.rikka.tools.autoresconfig	gradle-plugin	1.1.1	-	d1b0a8f6f7c773cdb989300c849f476b70b1be97
dev.rikka.tools.autoresconfig	gradle-plugin	1.2.0	-	2efcbf16f4ce9d95de3e1de3dafac3833d15b5d4
dev.rikka.tools.autoresconfig	gradle-plugin	1.2.1	-	a88b4ac4c9eab1d0bb564a7d5ab84cfe96da18db
dev.rikka.tools.autoresconfig	gradle-plugin	1.2.2	-	381f22b728ff31ded2ad9851e0bec36012edeab7
dev.teogor.xenoglot	xenoglot-locale-jvm	1.0.0-alpha02	-	5a565843a2c7bf89a6a8b2f5c1e710634db64f45
dev.vankka.DependencyDownload	runtime	1.0.0	-	d94190bbe6169f2a2b0431ab3369a8d6893d30ee
dev.vankka.DependencyDownload	runtime	1.0.1	-	7cf90c5304069c40ed7234e114ab1cde0fcc8e02
dev.zio	zio-aws-notifications_2.12	7.30.15.1	-	3206ec935a17ac73f48ed997b802b23b1efc1f75
dev.zio	zio-aws-notifications_2.12	7.30.15.2	-	cd0f1796fe81d8413b810169ff3b3d6c4bdc7cf9
dev.zio	zio-aws-notifications_2.12	7.30.16.1	-	46b4b0b82fbcc7945ff10512cac705b454b43a41
dev.zio	zio-aws-notifications_2.12	7.30.16.2	-	24076aec4397aac142a93f7f29ec5fea931285f2
dev.zio	zio-aws-notifications_2.12	7.30.16.3	-	2bc5542b906f0e33a12e2fa99562d4f93a655066
dev.zio	zio-aws-notifications_2.12	7.30.16.4	-	b09d952655c8055937fe1ac495cd22e7893dad30
dev.zio	zio-aws-notifications_2.12	7.30.20.1	-	41ef5eef39a61c01e84a18ce338183b400ad7349
dev.zio	zio-aws-notifications_2.12	7.30.22.1	-	232182b0c27c1ccf9b7eb2a5881dc1b5cdeba5e4
dev.zio	zio-aws-notifications_2.12	7.30.22.2	-	1e0688223e760a0e99f415c3819d76c8c86d0924
dev.zio	zio-aws-notifications_2.12	7.30.23.1	-	aa8ab15dc7ef02c252f1abf3392d7c38c10b34ac
dev.zio	zio-aws-notifications_2.12	7.30.24.1	-	83dd26cb13354a328608777becae6f21b9bfd2c3
dev.zio	zio-aws-notifications_2.12	7.30.24.2	-	d6e2ec4b7b8bff7c4795f3446d6142127f2f3305
dev.zio	zio-aws-notifications_2.12	7.30.25.1	-	430edd2856044db0c68e19b02b1e532d36741048
dev.zio	zio-aws-notifications_2.12	7.30.26.1	-	a27e215933a2386addd3fa3e8bb1521e41161880
dev.zio	zio-aws-notifications_2.12	7.30.27.1	-	7a03ad26f4d4a8baebbfdea76243b58b0e12cd72
dev.zio	zio-aws-notifications_2.12	7.30.27.2	-	7c30a75f4bdf943dbbde8dbd02c72eb759164e09
dev.zio	zio-aws-notifications_2.12	7.30.29.1	-	07d9e7b3a705164ad64ade4f4b57942e401c7ff0
dev.zio	zio-aws-notifications_2.12	7.30.30.1	-	352b12e932f415782f31fa3e0fee1cee61fea253
dev.zio	zio-aws-notifications_2.12	7.30.31.1	-	fd7a6cd33dcefb8248fc0f5dc01cd0fd4a63299e
dev.zio	zio-aws-notifications_2.12	7.30.31.2	-	a5c9d4635f5f212088914fd61cce44794aab78d4
dev.zio	zio-aws-notifications_2.12	7.30.32.1	-	697a70ef5be8f384b542b37014f82c49e99c7e81
dev.zio	zio-aws-notifications_2.12	7.30.33.1	-	ae4317e3c477cd0de6522a34a8f092e3fbe104f5
dev.zio	zio-aws-notifications_2.12	7.30.34.1	-	42ee7525f3e4c31a44e4e511478e363f8c807123
dev.zio	zio-aws-notifications_2.12	7.30.34.2	-	3d1dfccad0da0d770cdc229183986afeda00e84e
dev.zio	zio-aws-notifications_2.12	7.30.35.1	-	5c75c9901ac4b6390dae82da927de5745b5a6030
dev.zio	zio-aws-notifications_2.12	7.30.36.1	-	d21ce117df4acfe9b00a092b5d28dd362d04533e
dev.zio	zio-aws-notifications_2.12	7.30.37.1	-	e9632e5e4e4ee8022bb0c21fb5c7c8b66ccc84b4
dev.zio	zio-aws-notifications_2.12	7.30.38.1	-	57798d2e68f0f3b3540df5b5a056e93fcabc6914
dev.zio	zio-aws-notifications_2.12	7.30.38.2	-	fad04aa08ab2b014423fd54a2f0014fc74127710
dev.zio	zio-aws-notifications_2.12	7.31.0.1	-	c405ac564e6045e400249981487372f994e97377
dev.zio	zio-aws-notifications_2.12	7.31.1.1	-	6921cf5a32952243f4432bdd19863fe3a0559f64
dev.zio	zio-aws-notifications_2.12	7.31.1.3	-	556096bec6a516657b5e848726395921eb07ecaf
dev.zio	zio-aws-notifications_2.12	7.31.1.4	-	59d82a03182474132eb8ff310edcb8c97bff8a8b
dev.zio	zio-aws-notifications_2.12	7.31.1.5	-	94075581275fc39a33c453970148a004b3dd4b6f
dev.zio	zio-aws-notifications_2.12	7.31.10.1	-	62e95617074ef60aa898844396744ef175030335
dev.zio	zio-aws-notifications_2.12	7.31.11.1	-	3345d7ee7cd978c7296d83f7ebf24a8c194f1462
dev.zio	zio-aws-notifications_2.12	7.31.13.1	-	c2f1ce3a00953c76df165f327df01ad0215b6c0a
dev.zio	zio-aws-notifications_2.12	7.31.14.1	-	f15e4953e735685713e1d3b5a0baf88cbcec2aa0
dev.zio	zio-aws-notifications_2.12	7.31.15.1	-	6857ab0400df8753a05ddf40525ca3500f0a6c82
dev.zio	zio-aws-notifications_2.12	7.31.16.1	-	d85f1ea480118983464559b65012912190a40412
dev.zio	zio-aws-notifications_2.12	7.31.16.2	-	8bea8377e47dd84e6d5cec987662705a78b303ac
dev.zio	zio-aws-notifications_2.12	7.31.17.1	-	bab7249adc90947fbcd4c147fe25271994cb5b57
dev.zio	zio-aws-notifications_2.12	7.31.18.1	-	10fe4d0e88e6e6b08f46c0a38195f9ef3c01c0cd
dev.zio	zio-aws-notifications_2.12	7.31.19.1	-	d8a9c4fd1d7434221cb1a8d14adbad949f75f95e
dev.zio	zio-aws-notifications_2.12	7.31.2.1	-	f0c7c989b334c2326ef64aca25cafd3730aa7572
dev.zio	zio-aws-notifications_2.12	7.31.20.1	-	dfbbd8230c20ceb49bce4430e3d88e60142fe156
dev.zio	zio-aws-notifications_2.12	7.31.21.1	-	39d38da5eba8d5ecb67b548bf9580916bca32a17
dev.zio	zio-aws-notifications_2.12	7.31.22.1	-	6ce1c73c71faf2ef2e4ebd9d163a2d8c04885958
dev.zio	zio-aws-notifications_2.12	7.31.22.2	-	0359b1898b6eb4dff2410adcb068441d8827e06e
dev.zio	zio-aws-notifications_2.12	7.31.24.1	-	620624bda0cb1a94f7fa52c2281803570b3093d1
dev.zio	zio-aws-notifications_2.12	7.31.3.1	-	a6f9235c3801933c882fdf93f3320c46763ec3fd
dev.zio	zio-aws-notifications_2.12	7.31.4.1	-	9793d1531d580f26c9b9808380751b65d822c7fb
dev.zio	zio-aws-notifications_2.12	7.31.6.1	-	50695829ae6c6548da24a15f4ed7efe6fd1b1295
dev.zio	zio-aws-notifications_2.12	7.31.6.2	-	909ef7257800e77337d4b8811621ddabbe931614
dev.zio	zio-aws-notifications_2.12	7.31.6.3	-	16126b2df0cac5590502331ae1c7070384d75c52
dev.zio	zio-aws-notifications_2.12	7.31.7.1	-	5c12282754a7257c57762f4b0f8c85a639e3458d
dev.zio	zio-aws-notifications_2.12	7.31.8.1	-	2289ccd6eff9b4eabc72b79970885dd7406f0815
dev.zio	zio-aws-notifications_2.12	7.31.9.1	-	6cffebd77e24f49690d391b4aba5b6e8c7355f34
dev.zio	zio-json-macros_native0.4_2.12	0.6.2	-	c6f708c8363d91e541ab1e2881aa5ff6609b6cb6
dev.zio	zio-json-macros_native0.4_2.12	0.7.0	-	5b8c55a77a49a4ade9673c7f46fb410f5a512a50
dev.zio	zio-json-macros_native0.4_2.12	0.7.1	-	acc812dfb090471ca155615e871f4934c50bda48
dev.zio	zio-lambda-docs_2.13	1.0.0	-	c8ff8bba730a9bff4cb7a9d284abaacaea12bac5
dev.zio	zio-lambda-docs_2.13	1.0.1	-	779c01bc9ea36e881b4c14eeb5b02d4f190bfa97
dev.zio	zio-lambda-docs_2.13	1.0.2	-	0e0d33bf3b6afb7faa174c931da7b2f35b96ca9b
dev.zio	zio-lambda-docs_2.13	1.0.3	-	6d47794ea7348561f2fc7e2c69057dbc5fae8a02
dev.zio	zio-lambda-docs_2.13	1.0.4	-	f884671c2ecfe8e9e01375fd994a5d9449529570
dev.zio	zio-lambda-docs_2.13	1.0.5	-	1e243fed3c6a9b7e95bade0f9004257f1fb6b9ac
dev.zio	zio-prelude-experimental_2.12	1.0.0-RC10	-	dffecb24f07437414efd5ea74e123b05e4d9949d
dev.zio	zio-prelude-experimental_2.12	1.0.0-RC11-2	-	8b8a3f2dff27063eff92a6677eefa6fc40b0f1a8
dev.zio	zio-prelude-experimental_2.12	1.0.0-RC12	-	9308efed8e64fddbe0dd2f95f3e6b4f977f7cc7c
dev.zio	zio-prelude-experimental_2.12	1.0.0-RC13	-	4673adf6deb4d0a971a165eb2dd92a650bbc27aa
dev.zio	zio-prelude-experimental_2.12	1.0.0-RC14	-	df1b584cc507a2a406011c1e6016979b204ec1c7
dev.zio	zio-prelude-experimental_2.12	1.0.0-RC15	-	cf37a574e7daf0a7dea06007f909de49b45c1588
dev.zio	zio-prelude-experimental_2.12	1.0.0-RC16	-	ef5bf24e44a69d890509e1e24c96bd9aa0eb1fdc
dev.zio	zio-prelude-experimental_2.12	1.0.0-RC17	-	5b751d0289531faba4b80cb6432c08559e2e5354
dev.zio	zio-prelude-experimental_2.12	1.0.0-RC18	-	14a9edff0c8f2b37295e2a49bd1d80f5fae900c3
dev.zio	zio-prelude-experimental_2.12	1.0.0-RC19	-	4adf82f52273c3aee3c429a4c30571a7f2165007
dev.zio	zio-prelude-experimental_2.12	1.0.0-RC2	-	ea7d2c88a509c4fb83bb8297e1138fe922eaf30a
dev.zio	zio-prelude-experimental_2.12	1.0.0-RC20	-	da008d9b833c129c8d6ea3c467caff78f0de1664
dev.zio	zio-prelude-experimental_2.12	1.0.0-RC21	-	39253ae5cc08ce95d408e5ef9c93ce3f7728e182
dev.zio	zio-prelude-experimental_2.12	1.0.0-RC22	-	a994c0144f16f365f0244796baf09773cd91df07
dev.zio	zio-prelude-experimental_2.12	1.0.0-RC23	-	eb1224a591185b4d8e1ec9ac063e5260b80933f2
dev.zio	zio-prelude-experimental_2.12	1.0.0-RC24	-	364020ef004a367e37f7f6fdc7d206b0f2ada827
dev.zio	zio-prelude-experimental_2.12	1.0.0-RC25	-	a64a6467f58a105358e310db64e6ce03c802351b
dev.zio	zio-prelude-experimental_2.12	1.0.0-RC26	-	39f19df458d5a6d51f1610df15410f6a883641bb
dev.zio	zio-prelude-experimental_2.12	1.0.0-RC27	-	655748520882f7976d75afa93d3bf485a1da7693
dev.zio	zio-prelude-experimental_2.12	1.0.0-RC28	-	13aaeab82f64fa00c7835935e2e4ed5836f42893
dev.zio	zio-prelude-experimental_2.12	1.0.0-RC29	-	3713ce117a251a887e38e28e350a7a0a0b04a5a4
dev.zio	zio-prelude-experimental_2.12	1.0.0-RC3	-	d72efb423f30e381cab606d59e2fefa0c10bdd73
dev.zio	zio-prelude-experimental_2.12	1.0.0-RC30	-	5db4fcd75dbd7b985ce985625f6cab5a2d2e3db9
dev.zio	zio-prelude-experimental_2.12	1.0.0-RC31	-	e9578a9b3d6818f90de729b8b755adffd0d0bd39
dev.zio	zio-prelude-experimental_2.12	1.0.0-RC32	-	4aaeec7bb248891f89e45a0726b4dc37e308a656
dev.zio	zio-prelude-experimental_2.12	1.0.0-RC33	-	ac41a159d3378f2b99b2a4d4612959d36f0bf0f0
dev.zio	zio-prelude-experimental_2.12	1.0.0-RC34	-	d4ac6fd404433f482d4961a4c61f45545237b8ae
dev.zio	zio-prelude-experimental_2.12	1.0.0-RC35	-	baa9f3dfeb82c8aa27a9742afdc0f18c18afa20a
dev.zio	zio-prelude-experimental_2.12	1.0.0-RC36	-	34a73a07d3d2f6ca6c29412d64c6afda122fd3e5
dev.zio	zio-prelude-experimental_2.12	1.0.0-RC37	-	c30e53d59f5d8cab9b7ca2848044da0d312e8b98
dev.zio	zio-prelude-experimental_2.12	1.0.0-RC38	-	fb4e2da5409a67eb200d24672685dbe57dd99f49
dev.zio	zio-prelude-experimental_2.12	1.0.0-RC39	-	0549affcbe99d315c3c910b9f4ceaa13ceb6e298
dev.zio	zio-prelude-experimental_2.12	1.0.0-RC4	-	4a6da5683bc837bfc3675f5ad77c23981a22e9b8
dev.zio	zio-prelude-experimental_2.12	1.0.0-RC5	-	879707bc388cd7e22ca65ee876ce1bac28eb6378
dev.zio	zio-prelude-experimental_2.12	1.0.0-RC6	-	96e2ec090612c2dcdc1789a7b6cda6bcbe80870e
dev.zio	zio-prelude-experimental_2.12	1.0.0-RC7	-	6587a057cdcf51778fd10287dcd02fb19d2eac84
dev.zio	zio-prelude-experimental_2.12	1.0.0-RC8	-	5e3b181f393d2b3b8c6e491dafe75d63843fb5e8
dev.zio	zio-prelude-experimental_2.12	1.0.0-RC8-1	-	a39979b13466e1cead3126b341f8623a19d834dd
dev.zio	zio-prelude-experimental_2.12	1.0.0-RC9	-	2eb0394b5d68591669dfcf5c5f4843b21c380536
dk.cloudcreate.essentials.components	postgresql-event-store	0.1.2	-	4a4831510888fc4f1081198bf834be1d61e6b1ec
dk.cloudcreate.essentials.components	postgresql-event-store	0.1.3	-	46dcbc256e716b6ff67fbfb75f027258284d5072
dk.cloudcreate.essentials.components	postgresql-event-store	0.2.0	-	a2d252fec187d6fc8e3ee35bbe61982eb180909b
dk.cloudcreate.essentials.components	postgresql-event-store	0.20.0	-	9bb6ac94283f7d95188f16b3862a2780a06d22d2
dk.cloudcreate.essentials.components	postgresql-event-store	0.20.1	-	44cedd606fa78fa5293a847e506326bcd32a7bfc
dk.cloudcreate.essentials.components	postgresql-event-store	0.20.10	-	29bec85358184a2d8387607e5117af00372c46cb
dk.cloudcreate.essentials.components	postgresql-event-store	0.20.11	-	cd54dc3b810ccddc59c09e22cfa52675da1fdafd
dk.cloudcreate.essentials.components	postgresql-event-store	0.20.12	-	b5dcb0fd5dc69f77fc827840e4dfe25734183d01
dk.cloudcreate.essentials.components	postgresql-event-store	0.20.13	-	a6423791e634e766726f252c99188456ffe8be65
dk.cloudcreate.essentials.components	postgresql-event-store	0.20.2	-	d2926f1947ab911027b3bb5f934ccbed50b9c545
dk.cloudcreate.essentials.components	postgresql-event-store	0.20.3	-	5829b1a038845a1fb322089f891f8a864d9edeee
dk.cloudcreate.essentials.components	postgresql-event-store	0.20.4	-	d90be5a89a64eb85bd44619caf264ca2a24f664a
dk.cloudcreate.essentials.components	postgresql-event-store	0.20.5	-	c396e3dbbc8ecae1f088ca42bcf94844b64cbb75
dk.cloudcreate.essentials.components	postgresql-event-store	0.20.6	-	62ec6652db92bc8d6730026838a0f3d764d70fe3
dk.cloudcreate.essentials.components	postgresql-event-store	0.20.7	-	96546eb6d3a84dfe0fa8668aadb51f20ad026d1e
dk.cloudcreate.essentials.components	postgresql-event-store	0.20.8	-	90de17139356f76177542aa405631f20b31a6b5b
dk.cloudcreate.essentials.components	postgresql-event-store	0.20.9	-	8b4b68f567408e4883750f066a1d2f865919be55
dk.cloudcreate.essentials.components	postgresql-event-store	0.3.2	-	edac26a72bcd58291bf6b69a442d075a323fa974
dk.cloudcreate.essentials.components	postgresql-event-store	0.30.0	-	8ef73c43658d8a20b0ae40b5508831c9d91b8b75
dk.cloudcreate.essentials.components	postgresql-event-store	0.30.1	-	a69df741e1875598ad6aad7304c98853a9d6101a
dk.cloudcreate.essentials.components	postgresql-event-store	0.30.2	-	9dabf7f2235b51e9c5638a8c35bae2a12423b4cb
dk.cloudcreate.essentials.components	postgresql-event-store	0.30.3	-	74ebd11f5464cb75f5180449aaa9566b0c026641
dk.cloudcreate.essentials.components	postgresql-event-store	0.30.4	-	c7336b39b0b415fae09e7b8bc134887c8c0c9f64
dk.cloudcreate.essentials.components	postgresql-event-store	0.30.5	-	a82561b222c000eeab3b872e2d9ebfbf0b0903f3
dk.cloudcreate.essentials.components	postgresql-event-store	0.30.6	-	66a5cb386f189df023d160d9928ee8e55935d8a3
dk.cloudcreate.essentials.components	postgresql-event-store	0.30.7	-	afadc4db4075266b1ee120be6147b9df349bcef5
dk.cloudcreate.essentials.components	postgresql-event-store	0.4.0	-	8add9aa5f6933389f62db18485e7475ea79ba806
dk.cloudcreate.essentials.components	postgresql-event-store	0.4.1	-	8a2e78c091f935ae8f11f4629017d80149b88570
dk.cloudcreate.essentials.components	postgresql-event-store	0.40.0	-	897cf91d2c80dd924c898e256dacf5f903bd196d
dk.cloudcreate.essentials.components	postgresql-event-store	0.40.1	-	ac84fd7b63f3ffa9830e11ca72ca4f4d4dcbafc7
dk.cloudcreate.essentials.components	postgresql-event-store	0.40.10	-	8039985328f936fb0976b1bfedf8aed12feeb29c
dk.cloudcreate.essentials.components	postgresql-event-store	0.40.11	-	87c717a04c573a8d891b9d7087dfde3457b1e044
dk.cloudcreate.essentials.components	postgresql-event-store	0.40.12	-	110b59d4988a0d6af3d08ab8df4cee56cfd29cdf
dk.cloudcreate.essentials.components	postgresql-event-store	0.40.13	-	3e87cd09c1df35798ae42e14d6c7158e7ca5bf89
dk.cloudcreate.essentials.components	postgresql-event-store	0.40.14	-	5f63bd2f7c0fff560405201737a5cc8c196b9c20
dk.cloudcreate.essentials.components	postgresql-event-store	0.40.15	-	cd49fdc1b3991fa25642d1d946e43e6b3197d886
dk.cloudcreate.essentials.components	postgresql-event-store	0.40.16	-	7b50465ce85b16515f7f8daf3a1ce7377c0a4ce6
dk.cloudcreate.essentials.components	postgresql-event-store	0.40.17	-	a50593b5679737eedf8463ac29b8b08dd4d7f619
dk.cloudcreate.essentials.components	postgresql-event-store	0.40.18	-	dcd9022fc4690a93e044150691204af0ae47bbc8
dk.cloudcreate.essentials.components	postgresql-event-store	0.40.19	-	d782cff2ed1931a445419ecee001ff9256a9027d
dk.cloudcreate.essentials.components	postgresql-event-store	0.40.2	-	0a3d4c2bee58ed4fc74a8b4ca2efefa4014d7a70
dk.cloudcreate.essentials.components	postgresql-event-store	0.40.20	-	4d165a401b86e9ea4e117d8fcad964857e415a44
dk.cloudcreate.essentials.components	postgresql-event-store	0.40.21	-	3949963ca81b39910ca8a7688a46dfe405622b35
dk.cloudcreate.essentials.components	postgresql-event-store	0.40.22	-	8d21bf3c9e6082a9b3c5497ba9de64685ebefcca
dk.cloudcreate.essentials.components	postgresql-event-store	0.40.23	-	280f17f3631ce5e4238e5df806ee290bd2d53124
dk.cloudcreate.essentials.components	postgresql-event-store	0.40.3	-	d7ccb783a04fa47044dce6e5b14ba151fe4d37bc
dk.cloudcreate.essentials.components	postgresql-event-store	0.40.4	-	c0457df013ab4039391d7b236bbe48a96d666770
dk.cloudcreate.essentials.components	postgresql-event-store	0.40.5	-	851e8a65dabfb1dd0fc0802f5fb21eadbbd313cc
dk.cloudcreate.essentials.components	postgresql-event-store	0.40.6	-	09d36b8b4bf778479f402601f6e7e7bd71ae4f49
dk.cloudcreate.essentials.components	postgresql-event-store	0.40.7	-	cf8857905daa92b4297a910ee92e92adae6b66aa
dk.cloudcreate.essentials.components	postgresql-event-store	0.40.8	-	b651b9eb64b4e86dc36d61190d1356c7643f20c9
dk.cloudcreate.essentials.components	postgresql-event-store	0.40.9	-	e603b6e35048d802c6ba481e92dcced0a9c0be74
dk.cloudcreate.essentials.components	postgresql-event-store	0.8.1	-	432c56f8b134393850d36aea526499e1e8c6df5d
dk.cloudcreate.essentials.components	postgresql-event-store	0.8.10	-	828d347d9f768c3cb00e6b4d875877d9440ed85d
dk.cloudcreate.essentials.components	postgresql-event-store	0.8.2	-	63ce9f5b58ce548381a9c31236d4e55613e813a8
dk.cloudcreate.essentials.components	postgresql-event-store	0.8.4	-	1eb456f9644f0c235f45c496ce90e94fa1e028d6
dk.cloudcreate.essentials.components	postgresql-event-store	0.8.5	-	6a675b508dc906a89585e826ed62d136e15a209b
dk.cloudcreate.essentials.components	postgresql-event-store	0.8.6	-	ca5fbd15366341aef7b340ac0ce1215823e99fca
dk.cloudcreate.essentials.components	postgresql-event-store	0.8.7	-	766ff0959c68696ba07e25367468c822b98849d6
dk.cloudcreate.essentials.components	postgresql-event-store	0.8.8	-	18af3af8fb427fcc6f5e5623bbddc2d5dcebc677
dk.cloudcreate.essentials.components	postgresql-event-store	0.8.9	-	53d865e8f07e9c3a22e5ac808afd67782f675952
dk.cloudcreate.essentials.components	postgresql-event-store	0.9.0	-	516c74fdefc21d874047d38a3690fcd2a79c78dc
dk.cloudcreate.essentials.components	postgresql-event-store	0.9.1	-	565a5d8c7771e521f509e55b6f337484d069b2e7
dk.cloudcreate.essentials.components	postgresql-event-store	0.9.10	-	09182dbf2e1ed65132a645b9f8c6ccadccc9b135
dk.cloudcreate.essentials.components	postgresql-event-store	0.9.11	-	c0442f110903657d9c0a270d4b4222d5ec7c7d86
dk.cloudcreate.essentials.components	postgresql-event-store	0.9.12	-	f8e5aa66fce39b4902c5ca64c0bb9a3f402b6e43
dk.cloudcreate.essentials.components	postgresql-event-store	0.9.13	-	eabf0f6e2f5341f7cf8436a30abd109c448609ca
dk.cloudcreate.essentials.components	postgresql-event-store	0.9.14	-	559886ca6c139645524d198c0249467d1e78b325
dk.cloudcreate.essentials.components	postgresql-event-store	0.9.15	-	a8e7919d68974bcd3cae47a72534afa51d72382b
dk.cloudcreate.essentials.components	postgresql-event-store	0.9.16	-	87aff3e16142ca924654ef42e0b8395a48dfa96c
dk.cloudcreate.essentials.components	postgresql-event-store	0.9.17	-	4fd30de8270debab48fb76f3a81cb5c2abcbf173
dk.cloudcreate.essentials.components	postgresql-event-store	0.9.18	-	2628c24d604fd32e5b47c982d074fa9ff240ba3a
dk.cloudcreate.essentials.components	postgresql-event-store	0.9.19	-	a7412e5e6c7a1d9dfc520914f0cbecc22e288b9f
dk.cloudcreate.essentials.components	postgresql-event-store	0.9.2	-	a9d9ff55c42852bf290811f8045d018748009459
dk.cloudcreate.essentials.components	postgresql-event-store	0.9.3	-	47a278ea9e3571153e448b5c715acb5997e6a8a5
dk.cloudcreate.essentials.components	postgresql-event-store	0.9.4	-	51eebbdb8302289f4cefb550bb3e76eb1e21169b
dk.cloudcreate.essentials.components	postgresql-event-store	0.9.5	-	0f32d9cfe3c4129e6d3362c7ddae115a4dbdb40b
dk.cloudcreate.essentials.components	postgresql-event-store	0.9.6	-	b60f962d719ea729f14e1f4fe0b6f3e69d7f97da
dk.cloudcreate.essentials.components	postgresql-event-store	0.9.7	-	d2cb8de035788a9419030cd716347dfced21a0aa
dk.cloudcreate.essentials.components	postgresql-event-store	0.9.8	-	4e288710a952e515977bd2a8c2a3e99fdacb13a3
dk.cloudcreate.essentials.components	postgresql-event-store	0.9.9	-	30afbf46d6e3ea85e3353645d28c9d11336ea58b
edu.asu.diging	giles-eco-util	0.5	-	b0d0af8408deb42d51897d58eb7de1c027db95b7
edu.asu.diging	giles-eco-util	0.6	-	56d474e608f97e4571d0fad37cf46c63d891e373
eu.fbk.utils	utils-lsa	3.0	-	24188bcb9c587c358ec925f8cdd1e0abca2806c2
eu.fbk.utils	utils-lsa	3.1	-	b0fb6684953639c69ba7d9cae262a1ed0869c838
eu.fbk.utils	utils-lsa	3.1.1	-	e0a41c4c34da6bd7105dc569f7a562e6ed648e60
eu.fbk.utils	utils-lsa	3.2	-	06fb474ab5c7fc1e75078e5b89c3362e12f59a37
farm.shangrila	hubspot-api-java-client	0.0.2	-	0b86384e8ec1a32c862580daa7e8dfa3920e84d7
fr.inria.corese	shex	4.3.0	-	7e84addcd6948744cfb946b4a07bbab19093d1ef
fr.inria.corese	shex	4.4.0	-	a9befd592ff47d4e83c7367af5fd1e4150b34f9a
fr.inria.corese	shex	4.4.1	-	0c9bca60be6790186c1dd73603e9b9346400cc23
fr.inria.corese	shex	4.5.0	-	7afd37725d1f374dc3a4d41dab5324730e81d012
fr.ird.observe	toolkit-api	10.0.0	-	b826ac2712d4b9f2bdf88ae2a57e576c1a85f8ac
fr.ird.observe	toolkit-api	10.0.1	-	c122a16a062bf24533cca947c06a879f00b9b252
fr.ird.observe	toolkit-api	10.0.2	-	129b0aed146d27df588d5eeb3bfdea3f1b4449dc
fr.ird.observe	toolkit-api	10.0.3	-	0578fe1744b7f171be943efffb3efd6448a7fc84
fr.ird.observe	toolkit-api	10.0.4	-	05ea2bfaa0094d46217a580d9820103a2fd5430b
fr.ird.observe	toolkit-api	10.0.5	-	023a1ddfda23fac8e3bcf2000564fdcd341bb31a
fr.ird.observe	toolkit-api	10.0.6	-	ffd77ecc0496e9776f9d3627dd705c188f72f4f6
fr.ird.observe	toolkit-api	5.0.64	-	b740a4e4e2f601a0a1173363ecedd64f427242d6
fr.ird.observe	toolkit-api	6.0.0	-	ace4586f4a51d99780a2e31df1bbed8f54b711b0
fr.ird.observe	toolkit-api	6.0.1	-	3ce33f190e47ba5a863dd3ae757b35c77a1e9410
fr.ird.observe	toolkit-api	6.0.10	-	f6cf352a8da34e03ba6d3eb9dcce750c261693be
fr.ird.observe	toolkit-api	6.0.2	-	6ba86121cb2a482f8a71912eaf474b6219057a17
fr.ird.observe	toolkit-api	6.0.3	-	374a137f12a4984ac3d6039791abf00c3f8c5ccb
fr.ird.observe	toolkit-api	6.0.4	-	c617730bc90a2d1180e1529b4ff22e44f315c4c7
fr.ird.observe	toolkit-api	6.0.5	-	78e71b246bbdb35c7a04e34d1ca2ae3697080cfb
fr.ird.observe	toolkit-api	6.0.6	-	206a13d6606d4c1da49310a30aae8419eaa17078
fr.ird.observe	toolkit-api	6.0.7	-	1e6ee35fb0431dddec098a9a6140d210f708d1ba
fr.ird.observe	toolkit-api	6.0.8	-	ea89df8175e47c8f2c40504d2b19c1467ea87e8e
fr.ird.observe	toolkit-api	6.0.9	-	0843a8765f11de51569fe227bfd5d0ea24f221c7
fr.ird.observe	toolkit-api	6.1.0	-	af970c69a7572b1571f8e9851d1b8a3d98739620
fr.ird.observe	toolkit-api	6.1.1	-	3293d07811e5f5370e994657aa7a16eced6b7873
fr.ird.observe	toolkit-api	6.1.2	-	711b609d7ea625110844a7e287ec2e98cc9342fc
fr.ird.observe	toolkit-api	6.1.3	-	04f8bafe6e5948923e734c7e3e0950a805307e3f
fr.ird.observe	toolkit-api	6.1.4	-	17318a2bd41d02933967dd4099e1399aef14fba3
fr.ird.observe	toolkit-api	6.1.5	-	ba026147894f74350d592b4a6f757cf5cfa61208
fr.ird.observe.toolkit	topia-templates-extension	1.0	-	2d3ba15e77bf02d2ff05a2c634c60ce34c1a4efe
fr.ird.observe.toolkit	topia-templates-extension	1.1	-	8f1cd02cd710edc9e82d6f81d6a54743d67b8f23
fr.ird.observe.toolkit	topia-templates-extension	1.2	-	b22569a83a6b60779d7219f728229b67c06e5bdd
fr.ird.observe.toolkit	topia-templates-extension	1.3	-	7de36670e30c54f9b95d713f7a3454bf3e0a11e0
fr.ird.observe.toolkit	topia-templates-extension	1.4	-	2184232e57091b91b5057e0e060ffc084de4c950
fr.ird.observe.toolkit	topia-templates-extension	1.5	-	1389b6a55abc018e540a1396d6981828db532198
fr.ird.observe.toolkit	topia-templates-extension	1.6	-	491372bf23e86bd90b9d0267359b809027ce9298
fr.ird.observe.toolkit	topia-templates-extension	3.0	-	6be851afcd1868a879d1663a3ae5d4e32b75eb6f
fr.ird.observe.toolkit	topia-templates-extension	3.1	-	4132474c90ea7cf1bb49a1378c8b458cec1e724c
fr.ird.observe.toolkit	topia-templates-extension	3.2	-	f866188348ea5d643d97cada3334e7200e509ca9
fr.ird.observe.toolkit	topia-templates-extension	3.3	-	1dd31cba4ec6350d1c44d9b2159f444a10245dd0
fr.ird.observe.toolkit	topia-templates-extension	3.4	-	c8dcdd1627814f19301e78ac01807850c8def367
fr.ird.observe.toolkit	topia-templates-extension	3.5	-	89126f6623015dac51b0ed74061e97b1ba94e707
fr.ird.observe.toolkit	topia-templates-extension	3.6	-	456dda59f2672d39424ab33888e717a9d84c2743
fr.ird.observe.toolkit	topia-templates-extension	3.7	-	5ccc26e7e3b9e644b0b97b687bceaa562f7058d2
fr.ird.observe.toolkit	topia-templates-extension	3.7.1	-	5deaef45fe53a22e348fd64ecbc8cc3ebff44454
fr.ird.observe.toolkit	topia-templates-extension	3.7.2	-	0d17d84c6a81f91f7b5b7ff044789c61abd603a1
fr.ird.observe.toolkit	topia-templates-extension	3.7.3	-	61a1afd13431fb53f38375c304664bb5689d537a
fr.ird.observe.toolkit	topia-templates-extension	3.7.4	-	0f5bb9ef1694b0b2cef6968c265b70d3a12abde8
fr.ird.observe.toolkit	topia-templates-extension	3.7.5	-	d002fef2c0c60a278cea29ae4f58472e31b5220a
fr.ird.observe.toolkit	topia-templates-extension	3.7.6	-	a4bb9092a5d8a1db3ff885a03499ab4fac951d41
fr.ird.observe.toolkit	topia-templates-extension	3.7.7	-	bd01b572bf4a855ee26d6a27a132625ed797bb95
fr.ird.observe.toolkit	topia-templates-extension	3.8	-	a00fac298821757b3eefb4edd8c09afe89810ad1
fr.jetoile.hadoop	hadoop-unit-confluent	2.10	-	9a981c630065369a1e0bfbdf67c59ccff13e0aa5
fr.jetoile.hadoop	hadoop-unit-confluent	2.10.1	-	513d8f4bc20e484c861c5def06c75669fedea5b4
fr.jetoile.hadoop	hadoop-unit-confluent	2.7	-	8770eb004ae0cb72c2ca358b82edbed306708297
fr.jetoile.hadoop	hadoop-unit-confluent	2.8	-	8fdaf59bc23b9df457d3a3f706324b852030956a
fr.jetoile.hadoop	hadoop-unit-confluent	2.9	-	7026a4caf0b038228b4fc3761dfd8161f26f7d76
fr.jetoile.hadoop	hadoop-unit-confluent	3.0	-	654a56d662da0f4f20951d2da5dc6307efe07884
fr.jetoile.hadoop	hadoop-unit-confluent	3.1	-	7a58ecf6eeb0bcc01b98499f09c14ee6a61c2390
fr.jetoile.hadoop	hadoop-unit-confluent	3.2	-	7a1bb5f77c6142f0f94743b9bcbd1371625e7186
fr.jetoile.hadoop	hadoop-unit-confluent	3.3	-	b0c7f1811f40ddd031fb3c47bab39cc074d56e7b
fr.jetoile.hadoop	hadoop-unit-confluent	3.4	-	0a1c890ea7320242b674b2e9a2f6a0275610a9e7
fr.jetoile.hadoop	hadoop-unit-confluent	3.5	-	a4fcca95fdff6194ee837bade5583a19e5fd282e
fr.jetoile.hadoop	hadoop-unit-confluent	3.6	-	262663b885d72fd3b4d0e60d6e94907f9b40c35b
fr.jetoile.hadoop	hadoop-unit-confluent	3.7	-	3943eb59bc9708df84b1921c0717296c18298d9e
fr.jetoile.hadoop	hadoop-unit-confluent	3.8	-	2611cec956bcd272524dae6e554c00b798f6b3cb
fun.easycode.snail-cloud	snail-boot-test	0.1.0	-	8c65bac1d60ca86ded6c2d4436078e1d64aea2c8
fun.easycode.snail-cloud	snail-boot-test	0.1.1	-	01dec6dc1726b62670042aeb580becbeec2db876
games.rednblack.hyperlap2d	libgdx-typinglabel-extension	0.0.8	-	7ae1b409799b408f68d424d856be63bbbbb4dc32
games.rednblack.hyperlap2d	libgdx-typinglabel-extension	0.1.0	-	43ff78810cbd83103d4eaad48a5b8eaa5920612f
games.rednblack.hyperlap2d	libgdx-typinglabel-extension	0.1.1	-	2dbb3781a08e17f71e22ddca98b35b95625a8b71
games.rednblack.hyperlap2d	libgdx-typinglabel-extension	0.1.2	-	732e4ef41702d94a199419787e015d192496b524
games.rednblack.hyperlap2d	libgdx-typinglabel-extension	0.1.3	-	3ea1e4201d100370e213c3e12a5eb11e4ce2c6c0
games.rednblack.hyperlap2d	libgdx-typinglabel-extension	0.1.4	-	aa43c10749c9ea7851e7dbc42db940e518afa9ce
games.rednblack.hyperlap2d	libgdx-typinglabel-extension	0.1.5	-	3e83448e44a974617c5b647696a4ccf51ea990c8
hu.blackbelt.judo.meta	hu.blackbelt.judo.meta.jsl.model	1.0.0	-	5854a61439ba8b8fd0cfacdfe31b9a64897c537c
hu.blackbelt.judo.meta	hu.blackbelt.judo.meta.jsl.model	1.0.1	-	bd62f43769ef359aa0d6a7a5b108ed036d6e0e17
hu.blackbelt.judo.meta	hu.blackbelt.judo.meta.jsl.model	1.0.2	-	a93b7da21ea9147b7566d87f3e454f57e638d0e7
hu.blackbelt.judo.runtime	judo-runtime-core-jsl-itest	1.0.0	-	022487e7aa2f65bd2feb3f540ac0410bb62ef7e0
hu.blackbelt.judo.runtime	judo-runtime-core-jsl-itest	1.0.1	-	4677bc2a49724581ea7c2af063064f5014023a36
hu.blackbelt.judo.runtime	judo-runtime-core-jsl-itest	1.0.2	-	f50d3588d3440755bb04cf8fd9eaa3513c359e97
im.bci	jnuit-archetype	0.10	-	9c472c8ac821c2f64632b24f8a8ea78796b37547
im.bci	jnuit-archetype	0.11	-	b05b31101b8de71ecea14cca47c64aeb8d19fcc9
im.bci	jnuit-archetype	0.12	-	ddccd90879a8cc838b6999ecbd092ec7be089591
im.bci	jnuit-archetype	0.13	-	8674eb5af92e675d62674f979737c9e9c8b98a84
im.bci	jnuit-archetype	0.5	-	59f8889727fd4ad6a1aae60ab385b857bd408c49
im.bci	jnuit-archetype	0.6	-	d5d4ceeb8d476cc2421876024dfd455188d17b5f
im.bci	jnuit-archetype	0.7	-	4f55337d8fa7bb38ebdd8df0f14f3f715b73e0ba
im.bci	jnuit-archetype	0.8	-	de848321419d59c91f0b1a150d5900d2923a9e2c
im.bci	jnuit-archetype	0.9	-	19c1a964dcb730b642eae3cc85a02dfce1394046
in.hocg.boot	mybatis-plus-extensions-userconfig-spring-boot-starter	1.0.54	-	b69b2da83f68342c85c333a17d4da474a4c5a75e
in.hocg.boot	mybatis-plus-extensions-userconfig-spring-boot-starter	1.0.55	-	644c9e475032da89b265eab11d647aa374cedda5
in.hocg.boot	mybatis-plus-extensions-userconfig-spring-boot-starter	1.0.56	-	be5058847ad63b45c2f6f9450fadf983b30fa239
in.hocg.boot	mybatis-plus-extensions-userconfig-spring-boot-starter	1.0.57	-	ccb0af50fcf2b994fde13999fc9ed0702b6da08d
in.hocg.boot	mybatis-plus-extensions-userconfig-spring-boot-starter	1.0.58	-	b5d606ce28ba7fc827acc983005369789c6cd728
in.hocg.boot	mybatis-plus-extensions-userconfig-spring-boot-starter	1.0.60	-	e8e2fd925454f731d86575622dbd580f050cb154
in.hocg.boot	mybatis-plus-extensions-userconfig-spring-boot-starter	1.0.61	-	ce46c5d331c73d6d8fc884d9af57710f5733a932
in.hocg.boot	mybatis-plus-extensions-userconfig-spring-boot-starter	1.0.62	-	630a6aecebe4e9ee55a757476056d84a145a08e7
in.hocg.boot	mybatis-plus-extensions-userconfig-spring-boot-starter	1.0.63	-	e3bd4ff63d22567c4af9bc1162837c87c3c6aed7
in.hocg.boot	mybatis-plus-extensions-userconfig-spring-boot-starter	1.0.64	-	7e108038375068dd7ee22349ac6338f03c9cd9d0
in.hocg.boot	spring-boot-utils	1.0.0	-	2aa3c46b2b24e1d95d4fc638fa5c7851469420a3
in.hocg.boot	spring-boot-utils	1.0.1	-	ad73fad5bfec017ec4f6f0a5fd224a736b2ef915
in.hocg.boot	spring-boot-utils	1.0.10	-	5fa93093a7e73f36d6b52ddf0d856205c4deb8b2
in.hocg.boot	spring-boot-utils	1.0.11	-	23e027dadbd7c48b2e09ab2109bfc8eb9de92144
in.hocg.boot	spring-boot-utils	1.0.12	-	3689aa8c7b4835c6f5e566b66eb3618dd2d4bb96
in.hocg.boot	spring-boot-utils	1.0.13	-	ce1692073122a245ee8b7106e4cfc4a33e053662
in.hocg.boot	spring-boot-utils	1.0.14	-	6318f4937c121eb8e8eef568cf11006e764586ba
in.hocg.boot	spring-boot-utils	1.0.15	-	54424d03725e0d032a41ff3d1b6097fad46b369f
in.hocg.boot	spring-boot-utils	1.0.16	-	e97024ed9acd40613bf246d7c05b1bd85d5842d8
in.hocg.boot	spring-boot-utils	1.0.17	-	e8fa778f31836d5d3146ad179da4150350ddcf66
in.hocg.boot	spring-boot-utils	1.0.19	-	adae9cf32e7303c35e62999361355f52a1b856e0
in.hocg.boot	spring-boot-utils	1.0.2	-	037fcb124b245c7048bd3ba681c749064f20cd3a
in.hocg.boot	spring-boot-utils	1.0.20	-	47794a11a1329d47ac502761f00a49cf37bdcdb6
in.hocg.boot	spring-boot-utils	1.0.21	-	f9a788d83dc62f62ac2fe46e6664da4573c61af5
in.hocg.boot	spring-boot-utils	1.0.3	-	f29a232634af26733359f20c9a3b098060b9df21
in.hocg.boot	spring-boot-utils	1.0.4	-	17381fe7a1bf991410037c5b2ea823641488932e
in.hocg.boot	spring-boot-utils	1.0.5	-	2a570cb0294b798a5a939422cf7503216386fccd
in.hocg.boot	spring-boot-utils	1.0.6	-	90422ef7ebf5bd9a84df56e48e0f2ff1201bd5da
in.hocg.boot	spring-boot-utils	1.0.7	-	1dd87bb9401024207b142159958da1bb2c20b50a
in.hocg.boot	spring-boot-utils	1.0.8	-	4b870960f3981dba0f36f8484bbdec2947b88f3e
in.hocg.boot	spring-boot-utils	1.0.9	-	f346acdb4cff189f32d979ff0aa92b267f17ce30
info.hupel	libisabelle-docs_2.12.0-M2	0.1	-	14d91dce52efffb5f2b75ae3c6703532d807eb1a
info.hupel	libisabelle-docs_2.12.0-M2	0.1.1	-	0fe62f4e0571fb5bed1d92f74ae918fbb31c5262
info.hupel	libisabelle-docs_2.12.0-M2	0.1.2	-	35574eacfb4ddbecbc6b95a8af49ebb7ad6fd423
info.picocli	picocli-jpms-module	4.0.0-alpha-2	-	f63146eb491dc4c521c3c162875a335ec1653c09
info.picocli	picocli-jpms-module	4.0.0-alpha-3	-	c408c3a7101dac134583eff44813b54fb2efa294
io.acryl	scim-spec-protocol	1.0.0	-	6a51c3f3185868d1bb0d99a0837a2aa053af438d
io.acryl	scim-spec-protocol	1.0.1	-	67aa620f3d306894542dd544748058abc1d57a22
io.acryl	scim-spec-protocol	1.0.2	-	1da612b6f27c2bffab23b40269ffcf252970223f
io.acryl	scim-spec-protocol	1.0.3	-	76e1c9240fd8098319a07f316bd847bdb8d01c5d
io.angstrom	angstromio-validator-constraints	0.0.1	-	b8ada5a8b1f9ee79ee587062414e935517b09d1d
io.arrow-kt	arrow-exact-iosarm64	0.1.0	0.1.0-metadata	6e77c98003c054c8868f820cf6e4603b49b9de70
io.arrow-kt	arrow-resilience-watchosx64	1.1.6-alpha.82	1.1.6-alpha.82-metadata	dcd4cdd1ec0ce1153019474fd162bb50143c3d94
io.arrow-kt	arrow-resilience-watchosx64	1.1.6-alpha.83	1.1.6-alpha.83-metadata	facf5e81dda683213f2c759bb5278e4b06c35f48
io.arrow-kt	arrow-resilience-watchosx64	1.1.6-alpha.84	1.1.6-alpha.84-metadata	b123ecb91a6e9ac0baa5b3606cdd0d4e8e7b0e9a
io.arrow-kt	arrow-resilience-watchosx64	1.1.6-alpha.85	1.1.6-alpha.85-metadata	64d194c038773293ab95e9b2214afab740795fa0
io.arrow-kt	arrow-resilience-watchosx64	1.1.6-alpha.86	1.1.6-alpha.86-metadata	9af45d49f6551ededb959809c474b0d186dd4a8b
io.arrow-kt	arrow-resilience-watchosx64	1.1.6-alpha.87	1.1.6-alpha.87-metadata	3c5dcd24168cf1c66e574d3f94ec04e118c05d70
io.arrow-kt	arrow-resilience-watchosx64	1.1.6-alpha.88	1.1.6-alpha.88-metadata	a3f3544244c5e92c9bbafc48553ef23c7014b585
io.arrow-kt	arrow-resilience-watchosx64	1.1.6-alpha.89	1.1.6-alpha.89-metadata	55bb31ad54f38d2f7a1535392f2b8b9aa8e5883e
io.arrow-kt	arrow-resilience-watchosx64	1.1.6-alpha.90	1.1.6-alpha.90-metadata	b10da7932f485fb57210178836b670a428da295a
io.arrow-kt	arrow-resilience-watchosx64	1.1.6-alpha.91	1.1.6-alpha.91-metadata	8fb44d281e6c66fc2dbfdf4a08f1c6036283ddf8
io.arrow-kt	arrow-resilience-watchosx64	1.2.0	1.2.0-metadata	77435fff113f9f2dcca5e2be8e1555d44e1d2033
io.arrow-kt	arrow-resilience-watchosx64	1.2.0-RC	1.2.0-RC-metadata	46e63c09562ff42cf793cb8080c7b7431ccc3fb1
io.arrow-kt	arrow-resilience-watchosx64	1.2.1	1.2.1-metadata	c25d39f1d7d26196d0c2f7525ca0825374135f1c
io.arrow-kt	arrow-resilience-watchosx64	1.2.2	1.2.2-metadata	66992c1cb7bdcdc342785ed13b01ecdbdd31163e
io.arrow-kt	arrow-resilience-watchosx64	1.2.3	1.2.3-metadata	a6271eb39b2e60870f4306bb96c430d700a4dde7
io.arrow-kt	arrow-resilience-watchosx64	1.2.4	1.2.4-metadata	d1d1dfa2f17c43743617bde4150af0d01bccda99
io.arrow-kt	arrow-resilience-watchosx64	2.0.0	2.0.0-metadata	3abdd026ca2c597ae9e494011cad3cde0fd37233
io.arrow-kt	arrow-resilience-watchosx64	2.0.0-alpha.1	2.0.0-alpha.1-metadata	f5519ea1a0081aecf607d39838b8dca1936433b7
io.arrow-kt	arrow-resilience-watchosx64	2.0.0-alpha.2	2.0.0-alpha.2-metadata	e19cde6f7a3cefde41b8fcef9f599814a897e757
io.arrow-kt	arrow-resilience-watchosx64	2.0.0-alpha.3	2.0.0-alpha.3-metadata	dda61e694e1e51fb6d1757805723af98dbe105e4
io.arrow-kt	arrow-resilience-watchosx64	2.0.0-alpha.4	2.0.0-alpha.4-metadata	10ec171ca8881ab99fc7c02a904ba84239e44ff4
io.arrow-kt	arrow-resilience-watchosx64	2.0.0-beta.1	2.0.0-beta.1-metadata	2f24f4588ce40fcbd7cf80534ef862cc3f5ae8e8
io.arrow-kt	arrow-resilience-watchosx64	2.0.0-beta.2	2.0.0-beta.2-metadata	dc6e0e61e915bb6e0788d0f2027f8ff43276fed6
io.arrow-kt	arrow-resilience-watchosx64	2.0.0-beta.3	2.0.0-beta.3-metadata	e5f0046e35053ee80e0a624b2725f154246ac4de
io.arrow-kt	arrow-resilience-watchosx64	2.0.0-rc.1	2.0.0-rc.1-metadata	93a65a782c1fdfe0a17da16c7608c5a6d8d2c6be
io.arrow-kt	arrow-resilience-watchosx64	2.0.1	2.0.1-metadata	3af8ec29b5fe2d5670b2e684a890d51e8abc19bd
io.arrow-kt	arrow-resilience-watchosx64	2.0.1-alpha.1	2.0.1-alpha.1-metadata	a075ff1c771eb48ff88a23a0f631e7a09dd02a90
io.bkbn	kompendium-oas	2.0.0	-	d8fae71b32a7c1d29ed137d1dd9aef0a6c292e9f
io.bkbn	kompendium-oas	2.0.0-alpha	-	740cb71382dbe7be5e4079fe2943f5c24efd40a0
io.bkbn	kompendium-oas	2.0.0-beta	-	e2fee4bc1194ba2feba0c6f24685098a522b5db1
io.bkbn	kompendium-oas	2.0.1	-	3e63a60c7bc0ad505b5d9e688c054985977923f7
io.bkbn	kompendium-oas	2.0.2	-	9882e1dde4a959622775d84eab32067a22288841
io.bkbn	kompendium-oas	2.0.3	-	a13e7957ea414e68efc100e653d5cd38e05bc0ff
io.bkbn	kompendium-oas	2.0.4	-	5fe98da2874628a81d044b4596ae5405b88c6572
io.bkbn	kompendium-oas	2.1.0	-	7c0d4b7c96eaa48217a7af54d2eb6e20fc188ca6
io.bkbn	kompendium-oas	2.1.1	-	bd0a0aaa3a2288c4a00da276c8dda65aaaa1a6e5
io.bkbn	kompendium-oas	2.2.0	-	6b6eca636c3e6b38e929b7ec9b8e8a6fb4801d66
io.bkbn	kompendium-oas	2.2.1	-	d60eeb40863e046163f6916008afef43d855971a
io.bkbn	kompendium-oas	2.3.0	-	37e39191307704cf67d1da8a7934a9c31aa634dc
io.bkbn	kompendium-oas	2.3.1	-	85dada75a4630704aaf3b5ac8c4b60d5a764393f
io.bkbn	kompendium-oas	2.3.2	-	fc5b029351b5bfbae2ff20f2a6d7031998cd9284
io.bkbn	kompendium-oas	2.3.3	-	d58101e009c108ab83482bee162b22f0a8e5d380
io.bkbn	kompendium-oas	2.3.4	-	2a0c47888c71d47423dd98dcdf613e2c9c9bcfb4
io.bkbn	kompendium-oas	2.3.5	-	053ea47204fe2827870c8c7bf91731fefff5f985
io.bkbn	kompendium-oas	3.0.0	-	84a25cb6983c9c75d3a51a3dca14ea8fcf745e48
io.bkbn	kompendium-oas	3.0.0-alpha	-	4f4b5ece3d2590dc33e6a6dcaf7c47304ee053bb
io.bkbn	kompendium-oas	3.1.0	-	00b6e248f8fac13968cc26df754da7ed5087dcb4
io.bkbn	kompendium-oas	3.10.0	-	9ad66de4dd1aae512f42b914e1f03fa6d852f8f3
io.bkbn	kompendium-oas	3.11.0	-	c89ae17c1e4b5aa9f183e59bb3d6a7acdbe77a80
io.bkbn	kompendium-oas	3.11.1	-	a54ffb43620891f2d5a46a3e5c031bfcc978d69d
io.bkbn	kompendium-oas	3.12.0	-	d8904f48a039f1d840d06656417b7a2418d60de8
io.bkbn	kompendium-oas	3.13.0	-	0203b239ab8a08660f36bc25b039ba366deb9fcd
io.bkbn	kompendium-oas	3.14.0	-	1493c47ebfc415dc787c4ccf92e14e78098219c4
io.bkbn	kompendium-oas	3.14.1	-	d861dfe98f567f19368297efe8587b41c8406a91
io.bkbn	kompendium-oas	3.14.2	-	0cb22912895c598401ec80a603acce4be457db0c
io.bkbn	kompendium-oas	3.14.3	-	d4cfc9cb68320c338d31339fdd30521da73567f5
io.bkbn	kompendium-oas	3.14.4	-	a6b0556ef4333f3365b00321b854be2be9478ebb
io.bkbn	kompendium-oas	3.2.0	-	d94c69c1f3f1dc68114823e23bed99692d0a8ebc
io.bkbn	kompendium-oas	3.3.0	-	441a5803f52f59dc1f302efe2b2f1245411e5dab
io.bkbn	kompendium-oas	3.3.1	-	03baae86fef61037ac579efbd6f63d4ed35cd291
io.bkbn	kompendium-oas	3.4.0	-	d31c8ecdc404716b4ddba145d14bdb65f24afaa7
io.bkbn	kompendium-oas	3.5.0	-	5c7cc8653f360f3d90a9c31aecc443ee18bda852
io.bkbn	kompendium-oas	3.6.0	-	7383b5d39b5807876d9b374e126ef3a1dbf63fab
io.bkbn	kompendium-oas	3.8.0	-	a543062575035dc4141bea0c43730dd3fbb7ee87
io.bkbn	kompendium-oas	3.9.0	-	3a8497afc358e0c2660ec4baf1ecfdb91f524f4f
io.bkbn	kompendium-oas	4.0.0-alpha	-	4a6af92a87a90d930a9631c5071c7e7bd359df01
io.burkard	aws-cdk-scala-regioninfo_2.13	0.1.2	-	7dc0b7c0961b792951cda6ea0f182281aadb02c9
io.burkard	aws-cdk-scala-regioninfo_2.13	0.1.3	-	7658bff9dbce66de9043ab35640a31aedd9aa222
io.burkard	aws-cdk-scala-regioninfo_2.13	0.1.4	-	df33b57fc46d901bae7885e4f30b2656a5dc13f6
io.burkard	aws-cdk-scala-regioninfo_2.13	0.1.5	-	caa14981e45aa851ba4e3fc7e660a1da7b29a995
io.burkard	aws-cdk-scala-regioninfo_2.13	0.1.6	-	d02cd2be5f5c3b59abfff7fefa8d7ecc316345d3
io.burkard	aws-cdk-scala-regioninfo_2.13	0.1.7	-	495ebea5ad04273b19eaf61ab54e152b931ffb3a
io.burkard	aws-cdk-scala-regioninfo_2.13	0.2.0	-	926190d2f7e9c87228c2773d1795b3c73fa6c841
io.burkard	aws-cdk-scala-regioninfo_2.13	0.3.0	-	7f9cf749a9a437fe85badadbc2f0aa479eb44ca5
io.chrisdavenport	condemned_2.13	0.0.1	-	31f62c6fe7afcf73caeb4f8c1c1614ae5ee59619
io.chrisdavenport	condemned_2.13	0.0.2	-	1163996339411d8803200dd9d635f20e5a9760fa
io.circe	circe-literal_sjs1_2.12	0.13.0	-	cb52a195f0371d4dc6fca6f93a2455fec182444a
io.circe	circe-literal_sjs1_2.12	0.14.0	-	b2c6353aa9e0cd3e1f3e683f512a821628b685ae
io.circe	circe-literal_sjs1_2.12	0.14.0-M1	-	fcedd324cb10c8d893429a2963d1e3de939a7782
io.circe	circe-literal_sjs1_2.12	0.14.0-M2	-	e5348e9c8995b0f0f945f862cdc81e19ca62070d
io.circe	circe-literal_sjs1_2.12	0.14.0-M3	-	338f2db935de691958465870f930ca39bf52c420
io.circe	circe-literal_sjs1_2.12	0.14.0-M4	-	1f9692d1f9fba1e7685f1c5f1c18f04868ca5c1b
io.circe	circe-literal_sjs1_2.12	0.14.0-M5	-	e0ca3ba4b2ad383ea567cef0ac347afd69587cb1
io.circe	circe-literal_sjs1_2.12	0.14.0-M6	-	dc370effbc556fd2dcbd61f2bbff0b8e95d5b0ec
io.circe	circe-literal_sjs1_2.12	0.14.0-M7	-	7c13a69bb2710c3956eb177316f71565e27bb3b5
io.circe	circe-literal_sjs1_2.12	0.14.1	-	4f5fc58ea98f2a6315fc21854be221b0eb6f43b1
io.circe	circe-literal_sjs1_2.12	0.14.10	-	9a3b64f4446c53021a787902cf1133665186c44d
io.circe	circe-literal_sjs1_2.12	0.14.11	-	fb81c0b58a18f48f6986a2cfa0dafcb064b1b617
io.circe	circe-literal_sjs1_2.12	0.14.12	-	e23f6f64e4b2b4d8b0d81061bbdd65333953d0a2
io.circe	circe-literal_sjs1_2.12	0.14.2	-	ae72a363893bf190c13a611e1661d848d2b56868
io.circe	circe-literal_sjs1_2.12	0.14.3	-	2a5cc16bb3330710f22585a54796e28bcebbc536
io.circe	circe-literal_sjs1_2.12	0.14.4	-	3b24088f01590aea3a455b66b4dee1bd9af18754
io.circe	circe-literal_sjs1_2.12	0.14.5	-	2a97cb70a52062562687a3bf141fc7d061758983
io.circe	circe-literal_sjs1_2.12	0.14.6	-	4daa69c66e72c129afadf198cb8ed54940ab8c68
io.circe	circe-literal_sjs1_2.12	0.14.7	-	50054292c0404fdd2b93822b6f8c821abcd3c082
io.circe	circe-literal_sjs1_2.12	0.14.8	-	d8e2cd06c065334d42072abc2a2d78f1dcad2bd6
io.circe	circe-literal_sjs1_2.12	0.14.9	-	603c45a08d1a6ee3216bd1270074701504562bbe
io.circe	circe-literal_sjs1_2.12	0.15.0-M1	-	af08287dff7e1c3efdb266e9b9c0db6859458b00
io.deephaven	deephaven-client-flight-dagger	0.4.0	-	620911ad52fe404c5db9536db48980851cde8417
io.deephaven	deephaven-client-flight-dagger	0.4.1	-	193f4c0898fe74541d11c3debda887b3b7b892d6
io.deephaven	deephaven-client-flight-dagger	0.5.0	-	02113062b6fe439d45a2418119dfa7ca0d5ef838
io.deephaven	deephaven-client-flight-dagger	0.5.1	-	71e833e0580eba1680dd85397e728f21a7d62f9a
io.deephaven	deephaven-client-flight-dagger	0.5.2	-	966a8d9c923762f7dfe8f3dd83af0025b75b2e94
io.dropwizard.metrics5	metrics-jdbi3	5.0.0	-	729e294fff885fba11694968b3e4389be6305456
io.dropwizard.metrics5	metrics-jdbi3	5.0.0-rc1	-	8259a24fb954246ff1ca22bfc42686a358bb7723
io.dropwizard.metrics5	metrics-jdbi3	5.0.0-rc10	-	0cba1fdbbc01003ef6776e704914a16e1b8a2e15
io.dropwizard.metrics5	metrics-jdbi3	5.0.0-rc11	-	371b4a41b1114a45b9aec106bcc1d6759676a6eb
io.dropwizard.metrics5	metrics-jdbi3	5.0.0-rc12	-	70a7a874df6bbb09cb3f2b2f29d7b0cd52779ec9
io.dropwizard.metrics5	metrics-jdbi3	5.0.0-rc13	-	a869d26b4a9da8a2727890ac8927ac2a752a6436
io.dropwizard.metrics5	metrics-jdbi3	5.0.0-rc14	-	036c6bf46e28a0749e19588fe4e4f99c391d829a
io.dropwizard.metrics5	metrics-jdbi3	5.0.0-rc15	-	bef367cfa6db77a45f150c028fd56de0fdc85026
io.dropwizard.metrics5	metrics-jdbi3	5.0.0-rc16	-	9872356c1743aa63d750dabd023810e21c1e2762
io.dropwizard.metrics5	metrics-jdbi3	5.0.0-rc17	-	f3b0f589258530b8fe4fc15e19804966f39df1b1
io.dropwizard.metrics5	metrics-jdbi3	5.0.0-rc18	-	5e15656ca0a31517d53688fee6bff279af4b1d50
io.dropwizard.metrics5	metrics-jdbi3	5.0.0-rc19	-	69f427f6b81b1b18afd0c24d31e6a8dfce0ff400
io.dropwizard.metrics5	metrics-jdbi3	5.0.0-rc2	-	0db2a64d9c5df72e164f5edcec8eb18bc8b0de20
io.dropwizard.metrics5	metrics-jdbi3	5.0.0-rc20	-	7c5fbf85e3cfa526b1a012c810c8a96d51856562
io.dropwizard.metrics5	metrics-jdbi3	5.0.0-rc21	-	1f375d94d8433ee3a094422445e40447e1e1dc7e
io.dropwizard.metrics5	metrics-jdbi3	5.0.0-rc22	-	a983a8b52980d80a8c68dbc89a56efa298267bd6
io.dropwizard.metrics5	metrics-jdbi3	5.0.0-rc23	-	7c0297fec7bc845691f74615df3b9af3b61b2fe4
io.dropwizard.metrics5	metrics-jdbi3	5.0.0-rc24	-	7f1d3dd1e6905e21bba97c548339de95add0f9b0
io.dropwizard.metrics5	metrics-jdbi3	5.0.0-rc25	-	449ed29b347b6ce47f727a1c6abe44794e048106
io.dropwizard.metrics5	metrics-jdbi3	5.0.0-rc3	-	dcb4b835a79e6b3ea64160891d06b3cad3a84833
io.dropwizard.metrics5	metrics-jdbi3	5.0.0-rc4	-	1a83ab35a8c19be768938fee26861e5184566729
io.dropwizard.metrics5	metrics-jdbi3	5.0.0-rc5	-	a1a2d12f49c4740ff2b67bb2d69424c2062e8507
io.dropwizard.metrics5	metrics-jdbi3	5.0.0-rc6	-	8ec25dad0dd7a8d8ec2c619a5b83e0bb9018f845
io.dropwizard.metrics5	metrics-jdbi3	5.0.0-rc7	-	e81630b8e58e908ede44fe381dfdac2ae50f9d51
io.dropwizard.metrics5	metrics-jdbi3	5.0.0-rc8	-	bccbc9c148ee23de132fa27b5eeae750ab90c175
io.dropwizard.metrics5	metrics-jdbi3	5.0.0-rc9	-	0d79c0160796d1adf89384e030523ef81a649842
io.druid	tranquility_2.10	0.5.0	-	eb1edf2e01564ac32a889d1ece1ae11997a934da
io.druid	tranquility_2.10	0.5.1	-	0c611d527aa49d658fc21d7d1f9708c2bf5657cb
io.druid	tranquility_2.10	0.6.0	-	02ca0edebd1d488feb4d6a45f1e7a0e0e0567a93
io.eventuate.common	eventuate-common-micronaut-in-memory-database	0.13.0.RELEASE	-	5dc4c3a349b3993f653b4f20fc42203708a22915
io.eventuate.common	eventuate-common-micronaut-in-memory-database	0.14.0.RELEASE	-	b487ede040e0ae1a05d6024e590832037bb4bb73
io.eventuate.common	eventuate-common-micronaut-in-memory-database	0.15.0.RELEASE	-	05d2f67c41ddc4f5d272e934b679628eaac136a7
io.eventuate.common	eventuate-common-micronaut-in-memory-database	0.16.0.RELEASE	-	e5482a4f313fc63ad9f48eb60ea72ed1acef3082
io.eventuate.common	eventuate-common-micronaut-in-memory-database	0.17.0.RELEASE	-	6738633aedc2959b28abae99a409c705815f3077
io.eventuate.common	eventuate-common-micronaut-in-memory-database	0.18.0.RELEASE	-	2959e07b567211a311d3eed3c3eaf21822eb68df
io.eventuate.common	eventuate-common-micronaut-in-memory-database	0.19.0.RELEASE	-	a4009c4af66b0341477e9c95ad178d30d51edc89
io.eventuate.common	eventuate-common-micronaut-in-memory-database	0.20.0.RELEASE	-	8dff57eab1bb3c52ab9b580ffc5cad0af332ceec
io.eventuate.tram.core	eventuate-tram-integration-test-common	0.27.0.RELEASE	-	6a5a42a49665003a692bfd1498b0ae55cc54e931
io.eventuate.tram.core	eventuate-tram-integration-test-common	0.28.0.RELEASE	-	f4a9cd6a7fc783a03f312a00e50b7ec369fea396
io.eventuate.tram.core	eventuate-tram-integration-test-common	0.29.0.RELEASE	-	cca606c5a5480d1c5e0479f92c81e3f25585d0f6
io.eventuate.tram.core	eventuate-tram-integration-test-common	0.30.0.RELEASE	-	c8ea1d4ca2db5d0173470175343195e011a91d4b
io.eventuate.tram.core	eventuate-tram-integration-test-common	0.31.0.RELEASE	-	73f31e327bb8fb7fda3b3f463d0c86bda851c842
io.eventuate.tram.core	eventuate-tram-integration-test-common	0.32.0.RELEASE	-	2686eecc6dbe62aab887a56bb4111760907745ee
io.eventuate.tram.core	eventuate-tram-integration-test-common	0.33.0.RELEASE	-	be2a7f05b42908b96c4ac3f3c34939fdc8d0ba52
io.eventuate.tram.core	eventuate-tram-integration-test-common	0.34.0.RELEASE	-	d6760b019369a6744141324f0cfc837445635e03
io.eventuate.tram.core	eventuate-tram-integration-test-common	0.35.0.RELEASE	-	be68693e979a1bf9ed403da3fd75d46dc5bf2959
io.eventuate.tram.core	eventuate-tram-integration-test-common	0.36.0.RELEASE	-	ee57f27e4d484ba8e0a2842e987247c4e75bf949
io.fabric8	fabric8-jbpm-workitems	2.0.39	-	1e29c2428a61b37f375e710d4cb878e3e507f858
io.fabric8	fabric8-jbpm-workitems	2.0.40	-	dabe51c08bf9940a9e69c1e78b0a54c495bfb4ea
io.fabric8	fabric8-jbpm-workitems	2.0.41	-	6e8b31ca4eebc3c26327275d1adb392ce1605fb2
io.fabric8	fabric8-jbpm-workitems	2.0.42	-	24d7315dfa66e43eac82db16761da4026647b356
io.fabric8	fabric8-jbpm-workitems	2.0.43	-	02dd7e389e778c0a11ff8f8dc1cb764b384d07d0
io.fabric8	fabric8-jbpm-workitems	2.0.44	-	fa5fe2b6a65817e7b7086720b78582b16adfa0b8
io.fabric8	fabric8-jbpm-workitems	2.0.45	-	3543c87eae04a51ff7a77758e438b59b60ed59da
io.fabric8	fabric8-jbpm-workitems	2.0.46	-	3506a0f58a7f599d21e9794d566c48dc3a249b19
io.fabric8	fabric8-jbpm-workitems	2.0.47	-	9552a89f0890723ef33433b6dbbf4fc5566bb8da
io.fabric8	fabric8-jbpm-workitems	2.0.48	-	91c06d2bade40f345524a1fd006f6b96a7314586
io.fabric8	fabric8-jbpm-workitems	2.1.0	-	56fa0fdbef5de807563300525beabe3698669324
io.fabric8	fabric8-jbpm-workitems	2.1.1	-	b2aee96dc83bb0314f9f79aa218ae63bd720de41
io.fabric8	fabric8-jbpm-workitems	2.1.10	-	f737172066dd6baaceeb40d6c6d7644f84f9cf93
io.fabric8	fabric8-jbpm-workitems	2.1.11	-	7a31db3d5fd2929acaa2bd2cb38403e9f3ad6a1c
io.fabric8	fabric8-jbpm-workitems	2.1.2	-	b1f17abdb878330b5b7adad837f351bcf52e5482
io.fabric8	fabric8-jbpm-workitems	2.1.3	-	d9dc4305d673ae6a246d933d3f2911842e6f7125
io.fabric8	fabric8-jbpm-workitems	2.1.4	-	1808c4b01863d46f2ddbab9acf38bb90126ebcb1
io.fabric8	fabric8-jbpm-workitems	2.1.5	-	1609299158034c4b65a6a469c0bd487204f74c57
io.fabric8	fabric8-jbpm-workitems	2.1.6	-	e758d80a7a1c113643d81e300e2010c449c44ea4
io.fabric8	fabric8-jbpm-workitems	2.1.7	-	c6f66666420783b09f57ad380bb64b3b698d2b91
io.fabric8	fabric8-jbpm-workitems	2.1.8	-	d0568e38fd0f25a3f9f1a9c415c0e5b8bc06222c
io.fabric8	fabric8-jbpm-workitems	2.1.9	-	a0ca4ec33bb8bac953523213227dd24b807b01f0
io.fabric8	fabric8-jbpm-workitems	2.2.0	-	01ae8544d264fb7fe0d65941a3f6d972f57a89e6
io.fabric8	fabric8-jbpm-workitems	2.2.1	-	a41586f3506b99e0a2faa77791e5e1edf528c8bc
io.fabric8	fabric8-jbpm-workitems	2.2.10	-	edfc7b9a88619b5d62f7ee20534c9d530f5c2fda
io.fabric8	fabric8-jbpm-workitems	2.2.11	-	e10b030450b509fd54439d13b60b71159de72da3
io.fabric8	fabric8-jbpm-workitems	2.2.12	-	d7ea11578caafbe5322b6e392728add7992c71b2
io.fabric8	fabric8-jbpm-workitems	2.2.14	-	8ef00a721281df35df2eef76b6edba38c00cfae3
io.fabric8	fabric8-jbpm-workitems	2.2.15	-	7d5813d0fab29b6380343f395a9fb6a060f55db9
io.fabric8	fabric8-jbpm-workitems	2.2.16	-	971efce7ae74ff9c53fa1e30710b6c36823af9b2
io.fabric8	fabric8-jbpm-workitems	2.2.17	-	8378742f1da874e272dc6f467c67a0082d60ea96
io.fabric8	fabric8-jbpm-workitems	2.2.18	-	d15d3a303f6973a5f43e5811627d6c080fac4bf8
io.fabric8	fabric8-jbpm-workitems	2.2.19	-	6ee0f58247a3c5a01af7b6d0b43119d5d919d07c
io.fabric8	fabric8-jbpm-workitems	2.2.2	-	8b4e457bea61877c6a06d6e002a038e4d840ec0f
io.fabric8	fabric8-jbpm-workitems	2.2.20	-	766cd9a60b0360e37e523833a3e04d749e6c9ccf
io.fabric8	fabric8-jbpm-workitems	2.2.21	-	43eac3fae91abbe902589dd4637746b44ff0bb51
io.fabric8	fabric8-jbpm-workitems	2.2.22	-	41aaa8d36ce5ed230930b4ab9fb0877762ea0485
io.fabric8	fabric8-jbpm-workitems	2.2.23	-	f81fabf49d664c3185a5e80c8583b65d799c2575
io.fabric8	fabric8-jbpm-workitems	2.2.24	-	5df5860647c2d598ef9e735acb4994bad3f0c36d
io.fabric8	fabric8-jbpm-workitems	2.2.26	-	8005a71a04d20f6d4e470319cb6880bbd11bee0c
io.fabric8	fabric8-jbpm-workitems	2.2.27	-	2ff6d09253a1f59100963058db48d9c2446e018e
io.fabric8	fabric8-jbpm-workitems	2.2.28	-	110f6b3b9e8b57ff6561cdd1acea18ff5861079c
io.fabric8	fabric8-jbpm-workitems	2.2.29	-	460b3f8d7b2721c6dc109f76a095724e96d17e9d
io.fabric8	fabric8-jbpm-workitems	2.2.3	-	80397bf780bae74ce70bd150f6a4ac86b77fc230
io.fabric8	fabric8-jbpm-workitems	2.2.30	-	19b9829bd483b828ff78348b8f2a8464e606be58
io.fabric8	fabric8-jbpm-workitems	2.2.31	-	9751e3fa081b98c86c8d158b1274a6609401ce35
io.fabric8	fabric8-jbpm-workitems	2.2.32	-	8a40bd53820379fcd3c676aa91a9eacde19f4534
io.fabric8	fabric8-jbpm-workitems	2.2.33	-	4a6c8e5b79ac32fcbb8b2c164142f86b791e52e9
io.fabric8	fabric8-jbpm-workitems	2.2.34	-	6fc56166bf2f201136569ef5c6b01fde8caf3190
io.fabric8	fabric8-jbpm-workitems	2.2.35	-	a948f841b503b097c200d0e498a07ffdda6da347
io.fabric8	fabric8-jbpm-workitems	2.2.36	-	39cfa6eaa5bd61e51eb8de3db07b3d9bdd2fcc58
io.fabric8	fabric8-jbpm-workitems	2.2.37	-	07c384ba18def04bd339c84ab6930614b9b7ce88
io.fabric8	fabric8-jbpm-workitems	2.2.38	-	cc42783594fc5b284d07533e8770dbebde2cfb44
io.fabric8	fabric8-jbpm-workitems	2.2.39	-	8e21fc18202695c6de07300fef3884cd81fe165c
io.fabric8	fabric8-jbpm-workitems	2.2.4	-	91633e8afb31ce3c5a48e701ce0a615aa10bba38
io.fabric8	fabric8-jbpm-workitems	2.2.40	-	2cf9d46d9ec0a1b774da7437100ca43feb19ab26
io.fabric8	fabric8-jbpm-workitems	2.2.41	-	16043df34996c1615612c1094d5aec86b936e22a
io.fabric8	fabric8-jbpm-workitems	2.2.42	-	75c572ce6a802567e4a1ac698d69797425220b15
io.fabric8	fabric8-jbpm-workitems	2.2.43	-	c6db5022f033907cf9888398c21f2e8e61519ada
io.fabric8	fabric8-jbpm-workitems	2.2.45	-	6510a5242c8acceefb9fe25058d55916d3b5a932
io.fabric8	fabric8-jbpm-workitems	2.2.46	-	3c314a1f44a5bd3ac0de2fc7c4393a7e8897dd9d
io.fabric8	fabric8-jbpm-workitems	2.2.47	-	9460c13a35bf8b936c0d6ab44b3f269ddcbd0e39
io.fabric8	fabric8-jbpm-workitems	2.2.5	-	29f607be894c3df9b41fbd45f6706176196f7e66
io.fabric8	fabric8-jbpm-workitems	2.2.6	-	cfa44802ae0ae8d85eb20679c3cf21d8ae6ed919
io.fabric8	fabric8-jbpm-workitems	2.2.7	-	8330c112881abf4dfbe06996c3be5ba1211fb4ee
io.fabric8	fabric8-jbpm-workitems	2.2.8	-	4825d3e873f823649d0aa39170fae0feb4621946
io.fabric8	fabric8-jbpm-workitems	2.2.9	-	6bb66ce7d453a6290c7adb8d471cf8ced8e728de
io.fabric8.funktion.connector	connector-aws-ddb	1.1.20	-	750c3a60c57b4d7cb6da4e21f42f532f1d5fc980
io.fabric8.funktion.connector	connector-aws-ddb	1.1.21	-	8e8e2558a6ce460cac9f81f12a2efafce06e0b5b
io.fabric8.funktion.connector	connector-aws-ddb	1.1.22	-	8046498dba89fa9444c5bb6c8aae8cbfd15bb6c2
io.fabric8.funktion.connector	connector-aws-ddb	1.1.23	-	134ab9140267764c55e02a2512240e585a392020
io.fabric8.funktion.connector	connector-aws-ddb	1.1.24	-	46e095a0a20610dc3cf1b3128adb10ac1db72514
io.fabric8.funktion.connector	connector-aws-ddb	1.1.27	-	21e64ae022771934ce80ae1d726a85d93c078a1a
io.fabric8.funktion.connector	connector-aws-ddb	1.1.28	-	9e329351b2c8ea536b7eb2b2affe8897c027dcb8
io.fabric8.funktion.connector	connector-aws-ddb	1.1.29	-	cb0d4c797f3c8f24ce6ce2bd04d71138357e105d
io.fabric8.funktion.connector	connector-aws-ddb	1.1.30	-	890b08843740bea7cf48b97d90f606db42ef50f2
io.fabric8.funktion.connector	connector-aws-ddb	1.1.31	-	d58fc879d7675c35fa8332745ba0d1728068139c
io.fabric8.funktion.connector	connector-aws-ddb	1.1.36	-	9f27163009c342254d10563de66fc0bd8cc5a054
io.fabric8.funktion.connector	connector-aws-ddb	1.1.37	-	cc7a2cc8a0d1eb551118fbf37fb2c2d0c6ffc92d
io.fabric8.funktion.connector	connector-aws-ddb	1.1.39	-	bba5ab3928694378b11036e5e3404f2cffe5577c
io.fabric8.funktion.connector	connector-aws-ddb	1.1.41	-	8305dbc4e5f6e7df5e693b2fec91ed431a8bbe25
io.fabric8.funktion.connector	connector-aws-ddb	1.1.42	-	d88d49c57b4cab484922d2fb61665971beae94fc
io.fabric8.funktion.connector	connector-aws-ddb	1.1.44	-	b6d4dda3f9154fc3badb4ef59d6e474f1cc63ce9
io.fabric8.funktion.connector	connector-aws-ddb	1.1.53	-	9307dd0da1727521a2fd11efadada103f226a0bb
io.fabric8.funktion.connector	connector-aws-ddb	1.1.55	-	627e206237629ececde3b61b753ae8151ab9bf65
io.fabric8.funktion.connector	connector-aws-ddb	1.1.9	-	d52e64ac6e3c50f8c3ed0b4b21d86b11faf7b1c1
io.frees	frees-rpc-prometheus-client_2.11	0.10.0	-	3f48a5004921e03d5b4cd2e09431cf13449e768b
io.frees	frees-rpc-prometheus-client_2.11	0.11.0	-	4c8235c99e1b242dc05469c7ba23b7112c8623fb
io.frees	frees-rpc-prometheus-client_2.11	0.11.1	-	09694750d1de50c240b37fcfec32177807cf9843
io.frees	frees-rpc-prometheus-client_2.11	0.12.0	-	59ddb8e73c12e40ce6ca57e8a3dbd6e2c2ac7260
io.frees	frees-rpc-prometheus-client_2.11	0.13.0	-	f4c529842c7711b362382b898def5820affa5d06
io.frees	frees-rpc-prometheus-client_2.11	0.13.1	-	68fbcb5530d7735fe5baaacbdc8130ef85eb4925
io.frees	frees-rpc-prometheus-client_2.11	0.13.2	-	fd0cc95b4b646e5ccdd7817bc92ad5abdabb6a78
io.frees	frees-rpc-prometheus-client_2.11	0.13.3	-	7249f811e1f67831c3e18286b442e150460ad2ee
io.frees	frees-rpc-prometheus-client_2.11	0.13.4	-	00639bf789e4733037133b2eecb0f9b153c7360a
io.frees	frees-rpc-prometheus-client_2.11	0.13.5	-	1172ca87a7f13a3e26a8226206f37127d84eeacd
io.frees	frees-rpc-prometheus-client_2.11	0.13.6	-	f7ce61880965ebb465dd9e6647d6adb32ab48bcc
io.frees	frees-rpc-prometheus-client_2.11	0.13.7	-	a1413edb9f780d48a278e60c8deca08c6ef3ea5a
io.frees	frees-rpc-prometheus-client_2.11	0.14.0	-	4e664c6e1c4b1b8bfa5bbe9e88fcc2d1bea83921
io.frees	frees-rpc-prometheus-client_2.11	0.14.1	-	156b9ef5ced43c1a6cacb3346e26489d191e0d5c
io.frees	frees-rpc-prometheus-client_2.11	0.15.0	-	bccbc11affe2749c7f01d56942a4b912e07fd9b8
io.frees	frees-rpc-prometheus-client_2.11	0.15.1	-	e6d72bf994cb54ec46035b5fc94fa7b49de0431c
io.get-coursier	cli-tests_2.13	2.1.10	-	5ac78bc410028aaceb2245cb3f488e60fba0a3ba
io.get-coursier	cli-tests_2.13	2.1.11	-	fd51980059faf9825e8041cc834d810a4c05a5ea
io.get-coursier	cli-tests_2.13	2.1.12	-	78a6bc3f80bc4bfcdc97a9b1c9acbd10948cbe6d
io.get-coursier	cli-tests_2.13	2.1.13	-	038f37a4bf5bdf5419defd13921d0e1a3e08edbf
io.get-coursier	cli-tests_2.13	2.1.14	-	6de44bf48b9dd564cb51bb9d7a6b3a57a32cf805
io.get-coursier	cli-tests_2.13	2.1.15	-	3a053d121091b9d3a974c5d815ec44be9d9b5d66
io.get-coursier	cli-tests_2.13	2.1.16	-	522e324ce640c00accf9a00d98cda4d74c4f0efc
io.get-coursier	cli-tests_2.13	2.1.17	-	6273d59714c7309fa40cff3dcdc6b710c91c1afc
io.get-coursier	cli-tests_2.13	2.1.18	-	c2781fa3d4be26356c4472d76e8f73e2df29033b
io.get-coursier	cli-tests_2.13	2.1.19	-	d6ed5fba20bade71c96429044a9bb1ddc296bfbd
io.get-coursier	cli-tests_2.13	2.1.20	-	98047e1150fb5a0e4b42c4c578f4d42784c86058
io.get-coursier	cli-tests_2.13	2.1.21	-	8b08c56ff28f57717ef9e4b280529dd9819bc47a
io.get-coursier	cli-tests_2.13	2.1.22	-	0710dd64d2e0eeb5cf7a5eb4368817fc416e8a78
io.get-coursier	cli-tests_2.13	2.1.23	-	c9888ee2efd5b75e6bf1ff95d45bc0edec658051
io.get-coursier	cli-tests_2.13	2.1.24	-	ba432d18cfe034aef46b9f22ac30da5e9dc889ad
io.get-coursier	cli-tests_2.13	2.1.25-M1	-	c3682599256660262a32fad30c74624e3906ac74
io.get-coursier	cli-tests_2.13	2.1.7	-	45c973c87484f1c2ee12639faa65f116c825641b
io.get-coursier	cli-tests_2.13	2.1.8	-	dd87c8478a3af578d51f00bf4ea8a157a3f5e8b8
io.get-coursier	cli-tests_2.13	2.1.9	-	68fe7c7f91235e93d12ccabd10ddd2e75debfda1
io.github.VladimirSergeevichFedorov	shared-iossimulatorarm64	1.0.2	1.0.2-metadata	fc06696e5c9d1f16938f5928d75f6486a96c36eb
io.github.VladimirSergeevichFedorov	shared-iossimulatorarm64	1.0.3	1.0.3-metadata	2ac58b3adfa184a98616bc0b1415f8f7d905647b
io.github.VladimirSergeevichFedorov	shared-iossimulatorarm64	1.0.4	1.0.4-metadata	b301d2cb1fd1772d3aad4dede8c38527f6a53457
io.github.VladimirSergeevichFedorov	shared-iossimulatorarm64	1.0.5	1.0.5-metadata	ce5df08abf989d6a49492f9f91c5de51e4690c36
io.github.VladimirSergeevichFedorov	shared-iossimulatorarm64	1.0.6	1.0.6-metadata	0b30c2c2b72324b10b20713d533de24c5ed24fe4
io.github.VladimirSergeevichFedorov	shared-iossimulatorarm64	1.0.7	1.0.7-metadata	17f07edec7c0062c1e924ef97c17c38f8da55a7b
io.github.VladimirSergeevichFedorov	shared-iossimulatorarm64	1.0.8	1.0.8-metadata	abe3e658c77ca85b9441b431d25615dc945146ee
io.github.almogtavor	pojo-analyzer	1.0.0	-	f9d0c0815a2522db10641354ccf2aa3413d75a2c
io.github.almogtavor	pojo-analyzer	1.1.0	-	46be97a8a3ee512fed25e3cf443ea34936e987b5
io.github.almogtavor	pojo-analyzer	1.2.0	-	ab1a531fa3d90694407fea1fd603a9917a26bb5b
io.github.almogtavor	pojo-analyzer	1.3.0	-	aceb9114c0a716fa2c19e153b9fdef618f0752fd
io.github.assist-iot-sripas	pekko-mqtt-wrapper_2.13	4.0.0-RC1	-	1d6aa10c7cac4c8644ae02bd9b5530c1a3fd2768
io.github.beksar1998	kmm-architecture-domain-iosx64	0.0.1	0.0.1-metadata	7327ed6b64e1019218de7e88f24eaa9abeade803
io.github.beksar1998	kmm-architecture-domain-iosx64	0.0.2	0.0.2-metadata	396c92152e860ec1c0879f5316f39c4e255bfdd6
io.github.beksar1998	kmm-architecture-domain-iosx64	0.0.3	0.0.3-metadata	358964fb6996741f61972184b18103ccb01f5660
io.github.bigwg	easy-spring-test	1.0.0	-	f194806d48ea766ae133b4cb1ead77efcbedd900
io.github.bigwg	easy-spring-test	1.0.1	-	9626df077a68f947f55c3dcdc262efac3c2c7136
io.github.bigwg	easy-spring-test	1.0.3	-	575cb0fea17a1ddec2d9c30df03ed1bef362c38e
io.github.cloudiator.sword	remote	0.1.0	-	1956289c58a0b9180fd9c434225b20bb06594d39
io.github.davidgregory084	vertices-mail-client_2.13	0.1.0	-	ccbebb9921b2f6e3dda0b0d35d706b6520e4d805
io.github.davidgregory084	vertices-mail-client_2.13	0.1.1	-	83a6e834c9dabccf1b16598cf621fd775ec789a9
io.github.davidgregory084	vertices-mail-client_2.13	0.1.2	-	d7819aa85a8169075559422518fd60b9600985dc
io.github.dmitriy1892.kmp.libs.mvi	core-iosx64	0.0.1	0.0.1-metadata	5b1bcd93d282d317209a22ddbbc477cd0e0d9ec6
io.github.epi155	emsql-maven-plugin	0.1-A1	-	b8506b98791bdd2747dafe368a09add1a8646b31
io.github.epi155	emsql-maven-plugin	0.1-A2	-	e2a79da3f898f10cb55b6d792d2fb5f2183170ec
io.github.epi155	emsql-maven-plugin	0.1-A3	-	fd4dec92993be645b3f21953ed8f55e5ad409a1c
io.github.epi155	emsql-maven-plugin	0.1-A4	-	b3db2850f75fe6de3377c2a5e972671b74048fd0
io.github.epi155	emsql-maven-plugin	0.1-B1	-	0e36bb24e99c8bcc5a9c4600d0ac3b26d8b9d2b9
io.github.epi155	emsql-maven-plugin	0.1-RC1	-	4e72a882d4942d8485b55530a2ce10a06ca7fb18
io.github.epi155	emsql-maven-plugin	0.1-RC2	-	16faa01070df20d45ce95a19f2a1f6eb4482176f
io.github.epi155	emsql-maven-plugin	1.0.0	-	4d76bafc22ad7a2e80db0fefd8a3ddc452c29bfc
io.github.epi155	emsql-maven-plugin	1.0.1	-	7b6a011b7bc917511f45ac51433d74386d5aacbf
io.github.funkatronics	web3kt-jvm	0.1.0	-	04c6c0eccb15a6ece64e4d49924aa9ee68b10ecc
io.github.funkatronics	web3kt-jvm	0.1.1	-	04c6c0eccb15a6ece64e4d49924aa9ee68b10ecc
io.github.genaku.reduce	reduce-iosx64	1.0	1.0-metadata	d79e9e5c6611cc784e556248dc48b03aafd7ff9f
io.github.harvies.charon	charon-elasticsearch-spring-boot-starter	0.0.6	-	5ea7951aea0508aa9c53fceeb2b1cd5e8447e78d
io.github.harvies.charon	charon-elasticsearch-spring-boot-starter	0.0.7	-	5fe636a79b76316f0acba0ac3bd23365ad0b95b2
io.github.harvies.charon	charon-elasticsearch-spring-boot-starter	0.0.8	-	7e94bc065426c2b6660cb6b3c9a407dcc6fa3b48
io.github.jan-tennert.supabase	realtime-kt-iosx64	0.8.0-beta-2-ios	0.8.0-beta-2-ios-metadata	5775eb292d924468a8eb39dcb53445c5e696bb99
io.github.jan-tennert.supabase	realtime-kt-iosx64	0.8.0-ios	0.8.0-ios-metadata	e03148a5e5ef1b669e02bbb5df33fee2ed143f62
io.github.jan-tennert.supabase	realtime-kt-iosx64	0.8.4-ios	0.8.4-ios-metadata	5fe1454859636830718b4c5929cacf08d662610a
io.github.jan-tennert.supabase	realtime-kt-iosx64	0.8.4-ios-2	0.8.4-ios-2-metadata	00cf20e0637d68c712cb2338cc90d7ef109f6858
io.github.jan-tennert.supabase	realtime-kt-iosx64	0.8.5-ios	0.8.5-ios-metadata	888ee9b4bc0c155eee86d2b32c9fcb79ac152388
io.github.jan-tennert.supabase	realtime-kt-iosx64	0.9.0	0.9.0-metadata	d0b3b20bdc9533f854c7301599ffd75aa4fba944
io.github.jan-tennert.supabase	realtime-kt-iosx64	0.9.0-beta-1	0.9.0-beta-1-metadata	bf1ff289f6335039e2a54fca569b65b4ae7516c5
io.github.jan-tennert.supabase	realtime-kt-iosx64	0.9.0-beta-2	0.9.0-beta-2-metadata	2faee7bd529aaa56c367ba0bb1a6a0f18cba83d4
io.github.jan-tennert.supabase	realtime-kt-iosx64	0.9.0-beta-3	0.9.0-beta-3-metadata	be53604b2a729c796591fbb56751964326370f60
io.github.jan-tennert.supabase	realtime-kt-iosx64	0.9.0-beta-4	0.9.0-beta-4-metadata	30fd18df9916e1c24cf6e94a8041030458554617
io.github.jan-tennert.supabase	realtime-kt-iosx64	0.9.0-dev-1	0.9.0-dev-1-metadata	21d28b46cc9619f4431affe62c9288751453b1c1
io.github.jan-tennert.supabase	realtime-kt-iosx64	0.9.0-dev-2	0.9.0-dev-2-metadata	abfa9fd94023919a666f6dd205e98c5837f51514
io.github.jan-tennert.supabase	realtime-kt-iosx64	0.9.0-rc-1	0.9.0-rc-1-metadata	09775d86af71c07782f3452acd03bd226a675087
io.github.jan-tennert.supabase	realtime-kt-iosx64	0.9.1	0.9.1-metadata	b2f5d774e9dfd04e965eb1ab1a1ee7fec82242e7
io.github.jan-tennert.supabase	realtime-kt-iosx64	0.9.2	0.9.2-metadata	02acc1186607d6cf4c58912b17f1254dcb5b4823
io.github.jan-tennert.supabase	realtime-kt-iosx64	0.9.2-dev	0.9.2-dev-metadata	c1088c6d47c41dfea7ff7a5585f55b614ba2f439
io.github.jan-tennert.supabase	realtime-kt-iosx64	0.9.3	0.9.3-metadata	c385fabe8a2466db0bd33572d770c666760b7552
io.github.jan-tennert.supabase	realtime-kt-iosx64	0.9.4	0.9.4-metadata	798875a3979ec6c46aeccc10c78b3fc11d015072
io.github.jan-tennert.supabase	realtime-kt-iosx64	0.9.4-dev-1	0.9.4-dev-1-metadata	1de83a766f8a975973817d029d977d3fdf5777b5
io.github.jan-tennert.supabase	realtime-kt-iosx64	0.9.4-dev-2	0.9.4-dev-2-metadata	eae06be28538441fcf654dc965dbd3d8bd44340a
io.github.jan-tennert.supabase	realtime-kt-iosx64	0.9.5	0.9.5-metadata	ff6f340338db37445e9d0a6f15dee1b30d484dac
io.github.jan-tennert.supabase	realtime-kt-iosx64	0.9.5-dev-1	0.9.5-dev-1-metadata	f5f7b3e67ea8b6d857ccf0b5f4c60c462341fd06
io.github.jan-tennert.supabase	realtime-kt-iosx64	1.0.0	1.0.0-metadata	0ed57cc1715ab7a3888320dc3a9f02a106334991
io.github.jan-tennert.supabase	realtime-kt-iosx64	1.0.0-alpha-1	1.0.0-alpha-1-metadata	8b9fb306fc7af3d771e312c848146859a264dff0
io.github.jan-tennert.supabase	realtime-kt-iosx64	1.0.0-alpha-2	1.0.0-alpha-2-metadata	198703605b4b45f103a6497b5ce26cff550c9839
io.github.jan-tennert.supabase	realtime-kt-iosx64	1.0.0-alpha-3	1.0.0-alpha-3-metadata	d6e4480b64eee07f21b6e41cb923e9abf3112ec4
io.github.jan-tennert.supabase	realtime-kt-iosx64	1.0.0-alpha-4	1.0.0-alpha-4-metadata	db0fd8f49199946d8d5562a9a6082069d24a2abe
io.github.jan-tennert.supabase	realtime-kt-iosx64	1.0.0-alpha-5	1.0.0-alpha-5-metadata	a0cc0105c7bb23d90274d7fec2ad35fb1ca76216
io.github.jan-tennert.supabase	realtime-kt-iosx64	1.0.0-beta-1	1.0.0-beta-1-metadata	bc13653076e04f5a4328c466ee8d7ade06fca3b2
io.github.jan-tennert.supabase	realtime-kt-iosx64	1.0.0-rc-1	1.0.0-rc-1-metadata	9c5cd085623b1edadac036e402a410cb3e9ad6ef
io.github.jan-tennert.supabase	realtime-kt-iosx64	1.0.0-rc-2	1.0.0-rc-2-metadata	68c8b419c41ccaf52033a93beb89b33864ab7949
io.github.jan-tennert.supabase	realtime-kt-iosx64	1.0.1	1.0.1-metadata	8db0aab9a3f00b79c4ed4607ad542c94aed24a0b
io.github.jan-tennert.supabase	realtime-kt-iosx64	1.0.2	1.0.2-metadata	77fbcc510b0a929907303ceba89abcceb299b5c3
io.github.jan-tennert.supabase	realtime-kt-iosx64	1.0.3	1.0.3-metadata	4183e60ffd3f6ea29ae881935febbce89213d2b9
io.github.jan-tennert.supabase	realtime-kt-iosx64	1.0.3-dev	1.0.3-dev-metadata	025a3458a946db421fdb01e85b883ad6128160e8
io.github.jan-tennert.supabase	realtime-kt-iosx64	1.0.4	1.0.4-metadata	160d92b4ae64877d1dc387f9a88da16e797fbd3c
io.github.jan-tennert.supabase	realtime-kt-iosx64	1.0.4-dev	1.0.4-dev-metadata	b87a87b02fbbcc80000ad2552cc93430af592f34
io.github.jan-tennert.supabase	realtime-kt-iosx64	1.1.0	1.1.0-metadata	579c0de479e7b7b23e2e026d6286c1f9c8e23bb9
io.github.jan-tennert.supabase	realtime-kt-iosx64	1.1.0-alpha-1	1.1.0-alpha-1-metadata	763a6a241d85b9245376997483bdbe09ca57d66e
io.github.jan-tennert.supabase	realtime-kt-iosx64	1.1.0-beta-1	1.1.0-beta-1-metadata	904f396d271fbfb6d9f5eebdbb25d0c375209803
io.github.jan-tennert.supabase	realtime-kt-iosx64	1.1.0-beta-2	1.1.0-beta-2-metadata	c2364fd607c53a28d28408a7b4b4414c4fa7d0c5
io.github.jan-tennert.supabase	realtime-kt-iosx64	1.1.0-rc-1	1.1.0-rc-1-metadata	3b5eadd8f9e67a86bfa8abe40a804f74469f55af
io.github.jan-tennert.supabase	realtime-kt-iosx64	1.1.1	1.1.1-metadata	c148c3f8221270fc5e6bddaba115f0a7c59bd5c7
io.github.jan-tennert.supabase	realtime-kt-iosx64	1.1.1-dev	1.1.1-dev-metadata	744e65a97279d6bb1b29b7e75a643c6fc18c1056
io.github.jan-tennert.supabase	realtime-kt-iosx64	1.1.1-dev-2	1.1.1-dev-2-metadata	1e7bf97886d925e773fc1ff9195889438d497653
io.github.jan-tennert.supabase	realtime-kt-iosx64	1.2.0	1.2.0-metadata	be976113e8e381bc4256f92b62bad59b0496cc42
io.github.jan-tennert.supabase	realtime-kt-iosx64	1.2.0-alpha-1	1.2.0-alpha-1-metadata	d19a136e4500f2f953fa38a799227a88e70653c4
io.github.jan-tennert.supabase	realtime-kt-iosx64	1.2.0-alpha-2	1.2.0-alpha-2-metadata	762ff763b4e642311c2942aac6d589a4eed23ad9
io.github.jan-tennert.supabase	realtime-kt-iosx64	1.2.0-alpha-3	1.2.0-alpha-3-metadata	e86958835214fadd09e006b8c58c89b9d193e11a
io.github.jan-tennert.supabase	realtime-kt-iosx64	1.2.0-krollback	1.2.0-krollback-metadata	675c3569d7ce6f064addb32110c0389fc4c1b76c
io.github.jan-tennert.supabase	realtime-kt-iosx64	1.3.0	1.3.0-metadata	e52fbd9f179d20976c88f513db4639c4929063db
io.github.jan-tennert.supabase	realtime-kt-iosx64	1.3.0-alpha-1	1.3.0-alpha-1-metadata	f741b5790b2d729725eff855b6c0d1109a71a67c
io.github.jan-tennert.supabase	realtime-kt-iosx64	1.3.0-alpha-2	1.3.0-alpha-2-metadata	f9f666e1d09535a1db69e482eb3cd6f2e9b7ce52
io.github.jan-tennert.supabase	realtime-kt-iosx64	1.3.0-alpha-3	1.3.0-alpha-3-metadata	cb95adfe5b2c4a349b7dcd9103f31a3daa575427
io.github.jan-tennert.supabase	realtime-kt-iosx64	1.3.0-alpha-4	1.3.0-alpha-4-metadata	98f0c2069cc2bb808e18b3e37cf92f8437719ed1
io.github.jan-tennert.supabase	realtime-kt-iosx64	1.3.0-beta-1	1.3.0-beta-1-metadata	cffc6f73116e5518196ade1ee106bbcf82d37613
io.github.jan-tennert.supabase	realtime-kt-iosx64	1.3.0-beta-2	1.3.0-beta-2-metadata	c44ff4235c8e350837d25344ed11c9e476c7c20d
io.github.jan-tennert.supabase	realtime-kt-iosx64	1.3.0-rc-1	1.3.0-rc-1-metadata	050184d1cdf8a0428646551a3d8b239ae51bf22e
io.github.jan-tennert.supabase	realtime-kt-iosx64	1.3.0-rc-2	1.3.0-rc-2-metadata	bb621a3699ee3c488eca9947a25f1379a58e9c09
io.github.jan-tennert.supabase	realtime-kt-iosx64	1.3.1	1.3.1-metadata	b4a67838d58d0ec3b51f988c213a3d3cdc472d0f
io.github.jan-tennert.supabase	realtime-kt-iosx64	1.3.1-rollback	1.3.1-rollback-metadata	605b68f21ce1449cf18afdf5cd7c3929adbf0c78
io.github.jan-tennert.supabase	realtime-kt-iosx64	1.3.2	1.3.2-metadata	e1b6eb0a19da5833f38ba359edf7a2b9dacdd670
io.github.jan-tennert.supabase	realtime-kt-iosx64	1.3.2-dev-1	1.3.2-dev-1-metadata	284dd97d2f9fda22e7d0646d2266e59afadfc4a8
io.github.jan-tennert.supabase	realtime-kt-iosx64	1.3.2-k2	1.3.2-k2-metadata	36078b0577b82d62015536e4549fd2ff36e1dcdd
io.github.jan-tennert.supabase	realtime-kt-iosx64	1.3.2-no-port	1.3.2-no-port-metadata	1298845c8e7573470768749b600b6836f46f8973
io.github.jan-tennert.supabase	realtime-kt-iosx64	1.4.0	1.4.0-metadata	69afdde1d18c991b9cf7bd06551446b2c7aed092
io.github.jan-tennert.supabase	realtime-kt-iosx64	1.4.0-rc-1	1.4.0-rc-1-metadata	54df4e5e860a82162de5aa2fd6cf4f5b03398b9c
io.github.jan-tennert.supabase	realtime-kt-iosx64	1.4.1	1.4.1-metadata	88334eb0e9f1c23491af1c62c780c5981bdd4472
io.github.jan-tennert.supabase	realtime-kt-iosx64	1.4.1-rc-1	1.4.1-rc-1-metadata	655f72d4172ba27608720c6b1d371ebb205a38f6
io.github.jan-tennert.supabase	realtime-kt-iosx64	1.4.1-rc-2	1.4.1-rc-2-metadata	e1cc7fdc2dc64e1258b38cfcd1dc9fdecdfed3eb
io.github.jan-tennert.supabase	realtime-kt-iosx64	1.4.2	1.4.2-metadata	e19a5c02b9b51eee3d7976338a794aedd9737e71
io.github.jan-tennert.supabase	realtime-kt-iosx64	1.4.2-dev-1	1.4.2-dev-1-metadata	56801024ea2a02df403db3eda425eb900e2ebc22
io.github.jan-tennert.supabase	realtime-kt-iosx64	1.4.3	1.4.3-metadata	b7cb9e2c32a38ee45e5b0fe3b9adbdc23735cda6
io.github.jan-tennert.supabase	realtime-kt-iosx64	1.4.4	1.4.4-metadata	5d675b6777937252e5de4826240ac3b6712bac7b
io.github.jan-tennert.supabase	realtime-kt-iosx64	1.4.5	1.4.5-metadata	1796d5f01e32953e09a68fd4c3284592e073ddf5
io.github.jan-tennert.supabase	realtime-kt-iosx64	1.4.6	1.4.6-metadata	b1cfd0030efd9c1edf23e7f99dec613fe667cf41
io.github.jan-tennert.supabase	realtime-kt-iosx64	1.4.6-dev-1	1.4.6-dev-1-metadata	63761e6bbaa314d7f3c4b0b97dfaa6ce7aac4c3d
io.github.jan-tennert.supabase	realtime-kt-iosx64	1.4.7	1.4.7-metadata	c7bbc374349c0d15afded8b7cc8e238cfe15bbf7
io.github.jan-tennert.supabase	realtime-kt-iosx64	1.4.7-dev-1	1.4.7-dev-1-metadata	6204566df6f57a5aa72e8dbe2827f744855fa5e6
io.github.jan-tennert.supabase	realtime-kt-iosx64	1.5.0-alpha-1	1.5.0-alpha-1-metadata	23cfed07a00ac01fe4992758e42f2154a8868b49
io.github.jan-tennert.supabase	realtime-kt-iosx64	1.5.0-dev-1	1.5.0-dev-1-metadata	a9e792f8e74a4a8a29170b77a36f8c71d8b8c08a
io.github.jan-tennert.supabase	realtime-kt-iosx64	2.0.0	2.0.0-metadata	c004d72686dff79768db42092839d587d7095a1a
io.github.jan-tennert.supabase	realtime-kt-iosx64	2.0.0-alpha-1	2.0.0-alpha-1-metadata	c4f4d6ddb074ea0cc58990ce233ef7ff3e305c84
io.github.jan-tennert.supabase	realtime-kt-iosx64	2.0.0-alpha-2	2.0.0-alpha-2-metadata	e95bceeb5290fc143581337dd56229da4f8c7009
io.github.jan-tennert.supabase	realtime-kt-iosx64	2.0.0-beta-1	2.0.0-beta-1-metadata	9b3869b1403684e249cf641afb2483ab7d74afee
io.github.jan-tennert.supabase	realtime-kt-iosx64	2.0.0-beta-2	2.0.0-beta-2-metadata	ed93d629b31eec8ce591eca49cb4eea1498f68eb
io.github.jan-tennert.supabase	realtime-kt-iosx64	2.0.0-rc-1	2.0.0-rc-1-metadata	1d35e7bb86b9b69370399843e9249cde2e14f2de
io.github.jan-tennert.supabase	realtime-kt-iosx64	2.0.1	2.0.1-metadata	dc2f7e6d3b2dbeb8c94cbc6a06f9b2aab90533a1
io.github.jan-tennert.supabase	realtime-kt-iosx64	2.0.2	2.0.2-metadata	1b2bc625eb4738d9ebc3e3ed0d6af3e66a84b21a
io.github.jan-tennert.supabase	realtime-kt-iosx64	2.0.2-dev	2.0.2-dev-metadata	f0ca8ea6803ad16a2ee7fdee1f8e84293ba8d1fa
io.github.jan-tennert.supabase	realtime-kt-iosx64	2.0.2-wasm0	2.0.2-wasm0-metadata	a281535ca43e689fbf3f15839f98a9558addd135
io.github.jan-tennert.supabase	realtime-kt-iosx64	2.0.3	2.0.3-metadata	04989cc409af7c7281f18c21c1d5985f17b459bd
io.github.jan-tennert.supabase	realtime-kt-iosx64	2.0.3-dev	2.0.3-dev-metadata	12bec34de9b0326cbaeca5f3c4f1b098aad0a012
io.github.jan-tennert.supabase	realtime-kt-iosx64	2.0.3-wasm0	2.0.3-wasm0-metadata	e2aba06d02dd33466f3abf958ba3483f9de0785d
io.github.jan-tennert.supabase	realtime-kt-iosx64	2.0.4	2.0.4-metadata	14a2d3518212d965e14d6ec461f960f17abdaa1c
io.github.jan-tennert.supabase	realtime-kt-iosx64	2.0.4-wasm0	2.0.4-wasm0-metadata	8b6d1441aec6c356e186b3246c6aa789a86fc11c
io.github.jan-tennert.supabase	realtime-kt-iosx64	2.1.0	2.1.0-metadata	9aea94c6a5b80b47f11390a7d04e962694fbb2c3
io.github.jan-tennert.supabase	realtime-kt-iosx64	2.1.0-alpha-1	2.1.0-alpha-1-metadata	9a9747602a9c0dc788285cd463e4fd1d03150696
io.github.jan-tennert.supabase	realtime-kt-iosx64	2.1.0-alpha-2	2.1.0-alpha-2-metadata	d05961af57e6719af3c4c56360a810f01e4785aa
io.github.jan-tennert.supabase	realtime-kt-iosx64	2.1.0-dev-1	2.1.0-dev-1-metadata	603ee669e07cf677c067d5fe2179b32ef7874994
io.github.jan-tennert.supabase	realtime-kt-iosx64	2.1.0-rc-1	2.1.0-rc-1-metadata	0a58a05cce658f57a52cba0ff508280ddfc0b6c2
io.github.jan-tennert.supabase	realtime-kt-iosx64	2.1.1	2.1.1-metadata	eb46c9c6374f2980f0bfce64736faa7f8bd6471d
io.github.jan-tennert.supabase	realtime-kt-iosx64	2.1.1-wasm0	2.1.1-wasm0-metadata	f10cfc4c510884908bb39352e74d2a7e0336b885
io.github.jan-tennert.supabase	realtime-kt-iosx64	2.1.2	2.1.2-metadata	a3bf4cb8ee6cded09f535c07762b8d698a7b8f68
io.github.jan-tennert.supabase	realtime-kt-iosx64	2.1.3	2.1.3-metadata	accfe478c87f039427f4906e4bc7c622ec93e944
io.github.jan-tennert.supabase	realtime-kt-iosx64	2.1.4	2.1.4-metadata	f0eab8ff248cff5cb45e69882295ca3d80c5d504
io.github.jan-tennert.supabase	realtime-kt-iosx64	2.1.4-dev	2.1.4-dev-metadata	60d984aa1c250be64863c920909ffb9b664e4eba
io.github.jan-tennert.supabase	realtime-kt-iosx64	2.1.5	2.1.5-metadata	dad8d49744d830fa430a63c2a792782bef7ebe9d
io.github.jan-tennert.supabase	realtime-kt-iosx64	2.1.6	2.1.6-metadata	843fa695eee88dbe0b019334f8f0e7b24aa20017
io.github.jan-tennert.supabase	realtime-kt-iosx64	2.1.6-dev	2.1.6-dev-metadata	d077e943633dc10cf62dcb1e26f9b81632368357
io.github.jan-tennert.supabase	realtime-kt-iosx64	2.2.0	2.2.0-metadata	4d801ffd04579e3ef1c425b6d019fa9449727b35
io.github.jan-tennert.supabase	realtime-kt-iosx64	2.2.0-alpha-1	2.2.0-alpha-1-metadata	04b29007d0e5b720a8d3e9131aa0bdc53702567f
io.github.jan-tennert.supabase	realtime-kt-iosx64	2.2.0-alpha-2	2.2.0-alpha-2-metadata	f71e893cf7a6cdd6d4a728f925b3fccee2adb78e
io.github.jan-tennert.supabase	realtime-kt-iosx64	2.2.0-coil3-dev1	2.2.0-coil3-dev1-metadata	18d2caeda862b7afc33ad9d832b03c87f5c80c25
io.github.jan-tennert.supabase	realtime-kt-iosx64	2.2.0-rc-1	2.2.0-rc-1-metadata	ee139023ec57183d83d0308908988f1f71fcf13b
io.github.jan-tennert.supabase	realtime-kt-iosx64	2.2.1	2.2.1-metadata	aea91aac93eb8208bb6762bec08c49120edc4c99
io.github.jan-tennert.supabase	realtime-kt-iosx64	2.2.2	2.2.2-metadata	1357ce90bd09b7159e10e756337eae7973c4c427
io.github.jan-tennert.supabase	realtime-kt-iosx64	2.2.2-wasm0	2.2.2-wasm0-metadata	e8430364cd5b5de598ce56fe4d9248840cfd42c8
io.github.jan-tennert.supabase	realtime-kt-iosx64	2.2.3	2.2.3-metadata	44a3329951d8b14d7848a1135840a7b28d2a3e12
io.github.jan-tennert.supabase	realtime-kt-iosx64	2.2.3-wasm0	2.2.3-wasm0-metadata	36bee88977aa1710536cd39f742b45ee0ff8bb82
io.github.jan-tennert.supabase	realtime-kt-iosx64	2.3.0	2.3.0-metadata	630087a9ba6616428b87edea46f49c2b1a37e441
io.github.jan-tennert.supabase	realtime-kt-iosx64	2.3.0-beta-1	2.3.0-beta-1-metadata	88b552b9c2c8e1f25c9f328da43086c5a2c3c8f8
io.github.jan-tennert.supabase	realtime-kt-iosx64	2.3.0-beta-2	2.3.0-beta-2-metadata	35c2c394ae8d747cebc1e9e02472c465fc333d4c
io.github.jan-tennert.supabase	realtime-kt-iosx64	2.3.0-coil3d1	2.3.0-coil3d1-metadata	4bcc2767ee5a0b99856fa1f40ebac4e0871bc2e2
io.github.jan-tennert.supabase	realtime-kt-iosx64	2.3.0-rc-1	2.3.0-rc-1-metadata	a72a1ea731dddcf06a5cff642ec656428d61fd78
io.github.jan-tennert.supabase	realtime-kt-iosx64	2.3.0-wasm0	2.3.0-wasm0-metadata	fe11f42f582c41611230fb41d01e42a5be0924e4
io.github.jan-tennert.supabase	realtime-kt-iosx64	2.3.1	2.3.1-metadata	9c9e8bc8343e69cc8386be5a62fe07f745f7cb69
io.github.jan-tennert.supabase	realtime-kt-iosx64	2.4.0	2.4.0-metadata	280e547b3b8ac78bb386e169f63a88569297450c
io.github.jan-tennert.supabase	realtime-kt-iosx64	2.4.0-beta-1	2.4.0-beta-1-metadata	9d30203aacd1c348bf3a67df2ef7e6ff627e97d5
io.github.jan-tennert.supabase	realtime-kt-iosx64	2.4.0-dev-1	2.4.0-dev-1-metadata	027bab357999ddbe92688fcab69d053158fc8f02
io.github.jan-tennert.supabase	realtime-kt-iosx64	2.4.0-rc-1	2.4.0-rc-1-metadata	672e7ad51bf98494d19aed124bfe4512bc5430f9
io.github.jan-tennert.supabase	realtime-kt-iosx64	2.4.1	2.4.1-metadata	ccb358c9d7f33f1ef9e2963e5d69061fc9ee6b8c
io.github.jan-tennert.supabase	realtime-kt-iosx64	2.4.1-dev	2.4.1-dev-metadata	76b969acc24bec4cee1f326b73d6ad62e3f92958
io.github.jan-tennert.supabase	realtime-kt-iosx64	2.4.1-wasm0	2.4.1-wasm0-metadata	d7be68b9a1bce39774fa1511af9592f5161ce827
io.github.jan-tennert.supabase	realtime-kt-iosx64	2.4.2	2.4.2-metadata	46ef2f54acae8888f0d9a54ecd02f986ecc3e60e
io.github.jan-tennert.supabase	realtime-kt-iosx64	2.4.3	2.4.3-metadata	f55827b433d4c1b6162b144d8f85607c76895df3
io.github.jan-tennert.supabase	realtime-kt-iosx64	2.5.0	2.5.0-metadata	fcf94808849feb1d8359559dd918f7dd66e6624b
io.github.jan-tennert.supabase	realtime-kt-iosx64	2.5.0-beta-1	2.5.0-beta-1-metadata	4a47fb8ca17dc74c2657db10a5da9958a359ef47
io.github.jan-tennert.supabase	realtime-kt-iosx64	2.5.0-beta-2	2.5.0-beta-2-metadata	b3da0c691846032977ff688298817832c326ce51
io.github.jan-tennert.supabase	realtime-kt-iosx64	2.5.0-beta-2-coil3	2.5.0-beta-2-coil3-metadata	47b2a94eec0534c641b1ec3fb7f0a2b11b292cb1
io.github.jan-tennert.supabase	realtime-kt-iosx64	2.5.0-rc-1	2.5.0-rc-1-metadata	2b7fd815af9f355fb446f050d127b8ae8648b03c
io.github.jan-tennert.supabase	realtime-kt-iosx64	2.5.1	2.5.1-metadata	3cd44d95abaddb5fdad95ab3108b6830bb583896
io.github.jan-tennert.supabase	realtime-kt-iosx64	2.5.2	2.5.2-metadata	74d90927b8c6e090bab032ac15fc98770087fb6c
io.github.jan-tennert.supabase	realtime-kt-iosx64	2.5.3	2.5.3-metadata	28c0d54bf93087b47433c49e3802ab12f6c1bd61
io.github.jan-tennert.supabase	realtime-kt-iosx64	2.5.3-coil3	2.5.3-coil3-metadata	0f150d2f41217387e262559f4e37549b98421eb4
io.github.jan-tennert.supabase	realtime-kt-iosx64	2.5.3-wasm0	2.5.3-wasm0-metadata	19def1428fd144b5b783fc2a5beea9d930419e76
io.github.jan-tennert.supabase	realtime-kt-iosx64	2.5.4	2.5.4-metadata	3d00c872587789a175a138c6ffee19623cad31ca
io.github.jan-tennert.supabase	realtime-kt-iosx64	2.5.4-wasm0	2.5.4-wasm0-metadata	e1ebad7a1321798c89f22438a1fa6b13d75a8cc0
io.github.jan-tennert.supabase	realtime-kt-iosx64	2.6.0	2.6.0-metadata	003f25605654dff51bc23156e215fd60015ef0c0
io.github.jan-tennert.supabase	realtime-kt-iosx64	2.6.0-beta-1	2.6.0-beta-1-metadata	393d8743cf8f8ccc7e8fc0f466923a7177d97879
io.github.jan-tennert.supabase	realtime-kt-iosx64	2.6.0-coil3	2.6.0-coil3-metadata	7fd9f675ac202cfc357f4fd56d374ce75bc47485
io.github.jan-tennert.supabase	realtime-kt-iosx64	2.6.0-rc-1	2.6.0-rc-1-metadata	2048d51187b9a1741efb86dfd27f8be33a390e9c
io.github.jan-tennert.supabase	realtime-kt-iosx64	2.6.0-wasm0	2.6.0-wasm0-metadata	b7449eb4f657c1937bbe8d77d062cc1c0dce64b5
io.github.jan-tennert.supabase	realtime-kt-iosx64	2.6.1	2.6.1-metadata	b8147b57824f48d3048fc0595daffacd529c7c21
io.github.jan-tennert.supabase	realtime-kt-iosx64	2.6.1-dev	2.6.1-dev-metadata	9102645a7fa3dc528e86934a836bff8300ce3a63
io.github.jan-tennert.supabase	realtime-kt-iosx64	2.7.0-beta-1	2.7.0-beta-1-metadata	97dd2d923f8ff3bb7cce9ca23568b4981ba98802
io.github.jan-tennert.supabase	realtime-kt-iosx64	3.0.0	3.0.0-metadata	9180cee1d0f1b7a81987d1ee188b9e198d81ce91
io.github.jan-tennert.supabase	realtime-kt-iosx64	3.0.0-beta-1	3.0.0-beta-1-metadata	ce22e19ce413d8ca20814d904d5a55bd68bc38df
io.github.jan-tennert.supabase	realtime-kt-iosx64	3.0.0-dev-1	3.0.0-dev-1-metadata	ae3a03bd0a140a3c9f594925cd40d228c0a64e45
io.github.jan-tennert.supabase	realtime-kt-iosx64	3.0.0-rc-1	3.0.0-rc-1-metadata	320bbe6f47b4c0a2a634b08e9652038b5d9ca4f9
io.github.jan-tennert.supabase	realtime-kt-iosx64	3.0.0-rc-2	3.0.0-rc-2-metadata	b235901350460e645ae6e0e4c43b883678ac80f8
io.github.jan-tennert.supabase	realtime-kt-iosx64	3.0.1	3.0.1-metadata	9a0a004ae3d5c50e6354fcc0d5a63286b66da78f
io.github.jan-tennert.supabase	realtime-kt-iosx64	3.0.2	3.0.2-metadata	5fa23e81f18dae1d221607b7d7a14864431652cd
io.github.jan-tennert.supabase	realtime-kt-iosx64	3.0.3	3.0.3-metadata	36be725af948a58ec5906916d66776c12f1fa2bd
io.github.jan-tennert.supabase	realtime-kt-iosx64	3.1.0	3.1.0-metadata	282145e7b15111e8c7e86f1b81c16a0f551ef55a
io.github.jan-tennert.supabase	realtime-kt-iosx64	3.1.0-beta-1	3.1.0-beta-1-metadata	75030a22704ecd114a639bf4a7bbd6b4d12050b0
io.github.jan-tennert.supabase	realtime-kt-iosx64	3.1.0-beta-2	3.1.0-beta-2-metadata	a330fbbb531ab0c5cc1c943a1d00d0bc1b3d09af
io.github.jan-tennert.supabase	realtime-kt-iosx64	3.1.1	3.1.1-metadata	18dd93e26c9f2ace1410e85bc7c9e93292097c11
io.github.jan-tennert.supabase	realtime-kt-iosx64	3.1.2	3.1.2-metadata	7632be6cccc4b82e33bfba94f9824e99ea46cf09
io.github.jan-tennert.supabase	realtime-kt-iosx64	3.1.3	3.1.3-metadata	1b0b075d7ed626b897ca1c70cb36af6e0ef7a7ee
io.github.jan-tennert.supabase	realtime-kt-iosx64	3.1.4	3.1.4-metadata	64ac4c5f344dc5946cb8bd51c6ff1fa70905f8b2
io.github.jklingsporn	vertx-jooq-completablefuture-async	3.0.0	-	02b8624ce31f4f9c66df29258696c62886be3f80
io.github.jklingsporn	vertx-jooq-completablefuture-async	3.0.0-BETA	-	0d7415178622765ca0a7686b2dc50478cf2bd015
io.github.jklingsporn	vertx-jooq-completablefuture-async	3.0.1	-	1b41c5a093c839d99333e913582d97eecaccc73c
io.github.jklingsporn	vertx-jooq-completablefuture-async	3.0.2	-	8e4d75cebfb546175a82209fbb1d56384346ec22
io.github.jklingsporn	vertx-jooq-completablefuture-async	3.1.0	-	536c6304e154508dfe051ba45db21f76d4cfb173
io.github.jklingsporn	vertx-jooq-completablefuture-async	4.0.0	-	926f68bf941e9c1ffb763f16cb33542c2959706b
io.github.jklingsporn	vertx-jooq-completablefuture-async	4.0.0-BETA	-	b243c84cd73f8a48b36add790eaef30ec22114cf
io.github.jklingsporn	vertx-jooq-completablefuture-async	4.0.0-BETA2	-	2748db3fea6f337259e5c308190886e103745ed6
io.github.jklingsporn	vertx-jooq-completablefuture-async	4.1.0	-	a379c21f3db2f96e922008b6ad092e77aaa6f26c
io.github.jklingsporn	vertx-jooq-completablefuture-async	4.2.0	-	a6d90952020952f04eb9de346c70695221b59cfb
io.github.jklingsporn	vertx-jooq-completablefuture-async	5.0.0	-	5bd84592cdd1f21ea26c9abb0bdca0e819ca194a
io.github.jklingsporn	vertx-jooq-completablefuture-async	5.0.1	-	0007755698d68d0adc14b712edc0d115b17068e4
io.github.jklingsporn	vertx-jooq-completablefuture-async	5.1.0	-	a0229fd7491f9064c68b6f301ad8b49d3aaffacb
io.github.jklingsporn	vertx-jooq-completablefuture-async	5.1.1	-	949c4dae83a2004f2f4aae15f61582915ad91afd
io.github.jklingsporn	vertx-jooq-completablefuture-async	5.1.2	-	92d86fc2bbfd71bd09acedd6fd98fdee5a65a790
io.github.jklingsporn	vertx-jooq-completablefuture-async	5.2.0	-	6629caa528e0f062ec69ba8ba05fbc6f1528cadd
io.github.jklingsporn	vertx-jooq-completablefuture-async	5.2.1	-	9825a22b068ec46343cf01dbf22145e340e962d3
io.github.jmcardon	tsec-http4s_2.12	0.0.1-M10	-	c959deeb3c0b9c66a8a7773566ccb099769efae2
io.github.jmcardon	tsec-http4s_2.12	0.0.1-M11	-	5d25f4ae8033076ea2ffe9bc3db518ffdebb58f2
io.github.jmcardon	tsec-http4s_2.12	0.0.1-RC1	-	87807ce568c11f781423889db4b0b84cc1fefb9e
io.github.jmcardon	tsec-http4s_2.12	0.1.0	-	14378e04da19cb971994843588862a9f7faceca7
io.github.jmcardon	tsec-http4s_2.12	0.1.0-M1	-	8354fe5429cf3c36a8b91953e7c8f43b3f642bb7
io.github.jmcardon	tsec-http4s_2.12	0.1.0-M2	-	eb0634adc5822fd33829b68dfad7ddb421a17621
io.github.jmcardon	tsec-http4s_2.12	0.1.0-M3	-	865eb1c5826d77369b2c13e5ac168a8799fe7be8
io.github.jmcardon	tsec-http4s_2.12	0.1.0-M4	-	f73ce9074a7ec3acbe71cc197e8ed88eac00d9ff
io.github.jmcardon	tsec-http4s_2.12	0.2.0	-	4342cc0305651c8cb9e2992fe8e7b16721e35d34
io.github.jmcardon	tsec-http4s_2.12	0.2.0-M1	-	96e1623dbc116b54f3fc13887a510b39d88610c3
io.github.jmcardon	tsec-http4s_2.12	0.2.0-M2	-	c3b6f6686722417aec180bdd249f3920b0896737
io.github.jmcardon	tsec-http4s_2.12	0.2.0-RC1	-	595c5665d9b5d5e57f8b594ef9c0e93649669208
io.github.jmcardon	tsec-http4s_2.12	0.2.1	-	df44bca7407710bf9ac5d0534ad4a521f4ce0ace
io.github.jmcardon	tsec-http4s_2.12	0.4.0	-	b89a25654a48e71bf18bc426e2584b728146c881
io.github.jmcardon	tsec-http4s_2.12	0.5.0	-	568b7e4357395874655b76e75d909dc601c7e909
io.github.jmcardon	tsec-http4s_2.12	0.5.0-M1	-	16a5cabdf6cd6c4306d84fd86cbfbba89bd380da
io.github.jmseb3	hellogin-github-ui-iossimulatorarm64	1.0.0	1.0.0-metadata	fa44558cbad401f9959839cc802863d30f589870
io.github.jmseb3	hellogin-github-ui-iossimulatorarm64	1.1.0	1.1.0-metadata	a2a92004f40908617f2b135e7a10f88ebdb5e715
io.github.john-tuesday	measure	1.0.0	-	f2b15653dc99d2d06f7523f3449ce3eada66b61b
io.github.john-tuesday	measure	1.1.0	-	03dff2a7d6c91edc9e6c9cbb2bee7e4f38221731
io.github.john-tuesday	measure	1.1.1	-	03dff2a7d6c91edc9e6c9cbb2bee7e4f38221731
io.github.john-tuesday	measure	2.0.0-alpha01	-	8bafb10b8370adcaf252a7e25f74e0fcbcc7a7e9
io.github.john-tuesday	measure	2.0.0-alpha02	-	8bafb10b8370adcaf252a7e25f74e0fcbcc7a7e9
io.github.john-tuesday	measure	2.0.0-alpha05	-	6d61e8144cd8ade1809d619b3fa5636f694aa008
io.github.kayz666	kkit-mqtt	1.0.1	-	63cfd229d788babf7a3feac2fe8f9dbd3627190e
io.github.mohammedtaher95	AUTOTESTIMATIC-JAVA	1.0.0	-	86fda96587fb9360ed59f81dc36687c779675049
io.github.mohammedtaher95	AUTOTESTIMATIC-JAVA	1.0.1	-	7bf467c65f128fe542745626783af34c15a1e22d
io.github.mohammedtaher95	AUTOTESTIMATIC-JAVA	1.0.2	-	b2420772b727a9700374d61eff7d3f45c76ac15b
io.github.mohammedtaher95	AUTOTESTIMATIC-JAVA	1.0.3	-	3880345ad4526da418049864f3b53453b7a3ada7
io.github.mohammedtaher95	AUTOTESTIMATIC-JAVA	1.1.0	-	183a9837633d4d42cfa5ffaf3b86dd5e3b953abb
io.github.mohammedtaher95	AUTOTESTIMATIC-JAVA	1.1.1	-	6ecf6b2446369c7ae1548c96997e6df4a30bbd4a
io.github.mohammedtaher95	AUTOTESTIMATIC-JAVA	1.1.2	-	57b9abe71b9c3cb73b53b244bf512558aa47466e
io.github.mohammedtaher95	AUTOTESTIMATIC-JAVA	1.1.3	-	4822f2655d783aa6c7e50efe61212e28fa78165d
io.github.mostafamohajeri	agentscript-asp-generator	2.50	-	bf9495e5ee92bfeb65e983d4cf5bd4836138a368
io.github.mouzt	bizlog-sdk	1.0.0	-	cb9ae6250ab3b0bf9e82629dd117aa286cf7283e
io.github.mouzt	bizlog-sdk	1.0.1	-	4c06b212837f8991f272931a4fc66b8e27ae8625
io.github.mouzt	bizlog-sdk	1.0.3	-	00d44c898ca98034d7724a56e20a0f6c0affe643
io.github.mouzt	bizlog-sdk	1.0.4	-	ae0c1d63449ca5219d34519ca46be8642a4f5d4d
io.github.mouzt	bizlog-sdk	1.0.5	-	8f2e9a3324dc86af058fc6db13a1769ea1ec1a7a
io.github.mouzt	bizlog-sdk	1.0.6	-	771ae7c4bf9805e899b5b4c2b49496f0eaa5f33d
io.github.mouzt	bizlog-sdk	1.0.7	-	61b3bd687d12cbbb57833e2989d7bbd57c0ff8a5
io.github.mouzt	bizlog-sdk	1.0.8	-	72cbe3e8efe4477186efdb46ccb0093f379a11d3
io.github.mouzt	bizlog-sdk	1.1.0	-	a6a48bd392362de6de9290928d29a08bcd2040b0
io.github.mouzt	bizlog-sdk	1.1.1	-	309d28f98bed9b873285c4be49ebc075284aa027
io.github.mouzt	bizlog-sdk	1.1.2	-	0b8ca1162dfa61adfc18f59418e94c808375821f
io.github.mouzt	bizlog-sdk	2.0.0	-	f2f7d19b07d67a1e80251e5f404e6cb6aa9d2637
io.github.mouzt	bizlog-sdk	2.0.1	-	25cf4d1abc86a884ce71fb798cc0b1541201b373
io.github.mouzt	bizlog-sdk	2.0.2	-	09b8e8e9f831debbe5cbb21b8365c97962ac5801
io.github.mouzt	bizlog-sdk	2.0.3	-	2c0abe8271ed589a2d7173fe129a253efde41d9f
io.github.mouzt	bizlog-sdk	3.0.0	-	5e19badebf7ade1d50159df9b38593c9f85bc278
io.github.mouzt	bizlog-sdk	3.0.1	-	6dcc1c376f6c6c4ec841db6995ce90f49e8935ac
io.github.mouzt	bizlog-sdk	3.0.2	-	35646b4d6c0ab02b9c7d902f5fdd45161b105207
io.github.mouzt	bizlog-sdk	3.0.3	-	7bdb8bfaf8b5c6b48373ed99355046e998289bb1
io.github.mouzt	bizlog-sdk	3.0.4	-	cfa7133741d67c7a2435f290a362174314f7a9b6
io.github.mouzt	bizlog-sdk	3.0.5	-	a4a4cc9722624b641d1a005ce2d460fefdd15784
io.github.mouzt	bizlog-sdk	3.0.6	-	baa2dc0f06c5cf7470a425a93962632523867aaf
io.github.mouzt	bizlog-sdk	3.0.6-oxadmin	-	e0547de27ae3317c5114d437759f4f31a4646383
io.github.nafg.tcn	tcn-slick_3	0.0.1	-	962ad7c3ba8a8c3184a2cfd22fc3a7794512e275
io.github.nafg.tcn	tcn-slick_3	0.0.2	-	993dd8077259798781ea28c25a0ecdce0aab769b
io.github.overstart	dtotest	1.0	-	101cd3947029e4933728cf2b283db4118626ba85
io.github.overstart	dtotest	1.1	-	93e9a922fcbf42602245cc281eded75904afdc2e
io.github.panpf.zoomimage	zoomimage-compose-coil3-iosx64	1.1.0	1.1.0-metadata	5ffdc1fe311a1cb868c1cf841cc89d475cfe003e
io.github.panpf.zoomimage	zoomimage-compose-coil3-iosx64	1.1.0-rc01	1.1.0-rc01-metadata	e23132d2fa79926734d3c005c04f862afd549ff7
io.github.panpf.zoomimage	zoomimage-compose-coil3-iosx64	1.1.0-rc02	1.1.0-rc02-metadata	227528063c364ed36eaaf98ca40088e8b3d5aa22
io.github.panpf.zoomimage	zoomimage-compose-coil3-iosx64	1.1.0-rc03	1.1.0-rc03-metadata	121e206a171b1fff815e7b6072f6e1d24043b260
io.github.panpf.zoomimage	zoomimage-compose-coil3-iosx64	1.1.1	1.1.1-metadata	d00d657c82985c999e5b5c884eaebb656b88b888
io.github.panpf.zoomimage	zoomimage-compose-coil3-iosx64	1.1.2	1.1.2-metadata	3fa9d83d5e67efdd65bb173e6f2b81187db9460f
io.github.paulmarcelinbejan.toolbox	toolbox-exception	1.0.0	-	2016985571df529a0fb3657eb8019610104f328e
io.github.paulmarcelinbejan.toolbox	toolbox-exception	1.0.1	-	43a12d45afdc852fd90baa3d9d6b8a66aa6253ca
io.github.paulmarcelinbejan.toolbox	toolbox-exception	1.0.2	-	4454c7d45bc92803e9ffee0238ac2f03e10f3664
io.github.paulmarcelinbejan.toolbox	toolbox-exception	1.0.3	-	8caf34ea1056111f30467e450ff04b3ab3cfc6f7
io.github.poo0054	http-spring-boot-example	1.1	-	82b5ccaaafed321d83fec7a22e412e2bf2449b97
io.github.qsy7.java.modules.queue.providers.datastore	impl	0.1.0	-	65dadabd2cfe8f71dcf813f335ee5d712e845a98
io.github.qsy7.java.modules.queue.providers.datastore	impl	0.1.2	-	913a318ae524fce19f48abb89a45b1443389f4c6
io.github.qsy7.java.modules.queue.providers.datastore	impl	0.3.1	-	b6f8a9eae143347008fa03086a2296db66c0b6e5
io.github.qsy7.java.modules.queue.providers.datastore	impl	0.3.2	-	59a16919283663de7e970d8226bb6d9d9e74404d
io.github.qsy7.java.modules.queue.providers.datastore	impl	0.3.3	-	bfb904faa56853b2939c5e2343db2df802592d28
io.github.qsy7.java.modules.queue.providers.datastore	impl	0.3.4	-	2a39c6d72b57e2be4ece589ad64e336af2bfdd25
io.github.reporting-solutions	org.eclipse.birt.report.data.oda.sampledb.ui	4.8.0	-	25c13e43c311ffb9a02e57a746f65e08c60358a6
io.github.resilience4j	resilience4j-spring-boot2	0.13.0	-	fbc8f2bad1bee12c506dcf040e839ac840d0b8e7
io.github.resilience4j	resilience4j-spring-boot2	0.13.1	-	c85c3ffcd89d4ea21c9fa788bf5b7e581368539e
io.github.resilience4j	resilience4j-spring-boot2	0.13.2	-	f428f080979f3cb2f8c43c7ac71e932b04e1c8ff
io.github.resilience4j	resilience4j-spring-boot2	0.14.0	-	6be2d72bec2ba19920541eb74644535d4b27a99b
io.github.resilience4j	resilience4j-spring-boot2	0.14.1	-	8d6dd1f26e4e88a0e563354ae46e2c28e90dabaf
io.github.resilience4j	resilience4j-spring-boot2	0.15.0	-	5f9ee0adaad909b5e5504a5df553cd3901caee83
io.github.resilience4j	resilience4j-spring-boot2	0.16.0	-	6ae3585a7c6ea75db3ce75a68ead98844f414e31
io.github.resilience4j	resilience4j-spring-boot2	0.17.0	-	7719c7f4d68c096c77b2f3bdc5777eed001f49d0
io.github.resilience4j	resilience4j-spring-boot2	1.0.0	-	ed92021969d340749b59070b91b5d3edb6ca5fdc
io.github.resilience4j	resilience4j-spring-boot2	1.1.0	-	dda668fafc03e8164fb399d2ba2e9a796487182f
io.github.resilience4j	resilience4j-spring-boot2	1.2.0	-	9dd95fc8838f31783a2eec5223151fbc4fe6901b
io.github.resilience4j	resilience4j-spring-boot2	1.3.0	-	bda37bc53e51585391b9a1956d328f9f26953d70
io.github.resilience4j	resilience4j-spring-boot2	1.3.1	-	6c59b8e375089896a885f63b6d38c942d6cd710a
io.github.resilience4j	resilience4j-spring-boot2	1.4.0	-	6b1cb4cafea201135967b0496b61fe3182a290a5
io.github.resilience4j	resilience4j-spring-boot2	1.5.0	-	406c6981439b4b41a3a8649f22b8b1129589253d
io.github.resilience4j	resilience4j-spring-boot2	1.6.0	-	212bc5a0f4f3694c6704b20a62458d996ee0690d
io.github.resilience4j	resilience4j-spring-boot2	1.6.1	-	60fc91a79b30f795baf34295156fd9330e5b2063
io.github.resilience4j	resilience4j-spring-boot2	1.7.0	-	965bafca4f1301f84331b046a7bf78375a2f748a
io.github.resilience4j	resilience4j-spring-boot2	1.7.1	-	63489f0a2152505d8ccce2a6680e1fb87094d4b2
io.github.resilience4j	resilience4j-spring-boot2	2.0.0	-	e77ec586a4a6c8991588ccd9f671b16042375acb
io.github.resilience4j	resilience4j-spring-boot2	2.0.1	-	f9373965a42b6e9c1d29be367da2657506c5bf86
io.github.resilience4j	resilience4j-spring-boot2	2.0.2	-	92645dff535513e116920268f36fcda1d035bfce
io.github.resilience4j	resilience4j-spring-boot2	2.1.0	-	854cef506dfd6076bff7c54922df6c382ee8d59e
io.github.resilience4j	resilience4j-spring-boot2	2.2.0	-	9cc918a53a7e8b705a0750b3a2032b5463113b81
io.github.resilience4j	resilience4j-spring-boot2	2.3.0	-	7064b1bc4b377ae999608404a5edf49254424fb8
io.github.sagifogel	proptics-core_sjs1_2.12	0.1.0	-	13dfe3d1fabe0f7087cc16df22f7d3c4782bea67
io.github.sagifogel	proptics-core_sjs1_2.12	0.2.0	-	b4f9edd30ad684f30bc430eaae8415a3a9f4dd89
io.github.sagifogel	proptics-core_sjs1_2.12	0.2.1	-	e19e869dd7d98c4cb955a1abbb0e51479bb9c5a9
io.github.sagifogel	proptics-core_sjs1_2.12	0.3.0	-	30bc6d990fb1fdbad06d94acfb6eefe6f67c30c6
io.github.sagifogel	proptics-core_sjs1_2.12	0.3.1	-	68b8db1ef504ad4a66fc809352218ee03308e947
io.github.sagifogel	proptics-core_sjs1_2.12	0.3.2	-	ca0c5f19e6e0e09da4cbc0e627b427b02e52dc4f
io.github.sagifogel	proptics-core_sjs1_2.12	0.3.4	-	469a6a60fc049a331f24d5daba49200faf0cf472
io.github.sagifogel	proptics-core_sjs1_2.12	0.4.0	-	69eb7a0a3631e7f824919e895cbb980258932b7c
io.github.sagifogel	proptics-core_sjs1_2.12	0.4.1	-	bf02e39527181b6a1de1facf65561004bfb677f1
io.github.sagifogel	proptics-core_sjs1_2.12	0.4.2	-	5cd7423f049cf26d7a9e6c754183b8ed78a7c6d4
io.github.sagifogel	proptics-core_sjs1_2.12	0.4.3	-	9dcca933113f95ee491a645718170f2edba26e2c
io.github.sagifogel	proptics-core_sjs1_2.12	0.5.0	-	a8961e5e8241bacb275715b2335fe88424ca0026
io.github.sagifogel	proptics-core_sjs1_2.12	0.5.1	-	cdc0a94033cfd8b51471de86816c4935d7e599f4
io.github.sagifogel	proptics-core_sjs1_2.12	0.5.2	-	3c1264f1481a15fe6c7c374d87f0069fde64a40f
io.github.scalapb-json	scalapb-json-common_sjs0.6_2.12	0.1.0	-	6a6e9f607222eaee310952274338ceaf57960f26
io.github.scalapb-json	scalapb-json-common_sjs0.6_2.12	0.1.1	-	d923bdea606c95c00acc148bf118f1153a292433
io.github.scalapb-json	scalapb-json-common_sjs0.6_2.12	0.1.2	-	1b5eefacd83256b45be0b09ce02f4cc790afec7c
io.github.scalapb-json	scalapb-json-common_sjs0.6_2.12	0.2.0	-	eef60ba385756d49bfa87a8a6e5600b2c73ab130
io.github.scalapb-json	scalapb-json-common_sjs0.6_2.12	0.2.0-M1	-	9e2b718b719f0b56864f06f75e1086503657517f
io.github.scalapb-json	scalapb-json-common_sjs0.6_2.12	0.2.0-M2	-	2f2445df7f7c04497092db42011e0a96e658e097
io.github.scalapb-json	scalapb-json-common_sjs0.6_2.12	0.2.1	-	fb5e9639bd0e3ba9ed124f0877a0a2ad71096d5f
io.github.scalapb-json	scalapb-json-common_sjs0.6_2.12	0.2.2	-	378cc5ad1e127879778f6c80a1be41d4cd9bc02a
io.github.scalapb-json	scalapb-json-common_sjs0.6_2.12	0.2.3	-	897a568453b849d4fa88e3e22e0b29588c595929
io.github.scalapb-json	scalapb-json-common_sjs0.6_2.12	0.3.0	-	963119b81c9ff3268cc65fa984f370c99f90ecde
io.github.scalapb-json	scalapb-json-common_sjs0.6_2.12	0.3.0-M1	-	779a5a73dafeaf4e6574c37ec7299036e2a132cf
io.github.scalapb-json	scalapb-json-common_sjs0.6_2.12	0.3.1	-	e46b38dce9882186214e78912f5e658d68d6b1c9
io.github.scalapb-json	scalapb-json-common_sjs0.6_2.12	0.3.2	-	69518ffc2b5710c2dd932573f33907e6c22f271b
io.github.scalapb-json	scalapb-json-common_sjs0.6_2.12	0.4.0	-	af85b63ed687a49a78cefa1db99c93d47269d4ae
io.github.scalapb-json	scalapb-json-common_sjs0.6_2.12	0.4.1	-	79981cdf4188f0edd4e225a2a620e746a185d419
io.github.scalapb-json	scalapb-json-common_sjs0.6_2.12	0.4.2	-	a6fd7e41b0e312ac7b1945b8bb8b158601a904c0
io.github.scalapb-json	scalapb-json-common_sjs0.6_2.12	0.5.0	-	faf8d2c92626f1f30e74688b0754da3ee21219f2
io.github.scalapb-json	scalapb-json-common_sjs0.6_2.12	0.5.0-M1	-	ad969ecc75c2951e101b8e593a617bbab813850c
io.github.scalapb-json	scalapb-json-common_sjs0.6_2.12	0.5.0-M2	-	b991c67cfbf5f41d6977503882f6836ed864d410
io.github.scalapb-json	scalapb-json-common_sjs0.6_2.12	0.5.0-M3	-	97410cbec5f85934a60646b010bddae4b5d13d17
io.github.scalapb-json	scalapb-json-common_sjs0.6_2.12	0.5.0-M4	-	e997600d084da3fadbd69b013d5d7e4f22aa40eb
io.github.scalapb-json	scalapb-json-common_sjs0.6_2.12	0.5.0-M5	-	16391fd96608c76e84fdd78b1259984d17a2a073
io.github.scalapb-json	scalapb-json-common_sjs0.6_2.12	0.5.0-M6	-	c29b16ca023fb8eaf3ce1d6d657ad8890b2407fa
io.github.scalapb-json	scalapb-json-common_sjs0.6_2.12	0.5.1	-	d16b79ab827cca2cb53ff2b8c33a2cdd130c5a57
io.github.scalapb-json	scalapb-json-common_sjs0.6_2.12	0.5.2	-	2f8c2d553ed9d7a92d1c336a76db12647421e987
io.github.scalapb-json	scalapb-json-common_sjs0.6_2.12	0.5.3	-	31859b8345a61436fd6db21e8b1eae5192425e9e
io.github.scalapb-json	scalapb-json-common_sjs0.6_2.12	0.6.0-M1	-	c2d6f115e6629cb777a7a731c1194a8d48dd60f6
io.github.scalapb-json	scalapb-json-common_sjs0.6_2.12	0.6.0-M2	-	aac509229576d1b6c50094cc4023febcd5608dde
io.github.scalapb-json	scalapb-json-common_sjs0.6_2.12	0.6.0-M3	-	0db182c623a27a29710a0137c9ed782282667a55
io.github.scalapb-json	scalapb-json-common_sjs0.6_2.12	0.6.0-M4	-	43f657e5632cc49d1efee42e6a5ae0b6616b6027
io.github.scottweaver	zio-testcontainers-postgresql_3	0.10.0	-	041d0248a05c11e8602c846e1b5287b8bb87e288
io.github.scottweaver	zio-testcontainers-postgresql_3	0.5.0	-	a7d3666d1b4d1516330b32f6f495adfc5676aead
io.github.scottweaver	zio-testcontainers-postgresql_3	0.6.0	-	c1e75615ac39c353698e507e1b62bbab9b07b4b9
io.github.scottweaver	zio-testcontainers-postgresql_3	0.7.0	-	8dd2aa5adff4ccdabaafc873315e36a15ca83964
io.github.scottweaver	zio-testcontainers-postgresql_3	0.8.0	-	398db4bbd023ae6e4580efc6f5c930fc75d00b08
io.github.scottweaver	zio-testcontainers-postgresql_3	0.9.0	-	4d859679da0776781c6873c1e6014231203351e1
io.github.sergeshustoff.dikt	dikt-internal-iosarm32	1.1.0	1.1.0-metadata	c25bf84b7f666c11adde959496b98871568751bb
io.github.sergeshustoff.dikt	dikt-internal-iosarm32	1.1.0-alpha4	1.1.0-alpha4-metadata	175ea7389e77176b04cb5eefbd6600cf27dddf1f
io.github.sergeshustoff.dikt	dikt-internal-iosarm32	1.1.0-alpha5	1.1.0-alpha5-metadata	072a698dab42cf1b6994f28948fac72d4c231621
io.github.sergeshustoff.dikt	dikt-internal-iosarm32	1.1.0-alpha6	1.1.0-alpha6-metadata	d638a275223c521353fb47143537923d13113ec2
io.github.sergeshustoff.dikt	dikt-internal-iosarm32	1.1.0-kotlin-1.7.21	1.1.0-kotlin-1.7.21-metadata	c48a2b0db68f25616e0490c7d93d5adbd792fcf1
io.github.sergeshustoff.dikt	dikt-internal-iosarm32	1.1.0-kotlin-1.8.10	1.1.0-kotlin-1.8.10-metadata	8de1b71c5541e70248189afa81af99a2c6cdcec6
io.github.shabinder	youtube-api-dl-js	1.0	-	eeea84206a2b7410a1b6b79d669303de9b593d48
io.github.shabinder	youtube-api-dl-js	1.1	-	f97bf75d558777086f969d04f7f4dc2c3815eada
io.github.shabinder	youtube-api-dl-js	1.2	-	8886aea060e4028196515204266ff5133ec9aceb
io.github.shabinder	youtube-api-dl-js	1.3	-	3141046561d88c9de9922d4abf905865ee1bdea2
io.github.shabinder	youtube-api-dl-js	1.4	-	fa923cdf980bdd2639ba7b87f72d8b737e358e7c
io.github.springlayer	layer-core-oss	1.0.0	-	c11599913860de16edaea58a99617ac6bb1bd07e
io.github.springlayer	layer-core-oss	1.0.1	-	5ebaefedc76bbfa8dfea6e510c814b947a6eca5b
io.github.springlayer	layer-core-oss	1.0.2	-	5fe2befe85f18c1294eadce30b5d50ff8720e9a9
io.github.the-best-is-best	compose-utils-navigation-jvm	1.0.0	-	539a83859e331ece2f683ed6e3b50b0b5ebb736f
io.github.the-best-is-best	compose-utils-navigation-jvm	3.0.0	-	539a83859e331ece2f683ed6e3b50b0b5ebb736f
io.github.tweener	chartopia-iosarm64	1.3.1	1.3.1-metadata	32d81cc4fc1bf7fa5fe5545228f0af6f4491c609
io.github.tweener	chartopia-iosarm64	2.0.0	2.0.0-metadata	7dcfc089a3eb54810c348ce7655fcc1c283af697
io.github.tweener	chartopia-iosarm64	2.0.1	2.0.1-metadata	d193009df2f83411b33b86ec2b0b5f7bc8cff487
io.github.tweener	chartopia-iosarm64	2.0.2	2.0.2-metadata	9f10a8430a140f2b102b2aedbdafe33e29599ebf
io.github.tweener	chartopia-iosarm64	2.0.3	2.0.3-metadata	57c479fe0a0706cc3263773471b17eb297b85991
io.github.tweener	chartopia-iosarm64	2.0.4	2.0.4-metadata	6081f13436f1276f84204fdcf70e6f7b86a6c62e
io.github.tweener	chartopia-iosarm64	2.0.5	2.0.5-metadata	025e037f3cd4346de0cff5f5d07c74b60608ec25
io.github.u004	bits	0.1.0	-	deb0175507e1998a3addd920165c72e26016dbf6
io.github.u004	bits	0.1.1	-	4dd5f6add8665a4d047bc050962a008dd9053a29
io.github.vdaburon.jmeter.utils	junit-reporter-kpi-from-jmeter-report-csv	1.0	-	b446a21210593646efcddfd495a5d845a9520bdf
io.github.vdaburon.jmeter.utils	junit-reporter-kpi-from-jmeter-report-csv	1.0	1.0-jar-with-dependencies	2b996dff9e85ccb0b99d34ee059aa2def89e3c2c
io.github.vigoo	zio-aws-connectparticipant_2.13	1.13.69.0	-	516c4fdd508fc9cdf95a4ed4a2143b859ac97998
io.github.vigoo	zio-aws-connectparticipant_2.13	1.13.69.1	-	236435c80259ca6172b79941389e7b001a945425
io.github.vigoo	zio-aws-connectparticipant_2.13	2.14.3.0	-	b6b8f2b29cd973bee5343224192ce6ef9b97c025
io.github.vigoo	zio-aws-connectparticipant_2.13	2.14.7.0	-	cebe71c8ebe0cb602a03ce339340f17797296cf6
io.github.vigoo	zio-aws-connectparticipant_2.13	3.15.16.3	-	5308e74a8c41b9e515fbfb5c072c4783e6fd3b6a
io.github.vigoo	zio-aws-connectparticipant_2.13	3.15.16.5	-	b1bea2318ccbb9baefe4965cfef85441ab983084
io.github.vigoo	zio-aws-connectparticipant_2.13	3.15.16.7	-	6e7dddfbe23ead540d69b56c9f63bb6839a3df49
io.github.vigoo	zio-aws-connectparticipant_2.13	3.15.16.8	-	716f6f98fd2207bc5b870d5c63cb1e9e1fa57f79
io.github.vigoo	zio-aws-connectparticipant_2.13	3.15.19.1	-	210c1f28f3e31d389f7af90a457873a25f39dcdd
io.github.vigoo	zio-aws-connectparticipant_2.13	3.15.19.10	-	a603ad9666fd79459afef7e7ecac4162338af51b
io.github.vigoo	zio-aws-connectparticipant_2.13	3.15.19.11	-	5d41fa5eebae7f4cdeb0c75aaa0345f1735fddb8
io.github.vigoo	zio-aws-connectparticipant_2.13	3.15.19.2	-	4d8212d5b31ee9fba0c5caedb842362a9cdc55ff
io.github.vigoo	zio-aws-connectparticipant_2.13	3.15.19.3	-	38a0053c3b16e01bd8ac827da43bcecc3263ec98
io.github.vigoo	zio-aws-connectparticipant_2.13	3.15.19.6	-	f618b6cbc3a4ee1ec19664ed4d2e96ee416f5a7d
io.github.vigoo	zio-aws-connectparticipant_2.13	3.15.19.7	-	cc399859fcede91675ca8f56de9f28569edf672e
io.github.vigoo	zio-aws-connectparticipant_2.13	3.15.19.8	-	4cf53430e4d00d1102fc0597869443ff16aac922
io.github.vigoo	zio-aws-connectparticipant_2.13	3.15.19.9	-	b2a41c36506c4f0e0c135400ed2757788a1f767a
io.github.vigoo	zio-aws-connectparticipant_2.13	3.15.31.3	-	d5a1ad9055347538b52ef85fa18e78cebae0624c
io.github.vigoo	zio-aws-connectparticipant_2.13	3.15.32.1	-	8657cb212aca9983be6eb24cd74542efd9619a06
io.github.vigoo	zio-aws-connectparticipant_2.13	3.15.32.2	-	b3c426c3f24480e54a4dda0fb1184c7c277ffff5
io.github.vigoo	zio-aws-connectparticipant_2.13	3.15.33.2	-	b355c7b9ef98c8c59cb6f8178a84767497855e86
io.github.vigoo	zio-aws-connectparticipant_2.13	3.15.33.3	-	cd6ed8bad3fe5fa7ef534a750b81bff113bbb7c7
io.github.vigoo	zio-aws-connectparticipant_2.13	3.15.33.4	-	933679cbe16a31dde6c1ddf09f14e27fad081a13
io.github.vigoo	zio-aws-connectparticipant_2.13	3.15.34.1	-	23fdb9d51c07febe5808b8a060e57b63c67b963b
io.github.vigoo	zio-aws-connectparticipant_2.13	3.15.34.2	-	ea7a8b88cfa64ef1b3a3fc88f03f2e77a28156ac
io.github.vigoo	zio-aws-connectparticipant_2.13	3.15.34.3	-	b8f9df4d4bd1470eed8a53f64fd0142ea17f317a
io.github.vigoo	zio-aws-connectparticipant_2.13	3.15.35.1	-	4899b7a3db3bba200a2c0cc66257353684cedebf
io.github.vigoo	zio-aws-connectparticipant_2.13	3.15.35.2	-	2025dbf3227d49333c14832196ee9afd9a33873e
io.github.vigoo	zio-aws-connectparticipant_2.13	3.15.35.3	-	095363a64e2d5f83920bf5e68dcbedb99dfb8afc
io.github.vigoo	zio-aws-connectparticipant_2.13	3.15.35.4	-	e543888d0f7fdf67ab468b0a265d0de359fe7f6f
io.github.vigoo	zio-aws-connectparticipant_2.13	3.15.35.5	-	3c43d597cd8a623ab4d79a474b9b2092c00900b4
io.github.vigoo	zio-aws-connectparticipant_2.13	3.15.38.1	-	155be2924595d3e41d807e0e427bcccb41a15292
io.github.vigoo	zio-aws-connectparticipant_2.13	3.15.40.1	-	0501703aebd01af716280e64a0e068369c1bbd11
io.github.vigoo	zio-aws-connectparticipant_2.13	3.15.40.2	-	c1f2615f89700c60c78d62cf8895888c42095170
io.github.vigoo	zio-aws-connectparticipant_2.13	3.15.40.3	-	d2793bd8c6fe47fe93700b059a0caf59d0631a01
io.github.vigoo	zio-aws-connectparticipant_2.13	3.15.42.1	-	cffe6b70862b0f454ae8485f3c2acebdfa57786a
io.github.vigoo	zio-aws-connectparticipant_2.13	3.15.42.12	-	5b1089d0f09a0f720b5ca0bc121149ff58d7a6fe
io.github.vigoo	zio-aws-connectparticipant_2.13	3.15.42.2	-	7e6ce10889835cd7e6108cab391f3c1cbd640ffd
io.github.vigoo	zio-aws-connectparticipant_2.13	3.15.42.3	-	a5d5189ee2e103ba2b4d402fefc3762517ebce84
io.github.vigoo	zio-aws-connectparticipant_2.13	3.15.45.1	-	6c22e74f18fc2cf422f0dcb7d22802cc9ae27a4b
io.github.vigoo	zio-aws-connectparticipant_2.13	3.15.45.2	-	f713b8fb3194113386a44acaf91f69b6e3caa141
io.github.vigoo	zio-aws-connectparticipant_2.13	3.15.45.3	-	2304633d5387a256a461f1047af72a376d66527c
io.github.vigoo	zio-aws-connectparticipant_2.13	3.15.48.1	-	b2c8f7b643b257289940e08fd7ee9f148f7c6732
io.github.vigoo	zio-aws-connectparticipant_2.13	3.15.48.2	-	7add7804037db45274fae5d358165442375240f0
io.github.vigoo	zio-aws-connectparticipant_2.13	3.15.49.1	-	b4af454ae97f6495deb68665a364fd341a2bab03
io.github.vigoo	zio-aws-connectparticipant_2.13	3.15.49.2	-	d754346179be09f0fa4d702afe7a536fd2371395
io.github.vigoo	zio-aws-connectparticipant_2.13	3.15.50.2	-	97f1edc6db9c8de31b323ca3e0150b284e21b2f3
io.github.vigoo	zio-aws-connectparticipant_2.13	3.15.51.1	-	7752d7b7821c2665f5ecb570488aa3a586d56c54
io.github.vigoo	zio-aws-connectparticipant_2.13	3.15.51.2	-	a482232cb7c2bc462d20808deb5743b34b8b294b
io.github.vigoo	zio-aws-connectparticipant_2.13	3.15.53.1	-	2d61b46670b4bee8747dfe9b21c4610501149621
io.github.vigoo	zio-aws-connectparticipant_2.13	3.15.53.2	-	341aa3d48c5c0de979b0f68f35e1516091761718
io.github.vigoo	zio-aws-connectparticipant_2.13	3.15.53.3	-	4bb2be0c60895367b312b9804bb2bb27bf5b9006
io.github.vigoo	zio-aws-connectparticipant_2.13	3.15.57.1	-	8684266440790e45867851e232c324f58fc0a52e
io.github.vigoo	zio-aws-connectparticipant_2.13	3.15.58.1	-	6cce94dd8800be99107ce6b6fd155c6ac822ef58
io.github.vigoo	zio-aws-connectparticipant_2.13	3.15.60.1	-	922f47837f71bbd96172471e9f2773bfaf7e5741
io.github.vigoo	zio-aws-connectparticipant_2.13	3.15.61.1	-	7df0c72982caf8af8277a04ca8ed00c59eefda93
io.github.vigoo	zio-aws-connectparticipant_2.13	3.15.63.1	-	bef04e227d410c74747869964de4e67256d9dfdd
io.github.vigoo	zio-aws-connectparticipant_2.13	3.15.65.2	-	5ba5de407210ea45f9a1d24cdee50d12816e357d
io.github.vigoo	zio-aws-connectparticipant_2.13	3.15.65.3	-	f33238eba00e2e72e080fccabf79c89928820567
io.github.vigoo	zio-aws-connectparticipant_2.13	3.15.66.2	-	bf5caf39953783412a53f5c55af5b60e541c227b
io.github.vigoo	zio-aws-connectparticipant_2.13	3.15.66.3	-	590428dc1fef6dbf59edc4a4cae6a06e504844b3
io.github.vigoo	zio-aws-connectparticipant_2.13	3.15.67.1	-	29dcd9f134fb6a0987b518d9ac435e2df99aed2c
io.github.vigoo	zio-aws-connectparticipant_2.13	3.15.68.2	-	56236258f4c169a5908095dc70248e7d06bdb8e0
io.github.vigoo	zio-aws-connectparticipant_2.13	3.15.68.3	-	ea201c3de752f41a786a96c51e2a13dd1425de25
io.github.vigoo	zio-aws-connectparticipant_2.13	3.15.69.1	-	654d3a316b04c524368e0779d6150ae2f416e16a
io.github.vigoo	zio-aws-connectparticipant_2.13	3.15.69.2	-	21899d04dad72066dc7ac4b511654fa15ad88da7
io.github.vigoo	zio-aws-connectparticipant_2.13	3.15.69.3	-	343cc787c183a44ddd5c51e7823bba18931b1a73
io.github.vigoo	zio-aws-connectparticipant_2.13	3.15.70.1	-	646881e7113fe278da98cf4359882ae55ac0908f
io.github.vigoo	zio-aws-connectparticipant_2.13	3.15.71.1	-	c2a7b35eb8770d3940e1716db85d67bb556b5e04
io.github.vigoo	zio-aws-connectparticipant_2.13	3.15.71.2	-	da58cd7bee74dd5bf558ec31f071f057d7124f18
io.github.vigoo	zio-aws-connectparticipant_2.13	3.15.71.3	-	23055d506847362e4643f16cc29d3d1cc072a1a3
io.github.vigoo	zio-aws-connectparticipant_2.13	3.15.73.1	-	9ab63169524018fc9423c191eda42d9ecc2bf17a
io.github.vigoo	zio-aws-connectparticipant_2.13	3.15.73.2	-	47752b6b83c0b21a1259ec7ba702c0b557bd5a8d
io.github.vigoo	zio-aws-connectparticipant_2.13	3.15.73.3	-	f0f4c147831ed02fa4cc95946c3aeaa62af08f53
io.github.vigoo	zio-aws-connectparticipant_2.13	3.15.73.4	-	18dda4c907ac9aef88667d4f3b525e0f371f88fa
io.github.vigoo	zio-aws-connectparticipant_2.13	3.15.74.1	-	dea859d46aee0d375b453f928cd85d6c0263d1fa
io.github.vigoo	zio-aws-connectparticipant_2.13	3.15.74.2	-	fbc596749c4ce880897a72099af9df97bfc6e10c
io.github.vigoo	zio-aws-connectparticipant_2.13	3.15.77.1	-	02bb7bf38e35df694afa2056d991cca20d32eae8
io.github.vigoo	zio-aws-connectparticipant_2.13	3.15.77.2	-	2802a59dc787a0c95c671d9dfe7fab562d44100e
io.github.vigoo	zio-aws-connectparticipant_2.13	3.15.79.1	-	3f6a794d104aa0d7653139d561256f56e0d9110f
io.github.vigoo	zio-aws-connectparticipant_2.13	3.15.80.1	-	b38082f4b0eeaa516e88ef2fb149148ed0fbc105
io.github.vigoo	zio-aws-connectparticipant_2.13	3.15.80.2	-	548a9a2a0c0dc64dc0a86ea1e9d91f46f6b7cd91
io.github.vigoo	zio-aws-connectparticipant_2.13	3.15.81.1	-	7bd4aa1a74ff94812e7937b9b528a98c413a7ed8
io.github.vigoo	zio-aws-connectparticipant_2.13	3.15.81.2	-	75e88174a419f62eaa988b10ccfc3b2f0b94dfc0
io.github.vigoo	zio-aws-connectparticipant_2.13	3.15.82.1	-	0a530954ec7cb741632a4b3525482d50754c8744
io.github.vigoo	zio-aws-connectparticipant_2.13	3.15.82.2	-	643d32f8c829b285833474d90890fe7667e1179a
io.github.vigoo	zio-aws-connectparticipant_2.13	3.15.82.3	-	8a5d3b0f8c147c8fbd9a7417b9e09e3c8cbf47a0
io.github.vigoo	zio-aws-connectparticipant_2.13	3.16.0.1	-	da10737aa9d4b193013ef72bcc5b22441d3abff0
io.github.vigoo	zio-aws-connectparticipant_2.13	3.16.0.2	-	2f40c1e11fbde881eb2323a44a3e984215b95d56
io.github.vigoo	zio-aws-connectparticipant_2.13	3.16.1.1	-	5f58a88ffcdafb09ad8edfd13531c0de18e0b0d2
io.github.vigoo	zio-aws-connectparticipant_2.13	3.16.1.2	-	8171ba52b86702c32becd750be14c227c1b6f736
io.github.vigoo	zio-aws-connectparticipant_2.13	3.16.100.1	-	4c74b5f0fc80d03c6ee0537e2cf56d1c8d982678
io.github.vigoo	zio-aws-connectparticipant_2.13	3.16.101.1	-	6e77f5fe455a8fb47bdbdc9933b8a67c7c1d39c6
io.github.vigoo	zio-aws-connectparticipant_2.13	3.16.102.1	-	685e67e98394e9613a17a130401b8cc6f1a62325
io.github.vigoo	zio-aws-connectparticipant_2.13	3.16.102.2	-	58f0b67094f1a96f51b68168f5ad8d3136e95ae9
io.github.vigoo	zio-aws-connectparticipant_2.13	3.16.104.1	-	ae94ff4c4a331ddde580b4f56a7ae4ea72eaa3a7
io.github.vigoo	zio-aws-connectparticipant_2.13	3.16.13.1	-	8760e2278c942259f586e92ae930268655c99b62
io.github.vigoo	zio-aws-connectparticipant_2.13	3.16.13.2	-	8208741696d2c19dc5efca9c9ca4fa1b712ce20b
io.github.vigoo	zio-aws-connectparticipant_2.13	3.16.14.1	-	6aeaf1f723daa972ea4dc35c475375c32e89d06e
io.github.vigoo	zio-aws-connectparticipant_2.13	3.16.14.2	-	b77d86c4555a2882b003febef73e5d7114157b76
io.github.vigoo	zio-aws-connectparticipant_2.13	3.16.16.1	-	e476886e52f826d6bc7427bbe1cd81189a8d800a
io.github.vigoo	zio-aws-connectparticipant_2.13	3.16.17.1	-	7447550d6a51f31809b16ee0fd73e3443897e390
io.github.vigoo	zio-aws-connectparticipant_2.13	3.16.17.2	-	1c6dc6f4b5523ac9a96df7c88938efd2053f63b7
io.github.vigoo	zio-aws-connectparticipant_2.13	3.16.18.1	-	87a2218380b128fac1c0de0decc09385eacaf29c
io.github.vigoo	zio-aws-connectparticipant_2.13	3.16.18.2	-	8ffaee3809b8a1accffe05b68a121ba2060e94b6
io.github.vigoo	zio-aws-connectparticipant_2.13	3.16.18.3	-	990f816a00805fd2275b12edb1790e8bff570bf2
io.github.vigoo	zio-aws-connectparticipant_2.13	3.16.20.2	-	7037d9223db5cabd96a3941af83c64d9a3a70c06
io.github.vigoo	zio-aws-connectparticipant_2.13	3.16.20.3	-	6d271edf270a0fd5aa8337380cdb4f1495fbbe8f
io.github.vigoo	zio-aws-connectparticipant_2.13	3.16.20.4	-	27216b912a62731108150d23672f1e010dea7eb6
io.github.vigoo	zio-aws-connectparticipant_2.13	3.16.20.5	-	5d7809942756c214c1d273535f822aced63ece03
io.github.vigoo	zio-aws-connectparticipant_2.13	3.16.20.6	-	1e9e2fb18a7b385b4a6188fbfdb91882ea126b2d
io.github.vigoo	zio-aws-connectparticipant_2.13	3.16.20.7	-	7c1bd6475d28daa8926cb7b4ab704c0b092d3f74
io.github.vigoo	zio-aws-connectparticipant_2.13	3.16.3.1	-	707e847863067aede7a69f3c8431379c4a3a6ce1
io.github.vigoo	zio-aws-connectparticipant_2.13	3.16.3.2	-	d8ef8f1cf5053527e48d95843d2333b514e8b0c9
io.github.vigoo	zio-aws-connectparticipant_2.13	3.16.34.1	-	0b1efc11b6d63f6c421f26212f92c559587436d7
io.github.vigoo	zio-aws-connectparticipant_2.13	3.16.34.2	-	044c72281703370e5aa198213edfd42fb0453793
io.github.vigoo	zio-aws-connectparticipant_2.13	3.16.35.1	-	ec765be73c3bb4577e938e709ee56e0d5919ad3c
io.github.vigoo	zio-aws-connectparticipant_2.13	3.16.36.1	-	3b62ef2360739162746e09a678853a3cca564f80
io.github.vigoo	zio-aws-connectparticipant_2.13	3.16.36.2	-	617b6ff5bf08f78725fa4fce440c2f18c2caea71
io.github.vigoo	zio-aws-connectparticipant_2.13	3.16.37.1	-	ac642af44732ab175500bfb7bb9715b19c5bc652
io.github.vigoo	zio-aws-connectparticipant_2.13	3.16.37.2	-	63e8c1387d139983c7a538bdfb45ff7df241b10f
io.github.vigoo	zio-aws-connectparticipant_2.13	3.16.38.1	-	401cba7208efa15e2854a95f4e66b69d7b5cf368
io.github.vigoo	zio-aws-connectparticipant_2.13	3.16.39.1	-	8be90d96cb2b5d812e52341292f8b99c5416e004
io.github.vigoo	zio-aws-connectparticipant_2.13	3.16.39.2	-	5a7efd7397cd0665cff27d6d252a6961c7505bcd
io.github.vigoo	zio-aws-connectparticipant_2.13	3.16.4.1	-	81e489eb3d2539de0632f32e703aa834546e0b0c
io.github.vigoo	zio-aws-connectparticipant_2.13	3.16.4.2	-	01e2b485bd07fcb0f325607e375470c5da4be29d
io.github.vigoo	zio-aws-connectparticipant_2.13	3.16.40.1	-	f2f096d13db23d962a7e135867705b7ed901dc34
io.github.vigoo	zio-aws-connectparticipant_2.13	3.16.42.1	-	0a35cc9feb0aa5df07870c34c47ef54d936be309
io.github.vigoo	zio-aws-connectparticipant_2.13	3.16.43.1	-	6c599739276aefa5955f32e0ebbbd57b2a539d0b
io.github.vigoo	zio-aws-connectparticipant_2.13	3.16.43.2	-	87fcd1d617ea3dacb667576d186ffa21b7b4c120
io.github.vigoo	zio-aws-connectparticipant_2.13	3.16.44.1	-	c59875af6cd0ab060a5f780a3d36a2d0f708d20c
io.github.vigoo	zio-aws-connectparticipant_2.13	3.16.44.3	-	d10a4f6012ea54af4fdb938619c4196cfe7a7b53
io.github.vigoo	zio-aws-connectparticipant_2.13	3.16.45.1	-	8007bdc2f54142252b06a2bc85ab4a5150a141d3
io.github.vigoo	zio-aws-connectparticipant_2.13	3.16.46.1	-	1fd0ed7ae226b12d8be22765956ee1c592c5688a
io.github.vigoo	zio-aws-connectparticipant_2.13	3.16.46.2	-	dd7fa77bbb790618b9bee22937f51b4d3c8032f1
io.github.vigoo	zio-aws-connectparticipant_2.13	3.16.47.1	-	5ff9bfe6b64dbd58fc21910dec803f676e3ca359
io.github.vigoo	zio-aws-connectparticipant_2.13	3.16.47.2	-	9e783e4b714880930de4060624c8cacec9bad0de
io.github.vigoo	zio-aws-connectparticipant_2.13	3.16.48.1	-	87e6ad3c4c70b30dbeea929be430e0d34ec61c49
io.github.vigoo	zio-aws-connectparticipant_2.13	3.16.5.1	-	d04fe190541447a0bb973d131e3de4823d643dab
io.github.vigoo	zio-aws-connectparticipant_2.13	3.16.5.2	-	9f9c339c558d83b8c3927e02c627404dae6f7fd5
io.github.vigoo	zio-aws-connectparticipant_2.13	3.16.50.1	-	51c9903770b03a667903daf9a62319b1c087071b
io.github.vigoo	zio-aws-connectparticipant_2.13	3.16.51.1	-	5ef710bf5d03403f867681d47bb204ac396feb99
io.github.vigoo	zio-aws-connectparticipant_2.13	3.16.52.1	-	338ed467c0e2b5a5b8edd4b2d555901cb1f9f7b6
io.github.vigoo	zio-aws-connectparticipant_2.13	3.16.54.1	-	996991e1b7818dc14f71759176ce88c80a60b80f
io.github.vigoo	zio-aws-connectparticipant_2.13	3.16.57.1	-	ffe6d4cc535cc240e8cf53a338be43022fad2c51
io.github.vigoo	zio-aws-connectparticipant_2.13	3.16.57.2	-	19fd51cf466d7f47a5f4790d443fbec82fa108ac
io.github.vigoo	zio-aws-connectparticipant_2.13	3.16.59.1	-	7b97d66d1a603e57183cbae82feb3b8ce24f5063
io.github.vigoo	zio-aws-connectparticipant_2.13	3.16.6.1	-	f8fae0b4e74d74aa77f3a68ee8b4718a6379d440
io.github.vigoo	zio-aws-connectparticipant_2.13	3.16.60.1	-	7fd50a93aa9bf03258d3f7493b985beedfa614e1
io.github.vigoo	zio-aws-connectparticipant_2.13	3.16.60.2	-	056bdcbe3b12f4fc3c1dbf82375f0487efc6cee1
io.github.vigoo	zio-aws-connectparticipant_2.13	3.16.61.1	-	6a5badb99f136b2c0d901c64da5c3d6c6ee4feef
io.github.vigoo	zio-aws-connectparticipant_2.13	3.16.61.2	-	ffe11214991d41f5bc75be2ec13af5ef4f0936ff
io.github.vigoo	zio-aws-connectparticipant_2.13	3.16.62.1	-	f3b1ae2c1466c32c5c7bbf0326c1a88ddb90c45f
io.github.vigoo	zio-aws-connectparticipant_2.13	3.16.62.2	-	339ae1f188920ea550783ef75739fa3d271caff8
io.github.vigoo	zio-aws-connectparticipant_2.13	3.16.62.3	-	e3ec6cc68e8bc17fef93cc608c19b72a52a7afe7
io.github.vigoo	zio-aws-connectparticipant_2.13	3.16.66.1	-	0fe1d7e058b9fbb09588ea7a442c1e32950357c6
io.github.vigoo	zio-aws-connectparticipant_2.13	3.16.68.1	-	54f055b0abdbd165e9fd69fe585176bcb4bee037
io.github.vigoo	zio-aws-connectparticipant_2.13	3.16.69.1	-	f8a6567a6559c5a2fc894698db8b9b048b8c56ce
io.github.vigoo	zio-aws-connectparticipant_2.13	3.16.69.3	-	91d8a102e5a4da5a32f6b7d5abf41077d77f3e3e
io.github.vigoo	zio-aws-connectparticipant_2.13	3.16.7.1	-	e9079d85aa9ae6bf86ecc7664900693716aae922
io.github.vigoo	zio-aws-connectparticipant_2.13	3.16.70.1	-	9e46a9730d59d197785e6e4a571dc82609e534a2
io.github.vigoo	zio-aws-connectparticipant_2.13	3.16.70.2	-	864d60d5abcced99f255eff4d74c2c87cd2f2cca
io.github.vigoo	zio-aws-connectparticipant_2.13	3.16.70.3	-	0012f902a9dc7ece1d81bcf3089aa7d114150397
io.github.vigoo	zio-aws-connectparticipant_2.13	3.16.72.1	-	71f7d8eb6bdfdd69c5812d4098ae86712957efc1
io.github.vigoo	zio-aws-connectparticipant_2.13	3.16.73.1	-	592f66e98089f4439460105ab3c0dcc8c5d250bc
io.github.vigoo	zio-aws-connectparticipant_2.13	3.16.74.1	-	8caa983a0300bb436b6845a546e8a0767ddacbc8
io.github.vigoo	zio-aws-connectparticipant_2.13	3.16.74.2	-	009f44ee5e3862109daec3791d63ae8c40245e63
io.github.vigoo	zio-aws-connectparticipant_2.13	3.16.74.3	-	d36e4a4d1c2c9be58dd01533f7678078492ed6e4
io.github.vigoo	zio-aws-connectparticipant_2.13	3.16.74.4	-	4dc4ef0a67e930d2500e7ad2cced0152f1e176f9
io.github.vigoo	zio-aws-connectparticipant_2.13	3.16.74.5	-	977ad068e4a907590330977277b7176d24077d6b
io.github.vigoo	zio-aws-connectparticipant_2.13	3.16.74.6	-	a4b7b0cea073205cb616b8a60d92ba95a404aaf7
io.github.vigoo	zio-aws-connectparticipant_2.13	3.16.76.1	-	71dd78484fd1889b95070867c0d915a50b18d6f1
io.github.vigoo	zio-aws-connectparticipant_2.13	3.16.77.1	-	198c6856c0e32726deb8645ab612e66c8d9f6110
io.github.vigoo	zio-aws-connectparticipant_2.13	3.16.78.1	-	9b0c30b14b839277c6536662c473d2512045b1dd
io.github.vigoo	zio-aws-connectparticipant_2.13	3.16.78.3	-	0988fe0c201996eef5a07923226acadfa937e0d4
io.github.vigoo	zio-aws-connectparticipant_2.13	3.16.78.4	-	a7ea0dac4923c642c69afb63ed699063b19faeb6
io.github.vigoo	zio-aws-connectparticipant_2.13	3.16.78.5	-	1102cb49f054157c3eb4f11edde62c932affda3b
io.github.vigoo	zio-aws-connectparticipant_2.13	3.16.78.6	-	aba4c5657ede9f26e04270f650462eeb71579128
io.github.vigoo	zio-aws-connectparticipant_2.13	3.16.79.1	-	590b580c151d88a39afbfa7a230a45888995ecf5
io.github.vigoo	zio-aws-connectparticipant_2.13	3.16.79.2	-	7f59be684e4ec56cb12d6201cf3b16cfd1cf9636
io.github.vigoo	zio-aws-connectparticipant_2.13	3.16.79.3	-	dc4236fbacd6c72931fca38ef3b87d289563d28f
io.github.vigoo	zio-aws-connectparticipant_2.13	3.16.8.1	-	84c0d26cefd96e1c023486b48aeb2437c8e10f68
io.github.vigoo	zio-aws-connectparticipant_2.13	3.16.8.2	-	e0618d891b76240fc93fdc24b65c3a7835ec1178
io.github.vigoo	zio-aws-connectparticipant_2.13	3.16.87.1	-	4eb4aef6ca210e08441a14c9e76e36860475d07a
io.github.vigoo	zio-aws-connectparticipant_2.13	3.16.88.1	-	00dc1aae69f147900498e0c3af5b471f540717a0
io.github.vigoo	zio-aws-connectparticipant_2.13	3.16.89.1	-	cd8c55ef6a119085c2fdeb30a58e1bc2d1dbca2c
io.github.vigoo	zio-aws-connectparticipant_2.13	3.16.90.1	-	16074162a09f46de17a23322926fc3bb06707d5f
io.github.vigoo	zio-aws-connectparticipant_2.13	3.16.91.1	-	8c60e197f24aafb0d414a0a4c5d2e876216fd7d3
io.github.vigoo	zio-aws-connectparticipant_2.13	3.16.92.1	-	bb958ca2ff41395a2ebc46a0adc17a20f02d7953
io.github.vigoo	zio-aws-connectparticipant_2.13	3.16.92.2	-	2c2dba19f8c876f238ef71f4301c0a7823be8805
io.github.vigoo	zio-aws-connectparticipant_2.13	3.16.94.1	-	a28c145667d04796e42dad8fc7a3e721286df92c
io.github.vigoo	zio-aws-connectparticipant_2.13	3.16.95.1	-	65922204efb3d8492eeae0f45353fb1e530620c4
io.github.vigoo	zio-aws-connectparticipant_2.13	3.16.95.2	-	962141c8f04e5f4f10969023b8c480a8006f1c0a
io.github.vigoo	zio-aws-connectparticipant_2.13	3.16.96.1	-	35dda125bb6a161a798e9710d89fc33c3ac124f7
io.github.vigoo	zio-aws-connectparticipant_2.13	3.16.97.1	-	810f739a8fc913eef1b03ca70ae1f8b1a3d28b06
io.github.vigoo	zio-aws-connectparticipant_2.13	3.16.97.2	-	45296e173f67e5045500744f6fe3ca23e7419d7f
io.github.vigoo	zio-aws-connectparticipant_2.13	3.16.97.3	-	f889440332e75e18ce9ad5f66bb17e1b17da1226
io.github.vigoo	zio-aws-connectparticipant_2.13	3.16.99.1	-	194c47e782208e15a752361f5c9d80b32f7708d0
io.github.vigoo	zio-aws-connectparticipant_2.13	3.17.1.1	-	3ca54c48aa86d25a96d8acf19e27c8fac15b30d3
io.github.vigoo	zio-aws-connectparticipant_2.13	3.17.100.1	-	5c2abc9bd35c7c79ff84159351fec052959cf338
io.github.vigoo	zio-aws-connectparticipant_2.13	3.17.100.3	-	8ac63024ca80045aa32abc20d227c63b3e9e7383
io.github.vigoo	zio-aws-connectparticipant_2.13	3.17.101.1	-	aff54ae452a3e36551d8b78bf348d1dc8c5f74a0
io.github.vigoo	zio-aws-connectparticipant_2.13	3.17.102.4	-	f74e88c48f9d7bc6a304f9046561adcf87b319e9
io.github.vigoo	zio-aws-connectparticipant_2.13	3.17.102.5	-	393c2f5b2d78f74e00011b5ab4d06f8e6d33b323
io.github.vigoo	zio-aws-connectparticipant_2.13	3.17.102.6	-	5f3589ce14395d89815e79aabcfcaeff9a99681a
io.github.vigoo	zio-aws-connectparticipant_2.13	3.17.103.1	-	919dd0632a66865cfd7464dc36a80c38682882fb
io.github.vigoo	zio-aws-connectparticipant_2.13	3.17.104.1	-	15358fb5e6e35166d930eed33fe1c94c00da6c0f
io.github.vigoo	zio-aws-connectparticipant_2.13	3.17.104.2	-	615076e821d7be7443348c5f2e85e759ef960d72
io.github.vigoo	zio-aws-connectparticipant_2.13	3.17.104.3	-	401c5174b81e35390a3552140bee333c72b77c38
io.github.vigoo	zio-aws-connectparticipant_2.13	3.17.104.4	-	a8dcdd0d439ce5df176214792bae94915affe790
io.github.vigoo	zio-aws-connectparticipant_2.13	3.17.104.5	-	ef3098cf05470f8acf1f1eccf756161ca9090a8d
io.github.vigoo	zio-aws-connectparticipant_2.13	3.17.104.7	-	5f3a37d3dc0c79fe15b0eeac7ae9fd56476a4b94
io.github.vigoo	zio-aws-connectparticipant_2.13	3.17.11.1	-	7427fa6574ff5572627c725051490713cd556a91
io.github.vigoo	zio-aws-connectparticipant_2.13	3.17.12.1	-	077d5dd272b9a93cde0cc768bbb2de368dbcd3d5
io.github.vigoo	zio-aws-connectparticipant_2.13	3.17.12.2	-	c70dab1bf191c0e3e553b38a0ea04e9c164a3ee8
io.github.vigoo	zio-aws-connectparticipant_2.13	3.17.12.3	-	39c02604cb0d06c16142a9cdd8362209284efd05
io.github.vigoo	zio-aws-connectparticipant_2.13	3.17.19.1	-	ae6d9144c4a1f36c7404bf09a1a0f99e0b435e15
io.github.vigoo	zio-aws-connectparticipant_2.13	3.17.2.1	-	6d52e33f7ca0f4b23f691acf3f42a985030422f9
io.github.vigoo	zio-aws-connectparticipant_2.13	3.17.20.1	-	1de945333cb312d0ce765bb2ff511539a0bd361d
io.github.vigoo	zio-aws-connectparticipant_2.13	3.17.21.1	-	c49f7dbe046978d3c2bec6af73c237f453001912
io.github.vigoo	zio-aws-connectparticipant_2.13	3.17.21.2	-	2c9168a708751e3e85825a709a4b1951154dddb5
io.github.vigoo	zio-aws-connectparticipant_2.13	3.17.22.1	-	ced03f7f00923da92e2fdbc498b0de9d942b02f3
io.github.vigoo	zio-aws-connectparticipant_2.13	3.17.23.1	-	bba47c4c5965d85243b8ad39977aea3541bfa087
io.github.vigoo	zio-aws-connectparticipant_2.13	3.17.24.1	-	c22fb861e26ad3a5c8c0e1d601ab10397fa9b479
io.github.vigoo	zio-aws-connectparticipant_2.13	3.17.24.2	-	a3021e4c05e68f2700d506a80cd18b55d4fbd81a
io.github.vigoo	zio-aws-connectparticipant_2.13	3.17.25.1	-	1417de2fd34a3d2127e8a9949dc7aebf3e94bfc5
io.github.vigoo	zio-aws-connectparticipant_2.13	3.17.26.1	-	98a612d5cf4d2d671e845e59ea818b96a0d2fb35
io.github.vigoo	zio-aws-connectparticipant_2.13	3.17.26.2	-	9c63cb09a743576dcf33f6e7f62eec7825965d48
io.github.vigoo	zio-aws-connectparticipant_2.13	3.17.27.1	-	e3a17f07447a7a6b22ed106b2fd8f7378f907ba7
io.github.vigoo	zio-aws-connectparticipant_2.13	3.17.27.2	-	cd15abe915ec5d3cc2b9e6f92d1d79a7d1afaa86
io.github.vigoo	zio-aws-connectparticipant_2.13	3.17.29.1	-	e53a94ad81015d7b1a6c12713abc5a414376307d
io.github.vigoo	zio-aws-connectparticipant_2.13	3.17.30.1	-	d181d666f18d647d2f5dd9db64fd7365f829c37e
io.github.vigoo	zio-aws-connectparticipant_2.13	3.17.31.1	-	17e0d7736ac6ee97cb55ecbf33ee63da79633c72
io.github.vigoo	zio-aws-connectparticipant_2.13	3.17.31.2	-	39d193b7ef090563a7ecac0adfc7a7801d70874c
io.github.vigoo	zio-aws-connectparticipant_2.13	3.17.33.1	-	34fcc11e537ccd265f02b6e1f8f4b0522f0d579c
io.github.vigoo	zio-aws-connectparticipant_2.13	3.17.34.1	-	d2d4b0c51b063c0c0fa9f884f5dc357e0a2b4c79
io.github.vigoo	zio-aws-connectparticipant_2.13	3.17.35.1	-	65d766a81ecd418592aa3457dd02c2292d931ea6
io.github.vigoo	zio-aws-connectparticipant_2.13	3.17.36.1	-	7a921c8ef281736e0dcb91102588e511b84ef5ff
io.github.vigoo	zio-aws-connectparticipant_2.13	3.17.37.1	-	deaad48d7287e9ba257fe81b21fcecf066df0e47
io.github.vigoo	zio-aws-connectparticipant_2.13	3.17.38.1	-	dd721ddbae6dc86d05c3f0ea8ca25136cc560d3e
io.github.vigoo	zio-aws-connectparticipant_2.13	3.17.39.1	-	36343a2090eb2243d3a3d07cceaf78c0375c4ecb
io.github.vigoo	zio-aws-connectparticipant_2.13	3.17.40.1	-	45230352d1e9d25eb6843ba64f45d0c28d947cc0
io.github.vigoo	zio-aws-connectparticipant_2.13	3.17.41.1	-	b132197f971a88d29158d89709c0f8ebd6edcb20
io.github.vigoo	zio-aws-connectparticipant_2.13	3.17.41.2	-	a90dac389a21015821d86cdd7c0fc0f8cadd62da
io.github.vigoo	zio-aws-connectparticipant_2.13	3.17.42.1	-	d0305200bb42c1d250a0bf30b9614726884b11ba
io.github.vigoo	zio-aws-connectparticipant_2.13	3.17.42.2	-	ff0c7ed85546ebc406c35cb12564c62eb581bea1
io.github.vigoo	zio-aws-connectparticipant_2.13	3.17.42.3	-	4129b27dda290d805638c2689ca5ed3a470a3aa2
io.github.vigoo	zio-aws-connectparticipant_2.13	3.17.42.4	-	d686c1978da5a961f7af1268a064b20319e2b181
io.github.vigoo	zio-aws-connectparticipant_2.13	3.17.42.5	-	4d76f001768ddb66e50fbdd2b129a56b7ebc6eae
io.github.vigoo	zio-aws-connectparticipant_2.13	3.17.42.6	-	d9bd33c1580f081cdd9d07be468833f2e7150945
io.github.vigoo	zio-aws-connectparticipant_2.13	3.17.42.7	-	9752be742904a921988e94155a4eef822bb32bf2
io.github.vigoo	zio-aws-connectparticipant_2.13	3.17.42.8	-	c19ff4a274ff72fa24081ba45748b001b8cef3a8
io.github.vigoo	zio-aws-connectparticipant_2.13	3.17.42.9	-	cf19d13dca6ba2bc77cc233c9a86c655d4a53756
io.github.vigoo	zio-aws-connectparticipant_2.13	3.17.5.1	-	60a4c03b66308cc5b7d8ca4cd8a80ab4c38d061f
io.github.vigoo	zio-aws-connectparticipant_2.13	3.17.56.1	-	7f46ae4f4a8177ecf523f147dffcac0981d547ee
io.github.vigoo	zio-aws-connectparticipant_2.13	3.17.57.1	-	cfe9518a8e844419b539bdb8b1078181faff1096
io.github.vigoo	zio-aws-connectparticipant_2.13	3.17.57.2	-	6c5a24cfd9e0bbc069bd3e983e07ee2c18250c11
io.github.vigoo	zio-aws-connectparticipant_2.13	3.17.58.1	-	55c18313c6b2d45c05e771fce8504c1cb8f062b4
io.github.vigoo	zio-aws-connectparticipant_2.13	3.17.59.1	-	973ac12a63b44602dab79698a8cad8d50b16412b
io.github.vigoo	zio-aws-connectparticipant_2.13	3.17.61.1	-	1f9cb8babe97996c4cdf233f8b5f3504667997db
io.github.vigoo	zio-aws-connectparticipant_2.13	3.17.61.2	-	83910f323caa3f30640955686c46660ce920b855
io.github.vigoo	zio-aws-connectparticipant_2.13	3.17.62.1	-	d5ca3db817aaa490e96f6ab11cbc977d4b004c4c
io.github.vigoo	zio-aws-connectparticipant_2.13	3.17.63.1	-	a4daef0b7326a5a871f75fd427011b7a79cf7e66
io.github.vigoo	zio-aws-connectparticipant_2.13	3.17.63.2	-	60f98a5d4bc60672be4122b48b649835c3d96aff
io.github.vigoo	zio-aws-connectparticipant_2.13	3.17.64.1	-	fa39175bd70f3dc0baba07513503c41efabceeab
io.github.vigoo	zio-aws-connectparticipant_2.13	3.17.65.1	-	31972803a46ccbe24cea3b7107130ebb4ca220d3
io.github.vigoo	zio-aws-connectparticipant_2.13	3.17.68.1	-	5758c806870402f6727106091172be3bd556c994
io.github.vigoo	zio-aws-connectparticipant_2.13	3.17.70.1	-	e669b5816a1d557d130008ed2fa02fb05f169176
io.github.vigoo	zio-aws-connectparticipant_2.13	3.17.71.1	-	e1b1460cba3ddd9cf47629fc3c0768f7e4b361a7
io.github.vigoo	zio-aws-connectparticipant_2.13	3.17.71.2	-	db318f5ffad22f8c846ee9b9d5c051fccbe98098
io.github.vigoo	zio-aws-connectparticipant_2.13	3.17.71.3	-	66e6a812966024946f9619fc377d6c9cf572cb9e
io.github.vigoo	zio-aws-connectparticipant_2.13	3.17.74.1	-	e9fb83d69ae1b4f7004a3932203867894db8db1d
io.github.vigoo	zio-aws-connectparticipant_2.13	3.17.75.1	-	e6d743bbec83cdb88f73eedafd4d2618c4abc7af
io.github.vigoo	zio-aws-connectparticipant_2.13	3.17.76.1	-	bb126646d0f548b0613936e265200ca5c19c4070
io.github.vigoo	zio-aws-connectparticipant_2.13	3.17.77.1	-	b2b2f91c5e6225187b905f4353264e6586db8f33
io.github.vigoo	zio-aws-connectparticipant_2.13	3.17.78.1	-	a88bd9e0d74b1ff0fb7d018866de5896fa43c0cd
io.github.vigoo	zio-aws-connectparticipant_2.13	3.17.79.1	-	82407586a8069e55c36b14859d1fe4c9fcc6c86a
io.github.vigoo	zio-aws-connectparticipant_2.13	3.17.8.1	-	7dc475c3bd76230690c2301b637a504737c7e932
io.github.vigoo	zio-aws-connectparticipant_2.13	3.17.8.2	-	f90d0ddf719ccfa67204e2e12bc024db84659424
io.github.vigoo	zio-aws-connectparticipant_2.13	3.17.8.3	-	a1e95f9924ab5c7468330e8b0612211097bc628d
io.github.vigoo	zio-aws-connectparticipant_2.13	3.17.8.4	-	b4116b231311d94657629cabf3dc377d95dc9fab
io.github.vigoo	zio-aws-connectparticipant_2.13	3.17.8.5	-	7e150e2d957ee576d566bdd473ffcba992653e0c
io.github.vigoo	zio-aws-connectparticipant_2.13	3.17.80.1	-	cda873e748d076f15f8e38e2da5fba6f6a6a9b0c
io.github.vigoo	zio-aws-connectparticipant_2.13	3.17.81.1	-	8b1f3e795009183702e36f84b66b43f971d82ce9
io.github.vigoo	zio-aws-connectparticipant_2.13	3.17.87.2	-	617f331a39640dff2503f3fc0aa3a44fdb0eafdb
io.github.vigoo	zio-aws-connectparticipant_2.13	3.17.88.1	-	0a4fda13d594de6531e0a8cab44f1b267c12969b
io.github.vigoo	zio-aws-connectparticipant_2.13	3.17.9.1	-	d4a0848bbed97376ab7dd8eea9f091974998548f
io.github.vigoo	zio-aws-connectparticipant_2.13	3.17.90.1	-	2ec9ee51503877143702fef6a7c08c5f838d1c92
io.github.vigoo	zio-aws-connectparticipant_2.13	3.17.94.1	-	279d40805a321c9b7c8c02dc994eaecf1b55ffa3
io.github.vigoo	zio-aws-connectparticipant_2.13	3.17.94.2	-	ee05c68b3b15d00c03ecb37afdc677f0ac12931f
io.github.vigoo	zio-aws-connectparticipant_2.13	3.17.97.1	-	1a18182dc9bb2b8dc03e92240d8ee7eb54f08d4f
io.github.vigoo	zio-aws-connectparticipant_2.13	3.17.98.1	-	9876efbc01814d61899c4163ffe3f8e00d7a2d14
io.github.vigoo	zio-aws-connectparticipant_2.13	3.17.99.1	-	a6216e066a12b75243685df11cc8b72efe518e3c
io.github.vigoo	zio-aws-connectparticipant_2.13	4.0.2	-	59af47730bfda3eb428bcd760fb79a7500dbd2a5
io.github.vigoo	zio-aws-connectparticipant_2.13	4.0.4	-	8a79df719b57fe05e9f20d042dd46953a68ef3d7
io.github.vigoo	zio-aws-connectparticipant_2.13	4.0.5	-	2ebc10ffb75ba7bdd1b6822995b86a39730ecbbf
io.github.vigoo	zio-aws-connectparticipant_2.13	4.17.104.1	-	83d8d32ac898a377f28d827a406cc8ddcf1b7749
io.github.vigoo	zio-aws-connectparticipant_2.13	4.17.104.2	-	7da505c268ab5aa5b277f9a7f8253873c8ebd0eb
io.github.vigoo	zio-aws-connectparticipant_2.13	4.17.280.4	-	4960ba3a7182e2cf4c1021657c0c5dee0e765703
io.github.vigoo	zio-aws-rolesanywhere_2.12	4.17.280.4	-	2ae6868e2a82893f140ce055ed5420f8420b2f9e
io.github.wuda0112	yhan-commons-lang	1.0.0	-	791b0c83d27173519dde410cda81ee6103911c52
io.github.xrfzh.cn	xr-spring-boot-starter-druid	2.8.8-RELEASE	-	1405cf6906024276331a355c81026a34c45c6260
io.github.xrfzh.cn	xr-spring-boot-starter-druid	2.8.8-RELEASE	2.8.8-RELEASE-execute	e85ba5b634dfa37ff4aa0152ae66e297c3bbf00f
io.github.xrfzh.cn	xr-spring-boot-starter-druid	2.8.9-RELEASE	-	e01423e8e0c8080c5ca70ca29b8fb6df7a668a0c
io.github.xrfzh.cn	xr-spring-boot-starter-druid	2.8.9-RELEASE	2.8.9-RELEASE-execute	d41594ac4a18761e0b4d3fc6d85a4cf609814c96
io.github.xtherk	bytehook-core	1.0.0	-	6d1128eb3c106a118883c771807ddee3db2aa69e
io.github.yoanngalentin	quarkus-cloudfoundry-config-extension-deployment	0.0.1	-	a9944237462e91f9c05b88738722849e4c35c1e0
io.github.yoanngalentin	quarkus-cloudfoundry-config-extension-deployment	0.0.2	-	96a03dabe850ec9735c600e351f94d806be8fe50
io.github.yoanngalentin	quarkus-cloudfoundry-config-extension-deployment	0.0.3	-	ddc3cfb47323823e0f74cbba028cae96f4182307
io.github.yoanngalentin	quarkus-cloudfoundry-config-extension-deployment	0.0.4	-	4e397f31dc990c46ae0ec84e82af49673e187edb
io.github.yoanngalentin	quarkus-cloudfoundry-config-extension-deployment	0.0.5	-	0ff65e7fa680fc6db97436738bd9e2abb3f80917
io.github.yoanngalentin	quarkus-cloudfoundry-config-extension-deployment	0.0.6	-	2b96502bc53589fdb41011c515cae89a265f7486
io.github.yoanngalentin	quarkus-cloudfoundry-config-extension-deployment	0.0.7	-	d9745f610a40d751bf7ea64cd076aca50c9ae78d
io.github.yoanngalentin	quarkus-cloudfoundry-config-extension-deployment	0.0.8	-	acb8ef772316788dab76204c668c94ed2bed88f3
io.homunculus	hcf-core	0.0.104	-	aa1a1dc8738920d151c9764886ec81e5513960f9
io.homunculus	hcf-core	0.0.105	-	eea22e3f64ef9041e279c0ec5c334602e271579a
io.homunculus	hcf-core	0.0.106	-	95e29ac92e4ddc80c61fde7cb5c9a1e8dd06efa6
io.homunculus	hcf-core	0.0.107	-	34040c5aecc9266e088a9988c8e602eb87b98a19
io.homunculus	hcf-core	0.0.108	-	f95d0a72ee081b64605670caed5cd5e47b506f8f
io.homunculus	hcf-core	0.0.109	-	3b9ebf92b4dba4557174320414872bdc4887f5fc
io.homunculus	hcf-core	0.0.110	-	d7519265e7a976290bc6dabb15988cf1491d558c
io.homunculus	hcf-core	0.0.112	-	d0be35d2cd40bb564577ae80701ba9c7fdb97cda
io.homunculus	hcf-core	0.0.113	-	5f68582fb3e2964e3b776aa3402e463008875912
io.homunculus	hcf-core	0.0.114	-	64853ee3145b1a54a4266c48255821141405d142
io.homunculus	hcf-core	0.0.116	-	765af2ed2cda371319981170b41959a590236da6
io.homunculus	hcf-core	0.0.117	-	a169e93283d1238011f8d98b7517b4f5158377cf
io.homunculus	hcf-core	0.0.119	-	44a6a44cf7cf1b3c3ae833fb267de68b7930830d
io.homunculus	hcf-core	0.0.120	-	1cb0a6a207b53b1f55b88ea2bf35a88a7a692f29
io.homunculus	hcf-core	0.0.121	-	8f7d49060b50905ceacfacdf546923b9c2a2634e
io.homunculus	hcf-core	0.0.123	-	ddbdf3bb335d0b79edb622598c43622b6c33839f
io.homunculus	hcf-core	0.0.124	-	64e9c176a7fb14581baac18a59ab996e369930a2
io.homunculus	hcf-core	0.0.126	-	d47637929b31ead1246e190979bf20c3ff3a49e4
io.homunculus	hcf-core	0.0.127	-	0b8d3564de8e7888ee09365c4db64e56e4873a51
io.homunculus	hcf-core	0.0.128	-	a17a2bae39cd02d0d81fbd20e3bfac99a8314e6c
io.homunculus	hcf-core	0.0.130	-	0d37a2bba8e8e0bac0f218b4959c87a8849b8af3
io.homunculus	hcf-core	0.0.131	-	fbfaef81cd5a74f95840c31663856ef8cd994dcf
io.homunculus	hcf-core	0.0.132	-	45f881370e1dbdd294601c753a439e6dff93ac89
io.homunculus	hcf-core	0.0.136	-	883b35f13285001cf459e0cbd3b90ef63318088e
io.homunculus	hcf-core	0.0.137	-	824f0597696ca86b7fea9946b33be748d09a2888
io.homunculus	hcf-core	0.0.138	-	2856aa7ea33b4d4c070bd2a302d8976616696a38
io.homunculus	hcf-core	0.0.139	-	41502808ae6491f98e1c5946bcf62e576edb3c0d
io.homunculus	hcf-core	0.0.140	-	a008ab2abc8d9f403e94a76181072ec5991d81df
io.janstenpickle	trace4cats-core_2.13	0.0.0+1-7a9df181	-	d83caf6b5e9494ac75122a117a3289ad65d66c3e
io.janstenpickle	trace4cats-core_2.13	0.1.0+43-e6dc014f	-	b677fa571a949595c7cb6874988036236f41465f
io.janstenpickle	trace4cats-core_2.13	0.1.0+45-447c4e91	-	4a11cb998fa3eb390ec6d6f5421ad2fed2682737
io.janstenpickle	trace4cats-core_2.13	0.1.0+47-761ead7c	-	1f0084edded7d8749afcafcbbbd3b02d018f063c
io.janstenpickle	trace4cats-core_2.13	0.10.0	-	f26ca8f436393aacf69429e57fb8596be35485f0
io.janstenpickle	trace4cats-core_2.13	0.10.0+1-3f1d2c52	-	c7bea5442e779761232da75d151aa1761738c132
io.janstenpickle	trace4cats-core_2.13	0.10.0+10-653d3274	-	7bace37dc7789f9972b4924b1f2fc6d66898d196
io.janstenpickle	trace4cats-core_2.13	0.10.0+14-805c2bd1	-	3165e60a03cab9c5847b2de5f578dfd9f69b7a06
io.janstenpickle	trace4cats-core_2.13	0.10.0+16-0db5d26e	-	e3401d12c142ab062ea3c20eb53eaa68ad6ab242
io.janstenpickle	trace4cats-core_2.13	0.10.0+18-d13b28ec	-	2de6208738d11d0de7c2a105974a26cb37658ea4
io.janstenpickle	trace4cats-core_2.13	0.10.0+20-fa514d80	-	09a7395333950a5c400ef05de674418fcd50cca6
io.janstenpickle	trace4cats-core_2.13	0.10.0+22-95c7020c	-	553308d64cc5d35ca2c67ca626c2222ec346b96c
io.janstenpickle	trace4cats-core_2.13	0.10.0+23-42f59057	-	f6ff5af7780b507421c77e95925ff86b00993bda
io.janstenpickle	trace4cats-core_2.13	0.10.0+3-d01f175d	-	4309ac92ae5c9ca3f46b9f5cd703e01989c771c1
io.janstenpickle	trace4cats-core_2.13	0.10.0+8-ee0fd53c	-	2772e6a23db5f1475f3cdb167d0b8df613f4f819
io.janstenpickle	trace4cats-core_2.13	0.10.1	-	9b7e140e7c716893f631407829ff97c251b9847a
io.janstenpickle	trace4cats-core_2.13	0.10.1+101-a3f5d661	-	5a9b4ce79ba62cd959acc1b059af17814fc5c82d
io.janstenpickle	trace4cats-core_2.13	0.10.1+107-a33acc5b	-	c56890c422743278583aa3b8cfff5cc8dc7b054e
io.janstenpickle	trace4cats-core_2.13	0.10.1+110-22ef803b	-	9d7603e105ef694fb425d6423dd740dd77be2496
io.janstenpickle	trace4cats-core_2.13	0.10.1+114-e293f4ff	-	da359aff81484e43417a1754912a7f1cd62a2a9b
io.janstenpickle	trace4cats-core_2.13	0.10.1+116-447ea1ed	-	4ba9e699a211ec0f3953063b3c78a73172383204
io.janstenpickle	trace4cats-core_2.13	0.10.1+118-e2d5332f	-	836700cff2cb64b5f3113293d4e1243cb8f38980
io.janstenpickle	trace4cats-core_2.13	0.10.1+12-b896ec8e	-	31718a5f0212c0b13d3f63eee20c713be2f14d70
io.janstenpickle	trace4cats-core_2.13	0.10.1+120-2d990a81	-	d4b4fdc648f5dddbd5b8f6c660858c7c3046a742
io.janstenpickle	trace4cats-core_2.13	0.10.1+122-e0518758	-	c23e7132bbf7128ee83efc8d676f2da64839f1b2
io.janstenpickle	trace4cats-core_2.13	0.10.1+126-38d1e9a4	-	fe3c0b2a916df7c83c92e20084ef701ec16176f6
io.janstenpickle	trace4cats-core_2.13	0.10.1+132-7116a4a3	-	a7b016f70b7f4f65bde32c7d00c1f80c5a775de3
io.janstenpickle	trace4cats-core_2.13	0.10.1+133-e720a24d	-	4939ece8ab612cd3e8106a2650814de86f785866
io.janstenpickle	trace4cats-core_2.13	0.10.1+134-fd264fc8	-	5812b15efc21ef51c167b714f50e3cb3dcde1c53
io.janstenpickle	trace4cats-core_2.13	0.10.1+136-caf318e4	-	59281c1dc539adfd2ae8924075a1c3baa65571a7
io.janstenpickle	trace4cats-core_2.13	0.10.1+138-1fb11d87	-	5383f10f9fd7ecd3f647779eb65ce8c0ee7386f3
io.janstenpickle	trace4cats-core_2.13	0.10.1+14-55694849	-	ff5fb5cdee68a6c87aead1d0be76d728a98abb56
io.janstenpickle	trace4cats-core_2.13	0.10.1+19-06bc6c85	-	081e74a8dd47c5d17af6d31d32e1f75826ff7923
io.janstenpickle	trace4cats-core_2.13	0.10.1+2-1f4d95e3	-	b4b8794ffb62d8273a7d96053d28677631ef096a
io.janstenpickle	trace4cats-core_2.13	0.10.1+23-7d2d2e54	-	dfc5a1980bdfe29b4d7ad493ee057fb16e83fc1f
io.janstenpickle	trace4cats-core_2.13	0.10.1+25-4568de1c	-	cacebbd2e486c9d044b5dd89c3ab206a909c2057
io.janstenpickle	trace4cats-core_2.13	0.10.1+27-dbccb29c	-	4e1d937e6db37ae290f3620a8318fb6dae0df6b1
io.janstenpickle	trace4cats-core_2.13	0.10.1+29-2bf77144	-	ef4dd7bb013c20bebc2cb820e3ba5f7d221067e9
io.janstenpickle	trace4cats-core_2.13	0.10.1+31-871b7f1e	-	1ac9ec7106abfb51be9fa580a9d9d1f1cd327c27
io.janstenpickle	trace4cats-core_2.13	0.10.1+32-1a5bb66b	-	4c16b1cbf9b9feab6b0cac601a47592b9e8d9006
io.janstenpickle	trace4cats-core_2.13	0.10.1+34-61a70c85	-	08d2d047520af59da12a23380065d954830a7b9b
io.janstenpickle	trace4cats-core_2.13	0.10.1+36-ea0b8523	-	9afce973360236d7af73226a4c081c933ec53999
io.janstenpickle	trace4cats-core_2.13	0.10.1+38-d0a4e8cd	-	188301c2227f1ae061593993f6b7ca70bf7a7758
io.janstenpickle	trace4cats-core_2.13	0.10.1+4-13fcb2cb	-	d1bdd7a22d46c5eb0e179e11b8b3dcd306cbbdaa
io.janstenpickle	trace4cats-core_2.13	0.10.1+40-cd5c5e27	-	6772d6843244262c9303ca325fd86c5962be76f9
io.janstenpickle	trace4cats-core_2.13	0.10.1+42-33038cb3	-	66a339773e3c4a65054096e14c38ce2b0b27b007
io.janstenpickle	trace4cats-core_2.13	0.10.1+45-1e1112d5	-	7a927651afb6979d54b3bbeeb1615af36ec487af
io.janstenpickle	trace4cats-core_2.13	0.10.1+47-49a7b7b5	-	f4da6c68cdfa13089b8005245db387b3153f700f
io.janstenpickle	trace4cats-core_2.13	0.10.1+49-aff7b7b8	-	63d83124380a75ad23f5ed3b3693227c5f74fc6e
io.janstenpickle	trace4cats-core_2.13	0.10.1+50-3de3b4de	-	f3669f6adac089eaceeea3121f8c8dbb7595095a
io.janstenpickle	trace4cats-core_2.13	0.10.1+52-00303923	-	57a950a5301a4de32a2986396edd51b6845663da
io.janstenpickle	trace4cats-core_2.13	0.10.1+54-5b03c67e	-	6bbd8c1dcfdf89f44c19f04bf3fa87ec15f5658b
io.janstenpickle	trace4cats-core_2.13	0.10.1+56-57c0868e	-	639bf77b2c7c7d331d041cca62b8ba43612d2d22
io.janstenpickle	trace4cats-core_2.13	0.10.1+58-7d9a813e	-	c4045fe33c5ad71971f4f00a3dd1ba064ebed0e8
io.janstenpickle	trace4cats-core_2.13	0.10.1+61-97dc1216	-	3018cdb9d41f75a06b7f17a3ae714868166b92e9
io.janstenpickle	trace4cats-core_2.13	0.10.1+63-ed6b7230	-	74d649693ddf97a2f613f77d606d7d5fc29f5b13
io.janstenpickle	trace4cats-core_2.13	0.10.1+65-2474740a	-	d03fdffb54a0f23671151b98db43e9e86ba00eb1
io.janstenpickle	trace4cats-core_2.13	0.10.1+67-47c00a3b	-	f22c6922e8c333c483548d9678f4993258e7eca9
io.janstenpickle	trace4cats-core_2.13	0.10.1+69-76dd49b8	-	9e0960812aac6a2872ca813e81cd3040f59364ac
io.janstenpickle	trace4cats-core_2.13	0.10.1+71-a57fa933	-	eb8905baaab5097f802502c08b1665e09225e2d7
io.janstenpickle	trace4cats-core_2.13	0.10.1+75-3b48d622	-	f89de44650064634be7107b7157adb0491aa8f65
io.janstenpickle	trace4cats-core_2.13	0.10.1+77-f6db83c2	-	745da91161978bfb5b7b09af6861064784b59675
io.janstenpickle	trace4cats-core_2.13	0.10.1+79-5e549eff	-	5f688d82940485fda6a3bc4deb756e93040dc14d
io.janstenpickle	trace4cats-core_2.13	0.10.1+8-41dd19ce	-	41f0d5180e2915aa1bb7f60457fc8efac5fb86fd
io.janstenpickle	trace4cats-core_2.13	0.10.1+81-94fa5817	-	db5772f4f1d60ca60c72da9474f00473e8ae8d27
io.janstenpickle	trace4cats-core_2.13	0.10.1+83-b026f7bf	-	123c6edfd5cf2a537a405179eef274411f25bf5b
io.janstenpickle	trace4cats-core_2.13	0.10.1+85-94ce71d2	-	448e5ed0d0f4c15f184663654429b751035cd65f
io.janstenpickle	trace4cats-core_2.13	0.10.1+86-da0bcdf0	-	8f7f3c6f1ed938bb4a306bd4b21ec737f32554df
io.janstenpickle	trace4cats-core_2.13	0.10.1+88-895adf24	-	2dfdfc716ebb00a0a9f1166022d1aaf655405ff7
io.janstenpickle	trace4cats-core_2.13	0.10.1+90-cd417bb3	-	b7a7ceade7d3b50f3259e13c8bc19b3a20c1bb82
io.janstenpickle	trace4cats-core_2.13	0.10.1+92-6add905f	-	2e67a5e7eb4a06e04c4d95b777f440dc4ee43db4
io.janstenpickle	trace4cats-core_2.13	0.10.1+94-78a47e5e	-	ff7067d5342b64d0f3fd68340912446cfaa33297
io.janstenpickle	trace4cats-core_2.13	0.10.1+96-506a5de4	-	8f63a6e8b931605cdc9c087026ca6adb2c1bc902
io.janstenpickle	trace4cats-core_2.13	0.10.1+99-e293587b	-	47ed99ce0af85b4c9e469a936ec116cf254b22cc
io.janstenpickle	trace4cats-core_2.13	0.11.0	-	a6cbff8c7cc68b91a203303c0fbecb52c0bf1e5e
io.janstenpickle	trace4cats-core_2.13	0.11.0+79-d21ea0df	-	70de0aac1c5aeddbb0b22e56ec84dc7c9d6992bd
io.janstenpickle	trace4cats-core_2.13	0.11.0+80-21dd59d7	-	ef8a4ffabcb17160768c1300ea7a45b1aac55815
io.janstenpickle	trace4cats-core_2.13	0.11.1	-	054567848f2be1f33d978f635797d4e0d39c77b3
io.janstenpickle	trace4cats-core_2.13	0.12.0	-	996ce448257583065d3288c93dd25463038cd5de
io.janstenpickle	trace4cats-core_2.13	0.12.0+111-8d6ea03c	-	ea2fa81ad72aae0174caa7193d2b0eeed2152ecf
io.janstenpickle	trace4cats-core_2.13	0.12.0+65-90737804	-	4cb79c60153848530aa684ccfa8aea719d939cea
io.janstenpickle	trace4cats-core_2.13	0.12.0-RC1	-	6e452156b17b7fc1ff9d640bef6064f6a54d81f4
io.janstenpickle	trace4cats-core_2.13	0.12.0-RC1+10-1acfba3a	-	8cf68838803049a400b5373892bec6f297b7a093
io.janstenpickle	trace4cats-core_2.13	0.12.0-RC1+104-bbf8a8bd	-	28a5a8e1058ea5179ffd647e06e40605cc698ca5
io.janstenpickle	trace4cats-core_2.13	0.12.0-RC1+12-57ed71f7	-	ffde90d8030409e9a1ace8e7cdb8a126210363c9
io.janstenpickle	trace4cats-core_2.13	0.12.0-RC1+125-f68e01bd	-	7b682529d712cacabf34673b337bb6327ca7109a
io.janstenpickle	trace4cats-core_2.13	0.12.0-RC1+128-9e36e321	-	f66706426678eae498edb0e76047e88190cef5ce
io.janstenpickle	trace4cats-core_2.13	0.12.0-RC1+14-556dcbc9	-	19a2178aae1650e131a8995c06211d4aa5dccbdb
io.janstenpickle	trace4cats-core_2.13	0.12.0-RC1+144-2e5fe5eb	-	b5653facf2a62d0565b0c0f7d1ae677ae6a772ca
io.janstenpickle	trace4cats-core_2.13	0.12.0-RC1+146-d193db1e	-	23be3f00ce54b550bb3fdcf442b335f9722ab134
io.janstenpickle	trace4cats-core_2.13	0.12.0-RC1+148-ffc89c33	-	0b46c28b7bed2b48907c29579d27567a1b87d45a
io.janstenpickle	trace4cats-core_2.13	0.12.0-RC1+150-44d78e6d	-	3d08be0ab9c775a76388aede82f08029c873ad66
io.janstenpickle	trace4cats-core_2.13	0.12.0-RC1+152-e3a578e1	-	e67b8ad7ef3ce53ac80fac6179ae3203c95a364b
io.janstenpickle	trace4cats-core_2.13	0.12.0-RC1+156-7ea07b63	-	47952e27ace69758f8bc17b760455ccd2e5fa582
io.janstenpickle	trace4cats-core_2.13	0.12.0-RC1+159-1f006820	-	644ab2be90501f27c9d7d0da7fbeecca0e5627a7
io.janstenpickle	trace4cats-core_2.13	0.12.0-RC1+16-4a628e17	-	619cc10184feb74913c7edf2b130a4419f9ed782
io.janstenpickle	trace4cats-core_2.13	0.12.0-RC1+162-70070fb2	-	1cad364e800fa0f80a526f1c079436043f0eaeea
io.janstenpickle	trace4cats-core_2.13	0.12.0-RC1+18-85264314	-	7f350c5e13ead17e46e08f4d5d80a1328f382533
io.janstenpickle	trace4cats-core_2.13	0.12.0-RC1+187-ac987cd2	-	c6e77e5d17442426754d2dd812c8945e571403e9
io.janstenpickle	trace4cats-core_2.13	0.12.0-RC1+188-05746b3c	-	de0daf7d20f1d59b451344ca4fdd6c4034c1f8fb
io.janstenpickle	trace4cats-core_2.13	0.12.0-RC1+191-347e4fc7	-	425312c0d2f9d900da8a157a73c84e76edf8be8e
io.janstenpickle	trace4cats-core_2.13	0.12.0-RC1+2-7529693c	-	0fa24b7430e8147ccbfa15c636685b815dc10497
io.janstenpickle	trace4cats-core_2.13	0.12.0-RC1+20-6e08950f	-	61a0ec3b48d9ffb40ead3ac51e3f154446f76986
io.janstenpickle	trace4cats-core_2.13	0.12.0-RC1+202-88ae59d2	-	378e127d62eff881a7794390de13d20c114f2b87
io.janstenpickle	trace4cats-core_2.13	0.12.0-RC1+22-e7d2a52a	-	adf22f4db0bbd961f7cf561724594e9ee9b715fa
io.janstenpickle	trace4cats-core_2.13	0.12.0-RC1+24-49ec34ca	-	6b41302437d4aa8eb45ea78996229ccdbb8705db
io.janstenpickle	trace4cats-core_2.13	0.12.0-RC1+26-0ee94bdc	-	62b1df7bd3c86b1327be038920218b65e555d82e
io.janstenpickle	trace4cats-core_2.13	0.12.0-RC1+28-3dbf2691	-	019ef710de660810b1ea4e563d79b8f75042bfc6
io.janstenpickle	trace4cats-core_2.13	0.12.0-RC1+4-3678a569	-	4368d720a5ac4b7e31419b7cb4b7cd9850fbd381
io.janstenpickle	trace4cats-core_2.13	0.12.0-RC1+6-1a426dd2	-	72d563b49e301b8b85232c7e62b17b922a30d3ba
io.janstenpickle	trace4cats-core_2.13	0.12.0-RC1+8-1b586be3	-	67a977fc79475b6b5bae4ffe818efd4c61217fe0
io.janstenpickle	trace4cats-core_2.13	0.12.0-RC1+85-6d61581e	-	4050d43bc28d56b14d2af4e32d87eeac991760b3
io.janstenpickle	trace4cats-core_2.13	0.12.0-RC1+87-488c0deb	-	2c120350053bcd0c8dc78619c70854c5b98199f6
io.janstenpickle	trace4cats-core_2.13	0.12.0-RC1+95-d8e1ce7b	-	e6c847153aa23fb4abf1238587932baf8c873605
io.janstenpickle	trace4cats-core_2.13	0.12.0-RC2	-	5b092aa4777923a86e4919f92b6666456ec19d4d
io.janstenpickle	trace4cats-core_2.13	0.12.0-RC2+17-d73c7ff3	-	12401822744fc704616a671c5540d14cefeb059f
io.janstenpickle	trace4cats-core_2.13	0.12.0-RC2+18-2de6b68e	-	98f86e7ae025167f26a67c601029b6465b433b81
io.janstenpickle	trace4cats-core_2.13	0.12.0-RC2+5-4338faed	-	653d18343e5c7ef27525f4b310e3098c895ad650
io.janstenpickle	trace4cats-core_2.13	0.13.0	-	52bd00a3554ac571d5f20de018da52b4b73b0df3
io.janstenpickle	trace4cats-core_2.13	0.13.1	-	e92b168fd402fe1b4049259cf2089edcbcc3e6e0
io.janstenpickle	trace4cats-core_2.13	0.13.1+101-e3262b46	-	4899f383859848b254cc51a49ce31dcb75bef626
io.janstenpickle	trace4cats-core_2.13	0.13.1+106-d0c19130	-	970a286c81b55903384c206e179c4a59b3f85bfb
io.janstenpickle	trace4cats-core_2.13	0.13.1+108-e5f14927	-	107fca20d00e15b9734ab5e4f80f2601e52c3280
io.janstenpickle	trace4cats-core_2.13	0.13.1+110-f0adea73	-	e13a0e7a1a3b9e42a366de59f22840f800df54fe
io.janstenpickle	trace4cats-core_2.13	0.13.1+114-c5a4b269	-	083aa9e9f9985f3ade9f6acc60e34229bc57da14
io.janstenpickle	trace4cats-core_2.13	0.13.1+12-491cff7e	-	652d313ef041e3f69e6b97f6007904e8487bbc36
io.janstenpickle	trace4cats-core_2.13	0.13.1+16-78f06e87	-	e168fb263335c81e2b1a4443a4d5c5d290bb8d6d
io.janstenpickle	trace4cats-core_2.13	0.13.1+20-973c3271	-	d5e36410272f6bc895d42572e97b87fe2c566c32
io.janstenpickle	trace4cats-core_2.13	0.13.1+21-b3ad01df	-	ade58c976bf7ef2c3e8e441039d965bc8decc36d
io.janstenpickle	trace4cats-core_2.13	0.13.1+36-f339da81	-	e8e9c67da34b784517a847cba6a34471e412dade
io.janstenpickle	trace4cats-core_2.13	0.13.1+40-bcd8fd98	-	a7a70083b51cab52319c1273f8ecbda2e30e6430
io.janstenpickle	trace4cats-core_2.13	0.13.1+43-115b73cf	-	54dea4f43b7d536fef8466442c1fb6fc0cef8835
io.janstenpickle	trace4cats-core_2.13	0.13.1+47-b7b0d08f	-	e14ed835b63ee706e161e434b7a271470b068472
io.janstenpickle	trace4cats-core_2.13	0.13.1+65-8ded2335	-	8f5a7a0b48f97739397ed42d54a7ce0df8e5360a
io.janstenpickle	trace4cats-core_2.13	0.13.1+67-a7d9b849	-	7b853b05d9f16b0e12f74d2319871725bd0e449a
io.janstenpickle	trace4cats-core_2.13	0.13.1+69-4962454c	-	ab183e68a51804e736c3e6402f5162a5cf810f3f
io.janstenpickle	trace4cats-core_2.13	0.13.1+93-3b55f15a	-	41161f0a86da91c95963a028aecf954fa22471a8
io.janstenpickle	trace4cats-core_2.13	0.14.0	-	58ba06e90b51c5237791d30e02a9496660d4c36b
io.janstenpickle	trace4cats-core_2.13	0.14.0+22-258b5fc2	-	b21ffbbf950bb7ed93e11eeb2f561ac099889945
io.janstenpickle	trace4cats-core_2.13	0.14.1	-	7d11d30701205fd72b34a595b6e0b1c0af10b257
io.janstenpickle	trace4cats-core_2.13	0.14.2	-	9388b53fd7ceb115440bec74665dde1837ac33da
io.janstenpickle	trace4cats-core_2.13	0.14.2+12-afb80834	-	634b99550d280978110ad05c38ab74954a9f20e7
io.janstenpickle	trace4cats-core_2.13	0.14.3	-	0cbf29f81703d8f2d22b86f5dac0a9b2b86ed174
io.janstenpickle	trace4cats-core_2.13	0.14.3+9-bc80c2f9	-	102463fcdcc67a590fb836f0524d0f025fea838c
io.janstenpickle	trace4cats-core_2.13	0.14.4	-	9ada3d3f7177e6ee84ade97bb0fae194657cabf9
io.janstenpickle	trace4cats-core_2.13	0.14.4+7-f3a8dc3c	-	14f6ab55fb3e0c7079088cbfff7cf3ca5620b639
io.janstenpickle	trace4cats-core_2.13	0.14.5	-	d4ccf9606c880ca962fa8f6e4d3aece62eb8b3b0
io.janstenpickle	trace4cats-core_2.13	0.14.6	-	0cd1ef0e73956996a3ee73d4acd3720a9eea5758
io.janstenpickle	trace4cats-core_2.13	0.14.6+10-58362320	-	0ba2b6d3e4a180e444d3bdeae7ed5cf5d29e5ee7
io.janstenpickle	trace4cats-core_2.13	0.14.6+17-85a1a0e3	-	de9d7b71a9053bba9cb8d620f0fdc09880d09e5f
io.janstenpickle	trace4cats-core_2.13	0.14.6+19-7d08d23b	-	06ced0897083163cc27f92b9e4003e9bf0468f5d
io.janstenpickle	trace4cats-core_2.13	0.14.6+24-05189eeb	-	d6e8dca5b53494da073d2f203f9a2d141bb6c9b3
io.janstenpickle	trace4cats-core_2.13	0.14.6+28-b7819363	-	06a227799e8feb5ccd605d002acf45da408050da
io.janstenpickle	trace4cats-core_2.13	0.14.6+30-6c5c2267	-	17e786ecd793810dfdaf3233bf4adbb48ce77f95
io.janstenpickle	trace4cats-core_2.13	0.14.6+42-61164d80	-	b82875f4189280f78573146eb662e32157993a3d
io.janstenpickle	trace4cats-core_2.13	0.14.6+53-d2a77aff	-	68022611896a5a484c7b0bb76f369f2e5d0c7f2f
io.janstenpickle	trace4cats-core_2.13	0.14.6+58-e51f9d48	-	e3f058b554b402faaac1b1a04037593a0e9cfb24
io.janstenpickle	trace4cats-core_2.13	0.14.6+60-4407376d	-	6b8d642554f86104e26d6d6066ac96918e41e2fa
io.janstenpickle	trace4cats-core_2.13	0.14.7	-	b68d843821f0906982cb9a53dc4734de458eb100
io.janstenpickle	trace4cats-core_2.13	0.2.0	-	8b924c1770fde5fb472c82467321c43428e1a58b
io.janstenpickle	trace4cats-core_2.13	0.2.0+1-b13cdc37	-	ad81b1ad541003329b6c0bfe141374c010bfbd5b
io.janstenpickle	trace4cats-core_2.13	0.2.0+10-22fefa0f	-	995664ed6751ff3aa9f3f5aba2c59d8ef368e41e
io.janstenpickle	trace4cats-core_2.13	0.2.0+13-a707db62	-	945a6ce756ccefbbe494e26bc66c6a6ca0ce5280
io.janstenpickle	trace4cats-core_2.13	0.2.0+14-4bbaee9d	-	b73bbebd4b31467a46b5c0632f2057da756c658e
io.janstenpickle	trace4cats-core_2.13	0.2.0+16-191bf756	-	20678c114b8dd655872b64cca349f52d7bfeb0f7
io.janstenpickle	trace4cats-core_2.13	0.2.0+18-1abfe3df	-	9bbe58d3d7a0065ec2524d20305a4e5f194e3626
io.janstenpickle	trace4cats-core_2.13	0.2.0+2-50d27dc2	-	35fb788696c9a4ecfa90f6440d1e0351175bfe98
io.janstenpickle	trace4cats-core_2.13	0.2.0+4-ec21184f	-	7730f5775be7e90eadaa0df5c8a16669090fc896
io.janstenpickle	trace4cats-core_2.13	0.2.0+6-29c0a493	-	753485f9c45ddf3b079412ef12277a7fbf78d7ba
io.janstenpickle	trace4cats-core_2.13	0.2.0+7-43201aab	-	cd1e528f79869dcde991ce841d9f2e712db3eaf9
io.janstenpickle	trace4cats-core_2.13	0.2.0+8-588c25b9	-	f49ee23932cb16b0893b6b411d47f6f49746927b
io.janstenpickle	trace4cats-core_2.13	0.3.0	-	f996f6672e897a4c27d77dd2b311d33c40b718e1
io.janstenpickle	trace4cats-core_2.13	0.3.0+16-c501d8e1	-	62405073a3aebee1995a8f6eeb6b8d18cf94d8ed
io.janstenpickle	trace4cats-core_2.13	0.3.0+18-28c5f344	-	736b784bada4a628594d1210057f03dc415d94c4
io.janstenpickle	trace4cats-core_2.13	0.3.0+2-0f03f7f2	-	18f7f6136a4807d61ba1b1627e5e274a21236727
io.janstenpickle	trace4cats-core_2.13	0.3.0+25-1964ba4d	-	2859b2cf2a6bd9844eb4c74cffc745c2b36707bc
io.janstenpickle	trace4cats-core_2.13	0.3.0+27-bc394f6c	-	01eb7354974500582a0699274e08f4203225595e
io.janstenpickle	trace4cats-core_2.13	0.3.0+29-100cb04c	-	ce157d8a4d8a28944a07bed70b0db9f4747808d1
io.janstenpickle	trace4cats-core_2.13	0.3.0+31-98438dec	-	752d1843544d12859ed1e2514450983c3392dbdc
io.janstenpickle	trace4cats-core_2.13	0.3.0+35-2e8b3a98	-	fd46d173f5b695af7769cb561afd84acdbf0c350
io.janstenpickle	trace4cats-core_2.13	0.3.0+37-ca3ca281	-	ac5eaf95125464146937cd4a7ce29d9d64779091
io.janstenpickle	trace4cats-core_2.13	0.3.0+4-8cc1b336	-	e2e775c15ef53757b9cf56d6e73a5d6d9d7b1b28
io.janstenpickle	trace4cats-core_2.13	0.3.0+41-b1bb5422	-	d8cb606e2f11fc5a06786012324e12b39a528756
io.janstenpickle	trace4cats-core_2.13	0.3.0+43-76879f7b	-	cb34ee69bffef77da444f5664cc385956a697655
io.janstenpickle	trace4cats-core_2.13	0.3.0+45-c7677ee6	-	613aa7040a2934079d0b6254d38418f03753380b
io.janstenpickle	trace4cats-core_2.13	0.3.0+47-c6ee0f82	-	b203a916d7c86e9d6dbde10ea9f55c3a6d56f4a4
io.janstenpickle	trace4cats-core_2.13	0.3.0+49-1f6bcff7	-	e62b0314cf6868b51986a15b1ab8de053ddccbd2
io.janstenpickle	trace4cats-core_2.13	0.3.0+53-c8744c4f	-	dad5faeffbced9f3a3f4b62c52db00512ee3e7eb
io.janstenpickle	trace4cats-core_2.13	0.3.0+55-eaa4bf16	-	459ab12fdd802ed7659677df14c6e1a75583f555
io.janstenpickle	trace4cats-core_2.13	0.3.0+57-e5a60e41	-	80747f1e8e37cf16260803758f9082c1262718c8
io.janstenpickle	trace4cats-core_2.13	0.3.0+59-d37c7847	-	59f5e44168f2993d7229962c2d9d53c00fe7530a
io.janstenpickle	trace4cats-core_2.13	0.3.0+6-1d40248e	-	c41e08f13daded210dd8644450281d9befe9bd26
io.janstenpickle	trace4cats-core_2.13	0.3.0+61-38343958	-	15e17d0ead34e835cdc9ce5b6706ba95fe4d1544
io.janstenpickle	trace4cats-core_2.13	0.3.0+63-fb0b2dfb	-	0446560515071d62a25bb0145b542beb324c59c8
io.janstenpickle	trace4cats-core_2.13	0.3.0+71-4ec5fa86	-	3c74ea9279a6d21b2f2785eeb3d3f9397dcc39e5
io.janstenpickle	trace4cats-core_2.13	0.3.0+73-ed591f18	-	34de3d80e02ffded0d3ef9be961e92f407f5bf23
io.janstenpickle	trace4cats-core_2.13	0.3.0+75-c9154492	-	a8b1afba459a94f42802d64b427ea60c0ab581d1
io.janstenpickle	trace4cats-core_2.13	0.3.0+77-05ded381	-	87287e63f34d449006aedbfbd0480340530a4b91
io.janstenpickle	trace4cats-core_2.13	0.4.0	-	edc68cd64f61afbdb44978d46c83408352ce5374
io.janstenpickle	trace4cats-core_2.13	0.4.0+11-6dbaf373	-	3a53f09b7fbd3804cee708f9560fa159a331c1de
io.janstenpickle	trace4cats-core_2.13	0.4.0+14-7c8069aa	-	aa22b811d4828581baa330156caffb99314dd848
io.janstenpickle	trace4cats-core_2.13	0.4.0+16-6b1115f8	-	c5a84ab951363a475df41e303c31e91d431fe2f1
io.janstenpickle	trace4cats-core_2.13	0.4.0+18-467f8fab	-	e41a5cb84eb81833a4890c3f9501c4f5f41fe212
io.janstenpickle	trace4cats-core_2.13	0.4.0+26-5dfd44a5	-	19682a6890b4e56b8f1242daa5ebf451c284e3e4
io.janstenpickle	trace4cats-core_2.13	0.4.0+3-c4923314	-	9944b1862c33b68bb71f1e03842cbb5cd656da96
io.janstenpickle	trace4cats-core_2.13	0.4.0+41-2c78899a	-	fc91a9af5fc44949eab9b1aa4ea5cc38ab8478fd
io.janstenpickle	trace4cats-core_2.13	0.4.0+47-80ce121f	-	bb9dbf15e1a2ceee6d002cf245f7fcd84d918e70
io.janstenpickle	trace4cats-core_2.13	0.4.0+5-3a429818	-	f15dd495ba059d75b5ccd916c0323f6a31981499
io.janstenpickle	trace4cats-core_2.13	0.4.0+51-f07a1f42	-	862a9a3d1cda0749823fac48383c1698620d3cda
io.janstenpickle	trace4cats-core_2.13	0.4.0+53-6e73e55e	-	cbd3d2d482d715ad8b97291286b8109ec9bc78af
io.janstenpickle	trace4cats-core_2.13	0.4.0+7-e48bf501	-	339f837020f88a77d2778f5657c547fe5e2ddc23
io.janstenpickle	trace4cats-core_2.13	0.4.0+9-3c1b5d56	-	033d2306ec1004cbb2f3eebcea97b92a272c02c1
io.janstenpickle	trace4cats-core_2.13	0.5.0	-	d2def443d1e472397031110ac57f5bcb7fa6a1ef
io.janstenpickle	trace4cats-core_2.13	0.5.1	-	c2702f1b63a736735072117ec1d1fce9b42531dc
io.janstenpickle	trace4cats-core_2.13	0.5.1+2-8533a57d	-	cd59da62908caaeae2df3c6e0dfe78024254d10c
io.janstenpickle	trace4cats-core_2.13	0.5.2	-	376599d30fb5e4cba539e962d0c09aa5b1a4d47a
io.janstenpickle	trace4cats-core_2.13	0.6.0	-	9c8c01d784bc33aea71790467b370a5986379044
io.janstenpickle	trace4cats-core_2.13	0.6.0+11-873b4710	-	b3f48f171821c7722bbad625a545ef419b864254
io.janstenpickle	trace4cats-core_2.13	0.6.0+13-ef91afe7	-	5b809d4abf92bd61d1d45a61d17682914f7ad667
io.janstenpickle	trace4cats-core_2.13	0.6.0+14-68725e97	-	0baf35c785eaf3a0133e76ffbf25de85694fb34f
io.janstenpickle	trace4cats-core_2.13	0.6.0+17-ebfd789c	-	9540fe4d4b4014d762349704c0b1cf7ab7702a64
io.janstenpickle	trace4cats-core_2.13	0.6.0+2-fc7e40e9	-	ec1e11d108a6b749ab5fd0e5b5b94d7148a1ce88
io.janstenpickle	trace4cats-core_2.13	0.6.0+32-9c0fbbf8	-	20b9a6bd201109fb59c58777e75e2903e6fa7994
io.janstenpickle	trace4cats-core_2.13	0.6.0+34-3596e503	-	3dcab14c0c81e4fe75587334ac833d4e8a603f71
io.janstenpickle	trace4cats-core_2.13	0.6.0+38-f428c548	-	9980b105daf6c66733e8e7da06bedfab90fbea45
io.janstenpickle	trace4cats-core_2.13	0.6.0+40-29422cda	-	e1a9b03b61e6b1b99b6f83336d483cc88c249ca7
io.janstenpickle	trace4cats-core_2.13	0.6.0+43-50937d92	-	a921cfeebfb10912d56b47c444cb5d226ca82c46
io.janstenpickle	trace4cats-core_2.13	0.6.0+45-91003979	-	40490d40b82898099fbbce80516ac818f6b5f88c
io.janstenpickle	trace4cats-core_2.13	0.6.0+47-b6122636	-	383b016323c51b0f99b33d2cf9407538c416489e
io.janstenpickle	trace4cats-core_2.13	0.6.0+51-ea76fea5	-	5c93b9a573528ffdd7818102a22bc4f51ed00756
io.janstenpickle	trace4cats-core_2.13	0.6.0+6-fbfaa374	-	328416b363549cfaf24aefa769f5c5ac39ec3e17
io.janstenpickle	trace4cats-core_2.13	0.6.0+66-03a73d22	-	87b22f4766d054c0686ccb331c0a944d3d8ed301
io.janstenpickle	trace4cats-core_2.13	0.6.0+74-3c4c4402	-	1ddf144eaff2e5b489e6cf810883ff419cb90616
io.janstenpickle	trace4cats-core_2.13	0.6.0+78-087550f6	-	c4499d594f0b561d105f64b0763a0782c88f3a4c
io.janstenpickle	trace4cats-core_2.13	0.6.0+8-92cd29af	-	8acbd8f0cd3a737242c071f49027b5bc81ab0a21
io.janstenpickle	trace4cats-core_2.13	0.6.0+80-1dce5de8	-	18175b20541ec5d63a1cc69246363b3dc9fcadd5
io.janstenpickle	trace4cats-core_2.13	0.6.0+85-a4aac290	-	b755093aea488e7e40847eb03b2118d8e99957f1
io.janstenpickle	trace4cats-core_2.13	0.6.0+87-05169465	-	cefc940e5de488f62a45d2ab1c3335762530a0f8
io.janstenpickle	trace4cats-core_2.13	0.7.0	-	a029483b4fbb0383acca3ff217d899dd85253541
io.janstenpickle	trace4cats-core_2.13	0.7.0+10-b2afe0d9	-	8455a3d387d65864296ec2a494f5ddd6a0bcd53e
io.janstenpickle	trace4cats-core_2.13	0.7.0+106-b81743d5	-	dfe0683c444013f609f8f388560f8b5fb07a3b9b
io.janstenpickle	trace4cats-core_2.13	0.7.0+108-28e83170	-	bbbdd15b75627602f312aac7ea219d83471bdc01
io.janstenpickle	trace4cats-core_2.13	0.7.0+112-adf55fb6	-	62b48c982b518458a570249d6803d51785dc4970
io.janstenpickle	trace4cats-core_2.13	0.7.0+114-82681a97	-	572a08c761f010e8e1f555f19e135d77eb668ec6
io.janstenpickle	trace4cats-core_2.13	0.7.0+116-aeb6ff02	-	d599adb157a5ea250a6f7a23f1f6eb9e69c8c02e
io.janstenpickle	trace4cats-core_2.13	0.7.0+118-9fd1a3f8	-	09c514efd232d4d5d3e1e470c398af23f2b6a0c9
io.janstenpickle	trace4cats-core_2.13	0.7.0+120-1b0f5226	-	83a30953c81707fb617e8af09157d2f39ddaeaef
io.janstenpickle	trace4cats-core_2.13	0.7.0+122-8f5d7f9e	-	c60d6f436335744ec69d6cdc389f7e1cad5c54e6
io.janstenpickle	trace4cats-core_2.13	0.7.0+126-402a61f6	-	cd1380289a1681c320865f636c621ff3aa8bdee2
io.janstenpickle	trace4cats-core_2.13	0.7.0+128-40c44240	-	35310e40fafc67407be39f85bad69091aa649df5
io.janstenpickle	trace4cats-core_2.13	0.7.0+130-95f27b0d	-	5c98ac86abfa191555a939c2b2d39f4181cb7eec
io.janstenpickle	trace4cats-core_2.13	0.7.0+138-f5ea5961	-	c7dce3cdc3bfb94f1b0c19a5b3e8d9af106fc6cc
io.janstenpickle	trace4cats-core_2.13	0.7.0+14-c8a04328	-	4368dedc70f2741acda7b3456224324fb477e4f4
io.janstenpickle	trace4cats-core_2.13	0.7.0+140-82b09f14	-	f4093218ada56c809cde25a4194a01c7a6d94c2e
io.janstenpickle	trace4cats-core_2.13	0.7.0+142-0f686baf	-	31118f56fcdf2ed49a450db24d328d1326ea25fe
io.janstenpickle	trace4cats-core_2.13	0.7.0+149-9c0aa740	-	7c6755b235c4b7e5a08a1a7cd743c449db391e58
io.janstenpickle	trace4cats-core_2.13	0.7.0+151-a9c8a5aa	-	ab8a1d77dff7d25640bf6a19f971f601633fa90e
io.janstenpickle	trace4cats-core_2.13	0.7.0+153-ce1ba507	-	15c848ff818ac03cc51154f3da37bc3ce221c43f
io.janstenpickle	trace4cats-core_2.13	0.7.0+155-b0af7f41	-	54844d14ab1b4613bf8fd0955d42b1407e61a388
io.janstenpickle	trace4cats-core_2.13	0.7.0+157-6e955bb6	-	492405f9c06e7d063a03231184d297ba6c4289e5
io.janstenpickle	trace4cats-core_2.13	0.7.0+159-04af9962	-	8798abd7f823d7280519262c76392547fe3854ce
io.janstenpickle	trace4cats-core_2.13	0.7.0+16-24ac186d	-	be2a15a8794eb0ccac32cd487f4ca4c6a724f6a8
io.janstenpickle	trace4cats-core_2.13	0.7.0+164-c44e04d4	-	6985e96c95afd7aad760e8f2f4a2363f27c8251f
io.janstenpickle	trace4cats-core_2.13	0.7.0+166-1f72f225	-	2857c134088d4c12de14f8c4d1dc0d57911792e4
io.janstenpickle	trace4cats-core_2.13	0.7.0+168-2ce97ef2	-	888e394aa55a5c372377ef036ae051df3eec7841
io.janstenpickle	trace4cats-core_2.13	0.7.0+170-0754ddab	-	ff69a8ff3ee7153d3b57bf88ede1e6c7654dcea3
io.janstenpickle	trace4cats-core_2.13	0.7.0+172-be87c1e1	-	6e7a042eef7ba4520683c3790a842c1a48a4ec28
io.janstenpickle	trace4cats-core_2.13	0.7.0+174-c7d97691	-	52e668f42633ab25b63c39c004d5df8755eff94b
io.janstenpickle	trace4cats-core_2.13	0.7.0+176-7126003d	-	0073ad3d3240f4cf81581be46cd55e4da15f265d
io.janstenpickle	trace4cats-core_2.13	0.7.0+178-5bb006fe	-	81fe75fe4431497ffcf91cf52faa3772b14ad6e0
io.janstenpickle	trace4cats-core_2.13	0.7.0+18-61d7b699	-	773a52cb83b7188d2dc9d99be178af611eadd986
io.janstenpickle	trace4cats-core_2.13	0.7.0+180-838ae5fd	-	cb521c95a0a7f79a0beb45d4d34a4b6e45cd65ff
io.janstenpickle	trace4cats-core_2.13	0.7.0+185-5069854e	-	e4c389b4ce1b9cf7bbc1ed7feb8840caf2596120
io.janstenpickle	trace4cats-core_2.13	0.7.0+196-4786e06f	-	2f04f1a13af76d135c6505324f57e126fe2f2d16
io.janstenpickle	trace4cats-core_2.13	0.7.0+199-56e1748d	-	49a2b6b6f5afd539347478d9662928c5d3123c45
io.janstenpickle	trace4cats-core_2.13	0.7.0+2-8c722c3a	-	33ab4560c1866d8ec511d0fdeca0872c5427530f
io.janstenpickle	trace4cats-core_2.13	0.7.0+20-2202f9cd	-	a854b01efb2884055d7808b8b3f58948b7f55f0a
io.janstenpickle	trace4cats-core_2.13	0.7.0+201-0dc4aa4d	-	44ac9ba4f9b5304262b1b2b85041bb86b8f91b33
io.janstenpickle	trace4cats-core_2.13	0.7.0+204-83a471b2	-	812187827559129e546ad781c5e5534b14f8a306
io.janstenpickle	trace4cats-core_2.13	0.7.0+206-0972c281	-	476aaeaaed436db5eb2eaf2c0be31938cbd7c7aa
io.janstenpickle	trace4cats-core_2.13	0.7.0+208-b9afe532	-	3446939811672cf582ca32eca2df7d54e165392d
io.janstenpickle	trace4cats-core_2.13	0.7.0+210-4619f265	-	e253e47f21c5400ee5833418a09f36c0b855c684
io.janstenpickle	trace4cats-core_2.13	0.7.0+214-9cff53d8	-	e17250ffb2aa753347e87a3f971e9e88121d2790
io.janstenpickle	trace4cats-core_2.13	0.7.0+216-c9f6ceeb	-	5e2a8e360a06f5fc53e1686120239df213b5459d
io.janstenpickle	trace4cats-core_2.13	0.7.0+219-d64bc71d	-	3674f7caaceb639e883593b474058ea195d6463c
io.janstenpickle	trace4cats-core_2.13	0.7.0+22-a8919d61	-	ea93a62e3f4637f8f539b0869633fa37c810ebc6
io.janstenpickle	trace4cats-core_2.13	0.7.0+223-f499c6f2	-	f773977c7435b00a73861c2eb2413c41949afb44
io.janstenpickle	trace4cats-core_2.13	0.7.0+227-ea54ea9d	-	327d3d9d1858fb3774b5abc1b169aaa6384f70b7
io.janstenpickle	trace4cats-core_2.13	0.7.0+229-543bea37	-	da25ad794360d93800a9004fbd9eec1d4317023d
io.janstenpickle	trace4cats-core_2.13	0.7.0+231-40240baf	-	f111e424142aae05f410cb049855a56179f5a721
io.janstenpickle	trace4cats-core_2.13	0.7.0+249-6a142bd1	-	c6c8442387d95d99d972515378b82784ebcdf514
io.janstenpickle	trace4cats-core_2.13	0.7.0+251-76627301	-	40487e1f7305bfa06604c4d22da4c260e3d7c0ee
io.janstenpickle	trace4cats-core_2.13	0.7.0+255-2aee0e76	-	5bbf2c8e31b6f61b7973d82f2083fc923c732e01
io.janstenpickle	trace4cats-core_2.13	0.7.0+257-7bc24ca9	-	9058453a9fac73fc27c158cff8831653aa77f8be
io.janstenpickle	trace4cats-core_2.13	0.7.0+261-0e1e1007	-	3f3484f353983dbc8605bb8abb13b39d1ffa12a3
io.janstenpickle	trace4cats-core_2.13	0.7.0+265-3b881076	-	0146639cbf4d12e69948b083cdaecdd844a451dc
io.janstenpickle	trace4cats-core_2.13	0.7.0+30-ddd7378e	-	708f68fd137734c5d76899a6c06f12d36847acd1
io.janstenpickle	trace4cats-core_2.13	0.7.0+31-fbcb839e	-	5b44474d387842c06264f060f29569dd69e06676
io.janstenpickle	trace4cats-core_2.13	0.7.0+37-12adeba0	-	f3efa6fa9fa7993d902b224500ad51d3d9c0ce7d
io.janstenpickle	trace4cats-core_2.13	0.7.0+39-64f162de	-	b6c38349a127b165e19142339ddc673a221f2335
io.janstenpickle	trace4cats-core_2.13	0.7.0+4-a691d67f	-	89065ee5f42babe5eb6581a17205ed5ee33ade36
io.janstenpickle	trace4cats-core_2.13	0.7.0+42-82baa78b	-	ab6e4d207229f27e5f907d3ac8959052afc16232
io.janstenpickle	trace4cats-core_2.13	0.7.0+46-20e012a6	-	29cb6897d81a43259be87e573941017dbc5cb45a
io.janstenpickle	trace4cats-core_2.13	0.7.0+48-544026ee	-	783172b546de22e4afd32c4b4500c59b114dc0c7
io.janstenpickle	trace4cats-core_2.13	0.7.0+50-7951bff0	-	ad459b9a812353b307e6ca4e34ac2fe5d098f069
io.janstenpickle	trace4cats-core_2.13	0.7.0+52-06ce14d4	-	a13e728de804caf216edf003fc4f396a345c0562
io.janstenpickle	trace4cats-core_2.13	0.7.0+54-77570754	-	4d09eb4abade7e8d960c39d24e8b1b97140c437e
io.janstenpickle	trace4cats-core_2.13	0.7.0+56-8425ccfa	-	84ce4062c82899fca1af4912221cbd9097983fd1
io.janstenpickle	trace4cats-core_2.13	0.7.0+58-24330f60	-	8c1ed21390510d4459d2d3277fac6482211f3eb8
io.janstenpickle	trace4cats-core_2.13	0.7.0+6-3a70736d	-	f91e0af815f8c5df6e05e71f37bc6c4b0c2969a4
io.janstenpickle	trace4cats-core_2.13	0.7.0+60-7fe63ef3	-	b5a1056aa6f3f52f47e0dde266822bc82d43ebc5
io.janstenpickle	trace4cats-core_2.13	0.7.0+62-1596cfc7	-	d49c7ebb0538902a3699a2ed47ccc03cccf1dfc9
io.janstenpickle	trace4cats-core_2.13	0.7.0+66-dfadcc1e	-	7fc1db32c22fa4bf7da0810521a0a6ee3eca540d
io.janstenpickle	trace4cats-core_2.13	0.7.0+68-46595423	-	8a2e8d2055e68372ca6fc7f5a8c75e04938c09bc
io.janstenpickle	trace4cats-core_2.13	0.7.0+70-384af402	-	509792ea12b17cb27cfc9f28c354e71f4dbe1322
io.janstenpickle	trace4cats-core_2.13	0.7.0+74-4443c198	-	195561c0fd6cc57ff7829f291f296c2ceefcd657
io.janstenpickle	trace4cats-core_2.13	0.7.0+76-704bdc3e	-	56181326ab315094300c7a0d2af7407e51563dcc
io.janstenpickle	trace4cats-core_2.13	0.7.0+78-926817c7	-	30e51b0fb47c5b4d77334a4cbde3e82c11fb1fa3
io.janstenpickle	trace4cats-core_2.13	0.7.0+8-a9aaedd5	-	b02ec501a9e590a9c3b078cda3c3399c83ceeb62
io.janstenpickle	trace4cats-core_2.13	0.7.0+80-2df6017c	-	d623a83c8f2923ee4d503e13aa3de10b80782347
io.janstenpickle	trace4cats-core_2.13	0.8.0	-	6e9aed1901cac4977edaa9fc7860aa4f5ece3a7a
io.janstenpickle	trace4cats-core_2.13	0.8.0+10-5f6152c2	-	b04a5a8c0844e42b3db7b31de526ccf924d08efc
io.janstenpickle	trace4cats-core_2.13	0.8.0+14-b64dd2b7	-	46af86841cf13bfb2e3ad06551a0145f5b13c73e
io.janstenpickle	trace4cats-core_2.13	0.8.0+16-1d05275a	-	f93cfb200b14da156cc0c4c25d67b00e7937ada3
io.janstenpickle	trace4cats-core_2.13	0.8.0+18-4055777b	-	8d518d747051654cf8c5abd08ed9244fe2787a0f
io.janstenpickle	trace4cats-core_2.13	0.8.0+2-96f6831f	-	237e3e64f8e82b136a8b0bd1b43144bb31d0e64d
io.janstenpickle	trace4cats-core_2.13	0.8.0+21-b72f4d01	-	27745a83733745472651caa216c2937bbea6f342
io.janstenpickle	trace4cats-core_2.13	0.8.0+23-7138d6f8	-	ef42c1a49710fdd651b01b3267522c48cfa41ccb
io.janstenpickle	trace4cats-core_2.13	0.8.0+25-f361423c	-	af971d8311d1617727c303f2ec448e9e88e7ee55
io.janstenpickle	trace4cats-core_2.13	0.8.0+27-baa19d06	-	8beb80da4a620e1e10a43f3b4d04cd6ec5b39521
io.janstenpickle	trace4cats-core_2.13	0.8.0+29-cb5aa79d	-	0fe1d239b4a77a629415e75d575553f09e2e2328
io.janstenpickle	trace4cats-core_2.13	0.8.0+31-58c1914f	-	ad61c6f1ebbd53d7a53ee315d212de534e4e5569
io.janstenpickle	trace4cats-core_2.13	0.8.0+33-c7204f7a	-	9ca14eed2bb188410fd048b70f136a79a70a6d20
io.janstenpickle	trace4cats-core_2.13	0.8.0+35-ab3bf63f	-	71607dca50f3154b9300ec5e81717decd4eba44c
io.janstenpickle	trace4cats-core_2.13	0.8.0+37-9dc46d49	-	4d2b9d9c445350abed91a73502cedce7d1ad9e2b
io.janstenpickle	trace4cats-core_2.13	0.8.0+4-75f7f4d1	-	cd85b56f6263d835a8ec674dffb752a09797ed29
io.janstenpickle	trace4cats-core_2.13	0.8.0+41-0787fe69	-	1d198036a4ebde9fdd7c6eb1751b3eb1f2598e5d
io.janstenpickle	trace4cats-core_2.13	0.8.0+47-b959aaa7	-	c285fbd7937fa537963212e158adbb72394d0946
io.janstenpickle	trace4cats-core_2.13	0.8.0+49-549877cf	-	5106738f31f81c5816054306da363d77e1add3b2
io.janstenpickle	trace4cats-core_2.13	0.8.0+57-5c4d46bf	-	ef4137c39f3735be44d0b5cc1d89d8fa5b75fca1
io.janstenpickle	trace4cats-core_2.13	0.8.0+6-22060fab	-	c152e4ddbc32544fc6c2657b95946b79be75e0c0
io.janstenpickle	trace4cats-core_2.13	0.8.0+60-383dfa93	-	7eab2a64b0db2f5d15bc3a9b775f5a17be209b53
io.janstenpickle	trace4cats-core_2.13	0.8.0+63-1ac9331b	-	89d991a390a8c3b64d84d61e94ce230ad45e2f1f
io.janstenpickle	trace4cats-core_2.13	0.8.0+66-8d6a732e	-	3523911be5ffe68738d88656f9e891c39619a97a
io.janstenpickle	trace4cats-core_2.13	0.8.0+8-c22f1939	-	74eda459d5d0dce7e974c1925a8a952a9dfb8249
io.janstenpickle	trace4cats-core_2.13	0.8.0+81-bad69502	-	e498b64995474fbee968db25e4a461bd12e43ec7
io.janstenpickle	trace4cats-core_2.13	0.8.0+83-6f8cc7a1	-	b2ef8d4cd7a164329818f5daf538124e1eb68d80
io.janstenpickle	trace4cats-core_2.13	0.8.0+87-1c0579a2	-	1db8ce247e9fa558cbe0a71b55f2bf34c266a850
io.janstenpickle	trace4cats-core_2.13	0.8.0+89-265c24aa	-	5792a700376e1e4b84334ce6562a1ef9f7740ee8
io.janstenpickle	trace4cats-core_2.13	0.8.0+91-e9863eb1	-	f28c20cdd9bc67d996179531e02811c043aa961b
io.janstenpickle	trace4cats-core_2.13	0.8.0+93-4978d76e	-	10c13fb1ec6a05ff19fc974d0e1d12a5d6ff9fb9
io.janstenpickle	trace4cats-core_2.13	0.8.0+96-805b0a07	-	027ffbaabfc5b0441f12815a5ab1035e390dad84
io.janstenpickle	trace4cats-core_2.13	0.8.0+99-2a8ffd6b	-	b2687a1d186bccfc9db50b61497f62db278fc60a
io.janstenpickle	trace4cats-core_2.13	0.9.0	-	fd6c6c2823c583e1a909a86236273603f38e84a7
io.janstenpickle	trace4cats-core_2.13	0.9.0+100-bc9501bb	-	624d2abfff4f8c90d2e7378713dde3f65791a4b1
io.janstenpickle	trace4cats-core_2.13	0.9.0+102-eee43c73	-	2598d113335291af13b15839a89759b259fd0220
io.janstenpickle	trace4cats-core_2.13	0.9.0+104-0c3d5ea6	-	ac4bc92e13f1cb91c70162fcb642bbe4ac3bfecc
io.janstenpickle	trace4cats-core_2.13	0.9.0+106-ea87f558	-	59ef30aad1dc58396dad3f961128623a007a1420
io.janstenpickle	trace4cats-core_2.13	0.9.0+108-db344acb	-	40635ca5b18152eee291b1b9c2692fa55b683582
io.janstenpickle	trace4cats-core_2.13	0.9.0+11-e4b1d65b	-	1827953e222293f569ccba63c3be339098010ff8
io.janstenpickle	trace4cats-core_2.13	0.9.0+110-e41637cd	-	02021ca5045a57142c09e3181e45818d2e952a90
io.janstenpickle	trace4cats-core_2.13	0.9.0+112-0aaeecdf	-	e1fdbd000be974cae0d6879636a25ed6bbd1d00a
io.janstenpickle	trace4cats-core_2.13	0.9.0+116-d5d065e2	-	194b4a294e26bce106f68bcb6b55c395a0431fbd
io.janstenpickle	trace4cats-core_2.13	0.9.0+119-4f53b9d3	-	02f68da69be7a871320a854429d72da0bc682fb3
io.janstenpickle	trace4cats-core_2.13	0.9.0+121-bcc5decc	-	b23b25babbab87732f69b5c8670f01eaea6eb83a
io.janstenpickle	trace4cats-core_2.13	0.9.0+123-5cb5e4a5	-	be730b4aac108ba49a93ccb0186e4376fdad129d
io.janstenpickle	trace4cats-core_2.13	0.9.0+127-1a3eebbd	-	e718c4042fb7154ea8accb71a91803accea17c26
io.janstenpickle	trace4cats-core_2.13	0.9.0+129-bce12b93	-	5fcdc95ea57533ab9beda441524e0621f9738403
io.janstenpickle	trace4cats-core_2.13	0.9.0+13-f6725ebe	-	a332e08873febe660c7eefb066d23b40ad898f45
io.janstenpickle	trace4cats-core_2.13	0.9.0+131-b1c5c59e	-	730c88f2f8a0441677fdf4f6ed60121531eb7173
io.janstenpickle	trace4cats-core_2.13	0.9.0+133-745ff907	-	958208a3c3ac1807911d64a816a6d71b30a1eb6a
io.janstenpickle	trace4cats-core_2.13	0.9.0+134-0183004b	-	ad7ce22305eca14edab8c064b7818023dd3399c0
io.janstenpickle	trace4cats-core_2.13	0.9.0+136-ca732322	-	4845c90d387ec78da446adb54afa664561832549
io.janstenpickle	trace4cats-core_2.13	0.9.0+138-b9c58a94	-	5bef65f39230553c6930145f9d6d1bed739c0011
io.janstenpickle	trace4cats-core_2.13	0.9.0+140-bebc14cd	-	f35978abfd175cb71209e4cc9c93932b6696848a
io.janstenpickle	trace4cats-core_2.13	0.9.0+142-1ff00749	-	c13e532cb20cce14cc41007875e09c459c205156
io.janstenpickle	trace4cats-core_2.13	0.9.0+146-2d5c0093	-	301c50747487de6bf6132a3d1c5ce4268f1f9582
io.janstenpickle	trace4cats-core_2.13	0.9.0+15-e25cfe91	-	520068041d24ca5ab1b25266965671de41bcb1f3
io.janstenpickle	trace4cats-core_2.13	0.9.0+150-45d1ef42	-	fa5e0f051a85e36ae319f43311e36b53867f5b1e
io.janstenpickle	trace4cats-core_2.13	0.9.0+152-289d4872	-	6f88ddaca82be1c2e2c444aa6443b67be68670a0
io.janstenpickle	trace4cats-core_2.13	0.9.0+157-faa745d7	-	6a3599eec14225893ae74feac043a847e906ad87
io.janstenpickle	trace4cats-core_2.13	0.9.0+159-ed2796f1	-	1c74e0f3cd0fae14932e0affe9953cad6a1cab09
io.janstenpickle	trace4cats-core_2.13	0.9.0+163-92058c13	-	fd9f392833ca87d081930167790d0744f047ec5f
io.janstenpickle	trace4cats-core_2.13	0.9.0+165-d76d5ea6	-	8bed27ba0a5f41a37ce948dfb0e5cad276e7fedd
io.janstenpickle	trace4cats-core_2.13	0.9.0+17-26ee9900	-	0d4279b54387d5cc78f2ea0ad8fcba945f805bcd
io.janstenpickle	trace4cats-core_2.13	0.9.0+173-fe01f90b	-	88c1f4dfdb83fb20b1d12406c24181ad462eb4a7
io.janstenpickle	trace4cats-core_2.13	0.9.0+175-e3326058	-	e53852c5e820a98abfa938ef7ab76faefc7ca86f
io.janstenpickle	trace4cats-core_2.13	0.9.0+177-028d8906	-	3306d023ad819e02123556d810a1e8c57fe02863
io.janstenpickle	trace4cats-core_2.13	0.9.0+180-2fa9dc24	-	1a3bec6726fe3a2273fcca34ce2adaec8b12e0bd
io.janstenpickle	trace4cats-core_2.13	0.9.0+181-f33a381f	-	56c15e0cabf52739175373022b275dec2aadd6e5
io.janstenpickle	trace4cats-core_2.13	0.9.0+183-2d72d889	-	f93f9554f412a30c4c4d182d2b8ba3a90ad63fe0
io.janstenpickle	trace4cats-core_2.13	0.9.0+185-b5128e3b	-	34565f313062cfe2a0e09bd083aa7ac01f3a80f5
io.janstenpickle	trace4cats-core_2.13	0.9.0+187-262fdf38	-	e2f60918cb0777e2ba983e803d4aa20c439ec9f6
io.janstenpickle	trace4cats-core_2.13	0.9.0+189-b626327a	-	b7e1c5c4372fddc6d1cb578ab0910c7c1b62ba23
io.janstenpickle	trace4cats-core_2.13	0.9.0+19-ddd86683	-	fc2c4d3e3ee7b323507cdaec3a5c3a7158fc731e
io.janstenpickle	trace4cats-core_2.13	0.9.0+191-b044d3d6	-	f5a2f48654977b011726379ac78703e8ae437df7
io.janstenpickle	trace4cats-core_2.13	0.9.0+195-3e730e41	-	ef18f47672bd6297cf41143d21dd00081079de68
io.janstenpickle	trace4cats-core_2.13	0.9.0+197-2d729f90	-	b61d41b4c0b908c9a3129aa591f704a2e7777126
io.janstenpickle	trace4cats-core_2.13	0.9.0+2-1e595df5	-	f3583d4fa11d5b032985d15dfa3f7d6da9041aed
io.janstenpickle	trace4cats-core_2.13	0.9.0+204-3a10fe30	-	da78c4668b6e5757e35a9ee3bc34b55871863b32
io.janstenpickle	trace4cats-core_2.13	0.9.0+207-4298769d	-	7b6177a8278a48409d40e2483ee69b017d701cf6
io.janstenpickle	trace4cats-core_2.13	0.9.0+209-03054a74	-	de94b98607995273ed0fe96fcf36a8dbf8f4c2bd
io.janstenpickle	trace4cats-core_2.13	0.9.0+22-7ba16a2f	-	edd90f2f53e170e9de07b61c4c0e9759c1cf3c67
io.janstenpickle	trace4cats-core_2.13	0.9.0+24-d363e1ae	-	0ddbfb9fe4fb7ca8f9474d5d4eafa5b71d81b6b8
io.janstenpickle	trace4cats-core_2.13	0.9.0+26-9dd94806	-	3cc630b5411a9e87077ebe6f57da7427c787629c
io.janstenpickle	trace4cats-core_2.13	0.9.0+32-a05cacff	-	e57df5705f6fb7014f21bb4ad7bede3be1c655ac
io.janstenpickle	trace4cats-core_2.13	0.9.0+34-48c91611	-	3840dc1b03ba458e2221269d172c0862c50321f8
io.janstenpickle	trace4cats-core_2.13	0.9.0+36-af28d312	-	044b96118b0e3c2a59faee29d92c7c73cd90ba1e
io.janstenpickle	trace4cats-core_2.13	0.9.0+38-318d7726	-	2079a09475cc5f2af86e3135d607ef44788ea44e
io.janstenpickle	trace4cats-core_2.13	0.9.0+4-fc9cb3f2	-	cb0cc9a5e6b1485cace93a312bd007a246ea647e
io.janstenpickle	trace4cats-core_2.13	0.9.0+41-84837075	-	7fe4105c19af01b29faa73814eacdbd7f4b1c4a6
io.janstenpickle	trace4cats-core_2.13	0.9.0+43-daf2d53d	-	1ce0a69c8a2291716387dea9cc47874807456c2d
io.janstenpickle	trace4cats-core_2.13	0.9.0+45-45e12330	-	bb87f378c7f8cf2fab5b5ebcab75d20b8ed4f430
io.janstenpickle	trace4cats-core_2.13	0.9.0+47-8b2cdc42	-	d26514b97b0aaed8199c525e4b13d917f7766003
io.janstenpickle	trace4cats-core_2.13	0.9.0+49-263e2eb2	-	02c6ce5f1cc367388c10959a041bc49684be55c4
io.janstenpickle	trace4cats-core_2.13	0.9.0+5-96c06e5e	-	9e20d00681678c6665163ed7969df3e1536cd46f
io.janstenpickle	trace4cats-core_2.13	0.9.0+53-987d88e9	-	419b7b15401206c6a8663b6ccc77820b49a84603
io.janstenpickle	trace4cats-core_2.13	0.9.0+55-f10dc2b9	-	a470144f5d1328658a02b0ca415e2a175fdcb699
io.janstenpickle	trace4cats-core_2.13	0.9.0+57-bb9e8098	-	819a4c7fa71d8be9348f63cc629f46e0fcb69b4c
io.janstenpickle	trace4cats-core_2.13	0.9.0+59-789cd78e	-	bf64aeab05085f81d0afd79e03bee3da822485bc
io.janstenpickle	trace4cats-core_2.13	0.9.0+61-5fac4692	-	44a22c985f3f45f9c0f8e1739af3267ae74adfbe
io.janstenpickle	trace4cats-core_2.13	0.9.0+63-1edcb390	-	c38efcea6ed5e228848a40f9b6136b6dd5ffcb03
io.janstenpickle	trace4cats-core_2.13	0.9.0+67-6898996b	-	60824c428c84c600a722777d76128ffdafe66f63
io.janstenpickle	trace4cats-core_2.13	0.9.0+69-311dd1b1	-	4b765452f5ca6adc2d7edf3783811645d6427c66
io.janstenpickle	trace4cats-core_2.13	0.9.0+7-88f5a917	-	50fb90ecce7ee769f06e3a6f5ad285b82c1306fb
io.janstenpickle	trace4cats-core_2.13	0.9.0+71-29803537	-	c557d880a79d5bd9f09c7457d1243d2d9b308d87
io.janstenpickle	trace4cats-core_2.13	0.9.0+73-34fbdd14	-	f03dc8c5bc28d6bc1eb8310b00b53a28e9ad6940
io.janstenpickle	trace4cats-core_2.13	0.9.0+75-6da31eb6	-	7a99e443551a428b7bbefec888865f611691decd
io.janstenpickle	trace4cats-core_2.13	0.9.0+77-b4d7c596	-	c58ce570e3dcf07df375cfb459267a96d88ddac4
io.janstenpickle	trace4cats-core_2.13	0.9.0+81-4762440d	-	fafc63e0046cf4bb1b91acc48b86042d707f69b3
io.janstenpickle	trace4cats-core_2.13	0.9.0+83-ce01752c	-	e4fb07b7221083053b56e276a0007464bda86693
io.janstenpickle	trace4cats-core_2.13	0.9.0+85-6f7d09fd	-	37297ce8976377d629c1e2a6b318ce267fc3fef9
io.janstenpickle	trace4cats-core_2.13	0.9.0+87-6d061df8	-	90a24e0894ec23ad5b6a20f643a7ce51921aafef
io.janstenpickle	trace4cats-core_2.13	0.9.0+89-f8a44aaa	-	a4b242c48200d5a16c7fbc82071edcb43e5456a3
io.janstenpickle	trace4cats-core_2.13	0.9.0+9-ee886102	-	817aefda6bab3143524c31ad17c4365c31f50765
io.janstenpickle	trace4cats-core_2.13	0.9.0+98-062f2c8a	-	843843043310cc3d575774217b69693d928a3861
io.ktor	ktor-server-conditional-headers	2.0.0	-	caf2a1e1f370828868c8cda87dfb64546efa19fc
io.ktor	ktor-server-conditional-headers	2.0.0	2.0.0-all	5e0cd3a325fb6737f63dc914d0b538611c82176f
io.ktor	ktor-server-conditional-headers	2.0.0-beta-1	-	101c46d812e23b7f99f6bfd6c4ff8b3ea692d6c6
io.ktor	ktor-server-conditional-headers	2.0.0-beta-1	2.0.0-beta-1-all	333f9262e3b7c682f1be0086aef20b64bb9f90a2
io.ktor	ktor-server-conditional-headers	2.0.0-rc-1	-	27e38393f4b32d1ceb159e5b3176f86cecfb403a
io.ktor	ktor-server-conditional-headers	2.0.0-rc-1	2.0.0-rc-1-all	7150722cef8e6ec4bb5a52e549b08f8cd9ea77f0
io.ktor	ktor-server-conditional-headers	2.0.1	-	9a934b12d00a829195f1ad569c851c265577740e
io.ktor	ktor-server-conditional-headers	2.0.1	2.0.1-all	eeb2fafc67e1c1ea252a6875c268504c44040dae
io.ktor	ktor-server-conditional-headers	2.0.2	-	c5e2b4f228fbd8a2dee792a30f88be98f5254938
io.ktor	ktor-server-conditional-headers	2.0.2	2.0.2-all	9421ea79d227a3e08076c0f076b30ac76e2a7d69
io.ktor	ktor-server-conditional-headers	2.0.3	-	a4728799643a17418744419e03e0c91a19137498
io.ktor	ktor-server-conditional-headers	2.0.3	2.0.3-all	d1cdc8f2304d47f4a422bce37270b6120875b21b
io.ktor	ktor-server-conditional-headers	2.1.0	-	ad8536a324d6edd273806a5fe1549fe25be73c41
io.ktor	ktor-server-conditional-headers	2.1.0	2.1.0-all	b442512e4b8af5603d140370f520365090b426e6
io.ktor	ktor-server-conditional-headers	2.1.1	-	6a30710ac222bf33b286c3319a6334630aee4200
io.ktor	ktor-server-conditional-headers	2.1.1	2.1.1-all	93685a4b56e11c2ef7145187afca9f6b205583a6
io.ktor	ktor-server-conditional-headers	2.1.2	-	b4b71e25d830f69a3b90789008aca24908427a1e
io.ktor	ktor-server-conditional-headers	2.1.2	2.1.2-all	49ac10ae38d44b9791243d1af24e76642cd9ea4e
io.ktor	ktor-server-conditional-headers	2.1.3	-	9bb1954466a4d7d59556eb394536afc28a5276bf
io.ktor	ktor-server-conditional-headers	2.1.3	2.1.3-all	96c797ffff09e9365bc89567d70bfa5105b9583c
io.ktor	ktor-server-conditional-headers	2.2.0	-	835a8740c5c17a5c0daca47d2687ca51072252e6
io.ktor	ktor-server-conditional-headers	2.2.0	2.2.0-all	671c7ed77e53db0745a00615d4ccb71e156decb6
io.ktor	ktor-server-conditional-headers	2.2.1	-	9bc5cd01e676165f30c8c9946182665213f000df
io.ktor	ktor-server-conditional-headers	2.2.1	2.2.1-all	7ba00fcc09e0ff098ee280720c4185419917ab81
io.ktor	ktor-server-conditional-headers	2.2.2	-	f20e2d3bcfdd7a978e2caaa8ab0dce1540585305
io.ktor	ktor-server-conditional-headers	2.2.2	2.2.2-all	7ba00fcc09e0ff098ee280720c4185419917ab81
io.ktor	ktor-server-conditional-headers	2.2.3	-	25d08642356f7a0e9d5248719b3e9ae172d73a5c
io.ktor	ktor-server-conditional-headers	2.2.3	2.2.3-all	7ba00fcc09e0ff098ee280720c4185419917ab81
io.ktor	ktor-server-conditional-headers	2.2.4	-	3ba239d6f32a79164a9ce2fd1546e2041979a116
io.ktor	ktor-server-conditional-headers	2.2.4	2.2.4-all	7ba00fcc09e0ff098ee280720c4185419917ab81
io.ktor	ktor-server-conditional-headers	2.3.0	-	cf232571221d826689e04881f99c2da258189d99
io.ktor	ktor-server-conditional-headers	2.3.0	2.3.0-all	0a88c6b9ae3e4c289fca6cf797471b4c3680f5b0
io.ktor	ktor-server-conditional-headers	2.3.1	-	821df36ad5797ff91353b4fe9396cdfe0b6a564a
io.ktor	ktor-server-conditional-headers	2.3.1	2.3.1-all	0a88c6b9ae3e4c289fca6cf797471b4c3680f5b0
io.ktor	ktor-server-conditional-headers	2.3.10	-	a0ce860b3e995ee7d466c814514b5b2920f811df
io.ktor	ktor-server-conditional-headers	2.3.11	-	a0ce860b3e995ee7d466c814514b5b2920f811df
io.ktor	ktor-server-conditional-headers	2.3.12	-	a0ce860b3e995ee7d466c814514b5b2920f811df
io.ktor	ktor-server-conditional-headers	2.3.13	-	fae1cb7b64030e85af4215df014111429b975fda
io.ktor	ktor-server-conditional-headers	2.3.2	-	6579ef3e65c0a6dfaa0249eba9f92f85fdb7fd1c
io.ktor	ktor-server-conditional-headers	2.3.2	2.3.2-all	8e7776c2eafb7bdc98d7bf16ac74b693afd2938b
io.ktor	ktor-server-conditional-headers	2.3.3	-	18f8f599683d9ec7f8cd932626095a8fbaf52245
io.ktor	ktor-server-conditional-headers	2.3.3	2.3.3-all	80454e019d277e98e132e80094ac00b842a8d8d0
io.ktor	ktor-server-conditional-headers	2.3.4	-	745a7e49edaf56f8ed313c68802e3cb4632da5dd
io.ktor	ktor-server-conditional-headers	2.3.4	2.3.4-all	80454e019d277e98e132e80094ac00b842a8d8d0
io.ktor	ktor-server-conditional-headers	2.3.5	-	25e13bb7c14470857a1d14b80d3496ec95ddf5f3
io.ktor	ktor-server-conditional-headers	2.3.6	-	a0ce860b3e995ee7d466c814514b5b2920f811df
io.ktor	ktor-server-conditional-headers	2.3.7	-	a0ce860b3e995ee7d466c814514b5b2920f811df
io.ktor	ktor-server-conditional-headers	2.3.8	-	a0ce860b3e995ee7d466c814514b5b2920f811df
io.ktor	ktor-server-conditional-headers	2.3.9	-	a0ce860b3e995ee7d466c814514b5b2920f811df
io.ktor	ktor-server-conditional-headers	3.0.0	-	029adee23411ebbeba3d77ad1e9c2e923eb3c961
io.ktor	ktor-server-conditional-headers	3.0.0-beta-1	-	4e629c6be2dda34ee9484745475ff146a132cbf3
io.ktor	ktor-server-conditional-headers	3.0.0-beta-2	-	cdc75583f1554ecff4276794f11a83ca2f086263
io.ktor	ktor-server-conditional-headers	3.0.0-rc-1	-	ee3cdbb4e0b639b6d7f0a249ff2296af50ca594c
io.ktor	ktor-server-conditional-headers	3.0.0-rc-2	-	f7c4f35014caf8fbed33c82b5d14b066a90fe9f9
io.ktor	ktor-server-conditional-headers	3.0.1	-	a448024eff0f655cb53c28c993793786704d8d6d
io.ktor	ktor-server-conditional-headers	3.0.2	-	a448024eff0f655cb53c28c993793786704d8d6d
io.ktor	ktor-server-conditional-headers	3.0.3	-	d37a532bcce13c82433e8248ac8c92ff1a821541
io.ktor	ktor-server-conditional-headers	3.1.0	-	ec5ef72eed450881af4736c2c3f1c2471880cbc0
io.ktor	ktor-server-conditional-headers	3.1.1	-	ec5ef72eed450881af4736c2c3f1c2471880cbc0
io.ktor	ktor-server-conditional-headers	3.1.2	-	9150551dddc2ede47ba230e6b8e0714d1dbb66ac
io.ktor	ktor-server-tests-jvm	2.0.0	-	d332ec9e9bc9ecbd03e10274e9e849f43c418db7
io.ktor	ktor-server-tests-jvm	2.0.0-beta-1	-	d46b72c99c7fd932ee462e0a5597bbe54270ad6d
io.ktor	ktor-server-tests-jvm	2.0.0-rc-1	-	6f4cd1559b8dfbcc71fe5d9b20f1d9bc0f2c24fc
io.ktor	ktor-server-tests-jvm	2.0.1	-	53bd5c854b0febfd3cd8e3ea83ed54a23f01871e
io.ktor	ktor-server-tests-jvm	2.0.2	-	8d3dfa6a5296e6a8725626159089e9eb04b248d3
io.ktor	ktor-server-tests-jvm	2.0.3	-	33722edc0b14ca75a68e8b3870bf3630d8f0ef2a
io.ktor	ktor-server-tests-jvm	2.1.0	-	1a5338cf24a92d06d21543a072cba6bb8da58394
io.ktor	ktor-server-tests-jvm	2.1.1	-	5a35badaa28389a33789e84fc88be4c1d8035702
io.ktor	ktor-server-tests-jvm	2.1.2	-	e41ed70a721ff85f483c0f4a63fa4f767b472779
io.ktor	ktor-server-tests-jvm	2.1.3	-	b9559b4e36960c0ec165ed5145688448c9dd149d
io.ktor	ktor-server-tests-jvm	2.2.0	-	866874697d857ccb9a2e837c4884ecf632743b74
io.ktor	ktor-server-tests-jvm	2.2.1	-	10dea8d4c4b037a77f39322f1ce297842a0ff258
io.ktor	ktor-server-tests-jvm	2.2.2	-	f2909982210f67478a94e1646daa89b92fe635e1
io.ktor	ktor-server-tests-jvm	2.2.3	-	d8c816b196428126a16a755843dfdbf8820fa6a1
io.ktor	ktor-server-tests-jvm	2.2.4	-	51ce5572a80b8e334fa94a80ac09c94be30ed88a
io.ktor	ktor-server-tests-jvm	2.3.0	-	6f57fe9a073a554079b81df567ef9fdba77a8cc0
io.ktor	ktor-server-tests-jvm	2.3.1	-	13b132b0023d11e7008bd82d2f38f10d8abb6854
io.ktor	ktor-server-tests-jvm	2.3.10	-	2007bd5740decb8e79b13396cd6e54cec89cb15a
io.ktor	ktor-server-tests-jvm	2.3.11	-	f9f59bd89550fa3dfcc232966e1c8d0512e07ff2
io.ktor	ktor-server-tests-jvm	2.3.12	-	557e42d0db04577c55ff17d73aa2154b9fa4b1ae
io.ktor	ktor-server-tests-jvm	2.3.13	-	bac4efa66e54dbaf35bcfb7e85de5b7f7d218105
io.ktor	ktor-server-tests-jvm	2.3.2	-	f7d0e665466897da581f01d393c8f0faa0ac8c86
io.ktor	ktor-server-tests-jvm	2.3.3	-	01ec9a559c0cc4861bd6b355c0447ad464fb4691
io.ktor	ktor-server-tests-jvm	2.3.4	-	dad5d979f0ed01a4d684d90e1bdf82818938a074
io.ktor	ktor-server-tests-jvm	2.3.5	-	c4228d964033adba46bb9fa8f0d1a533687302cc
io.ktor	ktor-server-tests-jvm	2.3.6	-	baed64483ae18f4cd8f88b89fd23ad801fa5cf8c
io.ktor	ktor-server-tests-jvm	2.3.7	-	7a3cfa7321a13305fc7c4169c2cccf0784cb8bb9
io.ktor	ktor-server-tests-jvm	2.3.8	-	68eeb9a77ef482b39fbb68dd2201c87382e137ea
io.ktor	ktor-server-tests-jvm	2.3.9	-	5a450c973c46a75de73ca4ff39b4b2e6abd11fb8
io.ktor	ktor-server-tests-jvm	3.0.0-beta-1	-	3d2b97b119fbf83e63af2b9011d07a9949f594ad
io.ktor	ktor-server-tests-jvm	3.0.0-beta-2	-	bfd47dad848d7f2bf43e1d5b369ceceb8d8cd032
io.leopard.boot	leopard-boot-aliyun	0.9.20	-	9af38446fcb1c76fad187defc881b2cac753d793
io.matthewnelson.kotlin-components	request-extension-navigation-iosarm32	3.0.3	3.0.3-metadata	e3e11eb4f4416660f2b9d8e60c169ad64e6b054a
io.matthewnelson.kotlin-components	request-extension-navigation-iosarm32	3.0.4	3.0.4-metadata	fbcf8a0c01ccfef43b910310a41ca714d8b6894c
io.matthewnelson.kotlin-components	request-extension-navigation-iosarm32	3.0.5	3.0.5-metadata	5b846f98802be570379f72eb0f955165082c8eda
io.matthewnelson.kotlin-components	request-extension-navigation-iosarm32	3.0.6	3.0.6-metadata	93c23849b95088324413421e23b02e8cab2dc5dd
io.mraa.upm	upm_adafruitss	0.8.0	-	8891d2b718f7e9ac748f7fc1f9d7ef8a5638181d
io.mraa.upm	upm_adafruitss	1.0.0	-	841120a5ba42cbfeb6f5db59b8acbc2189041545
io.mraa.upm	upm_adafruitss	1.0.1	-	eb40e5df68e5695c6252ce3287dc4013203c4a84
io.mraa.upm	upm_adafruitss	1.0.2	-	7ea285368e5a46446113f715f6619dceb7eb2997
io.mraa.upm	upm_adafruitss	1.1.0	-	f12fb99798b3766349f9a6601130ffcf5c230b00
io.mraa.upm	upm_adafruitss	1.2.0	-	f9431328742ff60c216defa4092546a451153b84
io.mraa.upm	upm_adafruitss	1.3.0	-	47557094a119f929d8ea13253c7984d6349d704e
io.mraa.upm	upm_adafruitss	1.5.0	-	55386004acb925a544697772f31809b44e835054
io.mraa.upm	upm_adafruitss	1.6.0	-	c591e10d722eafe62070a2fd263c752a4490e4bd
io.mraa.upm	upm_adafruitss	1.7.1	-	fb20d372f7345e35de01c6a370bc0eccd98aeeaf
io.nemesis.platform.module	nemesis-module-commerce	2.3.19.RELEASE	-	164db8eb1f403d18d744538ecc075f77361c8270
io.nemesis.platform.module	nemesis-module-commerce	2.3.20.RELEASE	-	5f8a20d05ea187029976709c98c8fce522bb5ec8
io.othree	akka-ok_2.12	1.0	-	0ed8759ef3dc61672701e4f438fa073e28d473df
io.othree	akka-ok_2.12	1.0.1	-	3db2e6a841d8be4e80a054d31c271a9d6ae45c77
io.othree	akka-ok_2.12	1.0.2	-	c68d983b1432b86dac48f51a14e8c84b8224cd3f
io.qameta.allure	allure-okhttp	2.10.0	-	b213822f221e848c681ad181f244236df2e27a7f
io.qameta.allure	allure-okhttp	2.11.0	-	4a692bc4157f54635ad47298a68a771fe3fb18ae
io.qameta.allure	allure-okhttp	2.12.0	-	f8c4fe6202f13827f6ef4e69d94c9a0de809ad11
io.qameta.allure	allure-okhttp	2.12.1	-	6a64407b3c4277d7cee4d9b5d9cc9c18486821c0
io.qameta.allure	allure-okhttp	2.13.0	-	48d0843c86ab5565b263f6db71c9911047f4aebf
io.qameta.allure	allure-okhttp	2.13.1	-	d24561e8fa1d774b6d6b28523dd8b9327ea79363
io.qameta.allure	allure-okhttp	2.13.10	-	3f385d36eeb7a5f627296019151f2627251366b5
io.qameta.allure	allure-okhttp	2.13.2	-	af0f156b138330e3d243dbe72ee60b8cd8028eda
io.qameta.allure	allure-okhttp	2.13.3	-	0bdfd6933b8f16999fe80cf723f3f4a71a8de90c
io.qameta.allure	allure-okhttp	2.13.5	-	21c0c2d71a82eeaab95bebd18e8b2a69d7e7b54e
io.qameta.allure	allure-okhttp	2.13.6	-	780740406d56aaa9a95b748c688236e731fd0246
io.qameta.allure	allure-okhttp	2.13.7	-	edb46c3b3ebc8b29e603eb2e571e4be196c26a40
io.qameta.allure	allure-okhttp	2.13.8	-	f23a7f2e72fab45c4e797fe482c8890c2ad6ad02
io.qameta.allure	allure-okhttp	2.13.9	-	f15f475af07094fa64d6fe3e09b1020ed853ab6b
io.qameta.allure	allure-okhttp	2.14.0	-	c262db7596fe1a85d88b7585b814b43984816687
io.qameta.allure	allure-okhttp	2.15.0	-	7a704f97ba0d4a6fbe516ac60c87abf3e3ec001a
io.qameta.allure	allure-okhttp	2.16.0	-	80d27b1294164960026e5bda2a0de6afc32b9b9c
io.qameta.allure	allure-okhttp	2.16.1	-	0816e4e2d383406ddcd8bde9f449581c7ba5dbb8
io.qameta.allure	allure-okhttp	2.17.0	-	a84be536bbe2801b05d7e83e9e88e30547eef48d
io.qameta.allure	allure-okhttp	2.17.1	-	bdae772d8aa8db9689eb3589a85ff2305b2592af
io.qameta.allure	allure-okhttp	2.17.2	-	47fca75a623840c0ae091a53be09c71a53156ab2
io.qameta.allure	allure-okhttp	2.17.3	-	d9ff13c4f4c5ee100120282d71fd5d83fa878399
io.qameta.allure	allure-okhttp	2.18.0	-	09855b36891dc865825257fbcb6407d65ccc2c28
io.qameta.allure	allure-okhttp	2.18.1	-	b013fed740e6a9759d5f53817b14f175e3ddab7e
io.qameta.allure	allure-okhttp	2.19.0	-	86934313bb44ce1efebd9dee48699025e306eb13
io.qameta.allure	allure-okhttp	2.20.0	-	6149a5e2cf3c4c8f5e347b14356023f7117d2123
io.qameta.allure	allure-okhttp	2.20.1	-	6cbd3d7417b7d40bf1465524c1e633fede24259f
io.qameta.allure	allure-okhttp	2.21.0	-	2f19f10be13a53d577f24e97b118c077f83b642a
io.qameta.allure	allure-okhttp	2.22.0	-	0f38aadbe80f236aa661bb3c695fa98b8eea07c2
io.qameta.allure	allure-okhttp	2.22.1	-	1ae48963da10e178b0a0a1e069641554103cc502
io.qameta.allure	allure-okhttp	2.22.2	-	769c6cb1ecd73194d14e4d16ef49c1bece7eef4f
io.qameta.allure	allure-okhttp	2.23.0	-	c8c4a47fa62bc419a3f9ad66705843c8fc998571
io.qameta.allure	allure-okhttp	2.24.0	-	a1d862b1542c4be39a4e63745adc178b0e519863
io.qameta.allure	allure-okhttp	2.25.0	-	59ae1c7a8ccb5792c67673754c0ecd32abc8e93f
io.qameta.allure	allure-okhttp	2.26.0	-	9da288b2325e09e128ce7ef7090a3adc08b3089f
io.qameta.allure	allure-okhttp	2.27.0	-	26d02cabf79b10e49a5551f4c883c30ea1485e90
io.qameta.allure	allure-okhttp	2.28.0	-	28f719c5aff757733e92cb9ef6fc7a63322c0ddc
io.qameta.allure	allure-okhttp	2.28.1	-	bacc7fb180a61925aee701dd6036f90009f24a0d
io.qameta.allure	allure-okhttp	2.29.0	-	4a1ff07ed6f57a882338e19c34f8716a8331c318
io.qameta.allure	allure-okhttp	2.29.1	-	93aa468aaf5e8a8ef410990b0df8eeae7d7b4d69
io.qameta.allure	allure-okhttp	2.9.0	-	a724e6e4e296dc8556fb3e57bb8b6adccfef71d1
io.qtjambi	qtjambi-qml-debuginfo-windows-arm64	6.5.5	-	198376447fcb740f3a1960f5e20baee34239e4c3
io.qtjambi	qtjambi-qml-debuginfo-windows-arm64	6.5.6	-	c9523187bac416f6ba1aaed5acb52f22ab5f146c
io.qtjambi	qtjambi-qml-debuginfo-windows-arm64	6.6.2	-	008e0c7ba61d160d8e2c3861c0993393401dea45
io.qtjambi	qtjambi-qml-debuginfo-windows-arm64	6.6.3	-	d1bfa842bd311104afe21bb1e7daa047e04887cf
io.qtjambi	qtjambi-qml-debuginfo-windows-arm64	6.7.0	-	982cedfdbb44fa885e6e94d0834406be430f4520
io.qtjambi	qtjambi-qml-debuginfo-windows-arm64	6.7.3	-	7445b1708965f1ff4ccf2afaa8d5b42427db29f2
io.qtjambi	qtjambi-sql-native-android-x86	5.15.10	-	ef5a9e5709bfb8f8665c61b8da8191a495ae271d
io.qtjambi	qtjambi-sql-native-android-x86	5.15.11	-	93302f600702694c7e120503fd37fba700cda4a1
io.qtjambi	qtjambi-sql-native-android-x86	5.15.12	-	6931f8cfd5515f0bb4ca0b17fb78c89d2c3059ee
io.qtjambi	qtjambi-sql-native-android-x86	5.15.13	-	13dbfc97ac1dd8cf078434eb82e3521233e2a58b
io.qtjambi	qtjambi-sql-native-android-x86	5.15.14	-	627052d26352d44e665c796b9dbc95c67bbdbcda
io.qtjambi	qtjambi-sql-native-android-x86	5.15.15	-	f9df9f2bd1fe5ddbe103e9d346ed20b1ed31a37f
io.qtjambi	qtjambi-sql-native-android-x86	5.15.16	-	27e42bd49a621d9a8ecf5eaeef8156243e2afeff
io.qtjambi	qtjambi-sql-native-android-x86	5.15.17	-	8e51743bc280291cb105279c2a3bf0135a996204
io.qtjambi	qtjambi-sql-native-android-x86	5.15.18	-	766bf35f2c126fc4d142ef8ba6cad525f6b6ed19
io.qtjambi	qtjambi-sql-native-android-x86	5.15.20	-	f3d389eb03288db82cf66b76a30aaa052d24fa1d
io.qtjambi	qtjambi-sql-native-android-x86	5.15.23	-	be3601e42d9d0c33c20849c119689b9d14961fb0
io.qtjambi	qtjambi-sql-native-android-x86	5.15.24	-	16fdaf80b92b06faa3b720cd492b8fcfa6ab664c
io.qtjambi	qtjambi-sql-native-android-x86	5.15.7	-	ef93081e8857fdf6485aa7303f14c9af87df4e45
io.qtjambi	qtjambi-sql-native-android-x86	5.15.8	-	b97eb8b5f1cc62965ca979b06019ab5c18660653
io.qtjambi	qtjambi-sql-native-android-x86	5.15.9	-	38c6e9110d93ddec4cbf06c751c6b18d84b0f9d2
io.qtjambi	qtjambi-sql-native-android-x86	6.2.10	-	c0de484dcb93376b42256a127897edc9b8ee0be7
io.qtjambi	qtjambi-sql-native-android-x86	6.2.11	-	ce5a790516bd640027ccb5b45bdfbe5ad14d46b6
io.qtjambi	qtjambi-sql-native-android-x86	6.2.12	-	8c1dc0ba326520d77df4db81953cdcc6639ef08c
io.qtjambi	qtjambi-sql-native-android-x86	6.2.5	-	e1a65c1087fa81ea27f4ae33a844bc97d06ea474
io.qtjambi	qtjambi-sql-native-android-x86	6.2.6	-	70d958f0f9f961c2b398d713d2ced85b19935e2a
io.qtjambi	qtjambi-sql-native-android-x86	6.2.7	-	c4b2df45cd24420bd76ab3e30430333230cf092a
io.qtjambi	qtjambi-sql-native-android-x86	6.2.8	-	09a6deb437dc8f7436031748702596c74cee9f5e
io.qtjambi	qtjambi-sql-native-android-x86	6.2.9	-	7ac6ed8bb1d93e553df5688b8b03fa5f6d91be4b
io.qtjambi	qtjambi-sql-native-android-x86	6.3.2	-	87f230b0cd0e87d9057cb6048da7ae11934949be
io.qtjambi	qtjambi-sql-native-android-x86	6.3.3	-	c98584d167aa8d5993c8d6e3100bd789d383de31
io.qtjambi	qtjambi-sql-native-android-x86	6.3.4	-	21f89f080bbc68adb75509db5feb0ce151bdbc63
io.qtjambi	qtjambi-sql-native-android-x86	6.3.5	-	af0da0935718e76f1e26f980f4ecf2fbd2df937c
io.qtjambi	qtjambi-sql-native-android-x86	6.4.0	-	452525f7a3e88b43d4bf2e6d90637c1f60f32207
io.qtjambi	qtjambi-sql-native-android-x86	6.4.1	-	8839e50d5ee891635a83d3f3529bc9c7119d3fee
io.qtjambi	qtjambi-sql-native-android-x86	6.4.2	-	253e7f0533555fad46caa9b7d7aafb794c866c3a
io.qtjambi	qtjambi-sql-native-android-x86	6.4.3	-	5e6f8fa2edd4182328355cd501642455e28c11cd
io.qtjambi	qtjambi-sql-native-android-x86	6.4.4	-	9906514f64bf710f02150579b14d52487ad0208c
io.qtjambi	qtjambi-sql-native-android-x86	6.5.0	-	b1339cfc1b18b05ba57ddc7268cdc13ce7e8a001
io.qtjambi	qtjambi-sql-native-android-x86	6.5.1	-	e46b8a8fa345943344e3d5c601d1658026a3fd2a
io.qtjambi	qtjambi-sql-native-android-x86	6.5.10	-	966a749b6ec8a69e27df30307a598b76bdfa5b0a
io.qtjambi	qtjambi-sql-native-android-x86	6.5.2	-	c2f575d5779b2d4585859ac29e2604de8a36c8bd
io.qtjambi	qtjambi-sql-native-android-x86	6.5.3	-	86b563c4e2c7573a11c899efcf880830d5432dfd
io.qtjambi	qtjambi-sql-native-android-x86	6.5.4	-	91951bf5801d472d394387f9a527e47baeaa7d47
io.qtjambi	qtjambi-sql-native-android-x86	6.5.6	-	e509c1f80a579c48a5ec109b1ccd975310f29ee1
io.qtjambi	qtjambi-sql-native-android-x86	6.5.7	-	b16d3253fd2f5d4f8615c802cabfdcfd90d4bd05
io.qtjambi	qtjambi-sql-native-android-x86	6.5.8	-	f3d7bb319d1165370720bfb57a5732158ddab775
io.qtjambi	qtjambi-sql-native-android-x86	6.5.9	-	9b1bc66d0b17439516a95fa733a2eabe0ffc3c63
io.qtjambi	qtjambi-sql-native-android-x86	6.6.0	-	0d46937e7e190d3ebed78b78f3d16c373f3c2254
io.qtjambi	qtjambi-sql-native-android-x86	6.6.1	-	81b20a55db766de27c78fb2721328181f4663c59
io.qtjambi	qtjambi-sql-native-android-x86	6.6.3	-	7b49c6f21cdd180a2eae8bc3c8725180a5445b00
io.qtjambi	qtjambi-sql-native-android-x86	6.7.0	-	3a53583a07f51e4744b920fc4ab4ea1bee29b24e
io.qtjambi	qtjambi-sql-native-android-x86	6.7.1	-	0f2986c31ce49a3b6241b60aba3166fc6fa357b2
io.qtjambi	qtjambi-sql-native-android-x86	6.7.2	-	a5e521acc7b7ebc14b02971094815472df3e7742
io.qtjambi	qtjambi-sql-native-android-x86	6.7.3	-	fcc8792600a05b6ba5560a575cb37a0d5740b425
io.qtjambi	qtjambi-sql-native-android-x86	6.8.0	-	66bec0805aa2f7464aa9e3cbfaa3eaf5cd1b46e7
io.qtjambi	qtjambi-sql-native-android-x86	6.8.1	-	b99457eb3e99e90e559fd2f602980c7141747087
io.qtjambi	qtjambi-sql-native-android-x86	6.8.2	-	6567c07b41832ea257fbb9adb692bfcb9fb4c64a
io.qtjambi	qtjambi-sql-native-android-x86	6.8.3	-	3657abae9be59ceb1337165f40ce679e156ef0cf
io.qtjambi	qtjambi-sql-native-android-x86	6.9.0	-	4e2ceabb3329b850aba82cf62529c345b602d07c
io.quarkiverse.mockserver	quarkus-mockserver-examples-opentracing	0.2.1	-	ff3990641858af98e2d55c73162196ab43312439
io.quarkiverse.qute.web	quarkus-qute-web-markdown	3.1.0	-	74b231d313851b14e9d50a6d349aa3060a7204b0
io.quarkiverse.qute.web	quarkus-qute-web-markdown	3.2.0	-	cbd4ad8e00e2455a6343997743293a83898e96e2
io.quarkiverse.qute.web	quarkus-qute-web-markdown	3.2.2	-	396b90d49cedaae0700fb70b83213bb5eb18db7e
io.quarkiverse.qute.web	quarkus-qute-web-markdown	3.3.0	-	55cf082987b1575766bdb21b170d6d757c21fb10
io.quarkiverse.qute.web	quarkus-qute-web-markdown	3.4.0	-	a37837947f1a801695cec4e91e886f58a39b534f
io.quckoo	quckoo-console-app_sjs0.6_2.11	0.1.0	-	45c7c9e7a8fd8c45b93b5beb24b439ef90fe0dbc
io.quicklog	quicklog-client	0.1.0	-	919749554eb5cc379addf6e977f1319222a77ae4
io.quicklog	quicklog-client	0.1.1	-	78080bdac4060293dfaa7ea7314ec2948f2edc08
io.quicklog	quicklog-client	0.1.2	-	f734ad7148bae5fad3ecc92a3f9dbd376131ba71
io.rhiot	rhiot-cloudplatform-service-mailbox	0.1.4	-	16ff67402c7bdc001de334bc59c808e003d620cc
io.rsocket	rsocket-load-balancer	0.11.0	-	9735ba9154078fc5f845a37d03bd2f4f31e2da44
io.rsocket	rsocket-load-balancer	0.11.1	-	5682320c60f3941f4bf9519a07d463592dade05d
io.rsocket	rsocket-load-balancer	0.11.10	-	be2476cca2fa7c4f6b9a0e666dc01bd454d68112
io.rsocket	rsocket-load-balancer	0.11.11	-	38f5e8e8446e5c4ea716e9172e761e7e44604fe0
io.rsocket	rsocket-load-balancer	0.11.12	-	fd8b68cfe619bf35ceef8217813c5572f4424039
io.rsocket	rsocket-load-balancer	0.11.13	-	ee48f0c91460fefe4d62373fd6cce1feae7c327c
io.rsocket	rsocket-load-balancer	0.11.14	-	e8c2c63eb70bae99f91be1e6eb74345efe611335
io.rsocket	rsocket-load-balancer	0.11.15	-	0150ccf0e35bb522251a3edbb3f43d6b5006bf83
io.rsocket	rsocket-load-balancer	0.11.16	-	78b261430d53e1ea79ebdc0593e4e507afcaf9b2
io.rsocket	rsocket-load-balancer	0.11.17	-	6ccf1cc26d249c4517e66ca940c982dea642f661
io.rsocket	rsocket-load-balancer	0.11.17.2	-	eeabb6d6345971dba3dbe26dc0c2d4c2d59be3f3
io.rsocket	rsocket-load-balancer	0.11.18	-	d70de8edea7924a79bf8b58fdc4f02530fe59273
io.rsocket	rsocket-load-balancer	0.11.2	-	7a23ef573d857ec67f0ce388ad82129973ffce4e
io.rsocket	rsocket-load-balancer	0.11.21	-	5e4294f3ec539d6c0211d5fa5592bf29f0b51335
io.rsocket	rsocket-load-balancer	0.11.3	-	e940f56fa6360f089027359de8fffdb2b01cb334
io.rsocket	rsocket-load-balancer	0.11.4	-	145629cedad59752b21fe74dc66f2dbd9ad165e9
io.rsocket	rsocket-load-balancer	0.11.5	-	d050968a2fa102199588237ae9e643db2a716f80
io.rsocket	rsocket-load-balancer	0.11.6	-	7419bc493d6375c285f15c91704f14344d1de052
io.rsocket	rsocket-load-balancer	0.11.7	-	4050fd3f69da6f2d659015eb96e5833159559d1d
io.rsocket	rsocket-load-balancer	0.11.8	-	d02a777543910aac722cd4126dd756a64495e213
io.rsocket	rsocket-load-balancer	0.12.1	-	53330fccc4b2f912498aec2a762e538ad656cd10
io.rsocket	rsocket-load-balancer	0.12.1-RC1	-	70f02fce4e31e6ea8b6bc6eb0cfcfff754fbdd03
io.rsocket	rsocket-load-balancer	0.12.1-RC2	-	0d3f9cf723e563882a5b41f845098bf0e916990f
io.rsocket	rsocket-load-balancer	0.12.1-RC3	-	5daa1b2ca045ef1c4f7ea0c51dff9b7bc3d5ddbb
io.rsocket	rsocket-load-balancer	0.12.2-RC1	-	4b8b37dc9b160ee70173e54b58e16a90831473bd
io.rsocket	rsocket-load-balancer	0.12.2-RC2	-	53b711729f156261718b5e563a067baae19f5537
io.rsocket	rsocket-load-balancer	0.12.2-RC3	-	7a2528fa9d0ab3c6d07b54dd01ab79d8d6e1d913
io.rsocket	rsocket-load-balancer	0.12.2-RC4	-	c3151d8122e10a4fe7511ae1a1e0fd2009c79c51
io.rsocket	rsocket-load-balancer	1.0.0	-	64d1c4e435135dd70403eb1dcc0cdae6a7dc3b88
io.rsocket	rsocket-load-balancer	1.0.0-RC1	-	821735381d535db048e89f8448f2d48f08e577ae
io.rsocket	rsocket-load-balancer	1.0.0-RC2	-	3a1bb68a804e48edd62ed27227d93fb953ea3016
io.rsocket	rsocket-load-balancer	1.0.0-RC3	-	2086cd5e8dd7bd8ceb42a868a8acab89c771fe5a
io.rsocket	rsocket-load-balancer	1.0.0-RC5	-	0111ce8f7a17375500eacb63e8c0f1bdfe95d19a
io.rsocket	rsocket-load-balancer	1.0.0-RC6	-	8df6f7fb079f9e27b8541c7929bc43b53a195a25
io.rsocket	rsocket-load-balancer	1.0.0-RC7	-	274cfc0d6a625a79ab90a181ff3b90351bc84181
io.rsocket	rsocket-load-balancer	1.0.1	-	5ae1c476d616fc89330879d1cf56d0bb2a19de74
io.rsocket	rsocket-load-balancer	1.0.2	-	4f795b5bd9656980295129fe81fae0ad2b1407fb
io.rsocket	rsocket-load-balancer	1.0.3	-	e1ef910754e5fdf62c5c6d03f02ca986730ffe49
io.rsocket	rsocket-load-balancer	1.0.4	-	20b9263d50a0e3baa28e710d9e45481ce060d3e6
io.rsocket	rsocket-load-balancer	1.0.5	-	16eac95cf7cf8896415197016a0a0b4551a75cc6
io.rsocket	rsocket-load-balancer	1.1.0	-	db7e29b16ccd5ef6e7c1928737c7df20529ff80e
io.rsocket	rsocket-load-balancer	1.1.0-M1	-	7da2691a5ec0f0e5314898bed6e1f34bbc002626
io.rsocket	rsocket-load-balancer	1.1.0-M2	-	4bc05fa63c9bb726cadba296e3ff7357d52301e2
io.rsocket	rsocket-load-balancer	1.1.0-RC1	-	68d411ce6a1d7effdf67f46e81f55fb8569ae404
io.rsocket	rsocket-load-balancer	1.1.1	-	ffbdf4f8b1a84173de6f3613e7ff8675cecd37ba
io.rsocket	rsocket-load-balancer	1.1.2	-	184c0572e70cfd561575bf7244bb3784adc7f094
io.rsocket	rsocket-load-balancer	1.1.3	-	20a917adf6e4b82a06767036aa7ef0de1d652406
io.rsocket	rsocket-load-balancer	1.1.4	-	4a891d5e60c01492af6f2c7b1f889a5594cfb56f
io.rsocket	rsocket-load-balancer	1.1.5	-	0bc5cab16d54f2ddfe5c0bf3f13d8b2827665fd7
io.sealights.on-premise.agents.android	android-agent-footprints	1.0.22	-	9b364ea15c9c826a9f55f1fdab15b80c59def789
io.sealights.on-premise.agents.android	android-agent-footprints	1.0.25	-	823a4340eadbd0b1610f921a5eb7654ab5978707
io.sealights.on-premise.agents.android	android-agent-footprints	1.0.26	-	6ef5818932fc8856e79f47b693a2a2de3de88ec3
io.sealights.on-premise.agents.android	android-agent-footprints	1.0.27	-	0f3ffb20920681a6e3c732655a7019dcfa32b445
io.sealights.on-premise.agents.android	android-agent-footprints	1.0.33	-	9e1313ece12806a57c28bf6aef70b96fa239b25a
io.sealights.on-premise.agents.android	android-agent-footprints	1.0.34	-	c57a25681b20f735daf1b0296b531158c2c0454e
io.sealights.on-premise.agents.android	android-agent-footprints	1.0.36	-	dc90e59aaedab15d4df1091d3782030af6181422
io.spinnaker.rosco	rosco-manifests	1.10.0	-	594b31afa303844c3c6069242921385aad5ddef2
io.spinnaker.rosco	rosco-manifests	1.11.0	-	74bf547e36de8e35b6c2db98f5f9d75640acd06a
io.spinnaker.rosco	rosco-manifests	1.12.0	-	21225091a79a7d5110a9ab7eb269a1cc3bd79eea
io.spinnaker.rosco	rosco-manifests	1.12.1	-	526b92b7d8b68d85a30da629626c4aa808c694ae
io.spinnaker.rosco	rosco-manifests	1.12.2	-	64cef72274eeb28129087d7bc1df2731b9b07f97
io.spinnaker.rosco	rosco-manifests	1.12.3	-	f903e540b4011fa4286d00ba22fed8134c4d4863
io.spinnaker.rosco	rosco-manifests	1.12.4	-	9029101253d62968c13fbcea5b75bfa541db8aca
io.spinnaker.rosco	rosco-manifests	1.13.0	-	62f97af6d6f575f27dc7341fa82a2e4f9d565a6b
io.spinnaker.rosco	rosco-manifests	1.13.1	-	b7763a1a07723ee51897f5884cc65c36295010e7
io.spinnaker.rosco	rosco-manifests	1.13.2	-	a9d6b06acf07f2d5d671e87e50dca2c49eee0ffb
io.spinnaker.rosco	rosco-manifests	1.13.3	-	62c82d7c474f821db6328ef3f438440871881c25
io.spinnaker.rosco	rosco-manifests	1.13.4	-	98c96934e11512e3488e552b0d61a7b3ce4ea7b2
io.spinnaker.rosco	rosco-manifests	1.14.0	-	357194d6f2ee92d69e2b9d70f4d02edcd28fe430
io.spinnaker.rosco	rosco-manifests	1.15.0	-	6000bffcd850da32014cd2693bfec439d4c7ab92
io.spinnaker.rosco	rosco-manifests	1.16.0	-	30b4c49797b04269db2e5073f81f4ade22be467e
io.spinnaker.rosco	rosco-manifests	1.17.0	-	116b59e92556523a7b3a2c44447cdb4b77cf30f5
io.spinnaker.rosco	rosco-manifests	1.17.1	-	53ed2b34a0414baea6ce9203e9c08c19edbd1270
io.spinnaker.rosco	rosco-manifests	1.17.2	-	404436548310c2a2cfe33a51d1359a8a8336dc80
io.spinnaker.rosco	rosco-manifests	1.18.0	-	0484827f0cf7312d28d0dd6f0481e9c1eb7e6992
io.spinnaker.rosco	rosco-manifests	1.18.1	-	33a3f947ca2517f7b0c17fc5fa914f78a5155626
io.spinnaker.rosco	rosco-manifests	1.18.2	-	adad77ed1172af9f264c2d2cc47a000dbb746c54
io.spinnaker.rosco	rosco-manifests	1.19.0	-	857a78a90d51c28dea0c453ceaf97b9fd97201a0
io.spinnaker.rosco	rosco-manifests	1.19.1	-	0232792d0216ab8c4ea18d11492bf8bea9809d9f
io.spinnaker.rosco	rosco-manifests	1.20.0	-	4abd648e2770bb7e5b6b9380577260ad8151b17f
io.spinnaker.rosco	rosco-manifests	1.20.1	-	ecf87518210475d7633847a550dff4670c752553
io.spinnaker.rosco	rosco-manifests	1.20.2	-	76a5b6dfac752abe3e8f513001bc21c63851f5ff
io.spinnaker.rosco	rosco-manifests	1.20.3	-	8ae536429aad9393088be141f5d442f43266b377
io.spinnaker.rosco	rosco-manifests	1.21.0	-	263836db24da4bed424e70db40d2dbded53f871f
io.spinnaker.rosco	rosco-manifests	1.21.1	-	c6cc24bafeaf32c51a209bb5a6642eb41de834c1
io.spinnaker.rosco	rosco-manifests	1.22.0	-	9d572f310a742cb28ba2c0f13dd9d022d208cda9
io.spinnaker.rosco	rosco-manifests	1.22.1	-	1628c9d5c6198a8340d553a7d08c46f6b723b250
io.spinnaker.rosco	rosco-manifests	1.23.0	-	6c53e4d0ccca29b834373ea619be70b9c855cdd6
io.spinnaker.rosco	rosco-manifests	1.23.1	-	145e1ac3d2a668f8f9b7e6092a5db87e448b4b28
io.spinnaker.rosco	rosco-manifests	1.24.0	-	fe053dc852d779086c104668f0be2b12a724db20
io.spinnaker.rosco	rosco-manifests	1.25.0	-	f7913171a337a4cc58bbd238dc609ba196fa0abb
io.spinnaker.rosco	rosco-manifests	1.26.0	-	0df356cc040ad02954b2dc4aa71bfb58363c4bfc
io.spinnaker.rosco	rosco-manifests	1.7.2	-	230467e0f25086308bfcdd5d5d99ef1ffea89166
io.spinnaker.rosco	rosco-manifests	1.7.3	-	6c6ff2d9e3a8300bfa8c3d8b1a1632b626d684c9
io.spinnaker.rosco	rosco-manifests	1.7.4	-	2eae6a80f48ddb5fd11ed47d211dea2d6c62fe3c
io.spinnaker.rosco	rosco-manifests	1.7.5	-	8dd239b63882eb91c1a002fe5f0547002bb118bc
io.spinnaker.rosco	rosco-manifests	1.7.6	-	78387e68bab3d4fe45014a49c78d1ef0f72f3cc0
io.spinnaker.rosco	rosco-manifests	1.7.7	-	df32703391eb49aefee037b713b619633fcd52a2
io.spinnaker.rosco	rosco-manifests	1.7.8	-	adad855217a219f9abc31b3802539e52d7ab2d74
io.spinnaker.rosco	rosco-manifests	1.8.0	-	c4857541a07c63806f615d12adf5b8afb9a94705
io.spinnaker.rosco	rosco-manifests	1.8.0-rc.1	-	64fa7174dfc0b32051e52bb5f9619a38ed79c6a2
io.spinnaker.rosco	rosco-manifests	1.8.0-rc.10	-	23082569b4c2a00d8b1c77069856d4c47c659f03
io.spinnaker.rosco	rosco-manifests	1.8.0-rc.11	-	53bfc14f87b498b6315ff8bdfc03df1765d4951c
io.spinnaker.rosco	rosco-manifests	1.8.0-rc.12	-	0a0aa4a1b418bde91b2903281447e840d62b99df
io.spinnaker.rosco	rosco-manifests	1.8.0-rc.2	-	b0daf7d00d77653bf8fc5d8bf7cea4c897b9cab5
io.spinnaker.rosco	rosco-manifests	1.8.0-rc.3	-	993d42e2bb4af15777f8212960a5c3d4d25028e2
io.spinnaker.rosco	rosco-manifests	1.8.0-rc.4	-	54644a6f95934dec892a8bb6a384c3d8ef9a635d
io.spinnaker.rosco	rosco-manifests	1.8.0-rc.5	-	bd7ee79d69cad08b86ac8297a50e5ee22da3e8c6
io.spinnaker.rosco	rosco-manifests	1.8.0-rc.6	-	0046869d1dc7be8c986f189ab046856d53707902
io.spinnaker.rosco	rosco-manifests	1.8.0-rc.7	-	6a405e36fc0614166ce3eb4b2220337bcfd9e47d
io.spinnaker.rosco	rosco-manifests	1.8.0-rc.8	-	d305b6c23c4c0d58a9ceb24ff7a2a7b0167b660e
io.spinnaker.rosco	rosco-manifests	1.8.0-rc.9	-	afba9dd990693472eac37edb2628b75e012b65a5
io.spinnaker.rosco	rosco-manifests	1.8.1	-	67a8d5ac3cf4395d6528d93ff690644713a36014
io.spinnaker.rosco	rosco-manifests	1.8.2	-	26e0b836a60b5ef295af6c5c7953aafb1920597c
io.spinnaker.rosco	rosco-manifests	1.8.3	-	e15a29336b29d95ff84296c1a7a7cf2eb24d1c91
io.spinnaker.rosco	rosco-manifests	1.8.4	-	61a9927f7df29547a576bf55cf3888ac17d8ab47
io.spinnaker.rosco	rosco-manifests	1.8.5	-	b8fb7970a66c2e20c2e2958001f98d5ace8267d5
io.spinnaker.rosco	rosco-manifests	1.8.6	-	999132d0651346a85fae9f41d1a75d0f682abbd1
io.spinnaker.rosco	rosco-manifests	1.8.7	-	9dd5c99105ffd9a19c52e998599e2d6e07325f33
io.spinnaker.rosco	rosco-manifests	1.9.0	-	aed98048e6eec970e161c6f4cd846ce3e2362ec6
io.spinnaker.rosco	rosco-manifests	2025.0-0	-	db9de0796a6cb894f9f59e8ff0167ee3cdeea4ee
io.spinnaker.rosco	rosco-manifests	2025.0.0	-	8227a5024138e2197db6645e244acd7a01948e27
io.spinnaker.rosco	rosco-manifests	main-5	-	5fdf219bb6dd2142050d0ee98ac08d731f9af1ce
io.spinnaker.rosco	rosco-manifests	main-6	-	1c1459b61453fd1e8a3a275186b1442c037d66a6
io.spinnaker.rosco	rosco-manifests	main-7	-	2f61c8445c3db84253576ab8c2a5f76804820d54
io.stryker-mutator	mutation-testing-metrics-circe_3	1.7.10	-	088781dea622adbe7d6a9da252c90bb5ff9e7d16
io.stryker-mutator	mutation-testing-metrics-circe_3	1.7.11	-	473bc7b90d3265ec97753826b6f44e07217a958e
io.stryker-mutator	mutation-testing-metrics-circe_3	1.7.13	-	8f570cd74f2b6bb81fb6c308ffa24fc769545f49
io.stryker-mutator	mutation-testing-metrics-circe_3	1.7.14	-	98771e527bfc54ef14ead2b21dbad7adaa1c123c
io.stryker-mutator	mutation-testing-metrics-circe_3	1.7.3	-	229c804ba09179ec0697d821b417dec027ec3ba1
io.stryker-mutator	mutation-testing-metrics-circe_3	1.7.4	-	42cd99565f804fb60b43f7a682a5670698e3ae22
io.stryker-mutator	mutation-testing-metrics-circe_3	1.7.5	-	a0a903c7eb088247ebc3922c674e5a9343f7fbe4
io.stryker-mutator	mutation-testing-metrics-circe_3	1.7.6	-	73a81bec9dee92095a3d34d7dcf7a221c6f19492
io.stryker-mutator	mutation-testing-metrics-circe_3	1.7.7	-	08482ef34ecc9841b016236b2e4143f228181236
io.stryker-mutator	mutation-testing-metrics-circe_3	1.7.8	-	14f74556cfe07b48bcbc72fe30e72357afceb310
io.stryker-mutator	mutation-testing-metrics-circe_3	1.7.9	-	7fd2b5985352b77a3dbed01b36851f2334229709
io.stryker-mutator	mutation-testing-metrics-circe_3	2.0.0	-	0df1eb972e536ab33be4974c99a4b91e570371eb
io.stryker-mutator	mutation-testing-metrics-circe_3	2.0.1	-	848400df73e333410a66d4770ee399ae9c0b46f8
io.stryker-mutator	mutation-testing-metrics-circe_3	2.0.3	-	8c4ffb05a33236066ef5187dea8d12a4fe80ac18
io.stryker-mutator	mutation-testing-metrics-circe_3	2.0.5	-	ca18292ba1bcbe45b16acd6008fefef6e3160a6c
io.stryker-mutator	mutation-testing-metrics-circe_3	3.0.0	-	8ed770e5d0be26563ffc60b96705c8fc4a2cb46c
io.stryker-mutator	mutation-testing-metrics-circe_3	3.0.2	-	6bdfef4d4daf790e03a5b84f138173206efcce67
io.stryker-mutator	mutation-testing-metrics-circe_3	3.0.3	-	851412ca22f6f7e46a52456e2670185d6f202dd8
io.stryker-mutator	mutation-testing-metrics-circe_3	3.0.4	-	81e8679fad6c72083ce62c55296d7b577587f379
io.stryker-mutator	mutation-testing-metrics-circe_3	3.1.0	-	2fcbb2aafd8f76366a2aaf43c3eebdd99ffb6b8a
io.stryker-mutator	mutation-testing-metrics-circe_3	3.1.1	-	16552941435d3aafe80ea136ac5cd22ef1f7c035
io.stryker-mutator	mutation-testing-metrics-circe_3	3.2.0	-	503ff266875a55487093102c08ea92da05f1b5c0
io.stryker-mutator	mutation-testing-metrics-circe_3	3.3.0	-	12dc5b8796aa89db8a8cd0eb777d0a3f0876cbde
io.stryker-mutator	mutation-testing-metrics-circe_3	3.4.0	-	85e010e4d92a391e1b07a0891eb654b2b27a89b0
io.stryker-mutator	mutation-testing-metrics-circe_3	3.4.1	-	e572f07afd23c796b181b789914cbe885ba1a52b
io.stryker-mutator	mutation-testing-metrics-circe_3	3.5.0	-	c7220d35007e1cdb4784eee39755b1eb17139ea5
io.stryker-mutator	mutation-testing-metrics-circe_3	3.5.1	-	20769d266c9ac06c67c1ba73dcddfb8a499bdb39
io.ultreia.java4all	class-mapping	1.0.0	-	ca74893b6582f647ef72267ecfac569054c950ec
io.ultreia.java4all	class-mapping	1.0.1	-	8cc9702915826c934b7da368ec4cfc6f7166e54b
io.ultreia.java4all	class-mapping	1.0.2	-	3975df5868cc061347d7073bc221964a02e955dd
io.ultreia.java4all	class-mapping	1.0.3	-	57f134c5a5300588641528ad1a9d6d1aa1e72c26
io.ultreia.java4all	class-mapping	1.0.4	-	ed96dd7bfefd062919f5a0ad24d43bed67790767
it.tidalwave.solidblue	it-tidalwave-integritychecker-archive-provider	1.0.0	-	6fa4730511b2420ce058b9283332b61a2cd9eb75
it.tidalwave.solidblue	it-tidalwave-integritychecker-archive-provider	1.0.1	-	dd61ffdba9e305c1a84f54267156e7f0ea1049ee
it.tidalwave.solidblue	it-tidalwave-integritychecker-archive-provider	1.0.2	-	a089d9e61dc598e92d6b93400986934ee00f314b
it.tidalwave.solidblue	it-tidalwave-integritychecker-archive-provider	1.0.3	-	0b2b3ce0511a4e59ff2807321a0f51f2a7249202
it.tidalwave.solidblue	it-tidalwave-integritychecker-archive-provider	1.0.4	-	8d4a412ca56cfbeff9697d323fc80e095ab676a6
it.tidalwave.solidblue	it-tidalwave-integritychecker-archive-provider	1.0.5	-	096cb983f2f890e35bd27d79336de3271f57f747
it.unibo.collektive	stdlib-iossimulatorarm64	10.0.0	10.0.0-metadata	76974c7afcb5ec02f7c6f407a6dde70848e01284
it.unibo.collektive	stdlib-iossimulatorarm64	10.1.0	10.1.0-metadata	a606e24756ea99162d7c0e312eef4bdb3c16af02
it.unibo.collektive	stdlib-iossimulatorarm64	10.1.1	10.1.1-metadata	c9f740790745663ae1fced7259cf5b6e59d05fef
it.unibo.collektive	stdlib-iossimulatorarm64	10.1.2	10.1.2-metadata	9ae148cdb60a8e00ae1982e25487cdad7e7fc0e5
it.unibo.collektive	stdlib-iossimulatorarm64	10.1.3	10.1.3-metadata	e97ba92f9111e34bc98d403c2bc484e67fbc2c72
it.unibo.collektive	stdlib-iossimulatorarm64	10.10.0	10.10.0-metadata	5706d645c2156888d9427b0c58a8339061d15053
it.unibo.collektive	stdlib-iossimulatorarm64	10.11.0	10.11.0-metadata	93904da17ade37b708284363e4d687098b776703
it.unibo.collektive	stdlib-iossimulatorarm64	10.11.1	10.11.1-metadata	9232854d345cf28d8e8a31e4e2ab0c5f6cb5c584
it.unibo.collektive	stdlib-iossimulatorarm64	10.2.0	10.2.0-metadata	1d76bbdb235e1de3e9294f3c38de62c19df0b4ee
it.unibo.collektive	stdlib-iossimulatorarm64	10.3.0	10.3.0-metadata	d8f797dd9648ee54bf6095942e3df107790c1d81
it.unibo.collektive	stdlib-iossimulatorarm64	10.3.1	10.3.1-metadata	49ec497f9c4b300dea4cd33e0e9753d75d86a95e
it.unibo.collektive	stdlib-iossimulatorarm64	10.3.2	10.3.2-metadata	dfe1960a3e66c830d3e84f89e8434dd946e5619c
it.unibo.collektive	stdlib-iossimulatorarm64	10.4.0	10.4.0-metadata	260707a7e08247ab8fe9056640ffc053c48637d9
it.unibo.collektive	stdlib-iossimulatorarm64	10.5.0	10.5.0-metadata	17a8a4e94f74b16e343dfa1eebe1777f194f1ac6
it.unibo.collektive	stdlib-iossimulatorarm64	10.5.1	10.5.1-metadata	1039448ea43d80e163c5b03d6533456f7da61d0e
it.unibo.collektive	stdlib-iossimulatorarm64	10.5.2	10.5.2-metadata	11cedebfe85d8068c91bc9ff67bdfc5a3d482c33
it.unibo.collektive	stdlib-iossimulatorarm64	10.5.3	10.5.3-metadata	f31cda4d81b34d9b6c0cdbce5d83ab3098cefae6
it.unibo.collektive	stdlib-iossimulatorarm64	10.6.0	10.6.0-metadata	7a5fd9a00c5ccee890bd4e27155c348e41cc7a96
it.unibo.collektive	stdlib-iossimulatorarm64	10.7.0	10.7.0-metadata	1e341bdc3e8e3a32f9e4188c92f69a02f3d7e20a
it.unibo.collektive	stdlib-iossimulatorarm64	10.8.0	10.8.0-metadata	c1efeff21435fa4ede4500e9b3d7c7685855d071
it.unibo.collektive	stdlib-iossimulatorarm64	10.9.0	10.9.0-metadata	c2e104a274d0dec9c0a59a8d25e09aea42bd5d18
it.unibo.collektive	stdlib-iossimulatorarm64	11.0.0	11.0.0-metadata	84619e8513c9b1b44530c8a86b98f75a81864930
it.unibo.collektive	stdlib-iossimulatorarm64	11.0.1	11.0.1-metadata	1ae9ebd08355b7df25cf80eddd1e8e193a4db464
it.unibo.collektive	stdlib-iossimulatorarm64	11.0.2	11.0.2-metadata	0d93a4165f639d7b24c826ed3faaf7f6f2862d98
it.unibo.collektive	stdlib-iossimulatorarm64	11.1.0	11.1.0-metadata	48f0a1ae741bf2cbc92e6528427425ff6387dc44
it.unibo.collektive	stdlib-iossimulatorarm64	11.1.1	11.1.1-metadata	74e7b209bd1422599e0959436a160ddf61c3a8dc
it.unibo.collektive	stdlib-iossimulatorarm64	11.1.3	11.1.3-metadata	8dd65d82897fcb78a728de2cd11da87b347f15ed
it.unibo.collektive	stdlib-iossimulatorarm64	11.2.0	11.2.0-metadata	87b415f74b3a547c24d5a59c7ce6f3666b6b8cb2
it.unibo.collektive	stdlib-iossimulatorarm64	12.0.0	12.0.0-metadata	233fdb09346d623eb2c9cca5370e7a0a5d031d09
it.unibo.collektive	stdlib-iossimulatorarm64	12.0.1	12.0.1-metadata	d00bda57370b4a3ff3cad77740e755229836f5e6
it.unibo.collektive	stdlib-iossimulatorarm64	12.0.2	12.0.2-metadata	755924715eca12d308f183f2703a2f7f382d4d3f
it.unibo.collektive	stdlib-iossimulatorarm64	12.0.3	12.0.3-metadata	96fd2adcf00ad0410ac19c6ff85ab70d2619439f
it.unibo.collektive	stdlib-iossimulatorarm64	12.1.1	12.1.1-metadata	2e8fedb97680d454a3afb784e81d9c95869b8bbf
it.unibo.collektive	stdlib-iossimulatorarm64	12.2.0	12.2.0-metadata	75921c67e7ee8b0f735f0ec8a52990e062c47d09
it.unibo.collektive	stdlib-iossimulatorarm64	12.2.1	12.2.1-metadata	3a21fe035747e279f6ff45ddb77e46bffc75a059
it.unibo.collektive	stdlib-iossimulatorarm64	12.2.2	12.2.2-metadata	e6a5bd1f2d8de29d2f8a2f46766b017c2c306792
it.unibo.collektive	stdlib-iossimulatorarm64	12.3.0	12.3.0-metadata	8d76a0fd992bb4a6a9a48bdd467c2dc8ae49d3bf
it.unibo.collektive	stdlib-iossimulatorarm64	12.3.1	12.3.1-metadata	4bf05525d942389ccd9e44391ad848801fdc46c4
it.unibo.collektive	stdlib-iossimulatorarm64	12.3.3	12.3.3-metadata	9441e7ffd09512874cb02ab5cba2ca90583b7c22
it.unibo.collektive	stdlib-iossimulatorarm64	13.0.0	13.0.0-metadata	fd04c36021cdd5ef4e88e67161fdc82f6716d863
it.unibo.collektive	stdlib-iossimulatorarm64	13.1.0	13.1.0-metadata	af7276377d4080d55a14f8e2b40518e92228a080
it.unibo.collektive	stdlib-iossimulatorarm64	13.1.1	13.1.1-metadata	d4fc43ad887c5a436dc71653527f5d0828d2f39b
it.unibo.collektive	stdlib-iossimulatorarm64	14.0.0	14.0.0-metadata	94ec48f34805bdfb6369d0c45e6672b515c22f4a
it.unibo.collektive	stdlib-iossimulatorarm64	15.0.0	15.0.0-metadata	5c70868a32c27192a1c433a053c0615b1293dc9e
it.unibo.collektive	stdlib-iossimulatorarm64	16.0.0	16.0.0-metadata	4a721bdce715e929f6e927497c287d442c96dcb9
it.unibo.collektive	stdlib-iossimulatorarm64	16.0.1	16.0.1-metadata	eb547ec89007fdcdc71d7e4bc8a376f388c56c58
it.unibo.collektive	stdlib-iossimulatorarm64	16.1.0	16.1.0-metadata	978fe35e6d12cd68f41e0f4ba95cc311b8e4524b
it.unibo.collektive	stdlib-iossimulatorarm64	16.1.1	16.1.1-metadata	a433a9d74360fd3ebb7b1129a68995961beb6325
it.unibo.collektive	stdlib-iossimulatorarm64	17.0.0	17.0.0-metadata	4d8ec4b79a170a3b92d6f0fa44533939b09e2fe4
it.unibo.collektive	stdlib-iossimulatorarm64	17.0.1	17.0.1-metadata	b89b42088dc14ef165c256a4e5d1800104b6c02f
it.unibo.collektive	stdlib-iossimulatorarm64	17.0.2	17.0.2-metadata	590a4bc717af2e42efa454821ceb05f33c751f6a
it.unibo.collektive	stdlib-iossimulatorarm64	17.1.0	17.1.0-metadata	33363a955c1c2141198b0b7da4c75ce64a3854d7
it.unibo.collektive	stdlib-iossimulatorarm64	17.1.1	17.1.1-metadata	1db9d7a1cd2805b183be6bbcc32fd2787b95f4ad
it.unibo.collektive	stdlib-iossimulatorarm64	17.1.2	17.1.2-metadata	cab40cea06a2db4867594db22fc732f192a6f75b
it.unibo.collektive	stdlib-iossimulatorarm64	17.1.3	17.1.3-metadata	9c0903b7f3555e49e9d0c6f6466e6139eee4568e
it.unibo.collektive	stdlib-iossimulatorarm64	17.2.0	17.2.0-metadata	43a1c4a0872b27594fcc1faf69d0fd4427c2b1ce
it.unibo.collektive	stdlib-iossimulatorarm64	17.2.1	17.2.1-metadata	564fe1162dc214c908cab7bde01f52aa2d6b778b
it.unibo.collektive	stdlib-iossimulatorarm64	17.2.2	17.2.2-metadata	90fb8b4be8bfe4db30aebac6f717f6b5c4879eda
it.unibo.collektive	stdlib-iossimulatorarm64	18.0.0	18.0.0-metadata	363d5512beaf4039110f5601bc75d56aa66b358a
it.unibo.collektive	stdlib-iossimulatorarm64	19.0.0	19.0.0-metadata	7bcf51c50902b203feab23d1d02073406f196bcb
it.unibo.collektive	stdlib-iossimulatorarm64	19.1.0	19.1.0-metadata	67a03599fae8331dd6f3500d9aa7917018c631f5
it.unibo.collektive	stdlib-iossimulatorarm64	20.0.0	20.0.0-metadata	a1ec7eab27bdd8902d36bb54697d43e2e7b3f5b5
it.unibo.collektive	stdlib-iossimulatorarm64	20.1.0	20.1.0-metadata	0e6f6654a28521386b959878e1e75e1e3bac42a3
it.unibo.collektive	stdlib-iossimulatorarm64	20.2.0	20.2.0-metadata	d666f1f70abcce199cd1866c4aa5eb4414d49374
it.unibo.collektive	stdlib-iossimulatorarm64	20.2.1	20.2.1-metadata	128673412e2fd842ef05203962239e1f3ae8d7ca
it.unibo.collektive	stdlib-iossimulatorarm64	20.2.2	20.2.2-metadata	ff2505497313bf4413857630a46b1ae7ca8e75cc
it.unibo.collektive	stdlib-iossimulatorarm64	20.2.3	20.2.3-metadata	57c072bc6eead4858ccefbc577c19bf6a11ea090
it.unibo.collektive	stdlib-iossimulatorarm64	21.0.0	21.0.0-metadata	492df146bca1d4126e90d65095fbe733d23741d8
it.unibo.tuprolog	oop-lib	0.15.0	-	d6a1ba5feec98585fc066c2bb8115caffa4f87a2
it.unibo.tuprolog	oop-lib	0.15.2	-	1d6dec9b9ec1c8d496f0cd296c3ee4b0974e0993
it.unibo.tuprolog	oop-lib	0.16.0	-	5cbb983b10d9e8be9d9f67f776d68b1367da32d8
it.unibo.tuprolog	oop-lib	0.16.1	-	2322c8aeb44c7c663a78cd5c3cb510310488d01a
it.unibo.tuprolog	oop-lib	0.16.1-dev4o+a2fea905	-	38d5cec21a1e3f624a376c2b7101f93c4c69cef1
it.unibo.tuprolog	oop-lib	0.16.1-dev4u+b2f05e44	-	be9d66e1bdc76b627f22b3d234e7670ac1cd93a0
it.unibo.tuprolog	oop-lib	0.16.1-dev4z+7e0f0041	-	9475ca95d4ddb6d59258903de83a9cc0d7185db4
it.unibo.tuprolog	oop-lib	0.17.0	-	91be1f83da6a1764d98e6f3732feebf91a31701b
it.unibo.tuprolog	oop-lib	0.17.1	-	5b575b43157f6b1b2250c2b1ce6b0dc0771c1de6
it.unibo.tuprolog	oop-lib	0.17.1-dev03+67bb5e23	-	07b79ee41ef1df4dff2d041b2cd7e27249b8383b
it.unibo.tuprolog	oop-lib	0.17.1-dev0v+25724c0c	-	67811627d09ff507d74d8ee8f351c5a1d748912a
it.unibo.tuprolog	oop-lib	0.17.1-dev0w+54dd0dd0	-	526879170fadd8d0fdeefdca052091a8ecfc2dd1
it.unibo.tuprolog	oop-lib	0.17.1-dev0z+70805b63	-	adcc98aab9d3b9d7326455c3c5d9be49f2786def
it.unibo.tuprolog	oop-lib	0.17.1-dev18+089dd410	-	4272699a311d84339e6d410558732060e2936940
it.unibo.tuprolog	oop-lib	0.17.1-dev1o+35e72985	-	a70f9b3d28d68a7a857f891d1202b026da9b2743
it.unibo.tuprolog	oop-lib	0.17.2	-	01ea94293a06258f9f0dbff0571174a66ebcb692
it.unibo.tuprolog	oop-lib	0.17.2-dev03+43981b51	-	7007a29cae3ef69179d5f28b507d113d5397bcee
it.unibo.tuprolog	oop-lib	0.17.3	-	1a56283b8d2ac0f89b08a39a65d5b83718c09ba4
it.unibo.tuprolog	oop-lib	0.17.3-dev08+7cca0c42	-	38cf041387e44756db9d8866cc60961efb4349fa
it.unibo.tuprolog	oop-lib	0.17.3-dev0a+b6708d58	-	cfc390d0bce311fa9d041018ec807f867e6f2a34
it.unibo.tuprolog	oop-lib	0.17.4	-	6b72883913ebaf3143622a1f98a374b0bbf3875e
it.unibo.tuprolog	oop-lib	0.17.4-dev09+485a46b2	-	0532c15036ed791e066448374f9593aeaaf0fd57
it.unibo.tuprolog	oop-lib	0.17.4-dev0j+7e9a6f28	-	63396d13eeb5196456a229057c3e2a4d7b762d18
it.unibo.tuprolog	oop-lib	0.17.4-dev1d+a1160f82	-	083f4815f14a23ac598bd3412d302447e31ebd57
it.unibo.tuprolog	oop-lib	0.17.4-dev1q+a89f03d9	-	00df1b4f9d57450cce5173f41217a7cbe7557c0c
it.unibo.tuprolog	oop-lib	0.18.0	-	37f59d0613322e5874a55006e259fc41502152e2
it.unibo.tuprolog	oop-lib	0.18.1	-	27a0f15ed6303428aa6c1b2592b9a29dfeea11f0
it.unibo.tuprolog	oop-lib	0.18.1-dev05+178b1e2d	-	f2b5abbf7ffc8f4881acbee310fd0ae756adcee9
it.unibo.tuprolog	oop-lib	0.18.2	-	59f2290789276aa04e6e390676af85c80f2cb93c
it.unibo.tuprolog	oop-lib	0.18.2-dev0z+13957e4e	-	799d7d7351d8b09bcf779b7386052ecee76ab32e
it.unibo.tuprolog	oop-lib	0.18.2-dev11+a1bd2a91	-	e01951d956bb0551956d72ff312b9c5479183be7
it.unibo.tuprolog	oop-lib	0.19.0	-	4153858f9822a24fbf1200c3f2069d849e050b44
it.unibo.tuprolog	oop-lib	0.19.0-dev2h+f6956cce	-	e776f0cf957632e13bfb8604c5ba5f3ebd48c8a2
it.unibo.tuprolog	oop-lib	0.20.0	-	72f0b2a2912ddd6f4419ae2b510973570dc4abc5
it.unibo.tuprolog	oop-lib	0.20.1	-	6afa6ba79f3e956dbfa880734f438987b97be3d0
it.unibo.tuprolog	oop-lib	0.20.2	-	ee0e778a9fa350f0a1bd7cea10936658693f23d0
it.unibo.tuprolog	oop-lib	0.20.2-dev07+51892bb0	-	639ec47d789d16b0b2d0cf9c5123462673bd0371
it.unibo.tuprolog	oop-lib	0.20.3	-	5af722c136d663d1d92f321e8d29e5a53ec2ed82
it.unibo.tuprolog	oop-lib	0.20.4	-	d4fce19e2b508211c1bbc768f1ceb4d16b90da56
it.unibo.tuprolog	oop-lib	0.20.7	-	f00935b71cd04cdc945b0b312357312cd24478d1
it.unibo.tuprolog	oop-lib	0.20.9	-	2cceebec707cd8b3f368ba2d1411a0ef26d6a65a
it.unibo.tuprolog	oop-lib	0.20.9-dev01+ada92962	-	193949edf722d5df3eccadf3001912b41a1fe330
it.unibo.tuprolog	oop-lib	0.20.9-dev02+01edbfee	-	4093e0977f4b987d3bd45e74be6a27c01361f2b2
it.unibo.tuprolog	oop-lib	0.20.9-dev03+3250bb16	-	7c9cbc1800434c0131c8d57b3fbee76cfd543b1b
it.unibo.tuprolog	oop-lib	0.20.9-dev0a+8e9a240b	-	1d196d94d148b5ed1fec635b8b0e037eff00bcfe
it.unibo.tuprolog	oop-lib	0.20.9-dev0c+bc6d9512	-	8a91727e6833d8f85d160cd91917773500cb5441
it.unibo.tuprolog	oop-lib	0.20.9-dev0g+63540268	-	b733d8340afd289e86f19bcaee3981a5a7635702
it.unibo.tuprolog	oop-lib	0.30.0	-	a69e306acfcecc690be839ebfc886883968e8cd3
it.unibo.tuprolog	oop-lib	0.30.0-dev01+725eae35	-	9c922bae8a97df9c3394acce4806637d2a7a1255
it.unibo.tuprolog	oop-lib	0.30.1	-	c4dab5fac6444975138460dfcd3bc583c54c0976
it.unibo.tuprolog	oop-lib	0.30.2	-	1ede3b0aea3d9aefecfc24a281e232408edf2831
it.unibo.tuprolog	oop-lib	0.30.2-dev08+5b060658	-	71404a1b76e1aeaa711c28008864a92c6a3ec4e5
it.unibo.tuprolog	oop-lib	0.30.2-dev0f+259d7b5b	-	71338e388e5e52be0a92106ffed2d0882164fd3b
it.unibo.tuprolog	oop-lib	0.30.3	-	71338e388e5e52be0a92106ffed2d0882164fd3b
it.unibo.tuprolog	oop-lib	0.30.3-dev0a+69949374d	-	e966065f1891946be7eae13a7605bc38d3a8c5d8
it.unibo.tuprolog	oop-lib	0.30.4	-	e966065f1891946be7eae13a7605bc38d3a8c5d8
it.unibo.tuprolog	oop-lib	0.30.5	-	fd9a9f22f561dbbcc43152a48246c29f9afb9531
it.unibo.tuprolog	oop-lib	0.31.0	-	ae13d94b6d6a24037f445d4a81a77c45c5318c9b
it.unibo.tuprolog	oop-lib	0.31.1	-	ae13d94b6d6a24037f445d4a81a77c45c5318c9b
it.unibo.tuprolog	oop-lib	0.31.1-dev01+f8b39929b	-	ae13d94b6d6a24037f445d4a81a77c45c5318c9b
it.unibo.tuprolog	oop-lib	0.31.1-dev02+0cd8a1ae6	-	ae13d94b6d6a24037f445d4a81a77c45c5318c9b
it.unibo.tuprolog	oop-lib	0.31.10	-	be029fcf218958f6b11e706fc46c24d985d0103f
it.unibo.tuprolog	oop-lib	0.31.11	-	be029fcf218958f6b11e706fc46c24d985d0103f
it.unibo.tuprolog	oop-lib	0.31.12	-	be029fcf218958f6b11e706fc46c24d985d0103f
it.unibo.tuprolog	oop-lib	0.31.13	-	be029fcf218958f6b11e706fc46c24d985d0103f
it.unibo.tuprolog	oop-lib	0.31.14	-	be029fcf218958f6b11e706fc46c24d985d0103f
it.unibo.tuprolog	oop-lib	0.31.15	-	be029fcf218958f6b11e706fc46c24d985d0103f
it.unibo.tuprolog	oop-lib	0.31.16	-	be029fcf218958f6b11e706fc46c24d985d0103f
it.unibo.tuprolog	oop-lib	0.31.17	-	be029fcf218958f6b11e706fc46c24d985d0103f
it.unibo.tuprolog	oop-lib	0.31.18	-	be029fcf218958f6b11e706fc46c24d985d0103f
it.unibo.tuprolog	oop-lib	0.31.19	-	be029fcf218958f6b11e706fc46c24d985d0103f
it.unibo.tuprolog	oop-lib	0.31.2	-	ae13d94b6d6a24037f445d4a81a77c45c5318c9b
it.unibo.tuprolog	oop-lib	0.31.20	-	be029fcf218958f6b11e706fc46c24d985d0103f
it.unibo.tuprolog	oop-lib	0.31.21	-	be029fcf218958f6b11e706fc46c24d985d0103f
it.unibo.tuprolog	oop-lib	0.31.3	-	ae13d94b6d6a24037f445d4a81a77c45c5318c9b
it.unibo.tuprolog	oop-lib	0.31.4	-	ae13d94b6d6a24037f445d4a81a77c45c5318c9b
it.unibo.tuprolog	oop-lib	0.31.4-dev01+3caf83203	-	ae13d94b6d6a24037f445d4a81a77c45c5318c9b
it.unibo.tuprolog	oop-lib	0.31.5	-	ae13d94b6d6a24037f445d4a81a77c45c5318c9b
it.unibo.tuprolog	oop-lib	0.31.5-dev01+75e0f28ea	-	ae13d94b6d6a24037f445d4a81a77c45c5318c9b
it.unibo.tuprolog	oop-lib	0.31.5-dev02+b65f8712e	-	ae13d94b6d6a24037f445d4a81a77c45c5318c9b
it.unibo.tuprolog	oop-lib	0.31.5-dev0c+d53549ad7	-	ae13d94b6d6a24037f445d4a81a77c45c5318c9b
it.unibo.tuprolog	oop-lib	0.31.5-dev0f+5a2ad7593	-	ae13d94b6d6a24037f445d4a81a77c45c5318c9b
it.unibo.tuprolog	oop-lib	0.31.5-dev0m+0c07eb350	-	be029fcf218958f6b11e706fc46c24d985d0103f
it.unibo.tuprolog	oop-lib	0.31.7	-	be029fcf218958f6b11e706fc46c24d985d0103f
it.unibo.tuprolog	oop-lib	0.31.8	-	be029fcf218958f6b11e706fc46c24d985d0103f
it.unibo.tuprolog	oop-lib	0.31.9	-	be029fcf218958f6b11e706fc46c24d985d0103f
it.unibo.tuprolog	oop-lib	0.32.0	-	683d1bc22feee86495426b7c026b7fee9347af1b
it.unibo.tuprolog	oop-lib	0.32.1	-	683d1bc22feee86495426b7c026b7fee9347af1b
it.unibo.tuprolog	oop-lib	0.32.2	-	683d1bc22feee86495426b7c026b7fee9347af1b
it.unibo.tuprolog	oop-lib	0.32.3	-	b601b7a6efdb2157eb906307fac786eff6887d65
it.unibo.tuprolog	oop-lib	0.32.4	-	b601b7a6efdb2157eb906307fac786eff6887d65
it.unibo.tuprolog	oop-lib	0.32.5	-	b601b7a6efdb2157eb906307fac786eff6887d65
it.unibo.tuprolog	oop-lib	1.0.0	-	b601b7a6efdb2157eb906307fac786eff6887d65
it.unibo.tuprolog	oop-lib	1.0.1	-	b601b7a6efdb2157eb906307fac786eff6887d65
it.unibo.tuprolog	oop-lib	1.0.2	-	b601b7a6efdb2157eb906307fac786eff6887d65
it.unibo.tuprolog	oop-lib	1.0.3	-	34b9442ea16aec7879f31d6da5b237610323d46a
it.unibo.tuprolog	oop-lib	1.0.4	-	34b9442ea16aec7879f31d6da5b237610323d46a
it.unibo.tuprolog.argumentation	arg2p-metadata	0.1.0	-	909e1a2365f843550b6494a65760cf261ebe2c14
it.unibo.tuprolog.argumentation	arg2p-metadata	0.1.0-archeo+4a6f56f	-	25171877363af62ce5a5fbca5f3e3c48e9c9239a
it.unibo.tuprolog.argumentation	arg2p-metadata	0.2.0	-	3afc7cf50110a92d9c050235e97301dad51c53a1
it.unibo.tuprolog.argumentation	arg2p-metadata	0.2.1	-	857997bf6454be37dc1c4b9b23aa55d19e45622c
it.unibo.tuprolog.argumentation	arg2p-metadata	0.2.2	-	08edbdc9c51d7c6f5ccc83cb085165ef952c5e29
it.unibo.tuprolog.argumentation	arg2p-metadata	0.2.3	-	7a9c25f212b15695f160bd0dec82caae19ea8613
it.unibo.tuprolog.argumentation	arg2p-metadata	0.2.4	-	0098f04080df1f5cf3136c3aef39a66c279fa3bf
it.unibo.tuprolog.argumentation	arg2p-metadata	0.2.5	-	b8907170a23853932cf0740adb1a9a1606e1d877
it.unibo.tuprolog.argumentation	arg2p-metadata	0.3.0	-	48a6303b7c955fa46c5fc768e0445b5ccfcf159f
it.unibo.tuprolog.argumentation	arg2p-metadata	0.3.1	-	a1cb75319cc228c65277b9d944febaacb6917a1c
jp.t2v	play2-pager-scalikejdbc_2.10	0.1.0	-	183d2ed633ae631b8885e0ebc8fad0c330e84488
kohsuke	RemoteJiveForums	1.0.1	-	213d9f00693bd335ee6a3b2fc913eb852480de4e
maven-plugins	maven-xmlresume-plugin	0.2	-	5bc92da7de607f3c5b35738270cbba8f3143776a
me.lyh	parquet-types_2.11	0.3.0	-	6861644e104159a0cd4a975874c3fa2bf033f06b
me.lyh	parquet-types_2.11	0.3.1	-	69ed97a1997baad36cecd6843d2ec67e1bde4750
me.lyh	parquet-types_2.11	0.3.2	-	9059da7e2d709851e6dede51f55e80e1c36ceb84
me.lyh	parquet-types_2.11	0.3.3	-	60e2d0d88f762505d1a284985e16cd03307e131c
me.lyh	parquet-types_2.11	0.3.4	-	786b216dbc49ef13e1541f777ec80cc0502a6504
net.databinder	dispatch-nio_2.9.2	0.8.10	-	03647ad3525d26862ff727d7e00ba06261e25bea
net.databinder	dispatch-nio_2.9.2	0.8.8	-	9f07d5a0553ae44fab5254a3669e50d0dd499599
net.databinder	dispatch-nio_2.9.2	0.8.9	-	df4db614a53ff41e9045027d2bf34bce315f9a5c
net.databinder.dispatch	dispatch-lift-json_2.9.0-1	0.9.2	-	a86eb9437d5eab74f2364c5366e2aa5e61ca6108
net.databinder.dispatch	dispatch-lift-json_2.9.0-1	0.9.3	-	2af6c210d639686641a9a41191230825daae66e1
net.databinder.dispatch	dispatch-lift-json_2.9.0-1	0.9.4	-	d60f316f7fb3b6a0cac9cd1d5bee039bc31c3fd1
net.databinder.dispatch	dispatch-lift-json_2.9.0-1	0.9.5	-	82eddf25c1af0054c6bca1dec099f0d205f9cfd4
net.exoego	aws-sdk-scalajs-facade-pinpointemail-nodejs-v8_sjs0.6_2.13	0.26.1-v2-524.0	-	bd1cd3319763a23c19e721d7ba9ed0dfb94f5545
net.exoego	aws-sdk-scalajs-facade-pinpointemail-nodejs-v8_sjs0.6_2.13	0.26.1-v2.524.0	-	c554ec144895165bbb12e8a21f9d55684670f3da
net.liftmodules	fobo-highlightjs-res_3.3_2.11	2.0	-	077a3c4b791ae18034f991367a5b77e81adf5b94
net.liftmodules	fobo-highlightjs-res_3.3_2.11	2.1.0	-	669695683b4d950b1bc10684ae69ab566c24f739
net.liftmodules	fobo-highlightjs-res_3.3_2.11	2.1.1	-	77c24b27ac74de610c75b20f836596ff2b40af7d
net.mdatools	modelant.repository.api	3.3.0	-	e68552ff429ddaea51979cbea6b7d18e8d728386
net.optionfactory	whatsapp-business-java-dto	1.0.0	-	d861b626d74e171cf1d3294db9e38b648dea6dbe
net.oschina.zcx7878	cicada.boot-id	1.0.5.1	-	e757b81600a60497eb8283e8e4e36908f17a7852
net.oschina.zcx7878	cicada.boot-id	1.0.5.2	-	e0a6e965f46fd8f0210db3459c8f55e6dc66279d
net.oschina.zcx7878	cicada.boot-id	1.0.5.3	-	ca4a03a10c15b89960453201db826f491c0cd30c
net.oschina.zcx7878	cicada.boot-id	1.0.5.5	-	4d120625f727bbd748ee493e5685ba2f170aee21
net.oschina.zcx7878	cicada.boot-id	1.0.5.6	-	0a32ce1e2e4c2429e85b23c8e5b4ac3b7526c1a4
net.oschina.zcx7878	cicada.boot-id	1.0.5.7	-	c9acc35f123180bc2972841b82b5840af6a993d2
net.oschina.zcx7878	cicada.boot-id	1.0.5.8	-	a67c6fd52c562ac25ba88ccc76325a224551593f
net.oschina.zcx7878	cicada.boot-id	1.0.5.9	-	54948b6058378a7fdc4e4cfb264f7cc037e3ab97
net.oschina.zcx7878	cicada.boot-id	1.0.6.0	-	1084a31bdf6d8cc6e4c0496a918db81f981de015
net.oschina.zcx7878	cicada.boot-id	1.0.6.2	-	6bd0cf56433df0d0a33573a1239ad882a3884903
net.oschina.zcx7878	cicada.boot-id	1.0.6.3	-	2513147ada860d2b574fcee16fbe76c2a7dc2618
net.oschina.zcx7878	cicada.boot-id	1.0.6.4	-	0eb131e0f7c3425c94bb249a793965e659a82af7
net.oschina.zcx7878	cicada.boot-id	1.0.6.5	-	7b2366e9ff5f04d17fb46f9000b63ed16f9cc042
net.oschina.zcx7878	cicada.boot-id	1.0.6.6	-	44d07dde1a82d876093705b3179eef7628ed831c
net.oschina.zcx7878	cicada.boot-id	2.0.0.0	-	aef3b62ee7d94968419c7439fe85cadddfc35b8d
net.oschina.zcx7878	cicada.boot-id	2.0.0.1	-	48a0fb1f5e94159fa5e038b95067803dc5b707a7
net.oschina.zcx7878	cicada.boot-id	2.0.0.2	-	d9c7f6c4ca50d65145627666c2104917b0d64a8d
net.psybit.factory	mother-factory	0.0.1	-	9777e1e960a4962ade6d8bc7db55d6e808f361cc
net.psybit.factory	mother-factory	0.0.1	0.0.1-jar-with-dependencies	ea6d590cfee920d1d85c6d79da929fb8c47101f6
net.psybit.factory	mother-factory	0.0.2	-	0621b6c6db20b6e36a9c424e9bbdd656926479d0
net.psybit.factory	mother-factory	0.0.2	0.0.2-jar-with-dependencies	4c3808a4f911b66146a8991995ad2fc42a735c4c
net.psybit.factory	mother-factory	0.0.3	-	08ee65ef0c116660e2b08766efcd72cbdc975f58
net.psybit.factory	mother-factory	0.0.3	0.0.3-jar-with-dependencies	5a28ea20abb3431dc1925ddc321d05422090426e
net.psybit.factory	mother-factory	0.5.1	-	37b7d3d0600b596ee0f910dfc9ac3868441f30dc
net.psybit.factory	mother-factory	0.5.1	0.5.1-jar-with-dependencies	e38b76bba700262adf4dd197360a2e8478482e01
net.psybit.factory	mother-factory	0.5.5	-	05495c8e86be68c49df7d8592ced894643cf7766
net.psybit.factory	mother-factory	0.5.5	0.5.5-jar-with-dependencies	c0dda08a0e1f2ac04b1900e42dd983decf6cfbd6
net.sf.gnu-hylafax	gnu-hylafax-core	1.0.0	-	ab1a33323519097ec2b7b7f5e2a1f3b3d7b302ca
net.sf.gnu-hylafax	gnu-hylafax-core	1.0.0-b1	-	968f2afa9cfcccc5cf152fcffd66eda358aa55f6
net.sf.gnu-hylafax	gnu-hylafax-core	1.0.0-b2	-	36b9da8f0e32a27ce247f09d60d398e299fbc958
net.sf.gnu-hylafax	gnu-hylafax-core	1.0.0-rc1	-	f53a8a5bdbb09b42ca54b7cd12152f97f47d44b6
net.sf.gnu-hylafax	gnu-hylafax-core	1.0.0-rc2	-	f97e83ac35f224973e07a9f30746591899f01c95
net.sf.gnu-hylafax	gnu-hylafax-core	1.0.1	-	088778fdd2ea5b3bba04c289de9d617628c9b8e3
net.sf.gnu-hylafax	gnu-hylafax-core	1.0.2	-	e4a9ed22343df8f53eb0d240714e565387360d2f
net.sf.gnu-hylafax	gnu-hylafax-core	1.0.3	-	5179494e09859cfe7be68176e48dc2bf5124ae7e
net.sf.mardao	mardao-android	2.3.0	-	bca9d76ac0962cd73152bdf8ee561648ddb1381b
net.sf.mardao	mardao-android	2.3.1	-	95d2ea0af986528999683ab7bf85e86bd1697759
net.sf.mardao	mardao-android	2.3.2	-	06187265a2ea13c32bb13c5f204ab123a234466a
net.sf.mardao	mardao-android	2.3.3	-	fa829f22b006af5e5748421e9f7bd25fe8b5aea0
net.sf.mardao	mardao-android	2.3.6	-	5dd5fe782f8776e83056ec3d8ebbc4fd356deb4a
net.sf.okapi.steps	okapi-step-wordcount	0.35	-	4be944ca8c3f0d5c98cc447e1dcdab29cbaf16cb
net.sf.okapi.steps	okapi-step-wordcount	0.36	-	98577c5e2a2d53a8771d88a4bceb1ca330e00fae
net.sf.okapi.steps	okapi-step-wordcount	0.37	-	194efb8d817a363e6c563fd080e618af62c0704e
net.sf.okapi.steps	okapi-step-wordcount	0.38	-	40232c02a29f0f3b94fc1a017025631ef55a1092
net.sf.okapi.steps	okapi-step-wordcount	1.39.0	-	90e4012ad05d05eb0fced4fe0c57a577c2795f3b
net.sf.okapi.steps	okapi-step-wordcount	1.40.0	-	51d0e692b62fd00a04d025b6f64f72cc0786453c
net.sf.okapi.steps	okapi-step-wordcount	1.41.0	-	ce8710e4481dd90a9514ee6fdd3122789f54f5b3
net.sf.okapi.steps	okapi-step-wordcount	1.42.0	-	7d1b52017f80b6fd439ec6de602d3254442fa737
net.sf.okapi.steps	okapi-step-wordcount	1.43.0	-	0dc858ce035dc0a43bb80929994411128dd20a1d
net.sf.okapi.steps	okapi-step-wordcount	1.44.0	-	191b43dbd6d35ff1ee13a6b627474b109d1dd2c7
net.sf.okapi.steps	okapi-step-wordcount	1.45.0	-	3d589b5b5e420fa8780a671b49c2ce306821bcae
net.sf.okapi.steps	okapi-step-wordcount	1.46.0	-	a0e8c32e1742673b7d17ff9c2cd457505e0a280f
net.sf.okapi.steps	okapi-step-wordcount	1.47.0	-	c7d668300b93c1a7be6dc8036a8d84563c559a49
net.sf.tsl2nano	tsl2.nano.mavengenerator	2.3.0	-	896dd287a2b4fe01becc35dd8599330ac3576188
net.sf.tsl2nano	tsl2.nano.mavengenerator	2.3.1	-	25b0d5a4808a3176fa37a21e7885e75677f0f097
net.sf.tsl2nano	tsl2.nano.mavengenerator	2.4.0	-	741d65823d2ec47adf3f1c262480b7f2214547d2
net.sf.tsl2nano	tsl2.nano.mavengenerator	2.4.1	-	a3194408756773fc570c189d6f6f38718cc658a4
net.sf.tsl2nano	tsl2.nano.mavengenerator	2.4.10	-	ff351e8b0cf6b7664713e341f73cefd8d9da45c0
net.sf.tsl2nano	tsl2.nano.mavengenerator	2.4.11	-	d29479659292446f25f92622e625093eb98d3d00
net.sf.tsl2nano	tsl2.nano.mavengenerator	2.4.12	-	fafb9dea3ecb3c3f82d21a6f2307c0616ddd2d1d
net.sf.tsl2nano	tsl2.nano.mavengenerator	2.4.2	-	3a43ea952341277e8ba66aa9c08d9bd186a2eb52
net.sf.tsl2nano	tsl2.nano.mavengenerator	2.4.3	-	665460ec52255afdc617765b907e848c2232e775
net.sf.tsl2nano	tsl2.nano.mavengenerator	2.4.4	-	a6a6fd1e3e202cdba3124795f0de8264b6869346
net.sf.tsl2nano	tsl2.nano.mavengenerator	2.4.5	-	f0e6dd9993b547ee0c45591ae6887668f81a4be3
net.sf.tsl2nano	tsl2.nano.mavengenerator	2.4.6	-	5b83596249f08bac78c7718b445ac7aeb76680ab
net.sf.tsl2nano	tsl2.nano.mavengenerator	2.4.7	-	2afe6a078aef25d577832599ecea254451a5dcf5
net.sf.tsl2nano	tsl2.nano.mavengenerator	2.4.8	-	a0b0b8c39fbb189a0b0f9517414e97f7b51a5c2f
net.sf.tsl2nano	tsl2.nano.mavengenerator	2.4.9	-	5bb0412a0ec8ca4403ddb56eae13f09fb8db6b74
net.sf.tsl2nano	tsl2.nano.mavengenerator	2.5.0	-	db59127fe731d19d9543db468013797d7ee83593
net.sf.tsl2nano	tsl2.nano.mavengenerator	2.5.1	-	beae4ce36c86a1127084dae72ed5c7f3d6305a55
net.sf.tsl2nano	tsl2.nano.mavengenerator	2.5.2	-	a97dc0a5a12f9defd8d1bfc64b7b4c84fe60a377
net.sf.tsl2nano	tsl2.nano.mavengenerator	2.5.3	-	5d9267ae4fc5a3d9342c35d5fa06d099bbc015ff
net.sf.tsl2nano	tsl2.nano.mavengenerator	2.5.4b	-	478123cd2905db87e0ce5efa2a7fd8f8a88d9fde
net.sf.tsl2nano	tsl2.nano.mavengenerator	2.5.5	-	74bb4b8111748fa6f6c4acbbe28b106522f41248
net.stickycode.composite	sticky-composite-cxf-soap-http	1.1	-	10d493c79a7d467467489611fdd5f284c68b03bc
net.stickycode.composite	sticky-composite-cxf-soap-http	2.1	-	d1be018eef2727f6e9bc2d68cf85d6fbdf70f0c4
net.thevpc.common	thevpc-common-md	1.1.0	-	8e92d5c2c49617fc22344594513de8d581593d72
net.thevpc.common	thevpc-common-md	1.2.0	-	40ca0aa50fdc1756a8f0c7c6c0bc018f583c7e76
net.wensel	cascading-local	4.0.0	-	bca6cc98b628589c0008c51478743077079b856e
net.wensel	cascading-local	4.0.1	-	5786d584291e2c927a94aa09295a09420a4e4cca
net.wensel	cascading-local	4.1.0	-	2905f8c36e69616982dcdc131b35491cdcfc8342
net.wensel	cascading-local	4.5.0	-	0fd738c8536495a32f4ea89db25b4842f8fedded
net.wensel	cascading-local	4.5.1	-	3f312fae66142ea96fc996560a8061ff7baf92d9
net.wensel	cascading-local	4.5.2	-	87498aab83895abf62213f2329f71ffa5e24b773
net.wensel	cascading-local	4.5.2-wip-32	-	7f39e29a4f1a233db22b0df6c68b378918529197
net.xdob.springframework	spring-jdbc	5.3.39	-	416bf8f849996fc7687abad7d50ad34290395ce5
net.xdob.springframework	spring-jdbc	5.3.41	-	8c9c312be85471235a6c0d0df698fbeb94ce396c
nf.fr.eraasoft	furious-javatester	1.0	-	291337c22c6b73843f759b1793db1a6082f0962e
no.nav	arxaas	0.3.7-RELEASE	-	882f52449f91434f32770e0effce07e477bcd1c7
no.nav	arxaas	2019.07.15-15.33-aebd9fea9470	-	39c3282e6696291b59a953e0d757ef8a4931c084
no.nav	arxaas	2019.07.25-14.09-74701edb7166	-	98612ea5af048f7b739e03b77b98124f14353498
no.nav	arxaas	2019.07.30-09.16-a54d8df595dc	-	0a75de0c3453ca6b931e5f069b709566fdb0b781
no.nav	arxaas	2019.08.02-18.26-1ab9cf0d848f	-	41fab2991c97a012a378dc5dd06a5732350e5128
no.nav	arxaas	2019.08.22-15.08-4f85a9edd7e3	-	78614cb3f1c7584237720d08012adfeac1fe01e7
no.nav	arxaas	2019.08.22-15.10-4f85a9edd7e3	-	0a50d3d0101f48685bdfc4a316d9168768b42327
no.nav	arxaas	2019.09.03-12.32-5faa5a21b3b9	-	d968a6545f028873f441ffa2050ead8c19643060
no.nav	arxaas	2019.09.13-13.43-cb767f207551	-	311a256a7acfc88995d1c0ae885e939e524d4ad6
no.nav	arxaas	2019.10.07-16.19-53b6e65d626c	-	ae37d6b3755c5d17e421f5f06277f8774e4d07f0
no.nav	arxaas	2019.10.11-09.10-b9f70fba04d9	-	9cecf3d314101a053aac5bc22bbc2cb6042c04bd
no.nav	arxaas	2019.10.14-15.56-b37a6daaa1bf	-	7c4f114674a51622e5090dac015a120a9ae4d437
no.nav	arxaas	2019.12.09-16.14-66496b9262ec	-	c267d20f9cfd7eaffd3db358c5c51bb0c6e6550b
no.nav	arxaas	2019.12.09-16.15-66496b9262ec	-	68544fd8631efe5d4a671b29369831f5c265b369
no.nav	arxaas	2020.02.24-16.04-366f0cde73f4	-	195b59a5d9dd9c4957db35b3d5cf02fb39e56f6f
no.nav.foreldrepenger.kontrakter.topics	hendelser-brukerdialog-inntektsmelding	5.0_20191022190127_b7705fd	-	a1851ea04b7e42ae7e0d781c4ce69694a6c8d987
nz.ac.auckland.composite	composite-logging-simple	3.2	-	1ae276cda742e768bee21cca1721c498fa8bd382
nz.ac.auckland.composite	composite-logging-simple	3.3	-	b903249cae4ae0b8fe3752afae7c9a6de0dc3f16
org.activiti	activiti-cipher	6.0.0.Beta1	-	330808045ccb15cc12c776a3a88816bc990d1f17
org.activiti	activiti-cipher	6.0.0.Beta2	-	2905df5444f45a21e25fbc1a6de09061fbe638ea
org.aesh	aesh-terminal-http	1.0	-	39f9e86c137128da3437bcb5993aefc01360f433
org.aesh	aesh-terminal-http	1.0-CR20	-	0068b098efc6f66e33ebff35d9f032dbf566369b
org.aesh	aesh-terminal-http	1.1	-	f0afcfa06261a907d7a2c95a74090a0ddc3c212d
org.aesh	aesh-terminal-http	1.10	-	af34ef3254dc37af2b4973d63bc8e3fbd28c97bb
org.aesh	aesh-terminal-http	1.11	-	0afa0f62ea107e47464ed66d8296cdbaf3f32909
org.aesh	aesh-terminal-http	1.12	-	0c1535d5efb774b8f8ead71433a4bcedc6964af0
org.aesh	aesh-terminal-http	1.13	-	beeaf10af6339703dbee8c762dc2fc37ffb58102
org.aesh	aesh-terminal-http	1.14	-	e3d9dcd3a400a5a72660f269be612f5c50cf1ec5
org.aesh	aesh-terminal-http	1.15	-	c23429310637ae9eb567e544a8e8df31208c5376
org.aesh	aesh-terminal-http	1.16	-	09bdd1bb83fb832219a64c21efa32e235284d618
org.aesh	aesh-terminal-http	1.17	-	c49d1010fb295c3570e1602799ff6d719e1ff455
org.aesh	aesh-terminal-http	1.2	-	dbaf50bcf0e1f53409442828af219b7ad778aa94
org.aesh	aesh-terminal-http	1.3	-	93e093f19ebfa32762310b8d2ccc28caf9046c6a
org.aesh	aesh-terminal-http	1.4	-	be82d7aa2f334285db231c35a94113d9afc2c0d9
org.aesh	aesh-terminal-http	1.5	-	83522a9c8119a581b653f994ad8b46649e905626
org.aesh	aesh-terminal-http	1.6	-	77a028f82374f9382834e0214ec8bb25c5e65914
org.aesh	aesh-terminal-http	1.7	-	89f9a5169d87e088af9f610f42f669c48a18ddcd
org.aesh	aesh-terminal-http	1.8	-	bfbae63e215a3b251ba5b4b09c035c1caeb20ddc
org.aesh	aesh-terminal-http	1.9	-	917916fa90ae41254d70a02e0b5840269d319f87
org.answer-it	mock-slf4j	1.0.0	-	02e8c20178414657aa52150395117c1698f1ffc8
org.apache.activemq	artemis-service-extensions	1.0.0	-	7d4ddca3b7548148989a00ea1f629f3c13b63114
org.apache.activemq	artemis-service-extensions	1.1.0	-	7874ee234a3a92f61c5de60c7b904051a6921e4f
org.apache.activemq	artemis-service-extensions	1.2.0	-	76514a00378f116b3d72d9633b5376ad4830ac67
org.apache.activemq	artemis-service-extensions	1.3.0	-	531232eddef62bfd5e1e7a011a1be7fec1559800
org.apache.activemq	artemis-service-extensions	1.4.0	-	7838c0ee1f7f2c125f60e44f0561e179acaac55d
org.apache.activemq	artemis-service-extensions	1.5.0	-	7651b5c2654ee49c6e2d01c5c7a0120faabd582f
org.apache.activemq	artemis-service-extensions	1.5.1	-	5008dc502b743f38f5baee5693aa3d508e20f115
org.apache.activemq	artemis-service-extensions	1.5.2	-	b742a1447033ded671aae5a2a89bc9480c40fc94
org.apache.activemq	artemis-service-extensions	1.5.3	-	40724c446f7929b7d0f3360bc6c2a46d2eb39765
org.apache.activemq	artemis-service-extensions	1.5.4	-	1872de7f9d478fa2e5c32d0a40d61a2152c1e21c
org.apache.activemq	artemis-service-extensions	1.5.5	-	0699318952a0f4b4c96b73fc95c312845239c8f4
org.apache.activemq	artemis-service-extensions	1.5.6	-	ad40b34fc8435dc5ada64a9467a9ab18e9716dcb
org.apache.activemq	artemis-service-extensions	2.0.0	-	5d64999c0828d828da743f406f575c02cbe4eb1c
org.apache.activemq	artemis-service-extensions	2.1.0	-	da7eebdd369b23c5148448caedc99e8674bbaa21
org.apache.activemq	artemis-service-extensions	2.10.0	-	b6aabae1e0e4cc895ba1115b6b5bf0ccb075e041
org.apache.activemq	artemis-service-extensions	2.10.1	-	d28b33b6cd600b17d2227881064f4a735d59d4eb
org.apache.activemq	artemis-service-extensions	2.11.0	-	b7e1c8c0cfd2124f7931105f90deb59816ac647a
org.apache.activemq	artemis-service-extensions	2.12.0	-	c591a9fee5b1a0c5dbb803379c23eba7bdf8bee9
org.apache.activemq	artemis-service-extensions	2.13.0	-	60ebc7b7b99d4891ccda6e9938d0386ec48e3b0f
org.apache.activemq	artemis-service-extensions	2.14.0	-	b43c3f8e364dd7638924cc3dba420f818922ab1b
org.apache.activemq	artemis-service-extensions	2.15.0	-	646279c491140ab8f721ddb38b6c53e41b36d5cc
org.apache.activemq	artemis-service-extensions	2.16.0	-	5d21958089b5aa137eeb72e8f39545fbe8fcc014
org.apache.activemq	artemis-service-extensions	2.17.0	-	29f93fc47751c3dc8025ec4a77e35c017b2de5c1
org.apache.activemq	artemis-service-extensions	2.18.0	-	b21c33e57afca69c8785c666d5afe4b5ac755e4b
org.apache.activemq	artemis-service-extensions	2.19.0	-	716fa39e677e154925ba6805ccac1ac5c7f7262e
org.apache.activemq	artemis-service-extensions	2.19.1	-	046b4f94b0adf1befb82353ae68a596a38341a2d
org.apache.activemq	artemis-service-extensions	2.2.0	-	49620fc120412f3f9fe5b413d31d3c673d0510fd
org.apache.activemq	artemis-service-extensions	2.20.0	-	973423cbc7f0902c5ad8061eceb791f3280d68ae
org.apache.activemq	artemis-service-extensions	2.21.0	-	752ec038f149679a2f2f42dc4d70688978a74a3b
org.apache.activemq	artemis-service-extensions	2.22.0	-	3374babac70201945e5f3bcee76e6ef2c821164f
org.apache.activemq	artemis-service-extensions	2.23.0	-	c9a6d9abb8b82451ce7811beb9cb11a04b4890d5
org.apache.activemq	artemis-service-extensions	2.23.1	-	d80f9e0c5cedb897998cb323faa93f6ae39161d6
org.apache.activemq	artemis-service-extensions	2.24.0	-	223acfd5dbf8dbbb6d20938ef2bf5a211d642a7d
org.apache.activemq	artemis-service-extensions	2.25.0	-	9c3b3afb7792e89f023d2ac8cb75ab0c658d5179
org.apache.activemq	artemis-service-extensions	2.26.0	-	6f8dabb61d672320a2d51f69ce71735aa607a7e8
org.apache.activemq	artemis-service-extensions	2.27.0	-	b174a461023909faa997e707e473175d27347772
org.apache.activemq	artemis-service-extensions	2.27.1	-	a68cdd306afca6c11247de69c957f3acc63736c5
org.apache.activemq	artemis-service-extensions	2.28.0	-	b4816f614e99b58b41dc2e270538a5c6ec01ac31
org.apache.activemq	artemis-service-extensions	2.29.0	-	7a6e842a43f4155100f5987aff6eca1a841cae50
org.apache.activemq	artemis-service-extensions	2.3.0	-	1303e63a5c0b4e8c4b037fb21a34b7567085c047
org.apache.activemq	artemis-service-extensions	2.30.0	-	1d9862da0d174923ec34a6c178a24bbc0908bc11
org.apache.activemq	artemis-service-extensions	2.31.0	-	c8ebff47fc28efe86aca9f44516488010bb86282
org.apache.activemq	artemis-service-extensions	2.31.1	-	663c171c0a9fe414102cdce331e7ef8fd388aff1
org.apache.activemq	artemis-service-extensions	2.31.2	-	dbe3578caba2528c7a3a82898ec61b9264df360b
org.apache.activemq	artemis-service-extensions	2.32.0	-	cad3926ca07808f704c635225efaef076b41c05f
org.apache.activemq	artemis-service-extensions	2.33.0	-	f3e0fa35cb15274eed70ce18ac31ec6fcd7caaa5
org.apache.activemq	artemis-service-extensions	2.34.0	-	989ec8a4641ca41644e172085b9c4d084b345893
org.apache.activemq	artemis-service-extensions	2.35.0	-	cd0871cdd1b5b2a3cbc01317499389ba6cbf8214
org.apache.activemq	artemis-service-extensions	2.36.0	-	39a4985c905783fa0e89b0d0f0596b451fad8c42
org.apache.activemq	artemis-service-extensions	2.37.0	-	bacb886766e5e68dc123823a78ebdf84cf6d0528
org.apache.activemq	artemis-service-extensions	2.38.0	-	dda97d3aed323604faf7e02aa63d7070828ca610
org.apache.activemq	artemis-service-extensions	2.4.0	-	af82aba8b2f809e1a0ce5f1a41c5412504161bec
org.apache.activemq	artemis-service-extensions	2.40.0	-	ecdc431c379f1744300701ab12537e8ba17b1d95
org.apache.activemq	artemis-service-extensions	2.5.0	-	f404338d424b04ffa789546f502cd54d55a0006a
org.apache.activemq	artemis-service-extensions	2.6.0	-	0a9cb6e2e159c9e2164133c36be45204ef132120
org.apache.activemq	artemis-service-extensions	2.6.1	-	2448900a832f304c57f446512c1aa8e45a30ca84
org.apache.activemq	artemis-service-extensions	2.6.2	-	0ddbc94cd905ea91691b23e997b0264eafbdbec4
org.apache.activemq	artemis-service-extensions	2.6.3	-	25ac00493f11d7a9578d8d3842c2f1ef064e3d24
org.apache.activemq	artemis-service-extensions	2.6.4	-	32a5a040a1ee944713ee82bfbf858f0e788c820e
org.apache.activemq	artemis-service-extensions	2.7.0	-	fb6d4ab542a3cfa11f67b4ec4c4f530906b3290a
org.apache.activemq	artemis-service-extensions	2.8.0	-	0f8b2b0f13566ec317e7de91c2470eb8cb8e773e
org.apache.activemq	artemis-service-extensions	2.8.1	-	7fd6689247c136f109d2a8ebf201c6539a0fb17c
org.apache.activemq	artemis-service-extensions	2.9.0	-	a7581ff8ef5776222bdd7ff57839a04c04d972f4
org.apache.amber	amber-oauth2-httpclient4	0.22-incubating	-	20ba1bb7ceb78b1ce72429e5ee48f99c3351feda
org.apache.bigtop.itest	smoke-tests-conf	0.2.0-incubating	-	d27d9bd13667b9bf8e511db998349ffd8e870b38
org.apache.bigtop.itest	smoke-tests-conf	0.3.0-incubating	-	d2681daf4d89c65007e0af7600a1d22ab486f4b3
org.apache.bigtop.itest	smoke-tests-conf	0.4.0-incubating	-	76a6cd5109d04c17b2b24a318ea8bc3e98ac5626
org.apache.bigtop.itest	smoke-tests-conf	0.5.0	-	b3118d24dfef07cef809a20092b1c6f14590dd8c
org.apache.bigtop.itest	smoke-tests-conf	0.6.0	-	b4f2d8332e8833e112aeaa6086bfc791ee90024b
org.apache.bigtop.itest	smoke-tests-conf	0.7.0	-	100ff30072774a03eada4b1e567f88348297a77b
org.apache.bigtop.itest	smoke-tests-conf	0.8.0	-	1d29d99a998e1a083552b2384ee5fcbab6bd23a6
org.apache.bigtop.itest	smoke-tests-conf	1.0.0	-	05134db8c0ebd623e7936de1513e2edfc148bd17
org.apache.bigtop.itest	smoke-tests-conf	1.1.0	-	0df8d842f3ab215b4a4786b75b5ad32cc5939831
org.apache.bigtop.itest	smoke-tests-conf	1.2.0	-	b788b0ad687fd578379a9c8bf9c6ed3e62a51e10
org.apache.bigtop.itest	smoke-tests-conf	1.2.1	-	a1343e59fac31a369de70b73a3f052c1642791f7
org.apache.bigtop.itest	smoke-tests-conf	1.3.0	-	50cdc774127b2fe2dd45ac3fa2eb1d6166436659
org.apache.bigtop.itest	smoke-tests-conf	1.4.0	-	7ca237385383808f16fd4f6705120370f726f015
org.apache.bigtop.itest	smoke-tests-conf	1.5.0	-	5ae2e60dfa331e3966bc152607d5ccd9b0f8747b
org.apache.bigtop.itest	smoke-tests-conf	3.0.0	-	d0cb882169f538d950d24231398c8de081a487bb
org.apache.bigtop.itest	smoke-tests-conf	3.0.1	-	6b9c109554c4a514438905b7a47657d703ad2c97
org.apache.bigtop.itest	smoke-tests-conf	3.1.0	-	123ff048d0bb4920ded45df5e657fe1bfaa6e3df
org.apache.bigtop.itest	smoke-tests-conf	3.1.1	-	1856d8744c55fef1ae77bd095b45755612ce37a3
org.apache.bigtop.itest	smoke-tests-conf	3.2.1	-	5f6b3e2963038200f89020511f7436a21b4e72ab
org.apache.bigtop.itest	smoke-tests-conf	3.3.0	-	64ea8438db9973f37042e65ab1c0956fffa29ed0
org.apache.camel	camel-script	1.0.0	-	76ccbc1735e94e2031e3dbd81da801c51b2bb1a5
org.apache.camel	camel-script	1.1.0	-	49dd32731fb2294be10be5951a7915b004f854c4
org.apache.camel	camel-script	1.2.0	-	ab13b0543180428a6d78f6c58c7cd6a0ae5dcea6
org.apache.camel	camel-script	1.3.0	-	0c9a0e66b491e0a822fe9800bed2f9a63a192fa5
org.apache.camel	camel-script	1.4.0	-	c346702458af3c4f0321b35a11443e42e72438cb
org.apache.camel	camel-script	1.5.0	-	9444613da888ebbec5415f14c47b1656e5b7fd3b
org.apache.camel	camel-script	1.6.0	-	c5bf6b65a76a9eee488b5e9a33c3cf3ef96a7a7e
org.apache.camel	camel-script	1.6.1	-	b25cd79a1343ce03fe82b1790a22bc9703094ba9
org.apache.camel	camel-script	1.6.2	-	86bea84776380b84f83cea83396d63c2fb6f3139
org.apache.camel	camel-script	1.6.3	-	871a79894e8c68a53de98f1bd256c700ec4926ac
org.apache.camel	camel-script	1.6.4	-	e62117729a2dea816059a9846dfc81355b03086c
org.apache.camel	camel-script	2.0-M1	-	3d0ee3866e8dc77e1ce27c18dcf56ed6ad864adf
org.apache.camel	camel-script	2.0-M2	-	46c24b6aad362ff75ff810bd5a658e092396e7b2
org.apache.camel	camel-script	2.0-M3	-	58ae4167763a210253df910f593d18e584e5c08c
org.apache.camel	camel-script	2.0.0	-	688b2d9d3fa17ecb8c1285a090f51823e86c49e6
org.apache.camel	camel-script	2.1.0	-	2b8415cd4c9e35cf5562e120a526e6dbe6466e52
org.apache.camel	camel-script	2.10.0	-	0860fa8fe5cc3b1ca251c7eab73efdb7bdb66425
org.apache.camel	camel-script	2.10.1	-	109e2749bddcc95342eb55254ceffe189ea6bb2c
org.apache.camel	camel-script	2.10.2	-	953b5b7df2a2f930af423c0075ae6de75b669faa
org.apache.camel	camel-script	2.10.3	-	2430ab38d80c6e57055e1f4cb9dd6ae142e0ef01
org.apache.camel	camel-script	2.10.4	-	887c990e97d1a33041e4a190964c1a950f1878b3
org.apache.camel	camel-script	2.10.5	-	d78bd7c090410621958610dc5a605b34d2e0ed4d
org.apache.camel	camel-script	2.10.6	-	d475c025f32deff73db4c43d8cff7bc252e20ad5
org.apache.camel	camel-script	2.10.7	-	8c3166c5d5dd1e19b5a0e53b756cb80124bd887d
org.apache.camel	camel-script	2.11.0	-	de42ca6a76ba2aa05217826375fda17e759ab164
org.apache.camel	camel-script	2.11.1	-	dea7db829eb1bf8dd7703f3a63f452b727a27c63
org.apache.camel	camel-script	2.11.2	-	c445f90b9911eed975f0d7ca18a0383008be7593
org.apache.camel	camel-script	2.11.3	-	fc09a42c3b37daf365c6d71721d720ad811fc0d7
org.apache.camel	camel-script	2.11.4	-	6e26cf6f441d21ecc31cb8765197d28daf59aff8
org.apache.camel	camel-script	2.12.0	-	5a797768a33f37fd401935fdc50f26c02046cae2
org.apache.camel	camel-script	2.12.1	-	2d02386fc7bfdc3aec223822605ac332fb0500cc
org.apache.camel	camel-script	2.12.2	-	c6363dc284ed094d15a858d66d235760f17117bf
org.apache.camel	camel-script	2.12.3	-	c5017a1d67cc97104f3638b83e47c7f38d46b282
org.apache.camel	camel-script	2.12.4	-	fc7d7ec3fc9be4caccf85d9fa3d09d85d77bb004
org.apache.camel	camel-script	2.12.5	-	b96b858a9c05d263f0b942731b751681b79009b1
org.apache.camel	camel-script	2.13.0	-	2b5c40080add59a402cc646b16dad34271ecb3dd
org.apache.camel	camel-script	2.13.1	-	72a216cee83166173c2485d18e9dfe67170908a6
org.apache.camel	camel-script	2.13.2	-	defd2008d3af4db4b7a86924deec66f866825ac1
org.apache.camel	camel-script	2.13.3	-	9f573a3f053c98b8e24efa5f96ff7ef5dfb2b168
org.apache.camel	camel-script	2.13.4	-	48baea0df9e6b7ec5d7c525894854832dfbeb88d
org.apache.camel	camel-script	2.14.0	-	b0f55c006e9353d0b8ad4663f4660fc98c724820
org.apache.camel	camel-script	2.14.1	-	28f5385f8ccd7ac909439751e83e172b746ff9e1
org.apache.camel	camel-script	2.14.2	-	557142c33b5cff1644406ba896cf1363af8ad6a3
org.apache.camel	camel-script	2.14.3	-	e15595c285a43caea3834989979e4075ba54cf80
org.apache.camel	camel-script	2.14.4	-	aeb9b95af947ec619b559a4ae284492ffed21413
org.apache.camel	camel-script	2.15.0	-	6efd909fdd84d586e3f7627653ec3f16fe9c47fc
org.apache.camel	camel-script	2.15.1	-	f2ea49185350f5d7b7f94ff8eb533784271751ad
org.apache.camel	camel-script	2.15.2	-	0eb67f74f0ed28013804d32f6630e8dee61ac517
org.apache.camel	camel-script	2.15.3	-	d191c5cced07b77b80132efb611fa6d30a1c874e
org.apache.camel	camel-script	2.15.4	-	643e849581b33b1114540858c86a19364cc2f425
org.apache.camel	camel-script	2.15.5	-	35a549a7b666aff37764b03a31418ef2f8629362
org.apache.camel	camel-script	2.15.6	-	a85ed3cbb3531dbed921067b565ee8889f71fe85
org.apache.camel	camel-script	2.16.0	-	9eeca4581dfaa9bf556c25c019d967ffe131ffb8
org.apache.camel	camel-script	2.16.1	-	c0e67ba30557067e6cf50d6643c139b2319c20a8
org.apache.camel	camel-script	2.16.2	-	fdd21037d81cadb079b99d68a2a9d48a4ac083d7
org.apache.camel	camel-script	2.16.3	-	13b47c831ee3a95ce3aeb36be22403a02589aa1c
org.apache.camel	camel-script	2.16.4	-	80406b3b4b70df571a6d45896c7b15731d4fe51e
org.apache.camel	camel-script	2.16.5	-	5661d741f98504d14b25506c2bf4f80e488ede1e
org.apache.camel	camel-script	2.17.0	-	b87adef843e9197be6c873581ac3963e4be58e59
org.apache.camel	camel-script	2.17.1	-	7832b5f6ac931581c2d8c03e1aa478ebaa2f2339
org.apache.camel	camel-script	2.17.2	-	684f92980783741acde9edb5e53e31937ee05f0e
org.apache.camel	camel-script	2.17.3	-	bcc0eb08b5f88a0d564fc7c72d6115e851b07793
org.apache.camel	camel-script	2.17.4	-	1b1b8e3ef8906521c99a4ba7fc77debee43cab73
org.apache.camel	camel-script	2.17.5	-	50f7dbcd556d89b32a116ceb4800b9bf5f436411
org.apache.camel	camel-script	2.17.6	-	a638b6ad25e6e8286dbddeb8c718e14984356b0f
org.apache.camel	camel-script	2.17.7	-	2afd9bbb8a9475d54fc317db220e0f4e831c1716
org.apache.camel	camel-script	2.18.0	-	2886a50d3f729d9d2843fbfd8c02e9ce590c2041
org.apache.camel	camel-script	2.18.1	-	7d5640c97c33906e21dfbbef50acd3a1af560bfc
org.apache.camel	camel-script	2.18.2	-	2ccd140a19e4bce886e4f102099d11e3b31c5695
org.apache.camel	camel-script	2.18.3	-	3c8a898a13b092787980f796f5f86a72676742a3
org.apache.camel	camel-script	2.18.4	-	0f64f274f96b14c59966b57f3541cc8409d0ec0f
org.apache.camel	camel-script	2.18.5	-	52e36125e6bc44ba7dc764920b46d64338b8abb9
org.apache.camel	camel-script	2.19.0	-	25f17ee14f99e065e262a6f0dbdb22f3a98f03ff
org.apache.camel	camel-script	2.19.1	-	66edf11161d9e5dbe3e080df9b99574aae1fe953
org.apache.camel	camel-script	2.19.2	-	abe22e6e7a9ad0cbfc9bdaa23ee52f6e2c25d8d1
org.apache.camel	camel-script	2.19.3	-	846014415421ea3d8cb9a03d79c9e2a54a9c880d
org.apache.camel	camel-script	2.19.4	-	83fada5532e3289aea5eeb7ea7586b8f4cdc3027
org.apache.camel	camel-script	2.19.5	-	f4160a39d9c1190a060e4e835a675c02bc1b3249
org.apache.camel	camel-script	2.2.0	-	1536aa84bd51d4d9e17a54eec3b6775878255c90
org.apache.camel	camel-script	2.20.0	-	71a09f5897067721190cd1fa09d26e497e42a90e
org.apache.camel	camel-script	2.20.1	-	b0d2e2b931b58b36e76afa240ae430eb845cbb96
org.apache.camel	camel-script	2.20.2	-	413a7578d3c6102b49ee90c32f1749154fa06482
org.apache.camel	camel-script	2.20.3	-	264430b3d42e13d1265123bc615350df0e5a11cc
org.apache.camel	camel-script	2.20.4	-	42c58d10309b7e83f097382d63d19e26b95e68aa
org.apache.camel	camel-script	2.21.0	-	e1993a082d939a09c12c1bc1e701590491671f62
org.apache.camel	camel-script	2.21.1	-	403f93ad78a0a05a8162349b9a4233e6ecef7e3b
org.apache.camel	camel-script	2.21.2	-	14593ba4dc028b6e2edf849b2f84246979cc4b36
org.apache.camel	camel-script	2.21.3	-	9ba61e6e63aab59cddf50d0b2b5b1d316e4cd015
org.apache.camel	camel-script	2.21.4	-	fd12e88b1c9f2ffdf805e014742850f6420e4d0b
org.apache.camel	camel-script	2.21.5	-	0232495725b95ffe647a20adad1057433693fda0
org.apache.camel	camel-script	2.22.0	-	59d590af958fdc6fb22b979b6bc332ff9fa97562
org.apache.camel	camel-script	2.22.1	-	a47a112232bd1068b043a2a6b1f51064f8e81d39
org.apache.camel	camel-script	2.22.2	-	11213ba8337200ba580f14520421fe6e48d17cfc
org.apache.camel	camel-script	2.22.3	-	fec17789486ae1cadb9d484da1cf79a96ae8f47e
org.apache.camel	camel-script	2.22.4	-	5f1a2a7871427873accf236c0dc404b6da1ba698
org.apache.camel	camel-script	2.22.5	-	4cb60259760ca161b995cb97a75b7c53faee40e1
org.apache.camel	camel-script	2.23.0	-	8b30be53e8df1b7ad4fd05b7af5cb0b10d81dc1b
org.apache.camel	camel-script	2.23.1	-	db0fac7e8d55361ab533a51122f6b72e4415506f
org.apache.camel	camel-script	2.23.2	-	384d2ef515be180470a1aadc329af0ec8b23708d
org.apache.camel	camel-script	2.23.3	-	d459f6ee4b9a1fcac95ca59ea4eb004ec1257644
org.apache.camel	camel-script	2.23.4	-	f4bb3678dd4ddb40123e38d087962741b1eb5825
org.apache.camel	camel-script	2.24.0	-	e8e93f29db66d3102c48b850a23b6ba37a8d48de
org.apache.camel	camel-script	2.24.1	-	115540b1f014d2cdc4bc1a388a9b23d5bba8130c
org.apache.camel	camel-script	2.24.2	-	3c2480fda686c157683dfd47257474a9d842e3d1
org.apache.camel	camel-script	2.24.3	-	0d4f5bd54c509b21354acec0d59a3852b203fd73
org.apache.camel	camel-script	2.25.0	-	320695d16ee1a02369122e566a83df1aaea4435e
org.apache.camel	camel-script	2.25.1	-	cedebc712fb8d94d7cbfb7be72de1bdf7fa55b05
org.apache.camel	camel-script	2.25.2	-	9519f8866d405ab8d43df9670294ce5ae747d45a
org.apache.camel	camel-script	2.25.3	-	eb42d4cc3092a8a9348e591eeb7fe2a249040dec
org.apache.camel	camel-script	2.25.4	-	968b0294f8598cd20ebda103c549749916f1f9e9
org.apache.camel	camel-script	2.3.0	-	14a4ce55a9d3d41c3aa8296fdc7be40631ac5e77
org.apache.camel	camel-script	2.4.0	-	4c7aa149dce1fb6990907fbea8cc92cb8b3e70c5
org.apache.camel	camel-script	2.5.0	-	dfde0b59866bb6dc0c8fb160eec5a166a39341d9
org.apache.camel	camel-script	2.6.0	-	3b238b2ad579d6fdb3ae750ba74bad7c5330411b
org.apache.camel	camel-script	2.7.0	-	531a63213e52e5d43e80b4c6071f95a57fe68df1
org.apache.camel	camel-script	2.7.1	-	9d56a45f4d3b44ce3537104a27e1fc5d2d2e98b1
org.apache.camel	camel-script	2.7.2	-	d6d50ea38de694c5610ab2383e8496359d98d95d
org.apache.camel	camel-script	2.7.3	-	c119d0efe1a13e0baf0b89ba3fd241d9367e1974
org.apache.camel	camel-script	2.7.4	-	a19bb931948e453f28c7240a32cacbdff58722de
org.apache.camel	camel-script	2.7.5	-	8c18cc8e1ebaf87de02204ff9ab10af8f16e0e42
org.apache.camel	camel-script	2.8.0	-	41ce16c860ef74b0acfe73ccb119ffc0851fbacb
org.apache.camel	camel-script	2.8.1	-	aa6ca7738b76a822c395ad657fa32b96e00ff889
org.apache.camel	camel-script	2.8.2	-	82785f839f87a9c84bade2e2f9d9498bba81f8ca
org.apache.camel	camel-script	2.8.3	-	a1a2f3094f2b48cfd609a3417cdf16b91660edff
org.apache.camel	camel-script	2.8.4	-	5c3f0de6004e9198f1e1580ebd58a38dfb258295
org.apache.camel	camel-script	2.8.5	-	ceedc2acdfba46aae8dea349fdb0e22330bbb464
org.apache.camel	camel-script	2.8.6	-	b1b0a11b2f9d62cd8221372e52447edd0a6e4a8c
org.apache.camel	camel-script	2.9.0	-	f17b6b5795fb9206bb5b69cf4b2e355d2bc1d142
org.apache.camel	camel-script	2.9.0-RC1	-	12565e0c03b52ba3eef5a74b3856f9a1d6234365
org.apache.camel	camel-script	2.9.1	-	045ff4a3efe06207c138a6af8e61f50b434810d5
org.apache.camel	camel-script	2.9.2	-	997c6ae0b7068111ebbf9084363e1815f5ea81c2
org.apache.camel	camel-script	2.9.3	-	05703590fedfe08becf875c247456aa04605f0e9
org.apache.camel	camel-script	2.9.4	-	c0cd7fe23a7139960830b23bb991c6d6e0879633
org.apache.camel	camel-script	2.9.5	-	ea35cddb1d99a5094f0a37d90f5c53bd1d99a023
org.apache.camel	camel-script	2.9.6	-	33e3190607c7a1e67c3ed120a09114a068ef9fa3
org.apache.camel	camel-script	2.9.7	-	96237006b01cd75cbc533a7be1fda91d9b7f783b
org.apache.camel	camel-script	2.9.8	-	b3a638b5752fbc13ba04a875edd36539347e4a5d
org.apache.camel	camel-script	3.0.0-M1	-	62d9224e2728c416142bd4f029f9d451c4d27e91
org.apache.camel	camel-script	3.0.0-M2	-	1f26c84f6f989219c35e826fdfd73742244f669c
org.apache.camel.kafkaconnector	camel-webhook-source-kafka-connector	1.0.0	-	9058d0c33288f600a223f3faf1ad3b5cf9356f35
org.apache.camel.kafkaconnector	camel-webhook-source-kafka-connector	3.18.1	-	a6a8cd553d778a72696343c25009e8a55c82aaea
org.apache.camel.kafkaconnector	camel-webhook-source-kafka-connector	3.18.2	-	b8536b9cc8aaa779441a6d835fca4f1a8ebacbbf
org.apache.camel.kafkaconnector	camel-webhook-source-kafka-connector	3.19.0	-	9b92eb30fa5223366eb5360797c6666ce9a3d98b
org.apache.camel.kafkaconnector	camel-webhook-source-kafka-connector	3.20.0	-	7fc9920cb7e37b574de31b9607a0d58e1c4908c9
org.apache.camel.kafkaconnector	camel-webhook-source-kafka-connector	3.20.3	-	66d63b72fe6db31f039d661d34cbf21289487277
org.apache.camel.kafkaconnector	camel-webhook-source-kafka-connector	3.20.6	-	729c2d54af965d11c0674a6487f2e5693090ea98
org.apache.camel.kafkaconnector	camel-webhook-source-kafka-connector	3.21.0	-	303097f4ab6db10eb75965b3e925468f16d695c9
org.apache.camel.kafkaconnector	camel-webhook-source-kafka-connector	4.0.0	-	433c6c3e5498b804ebcc180e5e19ef2c137697ec
org.apache.camel.kafkaconnector	camel-webhook-source-kafka-connector	4.0.3	-	e3350dec32b670c9c69ed74a805400b3dd88ae6c
org.apache.camel.kafkaconnector	camel-webhook-source-kafka-connector	4.10.2	-	6f39e206787eeb5ef3a57d62ef51df64410f8c3b
org.apache.camel.kafkaconnector	camel-webhook-source-kafka-connector	4.10.3	-	3de313233d6615b972e9afece4b405f1edbfb6db
org.apache.camel.kafkaconnector	camel-webhook-source-kafka-connector	4.11.0	-	6b2d293ee128ac06c0ed1e4e77ca2e67e75938bd
org.apache.camel.kafkaconnector	camel-webhook-source-kafka-connector	4.4.2	-	ff38cf1d9da34aca1f848aaa7b3c5e62ed020875
org.apache.camel.kafkaconnector	camel-webhook-source-kafka-connector	4.4.3	-	907bd3a660faae8881b35edd75749ae262eaf789
org.apache.camel.kafkaconnector	camel-webhook-source-kafka-connector	4.8.0	-	b5bcab3150fc2a00502aa213cdbcdf935e5c940a
org.apache.camel.kafkaconnector	camel-webhook-source-kafka-connector	4.8.3	-	b383ad05ad901ede1c220c91c98b91a6c1f524fd
org.apache.camel.kafkaconnector	camel-webhook-source-kafka-connector	4.8.5	-	6039238bacb08b9fe949f69136f25072c322117d
org.apache.camel.karaf	camel-bean-validator-test	4.10.3	-	b659b1c7eb98ca7c6445768f71e2e8d2cfc55035
org.apache.camel.karaf	camel-bean-validator-test	4.7.0	-	3589f8aac49adb203183f5f0de0962c96541216a
org.apache.camel.karaf	camel-bean-validator-test	4.8.1	-	77bbfd45b9268be5d39c4dccbe5ddd575d93fef9
org.apache.camel.karaf	camel-bean-validator-test	4.8.2	-	5205d34b617fbf567d7a8de8eecd3c8e056e92f3
org.apache.camel.karaf	camel-bean-validator-test	4.8.5	-	88b29dc88eeae881dd8a0913fd529d62b1c986fc
org.apache.camel.karaf	camel-bean-validator-test	4.8.6	-	d45d2c1bf0543ba79e04b198972607221e422ac4
org.apache.camel.karaf	camel-bean-validator-test	4.9.0	-	3f69fa233dda82a7b4616fc8340a81e774013243
org.apache.camel.quarkus	camel-quarkus-http-deployment	1.0.0	-	9582aa42e4ef6680719647b66f8e1844843f9dc9
org.apache.camel.quarkus	camel-quarkus-http-deployment	1.0.0-CR2	-	1be377ddd502266c8c9a3907813aafeb5f4d013d
org.apache.camel.quarkus	camel-quarkus-http-deployment	1.0.0-CR3	-	dd5ec0e1258db418ca10ce032523822286910edf
org.apache.camel.quarkus	camel-quarkus-http-deployment	1.0.0-M3	-	19354a9b4b78098d762e81b4d2fca5c5f42f58f9
org.apache.camel.quarkus	camel-quarkus-http-deployment	1.0.0-M4	-	dbf8c0452f273d440b79df8d02e15136c130823a
org.apache.camel.quarkus	camel-quarkus-http-deployment	1.0.0-M5	-	5a977dd33f97683ca41e9261ae8c526a358fcb68
org.apache.camel.quarkus	camel-quarkus-http-deployment	1.0.0-M6	-	75b1f4f21c1371bf61cb2d0084a9adaa118ec63d
org.apache.camel.quarkus	camel-quarkus-http-deployment	1.0.0-M7	-	5fe032b61e0270cd03e55a2f914b7bc7f04d5c0f
org.apache.camel.quarkus	camel-quarkus-http-deployment	1.0.1	-	9f2c75519953fe0e37d0a7f14175c2b7b3e82834
org.apache.camel.quarkus	camel-quarkus-http-deployment	1.1.0	-	1e57663ea01145501461d9941a0e546cdec94638
org.apache.camel.quarkus	camel-quarkus-http-deployment	1.2.0	-	b4200e2250a4e0004f9783b34e2c169f0b5e0ea4
org.apache.camel.quarkus	camel-quarkus-http-deployment	1.3.0	-	dfafc511863ead225f847aa217c9f5adcb536987
org.apache.camel.quarkus	camel-quarkus-http-deployment	1.4.0	-	8b1b1623bb351f1e8bade4cc61f13c370fb15eee
org.apache.camel.quarkus	camel-quarkus-http-deployment	1.5.0	-	9a458208e4f7774fedbe107016b79f02424b3175
org.apache.camel.quarkus	camel-quarkus-http-deployment	1.6.0	-	cd9d9c0bf33c934cfb09987f053f3108b3f5c1a0
org.apache.camel.quarkus	camel-quarkus-http-deployment	1.7.0	-	4cee54385ac2d939a7d425ba30ce408c7adabd48
org.apache.camel.quarkus	camel-quarkus-http-deployment	1.8.0	-	3c36503ca337581449fbffce752181d02942c67b
org.apache.camel.quarkus	camel-quarkus-http-deployment	1.8.1	-	28a0a1817ed5a523b78ef98adb3c326ade101222
org.apache.camel.quarkus	camel-quarkus-http-deployment	2.0.0	-	35c3acf09c42e0cbcc36e699a69e536f89745978
org.apache.camel.quarkus	camel-quarkus-http-deployment	2.0.0-M1	-	0b092e03a9c96257e678ba0ace8ee43457205581
org.apache.camel.quarkus	camel-quarkus-http-deployment	2.0.0-M2	-	569102b7206538ad3ca266668b849dc41d5f2343
org.apache.camel.quarkus	camel-quarkus-http-deployment	2.1.0	-	78a95a0e4903f7ea041cac1d70200f4e85945eba
org.apache.camel.quarkus	camel-quarkus-http-deployment	2.10.0	-	a3b15c98e9c10d748d4da14827f7cc855a1782da
org.apache.camel.quarkus	camel-quarkus-http-deployment	2.11.0	-	f5e20e6cc775eeb527507c2738062ed03fe14e30
org.apache.camel.quarkus	camel-quarkus-http-deployment	2.12.0	-	7efb46d36766b673ff78476c05db59f9c3a25685
org.apache.camel.quarkus	camel-quarkus-http-deployment	2.13.0	-	9287d2aa2958bbc6a793c7c71446c01d767be1a7
org.apache.camel.quarkus	camel-quarkus-http-deployment	2.13.1	-	706bcfbb60df0afda200bb2e709b4cc427a7469b
org.apache.camel.quarkus	camel-quarkus-http-deployment	2.13.2	-	ed1d8ed4f9a4c8b71ddc8a1147593f070f465f7c
org.apache.camel.quarkus	camel-quarkus-http-deployment	2.13.3	-	945a8be899991cfbfadac5b7214399b413cd3ae1
org.apache.camel.quarkus	camel-quarkus-http-deployment	2.14.0	-	9ba2a473258a8db9e06c5db61ec6f21f308776c6
org.apache.camel.quarkus	camel-quarkus-http-deployment	2.15.0	-	dbb5f79557f6247d062ab806746f46d11d08d459
org.apache.camel.quarkus	camel-quarkus-http-deployment	2.16.0	-	1b0e57eef3b9f1b5c56bd8f5320547e92b6edac7
org.apache.camel.quarkus	camel-quarkus-http-deployment	2.2.0	-	735f3b190e773ff55f4840422aaadb196d1b9cda
org.apache.camel.quarkus	camel-quarkus-http-deployment	2.2.1	-	14490023d1bb66f201ca5b197578f820b6a7c3fe
org.apache.camel.quarkus	camel-quarkus-http-deployment	2.3.0	-	2680c24f4c654336104fc4210e80b845ca1b408a
org.apache.camel.quarkus	camel-quarkus-http-deployment	2.4.0	-	61e2f1e0a8970df0c293103659c6630988e34a9e
org.apache.camel.quarkus	camel-quarkus-http-deployment	2.5.0	-	c698ec84603d0cb9bd074383741dbe2f86121813
org.apache.camel.quarkus	camel-quarkus-http-deployment	2.6.0	-	1607740c50fa57028c3fae97ef12ccad265eb40f
org.apache.camel.quarkus	camel-quarkus-http-deployment	2.7.0	-	92a694418daad84b007a268e1f660e9fbb644e11
org.apache.camel.quarkus	camel-quarkus-http-deployment	2.7.1	-	fbb2acda62b18c87971dc76acf981165bb67fafb
org.apache.camel.quarkus	camel-quarkus-http-deployment	2.7.2	-	1c73276074c0ea307bd54ba849e6c10f912ab949
org.apache.camel.quarkus	camel-quarkus-http-deployment	2.8.0	-	37cdc532cea0540153b5d5aae4d88262c2f48494
org.apache.camel.quarkus	camel-quarkus-http-deployment	2.8.0-M1	-	096260b5510a2fb4823f6d4882e757ce0e1ae37d
org.apache.camel.quarkus	camel-quarkus-http-deployment	2.9.0	-	53e5ae8e25eb93c6b87c4c90587a9d3bde8c7e4e
org.apache.camel.quarkus	camel-quarkus-http-deployment	3.0.0-M1	-	325888eb3f127156a97648f630de602af19d4d19
org.apache.camel.quarkus	camel-quarkus-http-deployment	3.0.0-M2	-	a9c1b569ce8cb18a82c64c349804dc74a91a45bd
org.apache.camel.quarkus	camel-quarkus-http-deployment	3.0.0-RC1	-	b70f2f7ce7619384df3cf1713c0bde508db18f05
org.apache.camel.quarkus	camel-quarkus-http-deployment	3.0.0-RC2	-	21d08871ecbc67d38edd59c9196c6a1c41fd6b4e
org.apache.camel.quarkus	camel-quarkus-http-deployment	3.10.0	-	d9ceb9ab6a27c767663a9d1e5879eb968c26e875
org.apache.camel.quarkus	camel-quarkus-http-deployment	3.11.0	-	c60df533390bed2ff6456c888bea82e61f560365
org.apache.camel.quarkus	camel-quarkus-http-deployment	3.12.0	-	34ce77248c32364b258eeb927fae14320303a073
org.apache.camel.quarkus	camel-quarkus-http-deployment	3.13.0	-	2c512e831973560c7f849becb399788d1c815240
org.apache.camel.quarkus	camel-quarkus-http-deployment	3.14.0	-	0e1d046d42d4580ac64fc5308cd8397219197ee8
org.apache.camel.quarkus	camel-quarkus-http-deployment	3.15.0	-	cff9d6dbc852ca90057c00a690491374ae00eafd
org.apache.camel.quarkus	camel-quarkus-http-deployment	3.15.1	-	dceff6720ef31b9acfd1295a2e15eb6595a24838
org.apache.camel.quarkus	camel-quarkus-http-deployment	3.15.2	-	6c6e9a770181ec4245803187fca9b6d2818317b9
org.apache.camel.quarkus	camel-quarkus-http-deployment	3.15.3	-	6bbcb096193e7f8dba9debbe1083718b90749707
org.apache.camel.quarkus	camel-quarkus-http-deployment	3.16.0	-	520d27df76b0c454583ed985a95e08f6f2ffede6
org.apache.camel.quarkus	camel-quarkus-http-deployment	3.17.0	-	5fb70dd0bad1effdf55119cd1ac37a2ea91e32d1
org.apache.camel.quarkus	camel-quarkus-http-deployment	3.18.0	-	20de6a1fbb4eaa2ef9af76b654a598111f002d49
org.apache.camel.quarkus	camel-quarkus-http-deployment	3.19.0	-	0d843ed29805a894b924e1173e7eade619713eee
org.apache.camel.quarkus	camel-quarkus-http-deployment	3.2.0	-	436b53ec7dd8d2e2fb23f93636f19f1be210f8f3
org.apache.camel.quarkus	camel-quarkus-http-deployment	3.2.1	-	de5e52a5b56361bffa9e1b8691fa76dc068b1084
org.apache.camel.quarkus	camel-quarkus-http-deployment	3.2.2	-	a3b0ccf5d5d5cea6f337786f1b2bcdef8cd927ff
org.apache.camel.quarkus	camel-quarkus-http-deployment	3.2.3	-	94a9c0650a3c92ef61d97033657740ea73c16c07
org.apache.camel.quarkus	camel-quarkus-http-deployment	3.20.0	-	2065e263d98e53a789f8a618794fe141ac7bbf22
org.apache.camel.quarkus	camel-quarkus-http-deployment	3.4.0	-	dfaf49102e9a0f054301ed1d8c1966bfa7a7ed2f
org.apache.camel.quarkus	camel-quarkus-http-deployment	3.5.0	-	a74c4d7ba91511e702862ab55daee2489f79dab1
org.apache.camel.quarkus	camel-quarkus-http-deployment	3.6.0	-	e823c6d7f32f798f75b574e2c1d9005714118fbd
org.apache.camel.quarkus	camel-quarkus-http-deployment	3.7.0	-	de42303f0e4a6f7da6d921f43a7dfae93c57318c
org.apache.camel.quarkus	camel-quarkus-http-deployment	3.8.0	-	0e500bf85b5ef5bb50748a9c9c4511b4eaf7731f
org.apache.camel.quarkus	camel-quarkus-http-deployment	3.8.1	-	15ec3855fec875ede288d8935d6fe971ac949b7a
org.apache.camel.quarkus	camel-quarkus-http-deployment	3.8.2	-	d5ddeaeb3472d988aa9364db6d054392edbda175
org.apache.camel.quarkus	camel-quarkus-http-deployment	3.8.3	-	d04909cc27b0c03535b4e0572de5727fae19badf
org.apache.camel.quarkus	camel-quarkus-http-deployment	3.8.4	-	a8b4201491df493d84246ced69773b2e5a147537
org.apache.camel.quarkus	camel-quarkus-http-deployment	3.9.0	-	7fb05ea21813dca9179fa4652808538c121285be
org.apache.camel.quarkus	camel-quarkus-integration-test-consul	1.0.0	-	db59604640869a00a1f936749a8ca925f94d0d63
org.apache.camel.quarkus	camel-quarkus-integration-test-consul	1.0.0-CR2	-	90fea57372b88db93775fc59d65c0ad043e45a1a
org.apache.camel.quarkus	camel-quarkus-integration-test-consul	1.0.0-CR3	-	a97f6f18c9dfb5a9d836fefba675eaa6e269b129
org.apache.camel.quarkus	camel-quarkus-integration-test-consul	1.0.0-M3	-	7c1adde3147356b1a599a22e3fb4c67412c2d143
org.apache.camel.quarkus	camel-quarkus-integration-test-consul	1.0.0-M4	-	6b8ad401bda7bf879b02514eccd91958a9fc8d75
org.apache.camel.quarkus	camel-quarkus-integration-test-consul	1.0.0-M5	-	fb3b0037240abacbb4d3db54cb009f9d4589b901
org.apache.camel.quarkus	camel-quarkus-integration-test-consul	1.0.0-M6	-	0fa9eedfbc147bd50f9e7dcb2bbd8c012f065d7b
org.apache.camel.quarkus	camel-quarkus-integration-test-consul	1.0.0-M7	-	ae56b3eb4ee70dfbaf5894ed51f972d62c65c9b2
org.apache.camel.quarkus	camel-quarkus-integration-test-consul	1.0.1	-	9e0924d559df4d6fcb795e702e70019d8236fa97
org.apache.camel.quarkus	camel-quarkus-integration-test-consul	1.1.0	-	8635093425529d1c6fdf049002ffe2cd496c1f9a
org.apache.camel.quarkus	camel-quarkus-integration-test-consul	1.2.0	-	fefc9517b8a140daeaeb8e33d8bd48d0ff89fbf6
org.apache.camel.quarkus	camel-quarkus-integration-test-consul	1.3.0	-	4189ba84b708434656692534fd770a2af3894b1a
org.apache.camel.quarkus	camel-quarkus-integration-test-consul	1.4.0	-	82910689f078590a927df951ceea1aa0fb6aa821
org.apache.camel.quarkus	camel-quarkus-integration-test-consul	1.5.0	-	f3e515cfe5f665fe15e2f25c7172e7f3b044d5dd
org.apache.camel.quarkus	camel-quarkus-integration-test-consul	1.6.0	-	9de6e05b0600c4b75378b851124860f7ed2527ad
org.apache.camel.quarkus	camel-quarkus-integration-test-consul	1.7.0	-	f295dd849230d6ff0edce777e6f93108f2c55be6
org.apache.camel.quarkus	camel-quarkus-integration-test-consul	1.8.0	-	239ba39f1b5aff7d439ee1a4ca545c0ebb39d037
org.apache.camel.quarkus	camel-quarkus-integration-test-consul	1.8.1	-	0869c66082be48a19189fa4f4a39ae89f2c1ea94
org.apache.camel.quarkus	camel-quarkus-integration-test-consul	2.0.0	-	0564f5366adb0df330256490483788229a1d649a
org.apache.camel.quarkus	camel-quarkus-integration-test-consul	2.0.0-M1	-	26bebf94aa1e23c11534a3ff482781b1ecfd1d31
org.apache.camel.quarkus	camel-quarkus-integration-test-consul	2.0.0-M2	-	ed0636d9d8c6b4bd0dc8f73951d49a999551ce09
org.apache.camel.quarkus	camel-quarkus-integration-test-consul	2.1.0	-	a39ff9e12b499ef709d5d76b3e55eca0adae2363
org.apache.camel.quarkus	camel-quarkus-integration-test-consul	2.10.0	-	5170d6287eeaf9bea2773ae7d403555830dd0b68
org.apache.camel.quarkus	camel-quarkus-integration-test-consul	2.11.0	-	8d1b53da0f2a8c61560cd45f9b34d1f0c7c77e30
org.apache.camel.quarkus	camel-quarkus-integration-test-consul	2.12.0	-	7d478f6837879db81e6f8075044c160253b56285
org.apache.camel.quarkus	camel-quarkus-integration-test-consul	2.13.0	-	a97ea522932bd094bcd25ba5b6665416773d4325
org.apache.camel.quarkus	camel-quarkus-integration-test-consul	2.13.1	-	7a721baaf1d82871995bf0fafe30636d4b5777cb
org.apache.camel.quarkus	camel-quarkus-integration-test-consul	2.13.2	-	81319e68b1573290539c5d32d1425dc61a38e5a8
org.apache.camel.quarkus	camel-quarkus-integration-test-consul	2.13.3	-	26853ffd4996c7429f01bde54c2d8b59b63f53fb
org.apache.camel.quarkus	camel-quarkus-integration-test-consul	2.14.0	-	3c36d0ec774d1460525242f54aefdaf5d5b56c57
org.apache.camel.quarkus	camel-quarkus-integration-test-consul	2.15.0	-	aee7a3ae62ad1bfb939c7f5bf7b91cc241843064
org.apache.camel.quarkus	camel-quarkus-integration-test-consul	2.16.0	-	6d3838dfb8d1dc7d7425a17d1f8f35b1fd7e58a6
org.apache.camel.quarkus	camel-quarkus-integration-test-consul	2.2.0	-	b244b521f12a0b94f4a2092fc56b14fd783a77d6
org.apache.camel.quarkus	camel-quarkus-integration-test-consul	2.2.1	-	4fbe28f6ea8d34c939d7198c3a7a59b6a2966e2d
org.apache.camel.quarkus	camel-quarkus-integration-test-consul	2.3.0	-	8cb52650ef4a6d35795e5971848d151b5be8c5e9
org.apache.camel.quarkus	camel-quarkus-integration-test-consul	2.4.0	-	5940f3ae4a0cfbc8c5d4c5822c36405ca717dfb6
org.apache.camel.quarkus	camel-quarkus-integration-test-consul	2.5.0	-	2add84bcac5c2f7d38cf983db8435da037b53dab
org.apache.camel.quarkus	camel-quarkus-integration-test-consul	2.6.0	-	2c7b8f091e486ef9571045fcecc71024579152e8
org.apache.camel.quarkus	camel-quarkus-integration-test-consul	2.7.0	-	77122a77a12cfcb8a7098c2e60ff97ff8eadc63b
org.apache.camel.quarkus	camel-quarkus-integration-test-consul	2.7.1	-	de287f35faf283c97f3a950cc76a0f69fa293ec6
org.apache.camel.quarkus	camel-quarkus-integration-test-consul	2.7.2	-	d25d56706f542289f4cafe13650dafdae9717ce8
org.apache.camel.quarkus	camel-quarkus-integration-test-consul	2.8.0	-	792be3196b7e22d0b956db7555ecada6e5b68ee1
org.apache.camel.quarkus	camel-quarkus-integration-test-consul	2.8.0-M1	-	9d632e6920883b5b589a1d22209c240d2eef2b0c
org.apache.camel.quarkus	camel-quarkus-integration-test-consul	2.9.0	-	c979108f79b7a885707189e20f76defce59b405f
org.apache.camel.quarkus	camel-quarkus-integration-test-consul	3.0.0-M1	-	84cfc1590736fc4cbed1cc3c7edf52761fc3441b
org.apache.camel.quarkus	camel-quarkus-integration-test-consul	3.0.0-M2	-	8ef9f1a84b7d857ca8501201cd318e69b703bb04
org.apache.camel.quarkus	camel-quarkus-integration-test-consul	3.0.0-RC1	-	fcaa32751247e58c2eed79b26bca812d461d4ab8
org.apache.camel.quarkus	camel-quarkus-integration-test-consul	3.0.0-RC2	-	55951b9acc3b8f5fde395c14a602200d25ad2c2b
org.apache.camel.quarkus	camel-quarkus-integration-test-consul	3.10.0	-	78fce0f4f89e6dda53e0e67cb150fab62430bef8
org.apache.camel.quarkus	camel-quarkus-integration-test-consul	3.11.0	-	2dc0374f7f98a03fe78ea721a5b502e9cad5acb3
org.apache.camel.quarkus	camel-quarkus-integration-test-consul	3.12.0	-	1542a011776aa4256955bd96aa10ff85d8551786
org.apache.camel.quarkus	camel-quarkus-integration-test-consul	3.13.0	-	505fc87b61d7d6b769222121a707a9bf10d8643b
org.apache.camel.quarkus	camel-quarkus-integration-test-consul	3.14.0	-	2cb981ab3970bb689d5e2c14f60e16c6a7148268
org.apache.camel.quarkus	camel-quarkus-integration-test-consul	3.15.0	-	19fc0033e9d01305597ba1f3e28a880d6c83ca29
org.apache.camel.quarkus	camel-quarkus-integration-test-consul	3.15.1	-	ac9fcda4e399fff750d641c685ef3464c2ea60dd
org.apache.camel.quarkus	camel-quarkus-integration-test-consul	3.15.2	-	7a0ab19bf008d8e2781cabba145e394a50a16c28
org.apache.camel.quarkus	camel-quarkus-integration-test-consul	3.15.3	-	84e5437b8ba57ef9f08314faad18d72e34af30ca
org.apache.camel.quarkus	camel-quarkus-integration-test-consul	3.16.0	-	2cb34cb28eade3a45280f82ddd27f280d31534bc
org.apache.camel.quarkus	camel-quarkus-integration-test-consul	3.17.0	-	29aa55eaf1185e8f579d829cc58a276e593d0790
org.apache.camel.quarkus	camel-quarkus-integration-test-consul	3.18.0	-	cb303f1d33a9e6f0ef7155981710993789b11120
org.apache.camel.quarkus	camel-quarkus-integration-test-consul	3.19.0	-	5eb78af52ed0eb9007e344c6ca72abd7685bc1a2
org.apache.camel.quarkus	camel-quarkus-integration-test-consul	3.2.0	-	94212faa879fe4a96d0a147e8c504305ee5d20fa
org.apache.camel.quarkus	camel-quarkus-integration-test-consul	3.2.1	-	032c66f540b9a2dd272201e0af374d4908463e2b
org.apache.camel.quarkus	camel-quarkus-integration-test-consul	3.2.2	-	4d3306ec8972faaf573c0803585500b68ff2bec7
org.apache.camel.quarkus	camel-quarkus-integration-test-consul	3.2.3	-	0077ca2ed87f27c88059f629c3bc1f5a9ef4add8
org.apache.camel.quarkus	camel-quarkus-integration-test-consul	3.20.0	-	2fb2388a44a81ee20c3af24293ba5fddfa401f8b
org.apache.camel.quarkus	camel-quarkus-integration-test-consul	3.4.0	-	603fde73329468cdc69612f9d74ebf8a605d6308
org.apache.camel.quarkus	camel-quarkus-integration-test-consul	3.5.0	-	385a268918bf0c529b506877922be618772b089f
org.apache.camel.quarkus	camel-quarkus-integration-test-consul	3.6.0	-	32159b939dc69fabb4d8b75fc4041160a910f064
org.apache.camel.quarkus	camel-quarkus-integration-test-consul	3.7.0	-	f258bf8ef556f5ecab559f1a74f954b6b1679777
org.apache.camel.quarkus	camel-quarkus-integration-test-consul	3.8.0	-	9205b5ba2384472d46a45f57aad82334dc081835
org.apache.camel.quarkus	camel-quarkus-integration-test-consul	3.8.1	-	62af6a3c5af205fc83fefdc80e5386601ca9a779
org.apache.camel.quarkus	camel-quarkus-integration-test-consul	3.8.2	-	9e4ec904e4345b8082f8e2d7dc5a1e666ee46580
org.apache.camel.quarkus	camel-quarkus-integration-test-consul	3.8.3	-	504157e6170346cb333154e6d8c69d2ce16083ff
org.apache.camel.quarkus	camel-quarkus-integration-test-consul	3.8.4	-	ca43e2540aa6a4bc4881852b70496c268b8eaf44
org.apache.camel.quarkus	camel-quarkus-integration-test-consul	3.9.0	-	6297a18a680b3ccd013751795b9ff3deaec7688e
org.apache.camel.quarkus	camel-quarkus-integration-test-jira	1.0.0	-	29373ad06c61074db255322b0014ed192f3ac36a
org.apache.camel.quarkus	camel-quarkus-integration-test-jira	1.0.0-CR2	-	442d43ffe9401a2db60c20ddc158b12800dcfffe
org.apache.camel.quarkus	camel-quarkus-integration-test-jira	1.0.0-CR3	-	00410080721902c738ad82ba65a181ddfb620193
org.apache.camel.quarkus	camel-quarkus-integration-test-jira	1.0.0-M4	-	509419d25733d4fcff9bdadba80768485626a713
org.apache.camel.quarkus	camel-quarkus-integration-test-jira	1.0.0-M5	-	0432476c6ccd64d676404b198231b79b84df4c2a
org.apache.camel.quarkus	camel-quarkus-integration-test-jira	1.0.0-M6	-	b09ea7d482d11c432088a88b45862252e6ee3364
org.apache.camel.quarkus	camel-quarkus-integration-test-jira	1.0.0-M7	-	3faea99f62464e1bff5578297c6ef2c03cb4bb3c
org.apache.camel.quarkus	camel-quarkus-integration-test-jira	1.0.1	-	e5f003b8d4866f6de57bcb7554950a168cc2d648
org.apache.camel.quarkus	camel-quarkus-integration-test-jira	1.1.0	-	e0aef672f97fc6a4bfee1def1191c3e18b16a0af
org.apache.camel.quarkus	camel-quarkus-integration-test-jira	1.2.0	-	66d0769ab6f88e61b3b63d55f320276f25ba86fb
org.apache.camel.quarkus	camel-quarkus-integration-test-jira	1.3.0	-	433a9afe04ecbdb75c69d5a9a5d59c35c303c86f
org.apache.camel.quarkus	camel-quarkus-integration-test-jira	1.4.0	-	0404c4b955ea0565dfbc47321d4428de415d4358
org.apache.camel.quarkus	camel-quarkus-integration-test-jira	1.5.0	-	1d4985bcf978a6828926c26fbcaa8afac184836e
org.apache.camel.quarkus	camel-quarkus-integration-test-jira	1.6.0	-	3b5291d1346385fcf4e0e88e3acc05367ec27157
org.apache.camel.quarkus	camel-quarkus-integration-test-jira	1.7.0	-	872c91bdeb3935b2e8d16cec30427df3b1c991d5
org.apache.camel.quarkus	camel-quarkus-integration-test-jira	1.8.0	-	19287cedfa738b3597c1d2b5a7fd1c998d1eb8f9
org.apache.camel.quarkus	camel-quarkus-integration-test-jira	1.8.1	-	34dd9570a9445742989ea8fb78d64b1908717e0f
org.apache.camel.quarkus	camel-quarkus-integration-test-jira	2.0.0	-	68170a4890cb2cd0e07de35cbdf25684e9a55b67
org.apache.camel.quarkus	camel-quarkus-integration-test-jira	2.0.0-M1	-	cf266df4ab88b37cbb19458f706eb3767bd11551
org.apache.camel.quarkus	camel-quarkus-integration-test-jira	2.0.0-M2	-	2418512048e506dcdd5aace1eb23a62651d57ab6
org.apache.camel.quarkus	camel-quarkus-integration-test-jira	2.1.0	-	73ca4d1f439f47a0923e9d70a594af62149f56b2
org.apache.camel.quarkus	camel-quarkus-integration-test-jira	2.10.0	-	12f1ca5c5f46527a6dd90cc5e908681c5e767cc4
org.apache.camel.quarkus	camel-quarkus-integration-test-jira	2.11.0	-	ccca0fd4b18e11c750663e46210754c20e2e90b6
org.apache.camel.quarkus	camel-quarkus-integration-test-jira	2.12.0	-	dc6413c8ea6dcce95d81987e0c7720984a25728b
org.apache.camel.quarkus	camel-quarkus-integration-test-jira	2.13.0	-	493c34ae3e9ca27c5bcfafcf5ea2ad05f96128aa
org.apache.camel.quarkus	camel-quarkus-integration-test-jira	2.13.1	-	56750eba48f37d33576a1d52cbc3ef2582df8510
org.apache.camel.quarkus	camel-quarkus-integration-test-jira	2.13.2	-	2dc3b4bb9fa279bf21470d90ef441f84af297842
org.apache.camel.quarkus	camel-quarkus-integration-test-jira	2.13.3	-	601ad261200e66c3f8ca4fef300f74d736b18e10
org.apache.camel.quarkus	camel-quarkus-integration-test-jira	2.14.0	-	ccc0136434863377b40de65548296cae208050bb
org.apache.camel.quarkus	camel-quarkus-integration-test-jira	2.15.0	-	892834b2e4072ee62d251f40a3d50d95da54c3c5
org.apache.camel.quarkus	camel-quarkus-integration-test-jira	2.16.0	-	d0210ae4d730a870fa77a28a43137f32aa7a1688
org.apache.camel.quarkus	camel-quarkus-integration-test-jira	2.2.0	-	45d4bb38bf4dccd3b1942c7c6a9895429fb5ef0c
org.apache.camel.quarkus	camel-quarkus-integration-test-jira	2.2.1	-	4e010cbdc1064fb079e0c403d8129c29ec10db79
org.apache.camel.quarkus	camel-quarkus-integration-test-jira	2.3.0	-	f85da0dab6138bf35cd63ac4b1a6f66eeaf0b180
org.apache.camel.quarkus	camel-quarkus-integration-test-jira	2.4.0	-	d433839780c627cbf3c744838c7dac44b741afb1
org.apache.camel.quarkus	camel-quarkus-integration-test-jira	2.5.0	-	bf35118cb4b5eec1cef2425fe20b43d2aef0d01f
org.apache.camel.quarkus	camel-quarkus-integration-test-jira	2.6.0	-	0cebf4dcdf2ccf33670ac36d623b6ba00c520392
org.apache.camel.quarkus	camel-quarkus-integration-test-jira	2.7.0	-	98673405dfa5dd3ee222e072a463ab983fd8b43d
org.apache.camel.quarkus	camel-quarkus-integration-test-jira	2.7.1	-	c2e232a57ee997a4b22d2effffb742a442bd3b73
org.apache.camel.quarkus	camel-quarkus-integration-test-jira	2.7.2	-	21271b86f4a865593896e2bed496ddb40a49841a
org.apache.camel.quarkus	camel-quarkus-integration-test-jira	2.8.0	-	5208bab18f4f7aa3fe4aff284e911e7a7c34d9bb
org.apache.camel.quarkus	camel-quarkus-integration-test-jira	2.8.0-M1	-	1fdc7b45191c4f791e33500d6a2b9b343eba7878
org.apache.camel.quarkus	camel-quarkus-integration-test-jira	2.9.0	-	f063431d7a6022c5a1c79a6dac30c6d48d7a9a22
org.apache.camel.quarkus	camel-quarkus-integration-test-jira	3.0.0-RC1	-	a04841bb3fa9523b76ffbb77b369ca3c3f386562
org.apache.camel.quarkus	camel-quarkus-integration-test-jira	3.0.0-RC2	-	27e85113af7e25531c3096623203727f0f470a2b
org.apache.camel.quarkus	camel-quarkus-integration-test-jira	3.10.0	-	dadbe3ddce0d78b0990455a806196926ae105715
org.apache.camel.quarkus	camel-quarkus-integration-test-jira	3.11.0	-	4ba08a50bb83626d88ea241d000b6cec0af421d7
org.apache.camel.quarkus	camel-quarkus-integration-test-jira	3.12.0	-	42be1bf166098b12b14bdcc69045cd14bf7b8959
org.apache.camel.quarkus	camel-quarkus-integration-test-jira	3.13.0	-	3082b2dddf66e234adb4ffd96bbb989ecd8c65fd
org.apache.camel.quarkus	camel-quarkus-integration-test-jira	3.14.0	-	b20320713103a56b47b5573f67627c446fd17a0f
org.apache.camel.quarkus	camel-quarkus-integration-test-jira	3.15.0	-	0648dedfeff424f428d2c1fb7e6dee348a2f4269
org.apache.camel.quarkus	camel-quarkus-integration-test-jira	3.15.1	-	36b4675786a5d4c14c842472283665ebaf41661c
org.apache.camel.quarkus	camel-quarkus-integration-test-jira	3.15.2	-	dbc9c6b8eb148dd9037f6fc0948ddcf04decaeb0
org.apache.camel.quarkus	camel-quarkus-integration-test-jira	3.15.3	-	137b0d65534087fea4836d888d2b53f949c22902
org.apache.camel.quarkus	camel-quarkus-integration-test-jira	3.16.0	-	9ab80d9a95f638de3bd99df29133e3c09b919832
org.apache.camel.quarkus	camel-quarkus-integration-test-jira	3.17.0	-	1d7c40cdd8fc659bc68ccdaad1f2ea6e51dc9584
org.apache.camel.quarkus	camel-quarkus-integration-test-jira	3.18.0	-	f5425f915ab9bdd4f810359419cf6405c4e50c2f
org.apache.camel.quarkus	camel-quarkus-integration-test-jira	3.19.0	-	5280daa1c89b5ef1bd3db0e9d5bd1858bce3d1eb
org.apache.camel.quarkus	camel-quarkus-integration-test-jira	3.2.0	-	7c027b8ae8aeef9e291c1e656f0e3e3ccb0920f8
org.apache.camel.quarkus	camel-quarkus-integration-test-jira	3.2.1	-	07e7a5140f9a5d197dc0443a7b14f99bfcdf6b96
org.apache.camel.quarkus	camel-quarkus-integration-test-jira	3.2.2	-	f8dad97714f78dafdcaeae3c96bad7f3af217c17
org.apache.camel.quarkus	camel-quarkus-integration-test-jira	3.2.3	-	7883420564f246acbfe4e574f3e7334a49443a86
org.apache.camel.quarkus	camel-quarkus-integration-test-jira	3.20.0	-	db7005fe83e9589869c713ee6ac088a2a401eb57
org.apache.camel.quarkus	camel-quarkus-integration-test-jira	3.4.0	-	5baec076928c9f0b5bc95fc9e85fe773c3de4ea3
org.apache.camel.quarkus	camel-quarkus-integration-test-jira	3.5.0	-	8da46ba42099bb457bc761e744bf7f0a37aabe6e
org.apache.camel.quarkus	camel-quarkus-integration-test-jira	3.6.0	-	bf0b9e257b0e9ea5e66a9f25570c6fde8a5ff7d8
org.apache.camel.quarkus	camel-quarkus-integration-test-jira	3.7.0	-	63bcdb89732c1579326be3f990269d4812514a09
org.apache.camel.quarkus	camel-quarkus-integration-test-jira	3.8.0	-	390daec601aeb2f00ce3515ca19262892ff5132e
org.apache.camel.quarkus	camel-quarkus-integration-test-jira	3.8.1	-	1c607142d1f9531d2ee6ca15c5ff7b596c9a1242
org.apache.camel.quarkus	camel-quarkus-integration-test-jira	3.8.2	-	13c6ca7cd27312d3996ffd507d2e7220e21afbaf
org.apache.camel.quarkus	camel-quarkus-integration-test-jira	3.8.3	-	17f6d0eda750348e570ec546cb0486adf548999c
org.apache.camel.quarkus	camel-quarkus-integration-test-jira	3.8.4	-	036af20d476c16d258587188f355d015504ca3ab
org.apache.camel.quarkus	camel-quarkus-integration-test-jira	3.9.0	-	bbbd3c91b0edba71165e36a90c53182b83f3fb52
org.apache.camel.quarkus	camel-quarkus-support-commons-logging	1.0.0	-	4364955d9a4693cd9e052d42dec66cacb52d357d
org.apache.camel.quarkus	camel-quarkus-support-commons-logging	1.0.0-CR2	-	7e0db54b34e8c1af89fdfd51fc7dcc6212a9c811
org.apache.camel.quarkus	camel-quarkus-support-commons-logging	1.0.0-CR3	-	7ba7ca8ed07253ab5811bcec034f621d5fe01ca3
org.apache.camel.quarkus	camel-quarkus-support-commons-logging	1.0.0-M1	-	63d8feba8b2125598799f2978df1fa78e01af1bc
org.apache.camel.quarkus	camel-quarkus-support-commons-logging	1.0.0-M2	-	e6d9dbd89597e59d6b08bcc63fd9c05425543aff
org.apache.camel.quarkus	camel-quarkus-support-commons-logging	1.0.0-M3	-	9c5bc2930c86b5b8b7344918b6fecd8283a46973
org.apache.camel.quarkus	camel-quarkus-support-commons-logging	1.0.0-M4	-	3a47a4f05a0d126b6495e593bce28e2032964881
org.apache.camel.quarkus	camel-quarkus-support-commons-logging	1.0.0-M5	-	2331e65f5877e4170afaca0a0451162b9345749f
org.apache.camel.quarkus	camel-quarkus-support-commons-logging	1.0.0-M6	-	ad197b214405fb57bdc04fd6899ffaf90acbb420
org.apache.camel.quarkus	camel-quarkus-support-commons-logging	1.0.0-M7	-	9238fe13d82a53070e512b27eb5f5cbbff1d4e23
org.apache.camel.quarkus	camel-quarkus-support-commons-logging	1.0.1	-	e6fd24dda9522d085398e70dfcf1f9f6898597f1
org.apache.camel.quarkus	camel-quarkus-support-commons-logging	1.1.0	-	ebd2e701056803836ed217f15310f4344780b100
org.apache.camel.quarkus	camel-quarkus-support-commons-logging	1.2.0	-	427a60a6d1ab4368ecb0cef2862fae8fe234c219
org.apache.camel.quarkus	camel-quarkus-support-commons-logging	1.3.0	-	4e149a62e617d8c100cf4bf017ae51ea1ded8d0a
org.apache.camel.quarkus	camel-quarkus-support-commons-logging	1.4.0	-	54f4c76bed7262f42a522d61f2ea0fddfbb3a8f1
org.apache.camel.quarkus	camel-quarkus-support-commons-logging	1.5.0	-	c41f9628b2458279b0e93888cc3c05c97b66934e
org.apache.camel.quarkus	camel-quarkus-support-commons-logging	1.6.0	-	065bdd1b35df4e13ef1e5c0da777590d28b897c5
org.apache.camel.quarkus	camel-quarkus-support-commons-logging	1.7.0	-	445feb830026c48fb4793b4470d9f14bda0b771e
org.apache.camel.quarkus	camel-quarkus-support-commons-logging	1.8.0	-	cc99c4070d9d71642b98c7534b4b453e90e7fb7f
org.apache.camel.quarkus	camel-quarkus-support-commons-logging	1.8.1	-	8f9bd0f76a2d3594618a69046a96ea2d5f773460
org.apache.camel.quarkus	camel-quarkus-support-commons-logging	2.0.0	-	6db33161ac7e8d1bc08efc82a2b2550da4c58e26
org.apache.camel.quarkus	camel-quarkus-support-commons-logging	2.0.0-M1	-	d9c5174db8b7155c276e7ddbbf0e4b1c4bb24318
org.apache.camel.quarkus	camel-quarkus-support-commons-logging	2.0.0-M2	-	e1e93f961478c07bb9bbcc57fbca8e7593f6408c
org.apache.camel.quarkus	camel-quarkus-support-commons-logging	2.1.0	-	47f41eec012bf846813500bfe97a7d2a4635f089
org.apache.camel.quarkus	camel-quarkus-support-commons-logging	2.10.0	-	3ba8d970c58829209b48bc70430ff3e1a026d3f6
org.apache.camel.quarkus	camel-quarkus-support-commons-logging	2.11.0	-	0044f1e2e19e907a357bd448b8f8f7c5c842893a
org.apache.camel.quarkus	camel-quarkus-support-commons-logging	2.12.0	-	3df2b77f39ec113b31846decfc5141bb6664f07b
org.apache.camel.quarkus	camel-quarkus-support-commons-logging	2.13.0	-	f88eec7107ffe902401cbc37715ec3c14b338c86
org.apache.camel.quarkus	camel-quarkus-support-commons-logging	2.13.1	-	2bf51d75d65af3ef0ed7ed3a70fb33f194ae0619
org.apache.camel.quarkus	camel-quarkus-support-commons-logging	2.13.2	-	6ab76bf689f7165dae39bc13b70ad8d8d2aaa537
org.apache.camel.quarkus	camel-quarkus-support-commons-logging	2.13.3	-	f33c47ed02da38f4b04f904d40708a87fc81ca30
org.apache.camel.quarkus	camel-quarkus-support-commons-logging	2.14.0	-	b4a13651ecf0f5f780551c3cc142ced40e75a674
org.apache.camel.quarkus	camel-quarkus-support-commons-logging	2.15.0	-	3bde7eadb2ef5ad76605d004d5253ebc96ed4fa6
org.apache.camel.quarkus	camel-quarkus-support-commons-logging	2.16.0	-	2a5e9148f55408456f0d55a2ec46b07af3077555
org.apache.camel.quarkus	camel-quarkus-support-commons-logging	2.2.0	-	fc7515cc66f4675bbf288ab7c4ccfc822e042783
org.apache.camel.quarkus	camel-quarkus-support-commons-logging	2.2.1	-	595b8c25ec2eb3daba395fd189cb08c495c05ec7
org.apache.camel.quarkus	camel-quarkus-support-commons-logging	2.3.0	-	4092a8097c64132ba169602fa6e601c75c2495ed
org.apache.camel.quarkus	camel-quarkus-support-commons-logging	2.4.0	-	06a46c6926d171511d43cf81d19c395c4205c432
org.apache.camel.quarkus	camel-quarkus-support-commons-logging	2.5.0	-	7514bb4b382d1d37e25762d91744cec070b3da79
org.apache.camel.quarkus	camel-quarkus-support-commons-logging	2.6.0	-	9d92b2c6a31d749c10ea5cffabef722a2281f5ce
org.apache.camel.quarkus	camel-quarkus-support-commons-logging	2.7.0	-	9102cfe01db8619d32d8759a1902497dd540c3db
org.apache.camel.quarkus	camel-quarkus-support-commons-logging	2.7.1	-	3e4852260d6b16fe6623a0db2ddc6ae3467548e6
org.apache.camel.quarkus	camel-quarkus-support-commons-logging	2.7.2	-	465428f09215ab4ff78e549aadeef758264b2c96
org.apache.camel.quarkus	camel-quarkus-support-commons-logging	2.8.0	-	1b5d714a44d6f0830fa11d6280f546f99fcd24fd
org.apache.camel.quarkus	camel-quarkus-support-commons-logging	2.8.0-M1	-	46d659c02a01c4e0a995bb823cd8e971842e15dd
org.apache.camel.quarkus	camel-quarkus-support-commons-logging	2.9.0	-	5ce3f0ec2cdd952cf0980037e68a099b86ee970e
org.apache.camel.quarkus	camel-quarkus-support-commons-logging	3.0.0-M1	-	7210548f60d3638c239ce557f9bd475ffe62807c
org.apache.camel.quarkus	camel-quarkus-support-commons-logging	3.0.0-M2	-	05e6425c9b41d2d3501d86b93ae0183489879714
org.apache.camel.quarkus	camel-quarkus-support-commons-logging	3.0.0-RC1	-	e4fe8da6fb685a9dad0bcec958a6ef223b3e03b3
org.apache.camel.quarkus	camel-quarkus-support-commons-logging	3.0.0-RC2	-	eba59f557b3b03a660558153fc3ddccb2fc53f47
org.apache.camel.quarkus	camel-quarkus-support-commons-logging	3.10.0	-	f8d3bf208275648dc226f3dca4072cfd6f263acc
org.apache.camel.quarkus	camel-quarkus-support-commons-logging	3.11.0	-	32a94a6ce0efcd40b866ca66beb40107cff56313
org.apache.camel.quarkus	camel-quarkus-support-commons-logging	3.12.0	-	2bbf2d9da54c8bbea2adc1848b87c6d23f917825
org.apache.camel.quarkus	camel-quarkus-support-commons-logging	3.13.0	-	c9a17f9e6fa3645d5730fe5c68276711007f4251
org.apache.camel.quarkus	camel-quarkus-support-commons-logging	3.14.0	-	84320886faf7e5c51707d6401dac9c0d05178740
org.apache.camel.quarkus	camel-quarkus-support-commons-logging	3.15.0	-	a09d59a15e68df4948a4ed71ed6b2fb286980514
org.apache.camel.quarkus	camel-quarkus-support-commons-logging	3.15.1	-	386b697366e43eaba07cabe2b9622edcd827a23a
org.apache.camel.quarkus	camel-quarkus-support-commons-logging	3.15.2	-	398047e87eb57011d90c71ecdbed9999ce921098
org.apache.camel.quarkus	camel-quarkus-support-commons-logging	3.15.3	-	0471920396abf44db8b167a5d73591463727cc81
org.apache.camel.quarkus	camel-quarkus-support-commons-logging	3.16.0	-	c666ef9c5fafeb9ecc93d71581d8410c7ee8a15f
org.apache.camel.quarkus	camel-quarkus-support-commons-logging	3.17.0	-	5e0f63d40ec048a930ad57ed697e17d245f26ac0
org.apache.camel.quarkus	camel-quarkus-support-commons-logging	3.18.0	-	bc1f3e6172c677237c0e0e3c61323425cf392962
org.apache.camel.quarkus	camel-quarkus-support-commons-logging	3.19.0	-	47134ae22790723a26c1e578e3fcebdfc6793f45
org.apache.camel.quarkus	camel-quarkus-support-commons-logging	3.2.0	-	48ea56ab5acab949b4b38e801ae4081c4af01296
org.apache.camel.quarkus	camel-quarkus-support-commons-logging	3.2.1	-	5841997c79adf631df4032c6037eeec7ffc8dde0
org.apache.camel.quarkus	camel-quarkus-support-commons-logging	3.2.2	-	8aa58c1947448d25363fa7b6239661908c649d41
org.apache.camel.quarkus	camel-quarkus-support-commons-logging	3.2.3	-	4839fb59cd9945c1c8ab7eef2247413f35b9edaa
org.apache.camel.quarkus	camel-quarkus-support-commons-logging	3.20.0	-	df67ed1c81e05ca673d5c4d4d6003ca429296255
org.apache.camel.quarkus	camel-quarkus-support-commons-logging	3.4.0	-	4062222f455c89e494f13ce947f2fc5d561c9cfd
org.apache.camel.quarkus	camel-quarkus-support-commons-logging	3.5.0	-	8a070ceb02d38c72872023ba10962fa5fc195db8
org.apache.camel.quarkus	camel-quarkus-support-commons-logging	3.6.0	-	e37ad221d69cb8a50a7cb41883156eec0fbe0a75
org.apache.camel.quarkus	camel-quarkus-support-commons-logging	3.7.0	-	6cbefdf9f7ca93d19dc0d8851547a2ec53af4152
org.apache.camel.quarkus	camel-quarkus-support-commons-logging	3.8.0	-	441533ffd86956c2a2d8f494989a53b918d0e658
org.apache.camel.quarkus	camel-quarkus-support-commons-logging	3.8.1	-	df1e98f72788c0c5d9f6f6bc5198985712d515d1
org.apache.camel.quarkus	camel-quarkus-support-commons-logging	3.8.2	-	e72a505ac84178acfff7057ecb674c8de7b5e542
org.apache.camel.quarkus	camel-quarkus-support-commons-logging	3.8.3	-	1d1428c2b5beaf262b451b9ef2f1a1224e99a660
org.apache.camel.quarkus	camel-quarkus-support-commons-logging	3.8.4	-	e7d161118eaeab9a9c5bf9cf5b0838d219acdbb7
org.apache.camel.quarkus	camel-quarkus-support-commons-logging	3.9.0	-	1882b2c9026f810447e73bd791a1e0d08ed9b7b8
org.apache.camel.springboot	camel-infinispan-cluster-service-starter	4.10.0	-	2009b7aaf956b11e2f6bee8911deb666c6ffa158
org.apache.camel.springboot	camel-infinispan-cluster-service-starter	4.10.1	-	287c03727f629eaa444f27da5b7b3b181db6e748
org.apache.camel.springboot	camel-infinispan-cluster-service-starter	4.10.2	-	0500d577172815fc02db9887adb23159d378adfc
org.apache.camel.springboot	camel-infinispan-cluster-service-starter	4.10.3	-	4c74a77f13016062992d0a7712bc7fa34ec586f3
org.apache.camel.springboot	camel-infinispan-cluster-service-starter	4.11.0	-	af98be4a12f9df5efc35570ff44b3af95c67d08b
org.apache.camel.springboot	camel-infinispan-cluster-service-starter	4.6.0	-	deb32d57ac3937c9fc8e10383358a3dacf2b8bce
org.apache.camel.springboot	camel-infinispan-cluster-service-starter	4.7.0	-	fb5d209a9f55237790c4794bd40795d019793a96
org.apache.camel.springboot	camel-infinispan-cluster-service-starter	4.8.0	-	6bd6596c5142a595cb5230d379d0e6affef762c1
org.apache.camel.springboot	camel-infinispan-cluster-service-starter	4.8.1	-	e9be4e66be1163c7103bebe6ec4d83fd1d66e286
org.apache.camel.springboot	camel-infinispan-cluster-service-starter	4.8.2	-	5e9e406e375bce843c2408411c3c2ac8b72d74be
org.apache.camel.springboot	camel-infinispan-cluster-service-starter	4.8.3	-	0f34f922a21d4effbd4680c6da9439937c3d0be5
org.apache.camel.springboot	camel-infinispan-cluster-service-starter	4.8.4	-	4f622d0e4952491057654d0ea210a3800b7d6035
org.apache.camel.springboot	camel-infinispan-cluster-service-starter	4.8.5	-	19de971ad0d3df6dc44bdf8379731c02b5c506de
org.apache.camel.springboot	camel-infinispan-cluster-service-starter	4.8.6	-	79065b90749d5d956e58f4c05291dade9cbb7714
org.apache.camel.springboot	camel-infinispan-cluster-service-starter	4.9.0	-	7d69ced9ef4c43988f3baf704f28504f5803ad9c
org.apache.camel.springboot	camel-spring-boot-xml-starter	3.10.0	-	331c0afc0215d8dba65cec43e7f8ec1ed97e8f68
org.apache.camel.springboot	camel-spring-boot-xml-starter	3.11.0	-	018bd4bc77de65360a64abf242645e71d3425132
org.apache.camel.springboot	camel-spring-boot-xml-starter	3.11.1	-	63717fe1c545dfd67879a55b2fe076b0ed56722d
org.apache.camel.springboot	camel-spring-boot-xml-starter	3.11.2	-	bd82c8b5b09686206a978ed26f941864486815f9
org.apache.camel.springboot	camel-spring-boot-xml-starter	3.11.3	-	6b8514e8237cef46621ac0018dd9410fb546b7a1
org.apache.camel.springboot	camel-spring-boot-xml-starter	3.11.4	-	0b70274472212af939a3b788090601e577d0666d
org.apache.camel.springboot	camel-spring-boot-xml-starter	3.11.5	-	29d19ee44a6720e89e1d6ed62599ca1b727c0218
org.apache.camel.springboot	camel-spring-boot-xml-starter	3.11.6	-	e4c50f8e52ea9bc460f03046b7007e7c42a45a91
org.apache.camel.springboot	camel-spring-boot-xml-starter	3.11.7	-	169e525cfb12f4b7e7bb124af343c44c1d17e8b9
org.apache.camel.springboot	camel-spring-boot-xml-starter	3.12.0	-	622a0ff2af056888cae966d1c84e64acc469867f
org.apache.camel.springboot	camel-spring-boot-xml-starter	3.13.0	-	d0ff7f479baeff007b6c9a6bf64a933d2d07ae5f
org.apache.camel.springboot	camel-spring-boot-xml-starter	3.14.0	-	391f11c3c74510f707a14cafb03ddf23f9bc0e5c
org.apache.camel.springboot	camel-spring-boot-xml-starter	3.14.1	-	c99d2fa9c8a911b7a436e6072e136a5a728d75f6
org.apache.camel.springboot	camel-spring-boot-xml-starter	3.14.10	-	13f36beeb06b1c5d90fbbfc631a11c5903710015
org.apache.camel.springboot	camel-spring-boot-xml-starter	3.14.2	-	be76281b8ce62e9709dfb158f81640715933667d
org.apache.camel.springboot	camel-spring-boot-xml-starter	3.14.3	-	66409710395177f6ce791c5468b6da5109db5627
org.apache.camel.springboot	camel-spring-boot-xml-starter	3.14.4	-	22cff4b3a9ca00b3491f6536a7f27d47ebe2719f
org.apache.camel.springboot	camel-spring-boot-xml-starter	3.14.5	-	cd5e4443367116e8b17639f85775d8792bb38413
org.apache.camel.springboot	camel-spring-boot-xml-starter	3.14.6	-	01b07a18ebf6cfc30c60148ad64a5c497ebde8eb
org.apache.camel.springboot	camel-spring-boot-xml-starter	3.14.7	-	8b0b943be90ae8ac0b504d9f4e28b17f455b863d
org.apache.camel.springboot	camel-spring-boot-xml-starter	3.14.8	-	2f8e6930b6f555325c58fe46333536f55738bc70
org.apache.camel.springboot	camel-spring-boot-xml-starter	3.14.9	-	e5b094c0387c3a45df9da8440210ef18c8af5f82
org.apache.camel.springboot	camel-spring-boot-xml-starter	3.15.0	-	fc9852e002779a12918893bd7082d5d196c56506
org.apache.camel.springboot	camel-spring-boot-xml-starter	3.16.0	-	2a97a122086c558e59d3d81936b15036ae90538d
org.apache.camel.springboot	camel-spring-boot-xml-starter	3.17.0	-	8a5fa12a4e50dff67aeaa9dd4d636814a891627c
org.apache.camel.springboot	camel-spring-boot-xml-starter	3.18.0	-	df16b667a6f858c284fee74790227e7c2005f056
org.apache.camel.springboot	camel-spring-boot-xml-starter	3.18.1	-	5934c40475fe3dfd6f75d7ee1ec7b0901d06bc3a
org.apache.camel.springboot	camel-spring-boot-xml-starter	3.18.2	-	7ddb9bb22b1768c25b8c2ed192d1ca3da1ec0e1f
org.apache.camel.springboot	camel-spring-boot-xml-starter	3.18.3	-	7d78a6151116d174da8842d0a2325e5a57fcbe41
org.apache.camel.springboot	camel-spring-boot-xml-starter	3.18.4	-	4c998f38bc343ab8182c470a01dd163e7294d181
org.apache.camel.springboot	camel-spring-boot-xml-starter	3.18.5	-	b3619073128662db3a5b61f085ddf625a54baff0
org.apache.camel.springboot	camel-spring-boot-xml-starter	3.18.6	-	d62034e10ab34043ce03e3690887e6153bd128cb
org.apache.camel.springboot	camel-spring-boot-xml-starter	3.18.7	-	eaf22f8aa9f64cade9d114305dfa5b634aa646d2
org.apache.camel.springboot	camel-spring-boot-xml-starter	3.18.8	-	761f126a580ca0dd2dc4f89b61971961a4f498c1
org.apache.camel.springboot	camel-spring-boot-xml-starter	3.19.0	-	16d8d8274c6ceb9c2e0ba03a065938ac7a150803
org.apache.camel.springboot	camel-spring-boot-xml-starter	3.20.0	-	312f36a3a3086b899aed2ef642dbad7c34932314
org.apache.camel.springboot	camel-spring-boot-xml-starter	3.20.1	-	966808fa31ffd44da9084d9e0c93c146965a36cf
org.apache.camel.springboot	camel-spring-boot-xml-starter	3.20.2	-	fa64312e78718de714e73c084ec327acf143794d
org.apache.camel.springboot	camel-spring-boot-xml-starter	3.20.3	-	de368965a7cb5c368e721a12eee605fe6418e19e
org.apache.camel.springboot	camel-spring-boot-xml-starter	3.20.4	-	5e43b89f677946f2d762f7812baebdaa0f2b60f0
org.apache.camel.springboot	camel-spring-boot-xml-starter	3.20.5	-	bbbcf0c70c33de8eb35c7a4e3ba371d10ece4fce
org.apache.camel.springboot	camel-spring-boot-xml-starter	3.20.6	-	8f8580032958b065fc16faf671bfb8131387d6b5
org.apache.camel.springboot	camel-spring-boot-xml-starter	3.20.7	-	119a0b200d237e65eafbfa3c6a5890d67fcdd328
org.apache.camel.springboot	camel-spring-boot-xml-starter	3.20.8	-	fbad8bacbf526080c17fd96e343df5479ef38b57
org.apache.camel.springboot	camel-spring-boot-xml-starter	3.20.9	-	d106cf1f7eb0e92f9e69127b5cf37391d92813c6
org.apache.camel.springboot	camel-spring-boot-xml-starter	3.21.0	-	35d316c57d352f99f7fe9612c022df1c6f4c1d33
org.apache.camel.springboot	camel-spring-boot-xml-starter	3.21.1	-	4357df55bcb81dfc54eba0f8c710418ca937a2df
org.apache.camel.springboot	camel-spring-boot-xml-starter	3.21.2	-	acff5c2ca0eec09f5f94015a84a8a52f65657303
org.apache.camel.springboot	camel-spring-boot-xml-starter	3.21.3	-	e152eb500bfd9454aa5585a6d7d686bcab6c4790
org.apache.camel.springboot	camel-spring-boot-xml-starter	3.21.4	-	d269d582f244be844d31498ae10b822fd829210f
org.apache.camel.springboot	camel-spring-boot-xml-starter	3.21.5	-	e54325e0fe1ca2b96c7a5590f71ad3d144e7bb08
org.apache.camel.springboot	camel-spring-boot-xml-starter	3.22.0	-	585d147c27c0245d0cb7e7975c7eeb3d76d81cff
org.apache.camel.springboot	camel-spring-boot-xml-starter	3.22.1	-	f82b4687da22272d71bb22ea528fa39b1a07a2e5
org.apache.camel.springboot	camel-spring-boot-xml-starter	3.22.2	-	a8a89ef470328b09e39e3c4b0fb7f292552017b0
org.apache.camel.springboot	camel-spring-boot-xml-starter	3.22.3	-	5be6dd4f86eb8d467f8b32ac03125821334cbe79
org.apache.camel.springboot	camel-spring-boot-xml-starter	3.22.4	-	2df0c36d2f04371a889bd839f203388d93111c9b
org.apache.camel.springboot	camel-spring-boot-xml-starter	3.9.0	-	e6c18fd2918d83bb9b7ad4067dac3b9c2b54d4db
org.apache.camel.springboot	camel-spring-boot-xml-starter	4.0.0	-	10faa3916fe9de0d1d79576a1070a02f7a7766bb
org.apache.camel.springboot	camel-spring-boot-xml-starter	4.0.0-M1	-	60c3be4f3b6405246acbacf85af044cee3fd7dc8
org.apache.camel.springboot	camel-spring-boot-xml-starter	4.0.0-M2	-	355d9674892c1162b24e9509049508e4b9827b5f
org.apache.camel.springboot	camel-spring-boot-xml-starter	4.0.0-M3	-	9c95ac149ad56f65bdad36100d7daa26fc706020
org.apache.camel.springboot	camel-spring-boot-xml-starter	4.0.0-RC1	-	f5ca8be6a0b9975e8916c3881f43fe2a610086cd
org.apache.camel.springboot	camel-spring-boot-xml-starter	4.0.0-RC2	-	5af84a4955cf7fb501d5b50b20a043cd6e6e74f0
org.apache.camel.springboot	camel-spring-boot-xml-starter	4.0.1	-	ed37ff7fb1b9fee232642ae6d6c9c322c64c98ac
org.apache.camel.springboot	camel-spring-boot-xml-starter	4.0.2	-	b65119ed30c4794d98b026b3a9696ecc263442bc
org.apache.camel.springboot	camel-spring-boot-xml-starter	4.0.3	-	4a1ef741b799380ab8d2dd1b6c39a495c6c12b5e
org.apache.camel.springboot	camel-spring-boot-xml-starter	4.0.4	-	e9b04fb286dfc82475091235b40ddeb5c94aee7e
org.apache.camel.springboot	camel-spring-boot-xml-starter	4.0.5	-	d10d3dc190c7eae8a5ad3903391831983fa70566
org.apache.camel.springboot	camel-spring-boot-xml-starter	4.0.6	-	659ac063ea9f1d9538fefdfd3a039646cd2d8515
org.apache.camel.springboot	camel-spring-boot-xml-starter	4.1.0	-	a19ae4f9ed22cd2d6738bc91991759976bee4391
org.apache.camel.springboot	camel-spring-boot-xml-starter	4.10.0	-	e965c4506e8b6a4ba819f2d541752e205311bfc5
org.apache.camel.springboot	camel-spring-boot-xml-starter	4.10.1	-	6ee582fd702f441527d1fcc5b50e241ab7201ccd
org.apache.camel.springboot	camel-spring-boot-xml-starter	4.10.2	-	a691c56c1e7d664b4c975f5250c8e11bd874ae53
org.apache.camel.springboot	camel-spring-boot-xml-starter	4.10.3	-	9bf4cc6df301be8f4b4196ac74eb071b332c7f0f
org.apache.camel.springboot	camel-spring-boot-xml-starter	4.11.0	-	d1514ff561a43f4982d180ae0fd07b5076042207
org.apache.camel.springboot	camel-spring-boot-xml-starter	4.2.0	-	de6c70604160e559aee7f540886f612727d15197
org.apache.camel.springboot	camel-spring-boot-xml-starter	4.3.0	-	0ec7a618ec0f7730dccc383d65db6d9d948989b1
org.apache.camel.springboot	camel-spring-boot-xml-starter	4.4.0	-	1f90ad3a6c18ab4ea89f700c6561dc48f2bfe06c
org.apache.camel.springboot	camel-spring-boot-xml-starter	4.4.1	-	76e542e9d0e714c76f4c0d8e4930d8a1e527c63e
org.apache.camel.springboot	camel-spring-boot-xml-starter	4.4.2	-	810b589bf9058e22e0c34c358e924e8af54e034b
org.apache.camel.springboot	camel-spring-boot-xml-starter	4.4.3	-	71746ba3b10d2ae320c85491fd3c84e8297f0bcd
org.apache.camel.springboot	camel-spring-boot-xml-starter	4.4.4	-	d41bd9aeb0ad22bcacfd7d1281c3e2f34a661f8e
org.apache.camel.springboot	camel-spring-boot-xml-starter	4.4.5	-	374bef198ec161eafceff5da2848666770713359
org.apache.camel.springboot	camel-spring-boot-xml-starter	4.5.0	-	9a99072a6ce2c5c2f82f31c1cf7e40b2aa3a19a9
org.apache.camel.springboot	camel-spring-boot-xml-starter	4.6.0	-	5884cfd9c1568b656781700e889dca35eaa3cbbe
org.apache.camel.springboot	camel-spring-boot-xml-starter	4.7.0	-	f2016c1faa0460db83f4ffc6c044b431d523a69b
org.apache.camel.springboot	camel-spring-boot-xml-starter	4.8.0	-	19b379c1f885cbe8afcf6e6a1b06f261bacc4976
org.apache.camel.springboot	camel-spring-boot-xml-starter	4.8.1	-	fd82081e56db75ce51598c87e70142f10437d42a
org.apache.camel.springboot	camel-spring-boot-xml-starter	4.8.2	-	e5ce31c0f166db2786b1fffc08cd1870bb79c4ba
org.apache.camel.springboot	camel-spring-boot-xml-starter	4.8.3	-	93d0c4a2b5fc2c49583690a8ce48df7c8ba217a2
org.apache.camel.springboot	camel-spring-boot-xml-starter	4.8.4	-	300e63b5f25c5be48950fe84dd834c63d79194ce
org.apache.camel.springboot	camel-spring-boot-xml-starter	4.8.5	-	0d345f63a8c507896a01f7364870b04b09d7a0fd
org.apache.camel.springboot	camel-spring-boot-xml-starter	4.8.6	-	849135e866887574f83d0857fe963cc654724054
org.apache.camel.springboot	camel-spring-boot-xml-starter	4.9.0	-	a7021b22c5e248cba3a6a1656f367e4ac314ee78
org.apache.commons	commons-numbers-complex	1.0	-	bcf85b352c2ef0aab1a746897b8621d19d82af3a
org.apache.commons	commons-numbers-complex	1.0-beta1	-	d358f145fccf90e9b26a47014c9f9103babac6a1
org.apache.commons	commons-numbers-complex	1.1	-	cdc601c113d5b586d7830e12b55cae0fe3d6b56d
org.apache.commons	commons-numbers-complex	1.2	-	312b0a453ac6471123ab68f9d79ad61a112537a7
org.apache.daffodil	daffodil-japi_2.11	2.1.0	-	00a6e0c1c6bd2cce93605d1fb7dbc872e711f3a2
org.apache.daffodil	daffodil-japi_2.11	2.2.0	-	b58c4c69754c822df48ff9a68d84e6fdaf28b45b
org.apache.daffodil	daffodil-japi_2.11	2.3.0	-	8b0d714c7cad3c8724a649ec97f3b89bd020356d
org.apache.daffodil	daffodil-japi_2.11	2.4.0	-	c4fdf72ce8a04d284185ef243ea403edd634dc43
org.apache.daffodil	daffodil-japi_2.11	2.5.0	-	440d39d8e1b9879e270a3517ff2365f48b8fcd7f
org.apache.daffodil	daffodil-japi_2.11	2.6.0	-	ea91df351de6fd2f6c8791b709da19ecd4edad47
org.apache.daffodil	daffodil-japi_2.11	2.7.0	-	95cb6f50a1411070f7b28aaec34a42a89f4e943f
org.apache.geronimo.devtools	org.apache.geronimo.st.core	2.1.5	-	251400e146d00b3e90c7ca740664dd6eccec7cf8
org.apache.geronimo.framework	geronimo-pax-logging	3.0-M1	-	0d5bb3980931ae3db777eda8998d6adc761f1bd6
org.apache.geronimo.framework	geronimo-pax-logging	3.0-beta-1	-	85782e8833d9b97c5edc182c16788b9a535ae0a0
org.apache.geronimo.framework	geronimo-pax-logging	3.0.0	-	9465cf5ba63a46b859a909fe556a3697cfc93a17
org.apache.geronimo.framework	geronimo-pax-logging	3.0.1	-	93d03a915c511cefe8be0835644d6387a89e06a6
org.apache.james	apache-james-mailbox-elasticsearch	3.0.0	-	2662ea747911e12322fe9a1bcf7ee4fbaa0e9e04
org.apache.james	apache-james-mailbox-elasticsearch	3.0.0-RC1	-	57ff71988d28b9f8052ffc8515a420766f8279a5
org.apache.james	apache-james-mailbox-elasticsearch	3.0.0-beta5	-	01d7142baf76f2e22238517588e46d8069ab5819
org.apache.james	apache-james-mailbox-elasticsearch	3.0.1	-	4644c0cc6c5aed067114e3d1b0856ee09c14dcef
org.apache.james	apache-james-mailbox-elasticsearch	3.1.0	-	48395603c1ad529e0e62952769b8e34f34a60278
org.apache.james	apache-james-mailbox-elasticsearch	3.2.0	-	eed22c9756a27cf8095b9aa1dc92824d53835608
org.apache.james	apache-james-mailbox-elasticsearch	3.3.0	-	f8070d8691868a9df837099cdf74c727bcee04e0
org.apache.james	apache-james-mailbox-elasticsearch	3.4.0	-	95a25d067ca0bb8ea09eae4f90b7ba29221a83e2
org.apache.james	apache-james-mailbox-elasticsearch	3.5.0	-	c5b808ac92f666f78a5f012f8ad9013ff7ee7514
org.apache.karaf.webconsole	org.apache.karaf.webconsole.http	3.0.0	-	6096d48e853f92e56a9578d6e5d7c02783414a5e
org.apache.karaf.webconsole	org.apache.karaf.webconsole.http	3.0.0.RC1	-	4874ae8fba899237eb2c9b4d57d476033801386e
org.apache.karaf.webconsole	org.apache.karaf.webconsole.http	3.0.1	-	d5c7c8e968f0f1af9eb77450df8481f2ac123900
org.apache.karaf.webconsole	org.apache.karaf.webconsole.http	3.0.10	-	8bd952f4efbe158de5f2c1a6eb8b6e0a640b596d
org.apache.karaf.webconsole	org.apache.karaf.webconsole.http	3.0.2	-	d2277dd6e05a5d8f179100529e815a17614d2089
org.apache.karaf.webconsole	org.apache.karaf.webconsole.http	3.0.3	-	7722450ee90b1fdb6359a1dcad530bb67a9875c5
org.apache.karaf.webconsole	org.apache.karaf.webconsole.http	3.0.4	-	6ce59d547888683a71345b4143e11e6c11d52ac2
org.apache.karaf.webconsole	org.apache.karaf.webconsole.http	3.0.5	-	a82de791b690886f9ab7a75075ee2f31e099ddef
org.apache.karaf.webconsole	org.apache.karaf.webconsole.http	3.0.6	-	79b76af4240634a8349e0300791937afc18c0ba2
org.apache.karaf.webconsole	org.apache.karaf.webconsole.http	3.0.7	-	ca7c4130b6c678646046f9b1a24355c37bf80775
org.apache.karaf.webconsole	org.apache.karaf.webconsole.http	3.0.8	-	a1e1d61505663b37866bfa5f27d97a21ed69d7ae
org.apache.karaf.webconsole	org.apache.karaf.webconsole.http	3.0.9	-	a0f9386ecfde5aeb357f64989284d0e92da69b99
org.apache.karaf.webconsole	org.apache.karaf.webconsole.http	4.0.0	-	a936e7085de507a9777a50dfb0a53f718697f816
org.apache.karaf.webconsole	org.apache.karaf.webconsole.http	4.0.0.M1	-	5b3f7d4a04688f3cfad9990a44a90f2a35bcc260
org.apache.karaf.webconsole	org.apache.karaf.webconsole.http	4.0.0.M2	-	50df5572f484b4060c47595b70d7cee500a3359c
org.apache.karaf.webconsole	org.apache.karaf.webconsole.http	4.0.0.M3	-	f6eeb17fa69c4b97d816408c556c5ea2354eea68
org.apache.karaf.webconsole	org.apache.karaf.webconsole.http	4.0.1	-	683f159603350bdf1a69d098c6a42347449426ca
org.apache.karaf.webconsole	org.apache.karaf.webconsole.http	4.0.10	-	8c0f29d8aa486c62598a4ec4b18c5478be87060f
org.apache.karaf.webconsole	org.apache.karaf.webconsole.http	4.0.2	-	dbeb708a8161b3be6535787ab9dabd689ecfc04b
org.apache.karaf.webconsole	org.apache.karaf.webconsole.http	4.0.3	-	7bfe59b304c66ccb97ab74282d27de77a43c9002
org.apache.karaf.webconsole	org.apache.karaf.webconsole.http	4.0.4	-	1a62e38682f2c3a4b4cf77318be4abaa686a7c44
org.apache.karaf.webconsole	org.apache.karaf.webconsole.http	4.0.5	-	687d1841eaf98d798301d466af59cb0dad30cf2e
org.apache.karaf.webconsole	org.apache.karaf.webconsole.http	4.0.6	-	ca438b8f0ed0979580eec45cbbf6b3d212accca7
org.apache.karaf.webconsole	org.apache.karaf.webconsole.http	4.0.7	-	8c36647639717266315da628826eacaca548ee5d
org.apache.karaf.webconsole	org.apache.karaf.webconsole.http	4.0.8	-	59f9a64865b9ae1a83b43355fe77d5ad1d8c9369
org.apache.karaf.webconsole	org.apache.karaf.webconsole.http	4.0.9	-	d5d23a761a86622ef5927897fb0bc317b79586eb
org.apache.karaf.webconsole	org.apache.karaf.webconsole.http	4.1.0	-	30f39622a23dbc9d61d44455cb17b859c01608b8
org.apache.karaf.webconsole	org.apache.karaf.webconsole.http	4.1.1	-	47d01fed8dba391a4f71bd0e91083830901b71c3
org.apache.karaf.webconsole	org.apache.karaf.webconsole.http	4.1.2	-	f827bb4d941d80004ecabe01c0383b2f692a0e6e
org.apache.karaf.webconsole	org.apache.karaf.webconsole.http	4.1.3	-	079795ffb57e36144fbe4597f96a2dd97458466e
org.apache.karaf.webconsole	org.apache.karaf.webconsole.http	4.1.4	-	a4db527b6460db7cafeeb3419bae482236ccb5f7
org.apache.karaf.webconsole	org.apache.karaf.webconsole.http	4.1.5	-	24a09256173970a81746716cef1d5e1b76439dcf
org.apache.karaf.webconsole	org.apache.karaf.webconsole.http	4.1.6	-	fd4b9d4d526032e741d46a3fd7a291e09df6b13e
org.apache.karaf.webconsole	org.apache.karaf.webconsole.http	4.1.7	-	806425fb3356fc988d116e1d83763e317dba871f
org.apache.karaf.webconsole	org.apache.karaf.webconsole.http	4.2.0	-	c000c96fa1b7aad091cba03a55802a9c0bb39c8c
org.apache.karaf.webconsole	org.apache.karaf.webconsole.http	4.2.0.M1	-	972a5c4319c32bb225f30ac06dc89b66bf3ea28d
org.apache.karaf.webconsole	org.apache.karaf.webconsole.http	4.2.0.M2	-	5b51795a45fb0cdb6c2a6656fe859247d702ff36
org.apache.karaf.webconsole	org.apache.karaf.webconsole.http	4.2.1	-	0ff2fd1ce1600d37b31831449c1404c85a9faa96
org.apache.karaf.webconsole	org.apache.karaf.webconsole.http	4.2.10	-	4e5342ca8582f0e223e7a9d459e21ac78c3590f7
org.apache.karaf.webconsole	org.apache.karaf.webconsole.http	4.2.11	-	413a65ad314c64d207a5c977e7119661e3b8aab8
org.apache.karaf.webconsole	org.apache.karaf.webconsole.http	4.2.12	-	8d9922a1bc94ca6e911eafe2e7a01ead9447d240
org.apache.karaf.webconsole	org.apache.karaf.webconsole.http	4.2.13	-	0d2c5dfafcd44b8020084885f3aead7f137efe7f
org.apache.karaf.webconsole	org.apache.karaf.webconsole.http	4.2.14	-	21d01ca81636ccfb3db5acfd91e64a0a50463889
org.apache.karaf.webconsole	org.apache.karaf.webconsole.http	4.2.15	-	21d711bff91e5a7bb0e254a8fd572460805ec211
org.apache.karaf.webconsole	org.apache.karaf.webconsole.http	4.2.16	-	17be4f362efa2657f87fa9db9dbcd49ba3ff7fbd
org.apache.karaf.webconsole	org.apache.karaf.webconsole.http	4.2.2	-	43d59c033a0a3d33116c0faadc3cdc5762cf95cd
org.apache.karaf.webconsole	org.apache.karaf.webconsole.http	4.2.3	-	e488d3853e8439b477eb90212356fe3afb38e3b5
org.apache.karaf.webconsole	org.apache.karaf.webconsole.http	4.2.4	-	be21cb0f7b91c7e65f91527db26f6585b78f5893
org.apache.karaf.webconsole	org.apache.karaf.webconsole.http	4.2.5	-	de185ed1738d098e52468585699d3dafb42aa90b
org.apache.karaf.webconsole	org.apache.karaf.webconsole.http	4.2.6	-	0e64ee25c86ea53b9eebebe950339e420781b052
org.apache.karaf.webconsole	org.apache.karaf.webconsole.http	4.2.7	-	e388c6d8af8f033c482e03efa62cc547958ec178
org.apache.karaf.webconsole	org.apache.karaf.webconsole.http	4.2.8	-	98392c91733f0bdc17836e0942d5a94df1804c29
org.apache.karaf.webconsole	org.apache.karaf.webconsole.http	4.2.9	-	96ac2394f79f9014a9352157655590c5ff45c8af
org.apache.karaf.webconsole	org.apache.karaf.webconsole.http	4.3.0	-	9aaf0bfa6b0890994a4b49c86f9ee698ce6a9d32
org.apache.karaf.webconsole	org.apache.karaf.webconsole.http	4.3.0.RC1	-	8e6abb0ed690b59b672ad48691a32e63e7523084
org.apache.karaf.webconsole	org.apache.karaf.webconsole.http	4.3.1	-	5d5da2d9468af4aab5bb58c1a91b166b3677bac8
org.apache.karaf.webconsole	org.apache.karaf.webconsole.http	4.3.10	-	30dd92baae66aa7a3b9ab0ee16087a8eb2d889e3
org.apache.karaf.webconsole	org.apache.karaf.webconsole.http	4.3.2	-	0fcbe1cb824c1dc1e792d35c42cd1ca375c0d06e
org.apache.karaf.webconsole	org.apache.karaf.webconsole.http	4.3.3	-	6e285ccb47a5036709fea957b38f7fa0c324dfa8
org.apache.karaf.webconsole	org.apache.karaf.webconsole.http	4.3.4	-	1b2797e54c59be02c849d2ffcee0cbad08d8a7cb
org.apache.karaf.webconsole	org.apache.karaf.webconsole.http	4.3.5	-	634c7cde3f2ff55126035c52e097c3819299cd4b
org.apache.karaf.webconsole	org.apache.karaf.webconsole.http	4.3.6	-	2dabecb04e09d3eea0407fb3b60f7cb20e271596
org.apache.karaf.webconsole	org.apache.karaf.webconsole.http	4.3.7	-	f359f7bdf4dd1ced9d30c73ccad8cd86bac39281
org.apache.karaf.webconsole	org.apache.karaf.webconsole.http	4.3.8	-	fa81e9f35d69b97b05cc4e1658f1fd8de015082e
org.apache.karaf.webconsole	org.apache.karaf.webconsole.http	4.3.9	-	431dc09914a0acf7c924c4efb87ab8687c95b553
org.apache.karaf.webconsole	org.apache.karaf.webconsole.http	4.4.0	-	e3e4e6361aac2945096e1eb25b33896041629661
org.apache.karaf.webconsole	org.apache.karaf.webconsole.http	4.4.1	-	1214c7f2936f3ff9f0bf8fd250bd10afc6d84db8
org.apache.karaf.webconsole	org.apache.karaf.webconsole.http	4.4.2	-	f63490d68709b334f5a4c513f7602b1cfcebb2b8
org.apache.karaf.webconsole	org.apache.karaf.webconsole.http	4.4.3	-	abc06a3e6751b29e3c86bd1867f07ee8c653ea12
org.apache.karaf.webconsole	org.apache.karaf.webconsole.http	4.4.4	-	a44b7f63fbe9a5840ae90c4da6016439e0855190
org.apache.karaf.webconsole	org.apache.karaf.webconsole.http	4.4.5	-	c0bc43cb4d526be3de2cffd6c18275ef4f76ec91
org.apache.karaf.webconsole	org.apache.karaf.webconsole.http	4.4.6	-	45790669462bf3cea6b22863af5ab7679cc5bfce
org.apache.karaf.webconsole	org.apache.karaf.webconsole.http	4.4.7	-	05b65d7bb6706f0cc5ed0290002fa244a5cd207b
org.apache.kylin	kylin-common-booter	5.0.0	-	2362a1dd0882dad7c131256ced2c882385a883de
org.apache.kylin	kylin-common-booter	5.0.0-alpha	-	d3527069e772fc3698a60f10c9f4128877bbd526
org.apache.kylin	kylin-common-booter	5.0.0-beta	-	a3cfc4e432f934a3a5e05d2ca4df0d7381abac27
org.apache.kylin	kylin-common-booter	5.0.2	-	fb6027344ec9e72ea0da181e86b76e569536040f
org.apache.nifi	nifi-hdfs-processors	0.0.1-incubating	-	3ae826ada5e21dc5ff91006e6ea05295528775c8
org.apache.nifi	nifi-hdfs-processors	0.0.2-incubating	-	cc3c7347ba3c808b41f3fb24d4ffbd8107fff85c
org.apache.nifi	nifi-hdfs-processors	0.1.0-incubating	-	7e1ab317e531cf4afd857a9794b0a47c8274eb8d
org.apache.nifi	nifi-hdfs-processors	0.2.0-incubating	-	e2651a224ac502086c6504a8a6727270979ceda4
org.apache.nifi	nifi-hdfs-processors	0.2.1	-	8cdc308822d4cb70a7da69f1f06b6c27017e01bc
org.apache.nifi	nifi-hdfs-processors	0.3.0	-	d27bdc03a3bb395ea3ef459449920d099c375d7e
org.apache.nifi	nifi-hdfs-processors	0.4.0	-	5efbe40a96d060d12af016776f82d79c3997331b
org.apache.nifi	nifi-hdfs-processors	0.4.1	-	aeda7ae30df0c54ebc803f4408436c8d0c6c9294
org.apache.nifi	nifi-hdfs-processors	0.5.0	-	bcda9dc73aa85b8490a0c14c624dbf83ebb69f41
org.apache.nifi	nifi-hdfs-processors	0.5.1	-	481185666a21a0811172b515bdbc71e4570eacb1
org.apache.nifi	nifi-hdfs-processors	0.6.0	-	ac5142084fb36d9b22a777d881f5c360b6ec5e69
org.apache.nifi	nifi-hdfs-processors	0.6.1	-	389432b502b3789414ef91911971ae6e03d05fd2
org.apache.nifi	nifi-hdfs-processors	0.7.0	-	bec984ad0d1ef1578225feaf9c93d9a61192dd3d
org.apache.nifi	nifi-hdfs-processors	0.7.1	-	c65cf8dd6e25a3fee6ce8c0265eda6d30c3f7dc5
org.apache.nifi	nifi-hdfs-processors	0.7.2	-	145e3ac043c96b952e663ebcce7c9a6ff4d43435
org.apache.nifi	nifi-hdfs-processors	0.7.3	-	96eb561243174c922095127042d64f5576d4fe5b
org.apache.nifi	nifi-hdfs-processors	0.7.4	-	ff9dee8e6f20ea13028e7f5b8bd4320355cc2e91
org.apache.nifi	nifi-hdfs-processors	1.0.0	-	e4531a498a9927e84f04f56a159fba10e43f21d0
org.apache.nifi	nifi-hdfs-processors	1.0.0-BETA	-	552c82c92743ec545f0b3f7ef851db69a0eb55f2
org.apache.nifi	nifi-hdfs-processors	1.0.1	-	4ed22edad89b87196e04e89777c0e12e31b2d841
org.apache.nifi	nifi-hdfs-processors	1.1.0	-	a0d250ca06ff736c481b68bb9093170fc72f3b75
org.apache.nifi	nifi-hdfs-processors	1.1.1	-	9609469e17ab4cac5d723680013659d64f1bb0c8
org.apache.nifi	nifi-hdfs-processors	1.1.2	-	cbc2507ac7e8c754558a58c710f92251c4e3ab4f
org.apache.nifi	nifi-hdfs-processors	1.10.0	-	44e5670ed815761702086f58c17603727dc30835
org.apache.nifi	nifi-hdfs-processors	1.11.0	-	98603a89c167bb6b6535ce1c23a52c9b46470544
org.apache.nifi	nifi-hdfs-processors	1.11.1	-	8382627f7fbd072c99d31efcdd5c03aa942115a6
org.apache.nifi	nifi-hdfs-processors	1.11.2	-	3fb37dd686aff819d79cc911d0d6b299c1bec371
org.apache.nifi	nifi-hdfs-processors	1.11.3	-	daeb07b3b411562d84f7fa5d88bc5bc21b2ae572
org.apache.nifi	nifi-hdfs-processors	1.11.4	-	f1865acd8fe80255d13056574e83eb3f1e4e36a4
org.apache.nifi	nifi-hdfs-processors	1.12.0	-	a78538583181263666ca3608a850d9c589e00c3d
org.apache.nifi	nifi-hdfs-processors	1.12.1	-	9abe675d9c8373f985adc7eb36e0f372dea1562b
org.apache.nifi	nifi-hdfs-processors	1.13.0	-	2550f3e0f666421e0fc085fa142de69571995efa
org.apache.nifi	nifi-hdfs-processors	1.13.1	-	73c06af6fedfe23299b89e50c48043932b9594b9
org.apache.nifi	nifi-hdfs-processors	1.13.2	-	2f01836305cd9ef68f7719046534a2c9d973e94f
org.apache.nifi	nifi-hdfs-processors	1.14.0	-	4b209885a83681fdbb84bb5a49a5de8c078ba35a
org.apache.nifi	nifi-hdfs-processors	1.15.0	-	15a44859923055a78311d38488f9411316a85478
org.apache.nifi	nifi-hdfs-processors	1.15.1	-	fee755d67c8ebed757753f728b60320fb4279247
org.apache.nifi	nifi-hdfs-processors	1.15.2	-	8a0b4613b1f4289544f8fdbbf8b0e10239357f86
org.apache.nifi	nifi-hdfs-processors	1.15.3	-	190acd4a1a6859159515ba736ddbde4da6fe4660
org.apache.nifi	nifi-hdfs-processors	1.16.0	-	139bcd36197f8ef1033a9c9e73345121e119a91b
org.apache.nifi	nifi-hdfs-processors	1.16.1	-	b46e6b7dc12ceb01a41391683e1a0790c571a2d2
org.apache.nifi	nifi-hdfs-processors	1.16.2	-	9fdaa65a2f4556405da97482cd5992d1e3b7e58e
org.apache.nifi	nifi-hdfs-processors	1.16.3	-	df5e3fb62d64a0c9708d332bb2a97c17377093b7
org.apache.nifi	nifi-hdfs-processors	1.17.0	-	d3531164f87fde48d73ed8e14a07d9bb081fe495
org.apache.nifi	nifi-hdfs-processors	1.18.0	-	8d53db6d3305280123e4795d431e65076b34303a
org.apache.nifi	nifi-hdfs-processors	1.19.0	-	d24165e2d50036fefb9a6fda39589ae6d3206775
org.apache.nifi	nifi-hdfs-processors	1.19.1	-	e1390fe6ed1a5cb30549151d46ae81f3e8351d68
org.apache.nifi	nifi-hdfs-processors	1.2.0	-	c26b5eddd31cc8db664c3d3031cb3686ed83fb0b
org.apache.nifi	nifi-hdfs-processors	1.20.0	-	39934a0cb2ad275fb8bc0f42065957874a93d465
org.apache.nifi	nifi-hdfs-processors	1.21.0	-	1d3fa611e3222ce9a808eec16a490864ccddbcbb
org.apache.nifi	nifi-hdfs-processors	1.22.0	-	67c003e324e4adbafbb3b04c296d801f56ab32d8
org.apache.nifi	nifi-hdfs-processors	1.23.0	-	cca64c0920a5d64d37bea7fcdb4a9e39ac1b1c3a
org.apache.nifi	nifi-hdfs-processors	1.23.1	-	87bc869685f63a2402395e3d46c6d9e5323e4d5f
org.apache.nifi	nifi-hdfs-processors	1.23.2	-	9831f927fb5e2310bbca5f6e7cb1040691a19a4b
org.apache.nifi	nifi-hdfs-processors	1.24.0	-	6369a2c8455b05a195a18ed233b7a362e5a5ab23
org.apache.nifi	nifi-hdfs-processors	1.25.0	-	86f154f295d3f9edb81ffff343280f872a88645f
org.apache.nifi	nifi-hdfs-processors	1.26.0	-	8ef75cc14819d81d4d16c382e84b2bfd73ac6293
org.apache.nifi	nifi-hdfs-processors	1.27.0	-	9e16270bf699ab1d8f4f2f96dae9d8c8a2f4077e
org.apache.nifi	nifi-hdfs-processors	1.28.0	-	00a138eb8acc013c9fb29c3ebb1c8a19246e5467
org.apache.nifi	nifi-hdfs-processors	1.28.1	-	fb9e1fcee35acb9b7bf457d994e71dda897d87d7
org.apache.nifi	nifi-hdfs-processors	1.3.0	-	114a6421bc6fa938ad76be04a5d0fec98b81d9ce
org.apache.nifi	nifi-hdfs-processors	1.4.0	-	48530d99e324f7ae5748de394ebcde8fe0cc64b7
org.apache.nifi	nifi-hdfs-processors	1.5.0	-	2254006f1e8136c60f7018c2904b30fd86a51420
org.apache.nifi	nifi-hdfs-processors	1.6.0	-	1bd1af2578119447e1dc914f41830a58e661959e
org.apache.nifi	nifi-hdfs-processors	1.7.0	-	e16da05c0d06c19ed7edf7ae64a60235ff26ae88
org.apache.nifi	nifi-hdfs-processors	1.7.1	-	c28dd431893b547f6385744a83b451fbd7e9c3b3
org.apache.nifi	nifi-hdfs-processors	1.8.0	-	715ba8baacf6bbcc05cf2db952daecaf609ba156
org.apache.nifi	nifi-hdfs-processors	1.9.0	-	fa959a345b0b68a8dd3469d23da5ad9b51b90e9e
org.apache.nifi	nifi-hdfs-processors	1.9.1	-	29da524d9fbeb2e1265a26929cfc5844c80d5e94
org.apache.nifi	nifi-hdfs-processors	1.9.2	-	b7861daf0388959ec37725732de968be70b67a53
org.apache.nifi	nifi-hdfs-processors	2.0.0	-	cde053d0231cfce590c0b07a2026832cba13f35a
org.apache.nifi	nifi-hdfs-processors	2.0.0-M1	-	eb075890937e575ef840f33332566eaf1f9edda4
org.apache.nifi	nifi-hdfs-processors	2.0.0-M2	-	482d76ba500ddab7c6b9ab034560dd66a2c7727f
org.apache.nifi	nifi-hdfs-processors	2.0.0-M3	-	dd06981938ad3d54c15e74b03b97551da3f4fb03
org.apache.nifi	nifi-hdfs-processors	2.0.0-M4	-	6fcfb26261af9becfb0498bf02f210dde0f208a1
org.apache.nifi	nifi-hdfs-processors	2.1.0	-	0ff9a9896e51c64112cf4f311395aa6cbf3d4aee
org.apache.nifi	nifi-hdfs-processors	2.2.0	-	5417ca35e527116ceae34e332a359c8bc82c76e3
org.apache.nifi	nifi-hdfs-processors	2.3.0	-	9a50c655391be8462fadd68d6782977f18351a57
org.apache.nifi	nifi-opentelemetry-processors	1.24.0	-	49438b5d42cc4fcdff9b31fb80e61947d5af17d9
org.apache.nifi	nifi-opentelemetry-processors	1.25.0	-	c7231067000fe445da79787d079fd30a57db7c0b
org.apache.nifi	nifi-opentelemetry-processors	1.26.0	-	61575fb7667a419ab72b284a586419a5c6794747
org.apache.nifi	nifi-opentelemetry-processors	1.27.0	-	3bc538384a1a5d6d3b003a02f072af4d5ee15889
org.apache.nifi	nifi-opentelemetry-processors	1.28.0	-	94712d8cffe491576bc6e81851a74d34ba9c96a7
org.apache.nifi	nifi-opentelemetry-processors	1.28.1	-	a0383368a6c24a6b3b1d71ec6cd22e30637a04df
org.apache.nifi	nifi-opentelemetry-processors	2.0.0	-	5fe3adb4d4e97962f8b2423165830e99db8cc40c
org.apache.nifi	nifi-opentelemetry-processors	2.0.0-M1	-	6ead373e9076414a4ba1efd31d193bdc2c853499
org.apache.nifi	nifi-opentelemetry-processors	2.0.0-M2	-	2dcaee15da545be0f9cff056e2746cb21352beb5
org.apache.nifi	nifi-opentelemetry-processors	2.0.0-M3	-	80ae48bdd7746629d05d50f23784a6c8cbad2139
org.apache.nifi	nifi-opentelemetry-processors	2.0.0-M4	-	42d95ccd5d01193cd5a69dfc9f2db4fb163a811f
org.apache.nifi	nifi-opentelemetry-processors	2.1.0	-	748fc15dd92c34fa3eaf840e31254fec2073fc85
org.apache.nifi	nifi-opentelemetry-processors	2.2.0	-	6663d5643bb79d16b8583f55d23296b0a7551ee7
org.apache.nifi	nifi-opentelemetry-processors	2.3.0	-	22577ccdd1f232fafd8481f9c30c0cef4f35dfc4
org.apache.openejb.patch	openjpa-jdbc	2.3.0-nonfinal-1540826	-	57a79040349694af8068d8b96f103cdc8575bdcb
org.apache.openejb.patch	openjpa-jdbc	2.4.0-nonfinal-1591689	-	800f1508fc9906eb1bcbc7d7305645586d523b03
org.apache.openejb.patch	openjpa-jdbc	2.4.0-nonfinal-1598334	-	cb6a682441ca72fababc5e7c922c6a358430e7ca
org.apache.stanbol	org.apache.stanbol.enhancer.engine.uimatotriples	0.10.0	-	ea408a022eddd6f96f7d7db9f8265b97bb6bd33a
org.apache.stanbol	org.apache.stanbol.enhancer.engine.uimatotriples	0.12.0	-	63152ebd512ad44ca630ac9a848d8c132173e446
org.apache.stanbol	org.apache.stanbol.enhancer.engine.uimatotriples	1.0.0	-	bff3a97be63f0f3d923d119c99668bbc9ec250bd
org.apache.tamaya	tamaya-spisupport	0.4-incubating	-	0fd33e6107ca9c8d25c65ad9e0e905d9d76fd5a9
org.apache.tinkerpop	giraph-gremlin	3.1.0-incubating	-	6645c9bbee7e49d03514007e50acc30fff500118
org.apache.tinkerpop	giraph-gremlin	3.1.1-incubating	-	797068737b17266627563885b6b24a06888283d9
org.apache.tinkerpop	giraph-gremlin	3.1.2-incubating	-	c06a140cf1b590267dfc054a7e247cf87e48212f
org.apache.tinkerpop	giraph-gremlin	3.1.3	-	b0c2291f957d2592ccd577768297aee4f45fa740
org.apache.tinkerpop	giraph-gremlin	3.1.4	-	a020acc6ec7e490703be57a4e2dbd21757a43031
org.apache.tinkerpop	giraph-gremlin	3.1.5	-	04fbb85a8e8f962c9317853f25f46ded890c56f9
org.apache.tinkerpop	giraph-gremlin	3.1.6	-	b46f8e3816448f71322b098648d5923b67d98eed
org.apache.tinkerpop	giraph-gremlin	3.1.7	-	0f9f954cf4f2a5b16aa687abb0a15d35da816233
org.apache.tinkerpop	giraph-gremlin	3.1.8	-	8c94a04a8f5b4d0cb74addda402e6142fcb04e83
org.apache.tinkerpop	giraph-gremlin	3.2.0-incubating	-	a546deaa3e01fbb17c3009f2f9deb5ff788005f9
org.apache.tinkerpop	giraph-gremlin	3.2.1	-	0dc6228c66aab62876d7a0f69be9457a61608723
org.apache.tinkerpop	giraph-gremlin	3.2.10	-	d698608137b2674379b6da1222766fa5a12e7696
org.apache.tinkerpop	giraph-gremlin	3.2.11	-	1f61aaf867d0555c6fc3c61a6184d6314dc7794d
org.apache.tinkerpop	giraph-gremlin	3.2.2	-	b0ebc93fd9119cddac884758c245e826f8a0c2e0
org.apache.tinkerpop	giraph-gremlin	3.2.3	-	31e1a003449509aab393daf314d1b6cac6c3f969
org.apache.tinkerpop	giraph-gremlin	3.2.4	-	23a2dd1ac0103ffdef1082d30da996e03aa686b4
org.apache.tinkerpop	giraph-gremlin	3.2.5	-	8e002dbcae36c90436546d08017c5622b05364f2
org.apache.tinkerpop	giraph-gremlin	3.2.6	-	11708994e7c55c3d51ca2ee05ebe84840486bce2
org.apache.tinkerpop	giraph-gremlin	3.2.7	-	8b70b6a8218055e3df678a8c3d33e5d84801abfb
org.apache.tinkerpop	giraph-gremlin	3.2.8	-	0d5ec03adc4b23a1443d55ba3015c7d26720c115
org.apache.tinkerpop	giraph-gremlin	3.2.9	-	c3c03469324d9246aaa96687147eba5103af3472
org.apache.tinkerpop	giraph-gremlin	3.3.0	-	7af3476f9d14b8f465323b2b95620b9d620f3a1e
org.apache.tinkerpop	giraph-gremlin	3.3.1	-	2ff271a3ad6dd5489b2658fd8d80d658ed62a6a1
org.apache.tinkerpop	giraph-gremlin	3.3.10	-	0f0d44f6e4753ead5993da88c6c57438503b00bc
org.apache.tinkerpop	giraph-gremlin	3.3.11	-	40933771fc311b448fc9e5a94a9f5e5689865ab2
org.apache.tinkerpop	giraph-gremlin	3.3.2	-	1eff42b79d4f400b7d31054153c0289f04fa9d32
org.apache.tinkerpop	giraph-gremlin	3.3.3	-	734527c8529669344512a839afd51420034286df
org.apache.tinkerpop	giraph-gremlin	3.3.4	-	dcd6f3787066ffb2915bef38965debbb523e2773
org.apache.tinkerpop	giraph-gremlin	3.3.5	-	06613127d0cec9f8f7707fb60f3a0bdd365b02a7
org.apache.tinkerpop	giraph-gremlin	3.3.6	-	588ad687f02edcc064f7a32f8502d66d2886d44a
org.apache.tinkerpop	giraph-gremlin	3.3.7	-	1765bab5a1af8c34a1abc403099af648225c6d58
org.apache.tinkerpop	giraph-gremlin	3.3.8	-	45677db31fa50c3bd40bb48769bca97aa9a5d10c
org.apache.tinkerpop	giraph-gremlin	3.3.9	-	abbf82ad07da7b749617692673cb51547ea36654
org.apache.tomee	arquillian-tomee-remote	10.0.0	-	879b038abbf3f486e18db9fe3d59704f09f7f8a4
org.apache.tomee	arquillian-tomee-remote	10.0.0-M1	-	3365790b2f9e70a3f36c0ee5ed094746aa0ecec8
org.apache.tomee	arquillian-tomee-remote	10.0.0-M2	-	ec30ad1b8bdb0375fadf8ac3bc91e8e9b62b3662
org.apache.tomee	arquillian-tomee-remote	10.0.0-M3	-	58a5f6fb38860c43bb3d912dd9ef90a8cda75e47
org.apache.tomee	arquillian-tomee-remote	10.0.1	-	0f70a970c5917ae1deb0e2f3157725925dbbb915
org.apache.tomee	arquillian-tomee-remote	7.0.0	-	5ec1d81c51b8c1050ffa3d050b0c318d8d1e6596
org.apache.tomee	arquillian-tomee-remote	7.0.0-M1	-	e39a224a41a8cb3f0e24982995372c1f007cb878
org.apache.tomee	arquillian-tomee-remote	7.0.0-M2	-	9b5b3bed8da37274a8bfd7eba31c8361f205e07b
org.apache.tomee	arquillian-tomee-remote	7.0.0-M3	-	38385003a8ef15541ada5fb1fa02b5d26daedec3
org.apache.tomee	arquillian-tomee-remote	7.0.1	-	523a25bd5ed09a3cae8486182fdd87877b074e7d
org.apache.tomee	arquillian-tomee-remote	7.0.2	-	3fe5e9b73a22d5af202931ad9963e756e0d7fa8c
org.apache.tomee	arquillian-tomee-remote	7.0.3	-	514c93735d6901f85b5f0cf4e966f2a859c0bc26
org.apache.tomee	arquillian-tomee-remote	7.0.4	-	c3ab9138be7c79a896374d86f1a78d3dff307bee
org.apache.tomee	arquillian-tomee-remote	7.0.5	-	9b678f449348f253d4a186cca50c490c97810a8e
org.apache.tomee	arquillian-tomee-remote	7.0.6	-	a5430b0fa8d93e7d7395554dc7ade872b51a1087
org.apache.tomee	arquillian-tomee-remote	7.0.7	-	0a97f7e8e72d760815ef533164e0710362f4e27f
org.apache.tomee	arquillian-tomee-remote	7.0.8	-	ed5fb772ea1c510ba04ad8402908a1f03491c2b9
org.apache.tomee	arquillian-tomee-remote	7.0.9	-	51719cba07de4c984a57b5589f94fe156a31a0bb
org.apache.tomee	arquillian-tomee-remote	7.1.0	-	6ed6505ae2075c099458dba3e48a229773c2b1c4
org.apache.tomee	arquillian-tomee-remote	7.1.1	-	559791e9395f3a58258021e6012bf45f21a0962c
org.apache.tomee	arquillian-tomee-remote	7.1.2	-	3fa682002cc09b9d494f92c57e30ce6eb8edb8fb
org.apache.tomee	arquillian-tomee-remote	7.1.3	-	93dc3f004128cce1c6b917d3b28082ef7ac7e319
org.apache.tomee	arquillian-tomee-remote	7.1.4	-	16e1acc25a79892ac44feb67467a4295236580b3
org.apache.tomee	arquillian-tomee-remote	8.0.0	-	6da823923d51dc226eb9d3406e36f6b2918af588
org.apache.tomee	arquillian-tomee-remote	8.0.0-M1	-	af53ede2f3b15b5259654c1d6450e76428db39d5
org.apache.tomee	arquillian-tomee-remote	8.0.0-M2	-	a6f26e071cb0fdcf5f4f75f16bfbb574c147d076
org.apache.tomee	arquillian-tomee-remote	8.0.0-M3	-	d2744f3bc90cdf8c09a7f3d484a223bf222f9515
org.apache.tomee	arquillian-tomee-remote	8.0.1	-	4e1eed75787820c536e3a08ee41b9d791cba8f66
org.apache.tomee	arquillian-tomee-remote	8.0.10	-	3a29332f48ea3c6b179b4019036fed54fc4bc9d5
org.apache.tomee	arquillian-tomee-remote	8.0.11	-	9a7ea5ca7b5940cf08f3e67f8166182f19bee65b
org.apache.tomee	arquillian-tomee-remote	8.0.12	-	d14f98665f58ad08a7a7a2f25e2bf091b19c98b5
org.apache.tomee	arquillian-tomee-remote	8.0.13	-	da2f81ba99157ea28b87a123aa5fd1526b7fa8a1
org.apache.tomee	arquillian-tomee-remote	8.0.14	-	1b0659556c09caa6e32e109f1fed9275d4c40591
org.apache.tomee	arquillian-tomee-remote	8.0.15	-	39bef1fa0863d1b3d1e0cfc54102abda532947b4
org.apache.tomee	arquillian-tomee-remote	8.0.16	-	3dd3f45f2235ea68454b0112cb7f4155cff52076
org.apache.tomee	arquillian-tomee-remote	8.0.2	-	9a1699bea8fff00e3e951688070e7f7ea657366f
org.apache.tomee	arquillian-tomee-remote	8.0.3	-	bcd5067d51e2dffcf4686f9be615fb21fd228edb
org.apache.tomee	arquillian-tomee-remote	8.0.4	-	822831c6eaae6d902d9aee0ef2bd1ad8a8f29724
org.apache.tomee	arquillian-tomee-remote	8.0.5	-	f413456dc1f7bfd7ba96bf92fac300a845c3feec
org.apache.tomee	arquillian-tomee-remote	8.0.6	-	e6ce4253eaddeb549ccf4401bffea581eecfc09d
org.apache.tomee	arquillian-tomee-remote	8.0.7	-	28b942771cc9bd13c56ca920c4b53926c1ba03b6
org.apache.tomee	arquillian-tomee-remote	8.0.8	-	ffef4e40505143a03f39708715f591eb5e248105
org.apache.tomee	arquillian-tomee-remote	8.0.9	-	54183b7264987fb23209ecf6d0d4c3697c4c6b7c
org.apache.tomee	arquillian-tomee-remote	9.0.0	-	095be6714f0f269b6422d2ba91b913abec8dc399
org.apache.tomee	arquillian-tomee-remote	9.0.0-M8	-	5bbb948f34cfd639488edad0524992a480fa58f5
org.apache.tomee	arquillian-tomee-remote	9.0.0.RC1	-	f59a6a682ad204dd2df8e28f65b18fb082197c02
org.apache.tomee	arquillian-tomee-remote	9.1.0	-	b0365a7f77db1a3bb5b3c1684b37ab3665e0d5a1
org.apache.tomee	arquillian-tomee-remote	9.1.1	-	9fe72920db428b73d287065c10c0c5ac995040aa
org.apache.tomee	arquillian-tomee-remote	9.1.2	-	7927d7df10af1b2ad72ae1e8d95f90da68171f8e
org.apache.tomee	arquillian-tomee-remote	9.1.3	-	85270912a85d0474e89dea9e5f6b5a4c8a7d6561
org.apache.tuscany.sca	tuscany-bundle-plugin	1.0.8	-	3e7ed331de8f874c841b8d80600de474a6a0fe07
org.apache.uima	uima-ducc-examples	1.0.0	-	b75b7e03fd05b6ac1cb7ee22d090d3ff6c9fdde1
org.apache.uima	uima-ducc-examples	1.1.0	-	9055eae0ff9912ec79aff0a1d80f829bc3f55f77
org.apache.uima	uima-ducc-examples	2.0.0	-	b9a3fb9cd89add55372777c68cfc5b15c72dc5c7
org.apache.uima	uima-ducc-examples	2.0.1	-	33efb9aaec7821ad38b690bfcd3d6cc864ac9519
org.apache.uima	uima-ducc-examples	2.1.0	-	3906e808efac5877be5ab947c028fe06f9d14038
org.apache.uima	uima-ducc-examples	2.2.0	-	4908bcf27a427a9d0cae00f8acad055dc045487b
org.apache.uima	uima-ducc-examples	2.2.1	-	20bc859741c0c70b53eb808147c9147ae00cf35f
org.apache.uima	uima-ducc-examples	2.2.2	-	0937f24d4280ecb789ebb32af1cbe50ca247b88b
org.apache.uima	uima-ducc-examples	3.0.0	-	fb930dec0ce597eb96c6881a83bcd9e632518c60
org.apereo.cas	cas-mgmt-config-authz-ldap	6.0.0-RC3	-	c0e718e15e7df7105e601264dd383d294d998512
org.apereo.cas	cas-mgmt-config-authz-ldap	6.0.0-RC4	-	ce50223f542114054d6ba501821112bb3474b6fb
org.apereo.cas	cas-mgmt-config-authz-ldap	6.0.1	-	403c6e4a57d8bfb32fa67b5e7a2d7d80069848f2
org.apereo.cas	cas-mgmt-config-authz-ldap	6.1.0-RC2	-	f253d6555d0e3db5e4039644dc71629b79b87d83
org.apereo.cas	cas-mgmt-config-authz-ldap	6.1.0-RC4	-	63d08fecba2d2488b03f0f8e15bca80b1e23fc8a
org.apereo.cas	cas-mgmt-config-authz-ldap	6.1.7	-	90d78b877dde02041d7bf08bc88b2a0b5f37aa3c
org.apereo.cas	cas-mgmt-config-authz-ldap	6.2.2	-	de943509475d50ef4b35abc829c304f0a35b7a15
org.apereo.cas	cas-mgmt-config-authz-ldap	6.2.3.1	-	14cb22b240b8e6917380f3d0768cebb631d26c5e
org.apereo.cas	cas-mgmt-config-authz-ldap	6.3.0	-	21f9854a9d83b0ec94ab2b3510b791cf7b3ed9b5
org.apereo.cas	cas-mgmt-config-authz-ldap	6.3.0-RC1	-	7e1f04b662bd2081b2603f76f0c8aabd778fac0e
org.apereo.cas	cas-mgmt-config-authz-ldap	6.3.1	-	070c854c69d1164f0b0ec831928e420bb078a5bb
org.apereo.cas	cas-mgmt-config-authz-ldap	6.3.10	-	a07cac32ec8974f1582d09cb122bd40f5d1da627
org.apereo.cas	cas-mgmt-config-authz-ldap	6.3.3	-	228eae1866cc1da43896e017ae1c983c679f5314
org.apereo.cas	cas-mgmt-config-authz-ldap	6.3.4	-	1dc42b7598afc119b7b1dc120af3a50c78ea08e6
org.apereo.cas	cas-mgmt-config-authz-ldap	6.3.5	-	4c8d1a962b58065607f3e8f89f16008f7fe9ee58
org.apereo.cas	cas-mgmt-config-authz-ldap	6.3.6	-	2afc6f8874df4e46cc3b990164527293d18acbe5
org.apereo.cas	cas-mgmt-config-authz-ldap	6.3.7	-	563ddd446512a117cbabb4be631a7eb1b11cb84e
org.apereo.cas	cas-mgmt-config-authz-ldap	6.3.8	-	8e4c3352a7208d29b36d8ffe7e56fb74d09b2332
org.apereo.cas	cas-mgmt-config-authz-ldap	6.3.9	-	f7e674e3292c3d72ad478fd08513fcbfd8ae6bed
org.apereo.cas	cas-mgmt-config-authz-ldap	6.4.0	-	957ebe694abdeea90c97656edd2d59fd9a816f30
org.apereo.cas	cas-mgmt-config-authz-ldap	6.4.1	-	377a092cc1b89020314329e579e06de1cb38fa2e
org.apereo.cas	cas-mgmt-config-authz-ldap	6.5.0	-	1aee6f677bc53e460c5881b251df8b17655f94bb
org.apereo.cas	cas-mgmt-config-authz-ldap	6.5.1	-	f5dd987ec2cdcf3730113e9f8b817218b02fb2d1
org.apereo.cas	cas-mgmt-config-authz-ldap	6.5.2	-	3400a54fa8601411bd5e6a200f14522d0463175b
org.apereo.cas	cas-mgmt-config-authz-ldap	6.5.3	-	a11b0c94a945c9aad51653cb6c0a489e4393b623
org.apereo.cas	cas-mgmt-config-authz-ldap	6.5.4	-	d2a2bf1b9680772eb1c127f31b31e5de40e4a946
org.apereo.cas	cas-mgmt-config-authz-ldap	6.5.5	-	5633dd932e6a0f5c392bb6f6c18cb8ec1ab5e48e
org.apereo.cas	cas-mgmt-config-authz-ldap	6.5.6	-	bb916adeaba995cb807cdc17036a76fa2eaea998
org.apereo.cas	cas-mgmt-config-authz-ldap	6.6.0	-	effb962f9036064e784376bfa37515676b61e422
org.apereo.cas	cas-mgmt-config-authz-ldap	6.6.1	-	cdc2cf0f234e2968e29b29b01850a890465786c2
org.apereo.cas	cas-mgmt-config-authz-ldap	6.6.2	-	8d0b719b4c2eb0d8ad6814b117c03987fbc32458
org.apereo.cas	cas-mgmt-config-authz-ldap	6.6.3	-	20896a026e682a51855b9d118426dbe676b078b1
org.apereo.cas	cas-mgmt-config-authz-ldap	6.6.4	-	9987ed265546aad1294b6920a342a43d9eab5431
org.apereo.cas	cas-server-support-configuration-cloud-rest	6.2.0	-	db90b4ad0ea635804db09fa99869cd752740bcac
org.apereo.cas	cas-server-support-configuration-cloud-rest	6.2.0-RC3	-	91b831b1a0d1aadd900bf4f73a1baf0e05b5219a
org.apereo.cas	cas-server-support-configuration-cloud-rest	6.2.0-RC4	-	5b73416aa4435726765fbcc4ccb30438fd412c6e
org.apereo.cas	cas-server-support-configuration-cloud-rest	6.2.0-RC5	-	f7548f4abee0e376e7f843b901b6a81beb3ac225
org.apereo.cas	cas-server-support-configuration-cloud-rest	6.2.1	-	510fc500379383f9d3e93abdfde5945be9fd1732
org.apereo.cas	cas-server-support-configuration-cloud-rest	6.2.2	-	6ce96c54967a4c214c5796c36cb93f17ec1998e7
org.apereo.cas	cas-server-support-configuration-cloud-rest	6.2.3	-	58640e86442eab414b4d7c98ca1231c41a8fde21
org.apereo.cas	cas-server-support-configuration-cloud-rest	6.2.4	-	9d1f43b65766a9b9a9ae89bcdc52749b0f5e4d29
org.apereo.cas	cas-server-support-configuration-cloud-rest	6.2.5	-	25df3f01f9f85d1298888eb97b473f07c3c191e8
org.apereo.cas	cas-server-support-configuration-cloud-rest	6.2.6	-	0d744fa7188050f1aae27e01a7975ac3f4f53f0e
org.apereo.cas	cas-server-support-configuration-cloud-rest	6.2.7	-	6abe298480198af91c734a251cdcc2c8111b9851
org.apereo.cas	cas-server-support-configuration-cloud-rest	6.2.8	-	f1fe92e495e90149b364f18e13a042396984c3f6
org.apereo.cas	cas-server-support-configuration-cloud-rest	6.3.0	-	e572dd0837b626c516966fe3f1ddd5a0883b2b08
org.apereo.cas	cas-server-support-configuration-cloud-rest	6.3.0-RC1	-	6d01cd9900524efdcb8f555bfc163e3ff2b6dfee
org.apereo.cas	cas-server-support-configuration-cloud-rest	6.3.0-RC2	-	3b0c372d3fba9b9db71b7f9d6975d781e29f39c2
org.apereo.cas	cas-server-support-configuration-cloud-rest	6.3.0-RC3	-	a27b0722a15435e6f5b247264bad481f382ff291
org.apereo.cas	cas-server-support-configuration-cloud-rest	6.3.0-RC4	-	1f2b4f121f8b2e82c94b8ccfb93ad8cbd2af0db0
org.apereo.cas	cas-server-support-configuration-cloud-rest	6.3.0-RC5	-	f0bad4e4a41dfb97d05bf6f8f39981e749c85075
org.apereo.cas	cas-server-support-configuration-cloud-rest	6.3.1	-	2a9804c1e24b6719dafcb3e31e6beed25d36f433
org.apereo.cas	cas-server-support-configuration-cloud-rest	6.3.2	-	4b29f806d889ea727a3c4ca4e20c6d91b5e1a85c
org.apereo.cas	cas-server-support-configuration-cloud-rest	6.3.3	-	9c4cb02a52e105c4e4586366305ed83b2308f723
org.apereo.cas	cas-server-support-configuration-cloud-rest	6.3.4	-	3c93fd86d399f904b77ed4867587adfd888230b5
org.apereo.cas	cas-server-support-configuration-cloud-rest	6.3.5	-	21e9203eddc76ff9b31f5d65cb7b0d1f646a180a
org.apereo.cas	cas-server-support-configuration-cloud-rest	6.3.6	-	f7a9b7cca3a45009ae1a73caa49a69b41e000bb9
org.apereo.cas	cas-server-support-configuration-cloud-rest	6.3.7	-	fb8c4a399828eddd1daf106a4f199683789214fb
org.apereo.cas	cas-server-support-configuration-cloud-rest	6.3.7.1	-	f88f110f500ea5647f0845d9822e928bd8d7d06d
org.apereo.cas	cas-server-support-configuration-cloud-rest	6.3.7.2	-	b3eebfe48bf9a2cb3b88ec14a5fcdb4389fc74d6
org.apereo.cas	cas-server-support-configuration-cloud-rest	6.3.7.3	-	bb06353b9d97928af1cfc7cdb5344779c93f909e
org.apereo.cas	cas-server-support-configuration-cloud-rest	6.3.7.4	-	b06a491376fca4e5a21b811f97b383fca65fab80
org.apereo.cas	cas-server-support-configuration-cloud-rest	6.4.0	-	796f2a28a36e69d26b4e4d53c111a2b527ad2e47
org.apereo.cas	cas-server-support-configuration-cloud-rest	6.4.0-RC1	-	7cd2a95af3f90dda3a43db6dec68635a03ccee7f
org.apereo.cas	cas-server-support-configuration-cloud-rest	6.4.0-RC2	-	650755d79f9dec51a0fb80f0109d0f9a132cdf16
org.apereo.cas	cas-server-support-configuration-cloud-rest	6.4.0-RC3	-	8352cb38936f49a7f4555b7deac5371c0c68a1d1
org.apereo.cas	cas-server-support-configuration-cloud-rest	6.4.0-RC4	-	4ea081e5ee984427c133c2c41f6fcaf8a14f5dd6
org.apereo.cas	cas-server-support-configuration-cloud-rest	6.4.0-RC5	-	859ec7129e1494ad2e1a245b81c83a7113e2fddc
org.apereo.cas	cas-server-support-configuration-cloud-rest	6.4.0-RC6	-	69e769b15c508367ef2a8c86167796da84af64df
org.apereo.cas	cas-server-support-configuration-cloud-rest	6.4.1	-	7930b6535ee9a06108aab17a322793f081281986
org.apereo.cas	cas-server-support-configuration-cloud-rest	6.4.2	-	932279747839d8c98fd5a9e24898ace7a5058517
org.apereo.cas	cas-server-support-configuration-cloud-rest	6.4.3	-	0ddde47c3031db98f8d8213fa4bda617de505523
org.apereo.cas	cas-server-support-configuration-cloud-rest	6.4.4	-	22952574b86af65fa10ee717a7143ab9561a688d
org.apereo.cas	cas-server-support-configuration-cloud-rest	6.4.4.1	-	37f9b30734b0a9d51442837bda281e81ae96c0cd
org.apereo.cas	cas-server-support-configuration-cloud-rest	6.4.4.2	-	f7eeb6d99a88833a166d2e2e185177d6b7b50e5b
org.apereo.cas	cas-server-support-configuration-cloud-rest	6.4.5	-	e41c4ff469286e22eaac939eea95c75a62c96b00
org.apereo.cas	cas-server-support-configuration-cloud-rest	6.4.6	-	618eb94ef6ec87104f7b56ae0bf0de85169454f9
org.apereo.cas	cas-server-support-configuration-cloud-rest	6.4.6.1	-	878376ca5c4c9280ac858f11e7dfd3565408254e
org.apereo.cas	cas-server-support-configuration-cloud-rest	6.4.6.2	-	0d8e2813a762314b55e14947bf0b9e649218b8ed
org.apereo.cas	cas-server-support-configuration-cloud-rest	6.4.6.3	-	65d5289e6cbf469752501c16b5fc6eb93fb4b5dd
org.apereo.cas	cas-server-support-configuration-cloud-rest	6.4.6.4	-	e3d0a3e7d5fe48b4cf8548ebfbcbe5b05107f164
org.apereo.cas	cas-server-support-configuration-cloud-rest	6.4.6.5	-	3cb2ba8c089c71a74a93b8b5bc42f8de0865b99d
org.apereo.cas	cas-server-support-configuration-cloud-rest	6.4.6.6	-	6369caa74552edc02797bacfd67a5523fc75c98b
org.apereo.cas	cas-server-support-configuration-cloud-rest	6.5.0	-	1e1f90f1404f2e8a8c7d2d822a8087bc874f6ec6
org.apereo.cas	cas-server-support-configuration-cloud-rest	6.5.0-RC1	-	d9b6292ccb5dd757d6af843c66b320d2d061e02c
org.apereo.cas	cas-server-support-configuration-cloud-rest	6.5.0-RC2	-	ca473a73b8068db39ebd202a23184dde95dcaaea
org.apereo.cas	cas-server-support-configuration-cloud-rest	6.5.0-RC3	-	16e64a8d765e47f0e855f9af838350e8bc630fac
org.apereo.cas	cas-server-support-configuration-cloud-rest	6.5.0-RC4	-	917f4fcb41a950f25d58387dff361b0edd9726f9
org.apereo.cas	cas-server-support-configuration-cloud-rest	6.5.0-RC5	-	7be93737ca2591b72002f254edc9693a2b024cb4
org.apereo.cas	cas-server-support-configuration-cloud-rest	6.5.1	-	d256ce662e759253085cd84154da123266eca3d6
org.apereo.cas	cas-server-support-configuration-cloud-rest	6.5.2	-	afbcd16d530d41fbbcc9cea7051b8d3f24343e5f
org.apereo.cas	cas-server-support-configuration-cloud-rest	6.5.3	-	2b85bee56286dc859ffcca52d9d0ad3ade9a2864
org.apereo.cas	cas-server-support-configuration-cloud-rest	6.5.4	-	454a15eef7f9f0a823f94c697a52b24598d4bce2
org.apereo.cas	cas-server-support-configuration-cloud-rest	6.5.5	-	495c250669a23ac69f29b8b7df51a19be91c0a95
org.apereo.cas	cas-server-support-configuration-cloud-rest	6.5.6	-	f63ec65aa00a140fccba687e15f1bba504bbd348
org.apereo.cas	cas-server-support-configuration-cloud-rest	6.5.7	-	e3a6ba6a2a21578685b8fe869ac81cb4c0a0de9a
org.apereo.cas	cas-server-support-configuration-cloud-rest	6.5.8	-	5c24f221985ae056dfad3b3bbd6ff649a74097d3
org.apereo.cas	cas-server-support-configuration-cloud-rest	6.5.9	-	329e684fac617cbadc4f975204a78cb294c08c07
org.apereo.cas	cas-server-support-configuration-cloud-rest	6.5.9.1	-	14b14320c40546932ab5da99d394096f9efac8a0
org.apereo.cas	cas-server-support-configuration-cloud-rest	6.5.9.2	-	25bfe0c2590f68b83fd5388cba4814cd6c55c6e9
org.apereo.cas	cas-server-support-configuration-cloud-rest	6.5.9.3	-	9df43a15323644bae9a00c1ae49338098760fe19
org.apereo.cas	cas-server-support-configuration-cloud-rest	6.5.9.4	-	ceb84952a1ce03d5c18cb4c1f5a22907c491d617
org.apereo.cas	cas-server-support-configuration-cloud-rest	6.6.0	-	43a64b149bd5f0cebee2ecd6dd91592837c5f067
org.apereo.cas	cas-server-support-configuration-cloud-rest	6.6.0-RC1	-	95f2b7465f458cbf2cf9afdb85b24c8066cc4988
org.apereo.cas	cas-server-support-configuration-cloud-rest	6.6.0-RC2	-	85d1ae3d5d62d167e4c35d28b5ea5a8fdb322838
org.apereo.cas	cas-server-support-configuration-cloud-rest	6.6.0-RC3	-	307692216d5cedec267142074b9d6c7d10a9116d
org.apereo.cas	cas-server-support-configuration-cloud-rest	6.6.0-RC4	-	313217ec2a2a1a719a52b0ed5b7e3160cad59333
org.apereo.cas	cas-server-support-configuration-cloud-rest	6.6.0-RC5	-	459a63064ef0a1ff1bf29f1b1b29b9f8aac095a9
org.apereo.cas	cas-server-support-configuration-cloud-rest	6.6.1	-	f8a499494f1d8f972cf11af6a61751e0d2e17edf
org.apereo.cas	cas-server-support-configuration-cloud-rest	6.6.10	-	f3463d02f57edb6e5323607305751fc2aac1dea3
org.apereo.cas	cas-server-support-configuration-cloud-rest	6.6.11	-	81669fee40e685fc43e07c24700ba21a81c55b57
org.apereo.cas	cas-server-support-configuration-cloud-rest	6.6.12	-	5e5f5f654a86ac12c2d698aeab9da6bf530b4222
org.apereo.cas	cas-server-support-configuration-cloud-rest	6.6.13	-	743f6363ace19bd54ef41d17287cae929833f7a8
org.apereo.cas	cas-server-support-configuration-cloud-rest	6.6.14	-	388cee227a67248eafdd0be719555db1586a96d6
org.apereo.cas	cas-server-support-configuration-cloud-rest	6.6.15	-	38016c27a72cd1ea3d9082352506b4f3e4daa621
org.apereo.cas	cas-server-support-configuration-cloud-rest	6.6.15.1	-	e221597e3b1dd8c27b5a108cc444a83a63cd0186
org.apereo.cas	cas-server-support-configuration-cloud-rest	6.6.15.2	-	e287c24f5bd813f8540d8ed64b8ff101edd44e5f
org.apereo.cas	cas-server-support-configuration-cloud-rest	6.6.2	-	43fec16e05e0bd4463ab77dabd20b5eb15891133
org.apereo.cas	cas-server-support-configuration-cloud-rest	6.6.3	-	9bc0d52c33897807282f329f7656fa6bc8f0b2d9
org.apereo.cas	cas-server-support-configuration-cloud-rest	6.6.4	-	d7aef9f8a3c1ad769ba9871d0b36468dfd7ce00c
org.apereo.cas	cas-server-support-configuration-cloud-rest	6.6.5	-	052fe09ebad44e38d4b588dfaca8e9e2775a6286
org.apereo.cas	cas-server-support-configuration-cloud-rest	6.6.6	-	7d818fd8435929ae02412304e252ddc8ba4447f3
org.apereo.cas	cas-server-support-configuration-cloud-rest	6.6.7	-	13c222f2e8dad2ced6303404773f7785dfffb483
org.apereo.cas	cas-server-support-configuration-cloud-rest	6.6.8	-	fd74ac616e0f0353c414e83ab2c58dc109be65fb
org.apereo.cas	cas-server-support-configuration-cloud-rest	6.6.9	-	3b74fe90764742eb7ffc445e664ee5808da5e7d2
org.apereo.cas	cas-server-support-configuration-cloud-rest	7.0.0	-	e43f1ac10c69fa9d3e1a160840a6230d66c09598
org.apereo.cas	cas-server-support-configuration-cloud-rest	7.0.0-RC1	-	ddc06ef89bcbc4efe6ca0c22735231241b7bbaf9
org.apereo.cas	cas-server-support-configuration-cloud-rest	7.0.0-RC2	-	0d750506245dfadbc2f4ce8214f6be36923cbe73
org.apereo.cas	cas-server-support-configuration-cloud-rest	7.0.0-RC3	-	cd078447115c812f929d38a68537bb19a593f40c
org.apereo.cas	cas-server-support-configuration-cloud-rest	7.0.0-RC4	-	8040f3eb6756d8cccdc9969ad7f9ed5449844724
org.apereo.cas	cas-server-support-configuration-cloud-rest	7.0.0-RC5	-	14ccd9cb9b866634c39aa559a22b7cf83812dc90
org.apereo.cas	cas-server-support-configuration-cloud-rest	7.0.0-RC6	-	2417705fa43aa09b961bb39ea07b5959800255b3
org.apereo.cas	cas-server-support-configuration-cloud-rest	7.0.0-RC7	-	bd2b1bcef6b020b11bf18386d57bf6b4b75ec1dd
org.apereo.cas	cas-server-support-configuration-cloud-rest	7.0.0-RC8	-	dadd3f94bcdebacad1750c276984a57ae0cb2d17
org.apereo.cas	cas-server-support-configuration-cloud-rest	7.0.0-RC9	-	f2b09b4819196f0998dbab23b5ce2e22ff789559
org.apereo.cas	cas-server-support-configuration-cloud-rest	7.0.1	-	2c6e4c016504b4da9fed902e45287bbc35bbed3a
org.apereo.cas	cas-server-support-configuration-cloud-rest	7.0.10	-	ee3b3982641b576eebb81670bb814d0e4f7c89a2
org.apereo.cas	cas-server-support-configuration-cloud-rest	7.0.10.1	-	c2c070c6156ea9c3b20fea71e0662d9b9f2d8eba
org.apereo.cas	cas-server-support-configuration-cloud-rest	7.0.2	-	2bf545b301e2f875e589105615e73f363b2cc712
org.apereo.cas	cas-server-support-configuration-cloud-rest	7.0.3	-	23e1fdc5c9b4ca54b4d60cf1f19fceffdf75a259
org.apereo.cas	cas-server-support-configuration-cloud-rest	7.0.4	-	5d217776ad7b80f962f2f259989be09da436fdb1
org.apereo.cas	cas-server-support-configuration-cloud-rest	7.0.4.1	-	96098b1d779624e45cb8aa29b9b8b375d458e8cf
org.apereo.cas	cas-server-support-configuration-cloud-rest	7.0.5	-	eb34745cd1cda4dc07b9776f015d6bef7d8ca70b
org.apereo.cas	cas-server-support-configuration-cloud-rest	7.0.5.1	-	5705ba673335335eea4cfa2819d299b99e4ff6d3
org.apereo.cas	cas-server-support-configuration-cloud-rest	7.0.6	-	29baa7806e949c735c8cb00c464ff71709b13fef
org.apereo.cas	cas-server-support-configuration-cloud-rest	7.0.7	-	24b506a4080e2780af35cb621c264d7dba5c309e
org.apereo.cas	cas-server-support-configuration-cloud-rest	7.0.8	-	4e66a8696b19772d0421ff59dc088870fff69b35
org.apereo.cas	cas-server-support-configuration-cloud-rest	7.0.9	-	03ad346535c9e78a5963d61ea96543c856df02a9
org.apereo.cas	cas-server-support-configuration-cloud-rest	7.1.0	-	8037282ead37f4d6cb014b5fd9567dee4a5d20d8
org.apereo.cas	cas-server-support-configuration-cloud-rest	7.1.0-RC1	-	08168e9eed9d72c3b95203c7ed5308c9755e8901
org.apereo.cas	cas-server-support-configuration-cloud-rest	7.1.0-RC2	-	f074343a9476a5607930c38a9770ee435efbe277
org.apereo.cas	cas-server-support-configuration-cloud-rest	7.1.0-RC3	-	160fed3ad973e96af9db676c44d3110bb70f40ec
org.apereo.cas	cas-server-support-configuration-cloud-rest	7.1.0-RC4	-	f216e643facdabd1ab215ea04fdead1268445ea3
org.apereo.cas	cas-server-support-configuration-cloud-rest	7.1.0-RC5	-	e37cabfedb6ad934a8b90ccc911023063bcd7d4f
org.apereo.cas	cas-server-support-configuration-cloud-rest	7.1.0-RC6	-	637b33d68f1053a37eb5c3bfbd5c7a53c43cbd69
org.apereo.cas	cas-server-support-configuration-cloud-rest	7.1.1	-	a4ee2b477b876325e27b33c467c79bc1ed12ac39
org.apereo.cas	cas-server-support-configuration-cloud-rest	7.1.2	-	36bc35297d34fc116332a3471979cd2fcc40bb6d
org.apereo.cas	cas-server-support-configuration-cloud-rest	7.1.3	-	8af54c745d8b0d827388155918292839db10d568
org.apereo.cas	cas-server-support-configuration-cloud-rest	7.1.4	-	663aa90deefe212b7d619f1bdb967c59e97d7c69
org.apereo.cas	cas-server-support-configuration-cloud-rest	7.1.5	-	4d66437b6f4e6f0fd18a5cf2cdea061f1bb1c713
org.apereo.cas	cas-server-support-configuration-cloud-rest	7.1.6	-	c05b92e1649de91fd866af9d9e24511b63245953
org.apereo.cas	cas-server-support-configuration-cloud-rest	7.2.0	-	5b90d862cb9645dc08fbcc6eb7c1de1784d9d3f6
org.apereo.cas	cas-server-support-configuration-cloud-rest	7.2.0-RC1	-	e47d90ad3a6bfe73945c0e3e53340153a7dfc2d2
org.apereo.cas	cas-server-support-configuration-cloud-rest	7.2.0-RC2	-	c9d59eb20bc61232b1ae27a896417f7982522a7f
org.apereo.cas	cas-server-support-configuration-cloud-rest	7.2.0-RC3	-	8d7ce8adda9a1ca0d13a11a3aa05e8262742af34
org.apereo.cas	cas-server-support-configuration-cloud-rest	7.2.0-RC4	-	74b5dac52312fb9b55673a516ae7c370b3c790ef
org.apereo.cas	cas-server-support-configuration-cloud-rest	7.2.0-RC5	-	a31d5527f10bb347eecbcbdfab756cbcd812ca81
org.apereo.cas	cas-server-support-configuration-cloud-rest	7.2.0-RC6	-	896f7d14d5165803fb2dfd49b07fcedfb982b8f0
org.apereo.cas	cas-server-support-configuration-cloud-rest	7.2.1	-	95f5d6c1138c1f4a44255312e6b5c7066f7e5a13
org.apereo.cas	cas-server-support-configuration-cloud-rest	v6.4.0-RC5	-	c155fa29ffaf02a3fec02d4dbfe2d67896d08fee
org.apereo.cas	cas-server-support-configuration-cloud-rest	v6.4.0-RC6	-	757094592a8dd3b31db7ae51c885046524d32773
org.axonframework.extensions.reactor	axon-reactor-spring-boot-starter	4.10.0	-	a821506d4d3de71722bb912cb843b811fdf156b7
org.axonframework.extensions.reactor	axon-reactor-spring-boot-starter	4.11.0	-	c71faf0809c698673cec3e508994f72d0c05b088
org.axonframework.extensions.reactor	axon-reactor-spring-boot-starter	4.4.2	-	18072c65a6c709ce97ebc915984bfcf6d223f324
org.axonframework.extensions.reactor	axon-reactor-spring-boot-starter	4.4.3	-	487642323048f01b20fd0fc6dad2a5a55f691d37
org.axonframework.extensions.reactor	axon-reactor-spring-boot-starter	4.5	-	035849c98189609b9d6ac5876aad27b3000f5c06
org.axonframework.extensions.reactor	axon-reactor-spring-boot-starter	4.5.1	-	0d1ae731af9141977cd37e3e91d399a524c80b3f
org.axonframework.extensions.reactor	axon-reactor-spring-boot-starter	4.6.0	-	b69c4c5d1c563006a8aa4a8f166a5a017df0a0e8
org.axonframework.extensions.reactor	axon-reactor-spring-boot-starter	4.7.0	-	b8a68259f1c736a1812ab3df994dc4d25df4b689
org.axonframework.extensions.reactor	axon-reactor-spring-boot-starter	4.8.0	-	556eb4d9799d44b4184f27c42e7f24a9af229c40
org.axonframework.extensions.reactor	axon-reactor-spring-boot-starter	4.8.1	-	799e378740483b12961827ad5f2141f3f578bd67
org.axonframework.extensions.reactor	axon-reactor-spring-boot-starter	4.9.0	-	3e51bad1b63ab0fd53aa9e4521586fd3b9b3dd6d
org.backuity	matchete-macros_2.11	1.14	-	7ec6d6c9df34ccd7441823f3bca5e7d48aca0974
org.backuity	matchete-macros_2.11	1.15	-	2879e20faa6a0ab10aec7ff3894d3ec07337a322
org.backuity	matchete-macros_2.11	1.16	-	7d0142f3cd1a9ba584d64ee6baeecf9f6b5e80d3
org.backuity	matchete-macros_2.11	1.17	-	f3aecb91d46e69cb139c0e1c767b95cbb8995d4c
org.backuity	matchete-macros_2.11	1.18	-	0d6f442047dfd07093da84c5bebbf5a306d4aae5
org.backuity	matchete-macros_2.11	1.19	-	5dc8fa8852cecc1fea8b85f52e9091c551902d0c
org.backuity	matchete-macros_2.11	1.20	-	52d194cb615aa22522aee7cc3cd1b3e31680643a
org.backuity	matchete-macros_2.11	1.21	-	e29d80ae91cc8d0016fde9a83bd25c9b460dd869
org.backuity	matchete-macros_2.11	1.22	-	ce87887e16e9d5631aa9da5f3419672fca135c1a
org.backuity	matchete-macros_2.11	1.23	-	f5572e1fafac0f05635dfe0a4e12d3297b0d4284
org.backuity	matchete-macros_2.11	1.24	-	6138b0f181fbf7c99a3cae5b304995ed078680dc
org.backuity	matchete-macros_2.11	1.25	-	d56cf11bc43d3d30b32515c24c2c47fd0119f6b2
org.backuity	matchete-macros_2.11	1.26	-	187535cb02e780e14932f80178b65bf7adee36c5
org.beangle.webui	beangle-webui-showcase_2.13	0.3.30	-	0ba25edf122d8fc72190df4d227c2c8a2f044af9
org.beangle.webui	beangle-webui-showcase_2.13	0.3.31	-	ae428bc5a5a5d226dec4a43e005b17e56476f2c9
org.beangle.webui	beangle-webui-showcase_2.13	0.3.32	-	5dee1bd7f6198e1ba46fa6de7f1bc7b2f9e79772
org.beangle.webui	beangle-webui-showcase_2.13	0.3.33	-	f4fd28e6a6de4d2dbf17d40eca19439bdd8ded0d
org.beangle.webui	beangle-webui-showcase_2.13	0.3.34	-	bb837f6c0aa90e4ca3918486f1304af48dcbf022
org.beangle.webui	beangle-webui-showcase_2.13	0.3.35	-	d2085d939dfcfe42956bc60723a220a3bac26c63
org.beangle.webui	beangle-webui-showcase_2.13	0.3.36	-	9c87d2802b3ecf3a814e673d5b41b2ef08001d56
org.beangle.webui	beangle-webui-showcase_2.13	0.3.37	-	f8966690d32d8be76d308494f2a61944beba7e7c
org.beangle.webui	beangle-webui-showcase_2.13	0.3.38	-	229283f1b5bf12d3bc4c782954312f87f7214b6f
org.beangle.webui	beangle-webui-showcase_2.13	0.3.39	-	e04eab7f2a6a9c0c1df6dc54d0e487b7a091209d
org.beangle.webui	beangle-webui-showcase_2.13	0.3.40	-	c8be424d5ba9964598a045166f1cea516fb2ca8b
org.beangle.webui	beangle-webui-showcase_2.13	0.3.41	-	8a7293390c8e6c60cb58d54a60e9c17e0827c563
org.beangle.webui	beangle-webui-showcase_2.13	0.3.42	-	ee0ca0d8264d77530b660a4c55b2864a5d27199a
org.beangle.webui	beangle-webui-showcase_2.13	0.3.43	-	cad496acbc6f30ae3bf05bf03fa0af1198f6a9b9
org.beangle.webui	beangle-webui-showcase_2.13	0.3.44	-	a1fda7762aa942fd4d8f0d6a9c278821d2d41f53
org.beangle.webui	beangle-webui-showcase_2.13	0.3.45	-	d75d4e2400c33bf8c55d7bb1c7df9dbdf4c12928
org.beangle.webui	beangle-webui-showcase_2.13	0.3.46	-	85fb47cccff050a4dfeb0f301f05c15889180da5
org.beangle.webui	beangle-webui-showcase_2.13	0.3.47	-	34dfec5c8c1995551286d5317e55fa0e0349bdd5
org.beangle.webui	beangle-webui-showcase_2.13	0.3.48	-	fba4783f9fa698170a3b6f2eb522551b40c3b5f0
org.beangle.webui	beangle-webui-showcase_2.13	0.3.49	-	52d66638a7f67fb9544c689c26d8ed68d551bf34
org.beangle.webui	beangle-webui-showcase_2.13	0.3.50	-	e8bf87d881dace6feaaed000ae01f04b2700f9cc
org.brickred	socialauth-seam	1.2-beta1	-	29497e857e1fd1b314e1ee47fa0891a9fc2183cc
org.brickred	socialauth-seam	2.0	-	73661e5cee9ec4014c69700357fc6dde5615a0d4
org.brickred	socialauth-seam	2.0-beta1	-	a0c5a8d0b45d87214185ae3cf84cd5eec75a5f69
org.brickred	socialauth-seam	2.1	-	6007740d2e7d4388154448dd5647acec94fa9e7b
org.camunda.bpm.extension.swagger	camunda-bpm-swagger-rest-docs	7.8.0	-	7fefb3d1cc344607bacf7f69d3d6de609d367a0f
org.cloudfoundry.multiapps	multiapps-controller-database-migration	1.107.0	-	02724854b8d14ecfa7f93ad75043b3069b60efdf
org.cloudfoundry.multiapps	multiapps-controller-database-migration	1.107.1	-	d52fa9701263059659da7603659e7635849c4bf7
org.cloudfoundry.multiapps	multiapps-controller-database-migration	1.108.0	-	8594b1a19014a26d1987e126ab1233a5b42b37cc
org.cloudfoundry.multiapps	multiapps-controller-database-migration	1.108.1	-	5f775c5a312ad96a256c63151cd21e3da44efe20
org.cloudfoundry.multiapps	multiapps-controller-database-migration	1.109.0	-	4eb7e6efd756f9a323c247aac9c2c708adfbd3d1
org.cloudfoundry.multiapps	multiapps-controller-database-migration	1.110.0	-	f1a7ad666e9044a7da31229fa418c2739c2eeb74
org.cloudfoundry.multiapps	multiapps-controller-database-migration	1.110.1	-	b16bb00e402b55988b809ac4d8a8d2319f00a1e2
org.cloudfoundry.multiapps	multiapps-controller-database-migration	1.110.2	-	bf5cfb943e292db654ad55b38ccf894c6d29940d
org.cloudfoundry.multiapps	multiapps-controller-database-migration	1.111.1	-	bdda33bd5f355d54203184cf82804c9b24f793ab
org.cloudfoundry.multiapps	multiapps-controller-database-migration	1.111.2	-	470508afac91475f529330891fe8cac467852d31
org.cloudfoundry.multiapps	multiapps-controller-database-migration	1.111.3	-	b31064a0b51bcdeb0565386a0b9cd77e9afb5cc4
org.cloudfoundry.multiapps	multiapps-controller-database-migration	1.112.0	-	288b0cf55a2f06440ec2b017b0cbe33c27637ed9
org.cloudfoundry.multiapps	multiapps-controller-database-migration	1.112.1	-	b858cc82967c35b5ff38de2289de9d565c9d442b
org.cloudfoundry.multiapps	multiapps-controller-database-migration	1.112.2	-	c0061e99eae3d3891a80d5aa9af7c183055a4a7e
org.cloudfoundry.multiapps	multiapps-controller-database-migration	1.113.0	-	caa06e8ce62e86529e96a2c321c52e5da4cc017f
org.cloudfoundry.multiapps	multiapps-controller-database-migration	1.113.1	-	8304ac0e13c281aa831fa5ffc34dea10a31dc6fe
org.cloudfoundry.multiapps	multiapps-controller-database-migration	1.113.2	-	12aaa10fb0403d7e98aa2d4d03f772eff16afcd8
org.cloudfoundry.multiapps	multiapps-controller-database-migration	1.114.0	-	d4b397c3df27324b3edb40d69062aced9ddcf86d
org.cloudfoundry.multiapps	multiapps-controller-database-migration	1.114.1	-	509faa10d5c64a72861cbe5cb3d89c8edfe5fd44
org.cloudfoundry.multiapps	multiapps-controller-database-migration	1.115.0	-	091476a1e16daa55dec29f4d6f0cc1200d5dd5c1
org.cloudfoundry.multiapps	multiapps-controller-database-migration	1.115.1	-	7e37120f53c2a1ff6aad2a3bc9ccd8a8f07870c6
org.cloudfoundry.multiapps	multiapps-controller-database-migration	1.115.2	-	7d47b6c8726c311a120b684d503a5f54d67f871b
org.cloudfoundry.multiapps	multiapps-controller-database-migration	1.116.0	-	fbdf4d836070a2a0e9dbabaa3d3c925ab16b6531
org.cloudfoundry.multiapps	multiapps-controller-database-migration	1.117.0	-	bda80e8154be310ddaa980fdbbaab6098b7b9380
org.cloudfoundry.multiapps	multiapps-controller-database-migration	1.118.0	-	afba7ec4da50731a6baf89cf6397f29a278bd857
org.cloudfoundry.multiapps	multiapps-controller-database-migration	1.119.0	-	472bb01758be7774978d257518ec841800706a23
org.cloudfoundry.multiapps	multiapps-controller-database-migration	1.119.1	-	fbc0328e2f6ca99efbde029b88bb284b0f11d346
org.cloudfoundry.multiapps	multiapps-controller-database-migration	1.119.2	-	fc7980bb3d755ccdec8e81f1872e52413e171e04
org.cloudfoundry.multiapps	multiapps-controller-database-migration	1.120.0	-	4ad4befc8a622ea64d638d2dfc66c90b71f2337f
org.cloudfoundry.multiapps	multiapps-controller-database-migration	1.120.1	-	d423e2e18855eda9f0bbc57365181a0c7020d3bc
org.cloudfoundry.multiapps	multiapps-controller-database-migration	1.121.0	-	e3937ac529252a0fd836f2871f17ad7e24f47cc1
org.cloudfoundry.multiapps	multiapps-controller-database-migration	1.121.1	-	ddf5d6b0ea92942fef8df6389781fefb6e5dcc09
org.cloudfoundry.multiapps	multiapps-controller-database-migration	1.121.2	-	289f8183d9ce8a84a874718543bbf94e13c3707f
org.cloudfoundry.multiapps	multiapps-controller-database-migration	1.121.3	-	c7f5845e19e62449e0c60c97301d003bad23a5cd
org.cloudfoundry.multiapps	multiapps-controller-database-migration	1.122.0	-	997b88659700fe31d1c1c855ee6fb84cbec5a1a8
org.cloudfoundry.multiapps	multiapps-controller-database-migration	1.122.1	-	292b220dc84adf2dba82b0ae5db262858a0e9205
org.cloudfoundry.multiapps	multiapps-controller-database-migration	1.123.0	-	3174d0cfabceff0825e025b585fd44f01012c318
org.cloudfoundry.multiapps	multiapps-controller-database-migration	1.124.0	-	0181eecfe83d502513639bf2d5793b3189028e62
org.cloudfoundry.multiapps	multiapps-controller-database-migration	1.124.1	-	c5a0895bf20379906016dc5b2491adf2be6bab74
org.cloudfoundry.multiapps	multiapps-controller-database-migration	1.125.0	-	7ebefc26c51a87016d6238f7a3132b9d06421f26
org.cloudfoundry.multiapps	multiapps-controller-database-migration	1.126.0	-	c90c05fbb86edc8d9731e39ff0ee03241fe0eb61
org.cloudfoundry.multiapps	multiapps-controller-database-migration	1.126.1	-	b2643bf6bda3e60e6f86a8951c89334085800b95
org.cloudfoundry.multiapps	multiapps-controller-database-migration	1.127.0	-	37fdb462880daed182b29e51df5a8e3581aba797
org.cloudfoundry.multiapps	multiapps-controller-database-migration	1.127.1	-	8733ce6b11e57995246b7cd41f61b53b1ea9e1a7
org.cloudfoundry.multiapps	multiapps-controller-database-migration	1.128.0	-	a8e0ecfc6bc03aeff06642b5acaef22b0fe7af0e
org.cloudfoundry.multiapps	multiapps-controller-database-migration	1.129.0	-	5ec7a3e20fc03e807c3c7efc2e918fcb32d0e3f9
org.cloudfoundry.multiapps	multiapps-controller-database-migration	1.130.0	-	8299860bc0391205e2c6c03c2c017e9ed625154b
org.cloudfoundry.multiapps	multiapps-controller-database-migration	1.130.1	-	b67cef40161ea56b52da854d416c6c592241d043
org.cloudfoundry.multiapps	multiapps-controller-database-migration	1.131.0	-	689388696e57a0f26d187c194ef6492c3e516c7b
org.cloudfoundry.multiapps	multiapps-controller-database-migration	1.131.1	-	fc14b5a0feec2117c9064dcc093a46a227a481e3
org.cloudfoundry.multiapps	multiapps-controller-database-migration	1.131.2	-	1f4bf4bb2b88740e216de389b42de93a772a76f0
org.cloudfoundry.multiapps	multiapps-controller-database-migration	1.132.0	-	27d86b74b98fc9e278f187015b4728c694a8ac64
org.cloudfoundry.multiapps	multiapps-controller-database-migration	1.132.1	-	5ea55bbcb0bb04038d51e3f65e55c8e67d7ed1c4
org.cloudfoundry.multiapps	multiapps-controller-database-migration	1.133.0	-	b3adcd78a313618458f0f9ae3d68515f33e101ec
org.cloudfoundry.multiapps	multiapps-controller-database-migration	1.134.0	-	0e692cf6a22602672fba6684d221578f5e20e9d9
org.cloudfoundry.multiapps	multiapps-controller-database-migration	1.134.1	-	cd8697cd87679eac4b3aff7b2771c1cd7596949a
org.cloudfoundry.multiapps	multiapps-controller-database-migration	1.135.0	-	23584c5228dcc8bcbde46c22dac75d71e76ed445
org.cloudfoundry.multiapps	multiapps-controller-database-migration	1.136.0	-	9b6f484997c1d567b917a521a14f7881bade1b54
org.cloudfoundry.multiapps	multiapps-controller-database-migration	1.136.1	-	f7314f696e090c72b49e1167c2f8a16dbd2759ad
org.cloudfoundry.multiapps	multiapps-controller-database-migration	1.137.0	-	7b2b63af775a8b073f5f54b36c666dd2e94dfb30
org.cloudfoundry.multiapps	multiapps-controller-database-migration	1.138.0	-	244d56c0e425bea6a520ec90f2297f6379eacb0b
org.cloudfoundry.multiapps	multiapps-controller-database-migration	1.139.0	-	8f2b2c4e7e5493dbf7e5b85cc64149c172b236fe
org.cloudfoundry.multiapps	multiapps-controller-database-migration	1.139.1	-	322b2624367c38f8a4f497c16220a066bbdf387b
org.cloudfoundry.multiapps	multiapps-controller-database-migration	1.139.2	-	4617e1b4312ed3b2a7192ec58bed6b0d75b7b318
org.cloudfoundry.multiapps	multiapps-controller-database-migration	1.140.0	-	3aede40e2a58724866be1b5c2e977fbc768f0b70
org.cloudfoundry.multiapps	multiapps-controller-database-migration	1.140.1	-	6015697c8212f85c4a56fcb1615b90e14c21ee33
org.cloudfoundry.multiapps	multiapps-controller-database-migration	1.141.0	-	90125abac7ae6067489dda01690e12cab8508d72
org.cloudfoundry.multiapps	multiapps-controller-database-migration	1.141.1	-	ba228f3d3be56ee12e7114dfe63c5c2e6c6269fb
org.cloudfoundry.multiapps	multiapps-controller-database-migration	1.142.0	-	d561dd9cc225bda6f6c6c6c1605877be47bdabf0
org.cloudfoundry.multiapps	multiapps-controller-database-migration	1.142.1	-	4f9989a2991c06716c9dd2f055b39d6d1ab42f97
org.cloudfoundry.multiapps	multiapps-controller-database-migration	1.143.0	-	76ce8ffd37662b6d1de361dde3eff706babc8927
org.cloudfoundry.multiapps	multiapps-controller-database-migration	1.143.2	-	6fe59f94d4a7a6f147e0c24c0d34f1aef17701aa
org.cloudfoundry.multiapps	multiapps-controller-database-migration	1.143.3	-	6826768269ff47a70bbf7cbf17a08e6ee0882a15
org.cloudfoundry.multiapps	multiapps-controller-database-migration	1.144.0	-	2712416708930d9eb55550489f19848678f16ba6
org.cloudfoundry.multiapps	multiapps-controller-database-migration	1.145.0	-	fa992d771e6526e1d28dc8a48818855d07537f25
org.cloudfoundry.multiapps	multiapps-controller-database-migration	1.146.0	-	a4c6fca0e2ae8f4558b281ffa2e801b3f0207bbe
org.cloudfoundry.multiapps	multiapps-controller-database-migration	1.147.0	-	0a4cf6f1976d4267b1e7257e101bcbe493187370
org.cloudfoundry.multiapps	multiapps-controller-database-migration	1.148.0	-	e341e07dd1a7238595700bc0bbc37f7558fc1788
org.cloudfoundry.multiapps	multiapps-controller-database-migration	1.149.0	-	eb0a6da765b38ed3c7da2e8e0143ab85b73b5803
org.cloudfoundry.multiapps	multiapps-controller-database-migration	1.149.1	-	87cdefe17c92032e91e438e2798186a4e8bb3714
org.cloudfoundry.multiapps	multiapps-controller-database-migration	1.150.0	-	df1d7184a1ac17028aa3fcb251bfe5e6439b7d60
org.cloudfoundry.multiapps	multiapps-controller-database-migration	1.151.0	-	ed35fbf0e95ba6276549578c7846ef11cb596cee
org.cloudfoundry.multiapps	multiapps-controller-database-migration	1.152.0	-	6064dce3f4de7efac313ebe10f87a555199ec260
org.cloudfoundry.multiapps	multiapps-controller-database-migration	1.152.1	-	9255fa0810202b6623735e7d1bf66ae346a5645f
org.cloudfoundry.multiapps	multiapps-controller-database-migration	1.152.2	-	77eb946ee31487e5c5d3e8cfa69b06bec7a49278
org.cloudfoundry.multiapps	multiapps-controller-database-migration	1.153.0	-	11efcd9601c77598839cc65de3dd57cde48cfb19
org.cloudfoundry.multiapps	multiapps-controller-database-migration	1.154.0	-	74ffa8b2a903a67147a068091761a9e2d750fcd1
org.cloudfoundry.multiapps	multiapps-controller-database-migration	1.155.0	-	77811ea6014997f404ec5cf9562164a16dbc55e3
org.cloudfoundry.multiapps	multiapps-controller-database-migration	1.156.0	-	335da6a39865a6dfbbe811622b349b8380689fed
org.cloudfoundry.multiapps	multiapps-controller-database-migration	1.157.0	-	1bdf191d6a6e716ead463cdd622c5b616ad2a788
org.cloudfoundry.multiapps	multiapps-controller-database-migration	1.158.0	-	413ac11d8cbcf360bd13c302472f9443812ba8b7
org.cloudfoundry.multiapps	multiapps-controller-database-migration	1.159.0	-	bb2f1db68f99961f039a4e5640fcc88551465e27
org.cloudfoundry.multiapps	multiapps-controller-database-migration	1.160.0	-	c58dbed3356dd8e1e138722d854e817f35a14199
org.cloudfoundry.multiapps	multiapps-controller-database-migration	1.161.0	-	046f9c76722994af4a6e66a8904f49d13db3e9a6
org.cloudfoundry.multiapps	multiapps-controller-database-migration	1.162.0	-	12e170c587519d8d217f21083b2d5a929f0d3c89
org.cloudfoundry.multiapps	multiapps-controller-database-migration	1.162.1	-	8f1d15887febb3ab032bb8fb04729035c0e8e526
org.cloudfoundry.multiapps	multiapps-controller-database-migration	1.163.0	-	f2d13e8cb74554677943e10397f9d774adb79a06
org.cloudfoundry.multiapps	multiapps-controller-database-migration	1.164.0	-	cb483928fec479a7608b6f8dff59504ef7802bbc
org.cloudfoundry.multiapps	multiapps-controller-database-migration	1.164.1	-	e5d93d19b53ab09b2afaa70930f32e3bcfd1e7fd
org.cloudfoundry.multiapps	multiapps-controller-database-migration	1.164.2	-	4e6f82d8070dc51c70e9c3a8fb582b1b2c2e4939
org.cloudfoundry.multiapps	multiapps-controller-database-migration	1.165.0	-	de026e0c830f3457de78ffd218b91d5eba183542
org.cloudfoundry.multiapps	multiapps-controller-database-migration	1.165.1	-	ddd13493550cc6ba475e086ccc0c45abdfca7220
org.cloudfoundry.multiapps	multiapps-controller-database-migration	1.165.2	-	71e65a0b596ffe6d994163cff7515ca4cf5aa1c5
org.cloudfoundry.multiapps	multiapps-controller-database-migration	1.165.65	-	ad0a0c13d7803a7109f57eb1a30864391dcfc5f0
org.cloudfoundry.multiapps	multiapps-controller-database-migration	1.166.0	-	18f8c7ec290edd17d6de3331de92706bf3155f32
org.cloudfoundry.multiapps	multiapps-controller-database-migration	1.167.0	-	a80e24e9caf45e2793a6a609487cffd8b4822a0d
org.cloudfoundry.multiapps	multiapps-controller-database-migration	1.168.0	-	d312d01ac73cc674f8d7c92ac72df3b0b92c7995
org.cloudfoundry.multiapps	multiapps-controller-database-migration	1.169.0	-	4c6624d4758be7a51c027053be732c1d11d3bd4b
org.cloudfoundry.multiapps	multiapps-controller-database-migration	1.169.1	-	f397f85117331d0d59fcbe04a008364de6328483
org.cloudfoundry.multiapps	multiapps-controller-database-migration	1.170.0	-	d5d0b219677f77089c95be73f7466571d30ae731
org.cloudfoundry.multiapps	multiapps-controller-database-migration	1.170.1	-	45c04ff82f7bd193513ba007fd2496a106be717b
org.cloudfoundry.multiapps	multiapps-controller-database-migration	1.171.0	-	f6abf45092dbc69a8fe33eda24987bf278ab03f8
org.cloudfoundry.multiapps	multiapps-controller-database-migration	1.172.0	-	a67348ce9168ce8f910a3933aba6fb08debec8bc
org.cloudfoundry.multiapps	multiapps-controller-database-migration	1.173.0	-	9c6dcb25bd187fb39cab14a7a9405958cbadccb1
org.cloudfoundry.multiapps	multiapps-controller-database-migration	1.173.1	-	88ba0390474930e02a095714a7e8d87195d30c36
org.cloudfoundry.multiapps	multiapps-controller-database-migration	1.173.2	-	fcc0e784082698d7963c2ad2c5eff340e9d4c54c
org.cloudfoundry.multiapps	multiapps-controller-database-migration	1.174.0	-	457f780c8dd58d5c8b59fd08ee251e98b05b0898
org.cloudfoundry.multiapps	multiapps-controller-database-migration	1.174.1	-	5ee2d34ff5925c33f14a019a11b7b3efd26f3bfb
org.cloudfoundry.multiapps	multiapps-controller-database-migration	1.175.0	-	2032ef90b3c72dc9e36209fe1788ccb3d7c7d661
org.cloudfoundry.multiapps	multiapps-controller-database-migration	1.176.0	-	a2cdf88b7c03f3c277c0e82af9a6b38688514b66
org.cloudfoundry.multiapps	multiapps-controller-database-migration	1.177.0	-	923e4c1055555e0b1b38ac61f4d4b92584417724
org.cloudfoundry.multiapps	multiapps-controller-database-migration	1.178.0	-	e31603059c1c73ed92f62dff163eb675ecb5d0b4
org.cloudfoundry.multiapps	multiapps-controller-database-migration	1.179.0	-	80ffb0b5f2ddfe0197c291e3af11f571e6fa2a69
org.cloudfoundry.multiapps	multiapps-controller-database-migration	1.180.0	-	08194c4a1dcd89ec9b379ded6af0493110d2aaa4
org.cloudfoundry.multiapps	multiapps-controller-database-migration	1.181.0	-	cfbc03dcb0277d4272a42deed217b719eaea965f
org.cloudfoundry.multiapps	multiapps-controller-database-migration	1.182.0	-	1bd43ddf3c7a779d9992f02257fbc69bc4b7c439
org.cloudfoundry.multiapps	multiapps-controller-database-migration	1.183.0	-	c7442307989cfc8ffc32429fbbf68f9dc95ed95d
org.cloudfoundry.multiapps	multiapps-controller-database-migration	1.184.0	-	66347f797961921aa5bac2d003f2f88479f5da64
org.cloudfoundry.multiapps	multiapps-controller-database-migration	1.185.0	-	6145365556e9e343556b5f2cf8287867d507e3d4
org.cloudfoundry.multiapps	multiapps-controller-database-migration	1.185.1	-	aa5367d53074c3e15d8ab6a6a3e49f9ad520161f
org.cloudfoundry.multiapps	multiapps-controller-database-migration	1.186.0	-	1af3127c9e16cb37f23dee7aca3a0e10ec4f55be
org.cloudfoundry.multiapps	multiapps-controller-database-migration	1.186.1	-	5ebe23ccce4da20bdd175d8fbb13078554ab1fd3
org.cloudfoundry.multiapps	multiapps-controller-database-migration	1.187.0	-	76693f7027a69e0bf494e7e1dcd1a96a3c8ed67e
org.cloudfoundry.multiapps	multiapps-controller-database-migration	1.188.0	-	4a4457746feb7d37861e226a98752a8d6617facc
org.cloudfoundry.multiapps	multiapps-controller-database-migration	1.189.0	-	a49196dbe22448248eb6676dc24887eb99b441a2
org.cloudfoundry.multiapps	multiapps-controller-database-migration	1.73.35	-	a09f5cff58c4e7493a045388c4c4202bf67467ad
org.codehaus.cargo	cargo-sample-maven2-tomcat7-context-test	1.0.4	-	8f5faca3ab5afef8f2640651ae50cba150e38adc
org.codehaus.cargo	cargo-sample-maven2-tomcat7-context-test	1.0.5	-	82c181bcb5aa87031d85da3bf259d58435de362a
org.codehaus.cargo	cargo-sample-maven2-tomcat7-context-test	1.0.6	-	c5cf185f2b8652d9d20a80673392493d57d01f01
org.codehaus.cargo	cargo-sample-maven2-tomcat7-context-test	1.1.0	-	e6791c22293cbfed2352b126ffcb78a375620b64
org.codehaus.cargo	cargo-sample-maven2-tomcat7-context-test	1.1.1	-	b6f9b70c97eb48419978f92735e79c38b6572ceb
org.codehaus.cargo	cargo-sample-maven2-tomcat7-context-test	1.1.2	-	d64e359229e48d180a8b8e878a151f3c0553f424
org.codehaus.cargo	cargo-sample-maven2-tomcat7-context-test	1.1.3	-	005421d3a8cb41cc835d00ea29884fa442c6003f
org.codehaus.cargo	cargo-sample-maven2-tomcat7-context-test	1.1.4	-	7605056cfab79919d613908ca2c18891a8649489
org.codehaus.cargo	cargo-sample-maven2-tomcat7-context-test	1.2.0	-	13f55ebef8ec6033a33561f113cc192249bbcae5
org.codehaus.cargo	cargo-sample-maven2-tomcat7-context-test	1.2.1	-	a7c1053ed2ff05302b50ad595a5006befe93ebbe
org.codehaus.cargo	cargo-sample-maven2-tomcat7-context-test	1.2.2	-	6ea64de5d71d454b0d1e51657e62d6ecffbe803c
org.codehaus.cargo	cargo-sample-maven2-tomcat7-context-test	1.2.3	-	95060abe924cd88fe070ab052a344758b2c2d78e
org.codehaus.cargo	cargo-sample-maven2-tomcat7-context-test	1.2.4	-	8378534a86782d9394aa093f4037aa4b1f4baf1b
org.codehaus.cargo	cargo-sample-maven2-tomcat7-context-test	1.3.0	-	a8d85f163a83ba16344bc5337e3e6497af8c7069
org.codehaus.cargo	cargo-sample-maven2-tomcat7-context-test	1.3.1	-	6d50e716d592d96089ae0292a14b8f24f8f2467e
org.codehaus.cargo	cargo-sample-maven2-tomcat7-context-test	1.3.2	-	c0fd236405e696c80f9dc2ba9be0475186ae3d7f
org.codehaus.cargo	cargo-sample-maven2-tomcat7-context-test	1.3.3	-	4dc78ffa3a25698637f7d75c9119f57f3eb8f670
org.codehaus.cargo	cargo-sample-maven2-tomcat7-context-test	1.4.0	-	5ac9c77b7fd1d79a6038454b3cfff61d4447b039
org.codehaus.cargo	cargo-sample-maven2-tomcat7-context-test	1.4.1	-	0e9c62ebd216b78b14ac5ae53843f32a152719a9
org.codehaus.cargo	cargo-sample-maven2-tomcat7-context-test	1.4.10	-	78bca5259ed4289d983cfe6c6b2cb3c852d37842
org.codehaus.cargo	cargo-sample-maven2-tomcat7-context-test	1.4.11	-	f51860f19b36baa56104526215253194562a413b
org.codehaus.cargo	cargo-sample-maven2-tomcat7-context-test	1.4.12	-	029886294f473ac51d24d9d5721d8c7d0b98fed9
org.codehaus.cargo	cargo-sample-maven2-tomcat7-context-test	1.4.13	-	de50a592a98342ae3af5b1e4754a3ff2b2acdbdb
org.codehaus.cargo	cargo-sample-maven2-tomcat7-context-test	1.4.14	-	5de3251d6ce9c827d876044def0fa00f6218aa19
org.codehaus.cargo	cargo-sample-maven2-tomcat7-context-test	1.4.15	-	b0c95be7d462d378450e2d5cb1793990c848e987
org.codehaus.cargo	cargo-sample-maven2-tomcat7-context-test	1.4.16	-	3793cb21f04591b25b4b7a01278ca34d17787be2
org.codehaus.cargo	cargo-sample-maven2-tomcat7-context-test	1.4.17	-	e4d3263ff90b35257d49b234823df00a3c0b9bc8
org.codehaus.cargo	cargo-sample-maven2-tomcat7-context-test	1.4.18	-	71ecdd61798b9d218403db3c60c62bb1dbd5d358
org.codehaus.cargo	cargo-sample-maven2-tomcat7-context-test	1.4.19	-	ef788cecfae0b97e4eff5fe77219452ce5b94c53
org.codehaus.cargo	cargo-sample-maven2-tomcat7-context-test	1.4.2	-	f197990ae7290689bde01f8b77105eb25f252a57
org.codehaus.cargo	cargo-sample-maven2-tomcat7-context-test	1.4.3	-	ce915fc024a528321ea10c255e8c87fbce6e0072
org.codehaus.cargo	cargo-sample-maven2-tomcat7-context-test	1.4.4	-	3fe8a5b007a04c75fbead5af1e59ed1c05e359a9
org.codehaus.cargo	cargo-sample-maven2-tomcat7-context-test	1.4.5	-	c350108f6def550cf4583853f91373a66c706ab7
org.codehaus.cargo	cargo-sample-maven2-tomcat7-context-test	1.4.6	-	0717fcfb16f1111b0e201c20c71c7cc76875fea1
org.codehaus.cargo	cargo-sample-maven2-tomcat7-context-test	1.4.7	-	065c417db93f4e7d28850bca0029267ae2c6fd42
org.codehaus.cargo	cargo-sample-maven2-tomcat7-context-test	1.4.8	-	565ac3aa0a392df68c822fa3b37dd609e738ac80
org.codehaus.cargo	cargo-sample-maven2-tomcat7-context-test	1.4.9	-	35aee0b6287d449bf2d7a9c04ba23a07e852f036
org.codehaus.cargo	cargo-sample-maven2-tomcat7-context-test	1.5.0	-	6cf572802d0efdfeda39885eb8bf027773f014c6
org.codehaus.cargo	cargo-sample-maven2-tomcat7-context-test	1.5.1	-	1d31ec71e1f178fa8e7ed3d604e4c1331f07597e
org.codehaus.cargo	cargo-sample-maven2-tomcat7-context-test	1.6.0	-	c6f383ec140e7b3650235993e59760c19de82e45
org.codehaus.cargo	cargo-sample-maven2-tomcat7-context-test	1.6.1	-	88a029f7df1ec5b0db8fbff15a56397223380ccc
org.codehaus.cargo	cargo-sample-maven2-tomcat7-context-test	1.6.10	-	77743d04bbaa5f93190f74c1a46b952a1aadc1bd
org.codehaus.cargo	cargo-sample-maven2-tomcat7-context-test	1.6.11	-	e9cd8fd4c036d5e28d54fbd7a5ff2a1ee75afa11
org.codehaus.cargo	cargo-sample-maven2-tomcat7-context-test	1.6.2	-	f4a76f65cd19edf783f816ba71c1a3860f264e80
org.codehaus.cargo	cargo-sample-maven2-tomcat7-context-test	1.6.3	-	398061aea6edfeb7d73c048d207250da81ac8e46
org.codehaus.cargo	cargo-sample-maven2-tomcat7-context-test	1.6.4	-	718e614117efc24db72487bb11f648195610dfe0
org.codehaus.cargo	cargo-sample-maven2-tomcat7-context-test	1.6.5	-	a57aec09dbffb35035cd90fdd690671a9df8c5e3
org.codehaus.cargo	cargo-sample-maven2-tomcat7-context-test	1.6.6	-	51b193d66c575dcbc0bee7e66010ac38fdfde457
org.codehaus.cargo	cargo-sample-maven2-tomcat7-context-test	1.6.7	-	680b3cfa41baee0fb9b895e4a0f202686ccfb066
org.codehaus.cargo	cargo-sample-maven2-tomcat7-context-test	1.6.8	-	852fb09973099f02700d3c1612993cc9ff7b624f
org.codehaus.cargo	cargo-sample-maven2-tomcat7-context-test	1.6.9	-	a0f9bda498bd0f79e2c57e3fa25b780694427b45
org.codehaus.cargo	cargo-sample-maven2-tomcat7-context-test	1.7.0	-	22af4574e3cc08480b09e875ca75371859be3b72
org.codehaus.cargo	cargo-sample-maven2-tomcat7-context-test	1.7.1	-	d975a29f8562192206c907079cb23b76de7c80b1
org.codehaus.cargo	cargo-sample-maven2-tomcat7-context-test	1.7.10	-	36354f40f52956a30f1bdbc46e4a9b325c0b1bee
org.codehaus.cargo	cargo-sample-maven2-tomcat7-context-test	1.7.11	-	6259c3fa82c0ca5072e98179d4ae1d57d653f25e
org.codehaus.cargo	cargo-sample-maven2-tomcat7-context-test	1.7.12	-	108d7cf155d553f52cbed86079f441d9fd7fa23f
org.codehaus.cargo	cargo-sample-maven2-tomcat7-context-test	1.7.13	-	4c88521834264a13be4b96e1b76a7d66cc48c9e6
org.codehaus.cargo	cargo-sample-maven2-tomcat7-context-test	1.7.14	-	e39d6a64ec4fbd439b9720d9d5da71deccd02831
org.codehaus.cargo	cargo-sample-maven2-tomcat7-context-test	1.7.15	-	1a2687095090670d4ddda48af238474bb50cd7ff
org.codehaus.cargo	cargo-sample-maven2-tomcat7-context-test	1.7.16	-	a2017a4191317e6dc087b1077d5827034952517f
org.codehaus.cargo	cargo-sample-maven2-tomcat7-context-test	1.7.2	-	d67e818d5e326df1fdc29db70eacb74fc6e5d32a
org.codehaus.cargo	cargo-sample-maven2-tomcat7-context-test	1.7.3	-	a45c6e428357d532a314c6e402800b7fe57e0ec5
org.codehaus.cargo	cargo-sample-maven2-tomcat7-context-test	1.7.4	-	75726d0946e59c5c0e828e806916c9e3c95c75dc
org.codehaus.cargo	cargo-sample-maven2-tomcat7-context-test	1.7.5	-	491fc61640ae71cda912a22e2c6ea2534b84299b
org.codehaus.cargo	cargo-sample-maven2-tomcat7-context-test	1.7.6	-	60eea3610ec9127ef3461034d166a017228ee099
org.codehaus.cargo	cargo-sample-maven2-tomcat7-context-test	1.7.7	-	49ecab74fb934a18a35f0be375dfc28f7870d8f1
org.codehaus.cargo	cargo-sample-maven2-tomcat7-context-test	1.7.8	-	bcc079fc5d13eb7a5c0c1e6f9708ff3aecc6b0e3
org.codehaus.cargo	cargo-sample-maven2-tomcat7-context-test	1.7.9	-	dbcfe1786f084991dba1ad8bbe9abbbd274f97c3
org.codehaus.cargo	cargo-sample-maven2-tomcat7-context-test	1.8.0	-	7e04a69955237c3b7eae5f74147374399f5865d0
org.codehaus.cargo	cargo-sample-maven2-tomcat7-context-test	1.8.1	-	ea1ccdf0d67ef929bf94ab27894dc81eb4663cfe
org.codehaus.cargo	cargo-sample-maven2-tomcat7-context-test	1.8.2	-	3a43f0e7c0294f6d5337a1a43b6174236dbf473f
org.codehaus.cargo	cargo-sample-maven2-tomcat7-context-test	1.8.3	-	5f47c08e7e1829356518d130c0080fed35e29e25
org.codehaus.cargo	cargo-sample-maven2-tomcat7-context-test	1.8.4	-	ba190917253d33e9ad5f5e020578e7bd0850b2f5
org.codehaus.cargo	cargo-sample-maven2-tomcat7-context-test	1.8.5	-	a9c40b1c0568e8cb82d27674bb123f2701bc9bd3
org.crsh	crsh.cmdline	1.0.0	-	121543f7d29217b4eaca367308df8ff9e1e55357
org.crsh	crsh.cmdline	1.0.0-beta18	-	8ff5e0c58ec798dcfa2d90ddf9767a6fb5de8f16
org.crsh	crsh.cmdline	1.0.0-beta19	-	25e40d43eac8a74f9fe8af696a5ae1d8aaa771a4
org.crsh	crsh.cmdline	1.0.0-beta20	-	9033301ea5acf518508f705368e0525bf8415cd3
org.crsh	crsh.cmdline	1.0.0-beta21	-	eed90f3ce49e5d1787fb5bfd48250cf0383c9cd5
org.crsh	crsh.cmdline	1.0.0-beta22	-	3d8bfdcfe9a2066bb48ee39a662264bc5f55289c
org.crsh	crsh.cmdline	1.0.0-beta23	-	8aea8e36d60660de5ba258d2381d4ac20f6bf211
org.crsh	crsh.cmdline	1.0.0-beta24	-	a8eada44b53eb7a7080544f3712ca43e91fb24d3
org.crsh	crsh.cmdline	1.0.0-cr1	-	9465f13fac59d1228eb6978b316462403574e7ad
org.crsh	crsh.cmdline	1.0.0-cr2	-	a9177ec838cbe70a6ee2004840033950c4bb76cf
org.crsh	crsh.cmdline	1.1.0	-	36021f762c429e596913d7487fb6062acfb43933
org.crsh	crsh.cmdline	1.1.0-beta1	-	2878127d31f8fbb554c94024430892f5ff975502
org.crsh	crsh.cmdline	1.1.0-cr1	-	fd0ead0d430d7c6b6adfb1a8f68ce7429db0248d
org.crsh	crsh.cmdline	1.2.0-alpha1	-	71224d954d41301cc0c2eac4ccc6f625ed591645
org.crsh	crsh.cmdline	1.2.0-cr1	-	d9184489c38ee32981083ac050d266673ffb89fe
org.crsh	crsh.cmdline	1.2.0-cr2	-	ddbaae9bee24e4205f3924ccc564a7d22e658d77
org.crsh	crsh.cmdline	1.2.0-cr3	-	52e33f37c8976a39f31c14698cb43d3613aa3075
org.crsh	crsh.cmdline	1.2.0-cr4	-	51bbcdfafd1ca63468b859b2e3d3fbfe40f73dbc
org.crsh	crsh.cmdline	1.2.0-cr5	-	76fc0c9fff62b625f1e2091e5736de6136d60bb2
org.crsh	crsh.cmdline	1.2.0-cr6	-	de3946bc14e485da77901028ee56569b760d5127
org.danbrough.ktor	ktor-events-iosarm64	2.2.3	-	20e79c15662ba6d2a6f3e79f61c5b15d0a7d1563
org.danbrough.ktor	ktor-events-iosarm64	2.2.3	2.2.3-kdoc	20e79c15662ba6d2a6f3e79f61c5b15d0a7d1563
org.danbrough.ktor	ktor-events-iosarm64	2.2.3	2.2.3-metadata	291a39c3d056a877a6b2c84cba6d38f7f86622fb
org.dynamoframework	dynamo-spring-archetype-modules	1.0.0	-	de8638fb21be231c17167e041a99986b2cbe1a4c
org.dynamoframework	dynamo-spring-archetype-modules	1.0.1	-	1398ed00cf25a2b42b50a46b82c8d7382e7228d8
org.dynamoframework	dynamo-spring-archetype-modules	1.2.1-CB3	-	8d3f95ea1067ec4ef6b3a422a88784bd4d3ff730
org.dynamoframework	dynamo-spring-archetype-modules	1.2.2-CB2	-	2770201ebc15e26c35675e3e9665829c946df434
org.dynamoframework	dynamo-spring-archetype-modules	1.3-CB3	-	d7cbfb7de0529291ab2123fe0fbb55f1766f3935
org.dynamoframework	dynamo-spring-archetype-modules	1.4-CB3	-	e7671ebb063c36bcc7001184fd5617c5c524338a
org.dynamoframework	dynamo-spring-archetype-modules	1.4.1-CB3	-	1c2f5fe6252394b25abc63d75b7bff5b8d51b65d
org.dynamoframework	dynamo-spring-archetype-modules	1.4.2-CB3	-	e839b956c1ed7806cc04a0460d353c94ec1c3989
org.dynamoframework	dynamo-spring-archetype-modules	1.4.3-CB3	-	beeab84ce8bad82d2069b2a731b04a7fcc7bf48d
org.dynamoframework	dynamo-spring-archetype-modules	1.5-CB3	-	18715b72dd549998b21c957cc3954bec32bb08d1
org.dynamoframework	dynamo-spring-archetype-modules	1.6-CB1	-	71c781b1d3a4fd6460bfd2e85743c7b6191afb19
org.dynamoframework	dynamo-spring-archetype-modules	1.6-CB3	-	350cf7b884567176dfb10f3fc29452e1343d197e
org.dynamoframework	dynamo-spring-archetype-modules	1.6.1-CB3	-	39e2e8377d42f7a9d26f2c29766f62733328c4a2
org.dynamoframework	dynamo-spring-archetype-modules	1.6.2-CB3	-	3f3c352780e98dee97833be97500c5763dc1f498
org.dynamoframework	dynamo-spring-archetype-modules	1.6.3-CB3	-	f80552920dc4615233bcea33e4c2b1897509fc9e
org.eclipse.che.core	che-core-commons-annotations	6.10.0	-	31af62b3dccbd36619c5425163cf173dee1c922a
org.eclipse.che.core	che-core-commons-annotations	6.11.0	-	580e214d650d267b1e629450ee3f95720300f779
org.eclipse.che.core	che-core-commons-annotations	6.11.1	-	ffcc1c63f38a678473e7d8e89e9a5003bc7ffd86
org.eclipse.che.core	che-core-commons-annotations	6.12.0	-	f28545d7ffa4a425483e87166cec9d1d31045dec
org.eclipse.che.core	che-core-commons-annotations	6.12.1	-	0c2924723676d6ab29e77699e94f252c3c62f118
org.eclipse.che.core	che-core-commons-annotations	6.12.2	-	d4c0d9e989df6db0819d02047a7fdd437fdea6eb
org.eclipse.che.core	che-core-commons-annotations	6.13.0	-	0eb5d60c013d4f90128c27785c76c916f04bff7b
org.eclipse.che.core	che-core-commons-annotations	6.13.1	-	bf63d4409c457d65d47a24ba4ccdc05a26541445
org.eclipse.che.core	che-core-commons-annotations	6.14.0	-	db31b1d53bdd54f13958bf013fbc911566d00bf0
org.eclipse.che.core	che-core-commons-annotations	6.14.1	-	e28ac7f1d3f188ef327ca0bf74d8b181ae17f8ef
org.eclipse.che.core	che-core-commons-annotations	6.14.2	-	dfee5a42151af1a80d34de7eb9e1f7db3df59e3b
org.eclipse.che.core	che-core-commons-annotations	6.15.0	-	b3a8e4add6daac13583e240012dba85df56457a5
org.eclipse.che.core	che-core-commons-annotations	6.16.0	-	d2807bd9ab05dd15d3d3a083ba7fdb619d574845
org.eclipse.che.core	che-core-commons-annotations	6.17.0	-	2e3a72af014f95d3271006e4860d85abfaf93f66
org.eclipse.che.core	che-core-commons-annotations	6.17.1	-	a67eee79e2bd868a0409a14d2fcf213d65297010
org.eclipse.che.core	che-core-commons-annotations	6.18.0	-	4ddadc9f95fffcabf64084ac8e4758ec4bed1735
org.eclipse.che.core	che-core-commons-annotations	6.18.1	-	f2f077a9b95a34a621e80749e39b5a11136a236e
org.eclipse.che.core	che-core-commons-annotations	6.18.2	-	bdf1d1df6944adb3dafb866c75b3ce1dd9da8ceb
org.eclipse.che.core	che-core-commons-annotations	6.19.0	-	1052acdd2ab1f1670c245e30c532626afc3161c3
org.eclipse.che.core	che-core-commons-annotations	6.19.1	-	358a0cc56a7fd7059d5fc64943ad21a42f5224ea
org.eclipse.che.core	che-core-commons-annotations	6.19.2	-	b6df53ca784f765c2ee55a17c1f7764d9f16fc77
org.eclipse.che.core	che-core-commons-annotations	6.19.3	-	90a1c7fc4dfee4555ab91c04300e62799c31d39f
org.eclipse.che.core	che-core-commons-annotations	6.19.4	-	0b24b97d1d21d9753eb12b08f95e75b6ccbe50fd
org.eclipse.che.core	che-core-commons-annotations	6.19.5	-	5239151f3928097363a126f2a8bab4615868cd77
org.eclipse.che.core	che-core-commons-annotations	6.19.6	-	005e45857a9b468ab04701aba0f7a98cec77cbd9
org.eclipse.che.core	che-core-commons-annotations	7.0.0	-	76ef827b8c85f6810f6d9215fcb659713f63ddb8
org.eclipse.che.core	che-core-commons-annotations	7.0.0-RC-1.0	-	e64d7c27de6e4413a4d04e5b407437beec9a5809
org.eclipse.che.core	che-core-commons-annotations	7.0.0-RC-1.1	-	b98fceeeae22fa20c637b76bc2498b8eb565036d
org.eclipse.che.core	che-core-commons-annotations	7.0.0-RC-2.0	-	3ac62f8d1de7472745decd1119f2534cfec0769c
org.eclipse.che.core	che-core-commons-annotations	7.0.0-beta-1.0	-	0a0cea28e0b7c608ffb91e382a863fb01b7b85b1
org.eclipse.che.core	che-core-commons-annotations	7.0.0-beta-2.0	-	ff01c87446366f3313bf654482b46641108d2987
org.eclipse.che.core	che-core-commons-annotations	7.0.0-beta-3.0	-	fd59314c9cddc7fad8ff34f62efdcdb1d1f9f300
org.eclipse.che.core	che-core-commons-annotations	7.0.0-beta-4.0	-	6d1ecc396b03f4050a700f7bc2be7c57b8cb3c03
org.eclipse.che.core	che-core-commons-annotations	7.0.0-beta-5.0	-	f3137df67c1c532c63c79de50b603863a7301b20
org.eclipse.che.core	che-core-commons-annotations	7.0.0-rc-3.0	-	48159d2b6b7d4b30a7123bd2ee3107a0ba3f3520
org.eclipse.che.core	che-core-commons-annotations	7.0.0-rc-4.0	-	65cedc885162a9846696c72d21756f64a4ed0195
org.eclipse.che.core	che-core-commons-annotations	7.1.0	-	d8c73eabe8bcede1700d83366ab95bcaf4148564
org.eclipse.che.core	che-core-commons-annotations	7.10.0	-	05ee6d08c5e810f9b0da4b23af4abd9bc94eb210
org.eclipse.che.core	che-core-commons-annotations	7.11.0	-	c0ba032678a0824ec063978814acf361cd3666e8
org.eclipse.che.core	che-core-commons-annotations	7.12.0	-	03b3bfd37b53cd3fe2b9718f377b014d1eeb9707
org.eclipse.che.core	che-core-commons-annotations	7.12.1	-	50688b545faed59d1f75002bbe4553d8361c6f24
org.eclipse.che.core	che-core-commons-annotations	7.12.2	-	dfb51fdbf240fef94fcbcba347a797940c83033d
org.eclipse.che.core	che-core-commons-annotations	7.13.0	-	9603e22696beb470d4841c655f3e27b034bc5565
org.eclipse.che.core	che-core-commons-annotations	7.13.1	-	7c02f80938a85b822b661c2a8256884c76451c3c
org.eclipse.che.core	che-core-commons-annotations	7.13.2	-	4f809d2742755bad4fa92db08355bb081e5b217f
org.eclipse.che.core	che-core-commons-annotations	7.14.0	-	84bcaf1342a25c7402a928accc1f3d1ae0c75383
org.eclipse.che.core	che-core-commons-annotations	7.14.1	-	944bc6c634b427a3062e42124abcd83e82b2d05f
org.eclipse.che.core	che-core-commons-annotations	7.14.2	-	2ee476634235cb87c83fcbb04f5b4bf784d0a141
org.eclipse.che.core	che-core-commons-annotations	7.14.3	-	9ed457393f76adab28025a11588d9e010dcf8742
org.eclipse.che.core	che-core-commons-annotations	7.15.0	-	e9d3cf3ab58b7ca96425ad14aad981b91599a3f9
org.eclipse.che.core	che-core-commons-annotations	7.15.1	-	8b4343f7037b714ab42d7386ebffff4f538035a1
org.eclipse.che.core	che-core-commons-annotations	7.15.2	-	f7443f4995fa4c1e3ab8fb137665e30450f58a92
org.eclipse.che.core	che-core-commons-annotations	7.16.0	-	113b6f7022f8927e336a4e87f01c5c5f6e946135
org.eclipse.che.core	che-core-commons-annotations	7.16.1	-	6c810d852cbf56091f636825c16c71f61b826d3b
org.eclipse.che.core	che-core-commons-annotations	7.16.2	-	ac73340aa2f96eb35d6ecb1d5fdc5d80a20a65e4
org.eclipse.che.core	che-core-commons-annotations	7.17.0	-	9c6bfccc3012ece93afc9465d7294a1355a558ee
org.eclipse.che.core	che-core-commons-annotations	7.17.1	-	190d69f6b1a832e31650e13c4ad6a5ff6d5abb96
org.eclipse.che.core	che-core-commons-annotations	7.17.2	-	5ae044f88210773ddf80d4261b24dc59b98fc6e3
org.eclipse.che.core	che-core-commons-annotations	7.18.0	-	29c9c8682a1e7cc95a7a47838a33afa47b170aad
org.eclipse.che.core	che-core-commons-annotations	7.18.1	-	b6710867e11a26238b19591bf44023e326644ea8
org.eclipse.che.core	che-core-commons-annotations	7.18.2	-	7b78b826a25441d9d405ac56a681397fbba128b8
org.eclipse.che.core	che-core-commons-annotations	7.19.0	-	8fb29a8bfafac184182bd5b50b176ec38548e4d8
org.eclipse.che.core	che-core-commons-annotations	7.19.1	-	1e8a7989fa5bf9e601e282cde18e275ff94cd5dd
org.eclipse.che.core	che-core-commons-annotations	7.19.2	-	b00d39ab8ad8a2d07dcfa5b70a05e9f7e6a8efdc
org.eclipse.che.core	che-core-commons-annotations	7.2.0	-	58fba60ff25f38f3344797dcf424ce4af932c929
org.eclipse.che.core	che-core-commons-annotations	7.20.0	-	5eac424a3e0ea4054cfe7ac1dd66e592f63138be
org.eclipse.che.core	che-core-commons-annotations	7.20.1	-	941e9c71eeac7c88fd7b7769752d4d586905f0a1
org.eclipse.che.core	che-core-commons-annotations	7.21.0	-	95cc138a34b2e984b47820e3e3fc51b26114eea9
org.eclipse.che.core	che-core-commons-annotations	7.21.1	-	9d415a6e1cb3fa8f543b8713949f9da6d9d10558
org.eclipse.che.core	che-core-commons-annotations	7.21.2	-	e3e6bf7b9711cf495a764a72997963774aa62476
org.eclipse.che.core	che-core-commons-annotations	7.22.0	-	7e364b6603f32817517c5cc5b139664f0b9bafe2
org.eclipse.che.core	che-core-commons-annotations	7.22.1	-	4332186332d46800b037929b3db80a371313753e
org.eclipse.che.core	che-core-commons-annotations	7.22.2	-	6052b766a091a42998751f67133055cc751a7ee1
org.eclipse.che.core	che-core-commons-annotations	7.23.0	-	25983af8adf9eccbe48a4527884f79ffa4207d6a
org.eclipse.che.core	che-core-commons-annotations	7.23.1	-	67b2d7a687a5dafda3136f208c55151ec436aa59
org.eclipse.che.core	che-core-commons-annotations	7.23.2	-	e14a2937bf1a5761a18b4be827ecf9b3f4474c36
org.eclipse.che.core	che-core-commons-annotations	7.24.0	-	b2676432abb2f0a01b1243480b15b7c820578712
org.eclipse.che.core	che-core-commons-annotations	7.24.1	-	91ce1de152c6dd5ba454bf8e320119beafbd50c6
org.eclipse.che.core	che-core-commons-annotations	7.24.2	-	ab71a20a424dd7d37c57cbc712a2aba055e0ff0c
org.eclipse.che.core	che-core-commons-annotations	7.25.0	-	7bb34a3956f40b757aaa811459fc2c381db1d6a4
org.eclipse.che.core	che-core-commons-annotations	7.25.1	-	8136422059aab5e74d2b25a674ec4ed093722d8d
org.eclipse.che.core	che-core-commons-annotations	7.25.2	-	42ba553e3fd7955f08844589fdadcc828c75e8c6
org.eclipse.che.core	che-core-commons-annotations	7.26.0	-	581a47f4ee86c0baa0e86623dc20376888bc9fed
org.eclipse.che.core	che-core-commons-annotations	7.26.1	-	3d7d89d4a075a0551568bf5b97695e8cf3c30861
org.eclipse.che.core	che-core-commons-annotations	7.26.2	-	b0be945f1099891ed808974d016db54b7420c6c8
org.eclipse.che.core	che-core-commons-annotations	7.27.0	-	3db924d17bfd732e61ca8b65e290114c66f7de31
org.eclipse.che.core	che-core-commons-annotations	7.27.1	-	d33716226d20316617fc02ae872ec2da0cef1717
org.eclipse.che.core	che-core-commons-annotations	7.27.2	-	597cd60e099286dc533b302fca8a4f13d71eb32b
org.eclipse.che.core	che-core-commons-annotations	7.28.0	-	bcc447622d0c2d389e8ade0df44fbee20dccf724
org.eclipse.che.core	che-core-commons-annotations	7.28.2	-	29500d546cb5b7c208feaf238d74927e1177f90c
org.eclipse.che.core	che-core-commons-annotations	7.3.0	-	9fe46be22c187ad1f201fa051df0a391a1908ba2
org.eclipse.che.core	che-core-commons-annotations	7.3.1	-	0ef17b7cdccb789a497f5223e2e935207ef439e0
org.eclipse.che.core	che-core-commons-annotations	7.3.2	-	d80592466e39c4ad0a6f03ea9362cf2c097b1088
org.eclipse.che.core	che-core-commons-annotations	7.3.3	-	3ad5f81ae9014b1df31d23f0faed5677a6ae2156
org.eclipse.che.core	che-core-commons-annotations	7.4.0	-	366eb1b56dff3e43410a9a8c298140459c7b0636
org.eclipse.che.core	che-core-commons-annotations	7.5.0	-	39963174892c6fe4a645bbc2895d4b1632fd4ecc
org.eclipse.che.core	che-core-commons-annotations	7.5.1	-	a508befd43259ca5cb7c3ea0cb6ffcae39302f93
org.eclipse.che.core	che-core-commons-annotations	7.6.0	-	8d4485eb55372332c1e342ac8bd521c732428d0d
org.eclipse.che.core	che-core-commons-annotations	7.7.0	-	0ddf461a8bc8ca2e70dc064a8cd02c1f82507045
org.eclipse.che.core	che-core-commons-annotations	7.7.1	-	c20a09f07bee84ccc7022515d5a97f0abf936b2a
org.eclipse.che.core	che-core-commons-annotations	7.7.1b	-	57f6b170dee1b6c05663c3de23b887a333a21863
org.eclipse.che.core	che-core-commons-annotations	7.8.0	-	b7f5d11f75ae0982b3cd98419c4c0e64dbfc6e2c
org.eclipse.che.core	che-core-commons-annotations	7.9.0	-	ef753a3a809158aeabe8a9dcf39864f99d7f0881
org.eclipse.che.core	che-core-commons-annotations	7.9.1	-	c1bfae526a5299e02ec675c970f0be91d2cbb3a3
org.eclipse.che.core	che-core-commons-annotations	7.9.2	-	d63c108ef6587d445e6c53fa1f047e2c16f533b8
org.eclipse.che.core	che-core-commons-annotations	7.9.3	-	f6de7483574cc66e819ea6d3f2cb68f5c7589486
org.eclipse.dirigible	dirigible-components-initializers	6.3.26	-	74caedb95ae7d8de14ca6a2edfbdc64fc2535fff
org.eclipse.edc	management-api-configuration	0.0.1-20230220.patch1	-	35b3d768abbcc222c575ae04eac28b2da873d214
org.eclipse.edc	management-api-configuration	0.0.1-milestone-8	-	0d7d3e24a2041201bbee5f513cfe1158bf555f7a
org.eclipse.edc	management-api-configuration	0.0.1-milestone-9	-	b16cf6a13757fc5eddce70463b0509215b8e2630
org.eclipse.edc	management-api-configuration	0.1.0	-	b591923bfd706ff918a530e3e1f0697e645d1cc2
org.eclipse.edc	management-api-configuration	0.1.1	-	d921ae14bf42f625b36494e3f3e00b2366c237ba
org.eclipse.edc	management-api-configuration	0.1.2	-	db46ff47b46de47060e9a7fe5a40cf4d28ff0bff
org.eclipse.edc	management-api-configuration	0.1.3	-	46238daeabf5c1acd21407779867456b97189fc0
org.eclipse.edc	management-api-configuration	0.10.0	-	e91fddc1c9b2c978cf3df98b9395f5a2ff8537ef
org.eclipse.edc	management-api-configuration	0.10.1	-	9595e94bea3a6f29c4feb58e886cc26966ed8348
org.eclipse.edc	management-api-configuration	0.11.0	-	ffcf961d3b1264081086a7f9bd52b2b6d25f473f
org.eclipse.edc	management-api-configuration	0.11.1	-	9ac5c5774b4489640f859b8502a38eab8805515a
org.eclipse.edc	management-api-configuration	0.12.0	-	87964ea7f42d1f32f1d3614de8728e755e415d86
org.eclipse.edc	management-api-configuration	0.2.0	-	3914ed69f9ad99863c4dd255d105719d0682064e
org.eclipse.edc	management-api-configuration	0.2.1	-	2626dc202eeab822deee2b99364afba0e54951e8
org.eclipse.edc	management-api-configuration	0.3.0	-	a7f7696ff27a0e11ce8d900ee7b6f465651726eb
org.eclipse.edc	management-api-configuration	0.3.1	-	101fe7cab7c036c10b72243be01aae1dff3d2900
org.eclipse.edc	management-api-configuration	0.4.0	-	875d12c6f368eb13cdff618e565f72a6b19e9875
org.eclipse.edc	management-api-configuration	0.4.1	-	1dd3ed56c686cc05fc34074805dabc4df6f44cb8
org.eclipse.edc	management-api-configuration	0.5.0	-	b01cadf7072ccef74117532446c23fd7ecaaf393
org.eclipse.edc	management-api-configuration	0.5.1	-	310bd829ba2481fd8c7ebd9feb42196888c09e91
org.eclipse.edc	management-api-configuration	0.6.0	-	8c725721c4ddd3ee217e79c72efa549c83e852b4
org.eclipse.edc	management-api-configuration	0.6.1	-	b4d0abdabedabaa458db2e2a4cbab2f7ab46a8d5
org.eclipse.edc	management-api-configuration	0.6.2	-	6785e8a85c0da7d25a69751f9a4909947ca5d6ed
org.eclipse.edc	management-api-configuration	0.6.3	-	ed242f4aa8856922a40b516875bf65067675c3a0
org.eclipse.edc	management-api-configuration	0.6.4	-	eb1dafa2e6e3b2df4dcefdea41cc6508da7d9385
org.eclipse.edc	management-api-configuration	0.7.0	-	a05f1a8427ad8f09f921528a8d1ee6556b730865
org.eclipse.edc	management-api-configuration	0.7.1	-	8fa97b836136aaab420873991470c06aa009baf5
org.eclipse.edc	management-api-configuration	0.7.2	-	b1b40b593dde6f67a6e17652dcb62c64624e743b
org.eclipse.edc	management-api-configuration	0.8.0	-	e848888ff663835afc4c061ce96f44c9e549658c
org.eclipse.edc	management-api-configuration	0.8.1	-	b73cce669a02692f14a4d560a11faeda13c6365a
org.eclipse.edc	management-api-configuration	0.9.0	-	296e5d14f8e5f139a1de8f176c2a0a6143c8aab7
org.eclipse.edc	management-api-configuration	0.9.1	-	4b20aa793086957445004e6d6589715c9e22e722
org.eclipse.emf.query.ocl	source	1.1.0-v200706071712-10-7w311817182823	-	654ac0f4443841e0441d6cd08aec93dc2498b416
org.eclipse.neoscada.utils	org.eclipse.scada.utils.filter	0.1.0	-	49855475c5489817e1b34ec56c831fd7086107d7
org.eclipse.rdf4j	rdf4j-util	1.0	-	e2df20c59e8ae1186dde95593db9fce49655a253
org.eclipse.rdf4j	rdf4j-util	1.0.1	-	c600bbe177eeea799b51f277075ece755e557dd3
org.eclipse.rdf4j	rdf4j-util	1.0.2	-	877a1d75baf5162ed5cad12e63ba405b5bf434aa
org.eclipse.rdf4j	rdf4j-util	1.0.3	-	e436088278792986c6780a3b0a66bc31997f3160
org.eclipse.rdf4j	rdf4j-util	1.0M1	-	a64091d2c871863df134a8ed01052cc581b2f78d
org.eclipse.rdf4j	rdf4j-util	1.0M2	-	242853332bdb8b1d67c87de6f1650214047db3e5
org.eclipse.rdf4j	rdf4j-util	1.0M3	-	bfc66c3bab45e3a3f8f2e19e1500f6d92f8a796d
org.eclipse.rdf4j	rdf4j-util	2.0	-	b4351f6860d44604e017a02292958ccbbbc61af5
org.eclipse.rdf4j	rdf4j-util	2.0.1	-	cb28307aec50227cd3976c1743250066684cb32a
org.eclipse.rdf4j	rdf4j-util	2.0.2	-	4ac2dfafb09d6e4f61c5b9284225e37a131e9dd4
org.eclipse.rdf4j	rdf4j-util	2.0.3	-	46b9ff2b00d4123afa177d6780356f60a7933b5f
org.eclipse.rdf4j	rdf4j-util	2.0M1	-	5b010ba19c7b74fc97a13986b4781ceb95cacc7d
org.eclipse.rdf4j	rdf4j-util	2.0M2	-	5bf0a19fb37c65410b600b4d3144ca635670c863
org.eclipse.rdf4j	rdf4j-util	2.0M3	-	0665a10c135a66c4f4e9273bd8e9f2c0df246170
org.eclipse.rdf4j	rdf4j-util	2.0M4	-	98f24eb4b80631332e862183d4ab47b1caf85180
org.eclipse.rdf4j	rdf4j-util	2.1	-	964800c4b2a4e905b578dcd654c87125897c92b0
org.eclipse.rdf4j	rdf4j-util	2.1.1	-	368d98fed9fb03788cd02e1235c2e3e99ed1abd3
org.eclipse.rdf4j	rdf4j-util	2.1.2	-	c0346b4336598c082362dddd70db17e2a8327d17
org.eclipse.rdf4j	rdf4j-util	2.1.3	-	4e888187a3178f28cc60c451bb524a78ca71fa8a
org.eclipse.rdf4j	rdf4j-util	2.1.4	-	cab3522cde4e2f4f1690095716c9bbb70c071bdb
org.eclipse.rdf4j	rdf4j-util	2.1.5	-	dc102dbba5cb9def4ccc4785731cb4cfe41a5c2c
org.eclipse.rdf4j	rdf4j-util	2.1.6	-	f3bb8df5327cc68df36aef73c986188262a9e064
org.eclipse.rdf4j	rdf4j-util	2.2	-	f770602cda5eeff1ba9e8cfd1a684e39ddc8aadb
org.eclipse.rdf4j	rdf4j-util	2.2.1	-	86f85f20d645681cde026fb0a7fe9b06285618a2
org.eclipse.rdf4j	rdf4j-util	2.2.2	-	cb8bc0615fdf9c94bb144f7950f4f8cf8a926bd2
org.eclipse.rdf4j	rdf4j-util	2.2.3	-	277479bc18b53cbdacfad878dfa43acbaa3b7fe8
org.eclipse.rdf4j	rdf4j-util	2.2.4	-	9782e4445f52e1709a5c2617673fa1aeeffd4b9f
org.eclipse.rdf4j	rdf4j-util	2.3-M1	-	1fa192d11434250b079f410f5afdf5e01925c9c0
org.eclipse.rdf4j	rdf4j-util	2.3.0	-	302e8f99975a9c027cfffb5a85fd805f67567bce
org.eclipse.rdf4j	rdf4j-util	2.3.0-M2	-	790fead3077b957d7655e6b8d456f3ce67d5978a
org.eclipse.rdf4j	rdf4j-util	2.3.1	-	2d852616acb50fda603a63efa1cd22c38b829d15
org.eclipse.rdf4j	rdf4j-util	2.3.2	-	12d3d004644fc1aae77228e21f012c1e83501886
org.eclipse.rdf4j	rdf4j-util	2.3.3	-	54cf624a1d42621d4a5a51b00aa918899409cb87
org.eclipse.rdf4j	rdf4j-util	2.4.0	-	2daca7115d5586e11af9b5d4fc3168f12362208c
org.eclipse.rdf4j	rdf4j-util	2.4.0-M1	-	9b8e1ab5049b565a8763bef14845596d5d331b24
org.eclipse.rdf4j	rdf4j-util	2.4.0-M2	-	ee32f734258342785e497647f810c1d8a016a19e
org.eclipse.rdf4j	rdf4j-util	2.4.0-M3	-	318a8d8b62b6c7f8f9d30a2fa7c98df6c691e0e8
org.eclipse.rdf4j	rdf4j-util	2.4.1	-	474b9cd4a62fb993f71689ae1703771ba89508a4
org.eclipse.rdf4j	rdf4j-util	2.4.2	-	3b3e1c84a93a3570a3c9190fd83a06257be3749c
org.eclipse.rdf4j	rdf4j-util	2.4.3	-	7ce13ccf197c68bca01ba7f3cbc9a1609e8b7f7c
org.eclipse.rdf4j	rdf4j-util	2.4.4	-	c205224217bde354b1fd77cca0e64e3a82a31f72
org.eclipse.rdf4j	rdf4j-util	2.4.5	-	fac0acbd1a0eb8ca8bb40d5f6358dd0016b9345c
org.eclipse.rdf4j	rdf4j-util	2.4.6	-	0d08b1fc2cd1ec2fd886da1e3e6a7a4c2995ea1c
org.eclipse.rdf4j	rdf4j-util	2.5.0	-	16e541273244c319d3a2a7861802f9eefffe8834
org.eclipse.rdf4j	rdf4j-util	2.5.0-M1	-	f7a307336343c570e6085e284c6060a5e7320425
org.eclipse.rdf4j	rdf4j-util	2.5.0-M2	-	a86c762663d7d70b14c5cb138c856ab757113931
org.eclipse.rdf4j	rdf4j-util	2.5.1	-	c609bd57dc690f4a502018a1fb0b084af771aa44
org.eclipse.rdf4j	rdf4j-util	2.5.2	-	7f1027e80a574411c6353023f70578ee1eaa2633
org.eclipse.rdf4j	rdf4j-util	2.5.3	-	3e6b8ad89f1660ea0daac6a739b354eeb1a47984
org.eclipse.rdf4j	rdf4j-util	2.5.4	-	b93234b3eaefd5ef075af8bbfb477c3d5f4e4654
org.eclipse.rdf4j	rdf4j-util	2.5.5	-	d2d0d388dbeaaae74bba73c4c18e940e7a45bef6
org.eclipse.rdf4j	rdf4j-util	3.0.0	-	a89fa72e5cdd1cf24a655bb39d2fd65ef3e7b683
org.eclipse.rdf4j	rdf4j-util	3.0.0-M1	-	10f7352cb412b469a0320f7d52e56d2db1cd667c
org.eclipse.rdf4j	rdf4j-util	3.0.0-M2	-	3e6dcf6a9ef71f0e9423a09bf4c86a83164dada8
org.eclipse.rdf4j	rdf4j-util	3.0.1	-	3f7ac4068f10feceb374b20485f868af9ac494f5
org.eclipse.rdf4j	rdf4j-util	3.0.2	-	453d0a57525511b688e5037782df68c54558b17b
org.eclipse.rdf4j	rdf4j-util	3.0.3	-	75e166085d89887b7b8000729da32d1f50785c81
org.eclipse.rdf4j	rdf4j-util	3.0.4	-	38cd4e58a3ff47b330a9dc9528d38e5bd678ab50
org.eclipse.rdf4j	rdf4j-util	3.1.0	-	d01e86b6ff90097a522ea6160f9404027f31f8ae
org.eclipse.rdf4j	rdf4j-util	3.1.0-M1	-	8b16266e141d2ef89403f21bd3094d3ae3a8a061
org.eclipse.rdf4j	rdf4j-util	3.1.0-M2	-	b20f9958fd49b550748d153ee6c8f93d278c2cbb
org.eclipse.rdf4j	rdf4j-util	3.1.1	-	4f938a167d9b5211f79937711b9b1867fd315291
org.eclipse.rdf4j	rdf4j-util	3.1.2	-	f8e7745f4715354c6b508b0a9fb3ec94b1a86287
org.eclipse.rdf4j	rdf4j-util	3.1.3	-	d2512c6c25629a368c9b44b303c47702c13bc9e1
org.eclipse.rdf4j	rdf4j-util	3.1.4	-	305269f42a9d3f8240ee6cd9affea17b104b0b8b
org.eclipse.rdf4j	rdf4j-util	3.2.0	-	a16e3f94aa0b64a351bd780c6b8b78f09caf5c51
org.eclipse.rdf4j	rdf4j-util	3.2.0-M1	-	e968da6c0404fca8a3056ea49207e8d7c160608d
org.eclipse.rdf4j	rdf4j-util	3.2.0-M2	-	bd5fe0f81894144c1f2374b8a3628c9c6aa8d00a
org.eclipse.rdf4j	rdf4j-util	3.2.1	-	9ba3a6fb549b5774e950a310d6a101d9a2f70946
org.eclipse.rdf4j	rdf4j-util	3.2.2	-	500f0e1805fee7697a9485a976b4471b6598d108
org.eclipse.rdf4j	rdf4j-util	3.2.3	-	f6b77eecf347ed8e4ddef12795391721375c55f5
org.eclipse.rdf4j	rdf4j-util	3.3.0	-	0de67760e356a841b3de7a6c15e0f643093ef738
org.eclipse.rdf4j	rdf4j-util	3.3.0-M1	-	4364a5bac85bd7bba57f3654167a8b75eac27ba1
org.eclipse.rdf4j	rdf4j-util	3.3.0-M2	-	9913e2a66c419347cd56179e72f0a154df9c578d
org.eclipse.rdf4j	rdf4j-util	3.3.1	-	f023980e155b1160a214dc5f7edb3b55fccf28af
org.eclipse.rdf4j	rdf4j-util	3.4.0	-	e72f8c750335f27c0ca46904d5d2fb43eea74c85
org.eclipse.rdf4j	rdf4j-util	3.4.0	3.4.0-benchmarks	5df7af851b0867185e1fc1d3dd0b0a9df05ae40b
org.eclipse.rdf4j	rdf4j-util	3.4.1	-	7dd4a2b25e4e771cb0badceaab4a8b3d471aa54f
org.eclipse.rdf4j	rdf4j-util	3.4.1	3.4.1-benchmarks	958fc7894c3696a07ebee9bb14bb372692acbb7c
org.eclipse.rdf4j	rdf4j-util	3.4.2	-	fce0638f1d80c8536a97e58afa579b7f43b23776
org.eclipse.rdf4j	rdf4j-util	3.4.2	3.4.2-benchmarks	84800638840aea8a9c8c9a43059c71c597bf4d87
org.eclipse.rdf4j	rdf4j-util	3.4.3	-	462d78dbc42dcb6ba79ece3a7ca75255b5477e84
org.eclipse.rdf4j	rdf4j-util	3.4.3	3.4.3-benchmarks	3ecf24a32aa30cf04330ced046b4804d42e2901e
org.eclipse.rdf4j	rdf4j-util	3.4.4	-	a1908973a9fd8f87f9de7730590786a5eaebe863
org.eclipse.rdf4j	rdf4j-util	3.4.4	3.4.4-benchmarks	9581120ee96e60f1adfa84e2e5841e2f7bfa8a28
org.eclipse.rdf4j	rdf4j-util	3.5.0	-	34ef4b1c37c4254bdd384a5e58e1da2e3c890a0c
org.eclipse.rdf4j	rdf4j-util	3.5.0	3.5.0-benchmarks	7e33e5dacee4dca7642c3f6629eadce45fd7f254
org.eclipse.rdf4j	rdf4j-util	3.5.0-M1	-	bf73ad45992cf333c96e0b2ebbe2c4362ca89711
org.eclipse.rdf4j	rdf4j-util	3.5.0-M1	3.5.0-M1-benchmarks	bf9791e522311886fdb5b6e7ec68f3dfae393a34
org.eclipse.rdf4j	rdf4j-util	3.5.1	-	857b8f76ee28e7e66af9082ace8956ffa6c6aa20
org.eclipse.rdf4j	rdf4j-util	3.5.1	3.5.1-benchmarks	0e8b00a55d66267dcb1f10b3e48dd41a4122933a
org.eclipse.rdf4j	rdf4j-util	3.6.0	-	3663d047949a8ff095fa86156f791158192e782c
org.eclipse.rdf4j	rdf4j-util	3.6.0	3.6.0-benchmarks	6e235e4f1af3cf2377cd53106bce72418218a1f3
org.eclipse.rdf4j	rdf4j-util	3.6.0-M1	-	275f0464f584d33ac4cfb2994b15763e838be832
org.eclipse.rdf4j	rdf4j-util	3.6.0-M1	3.6.0-M1-benchmarks	e00b3876c70c40b41b45244ddd6f76832cf04105
org.eclipse.rdf4j	rdf4j-util	3.6.0-M2	-	0dd2433ca5e8e6c2bc061fcade668295d0fd7901
org.eclipse.rdf4j	rdf4j-util	3.6.0-M2	3.6.0-M2-benchmarks	e0424247866e73898160e0a9a4acf24ef8c2a1f5
org.eclipse.rdf4j	rdf4j-util	3.6.0-M3	-	c0d3156dece7d2656e885ff930341e3f24643875
org.eclipse.rdf4j	rdf4j-util	3.6.0-M3	3.6.0-M3-benchmarks	ba533047636baeeea264a1d825b3fe1d2e849cc6
org.eclipse.rdf4j	rdf4j-util	3.6.1	-	f9e9b5e86689bb5c20a80233edd32762f57b8e76
org.eclipse.rdf4j	rdf4j-util	3.6.1	3.6.1-benchmarks	5c067e6b2f5974ce75e73039f0c98c01da04a71e
org.eclipse.rdf4j	rdf4j-util	3.6.2	-	295a335951028a37d455cb3d776d23bd0c9c57c0
org.eclipse.rdf4j	rdf4j-util	3.6.2	3.6.2-benchmarks	7d409a0520f8033dfa5eb27165c6e40b636dc46c
org.eclipse.rdf4j	rdf4j-util	3.6.3	-	9bfa0e712e3c42d88c5ac3bfdddd82b7653d9bfd
org.eclipse.rdf4j	rdf4j-util	3.6.3	3.6.3-benchmarks	b4203bcbf8b7268bca103bc43ad5d04d75f62a2b
org.eclipse.rdf4j	rdf4j-util	3.7.0	-	28af68d0818214999fe3b3bbe9278616886565e1
org.eclipse.rdf4j	rdf4j-util	3.7.0	3.7.0-benchmarks	9731821cf071c6311e9c5bc3b81427f0e2c9ba2c
org.eclipse.rdf4j	rdf4j-util	3.7.1	-	ae70394386f99e62342008b36b358db367c5080d
org.eclipse.rdf4j	rdf4j-util	3.7.1	3.7.1-benchmarks	0a1d1e6c46de8b0112654bdefe140407557bddfe
org.eclipse.rdf4j	rdf4j-util	3.7.2	-	39bb03aa2f1b558ff6a41533b594a87e79f52a33
org.eclipse.rdf4j	rdf4j-util	3.7.2	3.7.2-benchmarks	c0a976a0578c35e019c952a963425d9d5d2d1dc3
org.eclipse.rdf4j	rdf4j-util	3.7.3	-	1b250032b31ccae28b27886f12298d81f69b38cc
org.eclipse.rdf4j	rdf4j-util	3.7.3	3.7.3-benchmarks	db458e1e73f83dd2e4111ac3bfc7baf08337a892
org.eclipse.rdf4j	rdf4j-util	3.7.4	-	b50fc4644f0ab4607616f4058a0736b0aa1f2c8d
org.eclipse.rdf4j	rdf4j-util	3.7.5	-	c2c77721c21c10b5f03b488e77c4168f201a9e64
org.eclipse.rdf4j	rdf4j-util	3.7.6	-	c31d2c3cb2de10c52f51373b283554c87ef49f1e
org.eclipse.rdf4j	rdf4j-util	3.7.7	-	91338413c5cddcc064724175b76b725d5d46f62d
org.finos.morphir	morphir-toolkit-codec-zio-json_2.13	0.1.1-M02	-	a5e08f654be1967864848ee46905f28435ca9598
org.finos.morphir	morphir-toolkit-codec-zio-json_2.13	0.1.1-M03	-	d35c4f686444e6af8c9d3d9111232351ddb87000
org.finos.morphir	morphir-toolkit-codec-zio-json_2.13	0.2.0	-	e7fb6b1ba3492d820b5aefcb93889cdbdc944153
org.finos.morphir	morphir-toolkit-codec-zio-json_2.13	0.2.1	-	8505a2ae1759959f6bb637a8d321084c2245e4b3
org.finos.morphir	morphir-toolkit-codec-zio-json_2.13	0.2.1-M01	-	5804bcc5a95054d5eb46a65c573a5d7751669e2c
org.finos.morphir	morphir-toolkit-codec-zio-json_2.13	0.3.0	-	98cde1859585bc0fbc0a5dd0128bbab4400435ea
org.finos.morphir	morphir-toolkit-codec-zio-json_2.13	0.3.0-M1	-	5fdff2167bde8eb82de8a783001fca091187bc62
org.finos.morphir	morphir-toolkit-codec-zio-json_2.13	0.3.0-M3	-	5d587a2cfea91b41eacc8d37023e066e0ab9063c
org.finos.morphir	morphir-toolkit-codec-zio-json_2.13	0.3.0-M4	-	f3c8e555e46b1e1d312e6bebac48001db918652f
org.finos.morphir	morphir-toolkit-codec-zio-json_2.13	0.3.0-M5	-	2fec542325184681f4449ec879df9c797961032d
org.finos.morphir	morphir-toolkit-codec-zio-json_2.13	0.3.0.M2	-	2055ad079facf9d52aa623b9e081619ce763312f
org.finos.morphir	morphir-toolkit-codec-zio-json_2.13	0.4.0-M1	-	7cfac7ee501ad013b231f21cb0e930beb7728613
org.finos.morphir	morphir-toolkit-codec-zio-json_2.13	0.4.0-M1-02	-	039eb4fe1949804e2a568101ab755f69fa4f2153
org.finos.morphir	morphir-toolkit-codec-zio-json_2.13	0.4.0-M1-2023.08.04	-	3d63736049cdb8b406fa8bd1b7786e8c4054c5ba
org.finos.morphir	morphir-toolkit-codec-zio-json_2.13	0.4.0-M1-2023.08.07.1	-	3f45d3707228308df94cc1f501853a061a28a4f2
org.finos.morphir	morphir-toolkit-codec-zio-json_2.13	0.4.0-M2	-	b80e895e9ff54ba317f8ba26df16ee8db6f76be8
org.finos.morphir	morphir-toolkit-codec-zio-json_2.13	0.4.0-M3	-	25b5ea121ef8b85289c9634cc345ed0a1f940c71
org.finos.morphir	morphir-toolkit-codec-zio-json_2.13	0.4.0-M4	-	d32121aa022f663fb4e8971b6cea2d735939c81a
org.finos.morphir	morphir-toolkit-codec-zio-json_2.13	0.4.0-M5	-	5e86676b0637538cbf96bbf7f3295c340f5e5b92
org.finos.morphir	morphir-toolkit-codec-zio-json_2.13	0.4.0-M6	-	d2e2c513bb191b96fc2e6c45e02446a1ece0d972
org.finos.morphir	morphir-toolkit-codec-zio-json_2.13	0.4.0-M7	-	4a1996f71a60d0498e9b09339b9a8811598b1f0b
org.finos.morphir	morphir-toolkit-codec-zio-json_2.13	0.4.0-M8	-	8d2593a6973dd06925f9336df87b9f8adf0c6a0e
org.finos.morphir	morphir-toolkit-codec-zio-json_2.13	0.4.0-M9.01	-	9d63eb41f2230f3777ff2111399254752b81ab48
org.finos.morphir	morphir-toolkit-codec-zio-json_2.13	0.4.0-M9.02	-	ddda9eda01f17f6cda4a58f32c63b9e54b0a6a9e
org.finos.morphir	morphir-toolkit-codec-zio-json_2.13	0.4.0-M9.03	-	9522edfa49deaeea63e7b3abe14bafec98146716
org.finos.morphir	morphir-toolkit-codec-zio-json_2.13	0.4.0-M9.04	-	1052e82e9a997d8979e057d1897c646e5872b223
org.finos.morphir	morphir-toolkit-codec-zio-json_2.13	0.4.0-M9.05	-	9ab0b4880a97683386879458416a06e080562e99
org.finos.morphir	morphir-toolkit-codec-zio-json_2.13	0.4.0-RC02.REV01	-	ace43d9381c14e7e7d44cc50ef2cbed51bce041e
org.finos.morphir	morphir-toolkit-codec-zio-json_2.13	0.4.0-RC03	-	f1278078b48a2ce07754ab08b98489383bb6cd5e
org.fiware.kiara	kiaragen-gradle-plugin	0.1.0	-	e1b257a9d4463741e3e630c2f9dafab2901eefe3
org.friendularity	org.friendularity.test.sensors.r50	1.0.0	-	2da3f354f4848f1518bee7d5c7715ce959c2d3e3
org.friendularity	org.friendularity.test.sensors.r50	1.0.1	-	f3f0e651677a7f3401183f5f51955937b16d31bc
org.friendularity	org.friendularity.test.sensors.r50	1.0.2	-	e0be103528285c3ba92828b110177f04a3dfcaac
org.friendularity	org.friendularity.test.sensors.r50	1.0.3	-	16ddfec4495d1aef43e2b1a9a0ab623c001bb283
org.friendularity	org.friendularity.test.sensors.r50	1.0.4	-	3e2ec97befcd04bd04b44a7a98dde96e14b6634b
org.friendularity	org.friendularity.test.sensors.r50	1.0.5	-	549e6eb93c82383f3889ad1c8994262abeefb2b2
org.friendularity	org.friendularity.test.sensors.r50	1.0.6	-	f33884ec35fce8cd44404c09529233e0c2e80a02
org.friendularity	org.friendularity.test.sensors.r50	1.0.7	-	16fb8b831b5da19cac05a6767f6aae96ec2c1f69
org.friendularity	org.friendularity.test.sensors.r50	1.0.8	-	17e32bf043267cd043e486186825d4bb8c061782
org.friendularity	org.friendularity.test.sensors.r50	1.1.1	-	712a80ee1be6ae5d017fb1c874301ce95fe1e93b
org.geomajas.plugin	geomajas-client-gwt-plugin-runtimeconfig-documentation	1.15.1	-	13302238d2abff7ff122fdf5448457fee7b6594b
org.geomajas.plugin	geomajas-client-gwt-plugin-runtimeconfig-documentation	1.15.2	-	9b62ae2135e1694fff319bd114cb50567b4cbc0f
org.geomajas.plugin	geomajas-client-gwt-plugin-runtimeconfig-documentation	1.16.0	-	5b5301de3b441aaeb696194d7e341701381eeda6
org.geomajas.widget	geomajas-widget-searchandfilter-gwt	1.0.0-M1	-	6408457c02082d4e6f8b189e35f0a5e71d6281eb
org.geomajas.widget	geomajas-widget-searchandfilter-gwt	1.0.0-M2	-	41196aece74edbcce30343d31dd65c8875317ec1
org.geomajas.widget	geomajas-widget-searchandfilter-gwt	1.0.0-M3	-	a6341799c26132d1cd5eab0f1af2e8194f340e51
org.geomajas.widget	geomajas-widget-searchandfilter-gwt	1.0.0-M4	-	0d3a122b4f9a0e0188caf832ce6c6d41fb99fb2c
org.geomajas.widget	geomajas-widget-searchandfilter-gwt	1.0.0-M5	-	9ee1ac44b09c303ce6f47ce0b9397abb6617963e
org.geomajas.widget	geomajas-widget-searchandfilter-gwt	1.15.0-M1	-	81f69c1d3788b26533649e7648c45a77a4b2e572
org.geomajas.widget	geomajas-widget-searchandfilter-gwt	1.15.0-M2	-	2de4a507a1cf8b93aa2390722172664152db1400
org.geomajas.widget	geomajas-widget-searchandfilter-gwt	1.15.0-M3	-	8c5f1dd7ed4937f02098e181b3fa017968b694d6
org.geomajas.widget	geomajas-widget-searchandfilter-gwt	1.15.1	-	2e47164c3ffc55d53f9201e4c2c00f6884d0329e
org.geomajas.widget	geomajas-widget-searchandfilter-gwt	1.15.2	-	1736733651d991390a141f4a1b7b63825a533ef0
org.geomajas.widget	geomajas-widget-searchandfilter-gwt	1.16.0	-	a08741b2753387b1a6a6da7759ee2f0efca273e8
org.graalvm.python	python-embedding-tools	24.1.0	-	6831676b56bf79ce27b0f570c5f2feab664f536f
org.graalvm.python	python-embedding-tools	24.1.1	-	4c0b208fd27a48a832013fb12f151f6fe998dc3c
org.graalvm.python	python-embedding-tools	24.1.2	-	a049891fde56c272860d918b0e11d9af26f824d5
org.graalvm.python	python-embedding-tools	24.2.0	-	5507675426bdbd55d13a04cba2760a73df1dae51
org.graalvm.python	python-embedding-tools	24.2.1	-	dbfea2edbd61cf94ee44030085ae65b2ce6ca08b
org.gurux	gurux.dlms	1.0.1	-	9cccd424612e4441e5f298b610452879db4d9743
org.gurux	gurux.dlms	1.0.10	-	cbdde0de5f38184ef833247b2b9aa7f7859b673f
org.gurux	gurux.dlms	1.0.11	-	87531b63565ade8755076eb5b3fd65ab0b1ce598
org.gurux	gurux.dlms	1.0.12	-	b40bb4193a132c7a5b60b3de85030b38185e1e37
org.gurux	gurux.dlms	1.0.13	-	37f11ac150dfdddcdad6e2bfb27a74cf328082a1
org.gurux	gurux.dlms	1.0.2	-	13f57d7abd2b0104c3eca60de2ec8d74c98086b5
org.gurux	gurux.dlms	1.0.3	-	b134fff07f2193a46ec375df83c6ad2a4d4c7bc2
org.gurux	gurux.dlms	1.0.4	-	e9732a360e316c9f81f744a0d737188a6dd6e063
org.gurux	gurux.dlms	1.0.5	-	414ad7a4a35f1c515bdf04cb9b7087a989ceaac9
org.gurux	gurux.dlms	1.0.6	-	1bf049639a37f885cb61f077946fda44fc748baf
org.gurux	gurux.dlms	1.0.7	-	86da1de97318dad0998e194de0bbc0f9faf0ffd1
org.gurux	gurux.dlms	1.0.8	-	365373824cb87d2e45c29a126de60c74abfdfb71
org.gurux	gurux.dlms	1.0.9	-	96c60bba33cbea419c1920224431e575258ecabf
org.gurux	gurux.dlms	1.1.1	-	ea6d3ad2c3c1da28662d3934002409fc3835de7a
org.gurux	gurux.dlms	1.1.14	-	01a955497fdc2bd7467920544f3bd5fcb934f987
org.gurux	gurux.dlms	1.1.3	-	5db3b0f0bdf65a65ae84bb2424c586aadc55c663
org.gurux	gurux.dlms	1.1.4	-	4a335e8fc9bf08fc6873247e84e0ae3d6de13333
org.gurux	gurux.dlms	1.1.5	-	7d0446ba2980952004745d06c73ae792be9a09fd
org.gurux	gurux.dlms	1.1.6	-	aea0b8591a9c057ee79e88b0ec4883b59d8cd99d
org.gurux	gurux.dlms	1.1.7	-	9ac5639266a755edf2c4e0808bb3219870f950a3
org.gurux	gurux.dlms	1.1.8	-	ef4c62440e55880e7fe28657086dc54a7627d243
org.gurux	gurux.dlms	1.1.9	-	4567044588aca75edf2e20ed37b9ffb6547c3e73
org.gurux	gurux.dlms	1.2.1	-	9870a4526cc097875e6810349c9ab1179ec6dd56
org.gurux	gurux.dlms	1.2.10	-	994ca46e7d2f3e36d0a1d616d736e94d69864ae8
org.gurux	gurux.dlms	1.2.11	-	bfa2651285829cc4a73657176dffc31ec8e1d9ce
org.gurux	gurux.dlms	1.2.12	-	a92df714c38e8ff348074d5ffd4f4a06d1c4a539
org.gurux	gurux.dlms	1.2.13	-	b8a92dfb8433571564637a821d73a06d88f31bed
org.gurux	gurux.dlms	1.2.14	-	26e8086bec128885fd2182823831482ce7a9acf6
org.gurux	gurux.dlms	1.2.15	-	d4744b8dd5a558eac777b4f05da4e7a24311fe5a
org.gurux	gurux.dlms	1.2.16	-	eb61e7ad646f20501391396740f5280fed43a4ed
org.gurux	gurux.dlms	1.2.18	-	5952899e7bc1517abd4c393f265f78a6c55742f7
org.gurux	gurux.dlms	1.2.19	-	115cc01f4cc9a126e3af5edfef647dda9e8ddf2d
org.gurux	gurux.dlms	1.2.2	-	f0b5bb2c50a668ba428a53370cf599f99256c199
org.gurux	gurux.dlms	1.2.20	-	16e614541e89092b0fde8140985dc6dd393d2102
org.gurux	gurux.dlms	1.2.22	-	f8583a5988ec432bb921fc88cce2566f5b98be76
org.gurux	gurux.dlms	1.2.24	-	060a7dd261236e38d59f57d1eb1ad7dc73d1fb0c
org.gurux	gurux.dlms	1.2.25	-	e765c06644f57d258f71ef1321f3591308a24541
org.gurux	gurux.dlms	1.2.27	-	e68587b5807569da0a0b286adfe2f825a36f4b8c
org.gurux	gurux.dlms	1.2.28	-	f3af387d864c4b4475e52b4b47f7c305333486d0
org.gurux	gurux.dlms	1.2.29	-	49f9f439f96d6e8694c24c874f297a8a3c43a59f
org.gurux	gurux.dlms	1.2.30	-	1f2b835a7da08c9acd241ab33f4f84494132ab33
org.gurux	gurux.dlms	1.2.31	-	6c7296cbf556ab3a10b176e289f0488521f59091
org.gurux	gurux.dlms	1.2.4	-	45785d1b0d1c8011d87954f5bff4c067ec351c20
org.gurux	gurux.dlms	1.2.8	-	2e16f82f9d376492e7e97b30524af966e6d42ecd
org.gurux	gurux.dlms	1.2.9	-	b1233233bbab8939e277e7480878f6dde1be0b37
org.gurux	gurux.dlms	1.4.1	-	63fccd72e103970db426a0e8b6eed49f4aa1a55e
org.gurux	gurux.dlms	1.4.11	-	c184b8fb771fdde0681e79f53f8ebb785527521a
org.gurux	gurux.dlms	1.4.3	-	83094b2974e648325a0853cf1e7b7cd38a90722c
org.gurux	gurux.dlms	1.4.5	-	a0cfef3a8f09a7393690c12120e9a915a4a4a07b
org.gurux	gurux.dlms	1.4.7	-	cf60553b842ac9724dd6c1cfe0a202ac8a4cdf63
org.gurux	gurux.dlms	1.4.8	-	2a8bbb607251771165fe4cc9fec12be6a0dc15ce
org.gurux	gurux.dlms	2.0.1	-	491b968d16e9f1fb66131d8d26d41c168de1e3cc
org.gurux	gurux.dlms	2.0.10	-	652b1441b38875191d911d577e19cab99e522bbd
org.gurux	gurux.dlms	2.0.2	-	79375fbca02d2ae11f19e0fda05882e3d65f6b83
org.gurux	gurux.dlms	2.0.4	-	a38d84c35ee48c9f38bcf5241111f27046565d87
org.gurux	gurux.dlms	2.0.5	-	700b5adf4fac6e1f473b8eff33df678e59f3c4a5
org.gurux	gurux.dlms	2.0.6	-	0decc753fc49d35343f34ffefdcb2f3986f3721a
org.gurux	gurux.dlms	2.0.7	-	7accb28afbfc3497f1f3000f968443d3d34c805f
org.gurux	gurux.dlms	2.0.8	-	2b41dacaf67f474f647edf6a50e5a7484b61bf7c
org.gurux	gurux.dlms	2.0.9	-	99d8f9e4fb4e6e075542036a2673db49ae1af31b
org.gurux	gurux.dlms	2.1.1	-	03b5a80bbb6bc761a7d750aa5386b087b4cc280a
org.gurux	gurux.dlms	2.1.10	-	c993a93ea519d5ef54780e5891526245eb4283d7
org.gurux	gurux.dlms	2.1.11	-	f57ad9ecc58f7a6bcb510463a89f49039cd5e200
org.gurux	gurux.dlms	2.1.12	-	feff68c069b4e8d08d14896cda17dafba970ce7a
org.gurux	gurux.dlms	2.1.13	-	02f6233fd1bd55914711641b87ff7d174b2fbf0b
org.gurux	gurux.dlms	2.1.14	-	e6cbda8128c2e8378739807006647334e8ff33be
org.gurux	gurux.dlms	2.1.15	-	925b00d750f0f89a11f1615820845faef04ba076
org.gurux	gurux.dlms	2.1.16	-	c5456f0c660016dd2d1fc6f0d88a8238661e820f
org.gurux	gurux.dlms	2.1.2	-	6f19f30fe3f1a28364d6a65d46f61eb8f3673e1d
org.gurux	gurux.dlms	2.1.3	-	9dc680a6bad3b0ffe26630f0a2e9c3a8cbbf1a84
org.gurux	gurux.dlms	2.1.4	-	e4de184b54bd7f78781db0577960455810a91103
org.gurux	gurux.dlms	2.1.5	-	5ddb3e2820f59945b0a0122b817e3bd16d0f0140
org.gurux	gurux.dlms	2.1.6	-	297f274dec086d7392a94f98f5921675f0e2b720
org.gurux	gurux.dlms	2.1.7	-	84c3d8c6dca498c879333e97fcf2e121001019b8
org.gurux	gurux.dlms	2.1.8	-	2990fc8573449882bcd534487d1cba44b81c55fc
org.gurux	gurux.dlms	2.1.9	-	8c9a7f3aaa76338490c2863ec762811ae0226bfa
org.gurux	gurux.dlms	2.2.1	-	2f8f5cdb5ed716d7b6a780ec5c67b5dbb196e548
org.gurux	gurux.dlms	2.2.10	-	a2800fac7caf840fefaf910c7f192105249bbd1b
org.gurux	gurux.dlms	2.2.11	-	3e267f1400b854f6802c2600353c1d3c54227e40
org.gurux	gurux.dlms	2.2.12	-	b499cb0d745d7cfee68c4985566a6f1d9669a2b2
org.gurux	gurux.dlms	2.2.13	-	aaaf9f1aac0050c1abac3da3a83e8797e93464ca
org.gurux	gurux.dlms	2.2.14	-	7c8fe344eced4d04736724e466e6d50d2c511dcb
org.gurux	gurux.dlms	2.2.15	-	2362811f6bddf99238df34532ab4633a910dd41b
org.gurux	gurux.dlms	2.2.16	-	a5865d9ee703d138e74c654352a7fd8aefbfeeb7
org.gurux	gurux.dlms	2.2.17	-	521ee1f8615b55a81b8c0dc5224bc5c9458963cb
org.gurux	gurux.dlms	2.2.18	-	16c0bcf1d24663576d905ae290f27fa5f83778d1
org.gurux	gurux.dlms	2.2.19	-	89a508a6869d0658a6d565fae675f16cf1a2bdd8
org.gurux	gurux.dlms	2.2.2	-	21e600d6273712e52de31189bf6ee755b8ebc5aa
org.gurux	gurux.dlms	2.2.20	-	7a2839b6c59774fb410f351a1e924693127dac15
org.gurux	gurux.dlms	2.2.21	-	c376d1922b43918c01fbb96482afa6694901ecb4
org.gurux	gurux.dlms	2.2.22	-	d831a5483bde6228e39bb86cda4779326427e240
org.gurux	gurux.dlms	2.2.23	-	2a9780661864beb0d13c99119a55868100bf84f4
org.gurux	gurux.dlms	2.2.25	-	cb2ebd272be9c55722e84bc3dfc9233d74ccaf81
org.gurux	gurux.dlms	2.2.26	-	eb3999e510db7061101f31fcd9454a0c1ff2e57b
org.gurux	gurux.dlms	2.2.27	-	d94c0c6f13f7a61778aa0427168bf5707f3c3fd5
org.gurux	gurux.dlms	2.2.28	-	35bc21f4e6bff6c9025108065cbc8abbcfcb0593
org.gurux	gurux.dlms	2.2.3	-	339f8a2b508f866120f1bb637e920c182108dba9
org.gurux	gurux.dlms	2.2.4	-	8dcf7a752507bc5529ac3e7eb3fd4c4abbff0561
org.gurux	gurux.dlms	2.2.5	-	71154713a720de46b481e8fc9d560b7f9e859598
org.gurux	gurux.dlms	2.2.6	-	0e5fb7cb58b8f3b7387b2baf76368fce3e80eb15
org.gurux	gurux.dlms	2.2.7	-	551e5d6ec6bb8a3e4192f37230dbe93f1369614b
org.gurux	gurux.dlms	2.2.8	-	35649395f10f550ea85fa307cfdcbeec39d72c54
org.gurux	gurux.dlms	2.2.9	-	dfbb78b2e2188b13b6021f365d81d86f7d63013d
org.gurux	gurux.dlms	3.0.1	-	7691c0ae4de45aaefd04cffc6d133451d6975554
org.gurux	gurux.dlms	3.0.2	-	5d1828d7db9ca21987e1de936a58b3b83616131e
org.gurux	gurux.dlms	3.0.3	-	5cb27d635fd67798c93358da0be758f70b60cbe1
org.gurux	gurux.dlms	3.0.4	-	2af26c968e6c1f6f0d97e7a8de6ff516b453d072
org.gurux	gurux.dlms	3.0.5	-	7a8d26fac0f508c0825f218b5d6f6cf5a1bb859a
org.gurux	gurux.dlms	3.0.6	-	832c44afac900157ec014faa052e84ff62905768
org.gurux	gurux.dlms	3.1.1	-	43031bcf29020c52057d1f9731252f21eefc8ea0
org.gurux	gurux.dlms	3.1.10	-	b7a184dae35b8d48d4f8926af8e83340e13d1b1d
org.gurux	gurux.dlms	3.1.11	-	535eef93ebc4924da632a7211fefd53e68d99553
org.gurux	gurux.dlms	3.1.12	-	2a81f7e13687fb4859ff49fd7466c284b7cd4fb4
org.gurux	gurux.dlms	3.1.13	-	e0d7c3daec43df5705cc42ab145c2b0c73354e00
org.gurux	gurux.dlms	3.1.14	-	367648c04e1054101592eacc584007ee2394fb15
org.gurux	gurux.dlms	3.1.15	-	24e4b333444c061866baa604b69572d940471efe
org.gurux	gurux.dlms	3.1.16	-	7effa39e1717cd9d7703798150d65463ef91ace6
org.gurux	gurux.dlms	3.1.2	-	ea59f75474fa8bd3231635ef1ccf9be398cc4b53
org.gurux	gurux.dlms	3.1.3	-	0de0493887bc386e5f5847528f37de438df297d6
org.gurux	gurux.dlms	3.1.4	-	307c277f6a411afbeea1a336d0923075a0e75dc2
org.gurux	gurux.dlms	3.1.5	-	6335fe0efef876f9f698cee2e35d3aac0b82dcf4
org.gurux	gurux.dlms	3.1.6	-	860230f60b4f8a402731fe3bf50fb22ae4b71b9f
org.gurux	gurux.dlms	3.1.7	-	e216d22f20d937607d39b85c89fe6f458d23fdcb
org.gurux	gurux.dlms	3.1.8	-	d21d1fe1a3ca53c828dee94a9153203d9024925a
org.gurux	gurux.dlms	3.1.9	-	5667f3552c57f769095d438c445f526b89eada42
org.gurux	gurux.dlms	4.0.1	-	dc5e09f08a3218f345cca6c69d8495e59f65265e
org.gurux	gurux.dlms	4.0.10	-	ece6917a8587e5ae86986578fd44c6684bad5b65
org.gurux	gurux.dlms	4.0.11	-	5d973e2bb1cdd937c5989a35026420ed4b5ee7dc
org.gurux	gurux.dlms	4.0.12	-	0d5207b18f007d34563053addbea5c586616e69f
org.gurux	gurux.dlms	4.0.13	-	53d5fc03dcb5c457e22e3123f8d447cee0b6074a
org.gurux	gurux.dlms	4.0.14	-	b06a8711408211f472f3155d8c00c11b8f0bc936
org.gurux	gurux.dlms	4.0.15	-	149906ff71688e230adfc11de245747c0ae8fb86
org.gurux	gurux.dlms	4.0.16	-	1639ea00ac7518f62e400c64260094785b35d7ca
org.gurux	gurux.dlms	4.0.17	-	2943e9901aa4c9d9c55406894eafe3084b577760
org.gurux	gurux.dlms	4.0.18	-	0d6a784e889464a9442ef2bf4a6a980a53608e9e
org.gurux	gurux.dlms	4.0.19	-	03b2a2b2417770b9f1317f15c442d6ae6dbe3ef1
org.gurux	gurux.dlms	4.0.2	-	73bb9e58add6c1cd82271ff581e8f8e8e0800533
org.gurux	gurux.dlms	4.0.20	-	c9d9015d5bc457ca0f1b0670c9418cd6c88b1152
org.gurux	gurux.dlms	4.0.21	-	299c7a2675dcabf7191a4d47caa728e94bc1d423
org.gurux	gurux.dlms	4.0.22	-	a153a577c55d6f14b5432722fd4c023cf8373e03
org.gurux	gurux.dlms	4.0.23	-	ccab2dbe1dfaff1b60cfd292e1fdc6c11f01c04f
org.gurux	gurux.dlms	4.0.24	-	d108e442af2cf9aa8d21c1671d972e0e5dfe4713
org.gurux	gurux.dlms	4.0.25	-	2c31ff47605f5bfe39e99d5caa8e6ea4ff5d3625
org.gurux	gurux.dlms	4.0.26	-	277948eec78ac899eb860c7b690cf1e30b36a80c
org.gurux	gurux.dlms	4.0.28	-	9ab5eb25e3d3eba97179f97f4255784196844b66
org.gurux	gurux.dlms	4.0.29	-	c3dd48f1c7f80d19f824f6b81564c84c8c45b3c0
org.gurux	gurux.dlms	4.0.3	-	0b3ebfae0bbbfe5886798e483a6d3e69e3d3fe6f
org.gurux	gurux.dlms	4.0.30	-	833039bb4a02c3b35855fe0c8d43956c6ea22ae9
org.gurux	gurux.dlms	4.0.31	-	4f69363647d5ffb59da9e322291c7f8e9df3ce80
org.gurux	gurux.dlms	4.0.32	-	4c82baac22aa5bcffbecaa95a4e8d80f458efb76
org.gurux	gurux.dlms	4.0.33	-	0f618bdd7e18b2679441343595cf9d24b6f64678
org.gurux	gurux.dlms	4.0.34	-	24867263ff2159b0ec7770e32932cc54c9759ece
org.gurux	gurux.dlms	4.0.35	-	5ffd5c864c75fd65be950967d3d69756aaf7c0dd
org.gurux	gurux.dlms	4.0.36	-	a72f3702a218d4f3a7781e8b5324786facd42e64
org.gurux	gurux.dlms	4.0.37	-	0c7fdcd4eaf69ed6e0e38bf02f6948ab81031b2b
org.gurux	gurux.dlms	4.0.38	-	4caa6f2293eda012eb58053e423344a8d63c14e8
org.gurux	gurux.dlms	4.0.39	-	4abb11fa56ee3bf66e1269acac61db04a8e55c60
org.gurux	gurux.dlms	4.0.4	-	f3a5a08f63144b8d9d1fa331dec46f1fc6c731ce
org.gurux	gurux.dlms	4.0.41	-	f583e15f7532c1aa5c5a776ce3975fb24ee18b38
org.gurux	gurux.dlms	4.0.42	-	18b2aa2daaeb68c48cad976e11a04799d2ba3471
org.gurux	gurux.dlms	4.0.43	-	a6cbdce2564588784915c11f6fe62b3a84dbd567
org.gurux	gurux.dlms	4.0.44	-	2201576f8749e4a12f784a38aad7048a4ef1e1ac
org.gurux	gurux.dlms	4.0.45	-	b091389717d3beaf155dc94e9b9147916dce1cdb
org.gurux	gurux.dlms	4.0.46	-	d851fdcc2a556c1481f590c50413b5112a4e9eca
org.gurux	gurux.dlms	4.0.47	-	03a4c4e5c3dfaf76c19191067246318b75ca7312
org.gurux	gurux.dlms	4.0.48	-	8e3da64081ceaeef162c179db69afd5e22a42782
org.gurux	gurux.dlms	4.0.49	-	911054a98e4200c6298860aaa978afc7257ab4b4
org.gurux	gurux.dlms	4.0.5	-	070c80fcc134d58975c26abe0325f0eb5dbdda32
org.gurux	gurux.dlms	4.0.50	-	2c11fb2e588fe579a6d4b46a90a21234e4c91b7e
org.gurux	gurux.dlms	4.0.51	-	285b3396ede9147fce0bbf61c5d2d3917acf57db
org.gurux	gurux.dlms	4.0.52	-	8dfa9365d3aecf00378f2fe9beb9a8d4d8df8b8d
org.gurux	gurux.dlms	4.0.53	-	415a970b05276df067e04d08e5f4a6285d888a8d
org.gurux	gurux.dlms	4.0.54	-	d5541643c5e1a455cce930bc4229956ac830e075
org.gurux	gurux.dlms	4.0.55	-	c98b2f4744a2386e7edf3108f3cdd49eea484b15
org.gurux	gurux.dlms	4.0.56	-	4f889bff6a11f0e406b19c62bbfa21f2544b402d
org.gurux	gurux.dlms	4.0.57	-	8447c37c8218e87cf0f31ee2b78c94e50a05e268
org.gurux	gurux.dlms	4.0.58	-	245c9633d4660566fb2441d197d92bdae9f4722c
org.gurux	gurux.dlms	4.0.59	-	0f27cd4241c7ba13350596426f055478fed86c71
org.gurux	gurux.dlms	4.0.6	-	2ecf329e42876c2f2cb7734d123ea56edfe9b62a
org.gurux	gurux.dlms	4.0.60	-	76a340587c1daf96eca113426c7b078487a4c01c
org.gurux	gurux.dlms	4.0.61	-	21f6b2cd0c874113a491cd729d3de9a9acb15f0a
org.gurux	gurux.dlms	4.0.62	-	935053ac6d8e4c7447511608f0c93f4f5e3244c1
org.gurux	gurux.dlms	4.0.63	-	f0142477c21cbab85c6bd474c139ed4087748ae9
org.gurux	gurux.dlms	4.0.64	-	21dbe27bdf60b563a0aa18aaa05d94e869868e9e
org.gurux	gurux.dlms	4.0.65	-	e65b2b65bfbff67fe451a503ed16949e3d484126
org.gurux	gurux.dlms	4.0.66	-	f91b667f3718efe833ea7fa57b4419bd24867d31
org.gurux	gurux.dlms	4.0.67	-	0e5d31b0622c879132a083652fc9c4396b13cfcf
org.gurux	gurux.dlms	4.0.68	-	d806664428985ecd4f0b5163edfbd932b1a4965c
org.gurux	gurux.dlms	4.0.69	-	7f1e1dc3ecc569eaade2ac748127ee67f7740760
org.gurux	gurux.dlms	4.0.7	-	67bfa9534477ba9cf2c4c9595fb6422afa5fd2a7
org.gurux	gurux.dlms	4.0.70	-	3306dfb52d39c1fd6ce60e0fc72a4bbe0166047a
org.gurux	gurux.dlms	4.0.71	-	cd342012d1199fad28a4cee7f1d4c3fe43e04a74
org.gurux	gurux.dlms	4.0.72	-	38c18aec79acca2bcc3d0b2aac8d96f4beb43bef
org.gurux	gurux.dlms	4.0.73	-	7c66c8faf2f04d82d09e2501f314a1233bc2833d
org.gurux	gurux.dlms	4.0.74	-	a5add39fb82ad12dae5948228a31aa796e1cfac3
org.gurux	gurux.dlms	4.0.75	-	19a196d20c2be56dcd0feae2be322b01414d2696
org.gurux	gurux.dlms	4.0.76	-	797ec11f06eaf3be0ed072f1d17e56f3d81b2c63
org.gurux	gurux.dlms	4.0.77	-	dedc077df8c471cd2dccd7a112e18a37765d9fc5
org.gurux	gurux.dlms	4.0.78	-	ef71e21d5c26bf037c83c47def77b10d832e69ad
org.gurux	gurux.dlms	4.0.8	-	007c10abf06c5bd6861211d19e2d584e430b03f4
org.gurux	gurux.dlms	4.0.9	-	7d0cd8e6f51a105fe8e7d5b8ff08f47915d5ed5c
org.helgoboss	scala-logging	1.0.0	-	d48c84de2da75feb3566ea75959c60f2f86b3d62
org.jasig.portlet.proxy	WebProxyPortlet	2.0-M1	2.0-M1-classes	444e232a6145dbc9452654ab83f95d4a71a28a5d
org.jasig.portlet.proxy	WebProxyPortlet	2.0.0	2.0.0-classes	6149c7d236281626475f1c986a463069708b1f8f
org.jasig.portlet.proxy	WebProxyPortlet	2.0.0-M2	2.0.0-M2-classes	9a67e4e1a0815f1087f6418c5ff9b8edbf0056ee
org.jasig.portlet.proxy	WebProxyPortlet	2.0.0-M3	2.0.0-M3-classes	3b52b42275b7a8e30b7bb9d3089db1561327bea9
org.jasig.portlet.proxy	WebProxyPortlet	2.0.0-M4	2.0.0-M4-classes	af77cfa9454216e292fd3c8059869b8ad4f9820e
org.jasig.portlet.proxy	WebProxyPortlet	2.0.0-M5	2.0.0-M5-classes	ea72cc4292108bddd304e550dd7184f3d96740e8
org.jasig.portlet.proxy	WebProxyPortlet	2.0.1	2.0.1-classes	264843ba478c0dd288195c79b187e2efbf648adc
org.jasig.portlet.proxy	WebProxyPortlet	2.1.0	2.1.0-classes	45db38701d988347f26a546c2aba81094d3ef6fc
org.jasig.portlet.proxy	WebProxyPortlet	2.1.1	2.1.1-classes	b72c376026f9800cea9b2a27b3ab8ff82540bc71
org.jasig.portlet.proxy	WebProxyPortlet	2.1.2	2.1.2-classes	60e2206af660b964150c695da201e3cd83a02e86
org.jasig.portlet.proxy	WebProxyPortlet	2.2.1	2.2.1-classes	e19741732b00b07b2203d5b4582510b19717b8bf
org.jasig.portlet.proxy	WebProxyPortlet	2.2.2	2.2.2-classes	e1c4d714e895d5db7fa592913a32add3716dfa13
org.jasig.portlet.proxy	WebProxyPortlet	2.3.0	2.3.0-classes	73893e33b634b03d7a6c36ea307a80eec2c46981
org.jasig.portlet.proxy	WebProxyPortlet	2.3.1	2.3.1-classes	15378c2698605da935f85e177f28847b5cc803b1
org.jasig.portlet.proxy	WebProxyPortlet	2.3.2	2.3.2-classes	0d7978dbea50fb93332e8e07b0d402914ec0ca43
org.jasig.portlet.proxy	WebProxyPortlet	2.3.3	2.3.3-classes	b1637c5ef819463539c8cafa5c63402ce83ff520
org.jasig.portlet.proxy	WebProxyPortlet	2.3.4	2.3.4-classes	857581be78f47ce1677d2aeb5324f31db57babba
org.jasig.portlet.proxy	WebProxyPortlet	2.3.5	2.3.5-classes	b4590796ceed61975e43f33b1c70d0a3f19bb4ca
org.jasig.portlet.proxy	WebProxyPortlet	2.3.6	2.3.6-classes	f5fea5f43d6b456e3224daab50774e6da6352021
org.jasig.portlet.proxy	WebProxyPortlet	2.3.7	2.3.7-classes	15078fd807c154c9f7a0645331f68fa0e1ae9059
org.jasig.portlet.proxy	WebProxyPortlet	2.4.0	2.4.0-classes	4493c5f19df99da93a8c7c951c094cd9bad9763c
org.javolution	javolution-msvc	1.0.0	-	f2ea3ab57f6d9ebbef54866013eaea2503d43778
org.jboss.forge.test	arquillian-forge-core	2.0.0.Alpha5	-	138786b4e0b5fff5e6029db04b9c5d80e5415778
org.jboss.forge.test	arquillian-forge-core	2.0.0.Alpha6	-	e3797b754caabe660bdaf768941a58b14496a1d2
org.jboss.resteasy	abdera-atom-provider	1.0-RC1	-	1d75dfa5fcfa0f8c538e567091d7d38e0839dd7d
org.jboss.resteasy	abdera-atom-provider	1.0-beta-9	-	5124699289601573808205f262f8cac2e4fb200d
org.jboss.resteasy	abdera-atom-provider	1.0.0.GA	-	23d54f418dd2c176d49d8a2efc488b453bb2a5aa
org.jboss.resteasy	abdera-atom-provider	1.0.1.GA	-	dd95dbc4f296bf2b8513c97a4db2861362e89ce0
org.jboss.resteasy	abdera-atom-provider	1.0.2.GA	-	2ca8bf220e294581c118a06c3e94f78009ef7422
org.jboss.resteasy	abdera-atom-provider	1.1-RC1	-	8cbcf8f8f6299e12f883ae17e5a821f16c6a06e5
org.jboss.resteasy	abdera-atom-provider	1.1-RC2	-	e2d0a213de46a5509943901cfc90a4b6225a6d25
org.jboss.resteasy	abdera-atom-provider	1.1.GA	-	14acea395a75edcefb6a556eedb705f09fe1538b
org.jboss.resteasy	abdera-atom-provider	1.2.1.GA	-	5d915cf69974bfe119a27595a047ded3629d544c
org.jboss.resteasy	abdera-atom-provider	1.2.GA	-	43b1e1c413ac317bda186b3991d5bb4a31ee1b37
org.jboss.resteasy	abdera-atom-provider	1.2.RC1	-	05e6fb4d0110b321ea26921bfa2f0c3fa89c5127
org.jboss.resteasy	abdera-atom-provider	2.0-RC1	-	11cf1f7b8a6d236bd8766425bed8d56277cceb4c
org.jboss.resteasy	abdera-atom-provider	2.0-beta-1	-	90a70357cbdada643bed16b5b128cf1217b20e62
org.jboss.resteasy	abdera-atom-provider	2.0-beta-2	-	338d6592de7bfc238ffb92ae099009866ab38f04
org.jboss.resteasy	abdera-atom-provider	2.0-beta-3	-	3d0df02a2bbace86a03cdf9766034afd6ca7a864
org.jboss.resteasy	abdera-atom-provider	2.0-beta-4	-	9907146f497901f48262098e5dcc080b1720c0d5
org.jboss.resteasy	abdera-atom-provider	2.0.0.GA	-	d7bbdd89c25a3a9b7e5dfe1fdab5a435e71ebcf6
org.jboss.resteasy	abdera-atom-provider	2.0.1.GA	-	fd2edd0a04d4ef9820e446e2a73615921d96a41f
org.jboss.resteasy	abdera-atom-provider	2.1-beta-1	-	b7db3c9a618fb8ccdbdd38eb456552fbfd9602c5
org.jboss.resteasy	abdera-atom-provider	2.1.0.GA	-	bbd80233ba79e20743478c30dfa819c88ad29e94
org.jboss.resteasy	abdera-atom-provider	2.2-RC-1	-	89d517e6e9f6fa6146800990ba5a61867ef1e65b
org.jboss.resteasy	abdera-atom-provider	2.2-beta-1	-	1c99943537ed7df62b380723e6cea5216caa49bf
org.jboss.resteasy	abdera-atom-provider	2.2.0.GA	-	97debb5b66447c370b8e2420ae687b00cdef1d2f
org.jboss.resteasy	abdera-atom-provider	2.2.1.GA	-	e6d3cd2125a18fb7993d6ad6f3a118ee83d93ec0
org.jboss.resteasy	abdera-atom-provider	2.2.2.GA	-	39fb61279bd7e361208b6ebefc42a60a49cfa519
org.jboss.resteasy	abdera-atom-provider	2.2.3.GA	-	61a9ffbff26db02e0f22fe0144bda511c1a4299c
org.jboss.resteasy	abdera-atom-provider	2.3-beta-1	-	bfbcfc140e66c608ce22b43d0b2baddfabc0f6de
org.jboss.weld.osgi	weld-osgi-core-mandatory	1.2.0.Beta1	-	4b466e85aeeefd783a07c08ab9b11300457f6053
org.jfarcand	wcs	1.0.0	-	88623437a684b39d08d0b1904821bb4b401a45e0
org.jfarcand	wcs	1.0.0	1.0.0-all	eb37aefa7ceba0226c09b6d5e960a6e489257f51
org.jfarcand	wcs	1.0.1	-	6b7359fb21af2e0b4a13b22f02eae4006dbb3db3
org.jfarcand	wcs	1.0.1	1.0.1-all	1b1ec7e58a2a90d766169b599892d5316afc2b5b
org.jfarcand	wcs	1.1	-	3f5fb04b2dbf08393621c81d3c637ae4391823a8
org.jfarcand	wcs	1.1	1.1-all	94a43b8396c0d4a95c21f8e07627ba62f39fe143
org.jfarcand	wcs	1.2	-	c2c5102bc37a5512dbbfafba8bcb373a1f7c1b10
org.jfarcand	wcs	1.2	1.2-all	b63e3231ecf6aca80876dfec44033dbd70f20128
org.jfarcand	wcs	1.3	-	0742ae301faf1f81e50e03fc230d7f009661250b
org.jfarcand	wcs	1.3	1.3-all	b7bbc39b0a726b9d4ac0bde6e1ba00cfba1426a1
org.jfarcand	wcs	1.3.1	-	aed10577c3b1636b7112dd1a9eb80a639cd1aba7
org.jfarcand	wcs	1.3.1	1.3.1-all	65a10614ab0cc185a7046235969154ee160c5e29
org.jfarcand	wcs	1.4	-	0ea4d589b8adcc7afb0cbf4c458a97582afafd99
org.jfarcand	wcs	1.4	1.4-all	7fd29ed7d655eb435c8fb697874d79bc653add3f
org.jfarcand	wcs	1.5	-	76d4191d3d68a2c3799eab751386b8129db42513
org.jfarcand	wcs	1.5	1.5-all	c13d807769e9c85dfe46d5603d48afba261da537
org.jobrunr	jobrunr	0.9.10	-	12b85c5a904f470dbb350c9dc72c7c32f6a3a852
org.jobrunr	jobrunr	0.9.10	0.9.10-test-fixtures	43d8a76289e5ea17b962a6dd0cd8e4ca6506d117
org.jobrunr	jobrunr	0.9.11	-	59451139b4b49b45681b50226784f667bcf73fe4
org.jobrunr	jobrunr	0.9.11	0.9.11-test-fixtures	6c7f942f3e79dbca309d1557e8854d2fe3765723
org.jobrunr	jobrunr	0.9.12	-	797502b2c75c4353b7d9473a9d6316d2f3662092
org.jobrunr	jobrunr	0.9.12	0.9.12-test-fixtures	134704232fdbd2f40f85f4df776c6776528bff26
org.jobrunr	jobrunr	0.9.13	-	fe4d5f7ca504e66a247ee345133dbe7d2419080e
org.jobrunr	jobrunr	0.9.13	0.9.13-test-fixtures	b77cb841ebce9f73b376b13d319a0c519321e46e
org.jobrunr	jobrunr	0.9.14	-	fe990eb4ef0866c2fc47e2602e885a3c1d04c9a6
org.jobrunr	jobrunr	0.9.14	0.9.14-test-fixtures	9b5e69b543dfd42101a6e885c4ced2d0a057a3b1
org.jobrunr	jobrunr	0.9.15	-	0e99b122a69d32acddd459ecfe8c3932e33dddb3
org.jobrunr	jobrunr	0.9.15	0.9.15-test-fixtures	09df4863cd10369bfbc50074e133a11b7bbf7a18
org.jobrunr	jobrunr	0.9.16	-	71151e5b512cd8f42806ef32e21317f473046ad8
org.jobrunr	jobrunr	0.9.16	0.9.16-test-fixtures	405937fa7a9f86edd8d7f12919612e323a65b1b5
org.jobrunr	jobrunr	0.9.17	-	1f77adc8eef12d0c0b5f37664e905b29b7f5ee8a
org.jobrunr	jobrunr	0.9.17	0.9.17-test-fixtures	e073d9a60666aef72ff3b27b342d79a7c04d6f82
org.jobrunr	jobrunr	0.9.19	-	adf88c7e584529e3b28e7ce0ca29d6ea3a417aef
org.jobrunr	jobrunr	0.9.19	0.9.19-test-fixtures	5c6f4845a4d7519456a92b0fc2b3502d00bdbc3d
org.jobrunr	jobrunr	0.9.7	-	b847b8fc39f26be61430d4cd8125d6c9f4340b61
org.jobrunr	jobrunr	0.9.7	0.9.7-test-fixtures	f2680ba5d78c8f36048d18ebc873702d1eaf6c8c
org.jobrunr	jobrunr	0.9.8	-	e10a65ac5f687e990bd84d79689651e554bc398c
org.jobrunr	jobrunr	0.9.8	0.9.8-test-fixtures	13cf5e4731ce6ad2b34bbf4089fee4737c949c1c
org.jobrunr	jobrunr	0.9.9	-	c8e64de4637a30256a9b9a0086f185847c8157c2
org.jobrunr	jobrunr	0.9.9	0.9.9-test-fixtures	231bd2fcd72bdd519fc4e36195ac87cc4ff92262
org.jobrunr	jobrunr	1.0.0	-	5b8b7e79406912c3955f94bfec0386e8100ec166
org.jobrunr	jobrunr	1.0.0	1.0.0-test-fixtures	2ea3d8445fa3079cba11669ea1615f2bd8260383
org.jobrunr	jobrunr	1.0.1	-	f559993251361251b58249d5954a7a15b2ce238b
org.jobrunr	jobrunr	1.0.1	1.0.1-test-fixtures	45064f7f286ca7e3bf12e5c9f5f6a71fa1faaae5
org.jobrunr	jobrunr	1.1.0	-	74132236e76888f77370d856d1798527aa35fe9f
org.jobrunr	jobrunr	1.1.0	1.1.0-test-fixtures	d00c4182258feb77659779793a269fd5aa53f1b4
org.jobrunr	jobrunr	1.1.1	-	ac724725c93740875e8071af23d0113eaa3a9193
org.jobrunr	jobrunr	1.1.1	1.1.1-test-fixtures	49e1f869a5aad18b1609be0c8f3d397174eebea5
org.jobrunr	jobrunr	1.2.0	-	64f7f0b5f57b1bde8274008282029a2fa4f29244
org.jobrunr	jobrunr	1.2.0	1.2.0-test-fixtures	10f2336cc16b6555ec8171c042d3064ee69cc1cf
org.jobrunr	jobrunr	1.2.1	-	e3d1720505c5298bc3b30104cced78a47074e824
org.jobrunr	jobrunr	1.2.1	1.2.1-test-fixtures	5cfa95f0b4a98f437438962496d1fd42300ed68d
org.jobrunr	jobrunr	1.2.2	-	05dd38730c5627aa2dc02c461074354c2726e85c
org.jobrunr	jobrunr	1.2.2	1.2.2-test-fixtures	18db097f2d1e7fdbcfe58bef9c8068bcb51c0d4a
org.jobrunr	jobrunr	1.2.3	-	39fe55a75089a3da3cbc0f0e23474beab636c48f
org.jobrunr	jobrunr	1.2.3	1.2.3-test-fixtures	29f32c3d3bd2022a6e87155a405de67350b0a9ae
org.jobrunr	jobrunr	1.2.4	-	8cacb3bc95554c96f76473727d06345aa7a4ddb6
org.jobrunr	jobrunr	1.2.4	1.2.4-test-fixtures	df6cbc45fa7c4f439b65327f895089633ccdcae0
org.jobrunr	jobrunr	1.2.5	-	0acaf45c2a7f09180243a0824bc0fec33f798c01
org.jobrunr	jobrunr	1.2.5	1.2.5-test-fixtures	191b31e561524d77aaa4f4a5ef908928a832a69c
org.jobrunr	jobrunr	1.3.0	-	553eae83e7103782693b9127a82980bbba8e4fc4
org.jobrunr	jobrunr	1.3.0	1.3.0-test-fixtures	8f97587278885b7007422f49719fdf8707bf3ce4
org.jobrunr	jobrunr	1.3.1	-	f0aed55235d44508d1328ff9c836a62657d31c74
org.jobrunr	jobrunr	1.3.1	1.3.1-test-fixtures	90a0c32049473593eece2285941f7e5c5a5b1521
org.jobrunr	jobrunr	2.0.0	-	9f8c223d7f55df5cbd238fe8c4c77041a0283d12
org.jobrunr	jobrunr	2.0.0	2.0.0-test-fixtures	dfed330bffa7291c0bbbd39141a37534b39bb6df
org.jobrunr	jobrunr	2.0.1	-	3d49b16601bdd8c55fecc9b80c467accffc4b713
org.jobrunr	jobrunr	2.0.1	2.0.1-test-fixtures	8aab4f3629348670b4bbb06b8a248e86b8149586
org.jobrunr	jobrunr	3.0.0	-	ee4a6ae8dcaf9802dd0d849894440d5095a949aa
org.jobrunr	jobrunr	3.0.0	3.0.0-test-fixtures	c4edce833ec1e93cdf8144b8b7c8a0a7f222227f
org.jobrunr	jobrunr	3.0.1	-	d7d38e36a2f2852faaaa275106f92799260ddad6
org.jobrunr	jobrunr	3.0.1	3.0.1-test-fixtures	eefe03858508d8d74de579d835e877fc40c03265
org.jobrunr	jobrunr	3.1.0	-	c9a7fa31da38434728c9823d20c2185095b98c62
org.jobrunr	jobrunr	3.1.0	3.1.0-test-fixtures	4cadb294da243fd535a72ea858e53da2f2681c3f
org.jobrunr	jobrunr	3.1.1	-	963e1bacb721b84600a3c4507a458e5e76df1b50
org.jobrunr	jobrunr	3.1.1	3.1.1-test-fixtures	0102c65ec4642d0dc8f16ffd6e2391034db991d3
org.jobrunr	jobrunr	3.1.2	-	56f02931d8a0ad949ae5c948e63e70563b91b5cc
org.jobrunr	jobrunr	3.1.2	3.1.2-test-fixtures	9fb89dfe1183ef2134f9339e73d1428f232c3df3
org.jobrunr	jobrunr	3.2.0	-	2bb24fe0880de86428969ea399f0ea45c2b1d2f7
org.jobrunr	jobrunr	3.2.0	3.2.0-test-fixtures	c882db02f87869dd276b0b13da31cb23a3c91cbc
org.jobrunr	jobrunr	3.2.1	-	a4e96c5453655a5abb1d9673f5ca6dcb0f2bf367
org.jobrunr	jobrunr	3.2.1	3.2.1-test-fixtures	08d1f6ca6b41fc41a0416a89d8bbe7019068dff5
org.jobrunr	jobrunr	4.0.0	-	24c658f49f337dc04aa4753fecaa12866ecb3940
org.jobrunr	jobrunr	4.0.0	4.0.0-test-fixtures	0260861b964d394a7601d7c6c55517f07bb47f5a
org.jobrunr	jobrunr	4.0.0-RC1	-	6d23a8e062e71d0cd13722f4b04d0f4dfa54f8ad
org.jobrunr	jobrunr	4.0.0-RC1	4.0.0-RC1-test-fixtures	4165c9fbcd7855926736b8638893ae659037ad1f
org.jobrunr	jobrunr	4.0.0-RC2	-	f7733ea2a6744eada83ecdfc10971e56ae5a04ca
org.jobrunr	jobrunr	4.0.0-RC2	4.0.0-RC2-test-fixtures	005155dc755c798d0137ad0cb4cf85a737c0f80c
org.jobrunr	jobrunr	4.0.0-RC3	-	2a0520b58b7fcc0ed19032d1a2c9d6c24db90111
org.jobrunr	jobrunr	4.0.0-RC3	4.0.0-RC3-test-fixtures	c311ae4b110883150fd33b3245e367a3bab43b85
org.jobrunr	jobrunr	4.0.1	-	b5679534f741f793479999fe9ce1fd44bfa2d2ce
org.jobrunr	jobrunr	4.0.1	4.0.1-test-fixtures	4c66d8faa169dc9310db5a68ac70f6d24218e1f9
org.jobrunr	jobrunr	4.0.10	-	474c0e2043f9358abdcfa287b6be0f3da4de0341
org.jobrunr	jobrunr	4.0.10	4.0.10-test-fixtures	d5dcd17cf857a5d30f214bed76337f0c46c91113
org.jobrunr	jobrunr	4.0.2	-	1156d66f14e0906b5798605657a427314120f53b
org.jobrunr	jobrunr	4.0.2	4.0.2-test-fixtures	6033bc0309c2044bf454dd13406aa58d7e0d4b8b
org.jobrunr	jobrunr	4.0.3	-	ea4fc7066077d9d3c8b0ce587c639586fa29d732
org.jobrunr	jobrunr	4.0.3	4.0.3-test-fixtures	4b670085a718759e7782898ffd3732ed976467cd
org.jobrunr	jobrunr	4.0.4	-	3953a7b4c442c3660b12444f495d3aab3ad8e4f7
org.jobrunr	jobrunr	4.0.4	4.0.4-test-fixtures	8b525fab1b3dac6887703b37c86884d7fa833478
org.jobrunr	jobrunr	4.0.5	-	b7fad38374590862016a217158d73b0728fc6bd2
org.jobrunr	jobrunr	4.0.5	4.0.5-test-fixtures	68f50a14b4f0dd92459c5e74fa3f24d9b72b1040
org.jobrunr	jobrunr	4.0.6	-	d838051cc605dc3fef7bab8cd7d383895594f2f6
org.jobrunr	jobrunr	4.0.6	4.0.6-test-fixtures	8d88a57a82904869c4c83fd3a29d14e2a4c22fd8
org.jobrunr	jobrunr	4.0.7	-	a7a7dd95ac6f1791d5a2a3ad8693142f6aba2425
org.jobrunr	jobrunr	4.0.7	4.0.7-test-fixtures	831f17d229af811ed4b17eb4f676bad9ad480d69
org.jobrunr	jobrunr	4.0.8	-	f7e5820c026439390d8e79b9847d52a09bc32126
org.jobrunr	jobrunr	4.0.8	4.0.8-test-fixtures	f73de842f63bc44c73d25d18923945a638f58cc6
org.jobrunr	jobrunr	4.0.9	-	9c11c7a9c537f36f3cdc40222f60eed844466411
org.jobrunr	jobrunr	4.0.9	4.0.9-test-fixtures	74bdab35fa5cfb417b3cb20ecd8a7e2ea25cb578
org.jobrunr	jobrunr	4.1.0-RC1	-	a09dd896abe3944d45e4527010cf7251a82f1d76
org.jobrunr	jobrunr	4.1.0-RC1	4.1.0-RC1-test-fixtures	75da13470a6d4c0b286e6525f455e2e67152a1f1
org.jobrunr	jobrunr	4.1.0-RC2	-	470e1f38395fb2d84306d2357eed5b6b14d7c2f8
org.jobrunr	jobrunr	4.1.0-RC2	4.1.0-RC2-test-fixtures	6ebad64e4e02f5499e99b3a96f71da9e35ad1105
org.jobrunr	jobrunr	5.0.0	-	c8da6ec67a162df93f8c878977f7c6e1b04f9630
org.jobrunr	jobrunr	5.0.0	5.0.0-test-fixtures	017a157476c87941f605050b15f2d1b4aafabc20
org.jobrunr	jobrunr	5.0.0-RC1	-	347d449db278ba7c56d07a49835ad399d36ae3a4
org.jobrunr	jobrunr	5.0.0-RC1	5.0.0-RC1-test-fixtures	505e8c30cd74c6498646213bbf6297854a4a2b7b
org.jobrunr	jobrunr	5.0.1	-	161350e0a7c7ac6d559b01fa2ffc6317f6083b1b
org.jobrunr	jobrunr	5.0.1	5.0.1-test-fixtures	2982ae3f4d4369faf87685d038734a90f51cfa0b
org.jobrunr	jobrunr	5.1.0	-	e95245f261e15cb529dbfe597bd367e7d187cc1e
org.jobrunr	jobrunr	5.1.0	5.1.0-test-fixtures	617dc58b6616448ec16c75c65a20c22af1f28c69
org.jobrunr	jobrunr	5.1.1	-	22d165db1a503f67441db6a56678a5d140b1ad47
org.jobrunr	jobrunr	5.1.1	5.1.1-test-fixtures	3efdbd73187967b44c820a10e22096f88df1689d
org.jobrunr	jobrunr	5.1.2	-	550a28604105730610e4abcf2f1e09090f7ef2cd
org.jobrunr	jobrunr	5.1.2	5.1.2-test-fixtures	9e6f0a62661879854549acdfb237b80b61d0a9a8
org.jobrunr	jobrunr	5.1.3	-	a565addb1562cf6d9d7a8b727596ab652ecdeee3
org.jobrunr	jobrunr	5.1.3	5.1.3-test-fixtures	3029c175d335da0879a324dc8d3f5a40d27d1e16
org.jobrunr	jobrunr	5.1.4	-	0d28317ebb1dc5ab18d0d83f7a0c9cf5537e9e2f
org.jobrunr	jobrunr	5.1.4	5.1.4-test-fixtures	4fddd5bdd580ed79c767e0a2d114c0988691b47e
org.jobrunr	jobrunr	5.1.5	-	230763bfc1193a109f2e1681ab3855994418b35a
org.jobrunr	jobrunr	5.1.5	5.1.5-test-fixtures	989cbc266acb40b3dd37a3d0af619ab8b2fc73e1
org.jobrunr	jobrunr	5.1.6	-	5d737363df1c6c8e144443335f7c8ac970fd9fe1
org.jobrunr	jobrunr	5.1.6	5.1.6-test-fixtures	5f15b02bee2c8556a6d40fc4095cc2f4097eb48f
org.jobrunr	jobrunr	5.1.7	-	ea4853d4947b59225f5df28f4a4a320c11db7dd1
org.jobrunr	jobrunr	5.1.7	5.1.7-test-fixtures	2ef4658d1936007e2fa565a22601edd5774dd4ba
org.jobrunr	jobrunr	5.2.0	-	3fbe4db689e5d44a250bc7d934d84b2afd4c5802
org.jobrunr	jobrunr	5.2.0	5.2.0-test-fixtures	d8f1332c47042a5200ed805fd34b27947c5fc58a
org.jobrunr	jobrunr	5.2.0-RC1	-	f250ca0cbc7093b7cc6f83b601d71b81319f198e
org.jobrunr	jobrunr	5.2.0-RC1	5.2.0-RC1-test-fixtures	1847adb45d9471b4340cee5327dab3b143711ad5
org.jobrunr	jobrunr	5.3.0	-	aa32445a5704e7b2f77c4c7d9b726e3ab98872aa
org.jobrunr	jobrunr	5.3.0	5.3.0-test-fixtures	d2cd37e684f32b46b8cd68541f895cc13880366f
org.jobrunr	jobrunr	5.3.1	-	6380347040a95a550ae1e695415dcb4e53d48dd6
org.jobrunr	jobrunr	5.3.1	5.3.1-test-fixtures	717bbb18468783b7f02a759ecb83f8eb2cd7293c
org.jobrunr	jobrunr	5.3.2	-	63c698e8206a34a5516b5021f1836c80500eccf7
org.jobrunr	jobrunr	5.3.2	5.3.2-test-fixtures	6062cf8497c76105e320ea2023fa2a1670fe5520
org.jobrunr	jobrunr	5.3.3	-	749a71b02daf901c25752005f0456aca0d235475
org.jobrunr	jobrunr	5.3.3	5.3.3-test-fixtures	5be21622b62e0e9bae6d5497449d6dc04883fd71
org.jobrunr	jobrunr	6.0.0	-	074a1ccda357409bae947d0ee541a759b55a322c
org.jobrunr	jobrunr	6.0.0	6.0.0-test-fixtures	e5b0ba2e0b2a8cdce2c706791cfeada7dde38563
org.jobrunr	jobrunr	6.0.0-M0	-	952d9adcf995fa0dc40d1f875200b3be04f6f136
org.jobrunr	jobrunr	6.0.0-M0	6.0.0-M0-test-fixtures	f9d3434cd55ea917f37c8d7430c2bffd7effd5ac
org.jobrunr	jobrunr	6.0.0-M1	-	b0ce7c223e1f30a32917d1e7dd17f568a2e9d82d
org.jobrunr	jobrunr	6.0.0-M1	6.0.0-M1-test-fixtures	4150af9895a9ee0c0e202915eaf73b72e59b4cca
org.jobrunr	jobrunr	6.0.0-M2	-	806daf65a94b5830569434a26c38b2af6e0fe40a
org.jobrunr	jobrunr	6.0.0-M2	6.0.0-M2-test-fixtures	fecd55951e8399193936b56c9075a3f839cb422d
org.jobrunr	jobrunr	6.1.0	-	8670c9355cefdeacbd7d92a7270a80350cd5e091
org.jobrunr	jobrunr	6.1.0	6.1.0-test-fixtures	b57d145b3d5917393bde255d2e244c752a70cd6a
org.jobrunr	jobrunr	6.1.1	-	3747bcc0072d64f58158ff6b93a07f1371b8ff26
org.jobrunr	jobrunr	6.1.1	6.1.1-test-fixtures	b9f9bdaa6cce8797d7ac108fe4c5c2d6db2694df
org.jobrunr	jobrunr	6.1.2	-	18128db2b7d0b5ddf800e415b20e364935717675
org.jobrunr	jobrunr	6.1.2	6.1.2-test-fixtures	4d6245579e7cdf71100905d8de1449fa8b0a68c6
org.jobrunr	jobrunr	6.1.3	-	9956508619625dd123790ee890b7129df50350cc
org.jobrunr	jobrunr	6.1.3	6.1.3-test-fixtures	9c751eee23e0cb40ddcf5d32353efbb2fbf28c6c
org.jobrunr	jobrunr	6.1.4	-	58c5cc37e48cae78327b2232941b50e6d2b9437c
org.jobrunr	jobrunr	6.1.4	6.1.4-test-fixtures	f2c0ead9effd993d9ce63e853e51defecea51897
org.jobrunr	jobrunr	6.2.0	-	1c354951b6264597018c77e130a1acf75c856ab1
org.jobrunr	jobrunr	6.2.0	6.2.0-test-fixtures	283108f1dc9e8d8fec88b341c8313d7ec64f63be
org.jobrunr	jobrunr	6.2.1	-	99f85eb085499fc4bc19f4e5593085ae94e24c53
org.jobrunr	jobrunr	6.2.1	6.2.1-test-fixtures	64bded3e15e61aeda0b0f0eebf52c7d7cbc4d817
org.jobrunr	jobrunr	6.2.2	-	116354bfe9c82c6359d3ffb1cccf0261d09f1571
org.jobrunr	jobrunr	6.2.2	6.2.2-test-fixtures	160b49c663259f9ae6afc4678afaa894069adc1e
org.jobrunr	jobrunr	6.2.3	-	b9658abcef687f6fd8edd7991373c947c6399f2e
org.jobrunr	jobrunr	6.2.3	6.2.3-test-fixtures	7adb1279f267911ca709b5b5b5c92dc90e909d47
org.jobrunr	jobrunr	6.3.0	-	7b3ff7ff27a63bfff5a5da76300d560dc460157e
org.jobrunr	jobrunr	6.3.0	6.3.0-test-fixtures	65773d5bc4758702dc60eec8757803c67b154f2d
org.jobrunr	jobrunr	6.3.1	-	80ab25758d19788fee7fe2d1ae81765040973abf
org.jobrunr	jobrunr	6.3.1	6.3.1-test-fixtures	893299b21dd721af20ccf87def94ba7064a632e7
org.jobrunr	jobrunr	6.3.2	-	0d11fa0f7f59de9c2259e87767b144a092327c74
org.jobrunr	jobrunr	6.3.2	6.3.2-test-fixtures	f54a25c3dec3b82971b4d22a4812ce6c3de8f965
org.jobrunr	jobrunr	6.3.3	-	1ff380e919d6dab4522b2a6dad184f0bfacf3a8c
org.jobrunr	jobrunr	6.3.3	6.3.3-test-fixtures	592f40395449b1e39c9b0f9ae5d525eb4d83718d
org.jobrunr	jobrunr	6.3.4	-	0cc7e04453380760f282b74f5fe8406f0a28a0f7
org.jobrunr	jobrunr	6.3.4	6.3.4-test-fixtures	a78f9d6c5242a744ea88eb1310772a6ed8628553
org.jobrunr	jobrunr	6.3.5	-	db0c9cc9783cb4c8e9b3f0ad172dc61424fa8bf1
org.jobrunr	jobrunr	6.3.5	6.3.5-test-fixtures	6a463037bcb26c9d2afdb8a026e7d8770832b690
org.jobrunr	jobrunr	7.0.0	-	923105c65de68d5addf52e660fcfa04bc6b3087c
org.jobrunr	jobrunr	7.0.0	7.0.0-test-fixtures	0362ef9699ae93dabdd9f09d36ed5c6ff1909c20
org.jobrunr	jobrunr	7.0.0-RC.0	-	fa5619050014b45780955a3e61d5f01aba195372
org.jobrunr	jobrunr	7.0.0-RC.0	7.0.0-RC.0-test-fixtures	e1ec55ca38a8cd20160c1f61538466bcaec7bd18
org.jobrunr	jobrunr	7.0.0-RC.1	-	c570a6cb8569574d065051e80d746a42473ae2a8
org.jobrunr	jobrunr	7.0.0-RC.1	7.0.0-RC.1-test-fixtures	d026b30ba8222baf2ad021e1b6c97957ae51c7a1
org.jobrunr	jobrunr	7.1.0	-	03403627297d20990ce70d67ff600cbd3f67c3c5
org.jobrunr	jobrunr	7.1.0	7.1.0-test-fixtures	872836c030f899a0cd3e81676092ce1ab08dbd9a
org.jobrunr	jobrunr	7.1.1	-	9c107788a1fdec0fb1ca584db18891e430d0f0ae
org.jobrunr	jobrunr	7.1.1	7.1.1-test-fixtures	6aa1ab7050efe978bb7b4d32c8c79ed0acc28b4b
org.jobrunr	jobrunr	7.1.2	-	eb9e373570e38bcedcb62592c5b5053dd1a2149d
org.jobrunr	jobrunr	7.1.2	7.1.2-test-fixtures	70278f8ed9416f7b6ebe0b20593fe55259794b61
org.jobrunr	jobrunr	7.2.0	-	7128166e89e4b0a2e684faed72faea3792194e69
org.jobrunr	jobrunr	7.2.0	7.2.0-test-fixtures	27dc395706cc850b0823e495f590bdf5da13b64d
org.jobrunr	jobrunr	7.2.1	-	e480e70ec0e84d18f83f82c145bbe20019d44d3b
org.jobrunr	jobrunr	7.2.1	7.2.1-test-fixtures	3789e31ba54b28c9bedcd4a91b8bfcfdc7d65199
org.jobrunr	jobrunr	7.2.2	-	b98b981f92300d820ffbf0caf7a408c6b7f7bb92
org.jobrunr	jobrunr	7.2.2	7.2.2-test-fixtures	3cb50e8f5a58abd865e142ce09aadd0a73a9009c
org.jobrunr	jobrunr	7.2.3	-	1c0568d63c6dfbd1514259393df5f712c8394cd1
org.jobrunr	jobrunr	7.2.3	7.2.3-test-fixtures	b1bafc1868460dce109136d2a1c5e8046b290ee3
org.jobrunr	jobrunr	7.3.0	-	4998510e7a84232e75e9c83337c065fc166b24f4
org.jobrunr	jobrunr	7.3.0	7.3.0-test-fixtures	04efc03618761287b1da8845c639be0587520adb
org.jobrunr	jobrunr	7.3.1	-	b0c7592ed284b4d4d4a130c6e09589b0f2c8cdda
org.jobrunr	jobrunr	7.3.1	7.3.1-test-fixtures	9265e28c08cd747bc4ac64bf2c9689915e903619
org.jobrunr	jobrunr	7.3.2	-	56510ac99897f32d4dcb6a1366e871414cf6fe38
org.jobrunr	jobrunr	7.3.2	7.3.2-test-fixtures	09656c7c76f2288c97eb74caa5b81c5cae85c43e
org.jobrunr	jobrunr	7.4.0	-	b46e2e32e0b875724da6116ebb6583aa8f1d9ccb
org.jobrunr	jobrunr	7.4.0	7.4.0-test-fixtures	43e19a2017d1c64c0bd0c7904d785c48eb83fd01
org.jobrunr	jobrunr	7.4.1	-	d876ee467b4a3bfc1dc77c0eba5e135c3fa5921f
org.jobrunr	jobrunr	7.4.1	7.4.1-test-fixtures	26fe58430e802f8c5e79498808f083ca430deb14
org.jobrunr	jobrunr	7.5.0	-	37aa73ad4518a17051ece227bac5591fa6d598d9
org.jobrunr	jobrunr	7.5.0	7.5.0-test-fixtures	6793760697f268fc8dec79b02f5c540b2c25b4d6
org.jooby	jooby-assets	0.11.0	-	f3132a953546e08c4794b9d1d022c3ce8e3f95cc
org.jooby	jooby-assets	0.11.1	-	5a28863091d6c88d48938857d75f05aa27d926fb
org.jooby	jooby-assets	0.11.2	-	87c2cfaca2239dc2df9f2b661f4388f9309d2cf3
org.jooby	jooby-assets	0.12.0	-	445e8461ae8c26044b407ffdeb657d48f36744ac
org.jooby	jooby-assets	0.13.0	-	40eb145d491dc76f028e35ab5d20602031cff377
org.jooby	jooby-assets	0.13.1	-	ee28212011f0f885e4a7823aeda2d2eca753c126
org.jooby	jooby-assets	0.14.0	-	07cd8e685a443734fe6e063d20d9e91f5631cbae
org.jooby	jooby-assets	0.15.0	-	10fc68bcb6ef95f67290f23f50ce9095fd5b2718
org.jooby	jooby-assets	0.15.1	-	e5bd5880dac816748ed431fb7a5aab9bb51d08b8
org.jooby	jooby-assets	0.16.0	-	b31a1a9069c78a5d0b1f28278f6b892e4c449606
org.jooby	jooby-assets	1.0.0	-	65419eea565e0f657bc4faf05cf1555032312dc8
org.jooby	jooby-assets	1.0.0.CR1	-	09bc8535ce5b966b5ba411e880a3bc24bc11e2ec
org.jooby	jooby-assets	1.0.0.CR2	-	760bef37aad3cb859343534babc3680d36e4e758
org.jooby	jooby-assets	1.0.0.CR3	-	d4f1606859b755677f74f959ce24860442a8bd4b
org.jooby	jooby-assets	1.0.0.CR4	-	63e9c599349388f3fab171f5d7f0998275266898
org.jooby	jooby-assets	1.0.0.CR5	-	6afae5f730cfae47aedfc99915615c6c9cb15912
org.jooby	jooby-assets	1.0.0.CR6	-	16f589ebd8ef851612921c3f3822a00e428f18f6
org.jooby	jooby-assets	1.0.0.CR7	-	3c9b9a6e5ada491b5febdc9fbb91b0d332ad0d47
org.jooby	jooby-assets	1.0.0.CR8	-	0edc334a5a48ffc219e0f6214eeb0c2546aea853
org.jooby	jooby-assets	1.0.1	-	ea131720f34126ddbdf9f3e591b0f7b1e1c9a348
org.jooby	jooby-assets	1.0.2	-	9c65eac3726baedcf8053a9b4554c5dcf6f9e561
org.jooby	jooby-assets	1.0.3	-	950443080a08b5b77927f9042471e9efc0bc1034
org.jooby	jooby-assets	1.1.0	-	a56e32e4132af1f0f4db18c672215038b4fc9966
org.jooby	jooby-assets	1.1.1	-	395d2e4866e7c4856fcdbfb76dcf4dc899203190
org.jooby	jooby-assets	1.1.2	-	0b814d32221a263067cd1a3039c1cb9aa104796a
org.jooby	jooby-assets	1.1.3	-	bf54ae693144d7846aa5a60f28e37f2b8b65d142
org.jooby	jooby-assets	1.2.0	-	7f5c644cd36100651f77757e337430c909c26dd5
org.jooby	jooby-assets	1.2.1	-	cfa1fad3018accb8a989fc48f70627e228072514
org.jooby	jooby-assets	1.2.2	-	3dc9c785e6ec7dab318d9dce5639db1758c0b36c
org.jooby	jooby-assets	1.2.3	-	d0bcd0eef1e21c5c911e983f18c8e494125bcba3
org.jooby	jooby-assets	1.3.0	-	6fa7764de196bddbbc1847e7fc7e223c69c8fe67
org.jooby	jooby-assets	1.4.0	-	3b9d321e4c73ef8fe2396992f169c05c910671d1
org.jooby	jooby-assets	1.4.1	-	c3dc5115dab95a784ebb4b8a43480e7478652658
org.jooby	jooby-assets	1.5.0	-	23c094e7e76f896f43bb18f3f775bfe0e4ba3f2e
org.jooby	jooby-assets	1.5.1	-	c690fde9b2191b67ab0f984a05879a8ac464bbf1
org.jooby	jooby-assets	1.6.0	-	ef9fd59c97862f04f670af5450f662723e4e69ef
org.jooby	jooby-assets	1.6.1	-	5e27fc576742e357040c134bcea793436e1747f9
org.jooby	jooby-assets	1.6.2	-	04009964d2f17344a3aba87b049fe98870010579
org.jooby	jooby-assets	1.6.3	-	5d43b8853b59c5430f6e923b90997ed919ea04bc
org.jooby	jooby-assets	1.6.4	-	b2ab84caebcf3543831d2bc32ccdcfdb0505fd89
org.jooby	jooby-assets	1.6.5	-	55d318d15c03ebad144a074fbf9a66d1d00c3e3f
org.jooby	jooby-assets	1.6.6	-	8e4c13f29c0bfb1b45ac6eb8f0c35f1f7d36cc1b
org.jooby	jooby-assets	1.6.7	-	4eafd8ab9e9580c8a4d09a1cc6a3179f7c74d167
org.jooby	jooby-assets	1.6.8	-	4872ea6b003599cea8589b203c5834623adb16b4
org.jooby	jooby-assets	1.6.9	-	7a38e30afa4b6ff633ea841ab1d2dec90d814fd5
org.json4s	json4s-ext_2.12.0-RC2	3.4.2	-	6a70d90d277b16a684e30c7fae6ffef6afad82eb
org.json4s	json4s-native_2.12.0-RC2	3.4.2	-	b76cd6d81b350a077bb671227e7eafb414c3d0bd
org.jvnet.ogc	context-v_1_0_0-schema	1.0.0	-	34b4f0cf4766a3f8c695516f5bbc6dafa630624d
org.jvnet.ogc	context-v_1_0_0-schema	1.0.2	-	38d6bcedfc84d58e5823948836661101e3ae1dcf
org.jvnet.ogc	context-v_1_0_0-schema	1.0.3	-	8b929eef7fa99a0168f0a2538ff8a30923d26b59
org.jvnet.ogc	context-v_1_0_0-schema	1.1.0	-	02993cf18d1d20f91b8b435818bdfb29b7122e1a
org.kathra	kathra-pipelinemanager-interface	1.0.0	-	658a775d15077ac8b0e464a4ba80f8da29a207f8
org.kathra	kathra-pipelinemanager-interface	1.1.0	-	299d5b2971c4bc7bed43435442ea7300c179bc2f
org.kathra	kathra-pipelinemanager-interface	1.2.0	-	214da1cb11d7c70f8e08dc0d667ce66886bf973a
org.keeber	esprit-api-client	0.1.0	-	7cc1baaa55047d699a3d24885c63696845574482
org.keeber	esprit-api-client	0.1.5	-	6216fe2bf323f74bb0f5365634f4696f1036b634
org.keeber	esprit-api-client	0.2.0	-	2724309deb4e4df1a3affc90e38e2575bcd8a7be
org.keeber	esprit-api-client	0.2.1	-	116758a174c223250e824c57eb28991e3d6e5c47
org.keeber	esprit-api-client	0.2.2	-	4710fef98323d4bf97bcb17d34ed01193f1bf56e
org.keeber	esprit-api-client	0.2.3	-	c27c7d634f843d638b5184e19f8e728c7e1a244c
org.keeber	esprit-api-client	0.2.4	-	fa4bac29657c1702544d80f3d9c520d25711bde9
org.keeber	esprit-api-client	0.2.5	-	c2a46564065c17f1398c59408b7e742b1632e046
org.keeber	esprit-api-client	0.2.6	-	0e795ade8265da4e242e924c0fde2f12cd2db39f
org.keeber	esprit-api-client	0.2.7	-	38eaf9946d018e07b859b7d79a760366e1e721d5
org.keeber	esprit-api-client	0.2.8	-	76b8199378cebc0e4462cbd02ec0e3eda934bac1
org.keeber	esprit-api-client	0.2.9	-	9f75ff4a05033918f2f2d18ee757743904c4b3cf
org.keeber	esprit-api-client	0.3.0	-	e45a83474615d4e17481e1d7d025e224fc1d3aad
org.keeber	esprit-api-client	0.3.1	-	35fcf2802104d7c3abe928fbb67a2f3da3ac3697
org.keeber	esprit-api-client	0.3.2	-	674ed1d2d3b8199bd7a0816c40629b4cb0cac7b3
org.keeber	esprit-api-client	0.3.3	-	491f826d8892f491f9bb9d71e3840b28870993f5
org.keeber	esprit-api-client	0.3.4	-	024c50e65604eee10fb6c77b6354ee57d63b89ea
org.keeber	esprit-api-client	0.3.5	-	358f642b665b4e033319a2192e28708017f5bfcf
org.keeber	esprit-api-client	0.3.6	-	3b21c3b65ab327fee9a417598e3493e51e241b37
org.keeber	esprit-api-client	0.3.7	-	4ff0e6a84aa0cd14cdc01342a27048cbfdaba2fe
org.keeber	esprit-api-client	0.3.8	-	a18ecf80f2c06e5cae556fe208f641ce6ad28091
org.kie	kogito-addons-quarkus-data-index-persistence-mongodb-deployment	10.0.0	-	64b26db0f842a9c7e8dbef9c934ce8bdafed9f0d
org.kie.kogito	jitexecutor-bpmn	1.32.0.Final	-	37966f8b69fd909b6195d8398cfd09b284963332
org.kie.kogito	jitexecutor-bpmn	1.33.0.Final	-	43dbd92ddf8a654370be0efc2a34c0b02c15cc5f
org.kie.kogito	jitexecutor-bpmn	1.34.0.Final	-	8b9c234de7a39a81ae0c3f93ac7531686f1e4ada
org.kie.kogito	jitexecutor-bpmn	1.35.0.Final	-	757aadb59248af484641d26bfa686f6853a78824
org.kie.kogito	jitexecutor-bpmn	1.36.0.Final	-	7c4132469efe2b38bc7664547e5bc55ad7b00c1e
org.kie.kogito	jitexecutor-bpmn	1.36.1.Final	-	976b3de5d1f07083ff500196d37e101a767fd339
org.kie.kogito	jitexecutor-bpmn	1.37.0.Final	-	a9eae806e2aadbdeb4c8374d53377b03d23db03a
org.kie.kogito	jitexecutor-bpmn	1.38.0.Final	-	578867dfbd9fabba96161ae7ffcd0f5d0369690a
org.kie.kogito	jitexecutor-bpmn	1.39.0.Final	-	cbf58e9f320d7f273039c44b469dcbb1d907c275
org.kie.kogito	jitexecutor-bpmn	1.40.0.Final	-	e13380810c3ff0dc6e117a85cece93c2af8bbf73
org.kie.kogito	jitexecutor-bpmn	1.40.1.Final	-	1072c04ddbf9964b30f43af36a2a33c93d4895ff
org.kie.kogito	jitexecutor-bpmn	1.40.2.Final	-	6a8730cf76547f123b0610b979f7aa5141273252
org.kie.kogito	jitexecutor-bpmn	1.41.0.Final	-	0df8f81deec09784a69788c70e3c143696ffc84a
org.kie.kogito	jitexecutor-bpmn	1.42.0.Final	-	d1839a1e3c01e70e902358a5c570c3946e9395f7
org.kie.kogito	jitexecutor-bpmn	1.43.0.Final	-	f1913681739bbc59b9036ef15fc550942fd6fb8d
org.kie.kogito	jitexecutor-bpmn	1.44.0.Final	-	c007c92c3064fd6582f5c8475178d641e0b2ba9f
org.kie.kogito	jitexecutor-bpmn	1.44.1.Final	-	a5a170b14867bf3e9659886eff7d22cca88b0eef
org.kie.kogito	jitexecutor-bpmn	10.0.0	-	13e3bce1866c94c81a82844ba5fa91bca653c199
org.kie.kogito	jitexecutor-bpmn	2.44.0.Alpha	-	0ce5527874b4e62408c91b261be3372609019d6e
org.kie.kogito	kogito-addons-quarkus-persistence-filesystem	1.12.0.Final	-	1662555338b9c87cd6d88666abac077db26f98a9
org.kie.kogito	kogito-addons-quarkus-persistence-filesystem	1.13.0.Final	-	60658f584e7f9bf01750d1e50e8809eb742df5d0
org.kie.kogito	kogito-addons-quarkus-persistence-filesystem	1.14.0.Final	-	d52e776c94925e7490801ddc648c5a19818b2ae3
org.kie.kogito	kogito-addons-quarkus-persistence-filesystem	1.14.1.Final	-	ded1b75eb3c3d0ad79ebbc89877c930ea5ee4147
org.kie.kogito	kogito-addons-quarkus-persistence-filesystem	1.15.0.Final	-	c3aa73bbf3c0cf8576c1b19e934503b4ae797a67
org.kie.kogito	kogito-addons-quarkus-persistence-filesystem	1.16.0.Final	-	b6e398d30fb53c07495c4a590d5ea93dd1118947
org.kie.kogito	kogito-addons-quarkus-persistence-filesystem	1.16.1.Final	-	1edb54edc4e17846a92c1c7286cc739c707e2230
org.kie.kogito	kogito-addons-quarkus-persistence-filesystem	1.17.0.Final	-	b6e31bc486fae975389211c340af2beb11256253
org.kie.kogito	kogito-addons-quarkus-persistence-filesystem	1.18.0.Final	-	28cfff682a664b33f9fe524a6feb3e037ccd3ca7
org.kie.kogito	kogito-addons-quarkus-persistence-filesystem	1.19.0.Final	-	65ff61d8346000b31433c3809365715cef812c1c
org.kie.kogito	kogito-addons-quarkus-persistence-filesystem	1.20.0.Final	-	e173bc95a0a45a006c73a2f3cd5de7fb0093182d
org.kie.kogito	kogito-addons-quarkus-persistence-filesystem	1.21.0.Final	-	289fcb7b1cb6381dc89aab68a821cf3a50ee5983
org.kie.kogito	kogito-addons-quarkus-persistence-filesystem	1.22.0.Final	-	1ec64e6de580bccf4cd10e8b06b32095833c81d9
org.kie.kogito	kogito-addons-quarkus-persistence-filesystem	1.22.1.Final	-	b10bbfa00d61831ef5e04fba5a2e2e953ac1b1b0
org.kie.kogito	kogito-addons-quarkus-persistence-filesystem	1.23.0.Final	-	a33914084a4a7e6dcfb3be15757c6ad0e20db8b9
org.kie.kogito	kogito-addons-quarkus-persistence-filesystem	1.24.0.Final	-	d0a04e9516a250636adac72c69dab9cdb684757b
org.kie.kogito	kogito-addons-quarkus-persistence-filesystem	1.24.1.Final	-	9b52b8041d3a8ab95b887a033e69fb9949de799d
org.kie.kogito	kogito-addons-quarkus-persistence-filesystem	1.25.0.Final	-	eec342fc4fc05d648e2f0babd525fc85d64a5435
org.kie.kogito	kogito-addons-quarkus-persistence-filesystem	1.26.0.Final	-	a066c6b022c42f551868965bdef267458c5ce27d
org.kie.kogito	kogito-addons-quarkus-persistence-filesystem	1.27.0.Final	-	8ebb2e675d5b0b7b4db49ca512851e41659f03c7
org.kie.kogito	kogito-addons-quarkus-persistence-filesystem	1.28.0.Final	-	571c0ce64039f9ec91d225a3396d605245ad3d07
org.kie.kogito	kogito-addons-quarkus-persistence-filesystem	1.29.0.Final	-	adea93d31c7ab76827e876805ca55f0b7a4ff336
org.kie.kogito	kogito-addons-quarkus-persistence-filesystem	1.30.0.Final	-	6e6db6dd2bb073c1cea24c2801c3f7428b402d00
org.kie.kogito	kogito-addons-quarkus-persistence-filesystem	1.31.0.Final	-	38c8464261115f4744b44ae3e452ec15576a2ed7
org.kie.kogito	kogito-addons-quarkus-persistence-filesystem	1.31.1.Final	-	411e1e260530315017c3c092d44618abd9ffddb8
org.kie.kogito	kogito-addons-quarkus-persistence-filesystem	1.32.0.Final	-	74ca6579dea5a6a883820b14c203f4f961482f24
org.kie.kogito	kogito-addons-quarkus-persistence-filesystem	1.33.0.Final	-	958078528a0fc1fa8baa063cfdfee4c1cc7902e1
org.kie.kogito	kogito-addons-quarkus-persistence-filesystem	1.34.0.Final	-	e689ff90a1b63245af61bcd3f82da895252c8b02
org.kie.kogito	kogito-addons-quarkus-persistence-filesystem	1.35.0.Final	-	d838c86e4ab03820c81c6219ff951e8e79e9382e
org.kie.kogito	kogito-addons-quarkus-persistence-filesystem	1.36.0.Final	-	7c208ef89daedd09f0320e0b41b9c0bb88336b55
org.kie.kogito	kogito-addons-quarkus-persistence-filesystem	1.36.1.Final	-	4a66374330234b32e934d764ef3ddac4937c02c5
org.kie.kogito	kogito-addons-quarkus-persistence-filesystem	1.37.0.Final	-	f7aaf26910e6c3d336d3754a0a078ef5f7d1f689
org.kie.kogito	kogito-addons-quarkus-persistence-filesystem	1.38.0.Final	-	21e425a79c2c49a451dfdb54d6af2b1555365d82
org.kie.kogito	kogito-addons-quarkus-persistence-filesystem	1.39.0.Final	-	dfc00068790f4a8507833fcdace0a26de6fafd88
org.kie.kogito	kogito-addons-quarkus-persistence-filesystem	1.40.0.Final	-	66d5af31329f1b5cfc520d095ff628ff36adb682
org.kie.kogito	kogito-addons-quarkus-persistence-filesystem	1.40.1.Final	-	af298d6a61a28c2b214680ec6d4b1619a2a64bf2
org.kie.kogito	kogito-addons-quarkus-persistence-filesystem	1.40.2.Final	-	81095fd494bf987d40acd9f30f3c09c176be0696
org.kie.kogito	kogito-addons-quarkus-persistence-filesystem	1.41.0.Final	-	d24900d233d846c1fba79f2f023af2a6ae61558c
org.kie.kogito	kogito-addons-quarkus-persistence-filesystem	1.42.0.Final	-	6ed94da504397130e98fef1b3b8c7dca26b50f27
org.kie.kogito	kogito-addons-quarkus-persistence-filesystem	1.43.0.Final	-	879f46e47a49975c0fb4fff16ed98a084d0a467f
org.kie.kogito	kogito-addons-quarkus-persistence-filesystem	1.44.0.Final	-	7c78243d358b83d483626b183811ef2e2c561d7b
org.kie.kogito	kogito-addons-quarkus-persistence-filesystem	1.44.1.Final	-	282a73d85e5d64f85afd47b957cf4048debfba9d
org.kie.kogito	kogito-addons-quarkus-persistence-filesystem	2.44.0.Alpha	-	e368e960b70c38b6a2aa9b1557edcbcc9debb93f
org.kodein.di	kodein-di-conf-metadata	6.0.0	-	e9c60fe26bb0fb4c8852e9fa507288459d3dcb79
org.kodein.di	kodein-di-conf-metadata	6.0.1	-	fcef51a67576d42dde6ac5f6344d1fe2520e6fcd
org.kodein.di	kodein-di-conf-metadata	6.1.0	-	537e95202c87c7bfbcee240ac80b6c653d0b5e23
org.kodein.di	kodein-di-conf-metadata	6.2.0	-	3cf21f1ba1d7896e6d3a22de1a7f2481682d685f
org.kodein.di	kodein-di-conf-metadata	6.2.1	-	d805bf3cd85d69143c96642e322b485029126b99
org.kodein.di	kodein-di-conf-metadata	6.3.0	-	12bd0699c36a1fba75dd07406e4e5d4dedf2d833
org.kodein.di	kodein-di-conf-metadata	6.3.1	-	214b590e1edecbed52b773c51f6269e5c559d8fe
org.kodein.di	kodein-di-conf-metadata	6.3.2	-	5e94f471c75fc2241e8934be8270de280a9ac1dd
org.kodein.di	kodein-di-conf-metadata	6.3.3	-	c3972f885a0139cf7cfdd17a66712b5d163c6f57
org.kodein.di	kodein-di-conf-metadata	6.4.0	-	b5d4a85acb7e9d18113df7504228a98024308fc2
org.kodein.di	kodein-di-conf-metadata	6.4.1	-	152104f40bac6b57cb9d9191c2d5b62933f42ee5
org.kodein.di	kodein-di-conf-metadata	6.5.0	-	5524ad482d98ca30250b0f98a213885bc4619117
org.kodein.di	kodein-di-conf-metadata	6.5.1	-	72a0d381e9f5842800a8ffd5d930223efbb59095
org.kodein.di	kodein-di-conf-metadata	6.5.2	-	b72246335bb2a078e18cd54d7cbbd372d1b39ab5
org.kodein.di	kodein-di-conf-metadata	6.5.3	-	beca48ff424a189b6b43eb35cbe6528b30e1e090
org.kodein.di	kodein-di-conf-metadata	6.5.4	-	748d1a9753eabd9617e1f06a509b9d4b385ad786
org.kodein.di	kodein-di-conf-metadata	6.5.5	-	17fc814db1e7b1d0e2315d3bf7645c3b18fb8af0
org.kodein.di	kodein-di-conf-metadata	7.0.0	-	efc652db93df01775c257199bd4ff298145c614f
org.kodein.di	kodein-di-conf-metadata	7.1.0	-	58a67a7182b7c5c85703ff9768174c1deb5ad436
org.kodein.di	kodein-di-conf-metadata	7.2.0	-	1c3272c2cd1c0d222511f3495c51c322f9928222
org.kodein.di	kodein-di-conf-metadata	7.3.0	-	87924dbceb98e9193b17ec0e3a7869461fde1106
org.kodein.di	kodein-di-conf-metadata	7.3.1	-	5b450497b9a87c1eb0894331d052f2a63645da5d
org.kodein.di	kodein-di-conf-metadata	7.4.0	-	73137974b03781cc734761aadf1b15f57f5e2715
org.kodein.di	kodein-di-conf-metadata	7.5.0	-	79ffaa748d23ce8d6909ad3ad98a83ad2be36322
org.kodein.di	kodein-di-conf-metadata	7.5.1	-	c7e7948fe39817de87f540af470001af2ce71942
org.kodein.type	kaverit-watchosx64	2.10.0	2.10.0-metadata	8bf4d881463bd77181e25d8e373a595baf199851
org.kodein.type	kaverit-watchosx64	2.5.0	2.5.0-metadata	2255136f3e1094c52e05e49889dfabd695f3abbc
org.kodein.type	kaverit-watchosx64	2.6.0	2.6.0-metadata	a0e821b9de284f29c34d48d4a1705b95c40f5809
org.kodein.type	kaverit-watchosx64	2.7.0	2.7.0-metadata	5f74d5fc481d75399afc9b0a94b47c902ca33f95
org.kodein.type	kaverit-watchosx64	2.8.0	2.8.0-metadata	e9fe342771408d3614a73067a0201939d64d8e67
org.kodein.type	kaverit-watchosx64	2.8.1	2.8.1-metadata	2983ac8586634d674a90e5ae4bd1728ae0482487
org.kodein.type	kaverit-watchosx64	2.8.2	2.8.2-metadata	db1f942b1ba5d6dad12d00a6bdca23afd0fa7224
org.kodein.type	kaverit-watchosx64	2.9.0	2.9.0-metadata	c1df3dcd398d4b03898e2ddc593c41bbab289d35
org.komapper	komapper-datetime-r2dbc	0.31.0	-	535468fbc83066ea067ff75d108b402f96bb0f5b
org.komapper	komapper-datetime-r2dbc	0.32.0	-	02967a59be818c154d4c646789e90e300ffdb47d
org.komapper	komapper-datetime-r2dbc	0.33.0	-	76584523746138aa56c5069d4da571dbd48ca9e2
org.komapper	komapper-datetime-r2dbc	1.0.0	-	efc9e606b4b89d1d81eaa2ff2dbc1a264e8708c4
org.komapper	komapper-datetime-r2dbc	1.0.0-RC1	-	2bf986e3428e816583749719582f0cd4e12b659c
org.komapper	komapper-datetime-r2dbc	1.1.1	-	32dca3a39dfc1572ced997f42d0d425ff67c46ee
org.komapper	komapper-datetime-r2dbc	1.1.2	-	8b2973c99ea9fd473705c5db73715390d6efb746
org.komapper	komapper-datetime-r2dbc	1.10.0	-	09a97e084535abea3e87c5c65e43a98276d344b1
org.komapper	komapper-datetime-r2dbc	1.11.0	-	cbcc9642d8812bf5ffd44bbab5a042af56cfdb93
org.komapper	komapper-datetime-r2dbc	1.12.0	-	cb6e908fcd7e9974250ef9ab3a64f5804862c138
org.komapper	komapper-datetime-r2dbc	1.12.1	-	35303a755b0d4dd9f6323675969b2a0ec0fd492d
org.komapper	komapper-datetime-r2dbc	1.13.0	-	f501f016a93227adb996a9797fdeb43a3f0515dd
org.komapper	komapper-datetime-r2dbc	1.14.0	-	7562fed5f96e78d8e4586edfc9f8a408dc86a1d6
org.komapper	komapper-datetime-r2dbc	1.14.1	-	04a4ba3ae99a8f2f6fae1b0ea4d4b9b584178a8b
org.komapper	komapper-datetime-r2dbc	1.15.0	-	8d866b001e84bfb78d889c9a890a84d17d00bf95
org.komapper	komapper-datetime-r2dbc	1.16.0	-	10d0590ec3e086167197256271c03d647e0ddba0
org.komapper	komapper-datetime-r2dbc	1.16.1	-	7c48b1d22d5074f45ccb84cc7edcc351521eaad5
org.komapper	komapper-datetime-r2dbc	1.17.0	-	cf258deba0539ec963cfcd5fae1cd89b31bb308e
org.komapper	komapper-datetime-r2dbc	1.17.1	-	85d62f5cb3dbb69158288b3a182b630850aa4e33
org.komapper	komapper-datetime-r2dbc	1.18.0	-	aaf8b79f2f544dd06554c42dd80f1b306247e224
org.komapper	komapper-datetime-r2dbc	1.18.1	-	298143fc03f57a9b3498528e781edaaea0402fa6
org.komapper	komapper-datetime-r2dbc	1.2.0	-	18516132068bc5e94f54d4485282723f63efdc09
org.komapper	komapper-datetime-r2dbc	1.3.0	-	0d2d729206dab988afe0231771a1744cfba57702
org.komapper	komapper-datetime-r2dbc	1.4.0	-	287a6913c016849abf14fd5dee590e48faa9f689
org.komapper	komapper-datetime-r2dbc	1.5.0	-	31773048fae24e0b3671f4f2e399e67391b86766
org.komapper	komapper-datetime-r2dbc	1.6.0	-	15fefb127267767355529c8f6e8082ba84c77a20
org.komapper	komapper-datetime-r2dbc	1.6.1	-	85c4685642ddfc6bf716fbfa9a1a8a6ff46486d7
org.komapper	komapper-datetime-r2dbc	1.7.0	-	b17f358d4a34af2ed97df73940614ce3a9568954
org.komapper	komapper-datetime-r2dbc	1.7.1	-	76b0eba0b3fac5ccaa97d3bb8d9ac8dd002602b6
org.komapper	komapper-datetime-r2dbc	1.8.0	-	2826e5069880ced555e2a5ad5f0cbae945e31882
org.komapper	komapper-datetime-r2dbc	1.9.0	-	4e22eed162341982aa2ddf51f4d07d223b5459bd
org.komapper	komapper-datetime-r2dbc	2.0.0	-	7e4136ff7417c38c943f42d08753fea0494b0d86
org.komapper	komapper-datetime-r2dbc	2.1.0	-	6e8d6b5309d3902293a33cf23ceef0a411509ef0
org.komapper	komapper-datetime-r2dbc	2.2.0	-	829bff36cfac25ba0544ae1e078db9ff908f34a2
org.komapper	komapper-datetime-r2dbc	2.2.1	-	491fdb9fd5edd3ca80e916733532a2c713d7e3cf
org.komapper	komapper-datetime-r2dbc	2.2.2	-	3418440d07c225648a753ad424d35c3538333a4a
org.komapper	komapper-datetime-r2dbc	3.0.0	-	300d853360a6da54061a820fe5b06c4bbc3e631b
org.komapper	komapper-datetime-r2dbc	3.1.0	-	f13e85e2221cf1ab518ff994e1eb03da200bcd86
org.komapper	komapper-datetime-r2dbc	4.0.0	-	5c4801b6f8af7d07ddca6b0be0cb74ca8533efd6
org.komapper	komapper-datetime-r2dbc	5.0.0	-	1d451df5db833941a15198e2b727314a2000cb2f
org.komapper	komapper-datetime-r2dbc	5.1.0	-	855b8802ef8c9b1b63d447b46414c1e660252b59
org.komapper	komapper-datetime-r2dbc	5.2.0	-	6622d4ce2854a039b325604f796b31709068932f
org.komapper	komapper-datetime-r2dbc	5.2.1	-	b16d14ca06a310bc03786421ac9183fe26ccdfe2
org.komapper	komapper-datetime-r2dbc	RELEASE_VERSION	-	74f4b2d4482f25f0f5ec6a7d7f040d6538c21020
org.kotlincrypto.hash	blake2-tvosarm64	0.6.0	0.6.0-metadata	2ad14aed781c4a73ed4dbb421966d408a0a06686
org.kotlincrypto.hash	blake2-tvosarm64	0.6.1	0.6.1-metadata	2ad14aed781c4a73ed4dbb421966d408a0a06686
org.kotlincrypto.hash	blake2-tvosarm64	0.7.0	0.7.0-metadata	2ad14aed781c4a73ed4dbb421966d408a0a06686
org.linuxforhealth.fhir	fhir-operation-member-match	5.0.0	-	42033d82a793481332d1569ffb163e76dab84add
org.linuxforhealth.fhir	fhir-operation-member-match	5.0.0-RC1	-	e2937e764c21a4e351108e0c1365b9bcecf4538b
org.linuxforhealth.fhir	fhir-operation-member-match	5.0.0-RC2	-	f9e75d929d7af606bb23112c4da43c13c1d4c1c2
org.linuxforhealth.fhir	fhir-operation-member-match	5.1.0	-	72ee949d3eb6d15cb398e990f553100696cfa6a6
org.linuxforhealth.fhir	fhir-operation-member-match	5.1.1	-	d2d5ead5bd6683e7aa8d53334985787db79730a9
org.locationtech.geowave	geowave-cli-landsat8	1.0.0	-	ac011f163ccbbd4c389a3253ae1d696a2e7431f9
org.locationtech.geowave	geowave-cli-landsat8	1.0.0-RC1	-	5a36796247e56eb43da4875fba0aae3bef4c41f6
org.locationtech.geowave	geowave-cli-landsat8	1.1.0	-	8b6c5ad8b9c8540bfaaa6801623b04ab0b188c8c
org.locationtech.geowave	geowave-cli-landsat8	1.2.0	-	cce4464c3b78e9d43d8c6a5178d92d0d1f72a2a8
org.locationtech.geowave	geowave-cli-landsat8	2.0.0	-	a63d1c74bfd25b5c39f5d0f2ab964fd54f3b81ff
org.locationtech.geowave	geowave-cli-landsat8	2.0.1	-	e7d37b845d8a42493e94088ba8c4e7714d937887
org.lyranthe.prometheus	protobuf_2.12	0.5.0	-	62f4eefb72c0612758f14117bee8f5b1718e7ac5
org.lyranthe.prometheus	protobuf_2.12	0.5.1	-	964b273710d48a4e717e639a31bc2db43d04d0da
org.lyranthe.prometheus	protobuf_2.12	0.6.0	-	89b24ae97748c3e119d10cb315665c42dcacb8cd
org.lyranthe.prometheus	protobuf_2.12	0.7.0	-	b469fc6e8559e0cf64b17d43f443b77ce5c87059
org.lyranthe.prometheus	protobuf_2.12	0.8.0	-	79bbf975ec088e43098767ae5cf9285e35a74aac
org.lyranthe.prometheus	protobuf_2.12	0.8.1	-	c926bb40249db8002d02d4c7acceee3196ba8a96
org.lyranthe.prometheus	protobuf_2.12	0.8.2	-	91806f7c312b03f005700ea3b6fa3052a8eed343
org.lyranthe.prometheus	protobuf_2.12	0.8.3	-	a66a84d7f1fe3a4ecdb1d2a61bd9350d9ff273ce
org.lyranthe.prometheus	protobuf_2.12	0.8.4	-	c0d64cc20c22c055518f012b55db8dfdf41bb17d
org.lyranthe.prometheus	protobuf_2.12	0.9.0-M1	-	e7ec646fb75548ae80fe3b6b6f3949df25647832
org.lyranthe.prometheus	protobuf_2.12	0.9.0-M2	-	bbdea94d66ad7b0cd3a20fdf0245af161636b57f
org.lyranthe.prometheus	protobuf_2.12	0.9.0-M3	-	2c8f66d1a5745fc10ade0b68d6d608892c734174
org.lyranthe.prometheus	protobuf_2.12	0.9.0-M4	-	db96932e6e47acc13893d886b5c2d8312d2bb7d2
org.lyranthe.prometheus	protobuf_2.12	0.9.0-M5	-	a576544eb911fce5d518af41debdcd2f086db292
org.metawidget.modules.struts	metawidget-struts	1.15	-	cc2f784442dd593d3514e5b5d75a7a3f15e83b52
org.metawidget.modules.struts	metawidget-struts	1.20	-	356c83a221c2de64190fad0fe6612764e352a291
org.metawidget.modules.struts	metawidget-struts	1.25	-	3dc885576740039f965f5d77232995a2104b132b
org.metawidget.modules.struts	metawidget-struts	1.30	-	0d8057f8ab43ab453ba076631121b419889fd974
org.metawidget.modules.struts	metawidget-struts	1.35	-	6c665c7da6caa01208ec1423e96d35686ce453a6
org.metawidget.modules.struts	metawidget-struts	1.35.Beta1	-	cd801f682f6a3470aa8e98a84b8e6536257ef118
org.metawidget.modules.struts	metawidget-struts	2.0	-	8c18c8fc3eed1c86c9110896ebdb6f42003f69b5
org.metawidget.modules.struts	metawidget-struts	2.1	-	40ac88a92ab74d129d30dda5b546548d53cd5df0
org.metawidget.modules.struts	metawidget-struts	2.2	-	a4390540236ba613b55a3c7d23171fb275d2a378
org.metawidget.modules.struts	metawidget-struts	2.2.Beta1	-	7d2966c5d1036b0a59626380bb58d80fa82ba0ad
org.metawidget.modules.struts	metawidget-struts	2.3	-	5916437b8ae6984c5656b532a9021cae6e2ff13c
org.metawidget.modules.struts	metawidget-struts	2.4	-	8f6f2b8f8f922db6ba6c33e8cfbf5bfc15b51278
org.metawidget.modules.struts	metawidget-struts	2.5	-	303a42c5bf6a080e42896d248fe569cb6f8933c6
org.metawidget.modules.struts	metawidget-struts	3.0	-	0cc6d1a0e121b93e4dc99ac91dc4f935d531bcab
org.metawidget.modules.struts	metawidget-struts	3.1	-	a98c3a50fa013daf4c43af9a3606c8ac99a46800
org.metawidget.modules.struts	metawidget-struts	3.2	-	33746a9e3ece765505789776ef389bacc01cae09
org.metawidget.modules.struts	metawidget-struts	3.3	-	c674b889f4693dc73dbfcb30c3938fa1fb738570
org.metawidget.modules.struts	metawidget-struts	3.4	-	90f3743f5c92f5ff98e2b811574514f8b86caad5
org.metawidget.modules.struts	metawidget-struts	3.5	-	21f185dc91055462522422eac6485c9f4aa24f5b
org.metawidget.modules.struts	metawidget-struts	3.6	-	b2b116b9d7a7d3f393f262443520ba6665286f11
org.metawidget.modules.struts	metawidget-struts	3.7	-	4c8e75e50ef595279d32ce6fee47f797a39de388
org.metawidget.modules.struts	metawidget-struts	3.8	-	077d2121e2bcfc890b9431dc0ff3bb871cc25ce0
org.metawidget.modules.struts	metawidget-struts	3.9	-	1b400ba5565717a925992bcb91eaa75a70e1eb84
org.metawidget.modules.struts	metawidget-struts	4.0	-	667c913f5721bea5401b64462ad06ddeae48f6c5
org.metawidget.modules.struts	metawidget-struts	4.1	-	6aa5dc54916dcc1eba2edefabfbc4401d6632971
org.metawidget.modules.struts	metawidget-struts	4.2	-	21e239d4bd84e5869c6eff18506f8dbf60880888
org.mil-oss	fgsms-data-pruner	7.0.0	-	f4e80cd42516d53cc6ebd4f0b401d4b6a4fbb742
org.mixql	mixqlengine_3	0.4.1	-	8ad35ef07335afefca29b27701e626c2842bb169
org.mixql	mixqlengine_3	0.5.0	-	4a884ad27717022d6c7bbbe881876efa7eefe8d3
org.mixql	mixqlengine_3	0.5.1.1	-	73921061f6d12d5ee37d6359ad0cb93f0468911b
org.mixql	mixqlengine_3	0.5.1.2	-	db45ec4b94ad314ca0b72e464c20a3905ee21a83
org.mixql	mixqlengine_3	0.5.2	-	8f852301dbbe42632de635957f80e3831ed0033e
org.mixql	mixqlengine_3	0.6.0	-	78004d26721d479a851fd60bd69dfe4d2d478924
org.mixql	mixqlengine_3	0.6.1	-	782ec7981dc5e46da5d94f7daf531c935b09237d
org.mixql	mixqlengine_3	0.6.2	-	6d4ca67e84afe28d11dc747c46267ad3ff561513
org.mixql	mixqlengine_3	0.6.3	-	6dc829281a8d1b8c9652a07e276291bc793ccadb
org.mixql	mixqlengine_3	0.7.0	-	f93243a911176b45cc58d7580ad7c140b26f8270
org.mixql	mixqlengine_3	0.7.1	-	7ac8fa89dc2c2e9b85a638b0017e4b9f9f1d5c28
org.mixql	mixqlengine_3	0.7.2	-	701d5b8ebad40904b3613d7d39205b70381e56c4
org.mixql	mixqlengine_3	0.7.3	-	6fc4f996bdbe683ac5c423ae03f75c0a69e13004
org.mixql	mixqlengine_3	0.8.0	-	a1016a84c3e81088c70625b617ca6f6279d1df83
org.mixql	mixqlengine_3	0.8.1	-	63609e5b1895f4d36e84d16dfabf7f2599e77beb
org.mixql	mixqlengine_3	0.8.1.1	-	e7cf9ba62f436c7995fcda0e908113da3fcfa5da
org.mixql	mixqlengine_3	0.8.1.2	-	348ff637fd22655157ea6b8285cfe73b8d2b2919
org.mixql	mixqlengine_3	0.9.0	-	02065771b040de829adec3baa9b9782a682aa45e
org.mixql	mixqlengine_3	0.9.1	-	e7d9702eac8ea3e7ef08b4b74fcce45d11c6bf38
org.mixql	mixqlengine_3	0.9.1.1	-	3507ed70d0220c837082e407389d21834a8c1847
org.mixql	mixqlengine_3	0.9.2	-	24f21c47beff4b3775cdf565393b2ae02acc55bd
org.mixql	mixqlengine_3	0.9.3	-	05fe421fa68ef229f1a0307662659d83e9d4b3ed
org.monifu	scalax_2.10	0.2	-	c05941ee6405fe7b55c1aafa4aaec63b256a8a00
org.monifu	scalax_2.10	0.3	-	ebc787cb944f1f0b3706ef280ba95f506e66962c
org.mule.tests	mule-parameter-resolver-extension	4.0.0-BETA.4	-	50e7ee525db7a6c0d329379e7425315ab8f79ba9
org.mule.tests	mule-parameter-resolver-extension	4.0.0-BETA.4	4.0.0-BETA.4-mule-plugin	9d64d31edf049497a9a3a02023a0365cc12c748f
org.mule.tests	mule-parameter-resolver-extension	4.0.0-rc	-	3b355d64ff4df1de96490c908caa82b722182e15
org.mule.tests	mule-parameter-resolver-extension	4.0.0-rc	4.0.0-rc-mule-plugin	1a9d1fbc81b441545c43cedcd8a3f5030a5b5d5f
org.mule.tests	mule-parameter-resolver-extension	4.1.1	-	7f994cebfc4e276254f883f7242452891d70dca1
org.mule.tests	mule-parameter-resolver-extension	4.1.1	4.1.1-mule-plugin	86ad8fd83007d056ebd9f31bf98b11118a886145
org.mvnpm	react-dnd-html5-backend	16.0.1	-	697806a1fc7ce6bb876e234bb2594e0e10f3abfd
org.mvnpm.at.react-google-maps	marker-clusterer	2.20.0	-	7c095ca2ae48bab39d6ec39cabbdc8ec62fa4e42
org.mvnpm.at.stdlib	assert-is-object	0.0.8	-	0dd69dd87f010cc438155f0104649089574f17d9
org.mvnpm.at.vaadin	scroller	23.1.16	-	9d8cc97be82965b1e09cf8f2d4039d2c3d524b80
org.mvnpm.at.vaadin	scroller	23.3.27	-	03c54f459dd9fdfd05f5dcd1d7d48e253bb05547
org.mvnpm.at.vaadin	scroller	23.3.30	-	8bccecb7bde68dd98885e314cf35f3df28da58dc
org.mvnpm.at.vaadin	scroller	23.3.5	-	054fad200e116470feaebfb7299871a6bee5b024
org.mvnpm.at.vaadin	scroller	23.3.6	-	3da5f5cf1c6e9f03bf1c188c37cc5200399804d8
org.mvnpm.at.vaadin	scroller	23.3.7	-	d2e440983c8bb96d74edb152df2ac28716a95f64
org.mvnpm.at.vaadin	scroller	23.3.8	-	82cd20f7bfcf8e9625b681ab6733947041038f8d
org.mvnpm.at.vaadin	scroller	23.4.0	-	416aceed0bf9bf5a278f8553f9197a7b50edb266
org.mvnpm.at.vaadin	scroller	23.5.11	-	203bd2a85aaae7e22b327a366225aad1cc77d0ea
org.mvnpm.at.vaadin	scroller	23.5.12	-	c9ce3252a62defe77f2e071d6a3ecd4e766780a8
org.mvnpm.at.vaadin	scroller	24.0.0	-	b4619bf016022c1ee44e54bdd7c71e26a32b7b32
org.mvnpm.at.vaadin	scroller	24.0.2	-	f0dbc628e12505f2207de0ba1526e2df0ab2f400
org.mvnpm.at.vaadin	scroller	24.0.5	-	e13ae457dd5952dae88dc7b6fd966af457383b0d
org.mvnpm.at.vaadin	scroller	24.1.10	-	8df435c6525c380e73117eba8a90270821fb5fbd
org.mvnpm.at.vaadin	scroller	24.1.11	-	cdf38bc3cffd51c3560436007da3e9a9f1c1ac44
org.mvnpm.at.vaadin	scroller	24.1.3	-	5de156fb8ea5ef55bbeeac55e8c7d298599e52d2
org.mvnpm.at.vaadin	scroller	24.1.4	-	3ef1f12d0bb9dad6f0d3ad1da2ccca36d56ba8cb
org.mvnpm.at.vaadin	scroller	24.1.6	-	2ed2daebe3ef98baf9d4f719902180bd3f869343
org.mvnpm.at.vaadin	scroller	24.1.7	-	d50f0b7389f77af84b9ff05c262b0a72e7bf8b2f
org.mvnpm.at.vaadin	scroller	24.1.8	-	369d33535a6a6b1bf13c892e193af7abbee99a76
org.mvnpm.at.vaadin	scroller	24.1.9	-	85c98941603251bbacaf82ae8d76d09a4668b0c9
org.mvnpm.at.vaadin	scroller	24.2.0	-	cfaff54b2fcc38e92226450cfe5982e31d088ca0
org.mvnpm.at.vaadin	scroller	24.2.1	-	f0534827502186f43c80c8388bd4af2979820a8a
org.mvnpm.at.vaadin	scroller	24.2.2	-	d4acb25e54227ed6df7d3ed1b0015b7c026f9ee5
org.mvnpm.at.vaadin	scroller	24.2.3	-	5e44da8b14a3da99c49b79eb8035c339209d96fd
org.mvnpm.at.vaadin	scroller	24.2.4	-	84abb947fbc68419734536fb1f12ce32d4eb6ac7
org.mvnpm.at.vaadin	scroller	24.2.5	-	43ab91daa75efb991eacc08b6086d67f824f6371
org.mvnpm.at.vaadin	scroller	24.2.6	-	76e08fc6c4c6a43fed88303ac6843b4451fc5095
org.mvnpm.at.vaadin	scroller	24.2.9	-	14c1e6522ee742ee56e5fd01dd488d2f178e8122
org.mvnpm.at.vaadin	scroller	24.3.0	-	2974aab8f20c0c6980a8db63647f167d8c49fd33
org.mvnpm.at.vaadin	scroller	24.3.1	-	a838c2e168ea8023fcc778f2056c19f30694ecbd
org.mvnpm.at.vaadin	scroller	24.3.10	-	5a83a737b95bb19f673216dab0f12db2ba2aba5c
org.mvnpm.at.vaadin	scroller	24.3.11	-	e43999f460da5315739d138a63f3c7e0a94e8764
org.mvnpm.at.vaadin	scroller	24.3.12	-	cb3f0d07bf1a028829fe316fc04043b1778b825d
org.mvnpm.at.vaadin	scroller	24.3.13	-	98dac4bbf115df1bee18caf7f47d5c753615a071
org.mvnpm.at.vaadin	scroller	24.3.2	-	b0e756c0948b5ae59591b45e2f4d9c3c6d289d85
org.mvnpm.at.vaadin	scroller	24.3.3	-	6ef11058931022d5a59e8004ad3abdd47d9b4f3a
org.mvnpm.at.vaadin	scroller	24.3.4	-	c7d2d44b52d02b7628b1ccfe47e8d893176fd5b1
org.mvnpm.at.vaadin	scroller	24.3.5	-	666b58eae23f7faaa0c908ae0a529b0f85beddf3
org.mvnpm.at.vaadin	scroller	24.3.6	-	f31c0a960f3c517d22c51036093b428de47cd7f3
org.mvnpm.at.vaadin	scroller	24.3.7	-	02acc008096b796e107224575a56130d058cb04a
org.mvnpm.at.vaadin	scroller	24.3.8	-	430705cd167817f173cb096207f99255957c548a
org.mvnpm.at.vaadin	scroller	24.3.9	-	ef51f2adb3ad26c7f19c3526d32804a76955ca75
org.mvnpm.at.vaadin	scroller	24.4.0	-	32575085b884eddb45a7f5d8e5d4486b49743d95
org.mvnpm.at.vaadin	scroller	24.4.1	-	3a20a005990899398e63c0d9cf0212050d0a23e3
org.mvnpm.at.vaadin	scroller	24.4.10	-	3bf26457c2a625288916927bfc46121a8811b9b9
org.mvnpm.at.vaadin	scroller	24.4.11	-	eaf7f3618b930cad4c8dfb9832e3c6c168fe7a7a
org.mvnpm.at.vaadin	scroller	24.4.2	-	713ff953ca15c5b12db6afd8561dacc93544d090
org.mvnpm.at.vaadin	scroller	24.4.3	-	b19c3c97da821a851b3d0b3965bef9cb84b13b8e
org.mvnpm.at.vaadin	scroller	24.4.4	-	3429a8d73f94289382c56c6c5e026ba8f894b54b
org.mvnpm.at.vaadin	scroller	24.4.5	-	51bfb273edc7169f13eedf6da91ce4c5fe42923e
org.mvnpm.at.vaadin	scroller	24.4.6	-	ac0c3966c47569251f2b19998b0193696a5f8cb9
org.mvnpm.at.vaadin	scroller	24.4.7	-	2a12ed84dc6d80bd24668d563f3c8fee1a69f8f5
org.mvnpm.at.vaadin	scroller	24.4.8	-	cfbc65ba198d23a500b1a94b86818912ce215600
org.mvnpm.at.vaadin	scroller	24.4.9	-	e33e30dbf23fdeafd2a4857dc3e19e61ed165cad
org.mvnpm.at.vaadin	scroller	24.5.0	-	8f21a156bdda9a520c1809ee89556588a5e2ce2a
org.mvnpm.at.vaadin	scroller	24.5.1	-	20d91884d996a3c3bd24636c1f2f4083643894c2
org.mvnpm.at.vaadin	scroller	24.5.2	-	5ed56ec28c57055bc0f8430d376d89e8dc125eb7
org.mvnpm.at.vaadin	scroller	24.5.3	-	1ada21c89bfdfc3ea4a1f0e4c36f0a140ed06f0a
org.mvnpm.at.vaadin	scroller	24.5.4	-	b82ffd56facfa725a0c0182a6584285bb54d3080
org.mvnpm.at.vaadin	scroller	24.5.5	-	7bb4f1d057e318129cab663a705c50484386a3ec
org.mvnpm.at.vaadin	scroller	24.6.0	-	32ceff9e9b0ff4be13886b725aed3300b6ba568b
org.mvnpm.at.vaadin	scroller	24.6.0-alpha7	-	b8826e62d9dfcd817a758c049fa75c7455a76311
org.mvnpm.at.vaadin	scroller	24.6.1	-	a2f35b8927b06333b42a1f516dc0073679258dc3
org.mvnpm.at.vaadin	scroller	24.6.2	-	5f4d5766c37c8282d8de9f6db0691362e1e8dd10
org.mvnpm.at.vaadin	scroller	24.6.3	-	15d49a8b991776fb7f6db8adb2f28823ba5099c1
org.mvnpm.at.vaadin	scroller	24.6.4	-	79e3a08e1cd610e124648017d9dc1440a2820c04
org.mvnpm.at.vaadin	scroller	24.6.5	-	ce4b852941ddfe69ae046927a25568b0fb4a4366
org.mvnpm.at.vaadin	scroller	24.6.6	-	31d99b2eb7aa589e0aff769e5d173947252a8706
org.mvnpm.at.vaadin	scroller	24.6.7	-	9bcae2f066061a4a90500a30ef86ed30440702eb
org.mvnpm.at.vaadin	scroller	24.7.0	-	224e1f5663cb8e06d8ef21880675509b203248bb
org.mvnpm.at.vaadin	scroller	24.7.1	-	c6a3467df2c64bae8be5b7794fc38e35e3fc0e03
org.mvnpm.at.vaadin	scroller	24.7.2	-	dd0b99eb6a4280f63c6b0d2e7cd1d8a84f5e8335
org.neo4j	cypher-antlr-completion-license	2025.01.0	-	28c93f3a5d14149b0f329faf8e5ad13bbf36999c
org.neo4j	cypher-antlr-completion-license	2025.02.0	-	e957ee01427acc09fc1e6975a6f2de2b29678be3
org.neo4j	cypher-antlr-completion-license	2025.03.0	-	9c2dc62e676f681276a58fc4766badb1c5b6efba
org.neo4j	cypher-antlr-completion-license	5.21.0	-	361b5ad20a339ff2ec1a3e9976083f09b35c1e6d
org.neo4j	cypher-antlr-completion-license	5.21.2	-	f035b34a393fda3811d7665b72c4818338a39fef
org.neo4j	cypher-antlr-completion-license	5.22.0	-	6ee63af1fea2c0dd64c55d9cdd5a6ebffdac6476
org.neo4j	cypher-antlr-completion-license	5.23.0	-	177d1b20b4c8b2746a0829452b0fdc62274ef8b9
org.neo4j	cypher-antlr-completion-license	5.24.0	-	ef395f837d1fae90377ffc0a6bfd45de8e6a03fc
org.neo4j	cypher-antlr-completion-license	5.24.1	-	95125e3db7fbdee42517213fe8b5f304df70437c
org.neo4j	cypher-antlr-completion-license	5.24.2	-	aa5a4abf715b81329413703a6174ff28aec67941
org.neo4j	cypher-antlr-completion-license	5.25.1	-	01a59a3dc01bcaa0525973613d7730dbb046803f
org.neo4j	cypher-antlr-completion-license	5.26.0	-	9abeb749ab0b079db5f722007170be5de5f1c5d7
org.neo4j	cypher-antlr-completion-license	5.26.1	-	2a82f82c20e2fb7dcaee425ee7fae7e4455c86a1
org.neo4j	cypher-antlr-completion-license	5.26.2	-	fbef42995f58970c7e7d349ed8959da8e3b025be
org.neo4j	cypher-antlr-completion-license	5.26.3	-	a78b357f25cb8858168c6fa379e7db7afc648840
org.neo4j	cypher-antlr-completion-license	5.26.4	-	f33f8324e329f3aabcb61230fda492cd370e21b4
org.neo4j	cypher-antlr-completion-license	5.26.5	-	1bde9eed5c4ab36b96111ca1c4c67875b60c9ed0
org.noear	solon-data-sqlink	3.0.10	-	4f8d49ded6a0fc678811ddf38c689b8d65959be8
org.noear	solon-data-sqlink	3.0.10-M1	-	50682de2a45f0ab6fccea1a3ec5d33d6795b9a1d
org.noear	solon-data-sqlink	3.0.3	-	c083d32f2973bb67bc17857a819b73dfae03f5e5
org.noear	solon-data-sqlink	3.0.3-M1	-	f6a91f2886d997b44c06fe38ffc0851e7c12d354
org.noear	solon-data-sqlink	3.0.3-M2	-	9a4efb2d1c57d8d3605e5274cc90c30e9ca08892
org.noear	solon-data-sqlink	3.0.3-M3	-	008c1663a33af71f79394ceff855af7bf4d145fc
org.noear	solon-data-sqlink	3.0.3-M4	-	5b932b62e6f1cdf8fb4e1d4baf08d6ef37a77d3d
org.noear	solon-data-sqlink	3.0.3-RC	-	ef01915da1708a723aca4cc4bb5329c5b1593fcf
org.noear	solon-data-sqlink	3.0.4	-	bfa37e56b6eb11e73e20d2bf496d73b7db12f9f0
org.noear	solon-data-sqlink	3.0.4-M1	-	777293e3ba24af30007073c8a0e94ccd3f27963e
org.noear	solon-data-sqlink	3.0.4-M2	-	5bb8a8dcf774e09e24a6d29aff0bb12eeb012fc3
org.noear	solon-data-sqlink	3.0.4-RC	-	61f5474132f1d3066ad8ac0c62e0dd8788c0d7d1
org.noear	solon-data-sqlink	3.0.4-RC2	-	18a8e419e59fc71320f35a99f93b8eea64f7f6a3
org.noear	solon-data-sqlink	3.0.4.1	-	a636da2aa983247baab87b2f5c3fa9da02ede9f6
org.noear	solon-data-sqlink	3.0.5	-	f8bc44c7a4cec8d5e277b7adc0bba823de7db353
org.noear	solon-data-sqlink	3.0.5-M1	-	bcb424804f39d175be8783b9e725cf380163779f
org.noear	solon-data-sqlink	3.0.5-M2	-	183ce841759736bd0bf9e9b28335d7a359aaae4c
org.noear	solon-data-sqlink	3.0.5-M3	-	565bf16f7c8cba290f7a7f463b25488eff2d963f
org.noear	solon-data-sqlink	3.0.6	-	b4216e184ad1f7de723d0e5dfda79a339f26556c
org.noear	solon-data-sqlink	3.0.6-M1	-	bffe75f08da7422e3a1f0bbdfbea1cc7848ddddd
org.noear	solon-data-sqlink	3.0.6-M2	-	188bfb90ef56ca5f42ee8d40917e718085b590ed
org.noear	solon-data-sqlink	3.0.6-M3	-	b95c6f642a8d1712b1ce9a47e98b99cd4092a61b
org.noear	solon-data-sqlink	3.0.6-RC	-	eda35bf72010d5cbf9d5c3691d0b0a67b5b54eef
org.noear	solon-data-sqlink	3.0.6-RC2	-	36835c77b3d115e0315fca669bd7bbdf16deeea8
org.noear	solon-data-sqlink	3.0.7	-	3396c277734a7da0d82e83e9dbad7e4dac77df08
org.noear	solon-data-sqlink	3.0.7-M1	-	232d468bcff8f131fb9b017ed967ba88beedf98c
org.noear	solon-data-sqlink	3.0.8	-	ca2444f81bfaa748cec20b03bdeb297a4e440cc0
org.noear	solon-data-sqlink	3.0.8-M1	-	15a401715ac38ef5104df5822af9dad3a15e8b23
org.noear	solon-data-sqlink	3.0.8-M2	-	38de4466f572e9298b0075ab18fd714d5748f6c0
org.noear	solon-data-sqlink	3.0.9	-	0d7ae720166e40f62e321244900b352b51cfa4f9
org.noear	solon-data-sqlink	3.0.9-M1	-	e6a24bdf19216c754634da7363839030a3ee383e
org.noear	solon-data-sqlink	3.0.9-M2	-	127c8e82acfe5624559d4a5784cc06ca6dc8c538
org.noear	vaptcha-solon-plugin	1.10.0	-	a475666e4f259b208902632c5b2ded4a09e0aa34
org.noear	vaptcha-solon-plugin	1.10.0-M1	-	cfa689bcdf3d51a5fd4a3a217452c1be363b12d6
org.noear	vaptcha-solon-plugin	1.10.0-M2	-	94c7fe7d8e6bdf3857d0dc4d9ac2af538d57aa1d
org.noear	vaptcha-solon-plugin	1.10.1	-	d8e912069428ee0577e8efecd6f7b2dc110532ad
org.noear	vaptcha-solon-plugin	1.10.1-M1	-	7a20ebfa2949ce75fa32e5990006e32f10d20dcc
org.noear	vaptcha-solon-plugin	1.10.1-M2	-	2839f51e85759e0d45414891c22e2bcb95bea5e2
org.noear	vaptcha-solon-plugin	1.10.1-M3	-	96276612bcd818b42736b6641ddf2e8ddf6dd014
org.noear	vaptcha-solon-plugin	1.10.1-M4	-	26ab09845e6837dcab91ad899189d9f96aa0a1f6
org.noear	vaptcha-solon-plugin	1.10.10	-	f43d0680286698d7dd60b4bb50e7ce413c57bc87
org.noear	vaptcha-solon-plugin	1.10.10-M1	-	a5a8a4ab4fd3c65775924f1985440d3c7ce8efc0
org.noear	vaptcha-solon-plugin	1.10.10-M2	-	ed833a9758a9ae6a733f6cfb062f011306d60cfa
org.noear	vaptcha-solon-plugin	1.10.10-M3	-	29905ed698b3c9084f43d5ed6ba9c7b86745d6bc
org.noear	vaptcha-solon-plugin	1.10.11	-	d168f40625127aa2fbd004c72ce205f2aff9307b
org.noear	vaptcha-solon-plugin	1.10.11-M1	-	964cb620c21ba4728c3bded637d020a6ba194d52
org.noear	vaptcha-solon-plugin	1.10.11-M2	-	ca3c89e5c97702804bdbab772064cb4649890733
org.noear	vaptcha-solon-plugin	1.10.12	-	3f5007632d4f8f01ab4694e64470e78405c532bf
org.noear	vaptcha-solon-plugin	1.10.13	-	35bd90acce7a17797d7afd1a42d26895144153cd
org.noear	vaptcha-solon-plugin	1.10.13-M1	-	78337f7211f542fd38c67da4c0dc661e08e39c30
org.noear	vaptcha-solon-plugin	1.10.13-M2	-	4aec0717adbcc32d05a7fb1b18f45e83766386aa
org.noear	vaptcha-solon-plugin	1.10.14-M1	-	d4d66a623b1a7511297766fa7d9ab1b3935647a9
org.noear	vaptcha-solon-plugin	1.10.14-M2	-	07d92b346b88efb78c1eaacdd17982274ad5c754
org.noear	vaptcha-solon-plugin	1.10.14-M3	-	9be0387404a3258770c249132a374303fdfc3604
org.noear	vaptcha-solon-plugin	1.10.2	-	b22012c26d717516b519a06791552e575a743548
org.noear	vaptcha-solon-plugin	1.10.2-M1	-	a15b7273c5e5ead30555240cdd6d34cd42168543
org.noear	vaptcha-solon-plugin	1.10.2-M2	-	eb35c77f5f1156fd86fb21a6d802462f510b1cbe
org.noear	vaptcha-solon-plugin	1.10.2-M3	-	cd51b1a0afba5b6ff6c2da773e4349b2ee2d829f
org.noear	vaptcha-solon-plugin	1.10.3	-	0c8b4c355008bea5e67cd66c5a077c11422ff9c2
org.noear	vaptcha-solon-plugin	1.10.3-M1	-	2f9126dbb4ec62d4fabe6d79fe79e52c189df126
org.noear	vaptcha-solon-plugin	1.10.3-M2	-	8981db5ee88c37f03908f62d9c1eefba40fb6397
org.noear	vaptcha-solon-plugin	1.10.3-M3	-	8eaf0245a8d746f4de1d4639137a06ab9991ba09
org.noear	vaptcha-solon-plugin	1.10.3-M4	-	8120aeecdf3cdc764839edc76e38b1c9b8deafbc
org.noear	vaptcha-solon-plugin	1.10.3-M5	-	9aeb50e7aae878719828efa1010c565399934832
org.noear	vaptcha-solon-plugin	1.10.3-M6	-	5c73c60bc0fd1620909fe27dd8b8ef7290a63208
org.noear	vaptcha-solon-plugin	1.10.3-M7	-	31392567aea468da237304fd55243b330604cc01
org.noear	vaptcha-solon-plugin	1.10.4	-	84ff90791012743402293f65ff24f6b4b1b227b1
org.noear	vaptcha-solon-plugin	1.10.4-M1	-	edf647491af639d51d00327946a217f8ed40ee35
org.noear	vaptcha-solon-plugin	1.10.4-M2	-	55c8685fd3311ddf9e445ac10e56718ca581d900
org.noear	vaptcha-solon-plugin	1.10.5	-	380665891171e1515442610cc4d6d4cc5bcd19f9
org.noear	vaptcha-solon-plugin	1.10.5-M1	-	2b4424f3ba6a6ad9a729e9b194b8e1e7ecc5ba17
org.noear	vaptcha-solon-plugin	1.10.5-M2	-	fd6a2769d60e692005c8a7eca43088c02e4aed5f
org.noear	vaptcha-solon-plugin	1.10.5-M3	-	573f013cedf2508c54834d60b33de11e50bfc30e
org.noear	vaptcha-solon-plugin	1.10.5-M4	-	fd433e4678818b758f02481462dada044f32b08e
org.noear	vaptcha-solon-plugin	1.10.6	-	4c22db0bf62f1ac01e8a16c46c827e83a9de5f3a
org.noear	vaptcha-solon-plugin	1.10.6-M1	-	a767a22c9d8076bfe9aed49d57664eb22f4efa61
org.noear	vaptcha-solon-plugin	1.10.6-M2	-	21c535b90662a515ae31b300e01927ee62ccf980
org.noear	vaptcha-solon-plugin	1.10.6-M3	-	1d68a8b69bb74be5e1c21b1d7e7d497b4b4fbf04
org.noear	vaptcha-solon-plugin	1.10.6-M4	-	c1ede17748b48544be5592e24012040138cef97a
org.noear	vaptcha-solon-plugin	1.10.7	-	d2c3648f61be518d9a375bcf664af0ea3ceb21dd
org.noear	vaptcha-solon-plugin	1.10.7-M1	-	c9e63f466907b1e57115325345af53bd8205f93f
org.noear	vaptcha-solon-plugin	1.10.7-M2	-	d7f4ff947063b3e346f3e193cfa992ad98225a98
org.noear	vaptcha-solon-plugin	1.10.7-M3	-	28bae0dee6c13aa41d2d34769d81d9c03ab37a7d
org.noear	vaptcha-solon-plugin	1.10.8	-	ee6e8ae2781ccb89cb3830ae1b1b8f253e91311a
org.noear	vaptcha-solon-plugin	1.10.8-M1	-	d5f1c9524e8f8ec8b090aab9f38c8a81b1f64c14
org.noear	vaptcha-solon-plugin	1.10.8-M2	-	f550cf7fded2e1d09f5d683137958654cac45eff
org.noear	vaptcha-solon-plugin	1.10.8-M3	-	f38b36b3b876cfed340a5695e6aacb7686028068
org.noear	vaptcha-solon-plugin	1.10.9	-	2cca5d3b864bc51643c9cbe6e11b2911862170b2
org.noear	vaptcha-solon-plugin	1.11.0	-	9fde80fea21192b64de13b6da7318f8c13824e25
org.noear	vaptcha-solon-plugin	1.11.1	-	9ef14e5af69c1b3dd21c08d7e33a5c46366a1e8a
org.noear	vaptcha-solon-plugin	1.11.1-M1	-	1f28f634d706bf1927cbc30247af850947453fef
org.noear	vaptcha-solon-plugin	1.11.1-M2	-	62b37054d1a45227eb18ef773a3cba06f5d9dcb2
org.noear	vaptcha-solon-plugin	1.11.1-M3	-	b2fc946c4a199a6307cb8afa2154665b9895df2a
org.noear	vaptcha-solon-plugin	1.11.1-M4	-	cce033553ca482eb164a633b48ccb9782ad0f2b5
org.noear	vaptcha-solon-plugin	1.11.2	-	a4911e11e14ec0c78437fa4023419b463b3faa19
org.noear	vaptcha-solon-plugin	1.11.3	-	ae3788a3affc19c6d8b5d38416d95b536052feae
org.noear	vaptcha-solon-plugin	1.11.4	-	447a556c4695381b598d7207947a0850fa3c63e4
org.noear	vaptcha-solon-plugin	1.11.4-M1	-	bd81f60e3368d17763a21972117eae2b2ba4d24a
org.noear	vaptcha-solon-plugin	1.11.4-M2	-	58f9bcc66fcfd84419ad381de82edce861eddf57
org.noear	vaptcha-solon-plugin	1.11.4-M3	-	960d6d3bc4ce535cf894e05197ed25ace9935172
org.noear	vaptcha-solon-plugin	1.11.4-M4	-	3fdc2507fed376be57b84947ca6a97d34a898289
org.noear	vaptcha-solon-plugin	1.11.5	-	1c87a5875c9c5dba5db0f06ae21c20d9807949b2
org.noear	vaptcha-solon-plugin	1.11.6	-	a3c4cb1690f00078c986b8848f2c28d26528db6e
org.noear	vaptcha-solon-plugin	1.11.6-M1	-	f3e109900aefe6fdf339e128654167e3a599e5a2
org.noear	vaptcha-solon-plugin	1.11.6-M2	-	49c92b67153078e6d90c43537544ae6ad21a8384
org.noear	vaptcha-solon-plugin	1.11.6-RC	-	b30c7be7d50517482f84759cc84b985d0aa8bf62
org.noear	vaptcha-solon-plugin	1.11.7-M1	-	ed12bb10dc7ae3333f590598b51e8a7f7adcba37
org.noear	vaptcha-solon-plugin	1.11.7-M2	-	4e034964979e5a447bf7118f132c134de4d7ec81
org.noear	vaptcha-solon-plugin	1.12.0	-	b10b2ab2985ba7358c290752e1e13be495750185
org.noear	vaptcha-solon-plugin	1.12.0-M1	-	0359b6e1b94c594f9564a6774ccee8d4a39a6b29
org.noear	vaptcha-solon-plugin	1.12.0-RC	-	7d8f86d5f67dde2d1894bd724948c50479146231
org.noear	vaptcha-solon-plugin	1.12.1	-	a43117e24d04d454250ce2692ecc531aad3a5d8b
org.noear	vaptcha-solon-plugin	1.12.1-M1	-	497168889565cb956db77fc8aab27e8b22cf98c3
org.noear	vaptcha-solon-plugin	1.12.1-M2	-	d314290ddd8817c63fe073d354d3e6c352c46364
org.noear	vaptcha-solon-plugin	1.12.1-M3	-	cfd23fd821db61dd5b0aa39d8a447cb87382d43e
org.noear	vaptcha-solon-plugin	1.12.1-M4	-	a1229501baf379c5c85db519e7d603baee703338
org.noear	vaptcha-solon-plugin	1.12.1-M5	-	cd6ecc83b9ff5ab3a19b6a449b8dc43ef0f1be24
org.noear	vaptcha-solon-plugin	1.12.2	-	7330da5281e4cf4249c5b48f7f2097c79ed0736a
org.noear	vaptcha-solon-plugin	1.12.2-M1	-	3f48e549b442b65d652860ffe2fa6992108967a4
org.noear	vaptcha-solon-plugin	1.12.2-M2	-	86595edc19de77819d14b9c81e64ffd5746ea77f
org.noear	vaptcha-solon-plugin	1.12.3	-	0056d2162c2b31f3f2706edfa3f9394314292709
org.noear	vaptcha-solon-plugin	1.12.3-M1	-	1dfd510ce6d1f5a91cab69ac096370323c93edcd
org.noear	vaptcha-solon-plugin	1.12.3-M2	-	21f6787a2d123dbe29a6dea3e1dbdc8e50eae6ab
org.noear	vaptcha-solon-plugin	1.12.3-M3	-	afa7e4ba4e25efd054ca9782641b8defc85c8297
org.noear	vaptcha-solon-plugin	1.12.3-M4	-	5ca502f5f9a09169728e0b68afb23b711bac9e1c
org.noear	vaptcha-solon-plugin	1.12.3-M5	-	77766b46e62dab14671cdae2350b1344c780d685
org.noear	vaptcha-solon-plugin	1.12.3-M6	-	f65852e10bbe67fa6fca1b145ea2ccc9ecd7a6c0
org.noear	vaptcha-solon-plugin	1.12.4	-	6a050032f671a5de6861abab3625e89b02842e03
org.noear	vaptcha-solon-plugin	1.5.30	-	ded96a1f526f0dbee0e8378c606b8fcd187c0b92
org.noear	vaptcha-solon-plugin	1.5.31	-	d2751342ae618ac383550b428433e748e80b5c63
org.noear	vaptcha-solon-plugin	1.5.32	-	15f557e7021b7cfb73a573ccf9e340b3b044fd4f
org.noear	vaptcha-solon-plugin	1.5.33	-	ea149dc20c7b14febcbdce642376ae21f4a9eb5c
org.noear	vaptcha-solon-plugin	1.5.34	-	73f88507f4292a391607287c7be8eb3987756642
org.noear	vaptcha-solon-plugin	1.5.35	-	d13d027cf52fca56f5d0612c6e11468ecb3a66ba
org.noear	vaptcha-solon-plugin	1.5.36	-	33dcb3552d3d690af97062f1b0403359a4b47386
org.noear	vaptcha-solon-plugin	1.5.37	-	4fec09429336a6749f20bd0b2e1064c4863311d4
org.noear	vaptcha-solon-plugin	1.5.38	-	bf9c0d234a12e6d36d83d9d77de12458ff148cb5
org.noear	vaptcha-solon-plugin	1.5.39	-	d9b04eeb526d81bfeabf63d1d9f00a2bfad8daf9
org.noear	vaptcha-solon-plugin	1.5.40	-	09512ab474c8358a79dcfde635122b3e58e0e40e
org.noear	vaptcha-solon-plugin	1.5.41	-	046063268730c9a743174ef492479ce536a1f0cc
org.noear	vaptcha-solon-plugin	1.5.42	-	c44b093314185fe0e5701ef61c2a5f6b2918e6c9
org.noear	vaptcha-solon-plugin	1.5.43	-	5a6cf6dcb70c1704d3596112c7ae74fe5837ddf7
org.noear	vaptcha-solon-plugin	1.5.44	-	72d7d8b965b78fa1d0832d2b4f8322e6485a7f32
org.noear	vaptcha-solon-plugin	1.5.45	-	4e57689dcd822913e2ec5e01a8bad93a866e40b5
org.noear	vaptcha-solon-plugin	1.5.46	-	a4ebbfede0a9a724a7815c705010e913dbcf855d
org.noear	vaptcha-solon-plugin	1.5.47	-	7393fa182f359d3c7829c124759b8605136c6059
org.noear	vaptcha-solon-plugin	1.5.48	-	7433a2d12a94eb2920c945ff4b3e735ab0b901cf
org.noear	vaptcha-solon-plugin	1.5.49	-	a062fa9c025bcbb33718365fcecc684fcfa19662
org.noear	vaptcha-solon-plugin	1.5.50	-	2b4370a1f328681914f34c049a20b587a9d04ffb
org.noear	vaptcha-solon-plugin	1.5.51	-	411341d417a21ea60ee5cd09f82f73de95f513da
org.noear	vaptcha-solon-plugin	1.5.52	-	fbec46c4ab6085a876fa5541366bd323953259d3
org.noear	vaptcha-solon-plugin	1.5.53	-	cf13a97157c11fdae0b457533a1b6fec2739ae32
org.noear	vaptcha-solon-plugin	1.5.54	-	172263de78295e9ea62c3e24a27adbba7fafb566
org.noear	vaptcha-solon-plugin	1.5.55	-	8b4993bda7c626983f7872e1c4e35eaed5c9c836
org.noear	vaptcha-solon-plugin	1.5.56	-	98cf665ed9970b4d453f4effe249eb739213f20c
org.noear	vaptcha-solon-plugin	1.5.57	-	6f1d0e34a2003eb3e7c99c78ff7d7ec2c2bf2416
org.noear	vaptcha-solon-plugin	1.5.58	-	ef1191ea9e44f4abc9344d65e7c44d1223c25d91
org.noear	vaptcha-solon-plugin	1.5.59	-	efe907f67149680ffabf12a0f78b2dedfc31b7f5
org.noear	vaptcha-solon-plugin	1.5.60	-	5ff1d7eaffb238f3e3bcae9c6061eadecc7bb15b
org.noear	vaptcha-solon-plugin	1.5.61	-	a70ac885e119c095ef162738635ddea61fa7241e
org.noear	vaptcha-solon-plugin	1.5.62	-	e2e524ce21bc6c83a45f74e8bceb6119cf55feb7
org.noear	vaptcha-solon-plugin	1.5.63	-	a3a28210b13b61bcefa352148b2347bf83d21275
org.noear	vaptcha-solon-plugin	1.5.64	-	c7e4a07d2a5a4c330baf4333e82db21ccae7dd42
org.noear	vaptcha-solon-plugin	1.5.65	-	2a3a5d4a78cf652b50ab36c3b286ef28e838153b
org.noear	vaptcha-solon-plugin	1.5.66	-	401bd90a37735d75c18fdc3610cf85819f083a33
org.noear	vaptcha-solon-plugin	1.5.67	-	32fa3cd0db6b988e4403ec626597b921ad2077bc
org.noear	vaptcha-solon-plugin	1.5.68	-	88b8fe027e94f2371a63420e6c10cffa0f713ea1
org.noear	vaptcha-solon-plugin	1.5.69	-	1222752d27efeb16c9e6afcfbc5e700f0c4258e0
org.noear	vaptcha-solon-plugin	1.5.70	-	4fb0cb0fcf38b9a5c8f07942be07d762a880f482
org.noear	vaptcha-solon-plugin	1.5.71	-	83d2c603e240b9ec8155565b900b7d278027b382
org.noear	vaptcha-solon-plugin	1.6.0	-	aa5b342b4e4d5bc6164fdf8aee7ff4c61bbf093a
org.noear	vaptcha-solon-plugin	1.6.1	-	67fb3dabf37a8e487c5d1e0e4ee28e39c4082e49
org.noear	vaptcha-solon-plugin	1.6.1-m1	-	2bc58332582fc107af8aa6edaf8833f34f29304b
org.noear	vaptcha-solon-plugin	1.6.10	-	47786aadd20235a344a76a6da176be1606b3e326
org.noear	vaptcha-solon-plugin	1.6.11	-	33869435ad131a3494238d9786b284b81b5c211d
org.noear	vaptcha-solon-plugin	1.6.11-m1	-	aae03589d621991946ebd406b4859e14661bb65b
org.noear	vaptcha-solon-plugin	1.6.11-m2	-	ea8aaf52d908b1215a8581e93d2b6f372811d0af
org.noear	vaptcha-solon-plugin	1.6.11-m3	-	65a803c39fbe1e0b93087fb11f8bba62bb61c762
org.noear	vaptcha-solon-plugin	1.6.12	-	398eda6fd8249c9663727735813809fa74dbb546
org.noear	vaptcha-solon-plugin	1.6.12-m1	-	8d4b96094e425eea5de4253d26d301d6e135af5a
org.noear	vaptcha-solon-plugin	1.6.12-m2	-	9188bc3f6cdfcc6facfdaf3480fd28ce9196a854
org.noear	vaptcha-solon-plugin	1.6.12-m3	-	0e6cfa478b4048054717fe2bf1dc548effba297b
org.noear	vaptcha-solon-plugin	1.6.12-m4	-	25534e7f57981469e537bae2555438fb79798bb6
org.noear	vaptcha-solon-plugin	1.6.13	-	b3203e14898cc0adfeb461cb76f356d55a15e850
org.noear	vaptcha-solon-plugin	1.6.13-m1	-	3ab02f3eb1646869d2d105d9ae5f46ac3726760a
org.noear	vaptcha-solon-plugin	1.6.13-m2	-	91d59631d467538ddf2da0988a6e373b729b5882
org.noear	vaptcha-solon-plugin	1.6.14	-	4f1d7222e2a7c1a395275c0829603c8c9683e3a1
org.noear	vaptcha-solon-plugin	1.6.14-m1	-	ff1a5c5c1499aeaec8db2476b7124e1a8131d636
org.noear	vaptcha-solon-plugin	1.6.14-m2	-	6217161521a4c0fb2ba98cb4e0897c2db436675f
org.noear	vaptcha-solon-plugin	1.6.15	-	b3c235548c34a0119979619627ced9a0371a7412
org.noear	vaptcha-solon-plugin	1.6.15-m1	-	4f2a775d6ea48acc774bbb4acd90a99a2472993e
org.noear	vaptcha-solon-plugin	1.6.15-m2	-	1664c0fb2687472749d3fe7f200aae78e9b5d7da
org.noear	vaptcha-solon-plugin	1.6.15-m3	-	310dc18e174bad7c74a43af1ff488a46b7eb9a1d
org.noear	vaptcha-solon-plugin	1.6.15-m4	-	7c790853ab475946746cf9f86d9ba1451f1ac853
org.noear	vaptcha-solon-plugin	1.6.15-m5	-	10dbffcee6111dcbd0fd58e553df1b7740d94a3a
org.noear	vaptcha-solon-plugin	1.6.16	-	966ad2079eff0d73bba71495c8f3664b25acf57e
org.noear	vaptcha-solon-plugin	1.6.16-m1	-	68979cc3dbb9a35bb205748c6b29978e18810c68
org.noear	vaptcha-solon-plugin	1.6.16-m2	-	9f645c19af4072d07fc8edfbf3b0a4e93c2d782d
org.noear	vaptcha-solon-plugin	1.6.16-m3	-	50d4bd20416d7a8ceeaff57bcbb26cb0a80ad8da
org.noear	vaptcha-solon-plugin	1.6.16-m4	-	79e5926f52aace7eed581a35b9d97cb4f9eed339
org.noear	vaptcha-solon-plugin	1.6.17	-	6df59f7aeb24d76a7566d04cd91a8fccccebf8ab
org.noear	vaptcha-solon-plugin	1.6.17-m1	-	f61264170d3b0392bee40442ba8b3b85e37b4beb
org.noear	vaptcha-solon-plugin	1.6.18	-	6c6bc26d8682902e1068f517b7544ff86446c4f8
org.noear	vaptcha-solon-plugin	1.6.19	-	677e4d2fff0d7ee2f178479395a516c2147151ce
org.noear	vaptcha-solon-plugin	1.6.19-m1	-	f6e3b8de902b5a3a848e4881a37efc2533bdf31a
org.noear	vaptcha-solon-plugin	1.6.19-m2	-	794b3e93236137e7eb67835b4314986db6d8a3b9
org.noear	vaptcha-solon-plugin	1.6.2	-	c1c4c3b3ebc896acc1f6d2a1dd11e4e19525a072
org.noear	vaptcha-solon-plugin	1.6.20	-	809553d9be1495b7e08522b1e23d732d74db20ec
org.noear	vaptcha-solon-plugin	1.6.21	-	38934697715b72beb131979cd8d2fc558f3e56ee
org.noear	vaptcha-solon-plugin	1.6.21-m1	-	37a86af6ad6f6de2be2c45d1bfdfbb687d7aaaef
org.noear	vaptcha-solon-plugin	1.6.21-m2	-	75f9a48cb3e2f2e335d92f1669f9bc90f02c9a03
org.noear	vaptcha-solon-plugin	1.6.22	-	03502cd0dc88df792ed2c5fa7dbf4fc8cc3b7c4e
org.noear	vaptcha-solon-plugin	1.6.23	-	3ae8eae1e65afff43cb6bcf65d43c9e2afede1f1
org.noear	vaptcha-solon-plugin	1.6.23-m1	-	0a1e4ebf0ee34b903f96e12040771ea41301c2b2
org.noear	vaptcha-solon-plugin	1.6.24	-	0f1f8a7c3f6c189b455c1d7f64d826e6c655fcfe
org.noear	vaptcha-solon-plugin	1.6.25	-	feffab8282683e32743555355789802999beaf66
org.noear	vaptcha-solon-plugin	1.6.25-m1	-	7700ac4ec11d4519314a5bed2e286b9493d1403c
org.noear	vaptcha-solon-plugin	1.6.25-m2	-	17e163f6da7886b2577c991bc41df24bd40c9165
org.noear	vaptcha-solon-plugin	1.6.26	-	04a8d981231b818cf37aaaa7867c015164ec7d58
org.noear	vaptcha-solon-plugin	1.6.26-m1	-	e484bc7a8d72dbcc6af1764eda98026a37ff1baa
org.noear	vaptcha-solon-plugin	1.6.27	-	fd14c9f9a564cb5b4a22043aa6e440600ea80c12
org.noear	vaptcha-solon-plugin	1.6.27-m1	-	70d59daf9c624470ef500a8cd640002df4581c5a
org.noear	vaptcha-solon-plugin	1.6.27-m2	-	51bacff859eb91e217bc1a51df670af2c6e5ebaa
org.noear	vaptcha-solon-plugin	1.6.28	-	5b73b64b77cab85a94b4ea4b0fc8f9fdc4eb3989
org.noear	vaptcha-solon-plugin	1.6.29	-	0029aa3ef0283329b7921b7fdef45d3677d656c7
org.noear	vaptcha-solon-plugin	1.6.29-m1	-	4d561c5187f9251bf5d8c9e20407fdeceb154df9
org.noear	vaptcha-solon-plugin	1.6.29-m2	-	1432be173d0be6a9b3a4244323e2fc25a53b4943
org.noear	vaptcha-solon-plugin	1.6.3	-	ff9678b510a2cc57e3613fcc9070970b8c637070
org.noear	vaptcha-solon-plugin	1.6.30	-	9c8606f3dfd678e40360696229b8b580ddcd2616
org.noear	vaptcha-solon-plugin	1.6.30-m1	-	12f8c3bde4fc73d5b797b4e69f9449a9d93ea984
org.noear	vaptcha-solon-plugin	1.6.30-m2	-	5b9c72380e6f213949527b38813cea05be65e28e
org.noear	vaptcha-solon-plugin	1.6.30-m3	-	4401583191c01946dee710566035047f15278fb0
org.noear	vaptcha-solon-plugin	1.6.31	-	0ffedfab8e6a43be444dfb8a414a15e5e7d5b482
org.noear	vaptcha-solon-plugin	1.6.31-m1	-	0c320cb9396e3da27fcf0f2d3b1860ef37740c6f
org.noear	vaptcha-solon-plugin	1.6.31-m2	-	f2916efa2e8a8d5d03a94c2b42e9c6e6d0b024d6
org.noear	vaptcha-solon-plugin	1.6.31-m3	-	be7964cc068e76a4b03d053813928fa95ab0680f
org.noear	vaptcha-solon-plugin	1.6.31-m4	-	86d441353ce0c9d0e0ffd30739ce29120581a285
org.noear	vaptcha-solon-plugin	1.6.32	-	f536d8c823b36d7beb63fe72070c8f6daeaadbd4
org.noear	vaptcha-solon-plugin	1.6.33	-	5ff2071c715cb160400e75b1376cdc3037b20c8d
org.noear	vaptcha-solon-plugin	1.6.33-m1	-	406a24d5f3eeaec3938ff20a95f17bc2cfd74d3b
org.noear	vaptcha-solon-plugin	1.6.34	-	4b06e6275af8024b876d7becb40b68ad92122a15
org.noear	vaptcha-solon-plugin	1.6.34-m1	-	da90d4f210df45dd94a671eb00a20a3c56467606
org.noear	vaptcha-solon-plugin	1.6.34-m2	-	7b0a8fadabc44a2f84371ecfbba3132cfa5cc229
org.noear	vaptcha-solon-plugin	1.6.34-m3	-	5e152ff7b480589ea5624a23f7e3556a303a7252
org.noear	vaptcha-solon-plugin	1.6.35	-	bee055f2ff5a4c38c0a6d509c97deee59c738a4b
org.noear	vaptcha-solon-plugin	1.6.35-m1	-	c960ace90292abacd380e55f5e6d5acdfe77fbaf
org.noear	vaptcha-solon-plugin	1.6.35-m2	-	b4da8c5ae7a91dbfb50eb1acd17cec92a1fa7b41
org.noear	vaptcha-solon-plugin	1.6.35-m3	-	bd0afb69ccd255daa0d39296668bea38a51b8da9
org.noear	vaptcha-solon-plugin	1.6.35-m4	-	994381c2720b524d50bb02b18bef9fca412c34aa
org.noear	vaptcha-solon-plugin	1.6.36	-	3291e95d3d1f7f089a7db8af55d7c1564ae30da6
org.noear	vaptcha-solon-plugin	1.6.37-m1	-	a9f9ab7211f2909f381b256e1c798e569e6968f2
org.noear	vaptcha-solon-plugin	1.6.37-m2	-	2c69fdda49bdf3b9dcdee8173cc03d5db63d2d81
org.noear	vaptcha-solon-plugin	1.6.37-m3	-	c90dc780bb23e8df02ad5f773357fc41c217b455
org.noear	vaptcha-solon-plugin	1.6.37-m4	-	9f0dee07b5ade1292eaf0883cb569a829ea4da5e
org.noear	vaptcha-solon-plugin	1.6.4	-	566a4b93f9cb191b035c8fd61a8d064d98bcf359
org.noear	vaptcha-solon-plugin	1.6.5	-	db6ce8626d15c045a564602e916a80dbb1ec52a7
org.noear	vaptcha-solon-plugin	1.6.6	-	02c59a92ca6130957ee03bc7d660a2e841817c17
org.noear	vaptcha-solon-plugin	1.6.6-m1	-	6f271d164dcd9bb8ae8ff3f0e8958ec7a9d75177
org.noear	vaptcha-solon-plugin	1.6.6-m2	-	6a9acf7d869468440ec4a436467245c625183efa
org.noear	vaptcha-solon-plugin	1.6.6-m3	-	c6030565348dbc1597b539f6351b0f62bb53e32a
org.noear	vaptcha-solon-plugin	1.6.7-m1	-	e534d098b47714d8c29ec216e7caf13548680d82
org.noear	vaptcha-solon-plugin	1.6.8	-	336c1750acdeaad0d8866255fc65738ad0d91ca6
org.noear	vaptcha-solon-plugin	1.6.8-m1	-	ae172cfcba22f66a55574e5ee4ce6d4d84270643
org.noear	vaptcha-solon-plugin	1.6.8-m2	-	72588c84185e2c4444dcd8b5aba2fd44f44521e0
org.noear	vaptcha-solon-plugin	1.6.8-m3	-	42c32cb6ce22b3ab7de1a5b8567c413f22749847
org.noear	vaptcha-solon-plugin	1.6.9	-	bb2939323fc454e9378c5e8c1272257c2e13d0d8
org.noear	vaptcha-solon-plugin	1.6.9-m1	-	db3156be3fda73cb123202235d97f037c315ddc4
org.noear	vaptcha-solon-plugin	1.6.9-m2	-	4cc8fa1be896c371466e6eb24cdbba4cf0f6ce70
org.noear	vaptcha-solon-plugin	1.6.9-m3	-	196aaef493a3ffbff249000fc345e930216f60d9
org.noear	vaptcha-solon-plugin	1.6.9-m4	-	829e1ea628e9049ad134233e48d1c83f9580102c
org.noear	vaptcha-solon-plugin	1.6.9-m5	-	cf195b80c99267880c3af5824e079a9d79c6ecdf
org.noear	vaptcha-solon-plugin	1.6.9-m6	-	04017d5341c82c261b2bc67e8d918636badaa1cb
org.noear	vaptcha-solon-plugin	1.7.0	-	ae67a78321c8bc5da5e6a3cac03728fe8a1fc056
org.noear	vaptcha-solon-plugin	1.7.1	-	dbfe3d6ea6b4f5fdabe6d2364c63fa166025c1fe
org.noear	vaptcha-solon-plugin	1.7.2	-	839c47bf12d272c9b3b1dc8cb2d7e6bd3a367133
org.noear	vaptcha-solon-plugin	1.7.2-M1	-	cc6c420189c80c9935fa9d0f5e1d4cb636ab27d8
org.noear	vaptcha-solon-plugin	1.7.2-M2	-	01b3df85b91e42bdcc76f4afe1e5a10c2e3b64a0
org.noear	vaptcha-solon-plugin	1.7.3	-	ea8abcd71cd4d94441d5b224c93de30e166c5f6a
org.noear	vaptcha-solon-plugin	1.7.3-M1	-	22f5c07d391b8702488154e79c31eebe80ea3125
org.noear	vaptcha-solon-plugin	1.7.3-M2	-	fd3022708caba867a99578b21c004be211381841
org.noear	vaptcha-solon-plugin	1.7.4	-	1a5f2722dbf00bfc3ecc57865390ed4dcf052aa4
org.noear	vaptcha-solon-plugin	1.7.5	-	f9c31d5cf56f25aa581d55595f5f07e429b182fb
org.noear	vaptcha-solon-plugin	1.7.5-M1	-	9c4830001fe1a5462ca112532c03e7028a5c40cd
org.noear	vaptcha-solon-plugin	1.7.5-M2	-	9a90319baa6a87ebab80dd6f1445bf5a8fd0342a
org.noear	vaptcha-solon-plugin	1.7.5-M3	-	316fad4b2776f66497d482942d430bb208273ffd
org.noear	vaptcha-solon-plugin	1.7.6	-	7997abef9def8556c683f0bf6d8aa3203650d7de
org.noear	vaptcha-solon-plugin	1.7.6-M2	-	ac897daf1d1d3a072d728b4195c2c63b66437a93
org.noear	vaptcha-solon-plugin	1.7.6-M3	-	2e012e36f372dff262e0e5c19c1a549876697700
org.noear	vaptcha-solon-plugin	1.7.7	-	564bddf40d92e57141d6f91f9148f7b72c36db3b
org.noear	vaptcha-solon-plugin	1.7.7-M1	-	3749d9217dc9c79275a1953cd2ebb7592cc05aae
org.noear	vaptcha-solon-plugin	1.7.7-M2	-	cf40a6ff0fa534d8863da78ee8dbb81283bf5e59
org.noear	vaptcha-solon-plugin	1.7.8	-	31ad7df1058c02cbe3fb85287c596ba376ec30c2
org.noear	vaptcha-solon-plugin	1.7.9-M1	-	0c22ab932efbf972245976a48056a60138a3560f
org.noear	vaptcha-solon-plugin	1.7.9-M2	-	75bc74486678a9c94b29cbac412b68eab8d77e4e
org.noear	vaptcha-solon-plugin	1.7.9-M3	-	e5ac42ef64fb6c7e29cf59321d2a0dfce5f53ab9
org.noear	vaptcha-solon-plugin	1.7.9-M4	-	c86b79ce31f257305a119ca28e0bd2e2db1541e9
org.noear	vaptcha-solon-plugin	1.8.0	-	24c4eec9133e97cf7acb26e251a68da1b3c14ef3
org.noear	vaptcha-solon-plugin	1.8.0-M1	-	1f39d73dd8daf7f02e8063c9b6c4eed69865dc55
org.noear	vaptcha-solon-plugin	1.8.0-M2	-	3cc6334eaab5a63fb867b918114c114d59f3e2ee
org.noear	vaptcha-solon-plugin	1.8.0-M3	-	5aefc28f62d4384de4908081b7b8eac287a75e43
org.noear	vaptcha-solon-plugin	1.8.0-M4	-	e0a3c597ece7a9e3b64858fcee1a1896b0631fa9
org.noear	vaptcha-solon-plugin	1.8.0-M5	-	288154c8797d7d5d8e2c2b8d4211814c1fab63ed
org.noear	vaptcha-solon-plugin	1.8.0-M6	-	9137d62bb47e3294b0844d5aa81653ffa2febf95
org.noear	vaptcha-solon-plugin	1.8.1	-	6fbdcf370e85044d2a8ff2225e86de73bb0796fc
org.noear	vaptcha-solon-plugin	1.8.1-M1	-	af1cd2c4e4ba1c3c5d87b6463eb8914149a85fac
org.noear	vaptcha-solon-plugin	1.8.1-M2	-	9cdad8de59e0ffb981fb963a43f56eaf01728e40
org.noear	vaptcha-solon-plugin	1.8.2	-	7d299afdce8f823abe3561ac877ae0fbbe91ae1a
org.noear	vaptcha-solon-plugin	1.8.3	-	5ef5031783914236b7ef62bb30550191a0046d12
org.noear	vaptcha-solon-plugin	1.8.3-M1	-	2eb9e8f1eb34c2cc8a19ff75a9275cb20c2f006a
org.noear	vaptcha-solon-plugin	1.8.3-M2	-	d1efb0260833fcc4854ba4b30781968a479f5eb9
org.noear	vaptcha-solon-plugin	1.8.3-M3	-	79f87544e3cca2c4675c5e1a3fe839b4a3ee6814
org.noear	vaptcha-solon-plugin	1.9.0	-	d1122ba393dd51ac931c3b485d755a42d880e763
org.noear	vaptcha-solon-plugin	1.9.0-M1	-	d2725bd2b7db0ff98b0217daa37206e009221939
org.noear	vaptcha-solon-plugin	1.9.1	-	b1e3383a3f57372dbbfe34f7ee8648f4c0cfd842
org.noear	vaptcha-solon-plugin	1.9.1-M1	-	c50a86e23f62f769f37213ae9b1335b19c0cb0f6
org.noear	vaptcha-solon-plugin	1.9.2	-	fec54b5b39f42ca3aa0617b20abceb465cb04ad2
org.noear	vaptcha-solon-plugin	1.9.2-M1	-	f846600ed29f538dd3c2b604133a799063552808
org.noear	vaptcha-solon-plugin	1.9.2-M10	-	25054330f7911d66ec96a7f8abfb01f4acdd3e39
org.noear	vaptcha-solon-plugin	1.9.2-M11	-	18edcc2ee1cc48efacd01ff9c32b519df0f1b32e
org.noear	vaptcha-solon-plugin	1.9.2-M12	-	2800fde1b8bf4d6a18a6d6a3061040f8305a4749
org.noear	vaptcha-solon-plugin	1.9.2-M13	-	016ef825c7d6b177ba30f86232ffffbbb5a27408
org.noear	vaptcha-solon-plugin	1.9.2-M14	-	f1b36e9db218c66dcf3e767123d23c3f4bee7f16
org.noear	vaptcha-solon-plugin	1.9.2-M2	-	8cbd6b0e7794d5739665d2c556fc847722cd5330
org.noear	vaptcha-solon-plugin	1.9.2-M3	-	746fc2acd4c4cb025eb0c2e747c5ee83eb2ae72b
org.noear	vaptcha-solon-plugin	1.9.2-M4	-	c0ec7f263855596d55c3cc647860de43cbc2ed10
org.noear	vaptcha-solon-plugin	1.9.2-M5	-	bc295cdc5144beb4da72852ee7a64cc307058fc5
org.noear	vaptcha-solon-plugin	1.9.2-M6	-	2ab2fb6007ab3747f821dc5e73691756a6e8ba99
org.noear	vaptcha-solon-plugin	1.9.2-M7	-	5fde75f3a77aaeb4ddf9a36a0794a791877ffba1
org.noear	vaptcha-solon-plugin	1.9.2-M8	-	b61df85ae8bd76bb01dc28bceb554b149228df9d
org.noear	vaptcha-solon-plugin	1.9.2-M9	-	8e62ee3ee1bc7a7974ab65d9a84fae0f000b2c72
org.noear	vaptcha-solon-plugin	1.9.3	-	e3b77afca2b1adfc565d7939caf58b13b32b45e5
org.noear	vaptcha-solon-plugin	1.9.3-M1	-	eed107693f30767777f5c0b55cd05f193d8bd87b
org.noear	vaptcha-solon-plugin	1.9.3-M2	-	4cc4ab07175283e44d8920f83e9521d293f36e05
org.noear	vaptcha-solon-plugin	1.9.4	-	debd3ffd438469ef21cba9306a39cfe6e982aa27
org.noear	vaptcha-solon-plugin	1.9.4-M1	-	f838441fd63f28601973007c0b9db91f199a5994
org.noear	vaptcha-solon-plugin	1.9.4-M2	-	93847e03d39cf52a982da838a858b738b4378eb5
org.noear	vaptcha-solon-plugin	1.9.4-M3	-	8d8336d7df45eee5305c8e0a513901506569527b
org.noear	vaptcha-solon-plugin	2.0.0	-	f218e6f36ee745729b07dd3280d486bd175cbe6e
org.noear	vaptcha-solon-plugin	2.0.0-M1	-	7eed5d72849ad9de02ee19b239968940990c23d6
org.noear	vaptcha-solon-plugin	2.0.0-RC	-	28fe4dbdbd14e8c4d9e4be542f211f8ba1ee1a7c
org.noear	vaptcha-solon-plugin	2.0.1-M1	-	0a8df61c4618412fc056c98a1c9ae817c48b0e7a
org.noear	vaptcha-solon-plugin	2.0.1-M2	-	5bb854f52e3fdb0551bcbbf8451e9159784991e8
org.noear	vaptcha-solon-plugin	2.1.0	-	34548fe7f609f3647878c33496eadf9eaadb9b0b
org.noear	vaptcha-solon-plugin	2.1.1	-	a06c3cb209b3d83aebe00979f3cac57488e42299
org.noear	vaptcha-solon-plugin	2.1.1-M1	-	ceff86b958beec7bee9fe3d400bd01f367531012
org.noear	vaptcha-solon-plugin	2.1.2	-	66c312e34be6c15864c25b7f72284ef778e0c6eb
org.noear	vaptcha-solon-plugin	2.1.3	-	fa58d79c78845e56603c1e3f5a5468a94fbea10f
org.noear	vaptcha-solon-plugin	2.1.3-M1	-	34f82ed378407bd7d06667b674ac3b520e38786b
org.noear	vaptcha-solon-plugin	2.1.3-M2	-	cc825fd87cf6797061e2902dc6087fbdd35be7b7
org.noear	vaptcha-solon-plugin	2.1.3-M3	-	f4770369ee2004f428f823676e979e62f6e022ee
org.noear	vaptcha-solon-plugin	2.1.4	-	eaf37e36b5e2e189a0cdbabb08a82977e8e4b098
org.noear	vaptcha-solon-plugin	2.1.4-M1	-	a2308197fda1e493c553c7d90b70e6a1fb5fbf3d
org.noear	vaptcha-solon-plugin	2.1.4-M2	-	93befec7c5e1cd6ce2f4da3b7642acfb896c6f42
org.noear	vaptcha-solon-plugin	2.2.0	-	ec25dfb525f890e5c5d3eb4ae06122fa16e272e1
org.noear	vaptcha-solon-plugin	2.2.0-M1	-	f5cffa31d1e4a33818056eba69aa5cf76e1f5eeb
org.noear	vaptcha-solon-plugin	2.2.0-M2	-	0391c6b342848384d463f3494696739d4e321bcb
org.noear	vaptcha-solon-plugin	2.2.0-RC	-	14073571f6e8c4c394affbd6576f722fe618cd50
org.noear	vaptcha-solon-plugin	2.2.1	-	db00f368d151fdc2401b129bb1ae445012efaf83
org.noear	vaptcha-solon-plugin	2.2.10	-	2b52005949b86d56abe4402d2b3d0b7dc5bc6a76
org.noear	vaptcha-solon-plugin	2.2.11	-	459e7287570a6ca2c8aefbc25cc36aeb51f12e71
org.noear	vaptcha-solon-plugin	2.2.11-M1	-	938939d1e6e9513ecea94fce9ce387d67901023b
org.noear	vaptcha-solon-plugin	2.2.12	-	56d69d4b794281025db104da1928c9a4aada3560
org.noear	vaptcha-solon-plugin	2.2.13	-	8cc4cd04277e734627d94e9cc97d202faea827df
org.noear	vaptcha-solon-plugin	2.2.14	-	158936555aee4e83c2bb353913bbe3f5695e999e
org.noear	vaptcha-solon-plugin	2.2.15	-	d9822d35e35d511ba67c7afbe098d4928084b6e3
org.noear	vaptcha-solon-plugin	2.2.16	-	c7f9faab02e8905b9c88768430fd0024c3a57a9a
org.noear	vaptcha-solon-plugin	2.2.17	-	83d8dd4f9ec8ffdc87a6c01b515268541df423f4
org.noear	vaptcha-solon-plugin	2.2.18	-	6da738052dc64dcaf453b2bd4aeed16b2bab8ff1
org.noear	vaptcha-solon-plugin	2.2.19	-	82ad2a8441fc3535dd2442743cb62b5b6550c93a
org.noear	vaptcha-solon-plugin	2.2.2	-	07682f1bbb8c504cc809056a1f441f0e370e1115
org.noear	vaptcha-solon-plugin	2.2.20	-	2f3f0a5c434ccbd071c1bdd79eda22ebc2779bd5
org.noear	vaptcha-solon-plugin	2.2.3	-	4e466a37055eb91a24a0c4ef568fb73785a98e0e
org.noear	vaptcha-solon-plugin	2.2.3-M1	-	2556e416118e79dc1c9a96c6617bed158cb34452
org.noear	vaptcha-solon-plugin	2.2.4	-	280ad7b49dda31146555a5b9df171c00263853ec
org.noear	vaptcha-solon-plugin	2.2.4-M1	-	8fe75ecc73abcf60ba885d81e40591713b8db3c7
org.noear	vaptcha-solon-plugin	2.2.5	-	c7dbcd38d80f2e868fbfb697ad931a439353dd38
org.noear	vaptcha-solon-plugin	2.2.6	-	d6520056a6b65ad9f4fdcfeb74990f53508957c5
org.noear	vaptcha-solon-plugin	2.2.7	-	f26b5cf48faa0e102db3f06dbb4f8df5262d0e08
org.noear	vaptcha-solon-plugin	2.2.8	-	586eea02e36ebc694fab4bf01dc277952bafa312
org.noear	vaptcha-solon-plugin	2.2.9	-	71ec62cd74d9bfe648447fc653a1e668ac723a54
org.noear	vaptcha-solon-plugin	2.3.0	-	772c9ac065a5255b867226bf2019332ef5b73852
org.noear	vaptcha-solon-plugin	2.3.0-M1	-	0052462bb273ab89c9f08032819dac0d83b39fa5
org.noear	vaptcha-solon-plugin	2.3.0-M2	-	9c430be5b01d0a6804cefab876152376a7a8dfe8
org.noear	vaptcha-solon-plugin	2.3.1	-	3b94ccbf3f0201c559bd1469bdbba8e60aa2643e
org.noear	vaptcha-solon-plugin	2.3.1-M1	-	86eb5bf08fd46a61f0fec8cc7bd65073dd9b6011
org.noear	vaptcha-solon-plugin	2.3.1-M2	-	1bea2d9e832b332646f5f50ca7175066eb8c7504
org.noear	vaptcha-solon-plugin	2.3.2	-	22f84fc3fbe8c64e99a54223daafe45b8e91dfca
org.noear	vaptcha-solon-plugin	2.3.3	-	ba84d22662d7e2945d5c9ec39840afa5a18756d5
org.noear	vaptcha-solon-plugin	2.3.3-M1	-	e65755092e47965cfeddb2438a300ef4b0fe6f5c
org.noear	vaptcha-solon-plugin	2.3.3-M2	-	6c9fd2340937648123dc233d9d24dbf17a5f16c1
org.noear	vaptcha-solon-plugin	2.3.3-M3	-	067c69a1035b53a907a0e64a3245ec406da95a96
org.noear	vaptcha-solon-plugin	2.3.4	-	20aea590ba586e513e810c0dded94f5fa98657e7
org.noear	vaptcha-solon-plugin	2.3.4-M1	-	7bcb4a01f8168a1e631e18e0acaf7312cbd0e32a
org.noear	vaptcha-solon-plugin	2.3.4-M2	-	c87b83c55ff77a8681ec70f7ac5d49449439ed28
org.noear	vaptcha-solon-plugin	2.3.4-M3	-	03adab9323413180ee4f73c1a0941a3dc1dddf93
org.noear	vaptcha-solon-plugin	2.3.5	-	969409310561292af692bb0c62b5f9e9d4882bc3
org.noear	vaptcha-solon-plugin	2.3.5-M1	-	1d064134fa512fa39a2bba6df17ab41d49d5dfb5
org.noear	vaptcha-solon-plugin	2.3.6	-	96508ecf07d109f2dfa0c6fd10d68143be554f82
org.noear	vaptcha-solon-plugin	2.3.7	-	734384e859856ff40bf610093b354f1c3751f856
org.noear	vaptcha-solon-plugin	2.3.7-M1	-	0ef23bc73cd08207cc3aa888790bc34ce26bb910
org.noear	vaptcha-solon-plugin	2.3.8	-	1b5a7e9e5858d6f9ae2d8e621dd70bbbc077d035
org.noear	vaptcha-solon-plugin	2.3.8-M1	-	c154f68363f63b510c26ed6631035755e3886fde
org.noear	vaptcha-solon-plugin	2.3.8-M2	-	0eb913ffcea87cca4f085a9875f5689f84caa06a
org.noear	vaptcha-solon-plugin	2.3.9-M1	-	0015c62fee10470a6dcec18ff3224a63b5b68591
org.noear	vaptcha-solon-plugin	2.4.0	-	a569abe18cbbb169d013dfe315a58c6dc84dfb33
org.noear	vaptcha-solon-plugin	2.4.0-M1	-	28c955c5fe63fb1e98e683d0c7447d28f00d209a
org.noear	vaptcha-solon-plugin	2.4.0-RC	-	b49fdd78d78e401cd89115c1db897b6a03c1a988
org.noear	vaptcha-solon-plugin	2.4.0-RC2	-	a364744c87d64333456142f49812479e8be5d783
org.noear	vaptcha-solon-plugin	2.4.1	-	2635f42597eebcbb24a6f3fa680d073fa43bc079
org.noear	vaptcha-solon-plugin	2.4.1-M1	-	d2107d6b442cc95882fd4a3b8b142c02320d12db
org.noear	vaptcha-solon-plugin	2.4.1-M2	-	9ad78521d81a08775a05d57a5bbe49d21377dd25
org.noear	vaptcha-solon-plugin	2.4.2	-	db13b57c1f59152d47e7ced6b703812403054967
org.noear	vaptcha-solon-plugin	2.4.2-M1	-	3be8c9561f99dc504be3432e6d91faca9ec99379
org.noear	vaptcha-solon-plugin	2.4.2-M2	-	971b70298ed01913c1928390da3925ba6668a1a0
org.noear	vaptcha-solon-plugin	2.4.2-M3	-	2a584b2342d70e67d1fa9483f0aa3e149e59a5d3
org.noear	vaptcha-solon-plugin	2.4.3	-	51dfc58b55a08193b15687b750d3f702c096c880
org.noear	vaptcha-solon-plugin	2.4.3-M1	-	c01eacaaab56a2100cd6e48f078cc0b2aff7124a
org.noear	vaptcha-solon-plugin	2.4.3-M2	-	4d82bd44f3c3d7aa12e2e7fbb5a04f406af7324e
org.noear	vaptcha-solon-plugin	2.4.3-M3	-	c05edeba36153ad4e3a2e160df6468233f6eb418
org.noear	vaptcha-solon-plugin	2.4.3-M4	-	a8f4d4deb356107c1de151a7017bea27e9ff591e
org.noear	vaptcha-solon-plugin	2.4.4	-	06d883c31382d230dcdac7f501e7b7d680153ae7
org.noear	vaptcha-solon-plugin	2.4.4-M1	-	3e2527001258eaf9bf4d5550d53c31de8dfdf5b6
org.noear	vaptcha-solon-plugin	2.4.4-M2	-	a7079a5f566a10254505bbdda6cc37e66b918fcb
org.noear	vaptcha-solon-plugin	2.4.4-M3	-	e4da3890319b975ccf29d640d320c4c2c05cf5aa
org.noear	vaptcha-solon-plugin	2.4.4-M5	-	d401caf30cba29351d8aeb28ca026eefa7007291
org.noear	vaptcha-solon-plugin	2.4.4-beta1	-	b2f0a3c4e3138131a1f872a4dce88b1c42a85cf0
org.noear	vaptcha-solon-plugin	2.4.5	-	803e24e1195d9f9cb0aaf8b87cba81a78cb205f3
org.noear	vaptcha-solon-plugin	2.4.6	-	9d7bfb3478c383cc251f7d15907fd3809a86e4b4
org.noear	vaptcha-solon-plugin	2.4.6-M1	-	981c2d1c676bcb1a1ca95bc3004585283fff2faa
org.noear	vaptcha-solon-plugin	2.4.6-M2	-	bb4a14f7f084a24bbecfc5e6e928fea1997d9fe4
org.noear	vaptcha-solon-plugin	2.4.6-M3	-	961fc2083c4fbc00ed6c47e8ffd7d75e9a3b0bdd
org.noear	vaptcha-solon-plugin	2.4.6-M4	-	cfd44017a2d893e6575b0b522faf30ffca859fc7
org.noear	vaptcha-solon-plugin	2.4.6-M5	-	3236a24fd5a26c9e13062915e138cac1592ce4ad
org.noear	vaptcha-solon-plugin	2.4.6-M6	-	4da234db143e2ee56e0957e934080836de4ccbd5
org.noear	vaptcha-solon-plugin	2.4.6-M7	-	d3fe94470084e2afcd1e275c8fbe5b56effb9fa7
org.noear	vaptcha-solon-plugin	2.4.6-M8	-	688c8b30d5bb3ca27418f2cb9d9c23e156f1368a
org.noear	vaptcha-solon-plugin	2.5.0	-	1bf1a7bc0a7774e2d72f7ab1377e6b6d16f7b3bf
org.noear	vaptcha-solon-plugin	2.5.0-M1	-	8588d1cd9a033716ff397db253a74885c4d7e3b2
org.noear	vaptcha-solon-plugin	2.5.1	-	c7d4ef607b10714d49ce1080f65160e5386bf09f
org.noear	vaptcha-solon-plugin	2.5.10	-	b00a61cc2614d72b32194a7baf80405d92d441aa
org.noear	vaptcha-solon-plugin	2.5.11	-	7190d28a11742b3b0ca9e12a23293543ba1bbc16
org.noear	vaptcha-solon-plugin	2.5.11-M1	-	ddc4cce3d404e3d295fd5cec6c89513c85d0ac1f
org.noear	vaptcha-solon-plugin	2.5.11-M2	-	806dcf5299016dddcba53ccbae2d2ffa5c7e76bf
org.noear	vaptcha-solon-plugin	2.5.11-M3	-	e9f8021a0fbed54d44cd874b0ae0567a63a30bb7
org.noear	vaptcha-solon-plugin	2.5.11-M4	-	febd61610ed7b37a909a35a45874178e3a6e1810
org.noear	vaptcha-solon-plugin	2.5.12	-	0688c1162f27b3d03a56c3cd0cde6ac3bcbd4767
org.noear	vaptcha-solon-plugin	2.5.12-M1	-	ff74de3b0926282e0e5f5f6098088d1fc613a569
org.noear	vaptcha-solon-plugin	2.5.12-M2	-	6343514a297d4b86f68f8354887f2267373cfd31
org.noear	vaptcha-solon-plugin	2.5.12-M3	-	eca259ae9ef08322d116eee4c695bf82bb2f5329
org.noear	vaptcha-solon-plugin	2.5.2	-	600375762d78dcb8bab038780c5a39afe0815469
org.noear	vaptcha-solon-plugin	2.5.3	-	508ea3ed9551ac0c991d4beeaba81461ae7f9cac
org.noear	vaptcha-solon-plugin	2.5.4	-	d439ae86b3b0d187b26c5a1a3115a230023dee73
org.noear	vaptcha-solon-plugin	2.5.4-M1	-	b6b17b8a91eb64d0d022948c4fe94ab8a2c29603
org.noear	vaptcha-solon-plugin	2.5.4-M2	-	064cb04c80e347459fcbe88324850dc3055d4524
org.noear	vaptcha-solon-plugin	2.5.5	-	01b0e10daf656f400b0cc355c07b298285a26f1b
org.noear	vaptcha-solon-plugin	2.5.5-M1	-	39bc7b1ca477702b14d179d6851e0937fd0e2ad8
org.noear	vaptcha-solon-plugin	2.5.5-M2	-	b018fd1af034a1373ea67fbe3762424b869cb38d
org.noear	vaptcha-solon-plugin	2.5.5-M3	-	f4c163ce456b8240f4d199739790e4621cc954d2
org.noear	vaptcha-solon-plugin	2.5.5-M4	-	b501096aff643cb5d372716f37aa80c2d0fadaf9
org.noear	vaptcha-solon-plugin	2.5.5-M5	-	4553348273166c95e8a606dc9fb8e0c2c08cd16c
org.noear	vaptcha-solon-plugin	2.5.5-M6	-	f260ae98c7c3ecbf17d36d43a857176e2f2c3595
org.noear	vaptcha-solon-plugin	2.5.6	-	a354e023dd6b16ff22548657e30b102d5e4009f2
org.noear	vaptcha-solon-plugin	2.5.6-M1	-	13541748aa811666d7ad52245c5bdbffdd40d629
org.noear	vaptcha-solon-plugin	2.5.7	-	fa96d20a49e1105b1e98646b8528c6e45075b681
org.noear	vaptcha-solon-plugin	2.5.7-M1	-	271feb382c49c5e64263843c74863ad2355cf993
org.noear	vaptcha-solon-plugin	2.5.7-M2	-	e3165763a8a6fb13350a1083c11faade84ccbee4
org.noear	vaptcha-solon-plugin	2.5.7-M3	-	174ad6144c5a9e26ae39190feb48734cff0778cc
org.noear	vaptcha-solon-plugin	2.5.7-M4	-	63006f8073f1ace5fa152e95cbcdfb098e44e54a
org.noear	vaptcha-solon-plugin	2.5.7-M5	-	e4af09f6454109b31abd539e2678639616f9b58b
org.noear	vaptcha-solon-plugin	2.5.7-R1	-	9443337bb43b55b5aedd9063baf8cccc5a1787a2
org.noear	vaptcha-solon-plugin	2.5.8	-	04ece0ced68358ef7b79d2d548ce712ac20d50ea
org.noear	vaptcha-solon-plugin	2.5.9	-	7b70c8419998948da7011b082daefb798c9f980e
org.noear	vaptcha-solon-plugin	2.5.9-M1	-	ec0340993b933e9407688969ef2c4d668e3a9b49
org.noear	vaptcha-solon-plugin	2.5.9-M2	-	1e7fe19243c1b3a7c6963b1e8b686bde376decb7
org.noear	vaptcha-solon-plugin	2.5.9-M3	-	165d01541eba07e135d5ba735ee6a492c85dbee8
org.noear	vaptcha-solon-plugin	2.5.9-M4	-	751beeb7f99a130b37fd34603a9b95fd45f75159
org.noear	vaptcha-solon-plugin	2.5.9-M5	-	da426ce705aae42e5705190dc526ee31918a0394
org.noear	vaptcha-solon-plugin	2.5.9-M6	-	f706bb8bb137e60d74f382bb7ea911cd0edb1c45
org.noear	vaptcha-solon-plugin	2.5.9-M7	-	672ed47e05a8bb4f391c50a7ca3fd8322b11f397
org.noear	vaptcha-solon-plugin	2.6.0	-	ee8dc860ee5c380245a465260de42b94f7f2de21
org.noear	vaptcha-solon-plugin	2.6.0-M1	-	7c5172eeaba18829b0c564d4bcc8e44b4c370ab3
org.noear	vaptcha-solon-plugin	2.6.0-M2	-	8eacc67805555829de34650c0526083da5619c05
org.noear	vaptcha-solon-plugin	2.6.0-M3	-	5bc26a767210d3faee37212ded3d9b83f53f043a
org.noear	vaptcha-solon-plugin	2.6.1	-	0530c1846f46bb3026b120017226ca18f0d164d2
org.noear	vaptcha-solon-plugin	2.6.1-M1	-	ed8d1790159c00905b3364653710c538e4d2fbe8
org.noear	vaptcha-solon-plugin	2.6.1-M2	-	e80d4bb7969d4b0a89632c9d79b67328ed871488
org.noear	vaptcha-solon-plugin	2.6.1-M3	-	47f31aaa968483c2b6a21802d87b5c1887fc57d9
org.noear	vaptcha-solon-plugin	2.6.2	-	bf74894310cb82f247fe43ae25f70717ddcfb3c8
org.noear	vaptcha-solon-plugin	2.6.3	-	3aa023965e0966afeed8679d6b93603dbff0aeff
org.noear	vaptcha-solon-plugin	2.6.4	-	8a912e7a2bb92da9fc492fff7354960109f6ebd1
org.noear	vaptcha-solon-plugin	2.6.5	-	a2b2af0d3c262b8880f949b3616a66d33f513984
org.noear	vaptcha-solon-plugin	2.6.6	-	ee3a412e07cc25e7bea1fd4bed5321aaa5b454f7
org.noear	vaptcha-solon-plugin	2.6.6-M2	-	4d719b9d56b659834447c0a5da588be3699f0696
org.noear	vaptcha-solon-plugin	2.6.6-M3	-	e412a4b6774bbe7cd76a9aaf5057c95b4616d23e
org.noear	vaptcha-solon-plugin	2.7.0	-	33f92dbee5acb7a345721e5002b6f8e186a97715
org.noear	vaptcha-solon-plugin	2.7.0-M1	-	40541a0a2576b0cbc04f8fe89a4498648c549979
org.noear	vaptcha-solon-plugin	2.7.0-M2	-	4db6fe162baaf4e0a788cc097e875b8747ba2658
org.noear	vaptcha-solon-plugin	2.7.1	-	c58bda9ae7b8d3a2ab289f41fac0cda1af11de7c
org.noear	vaptcha-solon-plugin	2.7.1-M2	-	6504f8f51a67aac2c829237272d6be596febfd20
org.noear	vaptcha-solon-plugin	2.7.2	-	b3e57dadba67f852f66cb633411bd91cde8c015d
org.noear	vaptcha-solon-plugin	2.7.2-M2	-	ba1ac607a5fbc151c047f00c7652177daf6643c5
org.noear	vaptcha-solon-plugin	2.7.3	-	dee94f241409f47068541a09de37ffcebd645b7d
org.noear	vaptcha-solon-plugin	2.7.3-M2	-	b23fd44fb4eec576e5b7851d68e7c092f1172b29
org.noear	vaptcha-solon-plugin	2.7.4	-	29eefff39c85065c71ad3a26f58018d4133bfa38
org.noear	vaptcha-solon-plugin	2.7.4-M3	-	629617e824f3f6d0291df6c22bd34233a3b11f74
org.noear	vaptcha-solon-plugin	2.7.4-M4	-	01b4507e17d16dfff871122b51714d812a213fc4
org.noear	vaptcha-solon-plugin	2.7.5	-	4f9b4cd1a69b762e8e3681eec2632da8dcc43b61
org.noear	vaptcha-solon-plugin	2.7.6	-	352a41be6f33e34417cdfa626b75d8b505cac142
org.noear	vaptcha-solon-plugin	2.7.6-M1	-	1601799b01e075cfbd9925bf32284a5469d5f469
org.noear	vaptcha-solon-plugin	2.7.6-M2	-	55d9cab88ac0cce9fb5692adb7e1f6020672e467
org.noear	vaptcha-solon-plugin	2.7.6-M3	-	5d9c367bdc7b0712ce8b990ccf17058a3d00ec74
org.noear	vaptcha-solon-plugin	2.7.6-M4	-	b9fd151c0c947c30bedeaaab0d4aaaf9bdd36d61
org.noear	vaptcha-solon-plugin	2.7.6-M5	-	f12c23e927ad15f6495cc092b5c800313e7dfe45
org.noear	vaptcha-solon-plugin	2.7.6-M6	-	7dc335f7f79ce2834d4e69e4548b21021d2a2b2a
org.noear	vaptcha-solon-plugin	2.7.6-M7	-	481e829684566efa8e977f209276e1ecafb40248
org.noear	vaptcha-solon-plugin	2.8.0	-	4ec256140d92cb8de48b50819b1a24bb7ea74f65
org.noear	vaptcha-solon-plugin	2.8.0-M1	-	79ac51271be3563ad7e6b9c800b209fe2e264ce2
org.noear	vaptcha-solon-plugin	2.8.0-M2	-	61b0f036271fc1c4948208aaf7873238dddf443e
org.noear	vaptcha-solon-plugin	2.8.0-M3	-	094e1d406b2ea61d7e91f3688a50ba3c67cc008d
org.noear	vaptcha-solon-plugin	2.8.0-M4	-	cffbd0b9512c756bd46a58600e1b8241551d069a
org.noear	vaptcha-solon-plugin	2.8.0-M5	-	8b022a3095fc3b45515edc96cb1f258d6b863394
org.noear	vaptcha-solon-plugin	2.8.0-M6	-	338cfe88e3b43203d21e105224d6d7b8451e426c
org.noear	vaptcha-solon-plugin	2.8.0-M7	-	3791c7fa5886d1879c73fdaa5ed4011ac64e6f6b
org.noear	vaptcha-solon-plugin	2.8.1	-	72ed73d7a5966fcdd4d92bd8041e7188a0980800
org.noear	vaptcha-solon-plugin	2.8.1-M4	-	49dbbf854e79493e8a7edb1fa37ec2748b6c722b
org.noear	vaptcha-solon-plugin	2.8.1-M5	-	30b1f04746745875dc037c1e7c025155c688cdcd
org.noear	vaptcha-solon-plugin	2.8.1-M6	-	0d921e54f917c0a15b7428caa4f10488812d905f
org.noear	vaptcha-solon-plugin	2.8.2	-	04d45b5f0e93f690cf1475056c513fc62b0f1644
org.noear	vaptcha-solon-plugin	2.8.3	-	72a823dd3c6c9fc904591b167884f44b3ebec82c
org.noear	vaptcha-solon-plugin	2.8.4	-	99b27dd8fca91ee1452883be0d8c78b344913cfb
org.noear	vaptcha-solon-plugin	2.8.5	-	b7d97547d2bf88db9b213702302578724305f076
org.noear	vaptcha-solon-plugin	2.8.5-M3	-	209f4081798435547ab4c48623b5c02aa9425d4c
org.noear	vaptcha-solon-plugin	2.8.5-M4	-	2859f9dbdbc0865147d642c1360b7ba3a61f5ab7
org.noear	vaptcha-solon-plugin	2.8.5-M5	-	0db08c83e4de3c7d48ea91544d7bbfccbee53759
org.noear	vaptcha-solon-plugin	2.8.5-RC	-	11e58fbb9b18d872f012abb9ba85258391f9775a
org.noear	vaptcha-solon-plugin	2.8.6	-	b9d14041d07604168c2c093333eb99ac3a1c61b4
org.noear	vaptcha-solon-plugin	2.9.0	-	431035d106cdc2d88158b102d9461272c20a58ce
org.noear	vaptcha-solon-plugin	2.9.0-M9	-	4d2e449b9a13b63eef6d9ccf245fb777e7c372ac
org.noear	vaptcha-solon-plugin	2.9.0-RC	-	41b55c56e791b22cd541462aaf32a97a16c837ed
org.noear	vaptcha-solon-plugin	2.9.0-RC2	-	91d409c98d555ee13485db8067b6e236aa1beb65
org.noear	vaptcha-solon-plugin	2.9.1	-	09423f7e6663dee7d4c5283f370b29ccc8ad7738
org.noear	vaptcha-solon-plugin	2.9.2	-	02d5e3be0fefeaac120f53eb58b0f2743672401e
org.noear	vaptcha-solon-plugin	2.9.2-M1	-	9033136aac56d43a4d9b19ce80e214c555e8f660
org.noear	vaptcha-solon-plugin	2.9.3	-	4cbb753a1c9f748652a5b1a52887211c0440d1d3
org.noear	vaptcha-solon-plugin	2.9.4	-	fcbd2e486479ee08c4c4a914bb64acadb79fe60c
org.noear	vaptcha-solon-plugin	3.0.0	-	a6ab309b48ab4edf39dd447e740f0d70b377ef5a
org.noear	vaptcha-solon-plugin	3.0.0-M1	-	254edec03a39beadc8eff9b33c9f56c49e0e29fc
org.noear	vaptcha-solon-plugin	3.0.0-M3	-	8ba3fc76a2abb516b24e1549b83229b8548170ca
org.noear	vaptcha-solon-plugin	3.0.0-M4	-	1e0592d6c320855a4149faa23a03a4f099afff47
org.noear	vaptcha-solon-plugin	3.0.0-RC	-	4e7df2b673b8e181790e9b6988bb7b91eaac3b3d
org.noear	vaptcha-solon-plugin	3.0.0-RC2	-	7131e509c78a013e2b6c209db342b17aba971317
org.noear	vaptcha-solon-plugin	3.0.0-RC3	-	d6bbc7ede865429162a7cfbe85465629f751faa9
org.noear	vaptcha-solon-plugin	3.0.1	-	dd7c30f0b005af8bc4fe30364ed4af646b2afa3e
org.noear	vaptcha-solon-plugin	3.0.1-M2	-	19ecfb19a9fc9d917df51e22f6b92ad3dc18a206
org.noear	vaptcha-solon-plugin	3.0.1-M3	-	03d76d7370652a829b7916241af229c2a88a7fbd
org.noear	vaptcha-solon-plugin	3.0.10	-	eb42570166b3896ffbb5b218ff9dc37dbdfdf742
org.noear	vaptcha-solon-plugin	3.0.2	-	20e6ab250faf577be76a551eb3fc6fa6ed3f158d
org.noear	vaptcha-solon-plugin	3.0.2-M5	-	05a526fe1756a7b71beffb168b589e71d6e75b52
org.noear	vaptcha-solon-plugin	3.0.2-M6	-	cfd4149cf1a0eda82e25e8292f7c7f9b01a392ba
org.noear	vaptcha-solon-plugin	3.0.2-RC	-	849acd3f5813306854d7012799a07a1736605597
org.noear	vaptcha-solon-plugin	3.0.2-RC2	-	8bb68827c7bfdaa8a0bb7dcae8add3233373b1f2
org.noear	vaptcha-solon-plugin	3.0.3	-	5741db623483f3c45f200e5a6ae9a2399780fed7
org.noear	vaptcha-solon-plugin	3.0.3-M3	-	0b6f1832f526858ebc162beb6288bd8e52db2477
org.noear	vaptcha-solon-plugin	3.0.3-M4	-	dfeeb40260708b7731d0e152c8b4a582850600ec
org.noear	vaptcha-solon-plugin	3.0.3-RC	-	30cb691bda0491acbc40de4575f80705abf5545c
org.noear	vaptcha-solon-plugin	3.0.4	-	613b610e8101a792f7005b0312a5d1753521f5bd
org.noear	vaptcha-solon-plugin	3.0.4-M2	-	b3a8db4b6863dce575c4397a84aeb6621b834386
org.noear	vaptcha-solon-plugin	3.0.4-RC	-	63a0755ba8e8dadc9d31ebf7d9cfcc96af559368
org.noear	vaptcha-solon-plugin	3.0.4-RC2	-	61e63b722162fa8e7a9643a130b7070dc9d10dee
org.noear	vaptcha-solon-plugin	3.0.4.1	-	af077bd719b0f6107ab96217ac22e625f97b9407
org.noear	vaptcha-solon-plugin	3.0.5	-	a9e79bbb351577d3e9fd84c7398567bb2c39575c
org.noear	vaptcha-solon-plugin	3.0.5-M1	-	f4d46c2a3f333c2a0f12d822a270cffb0af78c29
org.noear	vaptcha-solon-plugin	3.0.5-M2	-	826b4f386d11bee1cdb9379558de87b377dd894e
org.noear	vaptcha-solon-plugin	3.0.5-M3	-	eb25792fb62ba42f060cbff4372d66db1e4dd2c1
org.noear	vaptcha-solon-plugin	3.0.6	-	4e8717eec7f74489be3a7518939a59b21e30e374
org.noear	vaptcha-solon-plugin	3.0.6-M1	-	d4ed0e99551a34b2ea87eb4aca52f69ce8c7174e
org.noear	vaptcha-solon-plugin	3.0.6-M2	-	f8bf1bc81d0c9aa7319513805c9c6ec67c58141e
org.noear	vaptcha-solon-plugin	3.0.6-M3	-	3e77a5d1e630c1d29f9867a852684d816e499023
org.noear	vaptcha-solon-plugin	3.0.6-RC	-	797f6a9d8285319c935f0550ebf26d9b11b4747c
org.noear	vaptcha-solon-plugin	3.0.6-RC2	-	02e2ac6e1c6fcaa47a478d8c227aa99550269fab
org.noear	vaptcha-solon-plugin	3.0.7	-	a26169329ab11269e72fe1efd5c473579419f10d
org.noear	vaptcha-solon-plugin	3.0.7-M1	-	042a3a309bf152acb6feeb80eefc39ce0deb4bf5
org.noear	vaptcha-solon-plugin	3.0.8	-	579ce3168f288a0c1c98a9e6884de714bc31abd5
org.noear	vaptcha-solon-plugin	3.0.8-M1	-	6f5f440b4e879587c1540542801257bec4375acb
org.noear	vaptcha-solon-plugin	3.0.9	-	e0a3688d6a344b76d8b847ac4ff3d2a6cb65d943
org.noear	vaptcha-solon-plugin	3.0.9-M1	-	e0999cea4c5b64c1460dbfcf365201615dd53f33
org.noear	vaptcha-solon-plugin	3.0.9-M2	-	7c742e99313dd562fdc19f0e5fa88dfd41bcc82c
org.noear	vaptcha-solon-plugin	3.1.0	-	51772d6ffe72793c23d861c3ce8b4845676eea05
org.noear	vaptcha-solon-plugin	3.1.0-M1	-	9ae3eb3a736980525f4764ed8c3ac9f3d4e25ca6
org.noear	vaptcha-solon-plugin	3.1.0-RC	-	dd7cc0adca37b73d981dd5ba88180af2b5e035ea
org.noear	vaptcha-solon-plugin	3.1.1	-	44606dbe4be1434f84f468a2f1eb359cc6849abf
org.noear	vaptcha-solon-plugin	3.1.1-M4	-	2dd025e4d3a6106be5b26c28321125d435cc71ea
org.noear	vaptcha-solon-plugin	3.1.1-M5	-	6263f83494b4df6c4df74143ae7fce42c0e41f68
org.noear	vaptcha-solon-plugin	3.1.1-RC	-	abfd0cd9539d629b802df437eebbf55dd8b822aa
org.noear	vaptcha-solon-plugin	3.1.2	-	a0e5d2b99a0579935553846c68a2d7993eb37b22
org.noear	vaptcha-solon-plugin	3.1.2-M2	-	4f268d8982354d0f1ad56d3a6bc5f18f6c610dc5
org.nuiton.js	nuiton-js-jquery	1.10.1-1	-	cb93b0a0f07b1ff7b6a340e32e7f19ae4d877ff1
org.nuiton.js	nuiton-js-jquery	1.10.2-1	-	f72b195ab9acc21e7b3881992966a5f133bcb43e
org.nuiton.js	nuiton-js-jquery	1.11.0-1	-	d29e696ea5859a3070e50377e6d7c8f7d2ae7f76
org.nuiton.js	nuiton-js-jquery	1.11.1-1	-	de6385138638c178be659b3fe3c35c1168a51aae
org.nuiton.js	nuiton-js-jquery	1.8.3-1	-	ba8c9276176f7d44967f15c4bdf143079dba85fe
org.nuiton.js	nuiton-js-jquery	1.9.1-1	-	f4ab0e2e4cd98482262cf1839c61478633a012d5
org.nuiton.js	nuiton-js-jquery	1.9.1-2	-	48d6b3490346250a1289a1dc58bda656d59679c4
org.nuiton.js	nuiton-js-jquery	2.0.2-1	-	b21a27e775f5e273daeaae18b69745d3e209fa55
org.nuiton.js	nuiton-js-jquery	2.0.3-1	-	d1985359409c45ced16eb98eb95f4940e2fe490c
org.nuiton.js	nuiton-js-jquery	2.1.0-1	-	b649da6dd94145cf6d832a4c3f03cb93c2c4c7a8
org.nuiton.js	nuiton-js-jquery	2.1.1-1	-	ea4bf07c326a18708c95e2e151998f3786caffe4
org.objectweb.fractal.juliac	juliac-ultra-merge	2.0	-	16fd8b25d4dcdcf1595259c6c0603bd4dc7f496a
org.objectweb.fractal.juliac	juliac-ultra-merge	2.0.1	-	b8e130b026f0a363c7f8449c41fa215d9b315b2a
org.objectweb.fractal.juliac	juliac-ultra-merge	2.0.2	-	fa0f8fbe2e5d828e40a7aac8897320824ad8f31a
org.objectweb.fractal.juliac	juliac-ultra-merge	2.1	-	c334abf62dd99636b9120f4dcc98b4866484421f
org.objectweb.fractal.juliac	juliac-ultra-merge	2.1.1	-	445aa2de02c65185b017499cc6b311f824e7d66f
org.objectweb.fractal.juliac	juliac-ultra-merge	2.1.2	-	5ae4748b2a0409856aa2d4663afec2b88e7a0219
org.objectweb.fractal.juliac	juliac-ultra-merge	2.1.3	-	b461528740965e59f1342ec53344984d20610a27
org.objectweb.fractal.juliac	juliac-ultra-merge	2.1.4	-	0d45e5e769d0b96baa1b6a55d8607f4cb03c7f9b
org.objectweb.fractal.juliac	juliac-ultra-merge	2.1.5	-	1a85fb9e89c31287eb785d6dd59e293b2546270d
org.objectweb.fractal.juliac	juliac-ultra-merge	2.1.6	-	2c13d76602fdebab058aec9397d61e405d129286
org.objectweb.fractal.juliac	juliac-ultra-merge	2.2	-	d06594c1d8237117f441b96618fd15cdd0f98e94
org.oiue.services.odps.events	org.oiue.service.odp.event.sql.structure	1.0.0	-	28d4d9f8e5d0069b8d0c6137527e6b8dc483924d
org.oiue.services.odps.events	org.oiue.service.odp.event.sql.structure	1.0.1	-	e524cc6b625837a460bc6c233f45fb7c2797a68e
org.ojbc.bundles.intermediaries	ndex-submission-service-intermediary	1.0.2	-	0c8020e8a0582ad2a736ee16d5e7b5eaa3274a6b
org.ojbc.bundles.intermediaries	ndex-submission-service-intermediary	1.0.3	-	e1c3b96c6db68b1bf6bc2172faef6d74d6754f57
org.ojbc.bundles.intermediaries	ndex-submission-service-intermediary	1.0.4	-	6d6661cc9734a878aff954531b44c19960a09401
org.ojbc.bundles.intermediaries	ndex-submission-service-intermediary	1.0.5	-	a8a52fc54c905c7f73b4b0f65a6a62ce1ef75800
org.opencypher	tck-reporting_2.12	1.0.0-M18	-	63e3b5187f436850347234a950a2a6776a500af2
org.opencypher	tck-reporting_2.12	1.0.0-M19	-	7228dc4cc0fb87a2af51874b0d3d150a4faf3190
org.opencypher	tck-reporting_2.12	1.0.0-M20	-	f33edf7da88fd8d1b7ab4788cd386fab4a795003
org.opencypher	tck-reporting_2.12	1.0.0-M21	-	9a101eac307fa5fe762937b895b99f09720aa87e
org.opencypher	tck-reporting_2.12	1.0.0-M22	-	54199ca219e945a24b755aa872497c840edb9724
org.opencypher	tck-reporting_2.12	1.0.0-M23	-	33ec5982c2d196b64a1313ecefa3d25fb30a6eb4
org.opendaylight.iotdm	onem2msimpleadapter-features	0.1.3-Beryllium-SR3	-	8736c3138426735073b034b842131bd64b1d535f
org.opendaylight.iotdm	onem2msimpleadapter-features	0.1.4-Beryllium-SR4	-	538b8a92de65eec765c754925d0bd8d4d0ade0ea
org.opendaylight.iotdm	onem2msimpleadapter-features	0.2.0-Boron	-	9d4f460e09485d2735c158802640ada140f289d2
org.opendaylight.iotdm	onem2msimpleadapter-features	0.2.1-Boron-SR1	-	dee71b99fbc805907bbdf71b4496c19056ef765c
org.opendaylight.iotdm	onem2msimpleadapter-features	0.2.2-Boron-SR2	-	e81ada9f32dcbb36c9e88c33029e1e813effc06c
org.opendaylight.iotdm	onem2msimpleadapter-features	0.2.3-Boron-SR3	-	619eec093797f13ea0f4ec081d48684d16f7e0a3
org.opendaylight.iotdm	onem2msimpleadapter-features	0.2.4-Boron-SR4	-	76e7961be5a6c784d400400121615a83f2b31ec6
org.opendaylight.iotdm	onem2msimpleadapter-features	0.3.0-Carbon	-	b3e650c85188b13a5bc64b4729b6d45fa12dcf4a
org.opendaylight.iotdm	onem2msimpleadapter-features	0.3.1-Carbon	-	955abcbc21d829b1d68b9aae31431bb70f7a5c3e
org.opendaylight.iotdm	onem2msimpleadapter-features	0.3.2-Carbon	-	bb04f38b08064696efcae3781c558fc2d8905576
org.opendaylight.iotdm	onem2msimpleadapter-features	0.3.3-Carbon	-	95084620c5df278c3a88aebd6d1ccd73d5b6c9cd
org.opendaylight.iotdm	onem2msimpleadapter-features	0.3.4-Carbon	-	d3a8ca93da2eea27af8e6d81c531a98d34478f80
org.opendaylight.iotdm	onem2msimpleadapter-features	1.0.0-Beryllium-SR2	-	abba255e6365f9bd13c8778fa9c338e297bf6ada
org.opennms.alec.features	org.opennms.alec.features.shell	1.0.0	-	533c210c1d06d93e139f7b060922ec3ecca4e0d9
org.opennms.alec.features	org.opennms.alec.features.shell	1.0.1	-	703704bb820b7a2b235b74418a549191d785b812
org.opennms.alec.features	org.opennms.alec.features.shell	1.1.1	-	010293e99eeaa0d18be68ddc3173779fc0db2bdb
org.opennms.alec.features	org.opennms.alec.features.shell	2.0.0	-	afca849b8271f9bc44d047682f52e3b9e79968bf
org.opennms.alec.features	org.opennms.alec.features.shell	2.1.1-ALPHA	-	b0cc0c1905d080923e4edfcf0eb4ae44824248bb
org.opennms.alec.features	org.opennms.alec.features.shell	2.1.2-ALPHA	-	8db33bfdeb08f47fc4bbc1f838d86e1bea853288
org.opennms.alec.features	org.opennms.alec.features.shell	3.0.1	-	89f1339444269c1473b664b32b3df0fa0362cb07
org.opennms.alec.features	org.opennms.alec.features.shell	3.0.2	-	c05c013050eca2d5980536d1090c40873810c599
org.opennms.alec.features	org.opennms.alec.features.shell	3.0.3	-	b3af920e41554846246ce1c2704ca9661013d550
org.opensmarthouse.core.bundles	org.opensmarthouse.core.type.core	0.10.0	-	da013a39c31b48a67a792a420d7482b778fb58ff
org.opensmarthouse.core.bundles	org.opensmarthouse.core.type.core	0.10.1	-	983df7e0c92ae44224965290540f3892e9be6c98
org.opensmarthouse.core.bundles	org.opensmarthouse.core.type.core	0.9.2	-	92ae21caaa0eb8f3fb6259ddd0d18df6d14055f3
org.ow2.chameleon.fuchsia.base.knx	org.ow2.chameleon.fuchsia.base.knx.calimero	0.0.3	-	b271423c5e101f96c932aeefc1c5fb67cc68042a
org.ow2.chameleon.fuchsia.base.knx	org.ow2.chameleon.fuchsia.base.knx.calimero	0.0.4	-	3497f7ec31e63d3508abe578cef68d29052fdc65
org.ow2.jonas.jpaas.apache-manager	jk-manager-rest	1.1.1	-	ce3b64d7205bba7bcd58b23cebab91b388899bb4
org.ow2.orchestra.installer.izpack	izpack-installer	4.2.0	4.2.0-standard	5e4ac3549031660d3d7c954540b4d9785e7682de
org.playframework	play-streams_3	3.0.0	-	2818f2cc1f1de12ff8987a1b4ac699546f2978a5
org.playframework	play-streams_3	3.0.0-M1	-	12d324a9fea109b88211e2016fc8aeb7d608e2d7
org.playframework	play-streams_3	3.0.0-M2	-	b157e8fc1acbd123a8e5dbf781234c642b8d4290
org.playframework	play-streams_3	3.0.0-M3	-	0c52c22a3a16182bbf2aaaa2937d981d756a1e70
org.playframework	play-streams_3	3.0.1	-	6b861e55945ef58ce396e2abc4270629c516ff4d
org.playframework	play-streams_3	3.0.2	-	5d1102300d7342a714b7a515fba7d6c9d58e911e
org.playframework	play-streams_3	3.0.3	-	45e1e47c9b6a887ef9689addba10c6ce3f41b7c3
org.playframework	play-streams_3	3.0.4	-	7b151583e4aeaa863a4a7372673037a937891721
org.playframework	play-streams_3	3.0.4-M1	-	dba5330761117b796874ceee2b4363d2927a34c1
org.playframework	play-streams_3	3.0.5	-	ac2610da7055980c9a4964252f938a8e8976ac4b
org.playframework	play-streams_3	3.0.6	-	ec3a63beb6a31a33bfd0a3d363e9645800d8c99b
org.playframework	play-streams_3	3.0.7	-	41944be9aeafb180e9b7f348705557bdb0615492
org.playframework	play-streams_3	3.1.0-M1	-	28912b03d996255e5c71f6c84d244fefabe3a039
org.portable-scala	portable-scala-reflect_sjs1.0.0-M7_2.11	0.1.0	-	e0aa3942a476f2ed4428f8152aa60d081370ff1d
org.reaktivity	command-log	0.1	-	a270205a50de8522b4111571269b90ab5b7c0f44
org.reaktivity	command-log	0.10	-	00e2afecf76b07827369bce24e0b401236f053d4
org.reaktivity	command-log	0.11	-	481e9459ee494e20dc608c5d01fa4cd6213cd39c
org.reaktivity	command-log	0.12	-	299ff9e988cb6b45b682d12480b1188f5afe4dd1
org.reaktivity	command-log	0.13	-	436192f268355af250d4729e4301217189e43a1c
org.reaktivity	command-log	0.14	-	1a2bbd42ffb213de863a6ea74597fb8a9c5e071a
org.reaktivity	command-log	0.15	-	294d83883d076d3e5c3c09207efe2aca734fce3d
org.reaktivity	command-log	0.16	-	dcf24fe07ab7adeae58ed84caa5bd34f80a0f216
org.reaktivity	command-log	0.17	-	b1f5edb3bf9b6edc0fed4d55c0b6231eb7dc7cc7
org.reaktivity	command-log	0.18	-	2af76e7c86c3dcb0944965ac28e52ee4d73fb581
org.reaktivity	command-log	0.19	-	9b4f6f0afae5ec98a24b944dccc2a91e86fdbbaa
org.reaktivity	command-log	0.2	-	32db6cecacc4ee99e65f8b8489beee0b8bfef661
org.reaktivity	command-log	0.20	-	09758f59559d97227a530d15f54dfa69c961b62d
org.reaktivity	command-log	0.21	-	c4157b3cb6007dc2b28f9c3033a6c6ce088d636d
org.reaktivity	command-log	0.22	-	cb4e4a90d6f5c90adceaa6256adc683111185d5f
org.reaktivity	command-log	0.23	-	aaa5ba4e8d5a3e419f189723c4ef44046775dbef
org.reaktivity	command-log	0.24	-	a944c4b3c4e8f7af84f43c4aa2e13991a4dab984
org.reaktivity	command-log	0.25	-	8dab8971e8859df1a437422c2403117352eda2b5
org.reaktivity	command-log	0.26	-	473f3ce3cf56c24fdd5686c8b220af1997369c1a
org.reaktivity	command-log	0.27	-	235c3cf7b1390f39fdc45dd01ec7c0055f2c3511
org.reaktivity	command-log	0.28	-	2784f1993d654621c487d0cad9402d7c8164e48a
org.reaktivity	command-log	0.29	-	f674147eab05d8b93faf114e9c0d8aa1c3f933cf
org.reaktivity	command-log	0.3	-	4d416a764fdaaa1905ccb5e5c20368e54b0a8395
org.reaktivity	command-log	0.30	-	9dc350dd53ccd2051fc32bfa95d2b426e05e680c
org.reaktivity	command-log	0.31	-	97e1fca791bfab3eea7a67f27e6f3439632bb495
org.reaktivity	command-log	0.32	-	c98d69e6e688bd39fb3eb2a8723fe66d09cc9b54
org.reaktivity	command-log	0.33	-	57fa17f30a50172be3fb912a73c3a5dc6dae30e6
org.reaktivity	command-log	0.34	-	90b455dff645aef8b490a38608fe0c9b757dd6a8
org.reaktivity	command-log	0.35	-	8f5ddb80e642bcd4c77625111675c88595470f27
org.reaktivity	command-log	0.36	-	4669dceeef856e8967c52493514acb378380bc19
org.reaktivity	command-log	0.37	-	54c6e24971e9216e0b3859aefd91bc22ba6405ff
org.reaktivity	command-log	0.38	-	05c984b7db9fcd3154086891348c4f6cf30c325e
org.reaktivity	command-log	0.39	-	814a2fab53089cb62393bd1c147ed4dd1bd76386
org.reaktivity	command-log	0.4	-	1aa0004eb525615393ac79b8fadc60dc00527566
org.reaktivity	command-log	0.40	-	ee74c7718ae09745070bdb0fa06d3b72994ced14
org.reaktivity	command-log	0.41	-	bf452a90608e7a7dff3eee7b2bd75c8f2ab197e7
org.reaktivity	command-log	0.42	-	86651d7e2e1e512c608d96390b8c463cfde9f20c
org.reaktivity	command-log	0.43	-	67f70d638d60b6a9b2408e3c1897d6c6e91b7acd
org.reaktivity	command-log	0.44	-	5b4b01b796dff2b3db09ab4943933b00ba3f0219
org.reaktivity	command-log	0.45	-	d299f36a72a943b269d0a6b8e48ffacbfe9f1d1b
org.reaktivity	command-log	0.46	-	e992d81de4078a90f83f7e40869996f1af0229da
org.reaktivity	command-log	0.47	-	556fa28ca213fac0fd419918bec9383bd81103c8
org.reaktivity	command-log	0.48	-	bb9dd2e4b52ef73833e872f79b8c2f1e2507b940
org.reaktivity	command-log	0.49	-	a82417c18a7c07fa1e8f150fcb08774ca659a295
org.reaktivity	command-log	0.5	-	264e61cb4e9f14128dcc7817135dd01fcdb38ad0
org.reaktivity	command-log	0.50	-	59c1c51b715752288a188569382cc3c4d690efae
org.reaktivity	command-log	0.51	-	4026cc45cba4ea971e9b0e336a0af42a803a3b09
org.reaktivity	command-log	0.52	-	db76d61d6a59a8af74457d267a8bf952075c5740
org.reaktivity	command-log	0.53	-	359478bd0f8ae68a21ec9208fbcc7bf6127e395f
org.reaktivity	command-log	0.54	-	15e8e210fab9e57c72e9024fe681b46342dc2ad0
org.reaktivity	command-log	0.55	-	260dc9a6135d5c6e5bbc63a7db3ab5b869665860
org.reaktivity	command-log	0.56	-	a4097c441bf3bdfe6efb78310a3ad6184383ce10
org.reaktivity	command-log	0.57	-	0f9213e3916d12c138de6592081f37846fe6dcef
org.reaktivity	command-log	0.58	-	579d4f365518c54301997a0929c3409a01bc65d3
org.reaktivity	command-log	0.59	-	95c563b24fa20d852cfb4f9b57ab730496c4dea2
org.reaktivity	command-log	0.6	-	cd6c281d5bd3583c03841a2f209decce1f301172
org.reaktivity	command-log	0.60	-	6d0e87d1bd21d81bda7c89323bb5f33b73430a75
org.reaktivity	command-log	0.61	-	bae502fcfc6f9e8b5a8a6934e1b031ce3d7b6615
org.reaktivity	command-log	0.62	-	2a78f3b56e39668a1db0a1b9f41b6f73d2f39967
org.reaktivity	command-log	0.63	-	7c6fbd19e424ab2971721e74e7259ec2e8c09355
org.reaktivity	command-log	0.64	-	ab2dcdca2d0ba8952905baaef6b33261c4a34452
org.reaktivity	command-log	0.65	-	9de7aa830f30d9268faf78cd4c6c259464794d53
org.reaktivity	command-log	0.66	-	e6e489ee2c8d31266b7a50da7b64883f6304a9b4
org.reaktivity	command-log	0.67	-	2140f80cabd883a951b66eb14023b426de931eb8
org.reaktivity	command-log	0.68	-	29cc56f05e0d1ef690c6ef46e30e92d187289d6a
org.reaktivity	command-log	0.69	-	ae98976ae3c24dcc112bc1f4f449537fd5640e47
org.reaktivity	command-log	0.7	-	adde7b0359ff9a9f444d5db9f6ef080ca03e4254
org.reaktivity	command-log	0.70	-	05abebf83525fc436c02044fe1d2d26b7683157c
org.reaktivity	command-log	0.71	-	5cbbf26dc6a5a656aa31d7efa9be04d54e4e64db
org.reaktivity	command-log	0.72	-	035b7fc59bd1262476abcb2a12ae1da75dd9fbdd
org.reaktivity	command-log	0.73	-	fab29416bf4cebfe0497d2b248dc33e356eb7f8c
org.reaktivity	command-log	0.74	-	d28120bd7de90ffeb6548fbca836a5864ca45e54
org.reaktivity	command-log	0.75	-	dbd0a4e8b166666a4cb81746ea5d095e2d0f57d9
org.reaktivity	command-log	0.76	-	3d1924bfc0bedbc286a6ecb664e3ce39ffa2c66a
org.reaktivity	command-log	0.77	-	e93759899c0ce689e4620789184a77ded482d64a
org.reaktivity	command-log	0.78	-	f3b20419c03e51ebb6e41579762f8399b6ff887c
org.reaktivity	command-log	0.79	-	48d8e95277f2843037aaa7123599f7b567df4225
org.reaktivity	command-log	0.8	-	66affe582eaccc6321a179f6eee4376c76305c7c
org.reaktivity	command-log	0.80	-	0ea039c89749f386c808e408ac87a77775c5ad67
org.reaktivity	command-log	0.81	-	121b5e0a3a051d3f6351316ac4e32dfcc16a7f79
org.reaktivity	command-log	0.82	-	016533d6993da6a173ff94116f6f3ebc22586668
org.reaktivity	command-log	0.83	-	01e3b250084222d6741959b55f3694c4546620dc
org.reaktivity	command-log	0.85	-	6e5bb7646a30409d4a4067721c663f716f553c3c
org.reaktivity	command-log	0.86	-	7af4fb98b9848444f2f6553a893974d7dc42a11b
org.reaktivity	command-log	0.87	-	40ffbe034203a2e9ecdef388a06cf06dc5a68170
org.reaktivity	command-log	0.88	-	deedac5cc1ee91f7b80306c7c20e4501a9340199
org.reaktivity	command-log	0.9	-	9d2139aeb7c584661404bfcaed37b41f3c10c59c
org.realityforge.keycloak.domgen	keycloak-domgen-support	1.0	-	1dabecff88462d9578077cae4e966563723702c0
org.realityforge.keycloak.domgen	keycloak-domgen-support	1.1	-	e649ce3c230cc16dca1accd0ec35cbd27edec04e
org.realityforge.keycloak.domgen	keycloak-domgen-support	1.2	-	362598e8efbeaf97918336dae5eb087c7c9ff49a
org.realityforge.keycloak.domgen	keycloak-domgen-support	1.3	-	89d4aa4b7474961de1ac586a6ee27271790f3220
org.realityforge.keycloak.domgen	keycloak-domgen-support	1.4	-	580f2d047f1bf8ff5d3b254797abac69c2dfc015
org.realityforge.keycloak.domgen	keycloak-domgen-support	1.5	-	0476bece48148bed34337a18014425475c18a25b
org.reduxkotlin	redux-kotlin-thunk-jvm	0.2	-	75f51800c4cdef8118603600535f78ea0a0c5f87
org.reduxkotlin	redux-kotlin-thunk-jvm	0.2.3	-	71c457946f0e24879fe0d40ac65f4e822bbcd378
org.reduxkotlin	redux-kotlin-thunk-jvm	0.2.4	-	f0da896bca0cce4eb5d8207c65c1552199b65455
org.reduxkotlin	redux-kotlin-thunk-jvm	0.2.5	-	2f580f8e3e7849a205bab291429359bcddf2b8d2
org.reduxkotlin	redux-kotlin-thunk-jvm	0.2.6	-	527ca2b87e0352c5c0b5b8025fd0be53995b9815
org.reduxkotlin	redux-kotlin-thunk-jvm	0.2.7	-	cb9af884ad8ca331647aac9bb132472c32853e8f
org.reduxkotlin	redux-kotlin-thunk-jvm	0.2.8	-	8dd36c7e2488eea22eda38416629a83bbab4bb31
org.reduxkotlin	redux-kotlin-thunk-jvm	0.2.9	-	25668242b8d749728f89db14405f963116837291
org.reduxkotlin	redux-kotlin-thunk-jvm	0.4.0	-	e9431823dfb0619dcefe034206a59ac4e8dcf0b7
org.reduxkotlin	redux-kotlin-thunk-jvm	0.5.3	-	3b68ed052561ac320c0c831fc779d183479ee4ac
org.reduxkotlin	redux-kotlin-thunk-jvm	0.5.4	-	d38d6cedebf4f9b782560b1f24427eae33780806
org.reduxkotlin	redux-kotlin-thunk-jvm	0.5.5	-	d0fb2692ca77fc87906885e15f940c41fca88cdd
org.reduxkotlin	redux-kotlin-thunk-jvm	0.6.0	-	20479f978893a33f03f0c8bf8b3f835e8dce0cd8
org.restcomm.smpp	ch-jetty	7.0.4	-	a6c22395c3216ec862918e49bc75c7d0b6db61a4
org.restcomm.smpp	ch-jetty	7.0.6	-	7d9e52f85a1662513749d430690684ba9f72aa3d
org.scala-lang.modules	scala-partest-interface_2.11.0-M5	0.2	-	efa18c591f3ced5dfe8bffc19cd679553730b0e6
org.scala-lang.modules	scala-partest_2.12.0-M2	1.0.11	-	b73083e933cce363761ba22afcd08eb6eccaea19
org.scala-lang.modules	scala-partest_2.12.0-M2	1.0.12	-	ed97bc014c757483e28738cbee3f375417d2c3ae
org.scala-lang.modules	scala-partest_2.12.0-M2	1.0.7	-	5e61e4aa749942031364c763815831040c4033ef
org.scala-lang.modules	scala-partest_2.12.0-M2	1.0.9	-	69d06de1c134014a2d5ffb8f6de9caebca3de572
org.scalablytyped.circe013	circe-refined_2.13	0.13.0-shaded-2	-	631564102f57feb6455d795d7d575ee1ab985025
org.scalariform	scalariform_2.12	0.2.0	-	a362c6dbc815212a23ee1961a5ba48bbe02bfee1
org.scalariform	scalariform_2.12	0.2.1	-	e2acc929a122af2b32cc5d1ce9af8bc7dfbad265
org.scalariform	scalariform_2.12	0.2.10	-	26f871b0701ec7476823cc3aef817316955d3bca
org.scalariform	scalariform_2.12	0.2.2	-	55e72d166f6b231462454efb33f224e1f1fd1be1
org.scalariform	scalariform_2.12	0.2.3	-	ff22ae7449edcd11a0dc181294d662326a20009b
org.scalariform	scalariform_2.12	0.2.4	-	52ccba314211d245b8b2731362ca270b95157953
org.scalariform	scalariform_2.12	0.2.5	-	7f6efcfedfd5ebdf9217f68b7661e6537ca10208
org.scalariform	scalariform_2.12	0.2.6	-	f819ca5a39e55f2e06ad06e4703ce4714bf930ae
org.scalariform	scalariform_2.12	0.2.7	-	4cb689596dc21582a0db4330ce5af5e7bff1def9
org.scalariform	scalariform_2.12	0.2.8	-	41f9cc6c86932b5ebf6da5c349175fbba318a1e7
org.scalariform	scalariform_2.12	0.2.9	-	25baaef901471d34c2cec38a8eca52841e5b38ae
org.sistcoop	openfact-pe-core	1.0.0.Final	-	4388862ad7376b24f9aed0e6373a7d575589c6f7
org.sistcoop	openfact-pe-core	1.0.RC2	-	c8d1eb61eab983d543cb93388100bc437cc3e0ce
org.sistcoop	openfact-pe-core	1.0.RC3	-	59665e1d0a2efaced313345df780bc9f50831fec
org.sistcoop	openfact-pe-core	1.0.RC5	-	a7546424b8176e21a17b795a9b6504f9a92a61a1
org.sistcoop	openfact-pe-core	1.0.RC6	-	33a09e995a0bdf657e1842bd932a60d42b6918dc
org.sistcoop	openfact-pe-core	1.0.RC7	-	f0ac485b7c9061846059b284dafd79842b6f36a3
org.sistcoop	openfact-pe-core	1.0.RC8	-	09966b5d0e41c6cbb28e357a58d7446165b26858
org.specs2	specs2-html_2.12.0-M2	3.6.3	-	92c7c5b1cb64b3c6175ee8a739581007771be427
org.specs2	specs2-html_2.12.0-M2	3.6.4	-	076b92410e1e2f9f0fefd82fbbd13a366cf2a7ed
org.specs2	specs2-html_2.12.0-M2	3.6.4-20150901013911-1f41c5e	-	adebc5a932f35c20309913ac9c98711614a77f99
org.specs2	specs2-html_2.12.0-M2	3.6.4-20151016053644-0ca99ef	-	850afb807904e8924fa5daad4143695f5b48c6e3
org.spf4j	avro-logical-types-fork	1.0	-	7f2e1414a0689ab7feb6e7b00b52a6db1a10c5ed
org.spf4j	avro-logical-types-fork	1.1	-	113adecf5f7e7105645b83666b8cb3f4f6b72b50
org.spf4j	avro-logical-types-fork	1.2	-	26060192e1df1a59213dfb684849704317f6d675
org.spire-math	chain_2.11	0.1.0	-	136bb2dec1716c36859c715c2ae01b601ed4889c
org.spire-math	chain_2.11	0.2.0	-	af4a8fabd3c8d732effd59ff19c0445b81b06295
org.spire-math	chain_2.11	0.3.0	-	d75791c34565f31cc35818d54e2d54f68a5af8ca
org.springframework.cloud.stream.app	kafka-sink-rabbit	4.0.0	-	0a85a9c29959e54c7f81c5fa3d1bcd23ecd5e641
org.springframework.cloud.stream.app	kafka-sink-rabbit	4.0.0	4.0.0-metadata	7913bc3fd36578b3f87a489782568dc95df7aff8
org.springframework.cloud.stream.app	kafka-sink-rabbit	4.0.1	-	05e7ad9c15aa837d92738c1efee5c2d2ae2c4781
org.springframework.cloud.stream.app	kafka-sink-rabbit	4.0.1	4.0.1-metadata	a903d8d57c359e85f30f3a7d1a818f053bcf6322
org.springframework.cloud.stream.app	kafka-sink-rabbit	5.0.0	-	a62b231ead10cac1763c1c27b52b100319b479cd
org.springframework.cloud.stream.app	kafka-sink-rabbit	5.0.0	5.0.0-metadata	826c91c9c4ea61ce52f96e1532ff355a124d38a3
org.springframework.cloud.stream.app	kafka-sink-rabbit	5.0.1	-	a2ff3755a674e743cd82a350cbfe1aa480bc2f20
org.springframework.cloud.stream.app	kafka-sink-rabbit	5.0.1	5.0.1-metadata	3697a9452576ac6850ddadea716af2f3173ca2d5
org.springframework.cloud.stream.app	kafka-sink-rabbit	5.1.0	-	e0336f92e5d403f511710a5a14d85b1923f478b4
org.springframework.cloud.stream.app	kafka-sink-rabbit	5.1.0	5.1.0-metadata	da431d995ca75d36612dfe33dd44f6e4ec5e46bc
org.springframework.cloud.stream.app	spring-cloud-starter-stream-processor-httpclient	1.0.0.RELEASE	-	c5fcf18d8924dadce1c35ce71e98e5ce706bbea0
org.springframework.cloud.stream.app	spring-cloud-starter-stream-processor-httpclient	1.0.2.RELEASE	-	16d5915a2ebf7692e9e267eeff0af41703c0ec86
org.springframework.cloud.stream.app	spring-cloud-starter-stream-processor-httpclient	1.0.4.RELEASE	-	daf2827b1242a12246bf608bf769d8ee5453c8a1
org.springframework.cloud.stream.app	spring-cloud-starter-stream-processor-httpclient	1.1.0.RELEASE	-	f7229c28d2287fec8c279b74f337719efaa3579b
org.springframework.cloud.stream.app	spring-cloud-starter-stream-processor-httpclient	1.1.1.RELEASE	-	4f319a6a422a4b213fbea473403c713de2490202
org.springframework.cloud.stream.app	spring-cloud-starter-stream-processor-httpclient	1.2.0.RELEASE	-	58b2045bc1e49cc18971c7f6ab17e2b1c866fde7
org.springframework.cloud.stream.app	spring-cloud-starter-stream-processor-httpclient	1.3.0.RELEASE	-	c94332c6c30d83dc4d80740edc55a54b988098e4
org.springframework.cloud.stream.app	spring-cloud-starter-stream-processor-httpclient	1.3.1.RELEASE	-	3d91addb5a060e1cb30ec0abff4e311eb3781708
org.springframework.cloud.stream.app	spring-cloud-starter-stream-processor-httpclient	2.0.0.RELEASE	-	0d02e6f3b847b4d02be0a5282a6eb5142e6c76a4
org.springframework.cloud.stream.app	spring-cloud-starter-stream-processor-httpclient	2.0.1.RELEASE	-	36c3b81fd83fa2dcbbb99afc832ece54e844bf89
org.springframework.cloud.stream.app	spring-cloud-starter-stream-processor-httpclient	2.0.2.RELEASE	-	dba2801274433ce0ba740e087960e3197de5f460
org.springframework.cloud.stream.app	spring-cloud-starter-stream-processor-httpclient	2.1.0.RELEASE	-	3c72aa3757ae1e541423f7a961309734330403e2
org.springframework.cloud.stream.app	spring-cloud-starter-stream-processor-httpclient	2.1.1.RELEASE	-	c1b8c8aa07713de4e04dfbb7cd190a345a42a23d
org.springframework.cloud.stream.app	spring-cloud-starter-stream-processor-httpclient	2.1.2.RELEASE	-	0db0677b45a86adc0e8ba712ffa74836017b5891
org.springframework.cloud.stream.app	spring-cloud-starter-stream-processor-httpclient	2.1.3.RELEASE	-	cf2872bdece7622af9d62437a7bc95f45668fb39
org.springframework.cloud.stream.app	spring-cloud-starter-stream-processor-httpclient	2.1.4.RELEASE	-	d76e48b46370f218b7bde216510b1871fa4f757c
org.springframework.cloud.stream.app	spring-cloud-starter-stream-processor-httpclient	2.1.5.RELEASE	-	ba7a9d544bd3016234dc2a22da14b072058b496d
org.taruts.djig	djig-spring-boot-starter	1.0.1	-	831f2aa2f0486207476b87896b9bf153c112cf6d
org.taruts.djig	djig-spring-boot-starter	1.0.3	-	f057e2f5a93127269213b6086a56efe9e8148cb9
org.taymyr.lagom	lagom-metrics-java_2.11	1.0.0	-	bebaee1835c9f5bd7feea3c49f46d074d972fb1c
org.taymyr.lagom	lagom-metrics-java_2.11	1.0.1	-	eb74d6e6da13880a00afc383edc503eee704eeed
org.taymyr.lagom	lagom-metrics-java_2.11	1.1.0	-	21d8efd475e411203a318212b8f9a8abe88c6b15
org.teamapps	teamapps-application-api	0.10	-	0bd572c4c0c34711647ca7d2b8dcd8dd5402d834
org.teamapps	teamapps-application-api	0.100	-	cadbc2fcc0ed99a2a6e24d497dc48b96d670690d
org.teamapps	teamapps-application-api	0.101	-	e6c2a1e02c1a754eb283d858760106cdbf585861
org.teamapps	teamapps-application-api	0.102	-	861bc12b77f9c8165e5ddb11ab63c47f6c65242f
org.teamapps	teamapps-application-api	0.103	-	1f36fca5a57a2f73b4e9cf22050b17ac8c264d6f
org.teamapps	teamapps-application-api	0.104	-	79eb1bf6857a9b9f4b6d48de8609c28132903500
org.teamapps	teamapps-application-api	0.105	-	bac87e6071f3ef1887173c3708cbee303b94e513
org.teamapps	teamapps-application-api	0.107	-	54c7e6560c2d3cb89743dea43a99ac48441ce4d2
org.teamapps	teamapps-application-api	0.108	-	9b55e7e60c0e547ea07828a789f1142cc38a130b
org.teamapps	teamapps-application-api	0.109	-	017e7b663e61303bb64046e4c1c2ed0d7876bc94
org.teamapps	teamapps-application-api	0.11	-	f1227530437e86b69d9dba5fca82be62f4f7bf04
org.teamapps	teamapps-application-api	0.110	-	0a70d5b8ceafe25fc38e9debd0082767e3990df9
org.teamapps	teamapps-application-api	0.12	-	a398fbf94a4cfab0358bfd23723b1ac9ebc4515c
org.teamapps	teamapps-application-api	0.13	-	6f4b7f10fae8d0c6b6d97752790939db8b65567c
org.teamapps	teamapps-application-api	0.14	-	66f2d49e465bd9422c586d9c12cab459dd0973eb
org.teamapps	teamapps-application-api	0.15	-	f60336d50dd19db830c051d15b59a7881b1460ac
org.teamapps	teamapps-application-api	0.16	-	53056a1762e1d967a7bb73e316efe888ae0e8124
org.teamapps	teamapps-application-api	0.17	-	9e27ad3405056789cf00e420f5aba52d9e65e7c5
org.teamapps	teamapps-application-api	0.18	-	c1b770b5086057251314a997dfdc4f655fd805d7
org.teamapps	teamapps-application-api	0.19	-	2bb53148ae82201c4d7840a659d58a5486308fbe
org.teamapps	teamapps-application-api	0.20	-	0ed2ab17ecae8da8a9b0ac841a8d4b53e143597f
org.teamapps	teamapps-application-api	0.21	-	3aa23157307c0f571753649821b4b9760c05ddc0
org.teamapps	teamapps-application-api	0.22	-	fcd0d9eef839ebec04b44272e79fcc78fd8815a5
org.teamapps	teamapps-application-api	0.3	-	60f81a4189d2cfa9310623e80de60e3d330a7a7c
org.teamapps	teamapps-application-api	0.30	-	6f1bb2b1ee40919a28f255e58050773d9097035e
org.teamapps	teamapps-application-api	0.31	-	31b235f08e4097229b5481f2de2e255949315bad
org.teamapps	teamapps-application-api	0.32	-	bf7b8b42f21b071b8a8a3bbaa5ef43b7a103f99b
org.teamapps	teamapps-application-api	0.33	-	cc7ade5dc66f7f0e85f53ddae05006406207c7bc
org.teamapps	teamapps-application-api	0.34	-	d464846088124e228df3664f7acbbabf3ce292d5
org.teamapps	teamapps-application-api	0.35	-	fcb998fd5005ef22ac19b3819246370d130fb4a8
org.teamapps	teamapps-application-api	0.36	-	b290e5adb1f16674df4fd7f4bc6ce95b5641f985
org.teamapps	teamapps-application-api	0.37	-	45a423e3834500a1186261440e8d2c7cb42f8db5
org.teamapps	teamapps-application-api	0.38	-	3de62bee58dbcea615dd99e642e590644e89cd30
org.teamapps	teamapps-application-api	0.39	-	a21e43aa61450718e52e9c0d892a8e4403dfad13
org.teamapps	teamapps-application-api	0.4	-	98a73aa5802e2df25c08d84186aa34d9571519a3
org.teamapps	teamapps-application-api	0.40	-	8b4112ce4e5498311dea9aef7b788adc8c985408
org.teamapps	teamapps-application-api	0.41	-	227a76248171a9adfeec091e6528a7276f1d69a7
org.teamapps	teamapps-application-api	0.42	-	141c9e750fa32e9e08d03ede1e6f0c9256a30004
org.teamapps	teamapps-application-api	0.43	-	821e05b02156debcb391f65e7ea38720896b77b3
org.teamapps	teamapps-application-api	0.44	-	26040858c909118329914bfd51a7ec61c0461b42
org.teamapps	teamapps-application-api	0.45	-	149f6fff15358475ac4b46cfc8d83d99c40ea0c2
org.teamapps	teamapps-application-api	0.46	-	0d5d73fd39728b1c48e994cebae8902221377b29
org.teamapps	teamapps-application-api	0.47	-	933d2943fc05aa6fe10046a728e30b810e8a8162
org.teamapps	teamapps-application-api	0.48	-	6fb600843ab831e4fede90f5b0bf580e4d733987
org.teamapps	teamapps-application-api	0.49	-	9cc2206e74845cb8672097aee14f8f2f1a7f490d
org.teamapps	teamapps-application-api	0.5	-	104ac0eba82dabb20cc70b42364a92b70eaeb6e9
org.teamapps	teamapps-application-api	0.50	-	92ff30553e73567a42252617efee8dbef46fd4aa
org.teamapps	teamapps-application-api	0.51	-	077cbfaed8361929bb793a92fb15e5d3fff909bb
org.teamapps	teamapps-application-api	0.52	-	e3f036cb7d500a4d8e35502b9ddf6c1822992c20
org.teamapps	teamapps-application-api	0.53	-	87d2681e452d14ed82fec1d88f33373361a6649c
org.teamapps	teamapps-application-api	0.54	-	c28352e96b5da744c5727d10eb47b311fb8a7760
org.teamapps	teamapps-application-api	0.55	-	c3a41a599d9456627c72bbd1f5926fb87f3d6340
org.teamapps	teamapps-application-api	0.56	-	87c208738e28d92edffe3c00996a327098a1d88f
org.teamapps	teamapps-application-api	0.57	-	2efa711df252023658719efb8f8550bd0fc9f3c1
org.teamapps	teamapps-application-api	0.58	-	c1365b71cb364a94fd7d6a7f6abb76cc7dd59ebc
org.teamapps	teamapps-application-api	0.59	-	4f9f6351f82a5b003a3630f0367a7cabe8f3d5e1
org.teamapps	teamapps-application-api	0.6	-	2c9f79457b70278042bfbf283517eabd00f8772b
org.teamapps	teamapps-application-api	0.60	-	eb2734caca1a34699426de109d5ea55069d84c48
org.teamapps	teamapps-application-api	0.61	-	dbb844e604dbc58aa4ccb2ccff26639128ff5b86
org.teamapps	teamapps-application-api	0.62	-	438b3e6ebff5b188d49813fb2e20e4bc232b86a5
org.teamapps	teamapps-application-api	0.63	-	88654bf421a4d5c906a2c13304071d5e28ee7269
org.teamapps	teamapps-application-api	0.64	-	daf36f6e85c1261bafeb0adfdc728e9e4f4a3116
org.teamapps	teamapps-application-api	0.65	-	df52fd079f2d0a1d3a0900b802e04a20e3affe78
org.teamapps	teamapps-application-api	0.66	-	c3d8d5db1de37712632a6bf2cd92cb0b92bc824b
org.teamapps	teamapps-application-api	0.67	-	fa438887dbb5832969a8228030bd2e289ea428ff
org.teamapps	teamapps-application-api	0.68	-	2259164ea63a41d3d316a9947686d56651f01d9d
org.teamapps	teamapps-application-api	0.69	-	9b4cfeff27b94d4ad40c45f8a2826ad49b72d91d
org.teamapps	teamapps-application-api	0.7	-	3f5fc008fc5c24d211d08b0106a7e189d0ee9100
org.teamapps	teamapps-application-api	0.70	-	ccd733cb12efbb1597c8e763de3a52acfc434c25
org.teamapps	teamapps-application-api	0.71	-	db76f71cb733705358b2fddb1ec62a8e02316ea4
org.teamapps	teamapps-application-api	0.72	-	69f5ac7ed1a919c4f121fc2b129efcdd72f85704
org.teamapps	teamapps-application-api	0.73	-	29fd852381c787340878335655101a41cebcd304
org.teamapps	teamapps-application-api	0.74	-	c0382ee65d8dd6fdbcd2ef439bb32394b9c1873c
org.teamapps	teamapps-application-api	0.75	-	913f019b65719735e2965c2696e330b78acb57f4
org.teamapps	teamapps-application-api	0.77	-	6160447fab341a8773758ac8974920d9d6655d05
org.teamapps	teamapps-application-api	0.78	-	1f7216293202b046478d1f022ab3128b35432232
org.teamapps	teamapps-application-api	0.79	-	494518db8c9e082da9042b96082d2d20dc55d3f5
org.teamapps	teamapps-application-api	0.8	-	1023d1fad3b080607cdf000d15ef5672d5e73ffd
org.teamapps	teamapps-application-api	0.80	-	1a0ba93392cf42d61fa9c12fc473098f76e797b7
org.teamapps	teamapps-application-api	0.81	-	b34b71a0fbef0cba970a08e87ea86669dca52d03
org.teamapps	teamapps-application-api	0.82	-	ee702674b57a9d8e558d239a8901e6463b431c77
org.teamapps	teamapps-application-api	0.83	-	d4dd61d4522ce730e27e654199a275515d0b6c44
org.teamapps	teamapps-application-api	0.84	-	81635c61f95e97def8d1fc98890eb239242ac43d
org.teamapps	teamapps-application-api	0.85	-	69263a04195c9bb5b990cc7dc6695bde7f1fdf52
org.teamapps	teamapps-application-api	0.86	-	0e3b3dcc93bf07820178c7ffc0eb3c98a1528408
org.teamapps	teamapps-application-api	0.87	-	887b2aef44c6d86848309f21a47d8db69fb8ec5b
org.teamapps	teamapps-application-api	0.88	-	50bf80ddb09937d232b7d8e30631f7fead4c42f9
org.teamapps	teamapps-application-api	0.89	-	74ab7ecb6e3bf8acf3d442da8afdca1ebf5a4e66
org.teamapps	teamapps-application-api	0.9	-	692b8a81b70e5be51e3785b543e355a9bdf771aa
org.teamapps	teamapps-application-api	0.90	-	de1449e2083d8175a74f36c1b04b8ec32a51f0f9
org.teamapps	teamapps-application-api	0.91	-	90f2bedda2380667a2167cf1e46a73ab3c65499f
org.teamapps	teamapps-application-api	0.92	-	fbc96fd1a98a7967e3730639e70838ff6389b37d
org.teamapps	teamapps-application-api	0.93	-	5d08da2ac3754ebb4625cc7211c2de0207298a8c
org.teamapps	teamapps-application-api	0.94	-	396325c7f1e3581f6cb7733ecc5ed29627e2956f
org.teamapps	teamapps-application-api	0.95	-	cdc3b96d19cf340943114828c5ba1ac6bc277f4b
org.teamapps	teamapps-application-api	0.96	-	a8399a12522a2c6eddfc00c6a5c01c220e96595a
org.teamapps	teamapps-application-api	0.97	-	836d60c9bbd9881ebdb8cfe63162db037e3648d2
org.teamapps	teamapps-application-api	0.98	-	821885041bf20503278ee7f0ab5333dd97b91996
org.teamapps	teamapps-application-api	0.99	-	9edbe5de39c35e4af60cf0fc4711423d6c6ee26f
org.tpolecat	skunk-postgis_sjs1_3	0.6.3	-	f50fc5d2b3ae8a898e1d9811fe770813dfc6e968
org.tpolecat	skunk-postgis_sjs1_3	0.6.4	-	f472a282b67ffbf91894ddbf371def043de6a868
org.tpolecat	skunk-postgis_sjs1_3	1.0.0-M10	-	1007a5cdfb0ed92c1263fe84201d231e6e39d941
org.tpolecat	skunk-postgis_sjs1_3	1.0.0-M4	-	3b5c567eab14b15a206f55c874b092ed9b3cd0af
org.tpolecat	skunk-postgis_sjs1_3	1.0.0-M5	-	a306a57fa0a48074ec5637de9629dc83eb2c396f
org.tpolecat	skunk-postgis_sjs1_3	1.0.0-M6	-	9c5c418a449a144fb34f75965ef7837d96c1eac9
org.tpolecat	skunk-postgis_sjs1_3	1.0.0-M7	-	ecfc82efe7779a13c7a8d210b941fffb687e76f2
org.tpolecat	skunk-postgis_sjs1_3	1.0.0-M8	-	f37c4b9eec2160f8fa2c92bff5b89460293c53a0
org.tpolecat	skunk-postgis_sjs1_3	1.0.0-M9	-	22e3af06f57fc0b096be1cfbadff6e6db71d86d5
org.tpolecat	skunk-postgis_sjs1_3	1.1.0-M3	-	ec76e81a3a2e55840658fb2ffa3929f2bd482819
org.typelevel	shapeless-scalacheck_sjs0.6_2.10	0.5	-	b034cdde7a23840419aa86a8da92f6f3e7a3ac8e
org.typelevel	shapeless-scalacheck_sjs0.6_2.10	0.6.1	-	3533abb7c8ac49a7baf747927c076d912627238f
org.virtuslab.psh	dump-persistence-schema-compiler-plugin_2.13	0.7.2.1	-	c543c83ddd3faf6cf1ec7e99a581e2abaecfa609
org.virtuslab.psh	dump-persistence-schema-compiler-plugin_2.13	0.7.3	-	ab390411ad7e4ef2b927c69d6ec091dc2d566eff
org.virtuslab.psh	dump-persistence-schema-compiler-plugin_2.13	0.8.0	-	a4e9924054612d0280c5e5ccc3e57ecdc12d8ef9
org.webjars.bower	blockadblock	3.2.0	-	dc7dc9bbb76766d45aa474f654c7b46fae80697e
org.webjars.bower	bootstrap-session-timeout	1.0.3	-	1221ce76e7541035f3aae56999c8c037b30c4712
org.webjars.bower	github-com-hisayukikishino-testapi	0.0.0	-	72b3f2d6032b446f7b2013165f84c463757bd0b7
org.webjars.bower	github-com-hisayukikishino-testapi	0.1.0	-	5323f72b565eb2cce197f8c9e410ca3337f4713f
org.webjars.bower	iron-fit-behavior	1.2.7	-	bab7d1053727623cf8d972a0915d330574dd8e6f
org.webjars.bower	iron-fit-behavior	2.0.1	-	2bd640e6788367381ddaede08414b439fe2564f9
org.webjars.bower	iron-fit-behavior	2.1.0	-	6c657f9d1e77f88b84608fad37b1919dc985d070
org.webjars.bower	ng-table-to-csv	0.3.3	-	7e5f4064a2420876983f82c5a4a615be550eec70
org.webjars.bowergithub.collaborne	paper-spinning-icon	2.0.6	-	814c237eaf3e63ff51fda0c2f99881bf42db9c75
org.webjars.bowergithub.immutable-js	immutable-js	3.8.2	-	2a1aaad4b2d41996ec60414b4c166c78c2ab4be1
org.webjars.bowergithub.predixdesignsystem	px-datetime-picker	2.0.0	-	8743238c85ff17e651501740dcbd778a22caa6b4
org.webjars.bowergithub.predixdesignsystem	px-datetime-picker	2.2.1	-	d776f459bd0a2c28e9d92eb3836bba8d23402d36
org.webjars.npm	angularjs-yandex-metrika	1.0.1	-	b45b04b8f0dbc1a09f8a96a47508ec33a1932f89
org.webjars.npm	angularjs-yandex-metrika	1.4.0	-	abe5259c5e8b4b000526251778e0bc055a5e95ab
org.webjars.npm	babel-plugin-transform-es2015-parameters	6.18.0	-	6a1bdea84bab625536aec56954a73ea24729dddc
org.webjars.npm	babel-plugin-transform-es2015-parameters	6.24.1	-	93e1f55e3dbac6a7e39c42a003b81526ad6f5c5e
org.webjars.npm	babel-plugin-transform-es2015-parameters	6.3.13	-	c2f468e3963282b1c86d4f21e856b20f354a0b18
org.webjars.npm	ev-store	7.0.0	-	916cdad62926112dec359cc78f184fddb326abca
org.webjars.npm	github-com-reactjs-react-autocomplete	1.3.1	-	f221b19e7565bc2686071e3469c5cf6d293219ec
org.webjars.npm	gsap	3.12.2	-	6bbd355a71f3fa5684858fb317021e60b8fb50fa
org.webjars.npm	gsap	3.12.7	-	94a4b9da9dd3d3fb4076d3197a8dc8a70e66b34e
org.webjars.npm	isomorphic-style-loader	4.0.0	-	38afc3f7d8a9cefdf63bd1fc0a46cfe6221a320c
org.webjars.npm	lottiefiles__lottie-player	2.0.12	-	a02516c074da4c9fe6a44e2ffa043e9a4e8608cb
org.webjars.npm	lottiefiles__lottie-player	2.0.4	-	e14204c16128fcf7852b86403c9f1aa4493a5c84
org.webjars.npm	markedjs__html-differ	4.0.0	-	70f6785ef38811610dfea6d13439296ee3f289fc
org.webjars.npm	three-dots	0.2.0	-	84cc06f965bc48d44a197d73cbc2f24d05bf5aaa
org.webjars.npm	types__ffi-napi	4.0.7	-	2629e63f818d84faf6b899381393945f0e0dc041
org.webjars.npm	typescript-compiler	1.4.1-2	-	cf838500f809040022a5b3ad761df908c3b116db
org.webjars.npm	virtualizedtableforantd4	1.3.1	-	5d9e2659739f9d3f695e00e2ef31a62f7a221c0e
org.wildfly	wildfly-micrometer	27.0.0.Beta1	-	88fa749fe09a37800d6b982d21539dfb6829d87f
org.wildfly	wildfly-micrometer	27.0.0.Final	-	b10b36a7e30f204b025c9ac844da70432817a81b
org.wildfly	wildfly-micrometer	27.0.1.Final	-	59ec06e481604531769a7f34c85cce4324462a38
org.wildfly	wildfly-micrometer	28.0.0.Beta1	-	790f24054249e7b40360a2325a133ef63e165fd0
org.wildfly	wildfly-micrometer	28.0.0.Final	-	4b13b3f3ffe9280c5619432c168ef41eee30794a
org.wildfly	wildfly-micrometer	28.0.1.Final	-	e09860cf4bf9660869f714976efee53052515174
org.wildfly	wildfly-micrometer	29.0.0.Alpha1	-	d936fa94fd4cfad75af8530f41f83e16fe5bccc5
org.wildfly	wildfly-micrometer	29.0.0.Beta1	-	0b0f93fa97f69867ed03af34c6ac5669d6738e19
org.wildfly	wildfly-micrometer	29.0.0.Final	-	297d9648b5f2974e11cc42e7282c4d8d8f86c22a
org.wildfly	wildfly-micrometer	29.0.1.Final	-	a4e62038cbba2434eefe668c4d324ad78e223d6e
org.wildfly	wildfly-micrometer	30.0.0.Beta1	-	4695ca54eccba4096a0f0766e13980938750e5a1
org.wildfly	wildfly-micrometer	30.0.0.Final	-	886498504f2d356e9c4241d8c991bed0410a22ee
org.wildfly	wildfly-micrometer	30.0.1.Final	-	0e66513325075bc8a6b501a1b5051cf4cbba8d8f
org.wildfly	wildfly-micrometer	31.0.0.Beta1	-	5d376859338f463a27c23c7f1365defcbd9b1e5b
org.wildfly	wildfly-micrometer	31.0.0.Final	-	9cf535cbef2d19376e2a85c719e46b111542e0af
org.wildfly	wildfly-micrometer	31.0.1.Final	-	a371a6612b506f8f74004bac34730822d08bb68b
org.wildfly	wildfly-micrometer	32.0.0.Final	-	d4ba703de43dc0a7a9770ed7eaca5c19266b870d
org.wildfly	wildfly-micrometer	32.0.1.Final	-	4f9790537469f0d954cb8bf56275a578b56c0765
org.wildfly	wildfly-micrometer	33.0.0.Beta1	-	dacda0c145de2e2bb82060a0cab20bba9cdcca2c
org.wildfly	wildfly-micrometer	33.0.0.Final	-	2eb0285f95469b54a81f623ce3accd788d9b5219
org.wildfly	wildfly-micrometer	33.0.1.Final	-	f05f3fb3fc77f5ea05e782b4c3f32fb5d83eea9d
org.wildfly	wildfly-micrometer	33.0.2.Final	-	f6822731f0529afc16595bd525f99f92b0b64c87
org.wildfly	wildfly-micrometer	34.0.0.Beta1	-	d93c98c8a93b75b5062ca23934e701d926036be8
org.wildfly	wildfly-micrometer	34.0.0.Final	-	2760387ed501008bdcf5cef667aeb730b8c41b20
org.wildfly	wildfly-micrometer	34.0.1.Final	-	ac9cee7eb19be61fcccdb36120a3982bc16ab396
org.wildfly	wildfly-micrometer	35.0.0.Beta1	-	b171e32dcb3244d43354688304375616a8c46532
org.wildfly	wildfly-micrometer	35.0.0.Final	-	eeaa4e54ca7818c7142dff36327c19e6b2999037
org.wildfly	wildfly-micrometer	35.0.1.Final	-	83046954451f6cf38abf97f90d5e9de1258a5db3
org.wildfly	wildfly-micrometer	36.0.0.Beta1	-	00d6aa9b87cd3374976bb241cb053ec6f5925f60
org.wildfly	wildfly-micrometer	36.0.0.Final	-	c03033433a7c99fbb8cba193d6755b2b4da3af9c
org.wso2.carbon.identity.server.api	org.wso2.carbon.identity.rest.api.server.email.template.v2	1.2.181	-	320bb78f5228a6fd5291d18bd27e1aff119362aa
org.wso2.carbon.identity.server.api	org.wso2.carbon.identity.rest.api.server.email.template.v2	1.2.182	-	9e6a5350e9b0d672ceaea2e4b92b7ded98a6a6f4
org.wso2.carbon.identity.server.api	org.wso2.carbon.identity.rest.api.server.email.template.v2	1.2.184	-	a4a49193f3c2f2e430f435d93cf5f442b3e981ed
org.wso2.carbon.identity.server.api	org.wso2.carbon.identity.rest.api.server.email.template.v2	1.2.185	-	5fe08754d9b558f8032938c6b5858730c95ce72c
org.wso2.carbon.identity.server.api	org.wso2.carbon.identity.rest.api.server.email.template.v2	1.2.186	-	edbe31e1c5ef5b69284908248362a5c00b17a4e4
org.wso2.carbon.identity.server.api	org.wso2.carbon.identity.rest.api.server.email.template.v2	1.2.187	-	1a9abfc2641e2e527e23f453c6ec12706c3cc8a4
org.wso2.carbon.identity.server.api	org.wso2.carbon.identity.rest.api.server.email.template.v2	1.2.188	-	437d3f81e055b40236eff9522ef20027dd2cbaf1
org.wso2.carbon.identity.server.api	org.wso2.carbon.identity.rest.api.server.email.template.v2	1.2.189	-	ab8d43448564d7cc15881408f2fe748f7efcb75b
org.wso2.carbon.identity.server.api	org.wso2.carbon.identity.rest.api.server.email.template.v2	1.2.190	-	848af575127e8a83730ea752a094a8cde0541581
org.wso2.carbon.identity.server.api	org.wso2.carbon.identity.rest.api.server.email.template.v2	1.2.191	-	3cbec13a597e7589d147169462ed65694a814f9d
org.wso2.carbon.identity.server.api	org.wso2.carbon.identity.rest.api.server.email.template.v2	1.2.192	-	a6c3fb505baf4a67b7dd265e8087ffb51fe33572
org.wso2.carbon.identity.server.api	org.wso2.carbon.identity.rest.api.server.email.template.v2	1.2.193	-	c0bd3921566cd6bff6b92425e5d72cd074bc7fe8
org.wso2.carbon.identity.server.api	org.wso2.carbon.identity.rest.api.server.email.template.v2	1.2.197	-	078e12b321696215d87cd06b359e5a878d5e38ad
org.wso2.carbon.identity.server.api	org.wso2.carbon.identity.rest.api.server.email.template.v2	1.2.198	-	640b53f076ee5d6b8dfdb2799c9ea70a2d7ef581
org.wso2.carbon.identity.server.api	org.wso2.carbon.identity.rest.api.server.email.template.v2	1.2.199	-	ad002f7f18b40c040a39fd6f55c158b16df7fb6b
org.wso2.carbon.identity.server.api	org.wso2.carbon.identity.rest.api.server.email.template.v2	1.2.200	-	20f7b8d8f374a1bdd73ab2db3db5dc67c51e68b7
org.wso2.carbon.identity.server.api	org.wso2.carbon.identity.rest.api.server.email.template.v2	1.2.206	-	14e017e159c6eef7952f77163175ccb6ab743e8e
org.wso2.carbon.identity.server.api	org.wso2.carbon.identity.rest.api.server.email.template.v2	1.2.223	-	ebf1e9decffe5f218b38a6a32f46845c00a04da9
org.wso2.carbon.identity.server.api	org.wso2.carbon.identity.rest.api.server.email.template.v2	1.2.224	-	852c0db9d5139d9ae4a510ca02106fa04a838ee9
org.wso2.carbon.identity.server.api	org.wso2.carbon.identity.rest.api.server.email.template.v2	1.2.225	-	16091166df6bb2982d89e6e258555911f85da22b
org.wso2.carbon.identity.server.api	org.wso2.carbon.identity.rest.api.server.email.template.v2	1.2.226	-	dad3317a3929b19724fce5c84b70a300e36cd79f
org.wso2.carbon.identity.server.api	org.wso2.carbon.identity.rest.api.server.email.template.v2	1.2.227	-	b7a32c7c38f147c1a6300b623ba6750f0b811b1b
org.wso2.carbon.identity.server.api	org.wso2.carbon.identity.rest.api.server.email.template.v2	1.2.228	-	4c107b8eb8ee83d638588ef96a4e7e64f1e28b13
org.wso2.carbon.identity.server.api	org.wso2.carbon.identity.rest.api.server.email.template.v2	1.2.229	-	dc0badbbbaa1826e412a09e8397f76692572965a
org.wso2.carbon.identity.server.api	org.wso2.carbon.identity.rest.api.server.email.template.v2	1.2.250	-	10785001fb4b57674d337143d474bce2ac15be05
org.wso2.carbon.identity.server.api	org.wso2.carbon.identity.rest.api.server.email.template.v2	1.2.251	-	b468919f5e719cd9944a0fed9058219089f38b2c
org.wso2.carbon.identity.server.api	org.wso2.carbon.identity.rest.api.server.email.template.v2	1.3.18	-	9388c65dcd80746949e5d77d320620da65043f01
org.wso2.carbon.identity.server.api	org.wso2.carbon.identity.rest.api.server.email.template.v2	1.3.19	-	bb5c5d78b8b645d16db1d2894269aede0436bcf2
org.wso2.carbon.identity.server.api	org.wso2.carbon.identity.rest.api.server.email.template.v2	1.3.20	-	7b9fba18f54cba04decb413ee149ea0ee4f50b1c
org.wso2.carbon.identity.server.api	org.wso2.carbon.identity.rest.api.server.email.template.v2	1.3.21	-	ee75cce15e0c18e561133d793609d0f81ce446e7
org.wso2.carbon.identity.server.api	org.wso2.carbon.identity.rest.api.server.email.template.v2	1.3.22	-	901588c63d64e68296de46e47bdb8749fc47604b
org.wso2.carbon.identity.server.api	org.wso2.carbon.identity.rest.api.server.email.template.v2	1.3.23	-	4d7d517ff875a07755c7c5c2d19717bb5e064ef2
org.wso2.carbon.identity.server.api	org.wso2.carbon.identity.rest.api.server.email.template.v2	1.3.24	-	29bcdf00e7e936d2a9be064c19aabca6a0d62142
org.wso2.carbon.identity.server.api	org.wso2.carbon.identity.rest.api.server.email.template.v2	1.3.79	-	60e023681f34d8bf613d50d26c07a1826a29b0bd
org.wso2.carbon.identity.server.api	org.wso2.carbon.identity.rest.api.server.email.template.v2	1.3.80	-	58c7a984d06df3c88a6c299b1c49681627443d46
org.wso2.carbon.identity.server.api	org.wso2.carbon.identity.rest.api.server.email.template.v2	1.3.81	-	051b78f3727b63de8c2b147b439f120b107420c7
org.wso2.carbon.identity.server.api	org.wso2.carbon.identity.rest.api.server.email.template.v2	1.3.82	-	46aa2a70edabe22b7b7750802403ce6f5ca2be31
org.wso2.carbon.identity.server.api	org.wso2.carbon.identity.rest.api.server.email.template.v2	1.3.83	-	2aa97d444eb558b8a18cf2ccb5ae82d317d71d11
org.wso2.extension.siddhi.execution.math	siddhi-execution-math	4.0.0	-	495abc6a4d2854ef6e6f63ba16e57857490d52f0
org.wso2.extension.siddhi.execution.math	siddhi-execution-math	4.0.10	-	270070cfdcae9dc61e4e8f850460424cc4673bb2
org.wso2.extension.siddhi.execution.math	siddhi-execution-math	4.0.11	-	3169d15bec448d4cb5e1171441720af88069ae55
org.wso2.extension.siddhi.execution.math	siddhi-execution-math	4.0.12	-	cc441e33aa56d5345cf011acf9919af330c59108
org.wso2.extension.siddhi.execution.math	siddhi-execution-math	4.0.13	-	7236650a0a5ca40b25bb53f4e73797523d72f493
org.wso2.extension.siddhi.execution.math	siddhi-execution-math	4.0.14	-	32fb2f2fcbcea2ff0bcd71e4f5eaeaa044c614dc
org.wso2.extension.siddhi.execution.math	siddhi-execution-math	4.0.15	-	41d1ffed3b09b871696e2fea59a5c58bd747c7c0
org.wso2.extension.siddhi.execution.math	siddhi-execution-math	4.0.16	-	52690f39ae080f8a229e7bb11801db6171708425
org.wso2.extension.siddhi.execution.math	siddhi-execution-math	4.0.17	-	316aab99c8939f8a885a75b606d80133488608a8
org.wso2.extension.siddhi.execution.math	siddhi-execution-math	4.0.18	-	4af0664da6a1e031c8854baf840f1f4e730ddf19
org.wso2.extension.siddhi.execution.math	siddhi-execution-math	4.0.19	-	0de8b025c0a363663adce30178f739b4bdb9ff86
org.wso2.extension.siddhi.execution.math	siddhi-execution-math	4.0.20	-	87d88638eb9156ccd439ff5799b93aff49f69467
org.wso2.extension.siddhi.execution.math	siddhi-execution-math	4.0.21	-	ef52592f87e90f4851baad1b49d33d73d90a780f
org.wso2.extension.siddhi.execution.math	siddhi-execution-math	4.0.4	-	59dea280cd392d5b84dd044a746da6b15c9760c6
org.wso2.extension.siddhi.execution.math	siddhi-execution-math	4.0.5	-	52d11189b26c61e806a01675aca91dd37a291d7f
org.wso2.extension.siddhi.execution.math	siddhi-execution-math	4.0.6	-	59510eaea2069f152cf1625643d4087dfbafc3dc
org.wso2.extension.siddhi.execution.math	siddhi-execution-math	4.0.7	-	488f7e144ea12d7f428fc6598e49c15c8e9d33bf
org.wso2.extension.siddhi.execution.math	siddhi-execution-math	4.0.8	-	ee2f367a993ee3de4ed097a63d05a8fe607b97ab
org.wso2.extension.siddhi.execution.math	siddhi-execution-math	4.0.9	-	d246b7fbbe47cac2c85981ba870b1c1b026d9af5
org.wso2.extension.siddhi.execution.math	siddhi-execution-math	4.1.0	-	514417f87a3dcb45e9511ec885bf1397474f8788
org.wso2.extension.siddhi.execution.math	siddhi-execution-math	4.1.2	-	5e80cfd84ebf848c8d1f0ddc7685316bef8c6c90
org.wso2.extension.siddhi.execution.math	siddhi-execution-math	5.0.0	-	269692d50de86b1251e5e0dc420f3d93871d6988
org.wso2.extension.siddhi.store.solr	siddhi-store-solr	1.0.10	-	e2ae17244443610016376104a17740c9580a82c8
org.wso2.extension.siddhi.store.solr	siddhi-store-solr	1.0.11	-	e8d3dc34ee740f2bc9a356c369a89259fe74dc89
org.wso2.extension.siddhi.store.solr	siddhi-store-solr	1.0.12	-	35d3889f3f93ac40683c7799c27f30b141f78d71
org.wso2.extension.siddhi.store.solr	siddhi-store-solr	1.0.13	-	cf508206662cd284e76bc09dc602891c7ec94213
org.wso2.extension.siddhi.store.solr	siddhi-store-solr	1.0.14	-	7ffb024c870b5a2b0fc30d6a3e26dbc94e49aa75
org.wso2.extension.siddhi.store.solr	siddhi-store-solr	1.0.15	-	8efbf2f3e9dcdb5878e02d5ff6f8f1cb5543d60c
org.wso2.extension.siddhi.store.solr	siddhi-store-solr	1.0.16	-	af014079b6485272018e826c7ef06652b91e4605
org.wso2.extension.siddhi.store.solr	siddhi-store-solr	1.0.17	-	11ef410554a6624020f2d5d5715e60b4a52dcec5
org.wso2.extension.siddhi.store.solr	siddhi-store-solr	1.0.18	-	bf36445538185291bcf00a83d65aabdb296b5c54
org.wso2.extension.siddhi.store.solr	siddhi-store-solr	1.0.19	-	ecd7df6591c5cdcee96bbe48408777a5a6df5827
org.wso2.extension.siddhi.store.solr	siddhi-store-solr	1.0.20	-	edaab53580eda276ddbb96af2523c12bb787e980
org.wso2.extension.siddhi.store.solr	siddhi-store-solr	1.0.21	-	124c216615b7de5efdd14d61d6caf7986f6f2d52
org.wso2.extension.siddhi.store.solr	siddhi-store-solr	1.0.6	-	167a9e074513ec6553558b4f5897a436b0046ca2
org.wso2.extension.siddhi.store.solr	siddhi-store-solr	1.0.7	-	83f8dd467d1df3303dc531f1158ec33a1d04509c
org.wso2.extension.siddhi.store.solr	siddhi-store-solr	1.0.8	-	1172f00c75fb5856026b718c9676c7d5debda3f4
org.wso2.extension.siddhi.store.solr	siddhi-store-solr	1.0.9	-	2e9e5e02edb1305a25309393bf39f81de8655b5c
org.wso2.extension.siddhi.store.solr	siddhi-store-solr	1.1.0	-	5d5ab74406db942e5740a7232b70edb4c38180d0
org.wso2.extension.siddhi.store.solr	siddhi-store-solr	1.1.1	-	dab6ca5097bf92113c84faf2f636d296b3aab4ea
org.wso2.extension.siddhi.store.solr	siddhi-store-solr	2.0.0	-	3532f28d41ad0b2337524896c7e783026d3a71e7
org.xerial.java	xerial	2.1	-	b38a402c45aa6139eafd762821e299452d499db0
org.xipki.gateway	scep-core	6.5.0	-	fb851dfe0c2bd9fcff67976c81887e7d9131421d
org.xipki.gateway	scep-core	6.5.1	-	6737d0a7496cc25614d8d7f87f2be1a596a333d2
org.xipki.gateway	scep-core	6.5.2	-	bf99c1525684ae08172c3769bd1c0f47aee3ac64
org.xipki.gateway	scep-core	6.5.3	-	77977ec2d18d6f63afc9e500149bddae45b9dc4d
org.yupana	yupana-netty_2.13	0.40.0	-	b7d186e9d9a7d65abbd943727695a3c5b62adca8
org.zalando.awspring.cloud	zalando-cloud-aws-kms	3.1.1	-	97bb07ec29b0b65a34163ce757c4f65c758fac22
org.zalando.awspring.cloud	zalando-cloud-aws-kms	3.2.2	-	1aaa6e047290285f7d48e8f139483cc0766e3675
org.zalando.awspring.cloud	zalando-cloud-aws-kms	3.3.0	-	265c2c6e464f67d13db4c2d50052e3d3ed226367
org.zalando.awspring.cloud	zalando-cloud-aws-kms	3.3.1	-	0cc7d0112b008249c6352872fb3c642a248a66c0
pro.respawn.kmmutils	inputforms	1.1.0-alpha01	-	be00e4b51399671bb6211446cc59d0c8eca22293
pro.respawn.kmmutils	inputforms	1.1.0-alpha02	-	541239fce8ce2323986c0eee877b9fd61a993777
pro.respawn.kmmutils	inputforms	1.1.2	-	f8c67abe329fd41a3ab3bcd7f449d8a9274e527c
pro.respawn.kmmutils	inputforms	1.2.0	-	48dcd870b9fbbd943307d71d2183ba5f48471b0f
pro.respawn.kmmutils	inputforms	1.3.0	-	acd738a83c18a68438c7188a103150e5ccd4f4be
pro.respawn.kmmutils	inputforms	1.3.1	-	55c0fdb5b31b22299ec5a1bb838811963020e496
pro.respawn.kmmutils	inputforms	1.3.2	-	3fc89577081c107aa2964ad3c8c1ae17fb4f2dbc
pro.respawn.kmmutils	inputforms	1.4.0	-	bc7a079f8ac84c11b9d4da955a0f1b9386c4b37d
pro.respawn.kmmutils	inputforms	1.4.1	-	bc7a079f8ac84c11b9d4da955a0f1b9386c4b37d
ru.astrainteractive.klibs	mikro-locale-watchosx64	1.3.0	1.3.0-metadata	a0c749300ecd3d8c28b6d4339b98e72a917eb841
ru.astrainteractive.klibs	mikro-locale-watchosx64	1.4.0	1.4.0-metadata	c49433ed29cf656f34da9abf641e4abe6eeb940d
ru.astrainteractive.klibs	mikro-locale-watchosx64	1.5.0	1.5.0-metadata	fa09f339d98ec954216409e37d5fe8876451628a
ru.astrainteractive.klibs	mikro-locale-watchosx64	1.6.0-beta	1.6.0-beta-metadata	7e5b7058e654a0302652abd825fa02a77622bd18
ru.astrainteractive.klibs	mikro-locale-watchosx64	1.7.0	1.7.0-metadata	0d644c4b9dd41dc633620280c60083ef3afc9871
ru.astrainteractive.klibs	mikro-locale-watchosx64	1.8.0	1.8.0-metadata	e45e2814e3adac67491e09a0005dec2a16ab3757
ru.astrainteractive.klibs	mikro-locale-watchosx64	1.8.1	1.8.1-metadata	3d89f43f36d80b3e15ce7decbbe809e28f57a75c
ru.astrainteractive.klibs	mikro-locale-watchosx64	1.8.2	1.8.2-metadata	aaec143d9601b54b5fb9ca62a2a70ade8fa2ccea
ru.astrainteractive.klibs	mikro-locale-watchosx64	1.8.4	1.8.4-metadata	6238e897b559d1e27714b75933dc8c8d039eff17
ru.astrainteractive.klibs	mikro-locale-watchosx64	1.8.7	1.8.7-metadata	b674e1873dc81aee5854e36e2803715cfe99f3e7
ru.astrainteractive.klibs	mikro-locale-watchosx64	1.8.8	1.8.8-metadata	ab04e0dfcf12e3e3182b599c264f70e0660a9df8
ru.astrainteractive.klibs	mikro-locale-watchosx64	unspecified	unspecified-metadata	d0876f2f0f3578c863afa98f96a75c4c58295f4c
ru.ex-data	moex2	1.0.0	-	f08c22a6c137abe894f20178732d76fd986163dc
ru.fix	jfix-armeria-dynamic-request-options	1.0.0	-	58e518262ed8f0f9488ffafc9d1f05c51aafe53f
ru.pavkin	dtc-moment_sjs0.6_2.13	2.3.1	-	0374814edf49b570da9de6e964c7513e6546db23
ru.pavkin	dtc-moment_sjs0.6_2.13	2.4.0	-	5f07500da9801ffb46ea680ca1d4a00ab3564a45
se.skltp.aggregatingservices.riv.clinicalprocess.healthcond.actoutcome	GetAggregatedReferralOutcome-schemas	1.0.1	-	84f98001729fc2419fab71c7dd069052650c8934
se.skltp.aggregatingservices.riv.clinicalprocess.healthcond.actoutcome	GetAggregatedReferralOutcome-schemas	1.0.2	-	8b2d2fde421cf736992cc8d95aa27813adccbb47
se.skltp.aggregatingservices.riv.clinicalprocess.healthcond.actoutcome	GetAggregatedReferralOutcome-schemas	1.0.3	-	6cc00a7100a8647bf9d13f1e7321a7316745a072
se.skltp.aggregatingservices.riv.clinicalprocess.healthcond.actoutcome	GetAggregatedReferralOutcome-schemas	1.0.3-RC1	-	fd25d21d9c798bb1602b48d3a2c51dbc2abaa536
se.skltp.aggregatingservices.riv.clinicalprocess.healthcond.actoutcome	GetAggregatedReferralOutcome-schemas	1.0.3-RC2	-	e0e0ab0a2b0a8672b522adc4084e5ae1f4192a3c
se.skltp.aggregatingservices.riv.clinicalprocess.healthcond.actoutcome	GetAggregatedReferralOutcome-schemas	1.0.3-RC3	-	2e7e29d03b98d714c6ed7c94ac608bd7a18d1a09
se.skltp.aggregatingservices.riv.clinicalprocess.healthcond.actoutcome	GetAggregatedReferralOutcome-schemas	1.0.3-RC4	-	15666f9d6e584e00975e47157206881770a62020
se.skltp.aggregatingservices.riv.clinicalprocess.healthcond.actoutcome	GetAggregatedReferralOutcome-schemas	1.0.4	-	3a61f4a68596539efacd4fcee7506ccc21d85856
se.skltp.aggregatingservices.riv.clinicalprocess.healthcond.actoutcome	GetAggregatedReferralOutcome-schemas	1.1.0	-	4e34dcce0c165bdf22432ccb38835af58e8de9ee
se.skltp.aggregatingservices.riv.clinicalprocess.healthcond.actoutcome	GetAggregatedReferralOutcome-schemas	1.1.0-RC1	-	0d5e3cfc73e3bf12677ca48997de72b8d9312d72
se.skltp.aggregatingservices.riv.clinicalprocess.healthcond.actoutcome	GetAggregatedReferralOutcome-schemas	1.2.0	-	c7888bb27bb0f7ba4adf2071500c3d7460f6f000
se.skltp.aggregatingservices.riv.clinicalprocess.healthcond.actoutcome	GetAggregatedReferralOutcome-schemas	1.2.0-RC1	-	ae6f1fbc345805855b06168f9239d5fb4eb7153e
se.skltp.aggregatingservices.riv.clinicalprocess.healthcond.actoutcome	GetAggregatedReferralOutcome-schemas	1.2.1	-	5bdadadfae5b5b5c407b05491e4a759e7c464e1c
se.skltp.aggregatingservices.riv.clinicalprocess.healthcond.actoutcome	GetAggregatedReferralOutcome-schemas	1.2.1-RC1	-	fe50f7cd620df36724cc07c45078fff9fd2037cd
sh.almond	scala-interpreter_2.12.18	0.14.0-RC10	-	0466e44293bf48e173303731790f79f946e22c5f
sh.almond	scala-interpreter_2.12.18	0.14.0-RC11	-	dc95fa17244f18b0a95b288c3691363b153ac423
sh.almond	scala-interpreter_2.12.18	0.14.0-RC12	-	52851e06a21349a23a15b297b0303cb8c8aadab3
sh.almond	scala-interpreter_2.12.18	0.14.0-RC13	-	641c520b483bc43f48bea8e1c019ca483160570a
sh.almond	scala-interpreter_2.12.18	0.14.0-RC14	-	b94ca4d5ad0b026e3b461f6c4c4f5891b0982c45
sh.almond	scala-interpreter_2.12.18	0.14.0-RC15	-	f69ca5f268382973474182d9f1612d9f815c07b3
sh.almond	scala-interpreter_2.12.18	0.14.0-RC3	-	39ec773a8b4cf1f5eed00623cdf79cd938c2e4a3
sh.almond	scala-interpreter_2.12.18	0.14.0-RC4	-	5c753fc6233bf6ef592b8f406f295d7ee6e1ffe4
sh.almond	scala-interpreter_2.12.18	0.14.0-RC5	-	11fecd8ee0ee6790404a4e4b5de175c50b99ec9e
sh.almond	scala-interpreter_2.12.18	0.14.0-RC6	-	802e5ce94059c6c20813dd6b915e9dba85575063
sh.almond	scala-interpreter_2.12.18	0.14.0-RC7	-	d11cc49e1921186b2a5e70609be9e183cf3a48eb
sh.almond	scala-interpreter_2.12.18	0.14.0-RC8	-	d23e04dbe718de5639d503cd8f0fd3d9e99e3527
sh.almond	scala-interpreter_2.12.18	0.14.0-RC9	-	2ddd15a4bee71979ff6bc8a65ab27113d7cb5202
sh.almond	scala-interpreter_2.12.18	0.14.1	-	4b1a578b24c50ca44fec0492905ddb38133f7770
software.amazon.awscdk	dynamodb-global	0.29.0	-	71203fd37a554dcdf0bf011cdb972f3db9726f83
software.amazon.awscdk	dynamodb-global	0.30.0	-	230b07ef5dd0ad4ad51d6a3d7bbecdf9259b48a3
software.amazon.awscdk	dynamodb-global	0.31.0	-	b9986e9b84469898143dec180a76070bb0fd8f6e
software.amazon.awscdk	dynamodb-global	0.32.0	-	55586246a63d4d5e88d1dea3a0b716adae42c8e0
software.amazon.awscdk	dynamodb-global	0.33.0	-	341d79629f09c11af5c76457b313edba52486b10
software.amazon.awscdk	dynamodb-global	0.34.0	-	e124297f7ba4da562c349b73f8a9a429fb06b5fe
software.amazon.awscdk	dynamodb-global	0.35.0	-	388ba3b8faa597b926bf4ab65c0f0d3427fe17b6
software.amazon.awscdk	dynamodb-global	0.36.0	-	ab13b02e7c0ecc1a8871d066ee5f5ed7c74c7785
software.amazon.awscdk	dynamodb-global	0.36.1	-	63de5865857bfe7939243027b0cebc9e1ebda8a1
software.amazon.awscdk	dynamodb-global	0.36.2.DEVPREVIEW	-	4d90eb72911a36e4b73abdf0260e96b3d56f6bbe
software.amazon.awscdk	dynamodb-global	0.37.0.DEVPREVIEW	-	5795cf39559bbcd877b93289ba3337bde46e70bf
software.amazon.awscdk	dynamodb-global	0.38.0.DEVPREVIEW	-	cf21bb102457bd2fa69ab43cdb9ebdbf712d0a46
software.amazon.awscdk	dynamodb-global	0.39.0.DEVPREVIEW	-	4616a1977c563249fd64bb2b410e86a6a6f47545
software.amazon.awscdk	dynamodb-global	1.0.0.DEVPREVIEW	-	fa3bcfe941701237be4b93c8b9e0e0c70840d6b5
software.amazon.awscdk	dynamodb-global	1.1.0.DEVPREVIEW	-	5f05533688968a63d557a613306c22cd51fa7bd2
software.amazon.awscdk	dynamodb-global	1.10.0.DEVPREVIEW	-	40077674d1af067275217f8d619738cb4c93cfe9
software.amazon.awscdk	dynamodb-global	1.10.1.DEVPREVIEW	-	abdd22cb920f9810082a849ba0d1899f66ec4001
software.amazon.awscdk	dynamodb-global	1.100.0	-	2941252de143b04f669ae791c1d4fbfc417e5536
software.amazon.awscdk	dynamodb-global	1.101.0	-	58751593a71560f2058000bfe581ed18e71df216
software.amazon.awscdk	dynamodb-global	1.102.0	-	32058da714b817a453857cce83f7a15eddf8d6cb
software.amazon.awscdk	dynamodb-global	1.103.0	-	23d5964d571a402cf031b4e56f1b9b04583b4d80
software.amazon.awscdk	dynamodb-global	1.104.0	-	555e78cea0c9b3baef9e0d1947cd5e4e3d6fbc5b
software.amazon.awscdk	dynamodb-global	1.105.0	-	60190d9fe190998106557f23debd175dccfa39ce
software.amazon.awscdk	dynamodb-global	1.106.0	-	24b444f208411172379df4f0ecacc777e8b947a1
software.amazon.awscdk	dynamodb-global	1.106.1	-	ec1dbd2509dc4fffc007eb4237239901bff3a153
software.amazon.awscdk	dynamodb-global	1.107.0	-	98e07292c09b9d2730d2ae8a4df550ba0f9d0791
software.amazon.awscdk	dynamodb-global	1.108.0	-	b570b5cd181622577d33b0618784bb81442a8fce
software.amazon.awscdk	dynamodb-global	1.108.1	-	bdff1d6d8f4c8db7eec81239cb58b07e2fea9d1e
software.amazon.awscdk	dynamodb-global	1.109.0	-	f145649bd2177c1bdd76b66346551ae8fb5e50c2
software.amazon.awscdk	dynamodb-global	1.11.0.DEVPREVIEW	-	1aa093200a1612d11e954066bccafde604d3ad35
software.amazon.awscdk	dynamodb-global	1.110.0	-	165d293d88b1ab01e05df144e53933bc951cc05f
software.amazon.awscdk	dynamodb-global	1.110.1	-	f15cd4d1b145cf2ca075a35686b2ed73681bcab0
software.amazon.awscdk	dynamodb-global	1.111.0	-	c10abb72ed1fcb5c0c4a0d49f6f89952be791582
software.amazon.awscdk	dynamodb-global	1.112.0	-	e0dd34792b41fd394623616415a3791ccacce17b
software.amazon.awscdk	dynamodb-global	1.113.0	-	ec1fe3061871e58c76556044bcb031c920a37dbb
software.amazon.awscdk	dynamodb-global	1.114.0	-	ba5a44434440305ac6e3ab93386f75c25f3009a0
software.amazon.awscdk	dynamodb-global	1.115.0	-	9bb52b12e4eda5eaa47166ceafbd213f0e86ecc3
software.amazon.awscdk	dynamodb-global	1.116.0	-	e72676ddaffdf7f9ec77acaf7930f07d4ac76225
software.amazon.awscdk	dynamodb-global	1.117.0	-	4bbb70b90d23bd302f6503e32b601b345e42f3cf
software.amazon.awscdk	dynamodb-global	1.118.0	-	a961427fb45908e0270e929cf3847ca985eceefd
software.amazon.awscdk	dynamodb-global	1.119.0	-	a7117cac36734b476cf7d023973b6ea8b81b2a93
software.amazon.awscdk	dynamodb-global	1.12.0.DEVPREVIEW	-	e3e5b0ada6a1ceb7d5f83478015bff6e26cd776c
software.amazon.awscdk	dynamodb-global	1.120.0	-	e5d94a64636ef388be8e093be390052f4a83879d
software.amazon.awscdk	dynamodb-global	1.121.0	-	d45af79c2150b621a769d9964831e9be734a6a9e
software.amazon.awscdk	dynamodb-global	1.122.0	-	8366f3e6e112c9f01b7c70e8c86b751ab4d63234
software.amazon.awscdk	dynamodb-global	1.123.0	-	0def27c6b4f9a0acb0ce95c797be4b5223369359
software.amazon.awscdk	dynamodb-global	1.124.0	-	e8857907f21d8a33e8264fa9c37ed11deefcc28b
software.amazon.awscdk	dynamodb-global	1.125.0	-	49da5662f200854833d094cf76d5bc29bdcb59d1
software.amazon.awscdk	dynamodb-global	1.126.0	-	971fb5a7ab532f9ba940cb6a80aaff7b380390b6
software.amazon.awscdk	dynamodb-global	1.127.0	-	11551834913e72525d4748bfc31700bbda739d94
software.amazon.awscdk	dynamodb-global	1.128.0	-	5850a54188df7846df1182f0fffdacfd62ba4f62
software.amazon.awscdk	dynamodb-global	1.129.0	-	9bcca46975890ca109cbe17bd3a4afaff397c8fb
software.amazon.awscdk	dynamodb-global	1.13.0.DEVPREVIEW	-	c880e326da0dab9d763143e353bcaae6558f2054
software.amazon.awscdk	dynamodb-global	1.13.1.DEVPREVIEW	-	8c31ca78885bac6cabd2b5f576123985ec9cbcf8
software.amazon.awscdk	dynamodb-global	1.130.0	-	2b244ac9f742a8987d37e2bc12cb1d8229bd528c
software.amazon.awscdk	dynamodb-global	1.131.0	-	3e9d7e4f6b5a644c5613249f20aaedfe286e7b1b
software.amazon.awscdk	dynamodb-global	1.132.0	-	df0498a213d451f7eb7fe240ac6805a06131b4af
software.amazon.awscdk	dynamodb-global	1.133.0	-	0cb79e40fe2028fafda99bf1ca5ac2eda58bb04b
software.amazon.awscdk	dynamodb-global	1.134.0	-	bbf39c0acace351728ea07aa4a43f0ef781222f4
software.amazon.awscdk	dynamodb-global	1.135.0	-	8072662c7d8c5faab6261e4412cec6b282b2e090
software.amazon.awscdk	dynamodb-global	1.136.0	-	2dce2d7ce19ccd44f881a34ad77a214a39b36ee0
software.amazon.awscdk	dynamodb-global	1.137.0	-	e86b543c7bc3632e427fe6c26e86211400772d3d
software.amazon.awscdk	dynamodb-global	1.138.0	-	f6c5c46ab8cddc0218e6a809bd3d609ba7f4f978
software.amazon.awscdk	dynamodb-global	1.138.1	-	d40c64624ecf09a4807085041ee489acf6afac6e
software.amazon.awscdk	dynamodb-global	1.138.2	-	d6c1e72ee579dccd941e81696d8bb8222818fed7
software.amazon.awscdk	dynamodb-global	1.139.0	-	5e6d7f4cb2dd32aeb397eef5c0be4440a6fb2489
software.amazon.awscdk	dynamodb-global	1.14.0.DEVPREVIEW	-	fe5cf72cb3393ead6accf8e917304415f77d38a6
software.amazon.awscdk	dynamodb-global	1.140.0	-	3a794f8e9be3d1b4e6a163e5ccf0b495a1317ce7
software.amazon.awscdk	dynamodb-global	1.141.0	-	1088dfb321b157a994cd1c7e20fd55b737b49efd
software.amazon.awscdk	dynamodb-global	1.142.0	-	ca0e0c7507c0be55f68aa738731d0c7a2aceadc7
software.amazon.awscdk	dynamodb-global	1.143.0	-	7ae2fd3d45c4a2a0e81fb39d6bb316ec3a105c01
software.amazon.awscdk	dynamodb-global	1.144.0	-	e1f3d9f5503620312335bca631f754b05a357159
software.amazon.awscdk	dynamodb-global	1.145.0	-	ec4b4eedbdc2292059119c2b3fdd6871a1db479a
software.amazon.awscdk	dynamodb-global	1.146.0	-	3d0b32e4db752473fb95c4d84516da3b7dd35f94
software.amazon.awscdk	dynamodb-global	1.147.0	-	7e92c3b82b9bbd99e720125805b179b26cfd10d1
software.amazon.awscdk	dynamodb-global	1.148.0	-	c9c809bc2a0ef04d2093811c6beddb47211f6489
software.amazon.awscdk	dynamodb-global	1.149.0	-	e0cea236bda81cb8151689118527ffd8f9d5550c
software.amazon.awscdk	dynamodb-global	1.15.0.DEVPREVIEW	-	d0aa81b514ed4f363c663a956930bd80ed5f3c40
software.amazon.awscdk	dynamodb-global	1.150.0	-	3ec4a6e0a7e85a1c7fea4fbfed3123e820b2834c
software.amazon.awscdk	dynamodb-global	1.151.0	-	b32a7c7ea9b0f24f9975677ae0877e08f0f21773
software.amazon.awscdk	dynamodb-global	1.152.0	-	64087209b96c98cf796fb363b88d11803e5936ab
software.amazon.awscdk	dynamodb-global	1.153.0	-	52bfb97032683bef166f93775c2f3294e75319d9
software.amazon.awscdk	dynamodb-global	1.153.1	-	48b2a20beb4a29d2112df88896eadb786a84e126
software.amazon.awscdk	dynamodb-global	1.154.0	-	2ab54fa4bc75872f958190113e7b5aa5b3ac4382
software.amazon.awscdk	dynamodb-global	1.155.0	-	5455b19f153088a8ca2555ae4b4e19ff3a839730
software.amazon.awscdk	dynamodb-global	1.156.0	-	020bea9eb05cd9f152272e9e90a0e52799d80e93
software.amazon.awscdk	dynamodb-global	1.156.1	-	7f98ee1c840cef6076886c3fd5266f573ee93d7a
software.amazon.awscdk	dynamodb-global	1.157.0	-	1cd25fada1f901b9d0117312d0f0577fccb19ad0
software.amazon.awscdk	dynamodb-global	1.158.0	-	438177a685152e03dde2e9b1e5c56caefae86ef3
software.amazon.awscdk	dynamodb-global	1.159.0	-	c13f81cbe900bbcad43337c65b8848dd4c1fb766
software.amazon.awscdk	dynamodb-global	1.16.0.DEVPREVIEW	-	3c7cf8cd01a05c0b35f5cae31c376df3ac8ad255
software.amazon.awscdk	dynamodb-global	1.16.1.DEVPREVIEW	-	b04047b6a7b9f5580f051afdeb54714fa2737e00
software.amazon.awscdk	dynamodb-global	1.16.2.DEVPREVIEW	-	17124195a71a9bb02fb5012b01a27c632f260be0
software.amazon.awscdk	dynamodb-global	1.16.3.DEVPREVIEW	-	9fc01212133ad7b12fc75ba1dd5935f4541fcc09
software.amazon.awscdk	dynamodb-global	1.160.0	-	559395059ad069bfc1c32cfa305717d5f3620199
software.amazon.awscdk	dynamodb-global	1.161.0	-	27963e436090834e954d6dcdae1cf8fda3899a83
software.amazon.awscdk	dynamodb-global	1.162.0	-	553b52ca34a8e50e9e59fbb31233854182349042
software.amazon.awscdk	dynamodb-global	1.163.0	-	51cb014204e201b237fe3cb94b92f0894565cb91
software.amazon.awscdk	dynamodb-global	1.163.1	-	0b4ae29d8e8c932ea5b649a80231db5888479e56
software.amazon.awscdk	dynamodb-global	1.163.2	-	c473023fdc6ca7862f01ddd74ae47f9a490129ea
software.amazon.awscdk	dynamodb-global	1.164.0	-	cf208a41327905e36c74ba707c6ece31761ccbc0
software.amazon.awscdk	dynamodb-global	1.165.0	-	60e6e059997eaf76910613f1b55aa8c32973b73f
software.amazon.awscdk	dynamodb-global	1.166.1	-	50f0470d7cc00bfa8ed3462fe9c2d815f1c4c554
software.amazon.awscdk	dynamodb-global	1.167.0	-	642e05e9de6be806bc3be91161e8b189301adf31
software.amazon.awscdk	dynamodb-global	1.168.0	-	e01145ce06c980c7de8734d4a0c41f4888761e1a
software.amazon.awscdk	dynamodb-global	1.169.0	-	e22647395ac166d49ce016e95df1e8181bd7dcd0
software.amazon.awscdk	dynamodb-global	1.17.0.DEVPREVIEW	-	8f18d00b781090e76cf9ab1f66e876cee8748d53
software.amazon.awscdk	dynamodb-global	1.17.1.DEVPREVIEW	-	514d1c64e1bb8567b3e4af66bfd9813120e01abb
software.amazon.awscdk	dynamodb-global	1.170.0	-	6133daaa4332537f7a6d5ef9f1b46cfb9356993b
software.amazon.awscdk	dynamodb-global	1.170.1	-	cdbedd79a89f3b738c68c3de492e25d346fd3c01
software.amazon.awscdk	dynamodb-global	1.171.0	-	d67c8039352f58e14c5d1f02b19dbcf1fd165c59
software.amazon.awscdk	dynamodb-global	1.172.0	-	cca11f80e114f50545deaee08eff97bbf61206ad
software.amazon.awscdk	dynamodb-global	1.173.0	-	fd3a06abad8dc1c4f6f62b381dec9a6b97658ffa
software.amazon.awscdk	dynamodb-global	1.174.0	-	2eb69cc5340b76c58a4989f945f7053d8a62f51d
software.amazon.awscdk	dynamodb-global	1.175.0	-	4b5fafcace2c10eaffc377d8baeb8c59ef62d233
software.amazon.awscdk	dynamodb-global	1.176.0	-	1ac9a98a75dc1079f756a49939c3d8ca7e17c069
software.amazon.awscdk	dynamodb-global	1.177.0	-	b0352bb10d7be3e8fb6fa29817613988716bc992
software.amazon.awscdk	dynamodb-global	1.178.0	-	f87639d0d2a7d1f83c0a3279b091a2ef69b5b73f
software.amazon.awscdk	dynamodb-global	1.179.0	-	639984011b38d2b06e216d3824ff631b88de056e
software.amazon.awscdk	dynamodb-global	1.18.0	-	eb86edc7ebeb7fc22422f31ab1dd50612ecf05f0
software.amazon.awscdk	dynamodb-global	1.180.0	-	29a174b4b40beb65c79ee6a4ae9e848fd15069e6
software.amazon.awscdk	dynamodb-global	1.181.0	-	009f40937b4dc49e990d7e95cd67355d3735de46
software.amazon.awscdk	dynamodb-global	1.181.1	-	505f6691aab4723e65592ebb8ded782ed9e5a2bf
software.amazon.awscdk	dynamodb-global	1.182.0	-	0ce14f2e53f6e70d866e60d2a12fd44e5c286af8
software.amazon.awscdk	dynamodb-global	1.183.0	-	c3de2b432243082bcd6c76f563414c4e6d1a72ad
software.amazon.awscdk	dynamodb-global	1.184.0	-	809b8f8142504972756fee094164c14c62ba8270
software.amazon.awscdk	dynamodb-global	1.184.1	-	373c1f41a23a21f7149d8af2dc01e81a6c3ab754
software.amazon.awscdk	dynamodb-global	1.185.0	-	2aa133f7542198ba927057417c6ac6f7487b3f42
software.amazon.awscdk	dynamodb-global	1.186.0	-	6d9b78e4798368a228800a49e271ed1f7c1a80ed
software.amazon.awscdk	dynamodb-global	1.186.1	-	2cfcb07227884a3a9c612bf3e7f8f094c148a0d7
software.amazon.awscdk	dynamodb-global	1.187.0	-	02171b74e6847f69ca3c3460a119d72094c7513b
software.amazon.awscdk	dynamodb-global	1.188.0	-	64473c454fbaa39fa5a7799111f431d22385589d
software.amazon.awscdk	dynamodb-global	1.189.0	-	9f4fcd88043c53fbbefa95de98f22419e59738b2
software.amazon.awscdk	dynamodb-global	1.19.0	-	62c6632c1421a0de1618fbc5a25cff3f75d46cc7
software.amazon.awscdk	dynamodb-global	1.190.0	-	a10f966aa925ae8d6b5068bbf1ddd2910cc71fca
software.amazon.awscdk	dynamodb-global	1.191.0	-	f10c17d5bc2b41faf63fc6316cbeff91efc24984
software.amazon.awscdk	dynamodb-global	1.192.0	-	f14a6e751b1bc327a18dc2c60e40887fb602b489
software.amazon.awscdk	dynamodb-global	1.193.0	-	31b485a4a29ba9567e4875651862950375ef7515
software.amazon.awscdk	dynamodb-global	1.194.0	-	331d6c3caa151aa85800159f4401b2f299dd2719
software.amazon.awscdk	dynamodb-global	1.195.0	-	765060dfabbbd96d7affee1a5306e5b91b1404a5
software.amazon.awscdk	dynamodb-global	1.196.0	-	5777d11a5cab7ef8eefffa1001b28afd68d08b3b
software.amazon.awscdk	dynamodb-global	1.197.0	-	d04afec57324649644494ed6e97770081b5c7faa
software.amazon.awscdk	dynamodb-global	1.198.0	-	061c0fb6da028850e3ed1c92ef237dcef60df384
software.amazon.awscdk	dynamodb-global	1.198.1	-	9d92929958545f0c852afa4474ea4b219ae98856
software.amazon.awscdk	dynamodb-global	1.199.0	-	94768c3d05897f40cb18274e8b8ba10ee599df04
software.amazon.awscdk	dynamodb-global	1.2.0.DEVPREVIEW	-	f12b7fb898d54aa3f418e24e9261dcfee86cc104
software.amazon.awscdk	dynamodb-global	1.20.0	-	e97397b589c06aaaa3f331731a823402fab2890b
software.amazon.awscdk	dynamodb-global	1.200.0	-	7608d3c0f2271e18b1b84f610d5223824120cdcb
software.amazon.awscdk	dynamodb-global	1.201.0	-	c152d62edcea2aa4ad87bb7f4e31d62dbe3118c6
software.amazon.awscdk	dynamodb-global	1.202.0	-	e41fd4791bb9bd71f718d7041d76be32f26d900f
software.amazon.awscdk	dynamodb-global	1.203.0	-	b1eb0d96a8167012e47db7a812c458e9a91f22cb
software.amazon.awscdk	dynamodb-global	1.204.0	-	04d52015247af77e279bb078db02fd0905e31a36
software.amazon.awscdk	dynamodb-global	1.21.0	-	b98b644c92f0c8ff6bd02d97255506dd312ad367
software.amazon.awscdk	dynamodb-global	1.21.1	-	3970b17c5390a876cd68332ad53eb2cf950401fe
software.amazon.awscdk	dynamodb-global	1.22.0	-	4bec88881d56457d9e275c97a3a0ec661e5491e8
software.amazon.awscdk	dynamodb-global	1.23.0	-	c8ea353363bf96abde395eb5714c2e864fd9d0ed
software.amazon.awscdk	dynamodb-global	1.24.0	-	c09ea5482398e8b89acffa6170eb5d3fc9aaad90
software.amazon.awscdk	dynamodb-global	1.25.0	-	b3f6ad99c2d8b5edff7ebfe936127e4f13e91e03
software.amazon.awscdk	dynamodb-global	1.26.0	-	67cce375eaa1989ea0a15684c26ac5a6ec6efbc6
software.amazon.awscdk	dynamodb-global	1.27.0	-	7a94cf3af71b8e18492d953daf01ecf12f8c69ad
software.amazon.awscdk	dynamodb-global	1.28.0	-	4d9946dc998ff477a40c2a3c6af003c758a92971
software.amazon.awscdk	dynamodb-global	1.29.0	-	37f93073ca46ffc01960103b88c9d22f936d1013
software.amazon.awscdk	dynamodb-global	1.3.0.DEVPREVIEW	-	460dfbd2c84785722ae587b1cc38a513e04726d0
software.amazon.awscdk	dynamodb-global	1.30.0	-	007061d4c83bacc16b7147290fe1a17c9fc12d36
software.amazon.awscdk	dynamodb-global	1.31.0	-	165fb40052679ceb8d686d419dc0f44f9718df57
software.amazon.awscdk	dynamodb-global	1.32.0	-	f04fe8546b434138f39e51d6a96c0ad3a9f9a49c
software.amazon.awscdk	dynamodb-global	1.32.1	-	a3536773851bbc7315b36d5fee2dff4dac906eb4
software.amazon.awscdk	dynamodb-global	1.32.2	-	a9dff7b196b0546fb5b65e47f674fba463122c33
software.amazon.awscdk	dynamodb-global	1.33.0	-	b5851cbb9d7ed9c57cae6a2bab66897bbc8309dd
software.amazon.awscdk	dynamodb-global	1.33.1	-	4b21d0bf0db232d1a68b073634e04928c9de8bd7
software.amazon.awscdk	dynamodb-global	1.34.0	-	440de9cc1b8c701a0a6ac7fe5e0084fa6c9779ca
software.amazon.awscdk	dynamodb-global	1.34.1	-	1a907e7c21fe27d22a3dd7e6a17c11fdf6fa4193
software.amazon.awscdk	dynamodb-global	1.35.0	-	fbd2ced013ea02e685b9d91888a82a2912554a9c
software.amazon.awscdk	dynamodb-global	1.36.0	-	d7694cfa55dad1dc47063c5ce395a99d29caf06c
software.amazon.awscdk	dynamodb-global	1.36.1	-	669b700c0e14bb0afd4d2a85799d9094c185c658
software.amazon.awscdk	dynamodb-global	1.37.0	-	e139f5d29bf6535d04e3053a8261c73137a1c797
software.amazon.awscdk	dynamodb-global	1.38.0	-	22dc81a18e15b2c2e11cc458bcadf715c85db13a
software.amazon.awscdk	dynamodb-global	1.39.0	-	e06c3951b2da1e82ac88e6d3497c36697364283a
software.amazon.awscdk	dynamodb-global	1.4.0.DEVPREVIEW	-	14c634e8dd4e284f0eff6fb16e80d49fc342aec9
software.amazon.awscdk	dynamodb-global	1.40.0	-	7dc9fbbe36b4694e17181cb2ba724f635dea41ef
software.amazon.awscdk	dynamodb-global	1.41.0	-	6f27adcee002739f7dcba392d8fdc05b4ddfe1e3
software.amazon.awscdk	dynamodb-global	1.42.0	-	14aa8fa349c3f044888d79c015284f33e940778f
software.amazon.awscdk	dynamodb-global	1.42.1	-	a919314006076fc5e4ab90d9e46d9178d247bca5
software.amazon.awscdk	dynamodb-global	1.43.0	-	6f8bc6e13867ca4a37444d8ba9e6579489b3c701
software.amazon.awscdk	dynamodb-global	1.44.0	-	e6c970f98b97dc1f4807125ce9db159dd2ab6d4a
software.amazon.awscdk	dynamodb-global	1.45.0	-	a7a966580ae29aee1eff2c6c79537b0ef26b021c
software.amazon.awscdk	dynamodb-global	1.46.0	-	85f52748aa4b8791b0e30d844c79d2fe1a189c56
software.amazon.awscdk	dynamodb-global	1.47.0	-	7961a6937a7cbf4ec190712b4b659cdf1334be77
software.amazon.awscdk	dynamodb-global	1.47.1	-	790f38b4dd0c57fa2d15a06e945bf01847c0719f
software.amazon.awscdk	dynamodb-global	1.48.0	-	e2340d4f7d0118eb8f4c0ed6f47a547abe891eac
software.amazon.awscdk	dynamodb-global	1.49.0	-	16a8de981e8e19c17b540401e79676d8b63fe37a
software.amazon.awscdk	dynamodb-global	1.49.1	-	3ffc1a3d940e33348c32441d40d754a612a5efb0
software.amazon.awscdk	dynamodb-global	1.5.0.DEVPREVIEW	-	8408ebbd0fed9ea79f6905312ac629a4737fff1b
software.amazon.awscdk	dynamodb-global	1.50.0	-	49d176da5b15cf7fd9414148c26d0479522414d1
software.amazon.awscdk	dynamodb-global	1.51.0	-	17caa36a70938c6f3fdcad5c62377e1eeadfd068
software.amazon.awscdk	dynamodb-global	1.52.0	-	6acee9649222ce4351a557ce69a0d6d9ea517969
software.amazon.awscdk	dynamodb-global	1.53.0	-	cfbac874ee70c0360e96e7faf86a7ca84b1f77a3
software.amazon.awscdk	dynamodb-global	1.54.0	-	45ecfa67c841e025324ac4b1f3e94d75b6be112a
software.amazon.awscdk	dynamodb-global	1.55.0	-	4e050e4553ca466327aa46f0eb6031670775d2b7
software.amazon.awscdk	dynamodb-global	1.56.0	-	3f99b01a00574b11bf50d55ded7146c4a3d15402
software.amazon.awscdk	dynamodb-global	1.57.0	-	3b7be3edc4686950b58a1cb355f77bfa3760ac1d
software.amazon.awscdk	dynamodb-global	1.58.0	-	c90cf62ae5e7907a4f1a01489b10e0391be552cb
software.amazon.awscdk	dynamodb-global	1.59.0	-	69a0ad43df82f1647ecb2d233c1ac8155f4efd1f
software.amazon.awscdk	dynamodb-global	1.6.0.DEVPREVIEW	-	bcf558f0897fbef0cae076351f4995105f24fbb3
software.amazon.awscdk	dynamodb-global	1.6.1.DEVPREVIEW	-	dd53cddf2ea74e2e9bc67cecab21044036a852fd
software.amazon.awscdk	dynamodb-global	1.60.0	-	f4567f117ede62b81b70feb4aa07d7732f5ee352
software.amazon.awscdk	dynamodb-global	1.61.0	-	664c263ff29b01618f057dea89c65efb585b691e
software.amazon.awscdk	dynamodb-global	1.61.1	-	a1570a2af4a640277a611d8d58537da4514895a7
software.amazon.awscdk	dynamodb-global	1.62.0	-	b29a70d7eb4da07b786aaf096b271aeb1b5ff9e1
software.amazon.awscdk	dynamodb-global	1.63.0	-	700e998fab060374cf50b0640198c41b33877311
software.amazon.awscdk	dynamodb-global	1.64.0	-	0e04764cbdc6f68df7d54f48b5e20ab3f21efe46
software.amazon.awscdk	dynamodb-global	1.64.1	-	f0eef6b48e3ce16d218b3b36342ddff2b2c5d479
software.amazon.awscdk	dynamodb-global	1.65.0	-	ddf4c0bd54bc5d280726aa073019de2121108173
software.amazon.awscdk	dynamodb-global	1.66.0	-	d6b1913264bc2766023291e83fd1de86ba96e1ef
software.amazon.awscdk	dynamodb-global	1.67.0	-	ae59e7ec4b985b710bfe22808d66770c585a7c97
software.amazon.awscdk	dynamodb-global	1.68.0	-	1c85de87ce37e0b4f9dedf2b3c047d712150d3c9
software.amazon.awscdk	dynamodb-global	1.69.0	-	95b5170e692856a713a0419617c94363dd847c32
software.amazon.awscdk	dynamodb-global	1.7.0.DEVPREVIEW	-	187466f0f5ca805f9d636806b6ccd83003605f87
software.amazon.awscdk	dynamodb-global	1.70.0	-	7496a66f697a149d3532f8a549effe8296d4240e
software.amazon.awscdk	dynamodb-global	1.71.0	-	d5eecb4d6316e0d8940dbd726ad4ceedbc37f997
software.amazon.awscdk	dynamodb-global	1.72.0	-	7bbbdfee11c823bbd76531d051066cc2d910a259
software.amazon.awscdk	dynamodb-global	1.73.0	-	22ce2bb7e004e5802e54913279f1853b43af9512
software.amazon.awscdk	dynamodb-global	1.74.0	-	35c9a2705866c5063180906d5492a15222ea1ee0
software.amazon.awscdk	dynamodb-global	1.75.0	-	40ae8ae299f1b46f9e09b7d4c575818404637535
software.amazon.awscdk	dynamodb-global	1.76.0	-	65bad8320f9cb108bb3827b88cf8fd3a0439c239
software.amazon.awscdk	dynamodb-global	1.77.0	-	58aeb4f4d897ea37e96bea80346da3775f409755
software.amazon.awscdk	dynamodb-global	1.78.0	-	5812bb5f920cb2787343a419d478f07f1c4572e7
software.amazon.awscdk	dynamodb-global	1.79.0	-	b60a451b09140c3646cec6757040e4ea540b6ca0
software.amazon.awscdk	dynamodb-global	1.8.0.DEVPREVIEW	-	7c1fa05ccc6ccc03f9531ee03f4f7e3abb326fb8
software.amazon.awscdk	dynamodb-global	1.80.0	-	6331fef71379df2e762248a38b3aa6a17725e097
software.amazon.awscdk	dynamodb-global	1.81.0	-	e6fc5ca1322700604aa36cf783732629d2bb55d8
software.amazon.awscdk	dynamodb-global	1.82.0	-	bd074cb3b3a123f1959b9108e33623e80662cab7
software.amazon.awscdk	dynamodb-global	1.83.0	-	85468c4dee7cb317a1048151f0f8cc73eb990071
software.amazon.awscdk	dynamodb-global	1.84.0	-	28ee211fdd88612a3db92ee4852a94e1aba42b1e
software.amazon.awscdk	dynamodb-global	1.85.0	-	574d93376c6c49f0e2006006b01e6ebdf17e2ec8
software.amazon.awscdk	dynamodb-global	1.86.0	-	0b8c04976cf250282fdef6298f40244f5dff7a03
software.amazon.awscdk	dynamodb-global	1.87.0	-	a6aad4690d7216efadd053c2ee2094f7aef8ca42
software.amazon.awscdk	dynamodb-global	1.87.1	-	0e0dbb440ad641e24a6e199d3111d8d69b4beddf
software.amazon.awscdk	dynamodb-global	1.88.0	-	5c36bcbff3bc316ac2109be09fe826e4a3a7b3e0
software.amazon.awscdk	dynamodb-global	1.89.0	-	da45fa17f54e4e6ed173802c2eb17662d8e2518f
software.amazon.awscdk	dynamodb-global	1.9.0.DEVPREVIEW	-	eaf387acd56cf575e15ddbdca684cdeea9d8c87c
software.amazon.awscdk	dynamodb-global	1.90.0	-	85149ec02038357a39eddf37146af2f8bc92f568
software.amazon.awscdk	dynamodb-global	1.90.1	-	78eeec45bf4ce1dfb74e91c2fbfb5be05f4c2df2
software.amazon.awscdk	dynamodb-global	1.91.0	-	76cb001faaa7e595af7b2f0db9914b2a6fa9fa71
software.amazon.awscdk	dynamodb-global	1.92.0	-	6d2ddd622342df5faf81f36ea53244d597c69137
software.amazon.awscdk	dynamodb-global	1.93.0	-	71171cd442f99083243457cc6fad78fde7dff16a
software.amazon.awscdk	dynamodb-global	1.94.0	-	8612b203d3176fd23ba7b6854dd9c08a8f65fa1a
software.amazon.awscdk	dynamodb-global	1.94.1	-	25b3518fc83083cf4b41af81dc9f875ea54307af
software.amazon.awscdk	dynamodb-global	1.95.0	-	07486cd7ef91035c5a83b1b3f41f2945d1167395
software.amazon.awscdk	dynamodb-global	1.95.1	-	70d85e5a25870c1f367603a1f086b3c67defe911
software.amazon.awscdk	dynamodb-global	1.95.2	-	17f25d1cd5178def91edab0002e1ca5941ddec66
software.amazon.awscdk	dynamodb-global	1.96.0	-	ecea19b777e415c607d67149f93e9fef780f3182
software.amazon.awscdk	dynamodb-global	1.97.0	-	b2bd3d794a34a8ed2599fe5f87b37dd80af3be4b
software.amazon.awscdk	dynamodb-global	1.98.0	-	e4fc5a31a7f91bebe03d9df3a5d25c853d4e2859
software.amazon.awscdk	dynamodb-global	1.99.0	-	da12ae1e39e3de990ceb9ca31dbc59ae48590b32
software.tnb	system-x-mariadb	0.0.1	-	eeb5294209eea12662b195ba538e6607b3143e8e
software.tnb	system-x-mariadb	0.0.10	-	9839a97dba265195388a1bd20529d18817b4ed75
software.tnb	system-x-mariadb	0.0.11	-	0fd01edc9b02bdaffd8f5062b17139f57e6b617d
software.tnb	system-x-mariadb	0.0.12	-	18ab071a45b0e8b8070248dd2033aee985c8ed7e
software.tnb	system-x-mariadb	0.0.13	-	f1d8f3b8ef1de8772a99c05484b044736274bbf9
software.tnb	system-x-mariadb	0.0.14	-	9622216af89281eb9a5b441d1789556173c715f5
software.tnb	system-x-mariadb	0.0.2	-	ec8ef7af182d97ea42d011b11d4c43a2878be494
software.tnb	system-x-mariadb	0.0.3	-	2f865a8db58b612e0b6bef66291487aa7ceb426a
software.tnb	system-x-mariadb	0.0.4	-	cf60fe54803e85d19a738866445d541c718e9b48
software.tnb	system-x-mariadb	0.0.5	-	055f74af3bafa9587092d4b2b284ae47cdd5acda
software.tnb	system-x-mariadb	0.0.6	-	638d762df49f029002c34c16acd319595ff6b902
software.tnb	system-x-mariadb	0.0.7	-	f2ff10f2c8517a5bf9a88f58024a4407d4c4a267
software.tnb	system-x-mariadb	0.0.8	-	1327bb6ebf8ef48ca53fa6a0e834297c582681bc
software.tnb	system-x-mariadb	0.0.9	-	5e2ee0ce584c14e64dd14ab3669da34732978b79
tech.codingzen	kata-assertions	1.5.0	-	014a452e8ffce29f37863765fea665973af005d4
tech.codingzen	kata-assertions	2.0.0	-	701adef8e7aec0fc9eb83ed4aaf600bfa1f6b27b
tech.codingzen	kata-assertions	2.0.1	-	af237fa696cb5e3d3282af5f4e37b3fc044e903c
tech.skot.libraries.sk-map	viewcontract-iosx64	0.0.18_1.1.81	0.0.18_1.1.81-metadata	07ce34990b210bd44fc7583ccfbe73dc6e53f22a
tech.skot.libraries.sk-map	viewcontract-iosx64	0.0.20_1.2.6	0.0.20_1.2.6-metadata	10d03f2b80677b12194b6a30664337a8438a5a06
tech.toolpack	IJPay-Core	3.9.10	-	1a4e09f80476a508de511c82ec9d14702479e6ad
technology.yiss.kotlin	kotlin-reflect	1.2.41	-	7b485fabf091ff43228e7ea8e26575348fe3dd08
technology.yiss.kotlin	kotlin-reflect	1.2.42	-	07e7db26cd8e4d7b057f4d130459672b57dded6a
top.hendrixshen.magiclib	magiclib-1_17_1	0.7.342+d9ab137-beta	-	5d8e5f840cf04a1db5f4b8c7435bf34f7ba6d4fd
top.hendrixshen.magiclib	magiclib-1_17_1	0.7.345	-	da9d75d9ef011f2959bbd34925f7aa61e66c43bf
top.hendrixshen.magiclib	magiclib-1_17_1	0.7.345+8caf286-beta	-	a71864cb424bfd60b57f85f3f5f92e1a568680ef
top.hendrixshen.magiclib	magiclib-1_17_1	0.7.346	-	08e32e82ddc8c29f5e0fc832793e48c929245360
top.hendrixshen.magiclib	magiclib-1_17_1	0.7.350+8950a23-beta	-	73e0495198efe9500bf7698e1a6ba5a98e93a1ee
top.hendrixshen.magiclib	magiclib-1_17_1	0.7.359+14c0f59-beta	-	7dfb8bf5c6b45bc21b7c02beb0f51df07f927a88
top.hendrixshen.magiclib	magiclib-1_17_1	0.7.362+2dac2a9-beta	-	0db34209d397115ddbc775f6f85f07dc11dfe3ed
top.hendrixshen.magiclib	magiclib-1_17_1	0.7.364	-	bc6538d4db4bf667123399b14ea96a76fa2ee888
top.hendrixshen.magiclib	magiclib-1_17_1	0.7.364+85d9866-beta	-	c5db6bffd6e908c67dbc6e96f5fc2100241d60c5
top.hendrixshen.magiclib	magiclib-1_17_1	0.7.365+12631d1-beta	-	e05e1002071a75aa0776e9796b76a2cefe1d814d
top.hendrixshen.magiclib	magiclib-1_17_1	0.7.375+d93d92b-beta	-	af1a5617712a6db3faa259aa411c1fc503e653a6
top.hendrixshen.magiclib	magiclib-1_17_1	0.7.376+bce84f9-beta	-	06c14189a5787e034cdb4508848f52c2477750aa
top.hendrixshen.magiclib	magiclib-1_17_1	0.7.381+e527589-beta	-	69a51a69e2dc63f5e6d290e165e3db82d72635b3
top.hendrixshen.magiclib	magiclib-1_17_1	0.7.382+17856bd-beta	-	a3837467136e2abf8bc936deaa070d17ee6a1ff8
top.hendrixshen.magiclib	magiclib-1_17_1	0.7.383+1edac95-beta	-	0b4e2cd724500341fc30cf321f66447d1133037b
top.hendrixshen.magiclib	magiclib-1_17_1	0.7.384+e9e3c4a-beta	-	4bd72122fdc45f08b040c147be15e4c2dc0325ba
top.hendrixshen.magiclib	magiclib-1_17_1	0.7.387	-	7604c5696a87aa95ea70bee212250a9d11ecea52
top.hendrixshen.magiclib	magiclib-1_17_1	0.7.387+c02a0de-beta	-	6566fbfc9b9b6c7f9466cd2641931f3f2e54e6c7
top.hendrixshen.magiclib	magiclib-1_17_1	0.7.394+96910c4-beta	-	5d15176ace3b83e66aeea52bf0af7cc892364119
top.hendrixshen.magiclib	magiclib-1_17_1	0.7.397+a203ce2-beta	-	d8475badb471a6fcd24085285ecd682af1b46e1c
top.hendrixshen.magiclib	magiclib-1_17_1	0.7.398	-	8b76628fc5102cea9c2cf3492745ed42fbb5a99f
top.hendrixshen.magiclib	magiclib-1_17_1	0.7.398+fe2125a-beta	-	fa240ee7577045cd44cd7030c563fa79e5d62e7b
top.redscorpion	redscorpion-json	0.0.1	-	0d3d23935b06a6baeb6dc48f0b1aacc29fdb8fd2
top.redscorpion	redscorpion-json	0.0.2	-	1302d57cd0521cc12eadad84ed69cd1f0753c1d4
top.redscorpion	redscorpion-json	0.0.3	-	92f8bf4e7a9c7396c0ab65982bf0030a24f6f13b
top.redscorpion	redscorpion-json	0.0.4	-	3c3fec0544da4c864ecfbb66d1456a133f8bc581
top.redscorpion	redscorpion-json	0.0.5	-	eca4239faccfbf6499b33e5787246369d7e9b37c
top.redscorpion	redscorpion-json	0.0.6	-	d80f24148da59f7541a4a4612410b84de3f928e4
top.redscorpion	redscorpion-json	0.0.7	-	167c2ae270c73c9fec74a232a895a32221b2b30e
top.redscorpion	redscorpion-json	0.0.8	-	cc2f308e9111a3cc1809e1b79b5282e2d7ecfc90
top.redscorpion	redscorpion-json	0.0.9	-	a97703235cf1ad99bd7e8ed2117420b6a56e9cef
top.redscorpion	redscorpion-json	0.1.0	-	714d64648813db0e81c1e952eab446185cb7d9e9
top.redscorpion	redscorpion-json	0.1.1	-	fa8490ab3665853e409875991dfcdfc179ad996f
top.redscorpion	redscorpion-json	0.1.2	-	c2e6aea265dca7e94a4d8d94ccb31757cb37c7dd
top.redscorpion	redscorpion-json	0.1.3	-	c306036a41d77db164c7f03f7519f0ea20a91855
top.redscorpion	redscorpion-json	0.1.4	-	4987e2ad2149dd821efc1ed35f35af13fdc20910
top.redscorpion	redscorpion-json	0.1.5	-	723898d10a3252597fa8c1f7f01ef194d14145d8
top.redscorpion	redscorpion-json	0.2.0	-	909b5cc21a486492c4d7e3c05e876b2cb4d06477
top.redscorpion	redscorpion-json	0.2.1	-	b3e8087c3c70fc49c099af699351a121419eb766
top.redscorpion	redscorpion-json	0.2.2	-	bd2d796dc9134f555f20c9d92a053501dbc71285
top.redscorpion	redscorpion-json	0.2.3	-	40fcd761b6945ca326ecfeadc3d27bec0947effd
top.redscorpion	redscorpion-json	0.2.4	-	df1e7efe3fa538d2a9745a442e05a4c016c7a31f
top.redscorpion	redscorpion-json	0.2.5	-	224afcb4a3666a371dc38e30fb3050c71918bc48
top.redscorpion	redscorpion-json	0.2.6	-	9a746a8db6af40e7e40c90c8a83d9074daeabb5e
top.redscorpion	redscorpion-json	0.2.7	-	4effb2258c754b02806f5a23a5a930bb792c665e
top.redscorpion	redscorpion-json	0.2.8	-	9fbc36b8435df7f7bf82462dae7578df23d6bccd
top.redscorpion	redscorpion-json	0.2.9	-	e5f5387e0e5a783257729c699d10f29f01965d7d
top.redscorpion	redscorpion-json	0.3.0	-	f0ca4116b636bee96bc2110e962500e0eebe2d1c
top.redscorpion	redscorpion-json	0.3.1	-	db61f4dd443c17d2a6a2b2e5a7b5d91a5932f954
top.redscorpion	redscorpion-json	0.3.2	-	fc7be05c1ab410629754e9d49fad1e615121daff
top.redscorpion	redscorpion-json	0.3.3	-	17f2e5b2fc2b7575c80310fcf1d632e500cec622
tz.co.asoft	cache-mock-watchosx86	1.5.0	1.5.0-metadata	73b8a629cfd498ba0445374ed72a6b1d90ee9a68
tz.co.asoft	cache-mock-watchosx86	1.5.1	1.5.1-metadata	3a6cf7771e00d4d1f00d11c59250ed1546a55f3e
tz.co.asoft	epsilon-file-fields-watchosx64	3.0.4	3.0.4-metadata	2faaf5585933459e8905aec522913dce17d69456
tz.co.asoft	epsilon-file-fields-watchosx64	3.0.5	3.0.5-metadata	92ee8ee54fe0d322fae3673ab67a00edb80f9201
tz.co.asoft	epsilon-file-fields-watchosx64	3.0.6	3.0.6-metadata	c1776f1337a5ae643e06c45c9178bc09ee4aab3a
tz.co.asoft	kuest-http-watchosx86	1.5.1	1.5.1-metadata	cfe202ad75bcebd30df208274ebe802529a96f60
tz.co.asoft	kuest-http-watchosx86	1.5.2	1.5.2-metadata	3c2db050e7e0e5096c03e6246554aecd05f17a1b
tz.co.asoft	symphony-paginator	2.0.17	-	32d4d0a1c06a97044b8accb0d76715a96d83c8fc
tz.co.asoft	symphony-paginator	2.0.18	-	32d4d0a1c06a97044b8accb0d76715a96d83c8fc
tz.co.asoft	symphony-paginator	3.0.1	-	e351ffc0bf127090fab5bb229f61d76652fa2957
tz.co.asoft	symphony-paginator	3.0.11	-	6c633345d60e5c62d409748a21caa9aa65e44059
tz.co.asoft	symphony-paginator	3.0.12	-	6c633345d60e5c62d409748a21caa9aa65e44059
tz.co.asoft	symphony-paginator	3.0.13	-	6c633345d60e5c62d409748a21caa9aa65e44059
tz.co.asoft	symphony-paginator	3.0.14	-	6c633345d60e5c62d409748a21caa9aa65e44059
tz.co.asoft	symphony-paginator	3.0.15	-	8a201d69912d161aa34bd74dcfffdb6485ae50c6
tz.co.asoft	symphony-paginator	3.0.2	-	e351ffc0bf127090fab5bb229f61d76652fa2957
tz.co.asoft	symphony-paginator	3.0.3	-	e351ffc0bf127090fab5bb229f61d76652fa2957
tz.co.asoft	symphony-paginator	3.0.4	-	e351ffc0bf127090fab5bb229f61d76652fa2957
tz.co.asoft	symphony-paginator	3.0.5	-	06a0337bdc8a69fc0d9e9362d16bc4f7b87fe759
tz.co.asoft	symphony-paginator	3.0.6	-	aefff8947c1ed22fb9874731eb9eab536f6688a5
tz.co.asoft	symphony-paginator	3.0.7	-	a795bd0f9683af49b3c220ff62f2b8b15f432c70
tz.co.asoft	symphony-paginator	3.0.8	-	6c633345d60e5c62d409748a21caa9aa65e44059
tz.co.asoft	symphony-paginator	3.0.9	-	6c633345d60e5c62d409748a21caa9aa65e44059
uk.gov.nationalarchives	sbt-assembly-log4j2_2.12_1.0	0.0.1	-	48a0ec61f6e906aea9fccbbd299cd3831a2c4426
uk.gov.nationalarchives	sbt-assembly-log4j2_2.12_1.0	0.0.1	sbt-assembly-log4j2-0.0.1	48a0ec61f6e906aea9fccbbd299cd3831a2c4426
uk.gov.nationalarchives	sbt-assembly-log4j2_2.12_1.0	0.0.2	-	d942c452cf0194a2034fd586c2a23ddaf14ecdc2
uk.gov.nationalarchives	sbt-assembly-log4j2_2.12_1.0	0.0.2	sbt-assembly-log4j2-0.0.2	d942c452cf0194a2034fd586c2a23ddaf14ecdc2
uk.gov.nationalarchives	sbt-assembly-log4j2_2.12_1.0	0.0.3	-	a9edf65071c540495a8900337e4fb5ee4c0598e1
uk.gov.nationalarchives	sbt-assembly-log4j2_2.12_1.0	0.0.3	sbt-assembly-log4j2-0.0.3	a9edf65071c540495a8900337e4fb5ee4c0598e1
uk.gov.nationalarchives	sbt-assembly-log4j2_2.12_1.0	0.0.4	-	6342fc4d4f5614b2e1fac6347912389d707884ab
uk.gov.nationalarchives	sbt-assembly-log4j2_2.12_1.0	0.0.4	sbt-assembly-log4j2-0.0.4	6342fc4d4f5614b2e1fac6347912389d707884ab
us.ihmc	euclid-geometry	0.16.2	-	755cec1fcc5820166038d9ab1f6f80736195b2ec
us.ihmc	euclid-geometry	0.17.0	-	66de7d527439877c913b220816329f4598b68777
us.ihmc	euclid-geometry	0.17.1	-	81393e1493d8b7fa630ab3e08c33fcc17f540e82
us.ihmc	euclid-geometry	0.17.2	-	d5d72d70bb665d146c61ce4a6d60307d5163bd51
us.ihmc	euclid-geometry	0.18.0	-	0dc1937d37ffa5193bf6e8fc5b9ba42bfd7065b2
us.ihmc	euclid-geometry	0.18.1	-	6624bcf9910ea5479582e685e43ac7994df36835
us.ihmc	euclid-geometry	0.19.0	-	f4eed2fea9cfef93d65be1be4dc89e384e1d5640
us.ihmc	euclid-geometry	0.19.1	-	86eb322ce99481c3fbf6db599ebccf574b84dcb1
us.ihmc	euclid-geometry	0.20.0	-	b2ae997585f5eb8523b02959be712ae7a5dbe97c
us.ihmc	euclid-geometry	0.20.0-alpha	-	c671556d055f2f010c734b73ba298cc0bc0513ed
us.ihmc	euclid-geometry	0.20.0-alpha0	-	3361b38f5f29cd03724679c2c5818f1dd4accd3b
us.ihmc	euclid-geometry	0.20.0-alpha1	-	b1a690768f6c9dd0048bde0a19589fe6a75504c8
us.ihmc	euclid-geometry	0.20.0-alpha2	-	7bb38f45e0902337cd59e8957ddadf1ca88bbc2a
us.ihmc	euclid-geometry	0.20.0-alpha3	-	00d5b87a6ca8897da06cc3442596f9fca1e2f271
us.ihmc	euclid-geometry	0.20.0-beta	-	baa13b34b72ed979df7c6d1fe4d095c85472c5f6
us.ihmc	euclid-geometry	0.21.0	-	6d57c5b3f4de80aef2ca4b2e8bf4c83eb200cf12
us.ihmc	euclid-geometry	0.22.0	-	3cd46e170687ad63c667e695b80e21dec6c3209c
us.ihmc	euclid-geometry	0.22.1	-	b923475ba22fcff2eac41c0f656bbf0254fc1707
us.ihmc	euclid-geometry	0.22.2	-	64de6b12729e3cca3dd04d94968245b58b5a616e
us.ihmc	euclid-geometry	0.22.3	-	11c7467d3942f9849e594cf2f0ff07d22aca3979
wiki.hadoop	log4j-2-kafka-java	1.0.0	-	aaf7f7a8a58f29d82d63c6fbb2d9fd086e0d7ebb
wiki.hadoop	log4j-2-kafka-java	1.0.1	-	39f3c87167a89531e5fc94da8a62a3fe4a11bb83
wiki.hadoop	log4j-2-kafka-java	1.0.2	-	eccec37029068c43dba2463ce9adcbf710c3d38b
wiki.hadoop	log4j-2-kafka-java	1.0.4	-	516b08bc760147b8d66c22b1011f49a1d93c7810
wiki.hadoop	log4j-2-kafka-java	1.0.5	-	d51fa00c5bc16937897d55ff327c431251947847
wiki.hadoop	log4j-2-kafka-java	1.0.6	-	1cebb5c3a84b882a5a37bc8454b72c0e89fdb80c
wtf.metio.yosql.codegen	yosql-codegen-files	2021.4.18	-	fdc65562d182ed9bdf4473a9e24e061e804d8390
wtf.metio.yosql.codegen	yosql-codegen-files	2021.4.21	-	10fe7579f6f719ec04835053456ab7a508ac3702
wtf.metio.yosql.codegen	yosql-codegen-files	2021.5.5	-	01b7a25cf6ee4aef381a9e6e5f5c8a8c3da3ee96
xyz.mcxross.graphql.client	graphql-multiplatform-client-iossimulatorarm64	0.1.0-beta02	0.1.0-beta02-metadata	469934d01fa0e7590f5af94484f512f5f3eeb78e
xyz.mcxross.graphql.client	graphql-multiplatform-client-iossimulatorarm64	0.1.0-beta03	0.1.0-beta03-metadata	65baa85f6df15296a379c9bbf18b6a420dd29fa5
xyz.mcxross.graphql.client	graphql-multiplatform-client-iossimulatorarm64	0.1.0-beta04	0.1.0-beta04-metadata	4ac5a889f363f102f75dcf062cbdee6186a30dc5
xyz.mcxross.graphql.client	graphql-multiplatform-client-iossimulatorarm64	0.1.0-beta05	0.1.0-beta05-metadata	9d5e08ee2c920e68fcc8912a7954c6b5d3dbffd6
xyz.mcxross.graphql.client	graphql-multiplatform-client-iossimulatorarm64	0.1.0-beta07	0.1.0-beta07-metadata	cf5438ad7e26882c5bc4065187a714cacece2018
xyz.mcxross.graphql.client	graphql-multiplatform-client-iossimulatorarm64	0.1.0-beta08	0.1.0-beta08-metadata	d38037a8b6801b8801453867955fcef5034792dd
