co.touchlab	stately-concurrency-androidnativearm64	1.2.2		N/A
co.touchlab	stately-concurrency-androidnativearm64	1.2.3		N/A
co.touchlab	stately-concurrency-androidnativearm64	1.2.5		N/A
co.touchlab	stately-concurrency-androidnativearm64	2.0.0		N/A
co.touchlab	stately-concurrency-androidnativearm64	2.0.0-rc1		N/A
co.touchlab	stately-concurrency-androidnativearm64	2.0.0-rc2		N/A
co.touchlab	stately-concurrency-androidnativearm64	2.0.0-rc3		N/A
co.touchlab	stately-concurrency-androidnativearm64	2.0.2		N/A
co.touchlab	stately-concurrency-androidnativearm64	2.0.3		N/A
co.touchlab	stately-concurrency-androidnativearm64	2.0.4		N/A
co.touchlab	stately-concurrency-androidnativearm64	2.0.5		N/A
co.touchlab	stately-concurrency-androidnativearm64	2.0.6		N/A
co.touchlab	stately-concurrency-androidnativearm64	2.0.7		N/A
co.touchlab	stately-concurrency-androidnativearm64	2.1.0		N/A
com.antgroup.antchain.openapi	openapi-ak_9468e09a21e84cc8b9a8d4a2de18c792	1.0.0		3b14ee9206fafe810ac4827f250faf8a8afbcfd1
com.antgroup.antchain.openapi	openapi-ak_9468e09a21e84cc8b9a8d4a2de18c792	1.0.1		9da820fc868d02b8d369d8342242e4145ddf7909
com.antgroup.antchain.openapi	openapi-ak_9468e09a21e84cc8b9a8d4a2de18c792	1.0.2		1a4e173ac54e5d4742639eda469c9861e2cbf7d3
com.bah.jmockit.com.googlecode.jmockit	jmockit-coverage	0.999.25		029dd9b1597ae10c0fdee7362b461fba226b53de
com.c332030	c-web-entity	0.0.1		18c6ecc86b521537bf65146f953a67cb33ed4dee
com.c332030	c-web-entity	1.0.0		d7a3727796bda1ec27c254dd43d7afb869802e7f
com.fitbur.testify.server	server	0.0.7		N/A
com.fitbur.testify.server	server	0.0.8		N/A
com.fitbur.testify.server	server	0.0.9		N/A
com.fitbur.testify.server	server	0.1.0		N/A
com.fitbur.testify.server	server	0.1.1		N/A
com.fitbur.testify.server	server	0.1.2		N/A
com.fitbur.testify.server	server	0.1.3		N/A
com.geirsson	scalafmt_2.11	0.1.0		052d06104dd001bfc45f6bc76eb7247a9eb72c83
com.geirsson	scalafmt_2.11	0.1.0-RC1		15e4fa72194b2635ca9b2e8012b5c8964d4e5d06
com.geirsson	scalafmt_2.11	0.1.0-RC2		f8c7822b796273efda830d1085dfd3a2306606a4
com.geirsson	scalafmt_2.11	0.1.0-RC3		21a13484d839e09f789ed15be3983c8285180dfe
com.geirsson	scalafmt_2.11	0.1.1		1a75765b0d28fe4a418644ad5bb452a533ce5a61
com.geirsson	scalafmt_2.11	0.1.2		65e81a01bf1f2319c2134fb34edf7d81f68060ca
com.geirsson	scalafmt_2.11	0.1.3		7968ef821869d0abcdbbfeb02157bc84d4bf9288
com.geirsson	scalafmt_2.11	0.1.4		fce116eca69bc501bbd313831107bd50786050e8
com.geirsson	scalafmt_2.11	0.1.5		1d54d0b7862c72977773fded707b5a0f6bc1f910
com.geirsson	scalafmt_2.11	0.1.6		513abbb13d25f7e36645fd6ed3d147e37dd5b281
com.geirsson	scalafmt_2.11	0.2.0		5f2e9db65be73ee3da4e0f3a553eb9fd30aa5206
com.geirsson	scalafmt_2.11	0.2.1		998606e7d45d074efd445b0716774bb8b971c928
com.geirsson	scalafmt_2.11	0.2.10		17eb3f1c5f8c0e780803c37548d6bf796e399459
com.geirsson	scalafmt_2.11	0.2.11		d13dbedf99264c848842b64846f93f58dcfd9bc5
com.geirsson	scalafmt_2.11	0.2.12		accf32ced7f5bcd3cff374e7b1705f9ef22983b3
com.geirsson	scalafmt_2.11	0.2.2		6d94c664661dc15ae42460e19717892e14ef0910
com.geirsson	scalafmt_2.11	0.2.3		0b909260e1cacca28042ebf1901a0345124461d6
com.geirsson	scalafmt_2.11	0.2.4		9ce39970c173b64403c7dd9ac1038e04a352b723
com.geirsson	scalafmt_2.11	0.2.5		e9ee2f1cdf468d08387cda22b194d9383b0642f2
com.geirsson	scalafmt_2.11	0.2.6		5e64a52fdc773b5a891151fb449b637a6f6b6fed
com.geirsson	scalafmt_2.11	0.2.6-RC1		e636b4b3d47ba84b8f5278a783f9a04c5360aab8
com.geirsson	scalafmt_2.11	0.2.7		8bb36731d5817c324cf60167864cb00d40f66295
com.geirsson	scalafmt_2.11	0.2.8		dbe3be5eec904b53871ab13dfe504e9ac653a7c5
com.geirsson	scalafmt_2.11	0.2.9		f09c6daccd9396df7eeff85e9a449292cf67ee80
com.geirsson	scalafmt_2.11	0.3.0		e1c995162dbe56526440fb7adbb9649b2d24fd31
com.geirsson	scalafmt_2.11	0.3.0-RC1		7ab00b554a8c79bbab1a523099b991d8283c788d
com.geirsson	scalafmt_2.11	0.3.1		3714594eff0912cb4710512aebd3e8577b3170cc
com.geirsson	scalafmt_2.11	0.4.0		d581d53d3ce4591ff150e1e033d234a413b64c30
com.geirsson	scalafmt_2.11	0.4.0-RC3		6f0ff674a5191e9108630a12d52d978f53240040
com.geirsson	scalafmt_2.11	0.4.1		3ce339ec470f2f628612b83165f920834ced5bd4
com.geirsson	scalafmt_2.11	0.4.10		25b1511240a9061c481e45d7c07190631f5b0e8e
com.geirsson	scalafmt_2.11	0.4.2		0387d3298ef248093744000b50563b596536b319
com.geirsson	scalafmt_2.11	0.4.3		7a6e04190aeaad964ee62c25660a345e8a859ffc
com.geirsson	scalafmt_2.11	0.4.3-RC1		b5b9171cb07b8b2faa270a5bfa226e647d693ee2
com.geirsson	scalafmt_2.11	0.4.4		00114f3d5994eb83342426c27689934161dd1e1c
com.geirsson	scalafmt_2.11	0.4.5		b75b8cc936e169473fe0627a947555d55ca6817c
com.geirsson	scalafmt_2.11	0.4.6		408111e2bfda1c3a5d6df14cd012397dd3b9392b
com.geirsson	scalafmt_2.11	0.4.7		fb34ad1ad8d86ff2a09cacb791a9e195862ed080
com.geirsson	scalafmt_2.11	0.4.8		4b72d23d28e60cb4350aa621fd9b9ec31f9db924
com.geirsson	scalafmt_2.11	0.4.9		b194786f8856663a08785a186118d96563a0076b
com.geirsson	scalafmt_2.11	0.5.0		c043b67aa136d47786b5f74657bf78ac2529b1d4
com.geirsson	scalafmt_2.11	0.5.0-RC1		efeac5ee528f6bf4a0b26c352a47f88186b0998c
com.geirsson	scalafmt_2.11	0.5.0-RC2		151cd7adbe2443d1df7afd89c140b0901feb340c
com.geirsson	scalafmt_2.11	0.5.0-RC3		ca3aeee58b2f75ebfc8e9c85c0ea6ef1266a0c5d
com.geirsson	scalafmt_2.11	0.5.0-RC4		6b01751021cbded638b9f7a4f1159b3bb26d38fd
com.geirsson	scalafmt_2.11	0.5.1		a1ab92342f8e0bd9d051f7729458ba312a9c1356
com.geirsson	scalafmt_2.11	0.5.2-RC1		34317b678432b87a722ec199305d5e0a8145ad21
com.github.ajurasz	embedded-es-annotation	0.0		de078805faf55b2f3898e512ccde383922a42f96
com.github.ajurasz	embedded-es-annotation	0.1		0b2022792dfb6d85d2ad7a7e212d159140515d4f
com.github.bjuvensjo	rsimulator-test	3.1.1		5f69655a807618f5834703769bfd7d634c4a4911
com.github.j5ik2o	reactive-aws-s3-project_2.11	1.1.0		4450109f5111ef68b69254eadaafe89dcdadd920
com.github.j5ik2o	reactive-aws-s3-project_2.11	1.1.1		2072f545cbfe6d731cf1918ded7e2cdc3b82a5f9
com.github.j5ik2o	reactive-aws-s3-project_2.11	1.1.3		09817fc9013c6ebbbec76f111fb105a4d3a626e2
com.github.j5ik2o	reactive-aws-s3-project_2.11	1.1.4		bd9dea2128b3d93cea78bf715db7e475a1ff8083
com.github.j5ik2o	reactive-aws-s3-project_2.11	1.1.5		dadbd51a4f8fa022ff20151cfa42fdd8ee8eb4aa
com.github.j5ik2o	reactive-aws-s3-project_2.11	1.1.6		47509983c86c202184758a8e0a56df3d6606ff69
com.github.j5ik2o	reactive-aws-s3-project_2.11	1.1.7		05787e200d0fcc4ce38ea1d801db2e545b273079
com.github.j5ik2o	reactive-aws-s3-project_2.11	1.1.8		99baf9d4eb894b062ea88b1d21ae39984337d8f2
com.github.j5ik2o	reactive-aws-s3-project_2.11	1.2.0		2b1b5f3c628e457038ec19d9c1867b95a6292491
com.github.j5ik2o	reactive-aws-s3-project_2.11	1.2.1		f64b50673833866994ab59c18388d0965a12b189
com.github.j5ik2o	reactive-aws-s3-project_2.11	1.2.3		9d611afce874963fe096cba4a2194a5be4c75af2
com.github.j5ik2o	reactive-aws-s3-project_2.11	1.2.6		63019ea06c760241a5252e1f818261ab6c81e06d
com.github.japgolly.microlibs	recursion_2.11	1.0		7faf6f3af0b92cf0691477f2c6f81ca4ad5d3bee
com.github.japgolly.microlibs	recursion_2.11	1.1		81a11828c6dd43b9eb6ea091757ffcdf37fd7d54
com.github.japgolly.microlibs	recursion_2.11	1.10		8335d32bae3d9d5dc1c9daa66b61a7b25219f575
com.github.japgolly.microlibs	recursion_2.11	1.11		8d071185e945aa06e1382d0150dca401a38dc6f5
com.github.japgolly.microlibs	recursion_2.11	1.12		412f88b8131df830c159461d2552b314d6db2a0b
com.github.japgolly.microlibs	recursion_2.11	1.13		86f0c2586e9b4fe634f46de7762be03b3dc302c8
com.github.japgolly.microlibs	recursion_2.11	1.14		cf0b7f68a9fcb37821958966ac3c12a8379c17e8
com.github.japgolly.microlibs	recursion_2.11	1.15		c06a635c5f9031dff2ac6e61e39b20feab6331cd
com.github.japgolly.microlibs	recursion_2.11	1.16		05f3a7458b4657233016e46de760de775755bd22
com.github.japgolly.microlibs	recursion_2.11	1.17		7fa9fb5e193cf8d53e4ea632df289be69886c338
com.github.japgolly.microlibs	recursion_2.11	1.18		0e27e82face7b79de790725dd5fd383159c86e29
com.github.japgolly.microlibs	recursion_2.11	1.19		18cabcaf05483082eeb526943f9df78fdbcf47ef
com.github.japgolly.microlibs	recursion_2.11	1.2		fc9dd0cf87a4ebb1c575c7f6032d5b18c5ce80d2
com.github.japgolly.microlibs	recursion_2.11	1.20		58c9d930a53f67377c4df407c939aae308dc8767
com.github.japgolly.microlibs	recursion_2.11	1.3		b8a12a77aadf1843e87aebaff9005a3acf35e8c6
com.github.japgolly.microlibs	recursion_2.11	1.4		cf6876f9e1eef6bfd25fc71eb10074e3138102c1
com.github.japgolly.microlibs	recursion_2.11	1.5		e0adcb7141106e114cfe082b0c7cb28cc6b4a381
com.github.japgolly.microlibs	recursion_2.11	1.6		dcf57ca1f900ec94a27f1a0e7ccdb2878205eff7
com.github.japgolly.microlibs	recursion_2.11	1.7		b81d4ec5b2bd3dfb4661158ef3afcd31fafbad55
com.github.japgolly.microlibs	recursion_2.11	1.8		ab55396c84fde37cf48a328fb38fced3d4c8c91c
com.github.japgolly.microlibs	recursion_2.11	1.9		d30c9abd81b168c9fcd25f2bd387647a7560a649
com.github.kristofa	wickettagcloud	1.0		49f7be180f8eb10b6e70f795cce6b605c1087240
com.github.rnett.krosstalk	krosstalk-linuxarm32hfp	1.3.0		N/A
com.github.rnett.krosstalk	krosstalk-linuxarm32hfp	1.4.0		N/A
com.github.xuwei-k	applybuilder_2.12	0.2.2		3a4e42acc4de7bacdf0f6dc884a7a1ab4813d63a
com.github.xuwei-k	applybuilder_2.12	0.2.3		5ae5b8cb248846ba01ee62e691f574b16b58b090
com.github.xuwei-k	applybuilder_2.12	0.2.4		fe3561188b35bbec6f1cd4492a20ed499a577079
com.github.xuwei-k	applybuilder_2.12	0.2.5		afe2c08e0be0fdcd799e9418bbc68e5beb7189f0
com.github.xuwei-k	applybuilder_2.12	0.3.0		66feadc9910ec2d9faf162ce8665e50ec366742c
com.github.xuwei-k	applybuilder_2.12	0.3.1		a83d360a840d21a50bf2cccca04b986e6f320ba8
com.github.xuwei-k	applybuilder_2.12	0.3.2		28d1fe0f45abb71cd8b5a83b5e28f768b1c2c6e8
com.gw2tb.gw2api	api-client-ktor-linuxx64	0.5.0		N/A
com.gw2tb.gw2api	api-client-ktor-linuxx64	0.6.0		N/A
com.gw2tb.gw2api	api-client-ktor-linuxx64	0.7.0		N/A
com.gw2tb.gw2api	api-client-ktor-linuxx64	0.8.0		N/A
com.gw2tb.gw2api	api-client-ktor-linuxx64	0.9.0		N/A
com.kubukoz	sup-fs2-kafka_2.12	0.8.2		ec3181a75b6553fb9415ede3bb86efe5f5ff8929
com.kubukoz	sup-fs2-kafka_2.12	0.9.0-M4		ec9a153dd7bb3550d4d54c29395aa27303a3160d
com.kubukoz	sup-fs2-kafka_2.12	0.9.0-M5		9a0ada3b3dae69627b7fc08313b6d45eacfd4463
com.kubukoz	sup-fs2-kafka_2.12	0.9.0-M6		1645a5ad0a24fdaa73716c6d65091ebe27e85cef
com.kubukoz	sup-fs2-kafka_2.12	0.9.0-M7		b1c9d9bddd703bd51f47fbecda3fdf1a6f0601fa
com.liferay	com.sun.xml.ws	2.1.7.LIFERAY-PATCHED-1		6b084fdf9b54182edb5755aeb3b5eaffcbad2ee3
com.lihaoyi	mill-libs-testrunner-entrypoint	0.13.0-M2		f94b4e7d54d178e8fde4f864d5a1db5e748308d0
com.lihaoyi	mill-libs-testrunner-entrypoint	0.13.0-M2-19-7fbdc2		790fc1fbda93d9fcbf0af15e2c4ea2a5da171369
com.lihaoyi	mill-libs-testrunner-entrypoint	0.13.0-M2-27-fce393		eaba4fc54fd3ea7f5b36845265c08c6800320647
com.lihaoyi	mill-libs-testrunner-entrypoint	0.13.0-M2-28-ba2985		b03a69000eca6a66b6e8cd2a222af38b6408847f
com.lihaoyi	mill-libs-testrunner-entrypoint	0.13.0-M2-29-d4e08d		0e8483d4ccd695379da830821d3164659c9870e1
com.lihaoyi	mill-libs-testrunner-entrypoint	0.13.0-M2-33-c98221		590a9cc9e13a0d1a2549f3a458473ae74a3db5de
com.lihaoyi	mill-libs-testrunner-entrypoint	0.13.0-M2-39-4c3eb7		56eaf5dbb22a3725d7b97243413cf27852d41a93
com.lihaoyi	mill-libs-testrunner-entrypoint	0.13.0-M2-41-b39ce4		b57dfed1b62fc1e35324fb82440528aef9e1cbf9
com.lihaoyi	mill-libs-testrunner-entrypoint	0.13.0-M2-42-a720c3		bad8985c8d11af51bd7b0e171a28f0fd51c3d367
com.lihaoyi	mill-libs-testrunner-entrypoint	0.13.0-M2-51-773072		8c5e7f1ad0f08bc537cc0c30c08146e3000095e5
com.lihaoyi	mill-libs-testrunner-entrypoint	0.13.0-M2-56-51ca83		3668d268f1bd5c59c8b682bdc0f4b38ba50e9db3
com.lihaoyi	mill-libs-testrunner-entrypoint	0.13.0-M2-57-7578c2		90f67c1753eb8ac57b3d592f4beb84b9be80147b
com.lihaoyi	mill-libs-testrunner-entrypoint	0.13.0-M2-59-17fa7b		14fce671c703eaf9c9cc76bb7ace38df9681acd1
com.lihaoyi	mill-libs-testrunner-entrypoint	0.13.0-M2-74-132761		5e135155c525128b7daad41a943986b75befa444
com.linkedin.parseq	parseq	1.0.0		333a45fa33fe75aa0f21dd56ae0d1e5d03ae29ec
com.linkedin.parseq	parseq	1.1.0		b5da415d28022c7fef03a495668a8e9dfd8ca126
com.linkedin.parseq	parseq	1.2.0		005b7cc06f199d4baa6ae665435e4c556ccf0d4b
com.linkedin.parseq	parseq	1.3.0		097201e08e9672876f20a05fa6581b6d9f8be664
com.linkedin.parseq	parseq	1.3.1		d0f539993c6bfa7e09bd626bc7096e4056ec9d24
com.linkedin.parseq	parseq	1.3.2		78ddfa3d4118de2c72d61284747e8f1672361a1d
com.linkedin.parseq	parseq	1.3.3		f48ceac928fa7bea0038efb8d23b2cbe0b6eed76
com.linkedin.parseq	parseq	1.3.4		7909ec957fe5cd7192a18d3c9c857d263c1922db
com.linkedin.parseq	parseq	1.3.5		bee88b2264817b352e811dbb789201243e8c790d
com.linkedin.parseq	parseq	1.3.6		9db2cbe29010e4bf67f06daa8d5c559da4ca2c01
com.linkedin.parseq	parseq	1.3.7		6b43c43c4a9eaee72f143cb50ebd0e063cfd8b41
com.linkedin.parseq	parseq	1.4.0		4ca190d1dfaede367373f3211ce2e7caea5f1285
com.linkedin.parseq	parseq	1.4.2		f071ccfc513b67766a57fc04b99e991c8625ca3b
com.linkedin.parseq	parseq	2.0.0		69388841ac08b109b571322c8f2ec8d1113ce41b
com.linkedin.parseq	parseq	2.0.1		c144168bb8e36f285f60089c41e4685d7c60fdcf
com.linkedin.parseq	parseq	2.0.2		faf67965ce542680e0d7c57ddf7e26422482ce8b
com.linkedin.parseq	parseq	2.0.4		58ad00623327df46892afd5ac324f7c175adcd6c
com.linkedin.parseq	parseq	2.0.5		0d74abc5f120c2a9492b91b3c950757b49f0d1fb
com.linkedin.parseq	parseq	2.0.6		1592c808f98dfdb7b4f32c5d0414782bb9949d07
com.linkedin.parseq	parseq	2.0.7		3b584e8a8cfd6947f1369112d2f1cda880eed180
com.linkedin.parseq	parseq	2.0.8		aa1c606d4d586e1713198ab9cbdd89a94dc6b7c9
com.linkedin.parseq	parseq	2.1.0		69982ee56ee9511859814bb2e1bbc5333193b518
com.linkedin.parseq	parseq	2.1.1		b1a026a72e0c8e2f263e1b3227a3fbbe051bba8a
com.linkedin.parseq	parseq	2.1.2		8b372b7d1afafc983c99fd287048b212d6c5ccd7
com.linkedin.parseq	parseq	2.2.0		0157a3e5d53622de617bc936ee01195e12f699e5
com.linkedin.parseq	parseq	2.3.0		af6d10a77b44156ee419c2ce0a7c82499a41b37f
com.linkedin.parseq	parseq	2.3.1		4f9c9e743c5d10aaba0923501b51ba86cbeb3a84
com.linkedin.parseq	parseq	2.3.2		4bc7c9045123c86187837e49cee11e816fbc7eed
com.linkedin.parseq	parseq	2.3.3		917daf1eecd276df246cd54e679bcf5938eb62d6
com.linkedin.parseq	parseq	2.3.4		b87fb529cb6ef0a5f3d1adc3f043016afeb4434d
com.linkedin.parseq	parseq	2.3.5		d12b6263ebbb273c9999cc847470bbb7e226b0d4
com.linkedin.parseq	parseq	2.4.0		8a28e68fdaa8ae83fc85326c1c2ca2570cab1aa5
com.linkedin.parseq	parseq	2.4.1		0cf34f1b914a4ef6cabfa66619b7c88c9ffa906d
com.linkedin.parseq	parseq	2.4.2		169e2e86d18ad37971d801f437e0142771a66787
com.linkedin.parseq	parseq	2.5.0		f032598f252e54bd0bf7458c471a8d91c209b8dc
com.linkedin.parseq	parseq	2.6.0		90ecc14fe765994a914acf944c8e9642e13617a5
com.linkedin.parseq	parseq	2.6.1		f57fe79bc7e3a3eabb44fc3e809ad53f750a3bf8
com.linkedin.parseq	parseq	2.6.10		fbf9f5593c0f08061689c8df167e9c776196e568
com.linkedin.parseq	parseq	2.6.11		2099c515a1763631c9d869550dfe215683bc7fbc
com.linkedin.parseq	parseq	2.6.12		3f0db548baa8e5f0722e680f74b4d3f168553e1b
com.linkedin.parseq	parseq	2.6.13		cabe43dc6cbe0a42ebd3c5dd9f740df1a0582776
com.linkedin.parseq	parseq	2.6.14		6ae357d5da6a3e7dfd48fb772333d54e4f135f73
com.linkedin.parseq	parseq	2.6.15		ab309baf31cf905dbaa43056e89dc282a9a500f3
com.linkedin.parseq	parseq	2.6.16		46c39b1a1f6f94c606220d038664e34f823fb6c8
com.linkedin.parseq	parseq	2.6.17		7af57b632895cb28d390bbad1159b4da3acfc1d5
com.linkedin.parseq	parseq	2.6.18		99eeabdbf29c3e19dfea214514176ee99350b784
com.linkedin.parseq	parseq	2.6.19		0f0e33849bbe8eaad087d16d3ca5a51296cdcb9f
com.linkedin.parseq	parseq	2.6.2		10b9403a91fe086472b33c39322b9beb14ffd4e8
com.linkedin.parseq	parseq	2.6.20		313cae807f64d000d8e3476f390970d35d75c416
com.linkedin.parseq	parseq	2.6.21		3281dc10b860f8fc837b705c3875b043b5864c0b
com.linkedin.parseq	parseq	2.6.22		f502600b825ed41c87ca02c319e334ea305c6db3
com.linkedin.parseq	parseq	2.6.23		9a5e736389e4294ff169fee61e3c054899079904
com.linkedin.parseq	parseq	2.6.24		0164a148d37328cd4b72b0e9cad13c559676dc81
com.linkedin.parseq	parseq	2.6.25		6dca9a618782726847a4c73e64fd1aea0a6a3a07
com.linkedin.parseq	parseq	2.6.26		6d79337394cd7b4ae3fee62849ba84495c8436b7
com.linkedin.parseq	parseq	2.6.27		b195068acee9702ce6d48257f14849bf9aa3c740
com.linkedin.parseq	parseq	2.6.28		7a1553cb457e19c94c05be5e7493fb605d6bcde4
com.linkedin.parseq	parseq	2.6.29		5ea8cc396bd0c4dc1818115a132b6fb378f08fc2
com.linkedin.parseq	parseq	2.6.3		9daa4393f7af31bd548741c1c5a09ae34cc99505
com.linkedin.parseq	parseq	2.6.30		cf3d263f2cad8c56de535efd2908ea0c5ace36aa
com.linkedin.parseq	parseq	2.6.31		2f04b00295bb7e0f956e746dad8435a652ee5a9c
com.linkedin.parseq	parseq	2.6.32		18b258d10c2a348cdfe0957cd269e06a90ddc1e3
com.linkedin.parseq	parseq	2.6.33		028efb3112d92929db6f9daece6b695bc268ff11
com.linkedin.parseq	parseq	2.6.34		a3c9d5084dcda9b46afb43255a6508887872517c
com.linkedin.parseq	parseq	2.6.35		9d930671acb4ed3af5d25a436622fdc6a5aa494b
com.linkedin.parseq	parseq	2.6.36		67762e9cd8bf518c42a96f4112de5d0fdaa641b1
com.linkedin.parseq	parseq	2.6.4		ea1fbe37e408dae5cbf24c0a71f57ff13b52fa94
com.linkedin.parseq	parseq	2.6.5		f39cda818866d430e364530d9e59c2bc8b5a5103
com.linkedin.parseq	parseq	2.6.7		86cd06530604fd1074fd66e2bb59c4945c156884
com.linkedin.parseq	parseq	2.6.8		a9ec1250188ece529132bb29d2c801d16d484014
com.linkedin.parseq	parseq	2.6.9		7a1fdef330357c62549c2cd2ab8d7d25d29adce5
com.linkedin.parseq	parseq	3.0.0		199142b8a242181b3f549d1a9978f19e7be34b64
com.linkedin.parseq	parseq	3.0.1		0efd939cc47e841308adfb431bc1625e4621bafb
com.linkedin.parseq	parseq	3.0.10		e2f1c4a0d103599dab86452a1055ad9c77140a94
com.linkedin.parseq	parseq	3.0.11		cc121255a42e356b760d8fe471d4ceb9e0f46837
com.linkedin.parseq	parseq	3.0.12		49ed1002b88a949888c65ffdb817e9a85aefe534
com.linkedin.parseq	parseq	3.0.13		13ec226e56f38bf813b661df37e7e023454e7bc8
com.linkedin.parseq	parseq	3.0.2		894479d512df16b2a9012c8d85b7a4c3339a6f6c
com.linkedin.parseq	parseq	3.0.3		fe0e133a183e4a4a1c947eaf3ed6c827208118d8
com.linkedin.parseq	parseq	3.0.4		6facbba9b0f3a629c858a06bc204ccf2ce16bd7a
com.linkedin.parseq	parseq	3.0.5		0fd5a65043e095f82d50aeb7e3eb79a59abf66b4
com.linkedin.parseq	parseq	3.0.6		d79da048fecfd12a8bad018c7e21aa1b64a739aa
com.linkedin.parseq	parseq	3.0.7		9d0ffd31b6eb3efaac45bf5ca5d15ba4a6823b0f
com.linkedin.parseq	parseq	3.0.8		9bebd98dfede81cc24b2d68f1be78b75c78952b4
com.linkedin.parseq	parseq	3.0.9		54e2854ccc6202cd75050c9d555d486755c42ac9
com.linkedin.parseq	parseq	4.0.0		5f7c42fa77f3a626c07692a9f6b0d2a56bc176f6
com.linkedin.parseq	parseq	4.0.1		c484ef2c99a73339a5e694f50d40ec8b83a85741
com.netopyr.reduxfx	reduxfx-parent	0.4.1		N/A
com.sdl.tridion.xo	xo-query-client-runner	11.0.0-1024		9ffa349496ad455845380e35ec534630f77fca4d
com.sdl.tridion.xo	xo-query-client-runner	11.0.0-1050		f5041e5ca6b095838f419ab3b1cb6664452df7e8
com.sdl.tridion.xo	xo-query-client-runner	11.0.0-1056		fb31a0a09d3c6fb262ccec45b12b3a32ce4549f4
com.sdl.tridion.xo	xo-query-client-runner	11.0.0-1058		952147d92b17c83b299a1d7cbb9787f9a9ed152c
com.sdl.tridion.xo	xo-query-client-runner	11.0.0-1064		bd2942e990995802dca7b13d9e9a81360936c4fa
com.sdl.tridion.xo	xo-query-client-runner	11.0.0-1067		c22e176f7d50e6501416f894af26813f444658d0
com.sdl.tridion.xo	xo-query-client-runner	11.0.0-1072		9b3f24df9af5e7b8df520c3dd68f06545a4ac001
com.sdl.tridion.xo	xo-query-client-runner	11.0.0-1097		b0b54b6c6b56547076b9b909efee399cf222689d
com.sdl.tridion.xo	xo-query-client-runner	11.0.1-1015		9d8cf235d98013f98e5970efdf3e1b53dd16ea8c
com.sdl.tridion.xo	xo-query-client-runner	11.1.0-1064		f7a45410b1c1ba33c6609860de62232d977f73eb
com.sdl.tridion.xo	xo-query-client-runner	11.1.0-1104		73a3e7fe2bfc71a0289b4530fc75516c718365d6
com.sdl.tridion.xo	xo-query-client-runner	11.1.0-1120		62445a9bac03240d482f31d906d4939f81f4b540
com.sdl.tridion.xo	xo-query-client-runner	11.5.0-1052		303c8aaf36ac8f855dda1b1472435ecfd26aa054
com.sdl.tridion.xo	xo-query-client-runner	11.5.0-1173		dfa3dfe0878e93a422272cdcbc9cdaacb5561c60
com.sdl.tridion.xo	xo-query-client-runner	11.6.0-1110		f2e7844ff0d40459764c144c1446d83bdc6c5dad
com.sdl.tridion.xo	xo-query-client-runner	12.0.0-1216		2526c462be0922fbb4612bca0f7fe625b1e709f8
com.sobot.chat	sobotsdk_g	3.3.4		N/A
com.sobot.chat	sobotsdk_g	4.2.0		N/A
com.sshtools	jsixel	0.0.2		N/A
com.stvconsultants	easygloss-master	1.3		N/A
com.thinkaurelius.titan	titan-all	0.2.1		b61c073cc093166a79e120824d2f87b4f305b294
com.thinkaurelius.titan	titan-all	0.3.0		ee27e394125e0ade2eba5ce9f505fe87a065a583
com.thinkaurelius.titan	titan-all	0.3.1		3b02cc19cad336cd8bba20a51e8af5fd603df34f
com.thinkaurelius.titan	titan-all	0.3.2		1cb89e3c75bfcade9e89d6273a963450155a04cc
com.thinkaurelius.titan	titan-all	0.4.0		25bd0c5735a2f710fa4563c68508cd5286649306
com.thinkaurelius.titan	titan-all	0.4.1		7737d37f397bfe95385eb6fe45a9ec5d5854e405
com.thinkaurelius.titan	titan-all	0.4.2		e85ab61a07e2d1e692cc1210bbf87a2be9e3e1a1
com.thinkaurelius.titan	titan-all	0.4.3		2d57863589dd946e6bb83e06dd20b0aac3f5f993
com.thinkaurelius.titan	titan-all	0.4.4		b7dd5c06e20bbd77b5e84713e8b5e4955565756b
com.thinkaurelius.titan	titan-all	0.5.0		97c167ee084da210d9d5d10fc70676316cf3d458
com.thinkaurelius.titan	titan-all	0.5.0-M1		b643a5a3d44a790d1d7270f2d639e0f8112a14d2
com.thinkaurelius.titan	titan-all	0.5.0-M2		1cabf2d6a0a4b8c82eed3bf281a8a19b66104ecf
com.thinkaurelius.titan	titan-all	0.5.0-M3		24f60e821dae0928235dc92c2d2266fa9d60a938
com.thinkaurelius.titan	titan-all	0.5.1		54b9db24042b471a8755c5568b69a2c78622281d
com.thinkaurelius.titan	titan-all	0.5.2		b50947569587644291efdf1ce24bcbf14032463e
com.thinkaurelius.titan	titan-all	0.5.3		2c81d5b5800317598396f047c8fc3c8404781097
com.thinkaurelius.titan	titan-all	0.5.4		00233a4a80aa05e6ee1e5dff83d7dc730994b405
com.thinkaurelius.titan	titan-all	0.9.0-M1		b0392984cd7e6bca45b8debf8ec61b461615ddff
com.thinkaurelius.titan	titan-all	0.9.0-M2		d782ed9f801237696b652aa340b61562de6936a2
com.thinkaurelius.titan	titan-all	1.0.0		73bed4f7c141a1f9bc03d4376c9bb59045fa6e59
com.yocto	yoclib-jsonrpc	1.0.0		e03ec4204d19ac9bb2d6136291ac444b28b611d6
com.yocto	yoclib-jsonrpc	1.0.1		f477bde3cf429b1e9611bbbdaed457f11b3089be
de.adorsys.multibanking	multibanking-service-example	3.0.13		17396e183f7a733e947afbbce7464c9f5260152b
de.adorsys.multibanking	multibanking-service-example	3.0.14		89df1c3d9081914e625e6139d3ade0b7bfbaf990
de.adorsys.multibanking	multibanking-service-example	3.0.15		dd756bfdc5c29887e18413bfa7a37b7f7acd6d8a
de.adorsys.multibanking	multibanking-service-example	3.0.16		a6955f0713be9a64267181949c4bab9d9def36cb
de.adorsys.multibanking	multibanking-service-example	3.0.17		4624084d534939aa1e4d54fc652c95f36951615d
de.adorsys.multibanking	multibanking-service-example	3.0.18		90de825a0727dbed158ff1374be5a86ed6ed9710
de.adorsys.multibanking	multibanking-service-example	3.0.19		1ee1420d6603df971dc515856a1efe0807c0d60c
de.adorsys.multibanking	multibanking-service-example	3.0.20		468755d98f08bb9f93b644d437af3af776ad6af5
de.adorsys.multibanking	multibanking-service-example	3.0.21		021376fef35de69ec810a32866b26b0d7050cffb
de.adorsys.multibanking	multibanking-service-example	3.0.22		54635e8723e15287edbda28bbe9600c425692449
de.adorsys.multibanking	multibanking-service-example	3.0.23		b21c309f17f49aeca98df83b6d3048de4635dfc9
de.adorsys.multibanking	multibanking-service-example	3.0.24		eaaa6ab5f5df59b2f7f61c89d490f39523434bad
de.adorsys.multibanking	multibanking-service-example	3.0.26		80c2a32a9bec8cd8ab957d3e40c9fc32ab1a9195
de.adorsys.multibanking	multibanking-service-example	3.0.27		a6cf5aadb87f5836c807c842101d55d96d35a5fd
de.adorsys.multibanking	multibanking-service-example	3.0.28		59d8a136f8ffc4e7723c9e8cb841e4be307926a3
de.adorsys.multibanking	multibanking-service-example	3.0.28.1		526a0a982e346efafacd37937cac1a3c3af73bc5
de.adorsys.multibanking	multibanking-service-example	3.0.29		e47ebd0ded80772ddf48bb77d18c30388b24404f
de.adorsys.multibanking	multibanking-service-example	3.0.30		7dfa3076cb02aad14164911700a8a569b14c5068
de.adorsys.multibanking	multibanking-service-example	3.0.31		363ad0b475d3e1b170d5f9e9bb75bd4d768ff738
de.adorsys.multibanking	multibanking-service-example	3.1.0		d46bd62e25799515a398a0c5eaed80895268fb09
de.adorsys.multibanking	multibanking-service-example	3.1.1		5c7e346185e20e05c6cf7a5c03d1a757135e8a2d
de.adorsys.multibanking	multibanking-service-example	3.1.2		4ab67ab480515f6483fbf3e397cfb3d7b4457176
de.adorsys.multibanking	multibanking-service-example	3.2.0		ec0761e405ba33e4a9a0478d51aef6f3a96bda7f
de.adorsys.multibanking	multibanking-service-example	3.2.1		0904d5875ad78a474cc72bab31d77ccfaab1712c
de.adorsys.multibanking	multibanking-service-example	3.3.1		d517266af09c238953437abb3a2325869d440fc9
de.adorsys.multibanking	multibanking-service-example	3.3.2		3dc8f931fa28725726bfb7fd498c870764ea8678
de.adorsys.multibanking	multibanking-service-example	3.3.3		1b7f8da9a9dd93a4159a61acd4bc0e12f5f77f49
de.adorsys.multibanking	multibanking-service-example	3.4.1		6da05a0146c29da9fe32bf33738f24907c88fa86
de.adorsys.multibanking	multibanking-service-example	3.4.10		3ed919cb2fdea64c7a3329859c6f92dc9778a7b4
de.adorsys.multibanking	multibanking-service-example	3.4.11		2640a2f157a2d42980163d07975dbb789dde342d
de.adorsys.multibanking	multibanking-service-example	3.4.12		54ea34c277501322955fa9453e239496d28c5801
de.adorsys.multibanking	multibanking-service-example	3.4.14		bcb715b0e74ac1595e9f2cca1b356ebe3f792189
de.adorsys.multibanking	multibanking-service-example	3.4.15		4ec429bd9cf620b50401e5e00faa2907908864d5
de.adorsys.multibanking	multibanking-service-example	3.4.16		47021807de7c86881d8968593208eab8ff4ca20f
de.adorsys.multibanking	multibanking-service-example	3.4.17		39d564da0e232bdac8781129729ff7a71025d408
de.adorsys.multibanking	multibanking-service-example	3.4.3		a9111e998df554a8e20f6a8b302c117e8093b609
de.adorsys.multibanking	multibanking-service-example	3.4.7		2a3ce80d1de263ec3307c50e082973d7f1cb3366
de.adorsys.multibanking	multibanking-service-example	3.4.8		1ea78704771bed2a6fe492f67ade1b2a770acc68
de.adorsys.multibanking	multibanking-service-example	3.4.9		d79dc93ad5711320bf2fae26b89edfcebe991800
de.adorsys.multibanking	multibanking-service-example	4.0.0		eb8162711d39f3587d8eabe1c204dfe0a8cdc44c
de.adorsys.multibanking	multibanking-service-example	4.0.1		e4e9da301779e991e38698eceedc2c4cb385b7fc
de.adorsys.multibanking	multibanking-service-example	4.0.2		21cf83c5d80f3bf05eb116fb6fbe6db9dd195455
de.adorsys.multibanking	multibanking-service-example	4.0.3		a420faf72b63e5b3286a0b4acb3711f9fc16ddff
de.adorsys.multibanking	multibanking-service-example	4.0.4		d662e93b4f0e2d85a0646016ca186d58a3c5f410
de.adorsys.multibanking	multibanking-service-example	4.0.5		767711129b550e93ac399f717deab7ed38098fec
de.adorsys.multibanking	multibanking-service-example	4.0.6		7dff2ecff2781e68466ae1a5f1b18341b7521859
de.adorsys.multibanking	multibanking-service-example	4.1.1		83070d49ececfd7d394a19d26d5b0f15a9027874
de.adorsys.multibanking	multibanking-service-example	4.1.2		2822b09a6b689c8e6f3337dfb6e94f9063d18e38
de.adorsys.multibanking	multibanking-service-example	4.1.3		95fa6b9f79f4dd86725d4d6bd582371b965ec071
de.adorsys.multibanking	multibanking-service-example	4.2.0		119dcfbd4c001d88bd350c2ca40fec274441aff4
de.spinscale.elasticsearch.plugin	ingest-langdetect	5.1.1.1		383d8a6b3392d369ef520c2551000fccc911f4e4
de.spinscale.elasticsearch.plugin	ingest-langdetect	5.1.2.1		d096e93fde8c0fbdd3e643f6df6cf8651c799bf8
de.spinscale.elasticsearch.plugin	ingest-langdetect	5.2.0.1		bca2e42103addd1063fee2048a2b02e5c0d1d5ac
dev.kaccelero	health-sentry-ktor-jvm	0.2.0		f453d65abffd3bc7d6e893b168378968da4f34b3
dev.kaccelero	health-sentry-ktor-jvm	0.2.1		f453d65abffd3bc7d6e893b168378968da4f34b3
dev.kaccelero	health-sentry-ktor-jvm	0.3.0		434513d95810c3989ad60491ad09abe16d403127
dev.kaccelero	health-sentry-ktor-jvm	0.4.0		434513d95810c3989ad60491ad09abe16d403127
dev.kaccelero	health-sentry-ktor-jvm	0.4.1		434513d95810c3989ad60491ad09abe16d403127
dev.kaccelero	health-sentry-ktor-jvm	0.4.10		740d5a7a754ccb7ec9fcfc1e32ec0443c6d6ba3c
dev.kaccelero	health-sentry-ktor-jvm	0.4.11		740d5a7a754ccb7ec9fcfc1e32ec0443c6d6ba3c
dev.kaccelero	health-sentry-ktor-jvm	0.4.2		434513d95810c3989ad60491ad09abe16d403127
dev.kaccelero	health-sentry-ktor-jvm	0.4.3		434513d95810c3989ad60491ad09abe16d403127
dev.kaccelero	health-sentry-ktor-jvm	0.4.4		434513d95810c3989ad60491ad09abe16d403127
dev.kaccelero	health-sentry-ktor-jvm	0.4.5		434513d95810c3989ad60491ad09abe16d403127
dev.kaccelero	health-sentry-ktor-jvm	0.4.6		740d5a7a754ccb7ec9fcfc1e32ec0443c6d6ba3c
dev.kaccelero	health-sentry-ktor-jvm	0.4.7		740d5a7a754ccb7ec9fcfc1e32ec0443c6d6ba3c
dev.kaccelero	health-sentry-ktor-jvm	0.4.8		740d5a7a754ccb7ec9fcfc1e32ec0443c6d6ba3c
dev.kaccelero	health-sentry-ktor-jvm	0.4.9		740d5a7a754ccb7ec9fcfc1e32ec0443c6d6ba3c
hu.blackbelt.karaf.features	sling-kar	1.0.0		N/A
hu.blackbelt.karaf.features	sling-kar	1.0.1		N/A
hu.blackbelt.karaf.features	sling-kar	1.0.2		N/A
io.chrisdavenport	coromorant-fs2_2.11	0.0.6		9ff4177795681aaec6744e09266255f9dab8e274
io.github.aritzhack	aritzh-slick2d	1.5.9		beee5fca63c228aa5e3435d52509d4b811f54287
io.github.aritzhack	aritzh-slick2d	1.6.0		5f865eb29742aa666f92a27db7bb63a21de1e61f
io.github.aritzhack	aritzh-slick2d	1.6.1		0f44da846bf3d6d984ef224db2eb4b389805ccc1
io.github.aritzhack	aritzh-slick2d	1.6.2		5d9fddadd507e026429d23202ebb0fa3f19c454a
io.github.aritzhack	aritzh-slick2d	1.6.3		9f1e950ed43fc3dad2f040960737ce36970d7032
io.github.aritzhack	aritzh-slick2d	1.6.5		e64bfe9fd4b58f58b1691c55ddcb33a3dd50e803
io.github.eaopen	eap-module-infra-biz	2.2.0		e6a705e3b2aead24f002f06d9735dbfcc80a32a1
io.github.eaopen	eap-module-infra-biz	2.5.0		85d2eb92665c61cf4840ebc55856d5d20017b7b5
io.github.eaopen	eap-module-infra-biz	2.5.1		881db7a034d0dc0c4872d6466c26ed634fa30612
io.github.eaopen	eap-module-infra-biz	2.6.1		1cb9a47594d7e47a50ced7204e5550dbf23efc36
io.github.eaopen	eap-module-infra-biz	2.6.2		22995dd4a30c9e3da1218dd35e1b50fb42194c0d
io.github.eaopen	eap-module-infra-biz	2.7.3		2acf318fe59432db448658849327f0527e81e18c
io.github.efe-egbevwie	dataTable-wasm-js	0.0.1		N/A
io.github.efe-egbevwie	dataTable-wasm-js	0.0.2		N/A
io.github.efe-egbevwie	dataTable-wasm-js	0.0.3		N/A
io.github.efe-egbevwie	dataTable-wasm-js	0.0.4		N/A
io.github.efe-egbevwie	dataTable-wasm-js	0.0.5		N/A
io.github.efe-egbevwie	dataTable-wasm-js	0.0.6		N/A
io.github.efe-egbevwie	dataTable-wasm-js	0.1.0		N/A
io.github.kodepix	ktor-server-extras	1.0		8c4c457aa5be75ea94c1a28e0899ef0af583c85a
io.github.kotools	types-macos	4.0.0		N/A
io.github.kotools	types-macos	4.0.1		N/A
io.github.kotools	types-macos	4.1.0		N/A
io.github.llmagentbuilder	spring	0.0.10		N/A
io.github.llmagentbuilder	spring	0.1.0		N/A
io.github.llmagentbuilder	spring	0.1.1		N/A
io.github.llmagentbuilder	spring	0.1.2		N/A
io.github.llmagentbuilder	spring	0.1.3		N/A
io.github.pavan2you	tagd-droid	0.0.0-alpha1		N/A
io.github.samgarasx	kotlin-react-intl	5.8.1-pre.10-kotlin-1.5.0		521aa52282c2273f7782e802d2811be529a07397
io.github.samgarasx	kotlin-react-intl	5.8.1-pre.11-kotlin-1.5.0		49c39c0a858debe1d0be6f999491ab63aaa6574b
io.github.samgarasx	kotlin-react-intl	5.8.1-pre.12-kotlin-1.5.21		d6fecd16915d29f506a162c8a2841450485ebf6e
io.github.samgarasx	kotlin-react-intl	5.8.1-pre.5-kotlin-1.4.30		bb98a958cd3b06a350a61c174107ae720890b170
io.github.samgarasx	kotlin-react-intl	5.8.1-pre.6-kotlin-1.4.31		0a94756f583d5aa110de915023014d779467d014
io.github.samgarasx	kotlin-react-intl	5.8.1-pre.7-kotlin-1.4.32		683f4ee318dca3873dc3fff1e3a623d16cf3a338
io.github.samgarasx	kotlin-react-intl	5.8.1-pre.8-kotlin-1.4.32		6ddf344f68ef867e9ed986f2d395e7316050e4e2
io.github.samgarasx	kotlin-react-intl	5.8.1-pre.9-kotlin-1.4.32		e9b9c523a00192bfb6b2e3dc11866704349bc569
io.github.zhangzih4n	androidx-datastore-macosarm64	0.1.0		N/A
io.github.zhangzih4n	androidx-datastore-macosarm64	0.1.0	metadata	ccef9705f4a2ba0ff823b7b077d8248d96e2ad77
io.github.zhangzih4n	androidx-datastore-macosarm64	0.1.1		N/A
io.github.zhangzih4n	androidx-datastore-macosarm64	0.1.1	metadata	43130310789c18dd621713bbe9a89910d8606144
io.github.zhangzih4n	androidx-datastore-macosarm64	0.10.0		N/A
io.github.zhangzih4n	androidx-datastore-macosarm64	0.10.0	metadata	bafb5717ba4bb1677d128464ed37e10f5d5170ec
io.github.zhangzih4n	androidx-datastore-macosarm64	0.3.0		N/A
io.github.zhangzih4n	androidx-datastore-macosarm64	0.3.0	metadata	4b35db05e25fbc971161d5c28478d59f1a02188b
io.github.zhangzih4n	androidx-datastore-macosarm64	0.4.0		N/A
io.github.zhangzih4n	androidx-datastore-macosarm64	0.4.0	metadata	c0a97a2d0ef5fedf3eb97ee6a10e79a6ae8de18c
io.github.zhangzih4n	androidx-datastore-macosarm64	0.5.0		N/A
io.github.zhangzih4n	androidx-datastore-macosarm64	0.5.0	metadata	69a3832235baa23c2c9ab5d5c60b4023ec6a6ff9
io.github.zhangzih4n	androidx-datastore-macosarm64	0.6.0		N/A
io.github.zhangzih4n	androidx-datastore-macosarm64	0.6.0	metadata	749fe5286b9bc832a104d9892ddc6342186a5654
io.github.zhangzih4n	androidx-datastore-macosarm64	0.7.0		N/A
io.github.zhangzih4n	androidx-datastore-macosarm64	0.7.0	metadata	c70c9e69773c12b2de9eaf33cfbbd7a0e01d3699
io.github.zhangzih4n	androidx-datastore-macosarm64	0.7.1		N/A
io.github.zhangzih4n	androidx-datastore-macosarm64	0.7.1	metadata	c3c995b28f0bea7d01f2bc5ed64bfefa2a20e3b6
io.github.zhangzih4n	androidx-datastore-macosarm64	0.7.2		N/A
io.github.zhangzih4n	androidx-datastore-macosarm64	0.7.2	metadata	ecd2c54d71895cf03286646a4aecdd9e4084bb30
io.github.zhangzih4n	androidx-datastore-macosarm64	0.7.3		N/A
io.github.zhangzih4n	androidx-datastore-macosarm64	0.7.3	metadata	43c2ef48924749a5a98c61215be47cbf4a921624
io.github.zhangzih4n	androidx-datastore-macosarm64	0.8.0		N/A
io.github.zhangzih4n	androidx-datastore-macosarm64	0.8.0	metadata	6f6aba631686e6eaafe10e185852e67961d481fb
io.github.zhangzih4n	androidx-datastore-macosarm64	0.9.0		N/A
io.github.zhangzih4n	androidx-datastore-macosarm64	0.9.0	metadata	f4e508be38222ef5cd9c1349f7b3393cd18756a6
io.github.zj565061763.kmp	compose-button-iosarm64	1.0.0		N/A
io.github.zj565061763.kmp	compose-button-iosarm64	1.0.0	metadata	6ae584bab937661f3880e6a7c1bd5d85bbd80e47
io.github.zj565061763.kmp	compose-button-iosarm64	1.0.1		N/A
io.github.zj565061763.kmp	compose-button-iosarm64	1.0.1	metadata	6ae584bab937661f3880e6a7c1bd5d85bbd80e47
io.helidon.webserver.transport.netty	helidon-webserver-transport-netty-iouring	2.4.0		c930ece2449341eaa52c817d5557c50826fd71cd
io.helidon.webserver.transport.netty	helidon-webserver-transport-netty-iouring	2.4.1		61379f5c233b386a71615212afd41136964f6770
io.helidon.webserver.transport.netty	helidon-webserver-transport-netty-iouring	2.4.2		a47f63a4500e5dce6d88585a823b359f8bcca925
io.helidon.webserver.transport.netty	helidon-webserver-transport-netty-iouring	2.5.0		b5e014f08366636d446144c79a9e739c439b0936
io.helidon.webserver.transport.netty	helidon-webserver-transport-netty-iouring	2.5.1		c0e5c144ce5fb5f9f9f85d5bb3be310f2a508ea8
io.helidon.webserver.transport.netty	helidon-webserver-transport-netty-iouring	2.5.2		f8be8feae59ef6d5f0b245a6c0573d0bf9adfa84
io.helidon.webserver.transport.netty	helidon-webserver-transport-netty-iouring	2.5.3		c1653668f23d61a56238435a8a5ae33be3eada08
io.helidon.webserver.transport.netty	helidon-webserver-transport-netty-iouring	2.5.4		f1fc37fd3719c0894fbfa5df64e85728d6f46ddf
io.helidon.webserver.transport.netty	helidon-webserver-transport-netty-iouring	2.5.5		bacca8a6f8becece5aed97a10a5e658d9cf124ee
io.helidon.webserver.transport.netty	helidon-webserver-transport-netty-iouring	2.5.6		82f5f5755931713286a8ae98ebc428650ae90aa5
io.helidon.webserver.transport.netty	helidon-webserver-transport-netty-iouring	2.6.0		3bbde511e106fd3719f63dc75ca44c081f0f62f7
io.helidon.webserver.transport.netty	helidon-webserver-transport-netty-iouring	2.6.1		133d893dbdcec64df17378bb5b98ab17ab36fef5
io.helidon.webserver.transport.netty	helidon-webserver-transport-netty-iouring	2.6.10		930da9b06518293d27a61d5a3c6b886a17750c37
io.helidon.webserver.transport.netty	helidon-webserver-transport-netty-iouring	2.6.11		fefc8f8075a64f67c31ea136573a1121934b7b00
io.helidon.webserver.transport.netty	helidon-webserver-transport-netty-iouring	2.6.2		ff634e2d58dcd504b63b8eef45336850be9b2a6e
io.helidon.webserver.transport.netty	helidon-webserver-transport-netty-iouring	2.6.3		d1225335f855a534d9a5f9e9e7e0764832450900
io.helidon.webserver.transport.netty	helidon-webserver-transport-netty-iouring	2.6.4		68c24f50e08e8ced262e214a844fdc74c82e6923
io.helidon.webserver.transport.netty	helidon-webserver-transport-netty-iouring	2.6.5		50d19b3e0b90128d6b0c1c48ae2c8f0357e76990
io.helidon.webserver.transport.netty	helidon-webserver-transport-netty-iouring	2.6.6		a662013387f66bdea525fa6e04e504e86cc8d8dd
io.helidon.webserver.transport.netty	helidon-webserver-transport-netty-iouring	2.6.7		61c6928dafbb9fc8c7cea8944c1eef7255fb3ab8
io.helidon.webserver.transport.netty	helidon-webserver-transport-netty-iouring	2.6.8		643f81ba2cd0f0477a400e25a63f5545627b1e89
io.helidon.webserver.transport.netty	helidon-webserver-transport-netty-iouring	2.6.9		12ca02194c03d3b390d516130b710cc4d242284e
io.helidon.webserver.transport.netty	helidon-webserver-transport-netty-iouring	3.0.0		2d3e3ea66501b75fec07f616fead4fbb5e7e02ec
io.helidon.webserver.transport.netty	helidon-webserver-transport-netty-iouring	3.0.0-M1		3ea81e2942f5f1bdbe366225ad832c9567057059
io.helidon.webserver.transport.netty	helidon-webserver-transport-netty-iouring	3.0.0-M2		8f4868289a8f2f4f192a6152c61e0961e90e7979
io.helidon.webserver.transport.netty	helidon-webserver-transport-netty-iouring	3.0.0-RC1		242a7f82b1122860de007e5d7093cbc6aa474c45
io.helidon.webserver.transport.netty	helidon-webserver-transport-netty-iouring	3.0.0-RC2		a73b92f12bb1cfa89d28a2f994154b3b8d27bc71
io.helidon.webserver.transport.netty	helidon-webserver-transport-netty-iouring	3.0.1		224089dd69599a2a0b2a30b3cd5d345bda9eaedf
io.helidon.webserver.transport.netty	helidon-webserver-transport-netty-iouring	3.0.2		a7998f04c50399cb3dbe31ea6e032c75fc37f27b
io.helidon.webserver.transport.netty	helidon-webserver-transport-netty-iouring	3.1.0		359a6a1b65dcf01618d74cfa16b6631c68582cf9
io.helidon.webserver.transport.netty	helidon-webserver-transport-netty-iouring	3.1.1		7870187e41259b4f2d6ed83cc82a703ea2115c83
io.helidon.webserver.transport.netty	helidon-webserver-transport-netty-iouring	3.1.2		7df67505bf86c874410b47433df3f1c44685fcce
io.helidon.webserver.transport.netty	helidon-webserver-transport-netty-iouring	3.2.0		2d86b1aa8f37a24fb999d313d354259d78e90ab6
io.helidon.webserver.transport.netty	helidon-webserver-transport-netty-iouring	3.2.1		05a7411ff7818d0d6542f3b272fbe3c394e04ce5
io.helidon.webserver.transport.netty	helidon-webserver-transport-netty-iouring	3.2.10		cad838d95d1dd44e20bc2768a3e5f98946947eba
io.helidon.webserver.transport.netty	helidon-webserver-transport-netty-iouring	3.2.11		eab172bf563ca4e8d8d9ec60696b524c1b8f5db2
io.helidon.webserver.transport.netty	helidon-webserver-transport-netty-iouring	3.2.12		a795408d2e20b6a983f03840a26fcd4569a29716
io.helidon.webserver.transport.netty	helidon-webserver-transport-netty-iouring	3.2.2		0ab414ee61b681ca349a70b6588850a1b6c8ba6d
io.helidon.webserver.transport.netty	helidon-webserver-transport-netty-iouring	3.2.3		9042442af4f91b264aefe9ae3f28a3d85b34fff4
io.helidon.webserver.transport.netty	helidon-webserver-transport-netty-iouring	3.2.4		70ae35557b1cad9d7c3954b4a5febb699a748b83
io.helidon.webserver.transport.netty	helidon-webserver-transport-netty-iouring	3.2.5		f44cb28d16a925416b025b773e5009fedadb300a
io.helidon.webserver.transport.netty	helidon-webserver-transport-netty-iouring	3.2.6		6c03138db9da325899db708bd1179755a261eae2
io.helidon.webserver.transport.netty	helidon-webserver-transport-netty-iouring	3.2.7		f46676988c57f4ba1da11e0452a831ccc0d0f60b
io.helidon.webserver.transport.netty	helidon-webserver-transport-netty-iouring	3.2.8		73325467481b202364095f7743702b984961969a
io.helidon.webserver.transport.netty	helidon-webserver-transport-netty-iouring	3.2.9		31c4d57110a582a3cf796b30c36e15485ad6f345
io.quarkiverse.microprofile	quarkus-microprofile-tck-fault-tolerance	2.2.2.CR1		64bb62151708b762ee11065e284d3b6a49e07ef8
io.quarkiverse.microprofile	quarkus-microprofile-tck-fault-tolerance	2.2.2.CR2		5782f4a7a8c66100db98628f41c4e7c551fbe6dd
io.quarkiverse.microprofile	quarkus-microprofile-tck-fault-tolerance	2.2.3.CR1		12707f576d2b295d8e5a1faea7bb193f123506bc
io.quarkiverse.microprofile	quarkus-microprofile-tck-fault-tolerance	2.2.3.Final		2ed7f218ae714ae228bee978c14fcc600fbe5aa6
io.quarkiverse.microprofile	quarkus-microprofile-tck-fault-tolerance	2.4.1.Final		911591c3ff4233001cc298d0efe9f603069db0a1
io.quarkiverse.microprofile	quarkus-microprofile-tck-fault-tolerance	2.7.2.Final		928a75f4f260d397eab6383d8a241c7ffb002fa1
io.quarkiverse.microprofile	quarkus-microprofile-tck-fault-tolerance	3.0.0.Alpha3		b8e20a6a8c5088b4f30555c2f9652cb78119d5af
io.quarkiverse.microprofile	quarkus-microprofile-tck-fault-tolerance	3.0.0.Final		0364812d497a0ba1171bd9dbacaad76c9f93f386
io.quarkiverse.microprofile	quarkus-microprofile-tck-fault-tolerance	3.1.0		ba8b878ade7276f81ea59a96de884825ee3e62a7
io.quarkiverse.microprofile	quarkus-microprofile-tck-fault-tolerance	3.2.0		47b3f997633b27ab97b40e3b32a6d1b5c4dbcab9
io.quarkiverse.microprofile	quarkus-microprofile-tck-fault-tolerance	3.3.0		f6e9b9512ce61c6cbd62920dda9348c627a19c6f
io.quarkiverse.microprofile	quarkus-microprofile-tck-fault-tolerance	3.4.0		4ce8efac4659d63cfb929663d6c9cd66e0b80a1b
io.sourceforge.github.components.cloud	alibaba-nacos	1.0.0		2325a7896647c719d557a99cfb191ffe92ab1ae7
io.sourceforge.github.components.cloud	alibaba-nacos	1.1.1		eaaa1ad951064aa7ad0df5b3e356abfb30a580b0
io.sourceforge.github.components.cloud	alibaba-nacos	1.2.1		9158e24e2b4c06e2670993de4a32a7ff2067ead2
io.sourceforge.github.components.cloud	alibaba-nacos	1.2.2		2484f978d1d7ffa2b2913367dcd402eca30421b8
io.syndesis	salesforce-pingcheck-example	0.3.10		b37aadd4dec0a331780cabf2967b90678bc10bc8
io.syndesis	salesforce-pingcheck-example	0.4.2		3128675492b4218057d69afb4fdb01fba69da19a
io.syndesis	salesforce-pingcheck-example	0.4.4		42b502fbcd191eccd2e30831d1229f273db74af5
io.syndesis	salesforce-pingcheck-example	0.4.5		d831617424817304294f6a024744f499a9bebbd5
io.syndesis	salesforce-pingcheck-example	0.5.0		ca50ef2dd5edb58999ea073c46ad0ed1f7cbfdb5
io.syndesis	salesforce-pingcheck-example	0.5.1		5f4c5e72b0f49c926aeb886dd67c77a47ac14034
io.syndesis	salesforce-pingcheck-example	0.5.2		71e700cef9e2fb06cc31c16e7e32ebc68f95f9a0
io.syndesis	salesforce-pingcheck-example	0.5.3		77c8cd15c666ac70eb6d83ca9cb34e0259ccf27e
io.syndesis	salesforce-pingcheck-example	0.5.4		265cbe7501b4232ab0f77731c078dcf3551f2b8d
io.syndesis	salesforce-pingcheck-example	0.5.5		4eee33ee76300a23e8ac3825f288005163239897
io.syndesis	salesforce-pingcheck-example	0.5.6		04b540fa4229804a5be012ce333e4123e12bd361
io.syndesis	salesforce-pingcheck-example	0.5.7		92352a7faa83c1d138ae32c7d02d91f348170cd5
io.syndesis	salesforce-pingcheck-example	0.5.8		d99d084c6e7d13c28c3f96be2e289ccf45fbbf20
it.tidalwave.northernwind.rca	it-tidalwave-northernwind-rca-model	1.0-ALPHA-1		13d5a37fce5c441db2ae308651fd7026afbb6af0
it.tidalwave.northernwind.rca	it-tidalwave-northernwind-rca-model	1.0-ALPHA-2		d526c73bfad6e1f6a147b15ee58907f57f7bdf92
it.tidalwave.northernwind.rca	it-tidalwave-northernwind-rca-model	1.1-ALPHA-1		63be07e36201d9da6210d9dab9955f571017b6bb
it.tidalwave.northernwind.rca	it-tidalwave-northernwind-rca-model	1.1-ALPHA-10		8c97efe56499cc75a027afd33f7b5e5ba79bbb26
it.tidalwave.northernwind.rca	it-tidalwave-northernwind-rca-model	1.1-ALPHA-11		43fa5a6940266b994fd5d600584ad824996eb6e1
it.tidalwave.northernwind.rca	it-tidalwave-northernwind-rca-model	1.1-ALPHA-12		62948df4588d6457e2d15e426575ad5d10b221c5
it.tidalwave.northernwind.rca	it-tidalwave-northernwind-rca-model	1.1-ALPHA-13		00548013b2ae9633ee6ae7db95745d076a2a1903
it.tidalwave.northernwind.rca	it-tidalwave-northernwind-rca-model	1.1-ALPHA-14		c8767f204c68e7c284d01c7924fad70e4e897eaf
it.tidalwave.northernwind.rca	it-tidalwave-northernwind-rca-model	1.1-ALPHA-15		df66c662f7a973fca11c1d31f7664ee48478ef30
it.tidalwave.northernwind.rca	it-tidalwave-northernwind-rca-model	1.1-ALPHA-16		88b9f7d97698e77be61760beb01b2241bf09acf5
it.tidalwave.northernwind.rca	it-tidalwave-northernwind-rca-model	1.1-ALPHA-17		2608e34206a81eeb47d03035566567d049af1db1
it.tidalwave.northernwind.rca	it-tidalwave-northernwind-rca-model	1.1-ALPHA-2		9326a71cc30fe96e2b318a66947f237319bcdd87
it.tidalwave.northernwind.rca	it-tidalwave-northernwind-rca-model	1.1-ALPHA-3		7b5e88e662011166faa9f665eb253df1cde802db
it.tidalwave.northernwind.rca	it-tidalwave-northernwind-rca-model	1.1-ALPHA-5		9f1f4f63a172debe1c84381c96908028ace04f68
it.tidalwave.northernwind.rca	it-tidalwave-northernwind-rca-model	1.1-ALPHA-6		3c669f0d6ac7252f2f74183848ef9383e4b7007e
it.tidalwave.northernwind.rca	it-tidalwave-northernwind-rca-model	1.1-ALPHA-7		546fe17a2f702f3591b80fc89c3a0f5c80914f31
it.tidalwave.northernwind.rca	it-tidalwave-northernwind-rca-model	1.1-ALPHA-8		7c5f41bb6fc3dab5221b5215d224a97d9c316cae
it.tidalwave.northernwind.rca	it-tidalwave-northernwind-rca-model	1.1-ALPHA-9		0b5927eabc1b098d7cebf2c51faf15ac7c407830
it.tidalwave.northernwind.rca	it-tidalwave-northernwind-rca-model	1.2-ALPHA-1		3df29cc9e7d522d87094859ab4e9bbc206a8eb1b
it.tidalwave.northernwind.rca	it-tidalwave-northernwind-rca-model	1.2-ALPHA-2		656bb85101674568fe85fd124cebc78e41ffd648
it.tidalwave.northernwind.rca	it-tidalwave-northernwind-rca-model	1.2-ALPHA-3		404440af228b6e9e85bf7d258fd66c101e5b678f
land.sungbin.ktor.client.logger	ktor-client-logger-jackson	0.1.0		b5934d84e22d6f1b34532c12ef2372877ebdbb0c
me.jvt.http	media-type	0.1.0		bd6df32287c34fad6c8211cf77991a18176ce1ba
me.jvt.http	media-type	0.2.0		4cbe27928c42d66954c3040ff7a6baa9b4d049c6
me.jvt.http	media-type	1.0.0		acdd714769a2aeedec45663a509aa7d48c55df06
me.jvt.http	media-type	1.1.0		239d0665f51756b0f611430237123f4e62c674ab
me.jvt.http	media-type	1.1.1		239d0665f51756b0f611430237123f4e62c674ab
me.jvt.http	media-type	1.1.2		239d0665f51756b0f611430237123f4e62c674ab
me.jvt.http	media-type	1.1.3		ffa81221226a57958ae7195afc71650a90e2053a
me.naganithin.bdaa	hw8common	1.0		17d3328737f87e2b18fc691a3239f4401b360153
me.tfeng.play-mods	oauth2	0.10.0		9c0769a0bae14ff638d2044d724f4dcfe8409210
me.tfeng.play-mods	oauth2	0.11.0		8bad0a0ad245d672a5cd0c18a84937e7ee55ea53
me.tfeng.play-mods	oauth2	0.5.0		af0e12410ec4952867c199eac4c743d19a94d34b
me.tfeng.play-mods	oauth2	0.5.1		a9ec4844d82fd438f91fe3bbf9a075eee48ce850
me.tfeng.play-mods	oauth2	0.5.10		3f13456d35ad0b4df7741f4e6b82f456239f0d1d
me.tfeng.play-mods	oauth2	0.5.11		4c1bf64bd6cc3f4068c6351a3e1886f28eb04ca1
me.tfeng.play-mods	oauth2	0.5.12		1bb92d186fa3aa9a1539ffbd453dd938cd0826ea
me.tfeng.play-mods	oauth2	0.5.13		b97b311edb1c0c66e0abc99d7de93bd43dadcce1
me.tfeng.play-mods	oauth2	0.5.14		88a2924e3f0138b6d5c920bb4bc04a0a28330a44
me.tfeng.play-mods	oauth2	0.5.15		d29a511cfb633bfb257d4c9518f5851d6abd39a1
me.tfeng.play-mods	oauth2	0.5.2		f2df91992ce52895d3a71321dea1323087ad3fe0
me.tfeng.play-mods	oauth2	0.5.3		65cb9f86f8dfd2bdcdee743f81159b7ae460c4df
me.tfeng.play-mods	oauth2	0.5.4		8e67c8cafb87d45269ff58923897ed22c7980500
me.tfeng.play-mods	oauth2	0.5.5		45ec2aaedc42b90e6cae9b829c4b57d19bfac10c
me.tfeng.play-mods	oauth2	0.5.6		a85fe34d4a1e3044517007c7116809f1f6b6244d
me.tfeng.play-mods	oauth2	0.5.7		4a053ff5cdbf40d032f4886ad1b4fa9ca6d2c63b
me.tfeng.play-mods	oauth2	0.5.8		14e6135cdcd3072b5211888204c2d771fdcc326e
me.tfeng.play-mods	oauth2	0.5.9		f9484916f66f20da3e95af8c0deed40c5e5b999e
me.tfeng.play-mods	oauth2	0.6.0		b2754e31c55c7da1a29a96f8baa3cd69eab043d1
me.tfeng.play-mods	oauth2	0.7.0		1d693cde29a9579528c309fd880cea4a8032c435
me.tfeng.play-mods	oauth2	0.7.1		6bc0709feb725dec6dac726944868def10739637
me.tfeng.play-mods	oauth2	0.8.0		e96a9db510bc472f4d9c50262041292af9fa3c3b
me.tfeng.play-mods	oauth2	0.8.1		32d11782355c2a4131f0105817d839abf0961452
me.tfeng.play-mods	oauth2	0.8.2		434400c04854aab6a8b111b34585fa33d4908101
me.tfeng.play-mods	oauth2	0.8.3		98af0d9d54012e32f463975f55692ae57a9fce59
me.tfeng.play-mods	oauth2	0.8.4		3097a910382df345a73a6c7e043cf8d03e7571d4
me.tfeng.play-mods	oauth2	0.8.5		fc79fd6b4b8e6248f49308248bb02a3e7a56c084
me.tfeng.play-mods	oauth2	0.8.6		ada792e7b3c496acbdda3d42e104618a0277d96d
me.tfeng.play-mods	oauth2	0.8.7		e338335fe53ab5deb01ca9e85a464fa77a8e39d8
me.tfeng.play-mods	oauth2	0.8.8		0923d9ee0567c985f2ceb35f88c9a19639297006
me.tfeng.play-mods	oauth2	0.8.9		1a955fc32a1fc903b38a98abeaecd6ca72812f8b
me.tfeng.play-mods	oauth2	0.9.0		ce9a404cc20c06ce3c710e3323e05a9ab1779bd9
me.tfeng.play-mods	oauth2	0.9.1		bab49d8e6eaed6eec883c35a6bf8bbc21b1b616b
me.tfeng.play-mods	oauth2	0.9.2		9744fe4f5df782f50c547f57c9a003f1428311d0
me.tfeng.play-mods	oauth2	0.9.3		aeb7b6b5352ec65806d918753eef85217bb64201
me.tfeng.play-mods	oauth2	0.9.4		87a9f60c961b4b4a6ea6e057d873145e78305fc4
me.tfeng.play-mods	oauth2	0.9.5		76d9afeb22c8c4a7f277942693905c0a30818984
me.tfeng.play-mods	oauth2	0.9.6		d07889e80a98dd11bc36951115e60e3051ee63f4
me.tfeng.play-mods	oauth2	0.9.7		672455f1b89b6dbf206c03c5f59bb9a54a5bbfe6
me.tfeng.play-mods	oauth2	0.9.8		b7bd6f2e8500374363d68a78c80be23253286427
net.aequologica.neo	geppaequo-config	0.4.2		ef16eccf9dab28c075ad994ed7ff6f9a0ca373b8
net.aequologica.neo	geppaequo-config	0.4.3		fd989ac8a45f8c03c12fb6bbc4bf18c3784e3dcd
net.aequologica.neo	geppaequo-config	0.4.4		fc2292b235c809df4feb402963a0af506a6116b9
net.aequologica.neo	geppaequo-config	0.5.0		840025fb3c845c06ebd3350ab7fb7aa58ac4cb8a
net.aequologica.neo	geppaequo-config	0.5.1		2d87184f31866cae7f99f89a9b3d98c815f87736
net.aequologica.neo	geppaequo-config	0.5.2		cade0d0d2e023ae6c6e5b20d4a822648433657cf
net.aequologica.neo	geppaequo-config	0.5.3		063e0b70420fb91088560952c23b3b84cac70e38
net.aequologica.neo	geppaequo-config	0.6.0		6a9260f696b971415a6bc09c342a1ee47056b602
net.guerlab.cloud.region	guerlab-cloud-region-core	2022.0.0		5c42b2f5d5da2578a9a46c7395c642eb4832a899
net.guerlab.cloud.region	guerlab-cloud-region-core	2022.0.1		637ebdd3541d059f42d507fbf43768c8323f1268
net.guerlab.cloud.region	guerlab-cloud-region-core	2022.1.0		d2df1f1d18e9790c09e47a4c05e0328e3e1e98de
net.guerlab.cloud.region	guerlab-cloud-region-core	21.11.0		005f4ee8920185bc9d08c7bc4d202aa736a1db10
net.guerlab.cloud.region	guerlab-cloud-region-core	21.7.2		e36992edec3c5022f5a6b9332f290fdfc0d64581
net.liftmodules	ng-js_3.0_2.11	0.1_1.2.23		f962a710bc1040e4ccbbe9b3e92527ee4cf28891
net.liftmodules	ng-js_3.0_2.11	0.1_1.2.24		3ef36f94c36ece74ecfea4f8a76c9e8a12c40374
net.liftmodules	ng-js_3.0_2.11	0.1_1.2.25		87a4aa1cab0f5e15a31b908c6e0178b7089768dc
net.liftmodules	ng-js_3.0_2.11	0.2_1.2.25		307ba6d7b5f2442b6d5dcd874c95763e052e1943
net.liftmodules	ng-js_3.0_2.11	0.2_1.2.26		5e66348fc7089d05cc3c1c2abd35f1831d4630ae
net.liftmodules	ng-js_3.0_2.11	0.2_1.2.27		30f2971be27e46a6de50906507e25bf9a8bfac67
net.liftmodules	ng-js_3.0_2.11	0.2_1.2.28		ba5e5a6992360e228fda43e7ec9ef7a894c70591
net.liftmodules	ng-js_3.0_2.11	0.2_1.2.29		f313d0ee7ccf0aaec74a590b92e5597676195193
net.liftmodules	ng-js_3.0_2.11	0.2_1.3.0		4bdceba0b140b4a9f637200e7ee3a863a5cf59f9
net.liftmodules	ng-js_3.0_2.11	0.2_1.3.1		6cf01340d72ea039890165afd5568e76bbead95c
net.liftmodules	ng-js_3.0_2.11	0.2_1.3.10		18dae6d39203ee72c289ea1dd45e9b536359bbe8
net.liftmodules	ng-js_3.0_2.11	0.2_1.3.11		860e8cb7d7e0c60fda51e71042eb1be973874a42
net.liftmodules	ng-js_3.0_2.11	0.2_1.3.12		ac6d4c87a1408100174d263d3da4a2c631634bc9
net.liftmodules	ng-js_3.0_2.11	0.2_1.3.13		6dcaa3b2074caa3355e9d874b577550982100435
net.liftmodules	ng-js_3.0_2.11	0.2_1.3.14		fccfe56f47982d0b7aa3fbe602352b310080b72b
net.liftmodules	ng-js_3.0_2.11	0.2_1.3.15		3731891e399e122fff2802d0c73d52c33e9273b5
net.liftmodules	ng-js_3.0_2.11	0.2_1.3.17		250082a2cb82bf6d40e9da6bcd36047232eb11cb
net.liftmodules	ng-js_3.0_2.11	0.2_1.3.18		e6b00f69d7f84bfbc35c2afa2aad0a82ae46b4ff
net.liftmodules	ng-js_3.0_2.11	0.2_1.3.19		b7d1913d4d45fd1755307ca7e2031556cb0f3a8b
net.liftmodules	ng-js_3.0_2.11	0.2_1.3.2		75b9c70ae9a6e8de90fd27b2cbb38c4402cd6e12
net.liftmodules	ng-js_3.0_2.11	0.2_1.3.20		188f6d3d114e8d11b316bd267ceb89a4910b7c64
net.liftmodules	ng-js_3.0_2.11	0.2_1.3.3		cd8a54eeda49236205a496175a8cee35c1a6ef5e
net.liftmodules	ng-js_3.0_2.11	0.2_1.3.4		1ce222b712085b5eeed5d46f0fd428d70770681f
net.liftmodules	ng-js_3.0_2.11	0.2_1.3.5		d8c3a2bab752b4f6042d4a183201cfa9efcc0c8f
net.liftmodules	ng-js_3.0_2.11	0.2_1.3.6		d608fc474e0978d65cc1533ddc010dc93fd33b20
net.liftmodules	ng-js_3.0_2.11	0.2_1.3.7		e28460bbc6e4c9feee29ddd2f8260a959b09aa32
net.liftmodules	ng-js_3.0_2.11	0.2_1.3.8		d511178c4e0cf422c9789c0cd77c38204e0e9a00
net.liftmodules	ng-js_3.0_2.11	0.2_1.3.9		38ba445c78539ef6a127a827a6885d36a6c83806
net.liftmodules	ng-js_3.0_2.11	0.2_1.4.0		3290ca07ab06932db6d0a5e237b0bc619f392fa9
net.liftmodules	ng-js_3.0_2.11	0.2_1.4.1		eb001d0cfd7625f0a0423c5c67ee9428bd06f3c8
net.liftmodules	ng-js_3.0_2.11	0.2_1.4.2		00d6ae3a08f15d5150173e976b6b904d0fc6a933
net.liftmodules	ng-js_3.0_2.11	0.2_1.4.3		05c0ae974401a78ad5b4c61ff515c2202ecbd8d6
net.liftmodules	ng-js_3.0_2.11	0.2_1.4.4		c52dbf2464d1b5708d7315cf3b3593f9be0b6a18
net.liftmodules	ng-js_3.0_2.11	0.2_1.4.5		ca91954883baddf2f5fe3c8d4d536b8f59dec546
net.liftmodules	ng-js_3.0_2.11	0.2_1.4.6		31a4e1bd3237c4f2b8b6908c3eedc4ac99813439
net.liftmodules	ng-js_3.0_2.11	0.2_1.4.7		7f07df218f553f06aef65092e0eb4aaa442de87e
net.officefloor.tutorial	StaticContentHttpServer	3.10.0		f60c7ac5cd17da0d78984b5359bbcad08e81c68b
net.officefloor.tutorial	StaticContentHttpServer	3.10.1		458a3c5d5199da44cc6ceeeee4ba8b95f592e962
net.officefloor.tutorial	StaticContentHttpServer	3.10.2		806f17c520b3737491f0801c25d62beb254f27cd
net.officefloor.tutorial	StaticContentHttpServer	3.10.3		2d257876fc741b31e98d6cfe6a0343f65e12e259
net.officefloor.tutorial	StaticContentHttpServer	3.11.0		6c06dddcb96e299810e8200d7bda59d088a2fc7d
net.officefloor.tutorial	StaticContentHttpServer	3.12.0		f70f5c69ab7e1be2847de92bdaf76fb3ae84c8a9
net.officefloor.tutorial	StaticContentHttpServer	3.13.0		3c88cc4e3bfd8cfc3c54d30ab7844f60ce7b34f1
net.officefloor.tutorial	StaticContentHttpServer	3.14.0		f2c1c883c5289ae36c3f216975363357cc8d9c8e
net.officefloor.tutorial	StaticContentHttpServer	3.15.0		e0f9586389cad5384268b74952c5784935d7e5cb
net.officefloor.tutorial	StaticContentHttpServer	3.16.0		11d5401678ebc7ae1f40c0b53956734a6c6f7183
net.officefloor.tutorial	StaticContentHttpServer	3.17.0		62c41f04f5352d2b09cc4e62e33515915fc6ff78
net.officefloor.tutorial	StaticContentHttpServer	3.6.0		2f017a819a6372327c4200f7f1fc78d2f1e89ff8
net.officefloor.tutorial	StaticContentHttpServer	3.6.1		6015034943597ba1bd72f40ce58c917991cc7584
net.officefloor.tutorial	StaticContentHttpServer	3.6.2		19bdfef87b2dab87e1c90a8ca9d75bacb48edd61
net.officefloor.tutorial	StaticContentHttpServer	3.7.0		6a14d65013cd8df18218a0c5ef3ff50259db9dd1
net.officefloor.tutorial	StaticContentHttpServer	3.8.0		0120a644a31bcadfec48eb4b8a7c767fcab44a0b
net.officefloor.tutorial	StaticContentHttpServer	3.9.0		01037bba45333a5126de42055a8d924a1d797424
net.officefloor.tutorial	StaticContentHttpServer	3.9.1		bbc28d6541dc631b73e4fdba00a07195ae69ed29
net.officefloor.tutorial	StaticContentHttpServer	3.9.2		db9b31e26a00f6045c89105e046676aa24404c12
net.osgiliath.framework	net.osgiliath.feature.itest.feature	0.2.0		7e3c9e76802595d3654b0b3e3cd846f83036d041
net.osgiliath.framework	net.osgiliath.feature.itest.feature	0.2.1		456f9e897229f5de57bc4f91d792e2303cc4be95
net.osgiliath.framework	net.osgiliath.feature.itest.feature	0.2.2		c29ae004b7575202a05ec3a9284306c048cf4bd6
net.osgiliath.framework	net.osgiliath.feature.itest.feature	0.2.3		6fc4a539ade8b5866a96a044ad7d9534228e1eb1
net.sf.buildbox	keeper	2.0.0		N/A
org.alephium	alephium-tools_2.13	0.10.0		964f66fb36582c3568ed4ff2d26c642679c03055
org.alephium	alephium-tools_2.13	0.10.1		2759e83d6e30bd2a405f2432839d2a22a321e2ee
org.alephium	alephium-tools_2.13	0.10.2		54aef37e496c9a4c99009cb2a498e8eda6a51045
org.alephium	alephium-tools_2.13	0.11.0		04902c3fcf2f5373f66cbb2199a63b9429133970
org.alephium	alephium-tools_2.13	0.11.1		238d60eb9cd4b0066212e31b22e392dd252fa7df
org.alephium	alephium-tools_2.13	0.11.2		75df55badba954fd85248f491c7c56449ffef7b2
org.alephium	alephium-tools_2.13	0.11.3		fd22b7f04f57f243aa011204cd3e228986449b39
org.alephium	alephium-tools_2.13	0.11.4		4fb12ee0893645db797c165fae0cf49d58bd8147
org.alephium	alephium-tools_2.13	0.11.5		69492d9f8db1a9bde358570f62612f58cb5f5405
org.alephium	alephium-tools_2.13	0.7.3		f04e30bdc2e26b273ae85b5e3e90a31eac77aa50
org.alephium	alephium-tools_2.13	0.7.4		4b6560f1e1436e4dbdb7dcd00a9affc98a53f3ea
org.alephium	alephium-tools_2.13	0.7.5		b83bb73adec5cbcba06c07b2ba4ba5525c6eab5c
org.alephium	alephium-tools_2.13	0.7.6		b26b93266d106826ba5c8b80d5a84ae7d2d136ac
org.alephium	alephium-tools_2.13	0.7.7		bbff13e92fc87904301c9e084de71a26123a7f17
org.alephium	alephium-tools_2.13	0.7.8		e003c840fee01e1ceb37977b802383df03a1d6e3
org.alephium	alephium-tools_2.13	0.8.0		af0991ee2b800518003fdf4f0f049f2af740ed0e
org.alephium	alephium-tools_2.13	0.8.1		8d07d4b1332e500d44329fe2d00f14f28d606d99
org.alephium	alephium-tools_2.13	0.8.10		307b3b6cce837e846eebe93814fb5d41cee8d49b
org.alephium	alephium-tools_2.13	0.8.11		cd86127ba47397b92734671cf01ccd8f5fc643d2
org.alephium	alephium-tools_2.13	0.8.2		8d9d1a8caf702c5414ed73089977bd9456617aa5
org.alephium	alephium-tools_2.13	0.8.3		4bdbab01b352bad9fa769128260075fd74e00fb3
org.alephium	alephium-tools_2.13	0.8.4		c9d045846d4378a8f8458bfbcefbe584da63612b
org.alephium	alephium-tools_2.13	0.8.5		3d6499f61eb57c933ce73d689e68afaa3dd23f31
org.alephium	alephium-tools_2.13	0.8.6		4ceb6bec47fb8ee0636faf14f61b2411fd58ccf7
org.alephium	alephium-tools_2.13	0.8.7		fa7da22784d895dc4e037743ccb23b76e13351fa
org.alephium	alephium-tools_2.13	0.8.8		cc0b0c7210965f85afe10aefc7a248e54e443a9a
org.alephium	alephium-tools_2.13	0.8.9		791aea7c13873f5995d104af31053bb1d356260e
org.alephium	alephium-tools_2.13	0.9.0		e4257ea3e13125034e0bca98d89008ad0b4fb4c5
org.alephium	alephium-tools_2.13	0.9.0-rc1		d91188e9d32f8ac2be7a09ade1c49ff8f62f6d98
org.alephium	alephium-tools_2.13	0.9.0-rc10		2bdf4fb36f39a0e62a302583628231d71656b7f1
org.alephium	alephium-tools_2.13	0.9.0-rc2		6fd2b2fbd583759fbf7d2e0db5a87cd7ff14e647
org.alephium	alephium-tools_2.13	0.9.0-rc3		d51e90e1e3114db1e85ede6da356709e418ad71e
org.alephium	alephium-tools_2.13	0.9.0-rc4		353d7d18d7da72e165471af4cfeb51e37f782958
org.alephium	alephium-tools_2.13	0.9.0-rc5		74798bfe66af272e09d51c6293435db3a52ba825
org.alephium	alephium-tools_2.13	0.9.0-rc6		8d0f461486bc93eceb3b3cc47db360f7b6d2187f
org.alephium	alephium-tools_2.13	0.9.0-rc7		8ce356640cd7740305d2432ad586f1ec2b832268
org.alephium	alephium-tools_2.13	0.9.0-rc8		da2141457e370b4a913d115618d7c080f801fc26
org.alephium	alephium-tools_2.13	0.9.0-rc9		6d78938019296613c01317380c392023c7083c70
org.alephium	alephium-tools_2.13	1.0.0		a1d280f9d29bae6f15946a4d4cd74c06d87b0a32
org.alephium	alephium-tools_2.13	1.0.0-rc0		ee03760a4bdacc468bfa48daa23fe21d31f7863b
org.alephium	alephium-tools_2.13	1.0.0-rc1		843e3c81441a524905721ab4abd2090171399d3e
org.alephium	alephium-tools_2.13	1.0.0-rc2		fb221688e63db5c5cab0a4512afa21c5de0cd7df
org.alephium	alephium-tools_2.13	1.0.0-rc3		d2649bcb86781c769e4b3e1ab8f2077f56a8930a
org.alephium	alephium-tools_2.13	1.0.0-rc4		841904281da19e40f69d9d35dd1f42944194e538
org.alephium	alephium-tools_2.13	1.1.0		19ec8b1ba7ffe0619bdb5914f607747a4d54575f
org.alephium	alephium-tools_2.13	1.1.1		2d3e6b2f4ffa1e1e1bd3aa7d6f2977f7088f61bc
org.alephium	alephium-tools_2.13	1.1.10		cb65e95730f398e499479bbe761560be5da0ea40
org.alephium	alephium-tools_2.13	1.1.11		7ed51f020134712a5b50853e11f5c84103e09bc8
org.alephium	alephium-tools_2.13	1.1.12		fb32b6d024b63853ad1b2ff9db7dab7d1d000870
org.alephium	alephium-tools_2.13	1.1.13		2e4ee8653fae82b8c2ccc4076a4a67e686e90176
org.alephium	alephium-tools_2.13	1.1.2		de8c65e22e5bd281365adedfdd3234f19b759b64
org.alephium	alephium-tools_2.13	1.1.3		f1f8030c2b135c06fda965248517247cb8aaf9e0
org.alephium	alephium-tools_2.13	1.1.4		e971c0b67165550a1a4dd2f7338a1a16b9bfe107
org.alephium	alephium-tools_2.13	1.1.5		445578e6766c2f2ab367da949068bc9f0da8edf0
org.alephium	alephium-tools_2.13	1.1.6		1b5d6066d9e791ecb32c2c84cd71ec70bf0fd311
org.alephium	alephium-tools_2.13	1.1.7		3e5dfef0051b170147a1196533ebd97c195ef2c4
org.alephium	alephium-tools_2.13	1.1.8		75ceb6c229289de88b7af0873b05f799cca3e756
org.alephium	alephium-tools_2.13	1.1.9		79cabaaf757910dbfc83a62afac1e324973f0c89
org.alephium	alephium-tools_2.13	1.2.0		a92abf62c60344314c76c3b4ae2f690ccf634657
org.alephium	alephium-tools_2.13	1.2.0-rc0		09edf3535d14c1ae705562afff75d60d386de00d
org.alephium	alephium-tools_2.13	1.2.0-rc1		bd77499d90b808690affc13f6c42d8e51548ad46
org.alephium	alephium-tools_2.13	1.2.1		8e5978407f12d9a06e0c419a8f48227d9f00c343
org.alephium	alephium-tools_2.13	1.2.2		8139577d588263506303455d9e710a204d81a6f0
org.alephium	alephium-tools_2.13	1.2.3		6b3ee7ea7b68a0a36fee0b820b1dd797e2705fc5
org.alephium	alephium-tools_2.13	1.2.4		9eb7ca4d5f6861c3d65051abcc4a3a6e27e29ae3
org.alephium	alephium-tools_2.13	1.2.5		bdd44e5e42b996d328360e68b0d74c5ea4e58bfb
org.alephium	alephium-tools_2.13	1.2.6		51e81adf34451171fbc6e085e793e10d7b0ddf51
org.alephium	alephium-tools_2.13	1.2.6-rc0		dc50a3d32278c381dfad3c7022e222d5015a13d0
org.alephium	alephium-tools_2.13	1.2.7		f4f318df5cabbdfe8b94223efb0d23f28c064416
org.alephium	alephium-tools_2.13	1.2.8		4d47c4e8f54cc643c2676e2aebc06cfe7c0c05e5
org.alephium	alephium-tools_2.13	1.3.0		2b259adfd48c87f4bd13e528d9b5d513ccd83c68
org.alephium	alephium-tools_2.13	1.3.0-rc0		1b1ace5dde7f9254cc47e765076baf3f442fd853
org.alephium	alephium-tools_2.13	1.3.0-rc1		55502337367ad40d827c54d845f5ea2a24074091
org.alephium	alephium-tools_2.13	1.3.0-rc2		5da5b5236a333a9720392958f0096c9cd5684095
org.alephium	alephium-tools_2.13	1.3.0-rc3		7c03b0bbfc87e256c5e8a72d1ac8fd61479e7563
org.alephium	alephium-tools_2.13	1.3.0-rc4		a4ccdcadce132c6c3369fdf86aaf184600216bb4
org.alephium	alephium-tools_2.13	1.3.0-rc5		7976f87946fbfeb0676a6b0ee0668593121747b0
org.alephium	alephium-tools_2.13	1.3.0-rc6		2bf3b54f5a2328a0950df3693c6119a5d3538000
org.alephium	alephium-tools_2.13	1.3.0-rc7		85e5d15456511732ceb6b6e035726ae0769a829a
org.alephium	alephium-tools_2.13	1.3.0-rc8		bc37fcdd8729fe89bac69f55c42acf54bb8539e2
org.alephium	alephium-tools_2.13	1.3.0-rc9		7ef10edc167970cce92eb3c61e87aa4321e867db
org.alephium	alephium-tools_2.13	1.3.1		617210df0b0ddbc53b6da599d38f93cb763a808d
org.alephium	alephium-tools_2.13	1.3.2		d33ac10863e5520a10f137ae0c2d9548299b9ca1
org.alephium	alephium-tools_2.13	1.4.0		89b6345944269bd847941034e437c9a7890fbdbb
org.alephium	alephium-tools_2.13	1.4.0-alpha0		4bf3e2e7800b93a828706f102b2311c585ee2296
org.alephium	alephium-tools_2.13	1.4.0-alpha1		3a75acc6afbe246fc661661f5e5584f5ad888e3e
org.alephium	alephium-tools_2.13	1.4.0-alpha2		f6e013e9818cd9167d0e9408fce5bf3efbd74089
org.alephium	alephium-tools_2.13	1.4.0-alpha3		d4e625ebb20277995cbff7bf11be663774187614
org.alephium	alephium-tools_2.13	1.4.0-alpha4		1ae42e3550485563d6b46c3d625a950cd9906a95
org.alephium	alephium-tools_2.13	1.4.0-leman0		ac9a07001e015cb9b98efc5c18f6964736493f80
org.alephium	alephium-tools_2.13	1.4.0-leman1		089c74f476ae32d84ffcddda48d47f6fc8900b38
org.alephium	alephium-tools_2.13	1.4.0-leman2		d7a62e09506b5e6b0e1d00fa1df3e3ed121bd112
org.alephium	alephium-tools_2.13	1.4.0-leman4		25e833bb67635caf48a0d47bb9d73492f10312ca
org.alephium	alephium-tools_2.13	1.4.0-leman5		a08dd4e2fd3636fbe716d486e1567d385a9348db
org.alephium	alephium-tools_2.13	1.4.0-leman6		5064de1d8fea924baee14c257bae02afce31076b
org.alephium	alephium-tools_2.13	1.4.0-leman7		a800050c8223cd692b564dc1fbfd5e5e7d8ba01c
org.alephium	alephium-tools_2.13	1.4.0-leman8		b7a5e982d8dfe8587103bbd0c422c2b32590ec55
org.alephium	alephium-tools_2.13	1.4.0-rc0		f3322d290506802642fc06e6efda7036018e842b
org.alephium	alephium-tools_2.13	1.4.0-rc1		5e66c2c3ad52f9ad853f07255c3dda17ac0cbba1
org.alephium	alephium-tools_2.13	1.4.0-rc2		fbce281149d0588faf3dd164e1992b1c63391629
org.alephium	alephium-tools_2.13	1.4.0-rc3		a6c3b974777e985d03195d88ae218765894aff2b
org.alephium	alephium-tools_2.13	1.4.1		4c5befce1d356d172b5c61effb964360770d946d
org.alephium	alephium-tools_2.13	1.4.2		18d87b59056354a4d03650ef666c6ebd71412eb7
org.alephium	alephium-tools_2.13	1.4.3		650d8e3eaeaae32fa3850780b0c75cac58ef9a7f
org.alephium	alephium-tools_2.13	1.4.4		4bacc474b44a006a0c192c6cc5a68d4a650ff95d
org.alephium	alephium-tools_2.13	1.4.5		bf85b38ed4c35f7b85f1904c1d49a6b719162605
org.alephium	alephium-tools_2.13	1.4.6		e48fae74e868c5640e346e649f30d2a96a041845
org.alephium	alephium-tools_2.13	1.5.0		7f86c5e48e955a5b3f3683fea2e45e498999c3a1
org.alephium	alephium-tools_2.13	1.5.0-rc0		21b8d71aab233a04860feeeff947b13a0e489010
org.alephium	alephium-tools_2.13	1.5.0-rc1		8ded92ffec4e56a852e9399cf2aa77e504c529c0
org.alephium	alephium-tools_2.13	1.5.0-rc10		7c81265aec3eb6fa4211a99099fd9cefc993e313
org.alephium	alephium-tools_2.13	1.5.0-rc11		6a91795ae5d6aea1924150082bd298c17b2be664
org.alephium	alephium-tools_2.13	1.5.0-rc12		a02860554ddbb2021ad5cdfb140cc9eec6da21e6
org.alephium	alephium-tools_2.13	1.5.0-rc13		ccab23669d4377835a9021574caffe923f230062
org.alephium	alephium-tools_2.13	1.5.0-rc2		dce228f5508ce72a1ab3079154cddf6bfee49a81
org.alephium	alephium-tools_2.13	1.5.0-rc3		d0bc0910bbb180cf174b853c20193abe424ff7cb
org.alephium	alephium-tools_2.13	1.5.0-rc4		bdcae0e7df8b3587df5bd174ea8cb0a84242da65
org.alephium	alephium-tools_2.13	1.5.0-rc5		21ec3f7b96a025b65f61476b9c1e91f8e82f87b0
org.alephium	alephium-tools_2.13	1.5.0-rc6		30224bbfe454fd726c0f6de713a199517514d057
org.alephium	alephium-tools_2.13	1.5.0-rc7		bec8e7126394ddaae17d7067639182218f466599
org.alephium	alephium-tools_2.13	1.5.0-rc8		88465ee364ce78e34a736deef7a9bbeefb8823a2
org.alephium	alephium-tools_2.13	1.5.0-rc9		afddd54081887ddb8efd49878d84ca4cbd5d95cc
org.alephium	alephium-tools_2.13	1.5.1		f58accff22ede57f1fdac3ef1191ebff8b86df1a
org.alephium	alephium-tools_2.13	1.5.2		d04f81379e0a51ad1578c83dfcb3c4fd0a853466
org.alephium	alephium-tools_2.13	1.5.3		02558c996ddb76b0750e69eaf4149befcc46ff34
org.alephium	alephium-tools_2.13	1.5.4		8b6bfc5e866eceef38a7a0d050b37a929b59b6cb
org.alephium	alephium-tools_2.13	1.5.5		4a36050be2940a292f6632ea090ad212e2cd8fd3
org.alephium	alephium-tools_2.13	1.5.6		10b75f7845679abe740a01fd7e62e2ba62c6d825
org.alephium	alephium-tools_2.13	1.6.0		406a1e11d32be8e46f781ee3540ace9888748f8e
org.alephium	alephium-tools_2.13	1.6.0-rc0		7722c29f2c974076618cbc29caa427e29427f592
org.alephium	alephium-tools_2.13	1.6.0-rc1		6d416755ad9ed943939271b09b3e02ab9fe908c2
org.alephium	alephium-tools_2.13	1.6.0-rc2		6d13d6e83317718dd872c4166e08187fb37ae0f2
org.alephium	alephium-tools_2.13	1.6.0-rc3		d5fdaa0994ebdb9967514f4ba3e9c89093c123a0
org.alephium	alephium-tools_2.13	1.6.0-rc4		2e2a19d1817222746f5b08b2636e27414609fe8c
org.alephium	alephium-tools_2.13	1.6.0-rc5		eee715f3e37f21ac499bea65e67845eeb8310644
org.alephium	alephium-tools_2.13	1.6.0-rc6		9741bb32f6d8f7f7ee400de52d943451616fb5cf
org.alephium	alephium-tools_2.13	1.6.1		8f7d706cfff697f03e4d64bce4607982085b2f4a
org.alephium	alephium-tools_2.13	1.6.2		150c40c724504fa4287054b18bda744f548b9100
org.alephium	alephium-tools_2.13	1.6.4		e38b38ad4b9382390ff81065572c366e4a2f3527
org.alephium	alephium-tools_2.13	1.7.0		2a246c5bc8e13a233333d9d6a00051e8f85f34ff
org.alephium	alephium-tools_2.13	1.7.0-rc0		b9872463b9c95541806d83a671dc3e30e4865cf6
org.alephium	alephium-tools_2.13	1.7.0-rc1		de17f88e15b442f74e2a471e0be40f82288ab341
org.alephium	alephium-tools_2.13	1.7.0-rc2		5fa0e12c530a26c0bb09a6475af58e9da029f966
org.alephium	alephium-tools_2.13	1.7.0-rc3		87138fc334b837b67e3e77c61ecb7453b63c80e0
org.alephium	alephium-tools_2.13	1.7.0-rc4		adbed065d97ec03f95a0ac2ea5125f9df8797503
org.alephium	alephium-tools_2.13	1.7.0-rc5		a736e2131034e931423d37f98577361969964a10
org.alephium	alephium-tools_2.13	1.7.1		4076ef5a5a054060c4dd3dc29f96b986afeeac9a
org.alephium	alephium-tools_2.13	1.7.1-rc0		60d80ba950cf692a36998dca7edeb6467348b2b7
org.alephium	alephium-tools_2.13	1.7.1-rc1		6f0505ef417ef0d267389ea938281d599c249d3a
org.alephium	alephium-tools_2.13	1.7.1-rc2		6b54257a630082d3d4af743341dd882f8037bb6f
org.alephium	alephium-tools_2.13	1.7.2		3f48d841fa53c71b5994089a52f38101b1e3adb3
org.alephium	alephium-tools_2.13	1.7.3		e475c1e5a206d71bdbf999faacff73a96423a425
org.alephium	alephium-tools_2.13	2.0.0		01933c973a7382f0c8ee6163b6654417f9483927
org.alephium	alephium-tools_2.13	2.0.1		542e24bd0add0b28aa84a4b3b8de11f362c4ce26
org.alephium	alephium-tools_2.13	2.0.2		f5f613ba53df295140b809b528e463088163dca5
org.alephium	alephium-tools_2.13	2.0.3		649ae7fc0805e6ff76f49757940762edd3cfc8bc
org.alephium	alephium-tools_2.13	2.0.4		d3f55b5787c0847563f5d5c854e8cd2feb0dd5bf
org.alephium	alephium-tools_2.13	2.1.0		540c99b5e322fcf253c2759a68be6063f6ca7f53
org.alephium	alephium-tools_2.13	2.1.1		fb7fd43a95f9b9eb8aab51933d1292ed25d27a4f
org.alephium	alephium-tools_2.13	2.1.2		59356658c804e44aab771362ec3c10e7644c2eeb
org.alephium	alephium-tools_2.13	2.10.0		b1353f114a9adf8f5100f21307487d34ca1ad5b8
org.alephium	alephium-tools_2.13	2.10.1		30599818940e4f2458a5102f7b330ded67bbde30
org.alephium	alephium-tools_2.13	2.10.2		6c8161d336c13e4dd410df539a501beca07b68c5
org.alephium	alephium-tools_2.13	2.10.3		4d80c44234682063041bea0a84f0d3b7783b720f
org.alephium	alephium-tools_2.13	2.11.0		c864094f57dff00397ad3c0ba16b1d88dc69310e
org.alephium	alephium-tools_2.13	2.11.1		c1c90756c02751104e55e39382b58e0ce9988604
org.alephium	alephium-tools_2.13	2.12.0		369d83ccfe817805afe5338cbf99f378be4aeab7
org.alephium	alephium-tools_2.13	2.12.1		fb4f7c5df06ee931e2412b3a2550a7c64e1c8c46
org.alephium	alephium-tools_2.13	2.13.0		bfc9688b62764b9200f7eabac5899c3dbb587431
org.alephium	alephium-tools_2.13	2.14.0		f4bd70dc016678234552a297154f6bb892ec8305
org.alephium	alephium-tools_2.13	2.14.1		ccff71a75d7072ce900b62cf870eedd99f02229e
org.alephium	alephium-tools_2.13	2.14.2		226866189653e188c4e6838f190d556180dd12e3
org.alephium	alephium-tools_2.13	2.14.3		2d34e9b3fd071f4179aa1c2d5cf20c27a4dba238
org.alephium	alephium-tools_2.13	2.14.4		d88bcaaf3ddcf21b0d7a176c6cafdb76966da451
org.alephium	alephium-tools_2.13	2.14.5		b76ba0d18390c72e44b79cdcff5b9258c3e8c359
org.alephium	alephium-tools_2.13	2.14.6		5a7d8338523ee9c4d8b686c475b366d9e326a35e
org.alephium	alephium-tools_2.13	2.14.7		f08f4de67097e1d4e2d3cea6c872868683ee9ab7
org.alephium	alephium-tools_2.13	2.14.8		55f95afeb1dd38ad6fc13fa419086cb9a1c96929
org.alephium	alephium-tools_2.13	2.14.9		cb58e1207783b2b1fd5ef53a51d9b421f19f32f7
org.alephium	alephium-tools_2.13	2.2.0		6e7ef4beac879145abf514aa043cf81bc6525732
org.alephium	alephium-tools_2.13	2.2.1		27a9de8c3aa08812af4bda558fd7998c26196a68
org.alephium	alephium-tools_2.13	2.2.2		5dad47cd2e6b10d26497f94344c41e4ffb6d415c
org.alephium	alephium-tools_2.13	2.3.0		537e5f8b1bec85a91dc1d8d3329a2478ec521541
org.alephium	alephium-tools_2.13	2.3.1		95eaa9b2eb0bf0cf80de6eb07bf3ee84f5d4d4fd
org.alephium	alephium-tools_2.13	2.3.2		8c57fcc733a75ed8b402d99cfd9e92a2fd70fdd2
org.alephium	alephium-tools_2.13	2.3.3		9a25a9711ab85caa4ba4ce968dd21602ff7aadc9
org.alephium	alephium-tools_2.13	2.3.4		b99b63b8cc1a960dca0f36119748c4b48af4a236
org.alephium	alephium-tools_2.13	2.3.5		8ebe1821547f83d4f3fb60ece139de5259540974
org.alephium	alephium-tools_2.13	2.4.0		bea13395f2a73ef3cea4d3f9e984389e2c755c36
org.alephium	alephium-tools_2.13	2.5.0		e66032b18c542613298f124033561d973faea648
org.alephium	alephium-tools_2.13	2.5.1		389ee6f8e558cba6d646376aa5e8eec688fe9c42
org.alephium	alephium-tools_2.13	2.5.2		c28c0a84969c75509b83baa4615f3942071a88c5
org.alephium	alephium-tools_2.13	2.5.3		8d6d31f2cb7f6245df5e7876410d3aa16ffe31e6
org.alephium	alephium-tools_2.13	2.5.4		8d5f5130cb4df42e2b4ed005e89d4b2c27c5a06d
org.alephium	alephium-tools_2.13	2.5.5		b5dc8693cd8663ed676a56a70c41b840d75fe05b
org.alephium	alephium-tools_2.13	2.5.6		be532974964829e435a6295c2222e0fb8fc02071
org.alephium	alephium-tools_2.13	2.5.7		6209de62c20f50e0a75de8248b85989ea9a93682
org.alephium	alephium-tools_2.13	2.5.8		f5e055af12991c519ebf5d3fcca45462ab9b50d2
org.alephium	alephium-tools_2.13	2.5.9		60269768f284ccb9d887fc134fa5319846684225
org.alephium	alephium-tools_2.13	2.6.0		34616768936a6c5077518890ec7e4629831289bf
org.alephium	alephium-tools_2.13	2.6.1		93f421b0a3b23f73dbc34d6db778003c6a48caa4
org.alephium	alephium-tools_2.13	2.7.0		2327714b4f692f6e25a6a2d1351dddb6d61e58bd
org.alephium	alephium-tools_2.13	2.8.0		a110f0750ba07ffe5ab68b6c92ec17ee86d4a7d9
org.alephium	alephium-tools_2.13	2.8.1		59a0aac63d802c988204e38a8dd920d36fb4e66c
org.alephium	alephium-tools_2.13	2.8.2		9d04b106425e43ed87e13cac71aa706f3b646c27
org.alephium	alephium-tools_2.13	2.8.3		b5475b508ed222226c7f7ee680ea1be23f993a65
org.alephium	alephium-tools_2.13	2.8.4		0ffeecae0b6701049474ae584a7ec1278f40fcf8
org.alephium	alephium-tools_2.13	2.8.5		d26b14a88272c40dd5c89b638553340d7a6aefec
org.alephium	alephium-tools_2.13	2.8.6		2a50b18304d68a9ae3d0a69bc767bfeb3ee0db35
org.alephium	alephium-tools_2.13	2.9.0		c4bdd67840275846190d309e58e3dc90a240ba8f
org.alephium	alephium-tools_2.13	2.9.1		f6da0f373165ca4dbe47f77c7538dfd1cca36fba
org.alephium	alephium-tools_2.13	3.0.0		93612c45e346f893e9550541b316390388b5885c
org.alephium	alephium-tools_2.13	3.0.1		1aade8821b0161d6935bc5171f90921344f84f43
org.alephium	alephium-tools_2.13	3.0.2		3992b4b5aadba53678090a5bc0d6389ac235dd4c
org.alephium	alephium-tools_2.13	3.0.3		3e841205fd4902d00b61a96aaced16afc6088cee
org.alephium	alephium-tools_2.13	3.1.0		54fd49eee06f9f9a0352ba622f232d6431456024
org.alephium	alephium-tools_2.13	3.1.1		f193cb53286759f372ff3a197b7b8dd35433951b
org.alephium	alephium-tools_2.13	3.1.2		735bd6565ec229134f2a46a5222c3ea254ff4eb1
org.alephium	alephium-tools_2.13	3.1.3		b26eb819eb499fdd841e779c9754280f367af42d
org.alephium	alephium-tools_2.13	3.1.4		5155e45ff9ef7cfd21dd58d8c1a8422d791b70e8
org.alephium	alephium-tools_2.13	3.10.0		f8a862320af14b02a9f65ac2b8e1ede3c6060d65
org.alephium	alephium-tools_2.13	3.11.0		e0bea239f374d3825fa11f7402108c272a12c85c
org.alephium	alephium-tools_2.13	3.11.1		6576587c1d6552d727e0c9b38045613af89d45a9
org.alephium	alephium-tools_2.13	3.11.2		eea06c0f08f7cba28a83845c9d8d4f7e4653c29d
org.alephium	alephium-tools_2.13	3.12.0		e2cadd05e7bd0dd206f35acf4caac33e8c273c94
org.alephium	alephium-tools_2.13	3.12.0-rc.0		fa886e78b3789eafc490c627618d21ef003f0194
org.alephium	alephium-tools_2.13	3.12.0-rc.1		09a35a536867f30179f5e5d464aa3111b89908ef
org.alephium	alephium-tools_2.13	3.12.0-rc.2		0be887489b6f1c07e6560a46b94cabf32f9e7b81
org.alephium	alephium-tools_2.13	3.12.1		586c697cd358222a291a8475cc69e450f0353939
org.alephium	alephium-tools_2.13	3.12.2		79db4a59cc2e8be30aac868c00e9de19beaeb602
org.alephium	alephium-tools_2.13	3.12.3		e96231e75fe04134315c423b97317335bd719c14
org.alephium	alephium-tools_2.13	3.12.4		4f53abbb0596d7e2ca4747de1d3b8990fdea87a1
org.alephium	alephium-tools_2.13	3.12.5		e79d090e5284618311bc508e8e246bba8e3be406
org.alephium	alephium-tools_2.13	3.12.6		0c6a0d3ec69a731c3bb578c5ab31bb278df4bf02
org.alephium	alephium-tools_2.13	3.12.7		27c185ccf9be3f775dbb78af90fb0162dc3317fb
org.alephium	alephium-tools_2.13	3.13.0		f9388c25aee9efaa83fbc1a8860016a8034c8559
org.alephium	alephium-tools_2.13	3.14.0		b41e1293e54b5cd43b749f82cd829fd76f85bbaa
org.alephium	alephium-tools_2.13	3.14.1		5b5672410acdbe628e5c32502e944f29fa99dc7b
org.alephium	alephium-tools_2.13	3.14.2		0147e6c0de2d43b9dd6216ac8ed9f6651432fa45
org.alephium	alephium-tools_2.13	3.14.3		4be9acdc3bac8933b5dffd4fda725268001c27b8
org.alephium	alephium-tools_2.13	3.2.0		df5b0b6165765b2380f7bf0b1f27fcf746247ed9
org.alephium	alephium-tools_2.13	3.2.1		b56f66404105d3ef61e28c7a07c3615487187b06
org.alephium	alephium-tools_2.13	3.3.0		194f6496d68553bb6456ca48accf17d8f3b49db4
org.alephium	alephium-tools_2.13	3.3.1		cc2ad3e1368c128478951a4566f3a995e3d15ef3
org.alephium	alephium-tools_2.13	3.4.0		b39488d60ab12a1d2124c3b487783337e8cf5fc1
org.alephium	alephium-tools_2.13	3.4.1		de174b474739637aea08f7e860195cb72d515a63
org.alephium	alephium-tools_2.13	3.5.0		680a91daf2135c9b760e36db9b18045cf5a531bf
org.alephium	alephium-tools_2.13	3.5.1		3c5849c5d1bcc151a18e8eac0400921e7351b603
org.alephium	alephium-tools_2.13	3.5.2		33f4ec494cef4506656cf3ba153339b25894214a
org.alephium	alephium-tools_2.13	3.6.0		66e893f06cd2a3c7f14ea0c4b49b3d2a140030df
org.alephium	alephium-tools_2.13	3.6.1		f508c057721093648c8112744afc710b901a9baa
org.alephium	alephium-tools_2.13	3.6.2		4c73ba9eb6524c6e465bb3de703662ffae55fc8d
org.alephium	alephium-tools_2.13	3.6.3		6c49d053211573410e0dd122b77ac7fc81f373ad
org.alephium	alephium-tools_2.13	3.6.4		c5cbb95448f2e319b470c85d7d9391dd794176fe
org.alephium	alephium-tools_2.13	3.6.5		0ae4179d6dee675ab203ef325c7e90a386d7957f
org.alephium	alephium-tools_2.13	3.6.6		97b0febe86162ce6fe9ceb40cca85659250fa816
org.alephium	alephium-tools_2.13	3.7.0		d6b63b608df0cd2fbbcb072b008f32d4b48b0e56
org.alephium	alephium-tools_2.13	3.7.1		627133158a3e52080043441a443dffb62444960d
org.alephium	alephium-tools_2.13	3.8.0		d460e4967bbe95cec00847490dad0b24d6793bdb
org.alephium	alephium-tools_2.13	3.8.1		48006e5200bc013eb39991e03100c6f9275ceeda
org.alephium	alephium-tools_2.13	3.8.2		ed4ec928c03a087916c5bf137e892dfff739cbdc
org.alephium	alephium-tools_2.13	3.8.3		a190e9e88a40d5639c1370a44c842057223db6b9
org.alephium	alephium-tools_2.13	3.8.4		b05246e12e0e995f58f992dbc951ce8ba1246a90
org.alephium	alephium-tools_2.13	3.8.5		07b3933daa8a25d9a5218512843dfc22b948892b
org.alephium	alephium-tools_2.13	3.8.6		decc2a24515eff3b63e8e01053174048f7e6df63
org.alephium	alephium-tools_2.13	3.8.7		8888517cc29108de0fb95a4ed51f98886082ad6d
org.alephium	alephium-tools_2.13	3.8.8		672278bf8b11db2c7494f6a3cfb1b49c16c1d100
org.alephium	alephium-tools_2.13	3.9.0		f92860c5134e01787f5f8fdb6d24a46bf9975ef6
org.alephium	alephium-tools_2.13	3.9.1		09529b48269ced286e4130043ded604ec5849bbf
org.alephium	alephium-tools_2.13	3.9.2		67e733f50864fe31597842c173e83eaf6296879c
org.apache.camel	camel-jacksonxml-starter	2.18.0		4a61148fa4d15292f99ceaf1b408676ecebb2f93
org.apache.camel	camel-jacksonxml-starter	2.18.1		6bcafdf84bf1230e7d865fb305bf1850ad532954
org.apache.camel	camel-jacksonxml-starter	2.18.2		5bb7660efb6ba9c59dcc043889fc282b53e64e5a
org.apache.camel	camel-jacksonxml-starter	2.18.3		13290110f7166e7233683085fb30c7625112223d
org.apache.camel	camel-jacksonxml-starter	2.18.4		1201c67e2f6dde7b1fd6e51f537f02505f4b8b03
org.apache.camel	camel-jacksonxml-starter	2.18.5		da44c87390074b5ed30c7370d3340f3750f13600
org.apache.camel	camel-jacksonxml-starter	2.19.0		91894a1efe0209f322f62f2087293e65a8fb03c9
org.apache.camel	camel-jacksonxml-starter	2.19.1		0e69ffd2682e6bd9b7f564c073d5263221b2e536
org.apache.camel	camel-jacksonxml-starter	2.19.2		6c01ac2ceb01093ecabf95f5ca117baa192cfa0e
org.apache.camel	camel-jacksonxml-starter	2.19.3		ade315b2397c485f480766ef2067d32a442aa721
org.apache.camel	camel-jacksonxml-starter	2.19.4		46bbf158b75d632cd3d21ba6562c8ef2c041a268
org.apache.camel	camel-jacksonxml-starter	2.19.5		1d359af0f0fa13399675884b1dd45fa0bafb9bc3
org.apache.camel	camel-jacksonxml-starter	2.20.0		72f17ca1a1a6ab63abb0ae34ed0071665d8ba993
org.apache.camel	camel-jacksonxml-starter	2.20.1		a1ad558354035714115efe46b02b2c00dcf6162a
org.apache.camel	camel-jacksonxml-starter	2.20.2		d5b0bccb286c17245938f1b035fc8ebf532389de
org.apache.camel	camel-jacksonxml-starter	2.20.3		3e0983c08ab7fa4bfe45a7047e8565a926f25b35
org.apache.camel	camel-jacksonxml-starter	2.20.4		9e71bbf2d057e757b5017484ce891d75d584d12a
org.apache.camel	camel-jacksonxml-starter	2.21.0		09ae62d9ee7b02f3225e50396a62d389cab4a7a0
org.apache.camel	camel-jacksonxml-starter	2.21.1		d18474d09c2005b0eb64abce4f9ca260b3416f66
org.apache.camel	camel-jacksonxml-starter	2.21.2		2f6b3734289aad4a9cdeb36734e88e6288abd41a
org.apache.camel	camel-jacksonxml-starter	2.21.3		0e358e03ac53f0fde9240221a13c500a238b54bf
org.apache.camel	camel-jacksonxml-starter	2.21.4		db6f86d97eb255bb1ae0e2f064ea45a48acdc8c0
org.apache.camel	camel-jacksonxml-starter	2.21.5		8124c1b4f9ed0504df2451f02f086c54e32444fc
org.apache.camel	camel-jacksonxml-starter	2.22.0		205de053b34bd8c31f1228c2393efa8d303fde3b
org.apache.camel	camel-jacksonxml-starter	2.22.1		0071777f9d3be8597fb9162efc5a5c712f0edb30
org.apache.camel	camel-jacksonxml-starter	2.22.2		3f2578c432d8e2112e457d84eaad05e4a7d74210
org.apache.camel	camel-jacksonxml-starter	2.22.3		399eddbbba312cc6337fbbf82547726424f28e80
org.apache.camel	camel-jacksonxml-starter	2.22.4		d8a15e76a4c5b19d8a31a1ac79025c8a7f043ede
org.apache.camel	camel-jacksonxml-starter	2.22.5		ee582a58d654acf9af21e7f6dbff590b425dcd82
org.apache.camel	camel-jacksonxml-starter	2.23.0		1b20193ef18d5def97e261a6b1f44104086d0a48
org.apache.camel	camel-jacksonxml-starter	2.23.1		4a0d0df866bfa2e430e1fcd616c2a98fbba0467f
org.apache.camel	camel-jacksonxml-starter	2.23.2		c941ec0530ba1758a2bd82201ede4bc38e8f7a2c
org.apache.camel	camel-jacksonxml-starter	2.23.3		6f3664b06ab1ddd1227d4fb83d1678ed492a7218
org.apache.camel	camel-jacksonxml-starter	2.23.4		5085769b48521ff6f400e949ca292248613a92cb
org.apache.camel	camel-jacksonxml-starter	2.24.0		2420820dd738283def717b46a6c00ac6e431c9eb
org.apache.camel	camel-jacksonxml-starter	2.24.1		6c7f57aa12a0669e51e97232353e05fa77ee1395
org.apache.camel	camel-jacksonxml-starter	2.24.2		bf69feb97bcaf760607a2293f73437fab76225e3
org.apache.camel	camel-jacksonxml-starter	2.24.3		abb0e9e9b1a8eda9eee77f90869f5fc212589a71
org.apache.camel	camel-jacksonxml-starter	2.25.0		ec2a26a546dff6a046c4d80e5e3b9398c03e5348
org.apache.camel	camel-jacksonxml-starter	2.25.1		b773d407815002c4984a71923fdbab0667990205
org.apache.camel	camel-jacksonxml-starter	2.25.2		5c53805712061bf3eca70f08c358ef09d701c1c2
org.apache.camel	camel-jacksonxml-starter	2.25.3		4758f16b006d959994a93488834b7d0dbe6315d1
org.apache.camel	camel-jacksonxml-starter	2.25.4		8da7355fa21bfd238be17f2212aec1af676bcf82
org.apache.camel	camel-jacksonxml-starter	3.0.0-M1		c63c462c8d045e5f819a4087fb4d792fb856d508
org.apache.camel	camel-jacksonxml-starter	3.0.0-M2		1c925f1fc9d5cadb42db39da8e127f78191787a8
org.apache.camel	camel-jacksonxml-starter	3.0.0-M3		56417732cee7db1558163a91fcf97a580f55ebcf
org.apache.camel	camel-jacksonxml-starter	3.0.0-M4		70d3e50f80d49dea2982ba57aea8712d356c1f09
org.apache.camel	camel-jacksonxml-starter	3.0.0-RC1		19472646d1bfdd3701ea29851c8bf8a11050532f
org.apache.camel	camel-jacksonxml-starter	3.0.0-RC2		fda601f970c51772ac1c21fe6de4975ce22e4d1f
org.apache.camel	camel-jacksonxml-starter	3.0.0-RC3		47caedcda52756f1ca2bf6d3efd2c4a8d7594f7e
org.apache.geronimo.modules	geronimo-jetty8-clustering-wadi	3.0-M1		3971bf6a4e995f5f25a334f3ed00f8a133db37ed
org.apache.geronimo.modules	geronimo-jetty8-clustering-wadi	3.0-beta-1		9871d805db27189dfd38cb3caca2337fcb01da14
org.apache.geronimo.modules	geronimo-jetty8-clustering-wadi	3.0.0		a72a7a0ffeca1f3aeb7cef3511a035706ef9c215
org.apache.geronimo.modules	geronimo-jetty8-clustering-wadi	3.0.1		cfa8d0369c7f1d4f837cd0449b66f82c77719ef3
org.apache.marmotta	marmotta-sesame-matchers	3.2.0		f11380c33998cf97db0394a6ce385daed669d25f
org.apache.marmotta	marmotta-sesame-matchers	3.2.1		24b2961042fe8abb6aa3abd38977a32e6cf382e0
org.apache.marmotta	marmotta-sesame-matchers	3.3.0		f83a57a586b4a7bca10bba2b03710759c87c1760
org.apache.marmotta	marmotta-sesame-matchers	3.4.0		8955badcf81189a05086993d1f4f1c72ff06b2c7
org.apache.nifi	nifi-kerberos-credentials-service	1.10.0		82203e064ff6be053422ba706f863168de2aa526
org.apache.nifi	nifi-kerberos-credentials-service	1.11.0		6cf0b6b95754898118ccdbae5bc4f0750f6c9fe4
org.apache.nifi	nifi-kerberos-credentials-service	1.11.1		2afc6355e19c98151d01f197c1259767b6944789
org.apache.nifi	nifi-kerberos-credentials-service	1.11.2		92dae8b25a583b39367d6f4926f204126fbee5a5
org.apache.nifi	nifi-kerberos-credentials-service	1.11.3		78c077965fa38197bb17f530db3e3db0ef816dc2
org.apache.nifi	nifi-kerberos-credentials-service	1.11.4		016b673a1a86df8faf4078a1b5af0ebd4bb7946d
org.apache.nifi	nifi-kerberos-credentials-service	1.12.0		3a90a5fa4a6130e061274b87cb0830c9f81eb44d
org.apache.nifi	nifi-kerberos-credentials-service	1.12.1		92ca12bd1a088f73e2cf3d444992c7a3c152a97f
org.apache.nifi	nifi-kerberos-credentials-service	1.13.0		a81d4b80dcfb5fc46435579345e89b2706ce56ae
org.apache.nifi	nifi-kerberos-credentials-service	1.13.1		1b6515fd1e29521ad02fa74ca4eb78f424192cac
org.apache.nifi	nifi-kerberos-credentials-service	1.13.2		fdca72f255263f119aebceed3e9465764ec196ee
org.apache.nifi	nifi-kerberos-credentials-service	1.14.0		9fd13bd4340c34282919c63480226b43f7e10d7e
org.apache.nifi	nifi-kerberos-credentials-service	1.15.0		fcb2b34c8dbd1e92eabf54368f778c70bef2dabc
org.apache.nifi	nifi-kerberos-credentials-service	1.15.1		c3bd6eca0dea74d64407406ee986bb4d2a01c204
org.apache.nifi	nifi-kerberos-credentials-service	1.15.2		91d9008b0901e85066d26cde7ff7fff794b95933
org.apache.nifi	nifi-kerberos-credentials-service	1.15.3		d0d054e62a03edb339891dc2978161d76f27c73e
org.apache.nifi	nifi-kerberos-credentials-service	1.16.0		37285b4eca13dec1da6ab5c43687b59589b4b456
org.apache.nifi	nifi-kerberos-credentials-service	1.16.1		72c6c0cbd8043eae4c1aa8f6f23db2299c512393
org.apache.nifi	nifi-kerberos-credentials-service	1.16.2		bba6c7dfa66be3e6b489cf354cb1589fa2289f84
org.apache.nifi	nifi-kerberos-credentials-service	1.16.3		577bcd8d5af918705011b22d57d0390be4b6cf4c
org.apache.nifi	nifi-kerberos-credentials-service	1.17.0		adad2060b1c3ef1c05ddb82f7f673904badb44c9
org.apache.nifi	nifi-kerberos-credentials-service	1.18.0		4f4b028d6929dddc71b5943e93ed8057938345b1
org.apache.nifi	nifi-kerberos-credentials-service	1.19.0		30d97f2fcfb72a7216f256a3e1c03d3862e8bc98
org.apache.nifi	nifi-kerberos-credentials-service	1.19.1		5b99965e4afccad09b04da0420dd48e669874bb3
org.apache.nifi	nifi-kerberos-credentials-service	1.20.0		39a2dda9410652414d2c64ef4c9f5c5be7f06587
org.apache.nifi	nifi-kerberos-credentials-service	1.21.0		12ff21d66c9b6b4404cf152bb4c107aad95d7912
org.apache.nifi	nifi-kerberos-credentials-service	1.22.0		72897c90300d54db0bfa61547cbd0442407d8bd2
org.apache.nifi	nifi-kerberos-credentials-service	1.23.0		234176d5694249d983f176a32b0c7d1188acc419
org.apache.nifi	nifi-kerberos-credentials-service	1.23.1		dea16cf2e3eb3fd8ac684df29da377d5659fbb05
org.apache.nifi	nifi-kerberos-credentials-service	1.23.2		fab0a30b042b56eca3a55ebeb9cbe35ffc64c2d8
org.apache.nifi	nifi-kerberos-credentials-service	1.24.0		d4b52d3ed8be711ce9282b5d4541144481d747bf
org.apache.nifi	nifi-kerberos-credentials-service	1.25.0		dacf69c24c95cb316cbecebd37b7d0f94f51b024
org.apache.nifi	nifi-kerberos-credentials-service	1.26.0		7bf779bcde85d4c09abc2dac927fe6cf4e28f12d
org.apache.nifi	nifi-kerberos-credentials-service	1.27.0		bb96c1c782b7a606ba511fee7200836c587984c8
org.apache.nifi	nifi-kerberos-credentials-service	1.28.0		4ec581d9a7b04e87411702c32de9b80565487f1f
org.apache.nifi	nifi-kerberos-credentials-service	1.28.1		d3a99fe6622267be94a5a194ab058ffa525ec66f
org.apache.nifi	nifi-kerberos-credentials-service	1.6.0		3c06b3224c48e9eb8d283693dffcb8f8588da954
org.apache.nifi	nifi-kerberos-credentials-service	1.7.0		4e6263760bec41f7207825d600552a4ac9fbb74f
org.apache.nifi	nifi-kerberos-credentials-service	1.7.1		f19db474c03cb38d1e2b36016fb3322f70a89048
org.apache.nifi	nifi-kerberos-credentials-service	1.8.0		004a00a4368956da7de6fb13718311fe8ca44513
org.apache.nifi	nifi-kerberos-credentials-service	1.9.0		f113efcf16395ccb535b93cfd257719ef87b4530
org.apache.nifi	nifi-kerberos-credentials-service	1.9.1		2e76a23400b6c2048608b5645ab4a0c55ccfd44c
org.apache.nifi	nifi-kerberos-credentials-service	1.9.2		0e6ffacb60298450f9f06190fbb9554ecf13dd82
org.apache.nifi	nifi-kerberos-credentials-service	2.0.0-M1		8da2a86dbf60523120ccfdf046624efa9b61c1c2
org.apache.nifi	nifi-kerberos-credentials-service	2.0.0-M2		2be568f5eac53cd868deaeaa83efa47b823da7d5
org.apache.nifi	nifi-kerberos-credentials-service	2.0.0-M3		54cb7d154d7025ba5c9dcc253fb6fede951bb7a6
org.apache.nifi	nifi-kerberos-credentials-service	2.0.0-M4		8d27daeeb2eb601a63565e1d3e26d05b3cbf7dd7
org.bidib.jbidib.swinglabs.swingx	swingx-beaninfo	1.6.5-1		e1529f1b6a2ed59f05e8d5b8f77dfe8ec5c926bf
org.duracloud	snapshotstorageprovider	3.2.0		65edb96d7a379f640f1b8eb62a89f79e8b4ffc93
org.duracloud	snapshotstorageprovider	3.2.1		792a59d0158affbf1c4fe25fbe95b06c0840ef0d
org.duracloud	snapshotstorageprovider	3.2.2		da5d04d87b9c4ae7d5f4368a3d3509e6a2c92ae1
org.duracloud	snapshotstorageprovider	3.2.3		877913328505aa097530f14d71eb66066f90ebee
org.duracloud	snapshotstorageprovider	3.2.4		9462175a6d5e021604e5b3c2f634530ee432b48d
org.duracloud	snapshotstorageprovider	3.2.5		eabef418dd3349ef5a2bc094c1572e4dd2d03997
org.duracloud	snapshotstorageprovider	3.3.0		dc3de44ac5ece3488ade6c8883cc22baa35f3d91
org.duracloud	snapshotstorageprovider	3.4.0		a44dd57739858b299042f2ed418c4dcb9a29195a
org.duracloud	snapshotstorageprovider	3.5.0		15912ab3d0cbafc2c97c34d3b0d913e0a626ec83
org.duracloud	snapshotstorageprovider	3.6.0		28f1ef45c7c451eefff2b2b20b0e23306162a140
org.duracloud	snapshotstorageprovider	3.7.0		9073bccd2a63eb19c8682bf629e209a6ee944516
org.duracloud	snapshotstorageprovider	3.7.1		b1ee5debd668c19fbb39cd67a339d9a0b6b29c26
org.duracloud	snapshotstorageprovider	3.7.2		114e3d3e22be545e6198215d5106a8c0120a547b
org.duracloud	snapshotstorageprovider	3.7.3		97ea9639d062c46c5850cb9b6243585078530f9b
org.duracloud	snapshotstorageprovider	3.7.4		6c496453d0a8c9e40171790bc0b51905e4e858f2
org.duracloud	snapshotstorageprovider	4.0.0		644e0c6396e9ccdadb263782d342ff9c6528b09c
org.duracloud	snapshotstorageprovider	4.0.1		468d9d9615e99a43b0f09e11a38ac2ff29766ffa
org.duracloud	snapshotstorageprovider	4.1.0		b7b3da2c40c82d07863e4c9bcb5eccfeeb59d0e3
org.duracloud	snapshotstorageprovider	4.1.1		d3ae776de556dc7a51b8032f61eed2b505d82ddc
org.duracloud	snapshotstorageprovider	4.1.2		9eb90c81bdb52858ae583ee7acf99a65dd661860
org.duracloud	snapshotstorageprovider	4.1.3		afc4d8579307df768e8dc894f0ecade97ca0e8ae
org.duracloud	snapshotstorageprovider	4.1.5		db035c9eb664f87e7d5b773cacaf64837129509f
org.duracloud	snapshotstorageprovider	4.1.6		7f21671ea811fc43d1a7630246e11d93ffb314c1
org.duracloud	snapshotstorageprovider	4.1.7		8f27756eccd6d39ec7f30fe4bbf1d7b282ecca78
org.duracloud	snapshotstorageprovider	4.1.8		34f44b818ab4b88bcb8be4a4fd32e35715d4782c
org.duracloud	snapshotstorageprovider	4.1.9		1eaa1b90b504a514be31e0333dbc98b85266e558
org.duracloud	snapshotstorageprovider	4.2.0		3f6be793113616a6618da2670719cb6cfafd426e
org.duracloud	snapshotstorageprovider	4.2.1		c9f41f411d5e7806ce711d6277a50ad1bb37c4f4
org.duracloud	snapshotstorageprovider	4.2.2		879886d21b73efcdc23951e78ef0eed8307553d4
org.duracloud	snapshotstorageprovider	4.2.3		069fbcb014f6233d35732c570bcf074f6e4db932
org.duracloud	snapshotstorageprovider	4.2.4		1d005aa094c887482006eb283a98b03e5f674029
org.duracloud	snapshotstorageprovider	4.2.5		98f968b0ee5b5b9c1469ace88704b99192ccd387
org.duracloud	snapshotstorageprovider	4.2.6		217c80bfc9f80566cdf3938c66c8515d431dcbd7
org.duracloud	snapshotstorageprovider	4.3.3		542e1a7e043f1cb363dee86fa100f69346e03358
org.duracloud	snapshotstorageprovider	4.3.5		fd1ee64307fb764a38119ee3c2fd87e7ef72d274
org.duracloud	snapshotstorageprovider	4.3.6		759515681098a2519ed6594a0567988c2d8459d7
org.duracloud	snapshotstorageprovider	4.3.7		5dc3da03814c46be437b20930329dcce68cfb1eb
org.duracloud	snapshotstorageprovider	4.3.8		2aee82e9138cad9072882e22b49cb126730a882a
org.duracloud	snapshotstorageprovider	4.3.9		447c0b1be519ca654d4713c92a9894f6bccae9d8
org.duracloud	snapshotstorageprovider	4.4.0		9fbfdc618df5773abff213f66cc7b303e2095083
org.duracloud	snapshotstorageprovider	4.4.1		e312f5998bedabe72eaa5ebcd71356051a5121d1
org.duracloud	snapshotstorageprovider	4.4.2		8079b8679f6e8a97da156a714e34cb9ea6e1c85a
org.duracloud	snapshotstorageprovider	4.4.3		f17e95cb535c4e2f3d35875379c97a42ec8988ac
org.duracloud	snapshotstorageprovider	4.4.4		55d6b47a11c6ef6536149bb256daa2c3cd484cb6
org.duracloud	snapshotstorageprovider	4.4.5		35fbf8e0c6806e4c7e0d0bfc074ddaadd7ad5d25
org.duracloud	snapshotstorageprovider	4.4.6		6106cc5cf68c926c24b0205cbba6b6d8ed836056
org.duracloud	snapshotstorageprovider	5.0.0		9c9cad19b8a84723c4a3f41313565188ee2407ca
org.duracloud	snapshotstorageprovider	5.1.0		faf81eb61d14ec1b56d7f9f9744ba05e96682754
org.duracloud	snapshotstorageprovider	6.0.0		81e5dc3edd1a009452e164568ca3747d2c161851
org.duracloud	snapshotstorageprovider	6.0.1		71b079c2c7e4503d19219bd568a73b3c03a1b931
org.duracloud	snapshotstorageprovider	6.1.0		4260ffb89fcc14644736af72d88dab8575e2a1b9
org.duracloud	snapshotstorageprovider	6.1.1		4061b08c0d99cbd4ac72deee58822a8a810c98a3
org.duracloud	snapshotstorageprovider	6.2.0		59e5f7ca7f1efb56818c6576b1575c19b1c8012b
org.duracloud	snapshotstorageprovider	6.2.1		c3de2534b031f68ec1c270b0f667fa0fe8ed4a8a
org.duracloud	snapshotstorageprovider	7.0.0		247624748eab7a2d9dc7e30b735cd40d3f2393c5
org.duracloud	snapshotstorageprovider	7.1.0		ed4ae823339873330d6de97e2bbd3bee92e46242
org.duracloud	snapshotstorageprovider	7.1.1		df8ce9c05f04511b35ea7192e7500d456cbd7f53
org.duracloud	snapshotstorageprovider	7.1.2		78d06f0885abaa81265efdd499abca6a4fbbba9a
org.duracloud	snapshotstorageprovider	7.1.4		41d11de581caf1a3a74b34f7491f3b4208783954
org.duracloud	snapshotstorageprovider	8.0.0		a3048e7e1b553411218d2e09e0f512e435483652
org.duracloud	snapshotstorageprovider	8.1.0		006710d855e652c12ba27d32084cd56470931527
org.eclipse.platform	org.eclipse.core.filesystem.win32.x86_64	1.4.0		1b1ac12c0ede7cc773213f9b728db1c224126ac9
org.eclipse.platform	org.eclipse.core.filesystem.win32.x86_64	1.4.100		9abc8e1b624217bba44cd6df268773dcb9540489
org.eclipse.platform	org.eclipse.core.filesystem.win32.x86_64	1.4.200		fb36fb128c1ca09334816896daadef572f4b6af8
org.eclipse.platform	org.eclipse.core.filesystem.win32.x86_64	1.4.300		63a1e5e2973f73214f890381f5e52df0b5a7c0e5
org.fusesource.hawtjni	hawtjni-example	1.0		be82dd4c327c11a040f5d2568b84b2c798f9d53d
org.fusesource.hawtjni	hawtjni-example	1.0	osx64	469fb42384250309895506e0beeffc866d1fcf39
org.fusesource.hawtjni	hawtjni-example	1.1		c90dbc19d828fec96edda8cf260bdaca641ef792
org.fusesource.hawtjni	hawtjni-example	1.1	osx64	224ebfadf847bf98227ee0217cddb4c13897197e
org.fusesource.hawtjni	hawtjni-example	1.10		287be6aa40806ecea24d52eef6b4006d0fc7bda4
org.fusesource.hawtjni	hawtjni-example	1.10	osx	d1e03d94d8a0deae7e4537f5d83486698ce52430
org.fusesource.hawtjni	hawtjni-example	1.11		94e96a8cf84a163c22fae3d0f853751bab02996b
org.fusesource.hawtjni	hawtjni-example	1.11	osx	e57f58b9aab24d35a107c52b8f36737c1a0d5d97
org.fusesource.hawtjni	hawtjni-example	1.12		dff3914b863be8c4d31e24d4775fa6525a736853
org.fusesource.hawtjni	hawtjni-example	1.12	osx	eec115af364e367ba5d94a2d272e1da8b512ff13
org.fusesource.hawtjni	hawtjni-example	1.13		c67dcfe1527c700485d7eb98ab67759c5e57c974
org.fusesource.hawtjni	hawtjni-example	1.13	osx	bb91aa00d1a246d44d96a6a83c00ce3ad1c3e87f
org.fusesource.hawtjni	hawtjni-example	1.14		dd780fbf5b12cbe4801b58db9d3a080143483ef3
org.fusesource.hawtjni	hawtjni-example	1.14	osx	702149d926be263fcfea6d4c8158f1e2313b613a
org.fusesource.hawtjni	hawtjni-example	1.15		27cbd190e4b458b5d46fc4a466a787b42a0969b5
org.fusesource.hawtjni	hawtjni-example	1.15	osx	b725222598f9e86632e5ecf8330c8395c10c43be
org.fusesource.hawtjni	hawtjni-example	1.16		2624aa393439fe2f9c9541b4193e59bc3a9d7a70
org.fusesource.hawtjni	hawtjni-example	1.16	linux64	2c674410433566907e4da6cd93039778234656d2
org.fusesource.hawtjni	hawtjni-example	1.17		4380ace601b980b596a5f7d8568e8e37e6076820
org.fusesource.hawtjni	hawtjni-example	1.17	osx	880009967e5ba76d23baceb1e96d9dc4e9fc0b09
org.fusesource.hawtjni	hawtjni-example	1.18		8f75f25ebb2ab6bfa5ff6d6775ae736c23c6c779
org.fusesource.hawtjni	hawtjni-example	1.18	osx	c20d84e9b82a399720a5451f654487107d132334
org.fusesource.hawtjni	hawtjni-example	1.2		4e3e8a4b24714193216ecdf8b90055b5d4ae0826
org.fusesource.hawtjni	hawtjni-example	1.2	osx64	825647d56df8a3dffe89076fe444bbbdf1ff19f1
org.fusesource.hawtjni	hawtjni-example	1.3		d3321275c6db6a93a1f9b5949771061a92595ea3
org.fusesource.hawtjni	hawtjni-example	1.3	osx	8f1238bfd170678edf009f84774ae35ac81c02ba
org.fusesource.hawtjni	hawtjni-example	1.4		baf393ebc8be62ed7b0658e490760b3de4c3e910
org.fusesource.hawtjni	hawtjni-example	1.4	osx	371487a22d407630f66144268cd80e9e8b9649eb
org.fusesource.hawtjni	hawtjni-example	1.5		380362d1076e653fe389353f842d646789b7c67f
org.fusesource.hawtjni	hawtjni-example	1.5	osx	7b4d26ceedb6603a7fce67460c5d7615aac004e2
org.fusesource.hawtjni	hawtjni-example	1.6		c40a7ccee1a7b680e86d7371823a90223b5168eb
org.fusesource.hawtjni	hawtjni-example	1.6	osx	188657c3e90321160281f04e6318c332d31c6fba
org.fusesource.hawtjni	hawtjni-example	1.7		c79f5c7a4db83471a503c2b25e18a5bf3c1a438d
org.fusesource.hawtjni	hawtjni-example	1.7	osx	7202d734914d851cebd5ddd61199ba78c2fbd200
org.fusesource.hawtjni	hawtjni-example	1.8		85fc1dcc3f9564b40900fbd07b61e5f9d33b8369
org.fusesource.hawtjni	hawtjni-example	1.8	osx	ee5bcce046d28555507f2140ac97800d99355fe6
org.fusesource.hawtjni	hawtjni-example	1.9		8d7c9802ada3c003b6d3f8dcdb3e6d7a4f5acd39
org.fusesource.hawtjni	hawtjni-example	1.9	osx	c776c0d1daca2f6897969261c718411a46131bae
org.glassfish.fighterfish	test.app10.bean	1.0.0		53ef6d0fa251bcef03d205b86e0d706985e47118
org.glassfish.hk2	security-lockdown-example-runner	2.0.1		00550834a72cb9571bd232f49fef63e2ec9c41ba
org.glassfish.hk2	security-lockdown-example-runner	2.0.3		27fd14f910408ad21c218df215b53cb13d1bd7c1
org.glassfish.hk2	security-lockdown-example-runner	2.0.4		e9c353116b1203874c7f88d1e98850e2347582b1
org.glassfish.hk2	security-lockdown-example-runner	2.0.5		bd3be367fe937a323d8b9cafb4baa5629a930fd3
org.glassfish.hk2	security-lockdown-example-runner	2.1.0		493a6e430e3fd81bf05c2052c9218987a278a0c0
org.glassfish.hk2	security-lockdown-example-runner	2.1.1		7308032e84dbddafa183a5816098bec322188b27
org.glassfish.hk2	security-lockdown-example-runner	2.1.10		734c52d5aa6def4e3c280fc1271c073dd84c4ade
org.glassfish.hk2	security-lockdown-example-runner	2.1.11		42072901be08dde1d6ea63f27f02db6788d66288
org.glassfish.hk2	security-lockdown-example-runner	2.1.12		4febdc067229b521502097693558d1ac889ca0a1
org.glassfish.hk2	security-lockdown-example-runner	2.1.13		53417cd3e8fa8b558c5d36e0e7537cc55d481a65
org.glassfish.hk2	security-lockdown-example-runner	2.1.14		3f254799c4bd1f5ceb42ff2223d9d077c317da8a
org.glassfish.hk2	security-lockdown-example-runner	2.1.15		c188972e4c149c309e924cee7a79fec30abcecef
org.glassfish.hk2	security-lockdown-example-runner	2.1.16		7bc18a703aaac763c528ed3c4154b1331dbac8f0
org.glassfish.hk2	security-lockdown-example-runner	2.1.17		8ce36b7b4f02fde3fa7e961e360a0e8d29c77733
org.glassfish.hk2	security-lockdown-example-runner	2.1.18		73cad12fd042184d34813b67facad0228cb2700a
org.glassfish.hk2	security-lockdown-example-runner	2.1.19		e698bd0500cf3bc635513bb1c3b55472caeecdf1
org.glassfish.hk2	security-lockdown-example-runner	2.1.2		f36bb34b640744c96f178f044d5ebd2073821104
org.glassfish.hk2	security-lockdown-example-runner	2.1.20		9256faede6be6076929c69a6590f6523846a50a9
org.glassfish.hk2	security-lockdown-example-runner	2.1.21		42df241bd8c534b93c6737ac133c4726737b605c
org.glassfish.hk2	security-lockdown-example-runner	2.1.22		cd09bd7427a5dee54290e2b7d5736b3c0fae888c
org.glassfish.hk2	security-lockdown-example-runner	2.1.23		3f1cbeb9fad4aacd47aa58474649a5ae38b4a9e4
org.glassfish.hk2	security-lockdown-example-runner	2.1.25		0ca4c8b4b176dae97a7d49e487a86d91bbc696f2
org.glassfish.hk2	security-lockdown-example-runner	2.1.26		b8166721c6391e124876f0a59919673be7dffa44
org.glassfish.hk2	security-lockdown-example-runner	2.1.27		f4d9788b09e60005e941dbbc8fc653f7c271fdea
org.glassfish.hk2	security-lockdown-example-runner	2.1.28		b1b1005c909f8cf744e0ff39bb5ac1bd84a242af
org.glassfish.hk2	security-lockdown-example-runner	2.1.29		8c018fda82092ecce7a51fc1d896a6e76e13111c
org.glassfish.hk2	security-lockdown-example-runner	2.1.3		e2810204a3f314b9aae80a6e964ba29de2093ad8
org.glassfish.hk2	security-lockdown-example-runner	2.1.30		a84ac1e1fbe45e422be64f32513402189916067b
org.glassfish.hk2	security-lockdown-example-runner	2.1.31		50253c118c05b648d11a7b4966d5cb2656ad6c57
org.glassfish.hk2	security-lockdown-example-runner	2.1.32		0a465305da32bb9b2941157630b43759808a4110
org.glassfish.hk2	security-lockdown-example-runner	2.1.33		52e5d446a08281b1c15789116d4946dadfc01816
org.glassfish.hk2	security-lockdown-example-runner	2.1.34		10f6a3c26244c6b963656e066ab38c38e6aa98c7
org.glassfish.hk2	security-lockdown-example-runner	2.1.35		89567742303f11a8fefaf6c1e6dd238d2fcbd5bc
org.glassfish.hk2	security-lockdown-example-runner	2.1.36		8a7dce19920b1141ef6d2d4f0cc27e9bf751d696
org.glassfish.hk2	security-lockdown-example-runner	2.1.37		3308a54cc5f3f54ae775ba17b380a82e50d24a20
org.glassfish.hk2	security-lockdown-example-runner	2.1.38		dbaaf389312f75ba1cef47b4ffb1921cfe28b1cd
org.glassfish.hk2	security-lockdown-example-runner	2.1.39		c26fb7beacccb05a8ee4debd28a6c38f10c984f5
org.glassfish.hk2	security-lockdown-example-runner	2.1.4		16b416b24e2cb301c063685a2243dd528f668bfa
org.glassfish.hk2	security-lockdown-example-runner	2.1.40		6469cf03ff38e524f7de053d713693a8fd6e7cba
org.glassfish.hk2	security-lockdown-example-runner	2.1.41		cabeeafa6209e303eef0f5928459e3c5f89e3b2e
org.glassfish.hk2	security-lockdown-example-runner	2.1.42		eaf66ed9de85285d8b268fe4c5880206700f8d9f
org.glassfish.hk2	security-lockdown-example-runner	2.1.43		a72444335f82f8e98b392911042b3273acd36cf6
org.glassfish.hk2	security-lockdown-example-runner	2.1.44		031e6ee318623734f09b2d72dda509696cfa9c86
org.glassfish.hk2	security-lockdown-example-runner	2.1.45		9f8f35892666caf5289a9d9c3a1c0b8f1539160a
org.glassfish.hk2	security-lockdown-example-runner	2.1.46		dc8352dbbf4194bbb87119076b8595aaf900a681
org.glassfish.hk2	security-lockdown-example-runner	2.1.47		e080fc8665a596a465a27f28c068a3708008436c
org.glassfish.hk2	security-lockdown-example-runner	2.1.48		ad8e20932084d3f4f60511d08b6249efb24d1c26
org.glassfish.hk2	security-lockdown-example-runner	2.1.49		e3f75c89b5c43bb23650a858cbfbdab0ef3d8a7e
org.glassfish.hk2	security-lockdown-example-runner	2.1.5		717b8d0880818465bbe9e691098e53bd8a520fa2
org.glassfish.hk2	security-lockdown-example-runner	2.1.50		9b1d4e22cc64b7d3bacc0acb4adae7726d86c4a9
org.glassfish.hk2	security-lockdown-example-runner	2.1.51		eb401e76d80b8230f61c94732644f3ed1efc8838
org.glassfish.hk2	security-lockdown-example-runner	2.1.52		a95fbc97c8a6987ffd0258782f15a0f7a1c850de
org.glassfish.hk2	security-lockdown-example-runner	2.1.53		cbe43bb4fdb7a63d56e9f3de2f1b16bf9eb8477d
org.glassfish.hk2	security-lockdown-example-runner	2.1.54		0c32bbfb16c8bb718227793c4c4cfd85f86ef364
org.glassfish.hk2	security-lockdown-example-runner	2.1.55		7fb1715e6a661221c501b69d6948c9933c54fe40
org.glassfish.hk2	security-lockdown-example-runner	2.1.56		460cec7f4846dfed25f13658437510d4e9126fda
org.glassfish.hk2	security-lockdown-example-runner	2.1.57		9ced0437feca20838782b861f5d438f44950ac95
org.glassfish.hk2	security-lockdown-example-runner	2.1.58		0695ad6157057275694a1be5da604b593b124ec1
org.glassfish.hk2	security-lockdown-example-runner	2.1.59		e7ce50ce2523dd6012db6670a7c5d4eb0de39839
org.glassfish.hk2	security-lockdown-example-runner	2.1.60		121cef93b9bb9aaab96b7cb494be6d02e1fd2825
org.glassfish.hk2	security-lockdown-example-runner	2.1.61		0f9a9c216f5e6c954fa02dcf90561c5ad408af92
org.glassfish.hk2	security-lockdown-example-runner	2.1.62		a739e6fe4221aa60d67e8dcf0306b02b670db391
org.glassfish.hk2	security-lockdown-example-runner	2.1.63		4b36378c301d91574a20ba725516b0611228a95d
org.glassfish.hk2	security-lockdown-example-runner	2.1.64		ac10fbb6292ddef0abc4ba8de967135ea0f8deed
org.glassfish.hk2	security-lockdown-example-runner	2.1.65		54132a88182c9119acd05a09ddd62a8bdda941c2
org.glassfish.hk2	security-lockdown-example-runner	2.1.66		42a32ed4ca1e81749010dc6badb19c384604995c
org.glassfish.hk2	security-lockdown-example-runner	2.1.67		33143ca2d2dbc7916c61a25aa998d33c590a9c56
org.glassfish.hk2	security-lockdown-example-runner	2.1.68		f28de7b434cd8f816fbccc3b8a4d6287e4938fe8
org.glassfish.hk2	security-lockdown-example-runner	2.1.69		df5bc331016abf284d8d1ef6cbccc6b66b62b742
org.glassfish.hk2	security-lockdown-example-runner	2.1.7		18257f9d77b02ba5e9281275f74f13b832335c0b
org.glassfish.hk2	security-lockdown-example-runner	2.1.70		7131aad6fe5fe731480dbbc79db4c264cab16a5f
org.glassfish.hk2	security-lockdown-example-runner	2.1.71		18fee083b6d7d6d22947556b7639eead2e5705ef
org.glassfish.hk2	security-lockdown-example-runner	2.1.72		9f33924bbe2953df3fa674b76939a4e380b90d49
org.glassfish.hk2	security-lockdown-example-runner	2.1.73		26856ae840b05725988245bc0962bd4aee6b08e0
org.glassfish.hk2	security-lockdown-example-runner	2.1.76		267d9bc5745f0a6e566280a7ba9d0413c291aea0
org.glassfish.hk2	security-lockdown-example-runner	2.1.78		65e163c02ca27cba1c063cee2cd13801a7d5072b
org.glassfish.hk2	security-lockdown-example-runner	2.1.79		715d21bcf185b136a3ee2eeee9cd88c9b0c2d207
org.glassfish.hk2	security-lockdown-example-runner	2.1.8		f3a609c500bdba3b195083fdf0f6a869ee6ea686
org.glassfish.hk2	security-lockdown-example-runner	2.1.80		55f50b5f987e7ba8a110bc5b076cb8cb38923e3c
org.glassfish.hk2	security-lockdown-example-runner	2.1.81		77d862825b52506c8d5adde191ef0e2e002bfd3e
org.glassfish.hk2	security-lockdown-example-runner	2.1.82		eb6c349843529f20dfcf169f481ed5ce404152aa
org.glassfish.hk2	security-lockdown-example-runner	2.1.83		6f935b98cde9078fe0155893dcf8cb031de46155
org.glassfish.hk2	security-lockdown-example-runner	2.1.84		23d42af6c38d9e6483929f8f9b0818f9c40455d8
org.glassfish.hk2	security-lockdown-example-runner	2.1.85		6a036f9db179187cab801abdcc9ce066c069b124
org.glassfish.hk2	security-lockdown-example-runner	2.1.86		7bc5c066c8bb62cc2ad4e79d401aa1bc7dedb37b
org.glassfish.hk2	security-lockdown-example-runner	2.1.87		a3d4cc3cf0a8a912513bbcdf99c55b323ad85ad5
org.glassfish.hk2	security-lockdown-example-runner	2.1.88		050aecb782f3d0c6fd5d876ed023d453b5e2a909
org.glassfish.hk2	security-lockdown-example-runner	2.1.89		0d5f761f7944f8d4ec80681fce78cd986b1b7c86
org.glassfish.hk2	security-lockdown-example-runner	2.1.9		6b150fce1df7444f19cb535519e4db58e55ac95c
org.glassfish.hk2	security-lockdown-example-runner	2.1.91		40ec755febd3d287debe9c13914d86a72725f12a
org.glassfish.hk2	security-lockdown-example-runner	2.1.92		db87f0cabbce45a0d287399662bc13e215155690
org.glassfish.hk2	security-lockdown-example-runner	2.1.93		a3689e99c2ea07fc91c32b5cdda86d2d838978c0
org.glassfish.hk2	security-lockdown-example-runner	2.1.95		3d9f60839ea09be634efdc41d482418acd584f80
org.glassfish.hk2	security-lockdown-example-runner	2.1.96		1d970de8ba6e3694b46dbed9260983aa9e8b861f
org.glassfish.hk2	security-lockdown-example-runner	2.2.0		7b9905551c8dad8a88de602e0eb9c3c0a306a093
org.glassfish.hk2	security-lockdown-example-runner	2.2.0-b02		c271feec1b67e3a5996aea6214df93148fb51c08
org.glassfish.hk2	security-lockdown-example-runner	2.2.0-b03		4d4f672e94060a3136ed650177e0e254652df5b8
org.glassfish.hk2	security-lockdown-example-runner	2.2.0-b05		38ee3756e45e334e32418e675c34ac59232c3abd
org.glassfish.hk2	security-lockdown-example-runner	2.2.0-b06		6518e6c763d93eb299ca72dee4756ba3320d83b6
org.glassfish.hk2	security-lockdown-example-runner	2.2.0-b10		48da03844c6c412531bc32254acfeab6e6a9ee73
org.glassfish.hk2	security-lockdown-example-runner	2.2.0-b14		7ce9dc5d46fc30286223c38a984ee47cfab6fa7a
org.glassfish.hk2	security-lockdown-example-runner	2.2.0-b15		728b73750be01dc9b02a0a289af0480bcc677546
org.glassfish.hk2	security-lockdown-example-runner	2.2.0-b16		d37108c8dce52d4cf71f9464e831397567273557
org.glassfish.hk2	security-lockdown-example-runner	2.2.0-b17		7144f806c97af4a9753c3475d6a7f323db156623
org.glassfish.hk2	security-lockdown-example-runner	2.2.0-b18		5209f3a3e886b12e3012da9c7dcc9dabc6cf3293
org.glassfish.hk2	security-lockdown-example-runner	2.2.0-b19		a7ffe37198b9909843f95ea76a6fa226f957fb97
org.glassfish.hk2	security-lockdown-example-runner	2.2.0-b20		584e9697a1de3ca286644086c5a8ff59bd58f769
org.glassfish.hk2	security-lockdown-example-runner	2.2.0-b21		dd5e5e4468b41781f5c987b95d6c3e3201c8e195
org.glassfish.hk2	security-lockdown-example-runner	2.2.0-b22		bfb182e0091e87856bbe5a37ded57f9713cd3e98
org.glassfish.hk2	security-lockdown-example-runner	2.2.0-b23		afd17e6d4573508b3de412adc414584783195b06
org.glassfish.hk2	security-lockdown-example-runner	2.2.0-b24		09032f4a464b6bbf8a94f34ac94a4859f48f9f3e
org.glassfish.hk2	security-lockdown-example-runner	2.2.0-b25		f29b75665f12106ba6365ef1fea988a71a018c39
org.glassfish.hk2	security-lockdown-example-runner	2.2.0-b26		944aeaac5bd8dda0234d9df04593fd0a9c0cb2a6
org.glassfish.hk2	security-lockdown-example-runner	2.2.0-b27		ac54a191d493bdcde3c94eb593aed0ecca240340
org.glassfish.hk2	security-lockdown-example-runner	2.3.0		7fd2308cc0841c09109422c0131424128acc9b0e
org.glassfish.hk2	security-lockdown-example-runner	2.3.0-b01		0cd1f404e5c05d0a981a99c09044cd62eae65619
org.glassfish.hk2	security-lockdown-example-runner	2.3.0-b03		c2be33e6e7a6d8bf96827636dba0cac5b55ea55b
org.glassfish.hk2	security-lockdown-example-runner	2.3.0-b04		33ce7797f3cea305b6488f37dfc8e80e1e98f354
org.glassfish.hk2	security-lockdown-example-runner	2.3.0-b05		b4c80248d15df6d8cc46058e75319f41e963b75f
org.glassfish.hk2	security-lockdown-example-runner	2.3.0-b06		b85cfb4fdb48df4523c0fc5fc5d0f01a02042cfb
org.glassfish.hk2	security-lockdown-example-runner	2.3.0-b07		a1c19a9dcce25716771d2673498359d061b813bc
org.glassfish.hk2	security-lockdown-example-runner	2.3.0-b08		465c23460f0ccc5a81327e5f15c99ea1eaf07be0
org.glassfish.hk2	security-lockdown-example-runner	2.3.0-b09		a8be01547b4a42522d7dba37286e45d29e3381c3
org.glassfish.hk2	security-lockdown-example-runner	2.3.0-b10		a93e914a8916e005e3db7c276bbdf1fcdc5fff76
org.glassfish.hk2	security-lockdown-example-runner	2.4.0		9153d4a075ce16a56c44ef3f14fcac74a9defd3e
org.glassfish.hk2	security-lockdown-example-runner	2.4.0-b01		a45f3ce97c3e89ba577dbe8193f206e96d2b9dd3
org.glassfish.hk2	security-lockdown-example-runner	2.4.0-b02		dc191a7bc0c6524be5b645072ed98c65ddcd808d
org.glassfish.hk2	security-lockdown-example-runner	2.4.0-b03		9fb71e5ab7e0cfb2259b82730ea1f6871d1d40f3
org.glassfish.hk2	security-lockdown-example-runner	2.4.0-b04		d7b8e3cf82ecf2cae061e3ce1ad9b28ecaada9fe
org.glassfish.hk2	security-lockdown-example-runner	2.4.0-b05		9a733cb7ce86ed84f2d386715e95480d102d7d49
org.glassfish.hk2	security-lockdown-example-runner	2.4.0-b06		8522538355f0f46691741a78641806b70ca0d034
org.glassfish.hk2	security-lockdown-example-runner	2.4.0-b07		05eef9e79b2b2a8b36834707099dfde6fef53c67
org.glassfish.hk2	security-lockdown-example-runner	2.4.0-b08		2dee53fc885c8932804784dafc17c7b2e67a6ad8
org.glassfish.hk2	security-lockdown-example-runner	2.4.0-b09		eab9554934983231a8e1839bd0d3612967650c7b
org.glassfish.hk2	security-lockdown-example-runner	2.4.0-b10		70ef6a5a2bd8c5a70ff839c8596f621c107c3d8f
org.glassfish.hk2	security-lockdown-example-runner	2.4.0-b11		78250837c3b36b4d31cc65a8497fe5e7a567d4bd
org.glassfish.hk2	security-lockdown-example-runner	2.4.0-b12		f99324a343632a427e992e8c022f52daa1433550
org.glassfish.hk2	security-lockdown-example-runner	2.4.0-b13		9c4651ca90476868984855408521fe34fa7388df
org.glassfish.hk2	security-lockdown-example-runner	2.4.0-b14		e862aa28f4f654e3853108bb9a0376b3a1239cf9
org.glassfish.hk2	security-lockdown-example-runner	2.4.0-b15		468b57e75654f9d1e7d1efe337f026275a1b9a46
org.glassfish.hk2	security-lockdown-example-runner	2.4.0-b16		ccd839f81b4dff9500a5b58a8842b1607d20fd7f
org.glassfish.hk2	security-lockdown-example-runner	2.4.0-b17		723af1187c66333145ec2219ac906a6dc5a6e917
org.glassfish.hk2	security-lockdown-example-runner	2.4.0-b18		08a8b2aaa03f4beb225c0a3827c7d61fdd9bfdd3
org.glassfish.hk2	security-lockdown-example-runner	2.4.0-b19		5f0dd90f4d99dfb6ae573660222787d847b1dcfb
org.glassfish.hk2	security-lockdown-example-runner	2.4.0-b20		2bfc4fe6c967ba36882842487e5df0f4ca57d2d3
org.glassfish.hk2	security-lockdown-example-runner	2.4.0-b21		caaeeda7af89a82e4d36aa2b503380e6ae3c034d
org.glassfish.hk2	security-lockdown-example-runner	2.4.0-b22		5f0da167bde1ef9a4d4e129f5b31171952af67be
org.glassfish.hk2	security-lockdown-example-runner	2.4.0-b24		ad1c2c19ecb79652d9c3720a058288c39cf9a7d7
org.glassfish.hk2	security-lockdown-example-runner	2.4.0-b25		bbfa0dd4ecdb208c91802142ee2926c23b2f1970
org.glassfish.hk2	security-lockdown-example-runner	2.4.0-b26		ca004a25f665e51f79795ecb948acfa4979332a8
org.glassfish.hk2	security-lockdown-example-runner	2.4.0-b27		95cfad8a928fb5f664b654f4b2eda2e87cac20c1
org.glassfish.hk2	security-lockdown-example-runner	2.4.0-b28		d4e067199d244a461b520daca9217aa48b041a77
org.glassfish.hk2	security-lockdown-example-runner	2.4.0-b29		15c304f5cedeeb0c3775173b50eef7a6bc99969c
org.glassfish.hk2	security-lockdown-example-runner	2.4.0-b30		1178fdb1052d2705e8b839005ad5a020b4308ad2
org.glassfish.hk2	security-lockdown-example-runner	2.4.0-b31		ecff3165971468c07dd605d3009c1c842f0ae1e1
org.glassfish.hk2	security-lockdown-example-runner	2.4.0-b32		4fc7cc05692cc0ca9b24be627e123d7c0634d15f
org.glassfish.hk2	security-lockdown-example-runner	2.4.0-b33		466fe2df9ffc10d66cfd82cbdd8269a7ad19969c
org.glassfish.hk2	security-lockdown-example-runner	2.4.0-b34		a221657f1a5bdf3cc7c383d58086ac773f6a62ae
org.glassfish.hk2	security-lockdown-example-runner	2.5.0		ac5d2a67f976bac12c12ac4873405f7bb664ad65
org.glassfish.hk2	security-lockdown-example-runner	2.5.0-b01		e9977aad2f542a20f4d9fe7dbaef96e2f004aac0
org.glassfish.hk2	security-lockdown-example-runner	2.5.0-b02		dd951439b404a34d37a49768e18e60ce2eba8825
org.glassfish.hk2	security-lockdown-example-runner	2.5.0-b03		6739de72d5c95136df47f5c65b3d14d0f3649f14
org.glassfish.hk2	security-lockdown-example-runner	2.5.0-b04		894c99380b1ade8bd94d54ed96017a9e4030bee1
org.glassfish.hk2	security-lockdown-example-runner	2.5.0-b05		2cc0e0c1ee78f53b86a3af0c95d2c1364902c999
org.glassfish.hk2	security-lockdown-example-runner	2.5.0-b06		a24d0de4f905c42d96d553768cd5a70d1383fa29
org.glassfish.hk2	security-lockdown-example-runner	2.5.0-b07		eef97e5da1d2cf34dc15b69d28cc79f73e80854c
org.glassfish.hk2	security-lockdown-example-runner	2.5.0-b08		89b670576958ae6f9f1cf142916795a37083fb26
org.glassfish.hk2	security-lockdown-example-runner	2.5.0-b09		c2d8700132ff9b0697356b29e3374d5376336315
org.glassfish.hk2	security-lockdown-example-runner	2.5.0-b10		69fc7ff7da73d9b5a9a4d8128b6b9855ff9f96d3
org.glassfish.hk2	security-lockdown-example-runner	2.5.0-b11		392694b1ff79a85d9d6b51e7c175d45b21420669
org.glassfish.hk2	security-lockdown-example-runner	2.5.0-b12		9e72aa820c36b17d1ae6663a97a0f1418fbc5da3
org.glassfish.hk2	security-lockdown-example-runner	2.5.0-b13		4bdd7ddaf402900242af0c031e77931e0f39b871
org.glassfish.hk2	security-lockdown-example-runner	2.5.0-b14		0b94eee89a2331d0ee80e59dfa2ebd97b9f0dafb
org.glassfish.hk2	security-lockdown-example-runner	2.5.0-b15		3b05f47079205fdf7b494cc39cb2782a04ab972f
org.glassfish.hk2	security-lockdown-example-runner	2.5.0-b16		b26d065e4b96c16179ca1deb1a6a8b5b6f086ec7
org.glassfish.hk2	security-lockdown-example-runner	2.5.0-b17		a23cee1ec5c9a030c509b2ed119d763b4a87b20a
org.glassfish.hk2	security-lockdown-example-runner	2.5.0-b18		183fd7868b1d91bbc4b0efca8341d3bbe3ffe92a
org.glassfish.hk2	security-lockdown-example-runner	2.5.0-b19		8de4b9b0bfe0a343e84230af83308bc17bed5473
org.glassfish.hk2	security-lockdown-example-runner	2.5.0-b21		9447b5344266acbe99fb1dd22ccc94fc5d6923ac
org.glassfish.hk2	security-lockdown-example-runner	2.5.0-b22		36ea5dbe8455cec689ef9ece7f5ee92af3642cf9
org.glassfish.hk2	security-lockdown-example-runner	2.5.0-b23		c866dc48bc2e1b0659c07842d6533ed3961e56d1
org.glassfish.hk2	security-lockdown-example-runner	2.5.0-b24		4e7a5deecf67f8ed2226bd922a07ce03a2724159
org.glassfish.hk2	security-lockdown-example-runner	2.5.0-b25		314053335718dccad6354a22d97b4f0fe4254a5a
org.glassfish.hk2	security-lockdown-example-runner	2.5.0-b26		51e25dbc13d76ea5a64d5f592be1903c83eededd
org.glassfish.hk2	security-lockdown-example-runner	2.5.0-b27		4a53f17b5e98b5e8394b4da34109c437314ca142
org.glassfish.hk2	security-lockdown-example-runner	2.5.0-b28		9edf5751e6d352d0c7b87636bb13e4420c9f2448
org.glassfish.hk2	security-lockdown-example-runner	2.5.0-b29		fe02381175b706e04f59304e17210739ea764ecd
org.glassfish.hk2	security-lockdown-example-runner	2.5.0-b30		c321a77be975c3de5ee3bf81d3b966bad26575ce
org.glassfish.hk2	security-lockdown-example-runner	2.5.0-b31		b06ce160b4229bec013d915cc4789960c9fc62cc
org.glassfish.hk2	security-lockdown-example-runner	2.5.0-b32		940f51d35880a851bd795149075bf687201ee29f
org.glassfish.hk2	security-lockdown-example-runner	2.5.0-b33		8336c9a414db47958cdb53fece7fc038a090bdab
org.glassfish.hk2	security-lockdown-example-runner	2.5.0-b34		3ab9bc5beeba939494f06f9553acf05215d574ff
org.glassfish.hk2	security-lockdown-example-runner	2.5.0-b35		5b64b182a226cc460b7ff21fe16e0b4c0442d2fd
org.glassfish.hk2	security-lockdown-example-runner	2.5.0-b36		fecebeeb5f2e8d8a86ee2f6387aa9c03099038f5
org.glassfish.hk2	security-lockdown-example-runner	2.5.0-b37		e4fa410ce8145da8bfdb0b2c78c8e7f637659527
org.glassfish.hk2	security-lockdown-example-runner	2.5.0-b38		886e149787136da3952852fe26e0af570e313d5f
org.glassfish.hk2	security-lockdown-example-runner	2.5.0-b40		25cf88d1a6e1b710de72a5b9128adc8f45a8d26e
org.glassfish.hk2	security-lockdown-example-runner	2.5.0-b41		5e57d87c6fdc402ad9c228ed73f4afc50d9a92a2
org.glassfish.hk2	security-lockdown-example-runner	2.5.0-b42		4b1db03c9ec4524c47dfef3d16c0fe9da6aefd01
org.glassfish.hk2	security-lockdown-example-runner	2.5.0-b43		092de0a897826f93fe1d2a523d96f999ad7611b4
org.glassfish.hk2	security-lockdown-example-runner	2.5.0-b44		6d59da90660c70fcf1cc017fea1f4cd62f8bb697
org.glassfish.hk2	security-lockdown-example-runner	2.5.0-b45		7e2dffa4e1bcd2355e0f4826ccf02cd1f2b807cb
org.glassfish.hk2	security-lockdown-example-runner	2.5.0-b46		0bc9f617a2f262c48b6c7c030910e1e9d184f26f
org.glassfish.hk2	security-lockdown-example-runner	2.5.0-b47		fc5b000f20a9682c9a4e41ed6890336f2b1ca07f
org.glassfish.hk2	security-lockdown-example-runner	2.5.0-b48		a9726c2b8cae8d8a7b1e7d2985fd4546e088d67e
org.glassfish.hk2	security-lockdown-example-runner	2.5.0-b49		b9b1dbdaf59cc40ca9d8fe342607eb0c6e67cdfd
org.glassfish.hk2	security-lockdown-example-runner	2.5.0-b50		40263cdd2a07bf14529a67d3cd86cdd93ec15abb
org.glassfish.hk2	security-lockdown-example-runner	2.5.0-b52		ce0278ec5a77f6f368bbfb0d8418abfd216c235c
org.glassfish.hk2	security-lockdown-example-runner	2.5.0-b53		cf9423a969d43eecc81524cfa4692b1e3b001258
org.glassfish.hk2	security-lockdown-example-runner	2.5.0-b54		42aea6f997abd246a135fcc5b2324006ecd8aeab
org.glassfish.hk2	security-lockdown-example-runner	2.5.0-b55		e07f18ceca96b058b40cf8133114ec646c2868b5
org.glassfish.hk2	security-lockdown-example-runner	2.5.0-b56		92793df0073a44cd3b597d69209de6c4fcf21d8f
org.glassfish.hk2	security-lockdown-example-runner	2.5.0-b57		22e7f0c474d1b087cfc68c971434e4a53b652d24
org.glassfish.hk2	security-lockdown-example-runner	2.5.0-b58		11e517c6cf868ad501eff14d11dcca064d2c20d1
org.glassfish.hk2	security-lockdown-example-runner	2.5.0-b59		e8357b89ca9a86795a1a9bfe49b6b12b3ff7246a
org.glassfish.hk2	security-lockdown-example-runner	2.5.0-b60		09f020a793d352f244c5b4e2611f3ed6a94bd846
org.glassfish.hk2	security-lockdown-example-runner	2.5.0-b61		feb533dc41c4b55c16dbd18c76e9a46af583ab08
org.glassfish.hk2	security-lockdown-example-runner	2.5.0-b62		b0c514e5a50e619d71ef5a81fefa7aa0c4249615
org.glassfish.hk2	security-lockdown-example-runner	2.5.0-b63		5906de31de0f90423cba4ae58c57b98c8d509405
org.glassfish.hk2	security-lockdown-example-runner	2.6.0		82cb7f40d6049ad79733bae141fedfcfe3106291
org.glassfish.hk2	security-lockdown-example-runner	2.6.1		002b1bfff8ea071ea6da0955d4cc8dc867708b56
org.glassfish.hk2	security-lockdown-example-runner	3.0.0		f69fb6c84229fc385de183dec229a959527abad5
org.glassfish.hk2	security-lockdown-example-runner	3.0.0-M2		baa30fbb9101c7313f616351f81399c1f5b2c7b7
org.glassfish.hk2	security-lockdown-example-runner	3.0.0-RC1		c4474ecd590a36be982a84f49d02e0039791dce2
org.glassfish.hk2	security-lockdown-example-runner	3.0.1		402f35d4bdeacd9e8d6d3d4de0311da072887f44
org.glassfish.hk2	security-lockdown-example-runner	3.0.2		517c1ba7947b52eb8468001e83d3dcdc2d5566a9
org.glassfish.hk2	security-lockdown-example-runner	3.0.3		6befbe6c71b251e68d16ebb4d9cc2221c7a15050
org.glassfish.hk2	security-lockdown-example-runner	3.0.4		d5d6d35078ac7a7142acde6c705ca3a825c2992f
org.glassfish.hk2	security-lockdown-example-runner	3.0.5		8c4c0df269351a05c5b55f495aef9ed40d2a8a83
org.glassfish.hk2	security-lockdown-example-runner	3.0.6		2387b7961c530eab9c0ce4287b92a42278dfb1dd
org.glassfish.hk2	security-lockdown-example-runner	3.1.0		1ee49cc263b3d06a2226fb0de934e142b582a86f
org.glassfish.hk2	security-lockdown-example-runner	3.1.1		83ff0dff632f0d9a390f79d041489fa91bcf14d0
org.glassfish.hk2	security-lockdown-example-runner	4.0.0-M1		b007b952f7ebfc443990a4ffc432254477cc2868
org.glassfish.hk2	security-lockdown-example-runner	4.0.0-M2		cf420760114644b0958a9c689b648df9639b7452
org.glassfish.hk2	security-lockdown-example-runner	4.0.0-M3		9e853ccb581ca21160acf05f989aa57f813c2449
org.glassfish.jersey.connectors	project	2.0		N/A
org.glassfish.jersey.connectors	project	2.0-m01		N/A
org.glassfish.jersey.connectors	project	2.0-m02		N/A
org.glassfish.jersey.connectors	project	2.0-m03		N/A
org.glassfish.jersey.connectors	project	2.0-m04		N/A
org.glassfish.jersey.connectors	project	2.0-m04-1		N/A
org.glassfish.jersey.connectors	project	2.0-m04-2		N/A
org.glassfish.jersey.connectors	project	2.0-m05		N/A
org.glassfish.jersey.connectors	project	2.0-m05-1		N/A
org.glassfish.jersey.connectors	project	2.0-m05-2		N/A
org.glassfish.jersey.connectors	project	2.0-m06		N/A
org.glassfish.jersey.connectors	project	2.0-m07		N/A
org.glassfish.jersey.connectors	project	2.0-m07-1		N/A
org.glassfish.jersey.connectors	project	2.0-m08		N/A
org.glassfish.jersey.connectors	project	2.0-m08-1		N/A
org.glassfish.jersey.connectors	project	2.0-m09		N/A
org.glassfish.jersey.connectors	project	2.0-m09-1		N/A
org.glassfish.jersey.connectors	project	2.0-m10		N/A
org.glassfish.jersey.connectors	project	2.0-m11		N/A
org.glassfish.jersey.connectors	project	2.0-m12		N/A
org.glassfish.jersey.connectors	project	2.0-m12-1		N/A
org.glassfish.jersey.connectors	project	2.0-m13		N/A
org.glassfish.jersey.connectors	project	2.0-m13-1		N/A
org.glassfish.jersey.connectors	project	2.0-m13-2		N/A
org.glassfish.jersey.connectors	project	2.0-m13-3		N/A
org.glassfish.jersey.connectors	project	2.0-rc1		N/A
org.glassfish.jersey.connectors	project	2.0.1		N/A
org.glassfish.jersey.connectors	project	2.1		N/A
org.glassfish.jersey.connectors	project	2.10		N/A
org.glassfish.jersey.connectors	project	2.10.1		N/A
org.glassfish.jersey.connectors	project	2.10.2		N/A
org.glassfish.jersey.connectors	project	2.10.3		N/A
org.glassfish.jersey.connectors	project	2.10.4		N/A
org.glassfish.jersey.connectors	project	2.11		N/A
org.glassfish.jersey.connectors	project	2.12		N/A
org.glassfish.jersey.connectors	project	2.13		N/A
org.glassfish.jersey.connectors	project	2.14		N/A
org.glassfish.jersey.connectors	project	2.15		N/A
org.glassfish.jersey.connectors	project	2.16		N/A
org.glassfish.jersey.connectors	project	2.17		N/A
org.glassfish.jersey.connectors	project	2.18		N/A
org.glassfish.jersey.connectors	project	2.19		N/A
org.glassfish.jersey.connectors	project	2.2		N/A
org.glassfish.jersey.connectors	project	2.20		N/A
org.glassfish.jersey.connectors	project	2.21		N/A
org.glassfish.jersey.connectors	project	2.21.1		N/A
org.glassfish.jersey.connectors	project	2.22		N/A
org.glassfish.jersey.connectors	project	2.22.1		N/A
org.glassfish.jersey.connectors	project	2.22.2		N/A
org.glassfish.jersey.connectors	project	2.22.3		N/A
org.glassfish.jersey.connectors	project	2.22.4		N/A
org.glassfish.jersey.connectors	project	2.23		N/A
org.glassfish.jersey.connectors	project	2.23.1		N/A
org.glassfish.jersey.connectors	project	2.23.2		N/A
org.glassfish.jersey.connectors	project	2.24		N/A
org.glassfish.jersey.connectors	project	2.24.1		N/A
org.glassfish.jersey.connectors	project	2.25		N/A
org.glassfish.jersey.connectors	project	2.25.1		N/A
org.glassfish.jersey.connectors	project	2.26		N/A
org.glassfish.jersey.connectors	project	2.26-b01		N/A
org.glassfish.jersey.connectors	project	2.26-b02		N/A
org.glassfish.jersey.connectors	project	2.26-b03		N/A
org.glassfish.jersey.connectors	project	2.26-b04		N/A
org.glassfish.jersey.connectors	project	2.26-b05		N/A
org.glassfish.jersey.connectors	project	2.26-b06		N/A
org.glassfish.jersey.connectors	project	2.26-b07		N/A
org.glassfish.jersey.connectors	project	2.26-b08		N/A
org.glassfish.jersey.connectors	project	2.26-b09		N/A
org.glassfish.jersey.connectors	project	2.27		N/A
org.glassfish.jersey.connectors	project	2.28		N/A
org.glassfish.jersey.connectors	project	2.28-RC4		N/A
org.glassfish.jersey.connectors	project	2.29		N/A
org.glassfish.jersey.connectors	project	2.29.1		N/A
org.glassfish.jersey.connectors	project	2.3		N/A
org.glassfish.jersey.connectors	project	2.3.1		N/A
org.glassfish.jersey.connectors	project	2.30		N/A
org.glassfish.jersey.connectors	project	2.30.1		N/A
org.glassfish.jersey.connectors	project	2.31		N/A
org.glassfish.jersey.connectors	project	2.32		N/A
org.glassfish.jersey.connectors	project	2.33		N/A
org.glassfish.jersey.connectors	project	2.34		N/A
org.glassfish.jersey.connectors	project	2.35		N/A
org.glassfish.jersey.connectors	project	2.36		N/A
org.glassfish.jersey.connectors	project	2.37		N/A
org.glassfish.jersey.connectors	project	2.38		N/A
org.glassfish.jersey.connectors	project	2.39		N/A
org.glassfish.jersey.connectors	project	2.39.1		N/A
org.glassfish.jersey.connectors	project	2.4		N/A
org.glassfish.jersey.connectors	project	2.4.1		N/A
org.glassfish.jersey.connectors	project	2.40		N/A
org.glassfish.jersey.connectors	project	2.41		N/A
org.glassfish.jersey.connectors	project	2.42		N/A
org.glassfish.jersey.connectors	project	2.43		N/A
org.glassfish.jersey.connectors	project	2.44		N/A
org.glassfish.jersey.connectors	project	2.45		N/A
org.glassfish.jersey.connectors	project	2.46		N/A
org.glassfish.jersey.connectors	project	2.5		N/A
org.glassfish.jersey.connectors	project	2.5.1		N/A
org.glassfish.jersey.connectors	project	2.5.2		N/A
org.glassfish.jersey.connectors	project	2.6		N/A
org.glassfish.jersey.connectors	project	2.7		N/A
org.glassfish.jersey.connectors	project	2.8		N/A
org.glassfish.jersey.connectors	project	2.9		N/A
org.glassfish.jersey.connectors	project	2.9.1		N/A
org.glassfish.jersey.connectors	project	3.0.0		N/A
org.glassfish.jersey.connectors	project	3.0.0-M1		N/A
org.glassfish.jersey.connectors	project	3.0.0-M6		N/A
org.glassfish.jersey.connectors	project	3.0.0-RC2		N/A
org.glassfish.jersey.connectors	project	3.0.1		N/A
org.glassfish.jersey.connectors	project	3.0.10		N/A
org.glassfish.jersey.connectors	project	3.0.11		N/A
org.glassfish.jersey.connectors	project	3.0.12		N/A
org.glassfish.jersey.connectors	project	3.0.13		N/A
org.glassfish.jersey.connectors	project	3.0.14		N/A
org.glassfish.jersey.connectors	project	3.0.15		N/A
org.glassfish.jersey.connectors	project	3.0.16		N/A
org.glassfish.jersey.connectors	project	3.0.17		N/A
org.glassfish.jersey.connectors	project	3.0.2		N/A
org.glassfish.jersey.connectors	project	3.0.3		N/A
org.glassfish.jersey.connectors	project	3.0.4		N/A
org.glassfish.jersey.connectors	project	3.0.5		N/A
org.glassfish.jersey.connectors	project	3.0.6		N/A
org.glassfish.jersey.connectors	project	3.0.7		N/A
org.glassfish.jersey.connectors	project	3.0.8		N/A
org.glassfish.jersey.connectors	project	3.0.9		N/A
org.glassfish.jersey.connectors	project	3.1.0		N/A
org.glassfish.jersey.connectors	project	3.1.0-M1		N/A
org.glassfish.jersey.connectors	project	3.1.0-M2		N/A
org.glassfish.jersey.connectors	project	3.1.0-M3		N/A
org.glassfish.jersey.connectors	project	3.1.0-M7		N/A
org.glassfish.jersey.connectors	project	3.1.0-M8		N/A
org.glassfish.jersey.connectors	project	3.1.1		N/A
org.glassfish.jersey.connectors	project	3.1.10		N/A
org.glassfish.jersey.connectors	project	3.1.2		N/A
org.glassfish.jersey.connectors	project	3.1.3		N/A
org.glassfish.jersey.connectors	project	3.1.4		N/A
org.glassfish.jersey.connectors	project	3.1.5		N/A
org.glassfish.jersey.connectors	project	3.1.6		N/A
org.glassfish.jersey.connectors	project	3.1.7		N/A
org.glassfish.jersey.connectors	project	3.1.8		N/A
org.glassfish.jersey.connectors	project	3.1.9		N/A
org.glassfish.jersey.connectors	project	4.0.0-M1		N/A
org.glassfish.jersey.connectors	project	4.0.0-M2		N/A
org.intelligents-ia.winstone	winstone-jsp	1.7.0		4676953f6dab2eb83f0231f485a361d0aa045f13
org.jboss.arquillian.osgi	arquillian-osgi-karaf-embedded	2.1.0.CR1		52823d05cf718b902edfd9b5363b0ab72a818b75
org.jooby	jooby-camel	0.10.0		8e99dd32f313daa8f2817dbd044acacecded09f1
org.jooby	jooby-camel	0.11.0		c45df50153818fbb31ac656b47ac504fbf6a6541
org.jooby	jooby-camel	0.11.1		14590f4379caddc41f8851a230b5b69ed8582a73
org.jooby	jooby-camel	0.11.2		4411d83598f2fe86245258b8e0fe90aae55a5b4c
org.jooby	jooby-camel	0.12.0		f7bbdd1dab46c7870655cd22c6ffc5c5ed9971e9
org.jooby	jooby-camel	0.13.0		75494959cd23f16d2850942ebba71b5da86d39ea
org.jooby	jooby-camel	0.13.1		e6d5be61f73a4cb1d1b0b63c44ee562746b0ea2b
org.jooby	jooby-camel	0.14.0		ffccc125343b56b15284b53b92d730c1b385928b
org.jooby	jooby-camel	0.15.0		b4522898b851281f4326086c2f75fd9116b70738
org.jooby	jooby-camel	0.15.1		62f208e242c78e05f267970245c34f4734d60b02
org.jooby	jooby-camel	0.16.0		f1bdd23e260fe1ee0837361309f16c6723e565f1
org.jooby	jooby-camel	0.5.0		800cd73783274fe6b5ebecb0ceb2543f17f7cf87
org.jooby	jooby-camel	0.5.1		9c57bdbf8e36bda17772badc194c31a81c849819
org.jooby	jooby-camel	0.5.2		04b8ae3fc298938a9eaa3f4ef27540011a209a46
org.jooby	jooby-camel	0.5.3		7492c72682057b4899b916fb66e8a5df7cc05d5e
org.jooby	jooby-camel	0.6.0		15d9ecb1d2cd1b4f948b570da7f4ae2789319e4d
org.jooby	jooby-camel	0.6.1		1f19aeb8268ca9bc32dafa1c6cfe2f3e5d7d92ff
org.jooby	jooby-camel	0.6.2		851b82a5c39bb733d21a678ecf7f229988f56f1f
org.jooby	jooby-camel	0.6.3		b8079f4caf14b8f2dd6d80a6442a0327013279f4
org.jooby	jooby-camel	0.6.4		301aad164a4e49ab38f2f41584852d3ffda0db83
org.jooby	jooby-camel	0.7.0		04ffb5a6590fa2bb2c398a9c459fcde30e45d1ab
org.jooby	jooby-camel	0.8.0		6af081a5732c2d45b40f360bef55afee6fa53478
org.jooby	jooby-camel	0.8.1		5932757ee7958fd5bcc19a11e3fd35b0135ce0d5
org.jooby	jooby-camel	0.8.2		a5b6bf420f1f2cd0778a42694192167f879914f7
org.jooby	jooby-camel	0.9.0		154fbc77d2886caa4f0baf74cae1ea27e5306933
org.jooby	jooby-camel	0.9.1		257701d487100302b3a9d1732f193bc000e39011
org.jooby	jooby-camel	0.9.2		dab4452184a6ec230a574c84c0e3e3ab01fd17be
org.jooby	jooby-camel	1.0.0		b00cedb1148adcc580f78eb298cce3301ec381e8
org.jooby	jooby-camel	1.0.0.CR1		8e59a9af10f0850083656a8750cb1a40310e84e9
org.jooby	jooby-camel	1.0.0.CR2		1206008735b2c2ec19b72455a09855c06e2c55c5
org.jooby	jooby-camel	1.0.0.CR3		9edd6108ffaff370ac791093f258de294378c33b
org.jooby	jooby-camel	1.0.0.CR4		57d830cc5e5b73c0316e4ec04881e5045f96ef66
org.jooby	jooby-camel	1.0.0.CR5		6655c9150588f6ea3f42e46d230e3240f416c941
org.jooby	jooby-camel	1.0.0.CR6		1e2f917a8f46dd37d2b9517600a1a850f66aff41
org.jooby	jooby-camel	1.0.0.CR7		ccce2467e738c9f4b8f1a6f3b4f4e54fd8184ea0
org.jooby	jooby-camel	1.0.0.CR8		73bda934632843c0bcb01ab171752b6591fbf3fc
org.jooby	jooby-camel	1.0.1		7349ae305bb006556b83de7100e22f1cfa2c1ea4
org.jooby	jooby-camel	1.0.2		40fe285ac41ddc7b06f46c24b6a6a76ffc8eb02f
org.jooby	jooby-camel	1.0.3		e5d5aa6061188295d5dd1f304f9b602142594399
org.jooby	jooby-camel	1.1.0		c9836bc98fa4c243171a38eb718d6d03df2900e0
org.jooby	jooby-camel	1.1.1		373cd533b0ea7b2fb22bd985ecafffb0366e7fc5
org.jooby	jooby-camel	1.1.2		cc73b7f0e7c5c01c4424467c225737ca73251bb4
org.jooby	jooby-camel	1.1.3		49b6ebdbb696763ffd66a172419ae17df45c3662
org.jooby	jooby-camel	1.2.0		e10fffc48badbfb7c2d99d45914a8fe6c9b2f1c2
org.jooby	jooby-camel	1.2.1		2b2161151a9f78c9057ff30ccf38cf7ce13c3983
org.jooby	jooby-camel	1.2.2		0986be8df8613db0588fff746307a4de7f5baae6
org.jooby	jooby-camel	1.2.3		b48289d7c1a5954df7bb59442ab8b3a0e4ea77b5
org.jooby	jooby-camel	1.3.0		5e7bfeedffeea9c8255ecb19b71b01fbae801d4f
org.jooby	jooby-camel	1.4.0		1ad01c1a3d5d924a427cbc5b4ad007d24c592d55
org.jooby	jooby-camel	1.4.1		68a072b72caefc0538456206539a01062fd221ae
org.jooby	jooby-camel	1.5.0		7fba55fcb4b2e3e20c327a278ec7581da4d06a42
org.jooby	jooby-camel	1.5.1		f4525de9a3739f4b908277d53308a5fa69fcf954
org.jooby	jooby-camel	1.6.0		6ff1b79bb353b625a3f800163fb13daa5147fc2f
org.jooby	jooby-camel	1.6.1		96713e40771cabe7f9c22af421adc6ffe5bc93d6
org.jooby	jooby-camel	1.6.2		512e843faee48b377a7bc3dc677b01567b4d7304
org.jooby	jooby-camel	1.6.3		ef0b0b5be426813fa37aa7b72cea293c785ba947
org.jooby	jooby-camel	1.6.4		73f1f7a79552870245badb4f453cbcabb074a4e0
org.jooby	jooby-camel	1.6.5		7a25fda0d04cbbd014db4aa7a6ce4e20049e65af
org.jooby	jooby-camel	1.6.6		febeb5a07de606556cf7c2a158cda3d7a89137d8
org.jooby	jooby-camel	1.6.7		ec894170a6db59c16c132f519c397bb4b7cabef0
org.jooby	jooby-camel	1.6.8		bcd195feb4e97d1ea35dd4e50420c01c58460385
org.jooby	jooby-camel	1.6.9		79d8211af2a31d4b129a7084124594478ccf7fa3
org.kie.modules	org-jboss-as-xts-main	6.1.0.Beta1		N/A
org.kie.modules	org-jboss-as-xts-main	6.1.0.Beta2		N/A
org.kie.modules	org-jboss-as-xts-main	6.1.0.Beta3		N/A
org.kie.modules	org-jboss-as-xts-main	6.1.0.Beta4		N/A
org.kie.modules	org-jboss-as-xts-main	6.1.0.CR1		N/A
org.kie.modules	org-jboss-as-xts-main	6.1.0.CR2		N/A
org.kie.modules	org-jboss-as-xts-main	6.1.0.Final		N/A
org.kie.modules	org-jboss-as-xts-main	6.2.0.Beta1		N/A
org.kie.modules	org-jboss-as-xts-main	6.2.0.Beta2		N/A
org.kie.modules	org-jboss-as-xts-main	6.2.0.Beta3		N/A
org.kie.modules	org-jboss-as-xts-main	6.2.0.CR1		N/A
org.kie.modules	org-jboss-as-xts-main	6.2.0.CR2		N/A
org.kie.modules	org-jboss-as-xts-main	6.2.0.CR3		N/A
org.kie.modules	org-jboss-as-xts-main	6.2.0.CR4		N/A
org.kie.modules	org-jboss-as-xts-main	6.2.0.Final		N/A
org.kie.modules	org-jboss-as-xts-main	6.3.0.CR1		N/A
org.kie.modules	org-jboss-as-xts-main	6.3.0.CR2		N/A
org.kie.modules	org-jboss-as-xts-main	6.3.0.Final		N/A
org.kie.modules	org-jboss-as-xts-main	6.4.0.Beta1		N/A
org.kie.modules	org-jboss-as-xts-main	6.4.0.Beta2		N/A
org.kie.modules	org-jboss-as-xts-main	6.4.0.CR1		N/A
org.kie.modules	org-jboss-as-xts-main	6.4.0.CR2		N/A
org.kie.modules	org-jboss-as-xts-main	6.4.0.Final		N/A
org.kie.modules	org-jboss-as-xts-main	6.5.0.Beta1		N/A
org.kie.modules	org-jboss-as-xts-main	6.5.0.CR1		N/A
org.kie.modules	org-jboss-as-xts-main	6.5.0.CR2		N/A
org.kie.modules	org-jboss-as-xts-main	6.5.0.Final		N/A
org.opendaylight.infrautils	inject.guice	1.5.0		66821ef32d6d354461a65bc1848293724c7d44ab
org.opendaylight.infrautils	inject.guice	1.5.1		14019f726ca4a7c34868d08b454e7ea53201ca40
org.opendaylight.infrautils	inject.guice	1.5.2		60bf4989e0df62a525e720adeefd0f3970eecfe6
org.opendaylight.infrautils	inject.guice	1.5.3		d6ce251d22e9a600215e2bdeef33a6fe6e1017a8
org.opendaylight.infrautils	inject.guice	1.6.0		fe6f5b00a638c047eb08125d21b10ed75b30ea5a
org.opendaylight.infrautils	inject.guice	1.6.1		d6ab3c2b789d58c46179d8c55a1b332f81e9c8a0
org.opendaylight.infrautils	inject.guice	1.6.2		ae5b5cbd0febdaac097b2ac6b2116b4a6c096b6c
org.opendaylight.infrautils	inject.guice	1.6.3		73ff72fc8b14f750c5c5de23b97f2cb256cad641
org.opendaylight.infrautils	inject.guice	1.6.4		b267967dea64c1b502b44046ffe2fb3a6b0b0641
org.opendaylight.infrautils	inject.guice	1.7.0		2efe635526c83c44137d5da975ab8c16985ba173
org.opendaylight.infrautils	inject.guice	1.7.1		a88b2096ded9d407560ab66f5a29840e042344f2
org.opendaylight.infrautils	inject.guice	1.7.2		e17ca1e9ba0b4b868b67c17d9d7a09c760492a4a
org.opendaylight.infrautils	inject.guice	1.7.3		ccc372f7190bdb24654926e707c0ed4882b32f71
org.opendaylight.infrautils	inject.guice	1.8.0		991c1e17a8e442eb87348080b68bee21375f5c07
org.opendaylight.infrautils	inject.guice	1.8.1		88a369022bc19d4820747b54384dbb4e6d75ab8c
org.opendaylight.infrautils	inject.guice	1.8.2		21c6c23cb4e87c8bb53e5cb9358420bf51591f15
org.opendaylight.infrautils	inject.guice	1.8.3		dae194848b4cae29aa2cf3f38b9f56f61b470c09
org.opendaylight.infrautils	inject.guice	1.8.4		719f0a0086a64a237acb290a07688d0143f287c6
org.opendaylight.infrautils	inject.guice	1.9.0		01cffebfc3951b6306142365588f42511805275d
org.opendaylight.infrautils	inject.guice	1.9.1		c0c64c6f62cecee05803253ab715e62a5efe6797
org.opendaylight.infrautils	inject.guice	1.9.10		6e129919bd1bdcf0df5591080a7ca008af384b6f
org.opendaylight.infrautils	inject.guice	1.9.11		e55722b96d819ee4208257ff75d746dd1d8bd6fa
org.opendaylight.infrautils	inject.guice	1.9.12		20556be01056c8b9b16eea00a823022f93b69a15
org.opendaylight.infrautils	inject.guice	1.9.13		11150e2c4cd8562643a8a212f4b311f3e56c383e
org.opendaylight.infrautils	inject.guice	1.9.14		7ca6fb3bd8079a8440318128aa24949033789d93
org.opendaylight.infrautils	inject.guice	1.9.15		7a26799998a7c2ab74f2914c7db3f72e4311808d
org.opendaylight.infrautils	inject.guice	1.9.2		9fd4a101916bb1718fb0949ea7512673743923a9
org.opendaylight.infrautils	inject.guice	1.9.3		efc0096741a2bae94ec66bb8e3019f5e52a95c74
org.opendaylight.infrautils	inject.guice	1.9.4		d2d42cd17f5b4f30cfddb89dd060db0ce25ad416
org.opendaylight.infrautils	inject.guice	1.9.5		33d717a55ef86a967c9e814eb1d105b8ea21d7ec
org.opendaylight.infrautils	inject.guice	1.9.6		698612892a7673bed8dce765232754bf7a81cbc0
org.opendaylight.infrautils	inject.guice	1.9.7		6eb151469ccd629a09551c3a686b7f6f9d472805
org.opendaylight.infrautils	inject.guice	1.9.8		afaec829eb06c31eba1d4f8a5869fb80356093da
org.opendaylight.infrautils	inject.guice	1.9.9		2cfd6256f3b5d407ab7131b331871e00eea00667
org.opendaylight.infrautils	inject.guice	2.0.0		7630a97972dbc90ec7b4065feb5fd29e529b725c
org.opendaylight.infrautils	inject.guice	2.0.1		64d53d96ab13ddbc7460a46df344a09488c637f6
org.opendaylight.infrautils	inject.guice	2.0.10		5daad7d881445292c566e71bec033b69bff98abc
org.opendaylight.infrautils	inject.guice	2.0.11		2348e4674f842d05a53d55bcd9be2b6d757f6dc5
org.opendaylight.infrautils	inject.guice	2.0.12		08a73dece7264b61bf9e6ed7cd0e3ce6c620c25c
org.opendaylight.infrautils	inject.guice	2.0.13		1126ac65d9dc6fb827b657ea2d87f0115bb60024
org.opendaylight.infrautils	inject.guice	2.0.14		2937de96aada271bd7fa9c2a664ab8ce04184ce9
org.opendaylight.infrautils	inject.guice	2.0.15		2ca64ff7f7e1820ea34e3ea3e34fbf53f0b924fb
org.opendaylight.infrautils	inject.guice	2.0.16		81bdcac214a2591c1627ed37e695b6b9d3ab5086
org.opendaylight.infrautils	inject.guice	2.0.2		464661655d94c74013bb1a238be4c22392cffa4f
org.opendaylight.infrautils	inject.guice	2.0.3		87ce0fa2e40e0043261ee323534f2650dec2d146
org.opendaylight.infrautils	inject.guice	2.0.4		c7084971bab88233adc4f85dc4104747f2230763
org.opendaylight.infrautils	inject.guice	2.0.5		71b40351a38ded43902c3e3360cf941126581759
org.opendaylight.infrautils	inject.guice	2.0.6		71e58b89267d15aed785e302513c64f54483bede
org.opendaylight.infrautils	inject.guice	2.0.7		805280f6d262b5f2eab49dcf8ac1a1e378b0e4a9
org.opendaylight.infrautils	inject.guice	2.0.8		0d6cfcf0b9403841d2a532f5f2cfa8c51c1f6a59
org.opendaylight.infrautils	inject.guice	2.0.9		1e786d94cfaf5ba2fd9791270b69f0b0ab9c09e1
org.opendaylight.infrautils	inject.guice	3.0.0		b3d8ba24ece4cd99cbb570964f8ce705d32c48fd
org.opendaylight.infrautils	inject.guice	3.0.1		44ea2800a8b147214da9bfeacf8c199ff7008639
org.opendaylight.infrautils	inject.guice	3.0.2		2e10be94066660799b46e1f91094459e646183ae
org.opendaylight.infrautils	inject.guice	3.0.3		34ba5a23f75d99c22bacc04a3497eb8f83483d61
org.opendaylight.infrautils	inject.guice	3.0.4		b05a227b23b3f8185487bb5e2c14575df8d6ec30
org.opendaylight.infrautils	inject.guice	3.0.5		120539924f902e0b8873cfda5e566f2cd81c1ba4
org.opendaylight.infrautils	inject.guice	4.0.0		47ff086ecf99c686d2b5ef2cabb11f645db2db94
org.opendaylight.infrautils	inject.guice	4.0.1		1cc2f32a424aa2eeb50630b307530ce7b3d334d0
org.opendaylight.infrautils	inject.guice	4.0.2		3ab88d8aa002e2c4bd82d35535f544bcea820c51
org.opendaylight.infrautils	inject.guice	4.0.3		662d5de2a8ea1741314883c20c08fc783f78bbb6
org.opendaylight.infrautils	inject.guice	4.0.4		e3cfc2240441e70a85128507473c171da015b9fe
org.opendaylight.infrautils	inject.guice	4.0.5		e7f90ac4e4de9f8b6e21d2decf6b5b00843f5c3f
org.opendaylight.infrautils	inject.guice	4.0.6		5e4fcdc042c6d51d161760fad4d91745546f53ba
org.opendaylight.infrautils	inject.guice	4.0.7		bc98a8feff780dbc2043146539eac3bd3b12594e
org.opendaylight.infrautils	inject.guice	4.0.8		13b42498d5c31f20b8c261cc9320fc5acf381dab
org.opendaylight.infrautils	inject.guice	5.0.0		213679d74f586c82b936e70dc7984217fd2660f0
org.opendaylight.infrautils	inject.guice	5.0.1		00e29dd9e53ba363a76fb48e91a057207054e542
org.opendaylight.infrautils	inject.guice	5.0.10		66ac551d88036006d9b3100cea7de729522bb226
org.opendaylight.infrautils	inject.guice	5.0.2		c53f55f7195fe7e40f64553f09d2adcb455550f3
org.opendaylight.infrautils	inject.guice	5.0.3		94d47f1639117aa89971d2c9be4ef2a0cdc10890
org.opendaylight.infrautils	inject.guice	5.0.4		4a72e461125d47e4c71375df1e1191a938d67a2d
org.opendaylight.infrautils	inject.guice	5.0.5		1ab353c440a3bc475328dca7fdd97146fa98720b
org.opendaylight.infrautils	inject.guice	5.0.6		2653409291aefc6174d05f6fbb65d4a53e2f95d6
org.opendaylight.infrautils	inject.guice	5.0.7		4fa5cc5cbcf078be9105a11cc231a085222592c1
org.opendaylight.infrautils	inject.guice	5.0.8		9f3a54f2929a25a04f4df8abc7b944eee5eb8e3f
org.opendaylight.infrautils	inject.guice	5.0.9		f9513ec387c9a5e009b10bc9583f9c52749dbc13
org.opendaylight.infrautils	inject.guice	6.0.0		81d4e30e10b5ecdcee5b0b353deb837cb1163970
org.opendaylight.infrautils	inject.guice	6.0.1		682b36c3f0eee367ed08b5ae5f27aa5682b33515
org.opendaylight.infrautils	inject.guice	6.0.10		0cef82bced5dfbf1b0debe28be4021ca9f271f9f
org.opendaylight.infrautils	inject.guice	6.0.11		fab6828a97bbc9a8378e1241490794ae079af14f
org.opendaylight.infrautils	inject.guice	6.0.2		08ac6eebc31fa7ad0fe696e77c651eb459b371e9
org.opendaylight.infrautils	inject.guice	6.0.3		2cecb0d6cfeffc59ef1ab54e0877e84b653c2906
org.opendaylight.infrautils	inject.guice	6.0.4		8439c93a050eb96d746c2cc1f312afdb41b025a2
org.opendaylight.infrautils	inject.guice	6.0.5		b8be8ad63a803059f53546488fbb9eff10418f5a
org.opendaylight.infrautils	inject.guice	6.0.6		20ebf4e5d77a46915980954e8a9e54eb19a4e879
org.opendaylight.infrautils	inject.guice	6.0.7		8401641d27acf983cd0b6061d720220627a2edf8
org.opendaylight.infrautils	inject.guice	6.0.8		a64bd77a96870ed4841c2cc8b34cfc501356cf6d
org.opendaylight.infrautils	inject.guice	6.0.9		bcf8121181995288b7ae57bd00e7fd5ccc712a13
org.opendaylight.infrautils	inject.guice	7.0.0		f491b5a8380d32ebb39563939194fa46183e4e75
org.opendaylight.infrautils	inject.guice	7.0.1		2a175a191554f47b7fe477822fb89b49b617e972
org.opendaylight.infrautils	inject.guice	7.0.2		f71c6a54c3fd1cc8c381963e350178fd85d5d923
org.opendaylight.infrautils	inject.guice	7.0.3		98b43dcb7b80f27836a4123ee268899734134acb
org.opendaylight.infrautils	inject.guice	7.0.4		1e8fa56455f639ba5805698500a70f00c9652841
org.opendaylight.infrautils	inject.guice	7.0.5		8f959d95baf0a71acce14d1ffdec758b7e13d93d
org.opendaylight.infrautils	inject.guice	7.1.0		011241bdfd1da0bd13445bf9b67b0e745eeac5fa
org.opendaylight.infrautils	inject.guice	7.1.1		3aca28eda4c029b16d8742de31e840d36157e5b0
org.opendaylight.infrautils	inject.guice	7.1.2		be321503cb190f38e5a6119f74833a4864fa989b
org.opendaylight.infrautils	inject.guice	7.1.3		eedb7af11584d07bceaffe6c6b99bd880c57c7dd
org.opendaylight.openflowplugin	openflowplugin-impl	0.1.0-Lithium		76b8ca05d4af7c68356b3a6d1f5c0db0e9bcff2e
org.opendaylight.openflowplugin	openflowplugin-impl	0.1.1-Lithium-SR1		75af4427656408dec5017c8dd50050a66c32a323
org.opendaylight.openflowplugin	openflowplugin-impl	0.1.2-Lithium-SR2		f254fcae8bb27cc9e3d3fa5cbfdf464db125f02d
org.opendaylight.openflowplugin	openflowplugin-impl	0.1.3-Lithium-SR3		659cecf360cd477ca5e07d119fb999dc121ca8bb
org.opendaylight.openflowplugin	openflowplugin-impl	0.1.4-Lithium-SR4		99237a311c39ebc1d86e608c19cce3e186e33aec
org.opendaylight.openflowplugin	openflowplugin-impl	0.10.0		af297c7af4051dd922368e168df9ab5aa09523cb
org.opendaylight.openflowplugin	openflowplugin-impl	0.10.1		0c8332bdb1fce59a5e429e759c49c04a59a43142
org.opendaylight.openflowplugin	openflowplugin-impl	0.10.2		4f4f6054058c3be99c3169ed49678f764b456a8b
org.opendaylight.openflowplugin	openflowplugin-impl	0.10.3		fbb77f191cb4d1e880937eb689d4ea109a91abc8
org.opendaylight.openflowplugin	openflowplugin-impl	0.11.0		194426892ccc59793270f5550cbd8a1d1f2d744a
org.opendaylight.openflowplugin	openflowplugin-impl	0.11.1		899355778f9084522adb1e87e4712330f55c4bad
org.opendaylight.openflowplugin	openflowplugin-impl	0.11.2		a8554e4b153704ba78765a000a33b0de0d9e5887
org.opendaylight.openflowplugin	openflowplugin-impl	0.11.3		fba874722fdaf208bfec2e6bda2ad93dd47e345e
org.opendaylight.openflowplugin	openflowplugin-impl	0.11.4		13db74605d7fec108b1ec5ffaf5fe20bda1d3ce7
org.opendaylight.openflowplugin	openflowplugin-impl	0.12.0		016ad1198bf6e43e728c027035886769c781514b
org.opendaylight.openflowplugin	openflowplugin-impl	0.12.1		993ddc0eec29a1eefc7cfc0d4389744786f886e4
org.opendaylight.openflowplugin	openflowplugin-impl	0.12.2		60a5c9ef001218486dbeb1b5dbddcd86421b204e
org.opendaylight.openflowplugin	openflowplugin-impl	0.12.3		f69127c2560f6d2b21123a9239faf133e8fd0b94
org.opendaylight.openflowplugin	openflowplugin-impl	0.12.4		b96899ae7775dfe079811a5f6cf45653ac65bffe
org.opendaylight.openflowplugin	openflowplugin-impl	0.13.1		bd63ccb931f465b285d47c3363d1a80359212730
org.opendaylight.openflowplugin	openflowplugin-impl	0.13.2		12d66e21d4df11c2ebd272966d5f9edf0175ced0
org.opendaylight.openflowplugin	openflowplugin-impl	0.13.3		916acbe246ba0035b9b1764fa69cdd6c376b6df8
org.opendaylight.openflowplugin	openflowplugin-impl	0.14.0		f2a8d200f5cebeccc27c2a7a5b1d9f9180d09cec
org.opendaylight.openflowplugin	openflowplugin-impl	0.14.1		b85e225fbbd3b05ba865b24e65533ba3e949fbb5
org.opendaylight.openflowplugin	openflowplugin-impl	0.14.2		4c3f29f8e80b83c717b8bb076087f78ba58908ce
org.opendaylight.openflowplugin	openflowplugin-impl	0.14.3		8615111c2e18101decea5a86a27adb2c3979f215
org.opendaylight.openflowplugin	openflowplugin-impl	0.15.0		fde75e3571bc0be9449d19e5323588d8171a3cba
org.opendaylight.openflowplugin	openflowplugin-impl	0.15.1		bd87927bb89fe6a75d947a792b6d8ed82b15dd65
org.opendaylight.openflowplugin	openflowplugin-impl	0.15.2		dbc89e64fbe4981cc3e59b0651ba4b5331ae3bd3
org.opendaylight.openflowplugin	openflowplugin-impl	0.15.3		59dcd1138aee3281b02cc926757b7d678d2683fe
org.opendaylight.openflowplugin	openflowplugin-impl	0.16.0		001130222abacbeea0835b96367f5625f09755ee
org.opendaylight.openflowplugin	openflowplugin-impl	0.16.1		193daf4622ad07efa53d7451dacbf2118e7d1f29
org.opendaylight.openflowplugin	openflowplugin-impl	0.16.2		0ac940e730145bb7913b614741bc69f74b8f060e
org.opendaylight.openflowplugin	openflowplugin-impl	0.16.3		c89e61028e4af60385be73a2137f0310ed16cf14
org.opendaylight.openflowplugin	openflowplugin-impl	0.17.0		67878c7e8dad3afdb7040b3d0c13b4bdbec62445
org.opendaylight.openflowplugin	openflowplugin-impl	0.17.1		40c1ae9cce4aa9aa6fddde1e7476d5d044cb5697
org.opendaylight.openflowplugin	openflowplugin-impl	0.17.2		e5edeac062c3b8d9c4523f182d141178057deb36
org.opendaylight.openflowplugin	openflowplugin-impl	0.17.3		b08f34becda55481bf3902f4e363b38dff4bc66b
org.opendaylight.openflowplugin	openflowplugin-impl	0.18.0		1fd8706c6bb1e86de9d66a567cf2f46aecb3b133
org.opendaylight.openflowplugin	openflowplugin-impl	0.18.1		6c16340ea6d1d532c1e7b26266ed660a5d1d012e
org.opendaylight.openflowplugin	openflowplugin-impl	0.18.2		a2410bb3f92f0b070760714da9b62fc497d3774a
org.opendaylight.openflowplugin	openflowplugin-impl	0.18.3		de18287bdc177627a46647edeea0c23f680d2c96
org.opendaylight.openflowplugin	openflowplugin-impl	0.19.0		52aa68495c0e20fb0a1e6a620c2c085f48f176ae
org.opendaylight.openflowplugin	openflowplugin-impl	0.19.1		3a92bc265d27a1263068f0190ca56ed99cb433d4
org.opendaylight.openflowplugin	openflowplugin-impl	0.19.2		696d9a68377eb58daebee6ee577e5b662b9deba7
org.opendaylight.openflowplugin	openflowplugin-impl	0.2.0-Beryllium		12e5ff55d420914c0241735d33336638f15ac676
org.opendaylight.openflowplugin	openflowplugin-impl	0.2.1-Beryllium-SR1		a88f1a1c5e249748db9c035ccd2c1f022b9726b7
org.opendaylight.openflowplugin	openflowplugin-impl	0.2.2-Beryllium-SR2		1ac50c611366a4bcbfd41464774a63fd67931b15
org.opendaylight.openflowplugin	openflowplugin-impl	0.2.3-Beryllium-SR3		746687bf70480005a30badb95647c8d9d4f2b9e7
org.opendaylight.openflowplugin	openflowplugin-impl	0.2.4-Beryllium-SR4		02b54f2d9c41b414abc85ddb042d7419bbd383af
org.opendaylight.openflowplugin	openflowplugin-impl	0.3.0-Boron		0911c34b89309367c5433e09d568736eacd1e47e
org.opendaylight.openflowplugin	openflowplugin-impl	0.3.1-Boron-SR1		dbba9ae96e8c5a503a661cd7bf5080b688a3b08a
org.opendaylight.openflowplugin	openflowplugin-impl	0.3.2-Boron-SR2		6fed3cec854f6b5807b6d41ef1dc3b583fb7e4df
org.opendaylight.openflowplugin	openflowplugin-impl	0.3.3-Boron-SR3		36a3712b487bca2a9c2f6cce8f1bdb2f18c64a0d
org.opendaylight.openflowplugin	openflowplugin-impl	0.3.4-Boron-SR4		f878cf15781fc325fa6421d03f457e7311bf8f5d
org.opendaylight.openflowplugin	openflowplugin-impl	0.4.0-Carbon		3372632f1eafc94e97d88cd5f8b9b6881212500d
org.opendaylight.openflowplugin	openflowplugin-impl	0.4.1-Carbon		a2d725a16e76db466cfa68fee0d20c9940ad715c
org.opendaylight.openflowplugin	openflowplugin-impl	0.4.2-Carbon		176cf38e8341241099406c3fa70b1e4aedb4ffe4
org.opendaylight.openflowplugin	openflowplugin-impl	0.4.3-Carbon		0a022fe86c5dd69d6300c1957a318726ec6efd88
org.opendaylight.openflowplugin	openflowplugin-impl	0.4.4-Carbon		9d11ec56ea6083e955f1761e51dba3eb6e80b223
org.opendaylight.openflowplugin	openflowplugin-impl	0.5.0		0e9024214209d7efba339a932432971f4cfbbee1
org.opendaylight.openflowplugin	openflowplugin-impl	0.5.1		357014ce40ab98e712f7f9e52e7bb32ea1b7d184
org.opendaylight.openflowplugin	openflowplugin-impl	0.5.2		a7e79398a429897451e95b277d790f7063c6e2c6
org.opendaylight.openflowplugin	openflowplugin-impl	0.5.3		6ee655ad80a736478a899d9e969c3e4f218da649
org.opendaylight.openflowplugin	openflowplugin-impl	0.6.0		dba8eb4be653da771c5cdd32619a494e14fcd985
org.opendaylight.openflowplugin	openflowplugin-impl	0.6.1		a84f0a0e742676420b8f9ed7db5323e1be91b371
org.opendaylight.openflowplugin	openflowplugin-impl	0.6.2		7407db7d3b960b985a4c2fb4816bfe0174cb8af2
org.opendaylight.openflowplugin	openflowplugin-impl	0.6.3		27d100f232b574ddef1bfb1e267bd962c414dfec
org.opendaylight.openflowplugin	openflowplugin-impl	0.6.4		5e4cacef391143d0493b29d9936acbc849b1f316
org.opendaylight.openflowplugin	openflowplugin-impl	0.7.0		aa96bd32b2fd22f7041e65f5869c2bce8ea75a6b
org.opendaylight.openflowplugin	openflowplugin-impl	0.7.1		841a2594a13bfbebd7195705a5c778f4dd2fed4b
org.opendaylight.openflowplugin	openflowplugin-impl	0.7.2		90b0b49c70884e3abc1ca5cdaee8f9b1d42ffaab
org.opendaylight.openflowplugin	openflowplugin-impl	0.7.3		bcc01f5f0c4dc8fde0a6d49e77aa67d51b447515
org.opendaylight.openflowplugin	openflowplugin-impl	0.8.0		783e99c280fc4e9c4c9f71112dba027110aef11a
org.opendaylight.openflowplugin	openflowplugin-impl	0.8.1		3df9a8d693efd066c4c4b7314744b4a34b366271
org.opendaylight.openflowplugin	openflowplugin-impl	0.8.2		1134cd6a20441c8470324e1945527955ade67dbd
org.opendaylight.openflowplugin	openflowplugin-impl	0.8.3		b4f7c0f6f594c79c6d7b06e3d09e1c466328c8f0
org.opendaylight.openflowplugin	openflowplugin-impl	0.9.0		348fe443d32ef667241e4d9e92920dfcf9bd8560
org.opendaylight.openflowplugin	openflowplugin-impl	0.9.1		b2f0dd544f9d3db29bf4d3d00ed1c9cbd61f3a67
org.opendaylight.openflowplugin	openflowplugin-impl	0.9.2		9ab0f1ac19a33ce8d500ac32b7c4368c172d931d
org.opendaylight.openflowplugin	openflowplugin-impl	0.9.3		cffcb93afb134aabc23a34a09a96fafd078076ee
org.opendaylight.openflowplugin	openflowplugin-impl	0.9.4		64e339992710ffa21baced319c6d6052ab398e17
org.ow2.jonas	jonas-discovery-base-ant	5.3.0		a5ef8c50b97d84375eafe29ef5de2bf944e3bb0c
org.ow2.jonas	jonas-discovery-base-ant	5.3.0-M4		c9b9bc8fad29749ee3c6e61945281aba35417c64
org.ow2.jonas	jonas-discovery-base-ant	5.3.0-M5		3b1edb62635677e7e55e6d0628e0673017141e0f
org.ow2.jonas	jonas-discovery-base-ant	5.3.0-M6		90554ac16f3286a46915b6fb5bf1cfeb76cdb2dc
org.ow2.jonas	jonas-discovery-base-ant	5.3.0-M7		35bb88217db33b0734bb359050927ec215312e3e
org.ow2.jonas	jonas-discovery-base-ant	5.3.0-RC1		2cf6e4aa9416dcddb8839cd180fc6bb9fcf78fee
org.ow2.monolog	monolog-wrapper-config	2.2.1-RC1		ca0f86c06d9f1c2fe2eb9eaacb637704e11e16e5
org.radarbase	radar-android-phone-telephony	1.1.1		N/A
org.radarbase	radar-android-phone-telephony	1.1.2		N/A
org.radarbase	radar-android-phone-telephony	1.1.3		N/A
org.radarbase	radar-android-phone-telephony	1.2.0		N/A
org.radarbase	radar-android-phone-telephony	1.2.1		N/A
org.radarbase	radar-android-phone-telephony	1.2.2		N/A
org.radarbase	radar-android-phone-telephony	1.2.3		N/A
org.radarbase	radar-android-phone-telephony	1.2.5		N/A
org.radarbase	radar-android-phone-telephony	1.4.1		N/A
org.reactivemongo	reactivemongo-bson-collection_2.13	0.18.0		fdd46de8f28da8ca78d93a9db8d7c169b1bc3563
org.reactivemongo	reactivemongo-bson-collection_2.13	0.18.1		6674c20a0620cd50df3f1f58479eecab7edc8ffa
org.reactivemongo	reactivemongo-bson-collection_2.13	0.18.2		f53801b1486b3c63eb1eecb95c18f163fb7e325f
org.reactivemongo	reactivemongo-bson-collection_2.13	0.18.3		b5c842fbc9294218530558125d3c7a4e18845229
org.reactivemongo	reactivemongo-bson-collection_2.13	0.18.4		559550e58fa432e6ebfabb76aee57d71a5dd39d4
org.reactivemongo	reactivemongo-bson-collection_2.13	0.18.5		a42cde7ea05790f2c95f876283d43647634ed4ed
org.reactivemongo	reactivemongo-bson-collection_2.13	0.18.6		0e7f0e8f650b5ac9766ec5503926115df274ae40
org.reactivemongo	reactivemongo-bson-collection_2.13	0.18.7		29a73bf83db4cf6b56fdcfc69be610df90f9e045
org.reactivemongo	reactivemongo-bson-collection_2.13	0.18.8		03cf6e4817b5475b97e05bd260711b1128d01abc
org.redisson	redisson-spring-data	2.13.0		N/A
org.redisson	redisson-spring-data	2.13.1		N/A
org.redisson	redisson-spring-data	2.13.2		N/A
org.redisson	redisson-spring-data	2.14.0		N/A
org.redisson	redisson-spring-data	2.14.1		N/A
org.redisson	redisson-spring-data	2.15.0		N/A
org.redisson	redisson-spring-data	2.15.1		N/A
org.redisson	redisson-spring-data	2.15.2		N/A
org.redisson	redisson-spring-data	3.10.0		N/A
org.redisson	redisson-spring-data	3.10.1		N/A
org.redisson	redisson-spring-data	3.10.2		N/A
org.redisson	redisson-spring-data	3.10.3		N/A
org.redisson	redisson-spring-data	3.10.4		N/A
org.redisson	redisson-spring-data	3.10.5		N/A
org.redisson	redisson-spring-data	3.10.6		N/A
org.redisson	redisson-spring-data	3.10.7		N/A
org.redisson	redisson-spring-data	3.11.0		N/A
org.redisson	redisson-spring-data	3.11.1		N/A
org.redisson	redisson-spring-data	3.11.2		N/A
org.redisson	redisson-spring-data	3.11.3		N/A
org.redisson	redisson-spring-data	3.11.4		N/A
org.redisson	redisson-spring-data	3.11.5		N/A
org.redisson	redisson-spring-data	3.11.6		N/A
org.redisson	redisson-spring-data	3.12.0		N/A
org.redisson	redisson-spring-data	3.12.1		N/A
org.redisson	redisson-spring-data	3.12.2		N/A
org.redisson	redisson-spring-data	3.12.3		N/A
org.redisson	redisson-spring-data	3.12.4		N/A
org.redisson	redisson-spring-data	3.12.5		N/A
org.redisson	redisson-spring-data	3.13.0		N/A
org.redisson	redisson-spring-data	3.13.1		N/A
org.redisson	redisson-spring-data	3.13.2		N/A
org.redisson	redisson-spring-data	3.13.3		N/A
org.redisson	redisson-spring-data	3.13.4		N/A
org.redisson	redisson-spring-data	3.13.5		N/A
org.redisson	redisson-spring-data	3.13.6		N/A
org.redisson	redisson-spring-data	3.14.0		N/A
org.redisson	redisson-spring-data	3.14.1		N/A
org.redisson	redisson-spring-data	3.15.0		N/A
org.redisson	redisson-spring-data	3.15.1		N/A
org.redisson	redisson-spring-data	3.15.2		N/A
org.redisson	redisson-spring-data	3.15.3		N/A
org.redisson	redisson-spring-data	3.15.4		N/A
org.redisson	redisson-spring-data	3.15.5		N/A
org.redisson	redisson-spring-data	3.15.6		N/A
org.redisson	redisson-spring-data	3.16.0		N/A
org.redisson	redisson-spring-data	3.16.1		N/A
org.redisson	redisson-spring-data	3.16.2		N/A
org.redisson	redisson-spring-data	3.16.3		N/A
org.redisson	redisson-spring-data	3.16.4		N/A
org.redisson	redisson-spring-data	3.16.5		N/A
org.redisson	redisson-spring-data	3.16.6		N/A
org.redisson	redisson-spring-data	3.16.7		N/A
org.redisson	redisson-spring-data	3.16.8		N/A
org.redisson	redisson-spring-data	3.17.0		N/A
org.redisson	redisson-spring-data	3.17.1		N/A
org.redisson	redisson-spring-data	3.17.2		N/A
org.redisson	redisson-spring-data	3.17.3		N/A
org.redisson	redisson-spring-data	3.17.4		N/A
org.redisson	redisson-spring-data	3.17.5		N/A
org.redisson	redisson-spring-data	3.17.6		N/A
org.redisson	redisson-spring-data	3.17.7		N/A
org.redisson	redisson-spring-data	3.18.0		N/A
org.redisson	redisson-spring-data	3.18.1		N/A
org.redisson	redisson-spring-data	3.19.0		N/A
org.redisson	redisson-spring-data	3.19.1		N/A
org.redisson	redisson-spring-data	3.19.2		N/A
org.redisson	redisson-spring-data	3.19.3		N/A
org.redisson	redisson-spring-data	3.20.0		N/A
org.redisson	redisson-spring-data	3.20.1		N/A
org.redisson	redisson-spring-data	3.21.0		N/A
org.redisson	redisson-spring-data	3.21.1		N/A
org.redisson	redisson-spring-data	3.21.2		N/A
org.redisson	redisson-spring-data	3.21.3		N/A
org.redisson	redisson-spring-data	3.22.0		N/A
org.redisson	redisson-spring-data	3.22.1		N/A
org.redisson	redisson-spring-data	3.23.0		N/A
org.redisson	redisson-spring-data	3.23.1		N/A
org.redisson	redisson-spring-data	3.23.2		N/A
org.redisson	redisson-spring-data	3.23.3		N/A
org.redisson	redisson-spring-data	3.23.4		N/A
org.redisson	redisson-spring-data	3.23.5		N/A
org.redisson	redisson-spring-data	3.24.0		N/A
org.redisson	redisson-spring-data	3.24.1		N/A
org.redisson	redisson-spring-data	3.24.2		N/A
org.redisson	redisson-spring-data	3.24.3		N/A
org.redisson	redisson-spring-data	3.25.0		N/A
org.redisson	redisson-spring-data	3.25.1		N/A
org.redisson	redisson-spring-data	3.25.2		N/A
org.redisson	redisson-spring-data	3.26.0		N/A
org.redisson	redisson-spring-data	3.26.1		N/A
org.redisson	redisson-spring-data	3.27.0		N/A
org.redisson	redisson-spring-data	3.27.1		N/A
org.redisson	redisson-spring-data	3.27.2		N/A
org.redisson	redisson-spring-data	3.28.0		N/A
org.redisson	redisson-spring-data	3.29.0		N/A
org.redisson	redisson-spring-data	3.30.0		N/A
org.redisson	redisson-spring-data	3.31.0		N/A
org.redisson	redisson-spring-data	3.32.0		N/A
org.redisson	redisson-spring-data	3.33.0		N/A
org.redisson	redisson-spring-data	3.34.0		N/A
org.redisson	redisson-spring-data	3.34.1		N/A
org.redisson	redisson-spring-data	3.35.0		N/A
org.redisson	redisson-spring-data	3.36.0		N/A
org.redisson	redisson-spring-data	3.37.0		N/A
org.redisson	redisson-spring-data	3.38.0		N/A
org.redisson	redisson-spring-data	3.38.1		N/A
org.redisson	redisson-spring-data	3.39.0		N/A
org.redisson	redisson-spring-data	3.40.0		N/A
org.redisson	redisson-spring-data	3.40.1		N/A
org.redisson	redisson-spring-data	3.40.2		N/A
org.redisson	redisson-spring-data	3.41.0		N/A
org.redisson	redisson-spring-data	3.42.0		N/A
org.redisson	redisson-spring-data	3.43.0		N/A
org.redisson	redisson-spring-data	3.44.0		N/A
org.redisson	redisson-spring-data	3.45.0		N/A
org.redisson	redisson-spring-data	3.45.1		N/A
org.redisson	redisson-spring-data	3.46.0		N/A
org.redisson	redisson-spring-data	3.8.0		N/A
org.redisson	redisson-spring-data	3.8.1		N/A
org.redisson	redisson-spring-data	3.8.2		N/A
org.redisson	redisson-spring-data	3.9.0		N/A
org.redisson	redisson-spring-data	3.9.1		N/A
org.restcomm	restcomm-connect.commons	8.0.0-rms5.18		2ba53420290577c87fce1e91ee545a033f2a58bc
org.restcomm	restcomm-connect.commons	8.0.0-rms5.19		2b5dc7c5cf0ba3c8b909433948eb58785b9c6ed2
org.restcomm	restcomm-connect.commons	8.0.0.1		170ea8952d0d425418f4c0383fec4095537220f4
org.restcomm	restcomm-connect.commons	8.0.0.10		52d995d68d9b583be9310672d247deb6866eb1e9
org.restcomm	restcomm-connect.commons	8.0.0.1023		9c359aa70ecedd97d8301f0cbbb001be008b89cb
org.restcomm	restcomm-connect.commons	8.0.0.1024		24416121b055d1d91b15c91cd829eedb4954c320
org.restcomm	restcomm-connect.commons	8.0.0.1025		25a11c2349d4ad468550d4eb74ca7bee8c23d738
org.restcomm	restcomm-connect.commons	8.0.0.1027		0e634ef819f1af5b0a5875f4a5952750254a7d9f
org.restcomm	restcomm-connect.commons	8.0.0.1028		209f7654ccb467d21bbc48a7ac0916fee00d4634
org.restcomm	restcomm-connect.commons	8.0.0.1030		8a264a6227840b1298a12d504c50d5c7e6882d1d
org.restcomm	restcomm-connect.commons	8.0.0.1031		8f156bd853b6e4e7994fd1cc2c919163aad771bf
org.restcomm	restcomm-connect.commons	8.0.0.1033		2f441868ce137547012fcbd35bab74ed63666a7f
org.restcomm	restcomm-connect.commons	8.0.0.1034		95c91a686b5c83fba43a6efcb4f629ceebf10304
org.restcomm	restcomm-connect.commons	8.0.0.1035		845cf449d4628b20b5eb5c67392a0d88ac5caeb0
org.restcomm	restcomm-connect.commons	8.0.0.1036		4ed48e61d1d49acb5c8da798d7dc6d91a6fea6ea
org.restcomm	restcomm-connect.commons	8.0.0.1037		0521bf7edd1e18774ff0fc203da3827c4fc9c7fc
org.restcomm	restcomm-connect.commons	8.0.0.1038		7fc55b02d1aca5694b77371ffc62085bf0093fec
org.restcomm	restcomm-connect.commons	8.0.0.1039		e9c78d352f925b003efe3435502ff4203885db49
org.restcomm	restcomm-connect.commons	8.0.0.1040		2c6dcca31304a1d62ba3472caaa793ed5d6513f2
org.restcomm	restcomm-connect.commons	8.0.0.1041		e51f287fa8de9950eb2a943067abe41ea700f552
org.restcomm	restcomm-connect.commons	8.0.0.1042		7a9c5489ada9222475fc7e6d97c433cf4dcf62b4
org.restcomm	restcomm-connect.commons	8.0.0.1043		1725eb8f56a1e193a5608ba79bea52fd70955dc2
org.restcomm	restcomm-connect.commons	8.0.0.1044		96eb9bbbf909379299af629f4cf03596fc22a4cc
org.restcomm	restcomm-connect.commons	8.0.0.1045		f0dd76f9a49bb55351690dfe293355fbb0013e2c
org.restcomm	restcomm-connect.commons	8.0.0.1046		a3056ae0a56104eefac19b520eb26abe98a73240
org.restcomm	restcomm-connect.commons	8.0.0.1047		99c3fdcdf42bd6b2469cd23e5bccc1b58630cf08
org.restcomm	restcomm-connect.commons	8.0.0.1048		c4742c2b9be8788d2853c30dfb48aea6df2a478e
org.restcomm	restcomm-connect.commons	8.0.0.1049		90fbd417096649e83342e5fe3d5e0c7115a099bf
org.restcomm	restcomm-connect.commons	8.0.0.1050		c1ac5106513c6527e8fe211934f6c5dba00e3d9f
org.restcomm	restcomm-connect.commons	8.0.0.1051		3eea5ac3bcc7c131fb4fbc3b3ba2c8ee4082bd48
org.restcomm	restcomm-connect.commons	8.0.0.1052		db99a0685b7b1edbe787b6843fccf9614f3b14e8
org.restcomm	restcomm-connect.commons	8.0.0.1053		a73f0eef238ed29f402cbca2b6ee7c01c4ce3539
org.restcomm	restcomm-connect.commons	8.0.0.1054		4f6cdcc6ffc62a24a7f17622729e6782c55708ae
org.restcomm	restcomm-connect.commons	8.0.0.1055		1011a16eeda2dbbb00ec6fa049a321fc0c42d9ea
org.restcomm	restcomm-connect.commons	8.0.0.1056		2cab7b51380008c0dab9a1d528f29338395d2c12
org.restcomm	restcomm-connect.commons	8.0.0.1058		6c331833a6745bc5cf405ea1575e129b609c1a69
org.restcomm	restcomm-connect.commons	8.0.0.1059		a8cb4664f6b7cf72292438bf51a1e7d9fd00b349
org.restcomm	restcomm-connect.commons	8.0.0.1060		703a67eae16aeb4d67952cf08a4b9125ae3f4d13
org.restcomm	restcomm-connect.commons	8.0.0.1061		c3e10e9835713de7c87052c710d6f2a92cb29bff
org.restcomm	restcomm-connect.commons	8.0.0.1062		f24017be32c7a97e4529edd13fdb7a0b60521237
org.restcomm	restcomm-connect.commons	8.0.0.1063		c99acfe80fe557834f6b6bb561b185c18b29f23f
org.restcomm	restcomm-connect.commons	8.0.0.1064		4905eda7c9c967f4deb2d288f2c265e9da634a9a
org.restcomm	restcomm-connect.commons	8.0.0.1065		1a71f07b3feab8a5ddcb14a7315711f96891b185
org.restcomm	restcomm-connect.commons	8.0.0.1067		59a1cab5d4c79f87c2a1837bf2b6361ca24d69ab
org.restcomm	restcomm-connect.commons	8.0.0.1068		5656ad0d586b58e74832f902cc8b21e1b862815f
org.restcomm	restcomm-connect.commons	8.0.0.1069		1ee6af1ff888dc9c71d4a979954ef18a415c9297
org.restcomm	restcomm-connect.commons	8.0.0.1070		d9f0a28a12c32f1c71c11e27e37bce58d67747f4
org.restcomm	restcomm-connect.commons	8.0.0.1071		ba2ed8e141a8c3c90951f2783cb014243747907e
org.restcomm	restcomm-connect.commons	8.0.0.1072		f0537dc37b8cebc80e86972868e8b145d10fe952
org.restcomm	restcomm-connect.commons	8.0.0.1073		048eea2fc88c43c9eb870180d21909edb42f143e
org.restcomm	restcomm-connect.commons	8.0.0.1074		9ae2a52b14c8cfeb2f0b6e961c3e1e3ed40ff4a5
org.restcomm	restcomm-connect.commons	8.0.0.1075		6288f667e43f3b970d6b5335aa622ef784165925
org.restcomm	restcomm-connect.commons	8.0.0.1076		4457b0e914de2ec7e0eb1d4d107d262ee6e84c7b
org.restcomm	restcomm-connect.commons	8.0.0.1077		e9618cb8a46193f0fa27b3bb026a6bc11a33441f
org.restcomm	restcomm-connect.commons	8.0.0.1078		f5b60512aa122b7894767ce27b8852195adaa967
org.restcomm	restcomm-connect.commons	8.0.0.1079		6f567a121281f09163d5cf447cd43ef9d1deb737
org.restcomm	restcomm-connect.commons	8.0.0.1080		f720a7fad18b398ffa6a98408e845bc3b656dfa0
org.restcomm	restcomm-connect.commons	8.0.0.1081		38ba64ac4361785b93ad8ee4aacf0ad2076b5dcb
org.restcomm	restcomm-connect.commons	8.0.0.1082		f6d5ba7f3c23d00006f3a12eda8ed1b58384290c
org.restcomm	restcomm-connect.commons	8.0.0.1083		e753ee5970393dcf6839d25832ba8711a5187f66
org.restcomm	restcomm-connect.commons	8.0.0.1084		b8fcd45260920dfa5b51b355d490d3b7b8b5048c
org.restcomm	restcomm-connect.commons	8.0.0.1085		e2a56677258722590052dac7f5d1db3074b764d9
org.restcomm	restcomm-connect.commons	8.0.0.1086		8f9503895fa59c53a7e1b765061a202a3b5510fc
org.restcomm	restcomm-connect.commons	8.0.0.1087		e322f6d688660187a979806994b8620e3cea5e8f
org.restcomm	restcomm-connect.commons	8.0.0.1088		d4a81304ece8dc47a4bb5d28406312de6179cf73
org.restcomm	restcomm-connect.commons	8.0.0.1089		83f4a92e48cf2083624378f87d66373b16f7a1d2
org.restcomm	restcomm-connect.commons	8.0.0.1090		85dd3ab3a30714b827f2c6c00ef7d530a18c537a
org.restcomm	restcomm-connect.commons	8.0.0.1091		b431e795728d6e44f65734383e78916ea7274e94
org.restcomm	restcomm-connect.commons	8.0.0.1092		153af9f0694cf04faa5063990c1400499f58c530
org.restcomm	restcomm-connect.commons	8.0.0.1093		1e21c79f3896abf32cea80b975affe221b6b0d71
org.restcomm	restcomm-connect.commons	8.0.0.1094		caa74fdf0521c739e957b3f7cb48d0fe7245c6b9
org.restcomm	restcomm-connect.commons	8.0.0.1095		7667238fa2ffe14b73643b7b377430c49d529863
org.restcomm	restcomm-connect.commons	8.0.0.1096		8aac6d8a8a9cc78acf50904ee7e4cac9ae9cd968
org.restcomm	restcomm-connect.commons	8.0.0.1097		d215e2e37f7b8954382a7d7f4b347ee74b76a0e0
org.restcomm	restcomm-connect.commons	8.0.0.1098		01332d405746fc481b5e14fcf10acd3c4a65da34
org.restcomm	restcomm-connect.commons	8.0.0.1099		262527fadc2838ad74c82443c232e462725f27f1
org.restcomm	restcomm-connect.commons	8.0.0.11		b943dfe46983c6627d67ab46ba8aea6af71c3acf
org.restcomm	restcomm-connect.commons	8.0.0.1100		b80af5ea986df190dda7bc9023b102699002c8cf
org.restcomm	restcomm-connect.commons	8.0.0.1101		d0cfe415796ffedc0522a314c5c085cdc98daf57
org.restcomm	restcomm-connect.commons	8.0.0.1102		ebd70f4e3c3fba44ba50d49ef9fbd779f43fc8dc
org.restcomm	restcomm-connect.commons	8.0.0.1104		313c00d2bd758498607b28cb8f223bed227b67e8
org.restcomm	restcomm-connect.commons	8.0.0.1105		7829524f1904a5b401cef7308d90fa8a62d24e50
org.restcomm	restcomm-connect.commons	8.0.0.1106		32b58c20a67bd37efb800f5533c7dff90865ceb2
org.restcomm	restcomm-connect.commons	8.0.0.1107		0c30fde7e0afd19b1040361a9dceb45076f63550
org.restcomm	restcomm-connect.commons	8.0.0.1108		844a7664023a3e2ba0f8c4afdcf448f31900c4d2
org.restcomm	restcomm-connect.commons	8.0.0.1111		1c3f8ca1ddc0bf0f53cc1120c3df75510e64f747
org.restcomm	restcomm-connect.commons	8.0.0.1112		6bff4f15396d742b4088ed7a85992281c933f78d
org.restcomm	restcomm-connect.commons	8.0.0.1114		83fee56f0c827e2ec2d68e83b0aec8a74f878cde
org.restcomm	restcomm-connect.commons	8.0.0.12		818bb98d032432c5331319c249c14b87135fa519
org.restcomm	restcomm-connect.commons	8.0.0.13		2f62c4351e73fc2fa58e1f9b057c1c46e3bf7b61
org.restcomm	restcomm-connect.commons	8.0.0.14		640e2f0ec460ca3d2e4870758f305b061e0df38b
org.restcomm	restcomm-connect.commons	8.0.0.15		921d4712e2d44d46d997eff9b716b57432511307
org.restcomm	restcomm-connect.commons	8.0.0.16		1c15d126494b2cc0661f27da8e730036d95d9153
org.restcomm	restcomm-connect.commons	8.0.0.17		66912f8275e1249581c9ff5ce85e806a48bc7017
org.restcomm	restcomm-connect.commons	8.0.0.18		ace6693238a0264f9d3d1db589946d71780d5510
org.restcomm	restcomm-connect.commons	8.0.0.19		541f5450285e1ad1b8bc2da93ffec603f3e1b1c9
org.restcomm	restcomm-connect.commons	8.0.0.2		dca58c2ec67d1bc8f8f93353a72e12177e3dc737
org.restcomm	restcomm-connect.commons	8.0.0.20		c031f6864dcba64190979fdd09b3f5265c575e16
org.restcomm	restcomm-connect.commons	8.0.0.21		94710dbc618165a38190bd5c2f28fb84a7c135ca
org.restcomm	restcomm-connect.commons	8.0.0.22		92c8d2c362c08da83a646caf3e6ebd039d132bd4
org.restcomm	restcomm-connect.commons	8.0.0.23		0e7c8f33d3ce88b9aeb27235ca8da1fb77f63b5e
org.restcomm	restcomm-connect.commons	8.0.0.24		4ec3c8bd995ef0f7cbc87f2742c9e8dda98984f0
org.restcomm	restcomm-connect.commons	8.0.0.25		694f2bfad6fab2a12e6be9f37e6d5c226fcf1f21
org.restcomm	restcomm-connect.commons	8.0.0.26		4aa5ea4406a7a5b8b25fff6acd072f77fc0d6846
org.restcomm	restcomm-connect.commons	8.0.0.28		44b578b064f73d6397fedfa13207b9418e1d6f1a
org.restcomm	restcomm-connect.commons	8.0.0.29		025b23b06169f658b56ff01ce4804360c3c64471
org.restcomm	restcomm-connect.commons	8.0.0.3		c614552676bac2f2b9b3a085496274820e1de5b6
org.restcomm	restcomm-connect.commons	8.0.0.30		9da69f2d15ff001cd4f736439af30f7afeb93616
org.restcomm	restcomm-connect.commons	8.0.0.31		61087c9492d64481773e461672b67e0b098943b9
org.restcomm	restcomm-connect.commons	8.0.0.32		6aee0991b6c524113b559d1c9aecde99bcf88813
org.restcomm	restcomm-connect.commons	8.0.0.33		2ce347954a00a2c5a652f9d544570d109ca4634c
org.restcomm	restcomm-connect.commons	8.0.0.34		72dfe23b5da54188c1166d69dea998ab491c12c9
org.restcomm	restcomm-connect.commons	8.0.0.35		e2cc99af2d4f4f8027fd848082f3106a8da31ff2
org.restcomm	restcomm-connect.commons	8.0.0.36		49bcd47281fc67b183f44b46d3455188a46d97d3
org.restcomm	restcomm-connect.commons	8.0.0.37		701ce1018ca7c1b1c049b6c704878ceac86509c5
org.restcomm	restcomm-connect.commons	8.0.0.4		6708c93b80a101c4fb80d1e3fe8f5b7a901263c5
org.restcomm	restcomm-connect.commons	8.0.0.5		c59645a8c901fe3f94b46fc2aba5ff2b927ce500
org.restcomm	restcomm-connect.commons	8.0.0.6		1d647c35e51cc73bb1d4da32609149d02ff369f6
org.restcomm	restcomm-connect.commons	8.0.0.7		fff3044d90ff46b49ece76d414a68ffbfa8f357f
org.restcomm	restcomm-connect.commons	8.0.0.8		78df1563072666bae00e03f29485e01e1a964fef
org.restcomm	restcomm-connect.commons	8.0.0.9		cfb275b69d0de51f197676cc372284c8bf9aa5c2
org.restcomm	restcomm-connect.commons	8.0.0.issue-1570.39		93079aceb9029ef3723509d0927de6273b4749c5
org.restcomm	restcomm-connect.commons	8.0.0.issue-1570.40		bd5cd383fbf7696f0c092574df8c0e268c9a30cf
org.restcomm	restcomm-connect.commons	8.0.0.issue-1570.41		453258a9bed0532679384dcb40d2bd0852b40785
org.restcomm	restcomm-connect.commons	8.0.0.issue-1570.withtest.36		ef762d5cd76e2f649c287288d848860a2f8c4875
org.restcomm	restcomm-connect.commons	8.0.0.issue-1570.withtest.37		8b5e8bfec73bfc36c12ee16cb4a6699bc9d027ee
org.restcomm	restcomm-connect.commons	8.0.0.issue-1570.withtest.38		1be8e940463b331c520fde78bcc658dc1eec6185
org.restcomm	restcomm-connect.commons	8.0.0.issue-1570.withtest.41		5bcc2e020ff0ae7d8f8cbd8d212bd5fe325bcf56
org.restcomm	restcomm-connect.commons	8.0.0.issue-1572.51		86787444e24801143c8d703b5fb2506dee7123ce
org.restcomm	restcomm-connect.commons	8.0.0.issue-1572.withtest.40		a48bd12201112aba10fc3c4e098629c34c6a8d89
org.restcomm	restcomm-connect.commons	8.0.0.issue-1614.43		8d298415161632e0d89d37eefcce5b37b803eeb7
org.restcomm	restcomm-connect.commons	8.0.0.issue-1614.45		3198c984993d8d695de585bdc08428f22681e570
org.restcomm	restcomm-connect.commons	8.0.0.issue-1614.48		745b392593b034998a69305dec8dadcf5c43d1fd
org.restcomm	restcomm-connect.commons	8.0.0.issue-1614.49		b3b10a5186039fca31d8c7440e1ceb60b27d6208
org.restcomm	restcomm-connect.commons	8.0.0.issue-1614.50		2e85a68115a58023640bdb2ee2cd7ffe0210e27c
org.restcomm	restcomm-connect.commons	8.0.0.issue-1614.53		b975dc02720d678084529d74a87120fe1dbd7935
org.restcomm	restcomm-connect.commons	8.0.0.issue-1614.55		fee03dec3c1cfa859b26e9d422992490fb2ea9ea
org.restcomm	restcomm-connect.commons	8.0.0.trustcdr.11		3f04f86135f8dfe751e5a40dfc5409327bb9989e
org.restcomm	restcomm-connect.commons	8.0.0.trustcdr.12		650d56f042916d5e81ecd8ee4044a567465f13f9
org.restcomm	restcomm-connect.commons	8.0.0.trustcdr.15		c50407298b81af98bf1088e674dfdfa92e7e1a4e
org.restcomm	restcomm-connect.commons	8.0.0.trustcdr.16		9e9002f5e26e5e13c0fc928ef399264bf38363f4
org.restcomm	restcomm-connect.commons	8.0.0.trustcdr.17		5cb49f27d537c0b231cc7d21a280036239273753
org.restcomm	restcomm-connect.commons	8.0.0.trustcdr.6		b5026cc2620f7a5d9f925f0a4cd4934bac49cc80
org.restcomm	restcomm-connect.commons	8.0.0.trustcdr.7		34aa52c1d2a5be9502c7647ef834552aaae9c46f
org.restcomm	restcomm-connect.commons	8.0.0.trustcdr.8		33ab3d990447150debe34a67441556a7558d572c
org.restcomm	restcomm-connect.commons	8.0.0.trustcdr.9		384aaa85975d2d4f720c871070aa0087b6ddb09c
org.restcomm	restcomm-connect.commons	8.0.0.trustcdr.withtests.11		0b5f501648aa3b495dbbddfff1e635d78ada442a
org.restcomm	restcomm-connect.commons	8.0.0.trustcdr.withtests.13		2e382f97454c556a725b6b1fcc37e71ee4a125ce
org.restcomm	restcomm-connect.commons	8.0.0.trustcdr.withtests.14		a0aae220ee7eaa726c3ed33b1dea14fab3ba31ee
org.restcomm	restcomm-connect.commons	8.0.0.trustcdr.withtests.8		11a76bbc644b71a43b94a4964ea472f11dd70ff5
org.restcomm	restcomm-connect.commons	8.0.0.trustcdr.withtests.9		92a3e05383bf33ce32281c567b9f241614fa5551
org.restcomm	restcomm-connect.commons	8.1.0.1115		2cb79b66afda9ea11900aadf4f191a8eb6a57aa5
org.restcomm	restcomm-connect.commons	8.1.0.1116		b0033e757e0b11907dec2f17e316eda0ddefc3de
org.restcomm	restcomm-connect.commons	8.1.0.1117		f04b12dba1e8655f782153f7ebe10f06c956591c
org.restcomm	restcomm-connect.commons	8.1.0.1118		97f89e05342d4bc8ec59980604f34e6f3293fddc
org.restcomm	restcomm-connect.commons	8.1.0.1119		5cd6d1bc86a6a8ec3ab9aa709fb5d4e7a0af5724
org.restcomm	restcomm-connect.commons	8.1.0.1120		f7a9507ad7d59e03b5c5852d24a26d21a1e6b75d
org.restcomm	restcomm-connect.commons	8.1.0.1122		05b35ec0aff090cc7d59d7c61a6c0990e4ef1f6a
org.restcomm	restcomm-connect.commons	8.1.0.1123		7f37c06f13d0b9acff27f32ce7d6507d79ad9095
org.restcomm	restcomm-connect.commons	8.1.0.1124		32508d80dee427a5530e4443b04fbf4031886dc7
org.restcomm	restcomm-connect.commons	8.1.0.1125		26c07cd38ec28dde6c726c0c894527427162ab10
org.restcomm	restcomm-connect.commons	8.1.0.1126		79103392ed2ae3206154da3cee6b0f5b726164de
org.restcomm	restcomm-connect.commons	8.1.0.1127		cb068ee8251f850ff0e937912af573e7afa88ec2
org.restcomm	restcomm-connect.commons	8.1.0.1128		18f87d1cc33a5d86fd7b73cc072251de0c186b50
org.restcomm	restcomm-connect.commons	8.1.0.1129		b9717f0bb191e8b0e82c227cfaec343ad0c17fe6
org.restcomm	restcomm-connect.commons	8.1.0.1130		8c129f153b14fbec15bba0a3265a897c7d0d227f
org.restcomm	restcomm-connect.commons	8.1.0.1131		dd6fcbcb2cd5322cc893a8e5a060e23057eec422
org.restcomm	restcomm-connect.commons	8.1.0.1133		96b17a06945cdbca557338a6fd7b10d987fed96d
org.restcomm	restcomm-connect.commons	8.1.0.1134		8d64e5c8918c207a2aebc60161528d46cf3c6bbe
org.restcomm	restcomm-connect.commons	8.1.0.1135		660c01ae46ee5e33104b82965a9163fb9f69a353
org.restcomm	restcomm-connect.commons	8.1.0.1136		db1996315d6fc157b0f592738af5d18bca506e94
org.restcomm	restcomm-connect.commons	8.1.0.1137		fbb8177a4af251959750e6a9e6a6f0a8fa462b5b
org.restcomm	restcomm-connect.commons	8.1.0.1138		a86de7626fbaa812f8fba240b8fc1db70835cb56
org.restcomm	restcomm-connect.commons	8.1.0.1139		b8a256755ccf1d2d478587180063f48edb479eab
org.restcomm	restcomm-connect.commons	8.1.0.1141		9fbfc42b8403c74914909938125e59f10ac52318
org.restcomm	restcomm-connect.commons	8.1.0.1142		fc0e3cfdded77344ba1081dd2a5c81ea80e2dc7f
org.restcomm	restcomm-connect.commons	8.1.0.1143		e6b88510f30eb73caa84afaefadf89361e08f2d0
org.restcomm	restcomm-connect.commons	8.1.0.1144		bf408ff1ecc9af5b0233f8596814bcbeaac7564c
org.restcomm	restcomm-connect.commons	8.1.0.1145		c635c27d7e9c6491d9f810d4e655a6de6baa5d07
org.restcomm	restcomm-connect.commons	8.1.0.1147		9b2b2508e2a8364026559d18c7dc7169340ffea9
org.restcomm	restcomm-connect.commons	8.1.0.1148		862ceb98ed4b5bbb99f0fba30f7c2e4249f91817
org.restcomm	restcomm-connect.commons	8.1.0.1149		15d4faf111129a9a2e43efac0cbbc0ec948ac1c2
org.restcomm	restcomm-connect.commons	8.1.0.1150		e8825ced34f7886e7c76838d9bc3975e9ca8e402
org.restcomm	restcomm-connect.commons	8.1.0.1151		8548959464a327d2c55a34cc2165dfc0de5273d0
org.restcomm	restcomm-connect.commons	8.1.0.1152		77664ad8124af39bab25e9237954998443da1cdc
org.restcomm	restcomm-connect.commons	8.1.0.1153		d27438510822ff752b1ba76b20f6f795857fd6e0
org.restcomm	restcomm-connect.commons	8.1.0.1154		0f83e1c6f1c8e94ef8c6f6f9bb0c60794fd60ac7
org.restcomm	restcomm-connect.commons	8.1.0.1155		6c6cc33a97b1caa683a973e2c97ad1fe7b294c44
org.restcomm	restcomm-connect.commons	8.1.0.1157		f95b004c36866001fd6a144b324455868896c0ed
org.restcomm	restcomm-connect.commons	8.1.0.1158		82a2b04aaea4b5ca5a94c55f259bed1b0c2ac919
org.restcomm	restcomm-connect.commons	8.1.0.1159		e85cad22511648d0d7ca62ce5d77bc1345882677
org.restcomm	restcomm-connect.commons	8.1.0.1160		99da1b6270e22b8dff4cc48512f427f108aafd79
org.restcomm	restcomm-connect.commons	8.1.0.1161		14a308671b7cf977f5037027265df637184d8407
org.restcomm	restcomm-connect.commons	8.1.0.1162		c8ef355040e37c3a9beec6d046fd1a3439ebb045
org.restcomm	restcomm-connect.commons	8.1.0.1163		dfa6eef959ffec5d510a436ebaf1e0fed85d4943
org.restcomm	restcomm-connect.commons	8.1.0.1164		7cfc0a61e00fc2a2adf56cdbcca4994dfccb6739
org.restcomm	restcomm-connect.commons	8.1.0.1165		21e5fd88333198d095535a43931575a9f93648af
org.restcomm	restcomm-connect.commons	8.1.0.1166		df1ea62b4b52eeb12d27ecf260dc26ce63e92844
org.restcomm	restcomm-connect.commons	8.1.0.1167		a4262e48665a4bf3aace4c2c6f05bc7536cdd847
org.restcomm	restcomm-connect.commons	8.1.0.1168		8b7d2a442c9ab4cf4002a6fafb0cef09284d7a4a
org.restcomm	restcomm-connect.commons	8.1.0.1169		c01c05f82304568c8de005f6ab37a61623a4d40f
org.restcomm	restcomm-connect.commons	8.1.0.1170		b30057aa1cb8336f44be9281aa8b2926554e9778
org.restcomm	restcomm-connect.commons	8.1.0.1171		de3201117b08b2b03094223b7c4d2b2dde9ea18b
org.restcomm	restcomm-connect.commons	8.1.0.1172		426cf7f21c077f13b5417a3dc9bcebea20c3481d
org.restcomm	restcomm-connect.commons	8.1.0.1173		ded9692cf29dfa286972d04b6ca94bcc5edef878
org.restcomm	restcomm-connect.commons	8.1.0.1174		1483a0e51c859512d86fd6cf594a1c959c597ab6
org.restcomm	restcomm-connect.commons	8.1.0.1175		1483a0e51c859512d86fd6cf594a1c959c597ab6
org.restcomm	restcomm-connect.commons	8.1.0.1176		166a9775f8f55deaf95e545e9d34330cca51632d
org.restcomm	restcomm-connect.commons	8.1.0.1177		404d4d1f290fe826cd53121164d36de7c39e5025
org.restcomm	restcomm-connect.commons	8.1.0.1178		cb746780dfccf14aabcb99001b704224b2f57879
org.restcomm	restcomm-connect.commons	8.1.0.1179		262311c19fcc8f7fc778d34be0130a14bbc66fa7
org.restcomm	restcomm-connect.commons	8.1.0.1180		eaa256010254fa385af4aadf691698b41151a8a2
org.restcomm	restcomm-connect.commons	8.1.0.1181		86b4f89f0d3633e83d9c9df0e78bf77282f1e883
org.restcomm	restcomm-connect.commons	8.1.0.1182		49e320194a40554d7314b8980c97a17af094e990
org.restcomm	restcomm-connect.commons	8.1.0.1183		fb52f3f2e131942894c6fc0171ad0e04b1cf7edd
org.restcomm	restcomm-connect.commons	8.1.0.1184		8b853ccf91e6894c748f67b7cb9e4d697306d246
org.restcomm	restcomm-connect.commons	8.1.0.1185		5435016f14ff0a964f1a30646b12d8dd8603de66
org.restcomm	restcomm-connect.commons	8.1.0.1186		4274d1ac252e1dc2955466f9927dda383d6fe5f4
org.restcomm	restcomm-connect.commons	8.1.0.1187		92327c585d4e97e3ea392431c65f8df3c9a1d757
org.restcomm	restcomm-connect.commons	8.1.0.1188		33bce8a14fe99c31e1c909c156c4e33e6f76f537
org.restcomm	restcomm-connect.commons	8.1.0.1189		4799bb95de11c1e2a0b6bea1fc7319e33671638a
org.restcomm	restcomm-connect.commons	8.1.0.1190		70c793d5f37e6ba0f6204a656d2bc92f1af1e1c2
org.restcomm	restcomm-connect.commons	8.1.0.1191		57042dc505d0cfb2a2a647aba28937d693319c78
org.restcomm	restcomm-connect.commons	8.1.0.1192		61b8605ad0284fd2bd04c9bc749a55755bb41767
org.restcomm	restcomm-connect.commons	8.1.0.1193		e427deea1b4885d44ac93bcc6fb014216da6fef8
org.restcomm	restcomm-connect.commons	8.1.0.1194		2be549a0c1bfa91f1486c8b01e72c1907bbc29be
org.restcomm	restcomm-connect.commons	8.1.0.1195		034acae9036fd246f338276f80fc78d5cd66be08
org.restcomm	restcomm-connect.commons	8.1.0.1196		3636485879e1110bf2472d9503040618b0aeaceb
org.restcomm	restcomm-connect.commons	8.1.0.1197		eb00a385edac10c0404ff8f87b3c202d17cbfac2
org.restcomm	restcomm-connect.commons	8.1.0.1198		0af201aa3237c34275bf706bd3fdab946af80149
org.restcomm	restcomm-connect.commons	8.1.0.1199		11d903c76576bb5154f9032d83d6022e897478f2
org.restcomm	restcomm-connect.commons	8.1.0.1200		e6488bfcb12667875d6964f9c32cfaaf644649b5
org.restcomm	restcomm-connect.commons	8.1.0.1201		05dfe864463c1b74a1ad5d4ba6d1358d4e93e19b
org.restcomm	restcomm-connect.commons	8.1.0.1203		e2d8c77fea4f1354be305f8d7824903c1b6cfa08
org.restcomm	restcomm-connect.commons	8.1.0.1204		85002312b781ffa688f59300484608522d9fcc64
org.restcomm	restcomm-connect.commons	8.1.0.1205		fe183db4c270bb34ae2211553c7378dcb0846668
org.restcomm	restcomm-connect.commons	8.1.0.1206		153a4fdfc29c8295f0bf4ef6c26a23595dfefb7d
org.restcomm	restcomm-connect.commons	8.1.0.1207		987ecde410afee55b88caf19ebb44b5b8cb7a9cc
org.restcomm	restcomm-connect.commons	8.1.0.1208		799763f1313cd2a2645b64594d2d713aa1a9cf6c
org.restcomm	restcomm-connect.commons	8.1.0.18		334660c18106e58a9d3052362708755bd9d9d02f
org.restcomm	restcomm-connect.commons	8.1.0.19		9cade02f13135b7023c88f20c5f68de3e8c874f7
org.restcomm	restcomm-connect.commons	8.1.0.20		b1dc9f464c54187abcfe11f5ad6f6a90423d37df
org.restcomm	restcomm-connect.commons	8.1.0.23		2a552da652b0d2ea16c68ebbe23d19327241a188
org.restcomm	restcomm-connect.commons	8.1.0.24		cd1de6c442cd5adbd12df05b5278a97fbc93f505
org.restcomm	restcomm-connect.commons	8.1.0.27		ea032c3cfc52939e8bd0382bf533a3f757fb48fe
org.restcomm	restcomm-connect.commons	8.1.0.28		63495bd1b8c6d15a4a4559c118ac2b4d270cdc13
org.restcomm	restcomm-connect.commons	8.1.0.29		7d09fe36031cbc13c53dcde56dfdc27624dfe46f
org.restcomm	restcomm-connect.commons	8.1.0.30		2776fa02e3ae00d94b733b75f149605aad467770
org.restcomm	restcomm-connect.commons	8.1.0.31		e24b7cb515f8efc56fc1ca3b589e007fc8f5fc6d
org.restcomm	restcomm-connect.commons	8.1.0.32		13acd9a0a39499c017802522e94d754be861badc
org.restcomm	restcomm-connect.commons	8.1.0.33		3ca6be00047ec797d23cb7e46241e8b375a6d21e
org.restcomm	restcomm-connect.commons	8.1.0.34		4f98d369273a4ab4e372c00b5ebcaa78775fd781
org.restcomm	restcomm-connect.commons	8.1.0.4		e1a707477ea288d0d301a2d0a1bde1e9b11f05f2
org.restcomm	restcomm-connect.commons	8.1.0.Issue1945_UpdateTadhackEnvironment.10		9b615e29c79d7aecf6444ec899aad96f70129e5b
org.restcomm	restcomm-connect.commons	8.1.0.Issue1945_UpdateTadhackEnvironment.2		ccfbf991345c5e8a46aaba2da37bdd3c8c45a6af
org.restcomm	restcomm-connect.commons	8.1.0.Issue1945_UpdateTadhackEnvironment.3		2703db3ce5086f30c535a44a39794b3ac52baa63
org.restcomm	restcomm-connect.commons	8.1.0.Issue1945_UpdateTadhackEnvironment.4		fe95ad5cb1db21638f819cf3e80ac0a798128ab6
org.restcomm	restcomm-connect.commons	8.1.0.Issue1945_UpdateTadhackEnvironment.56		5eb9ed24822511b882aa83fc019e4232141d6d03
org.restcomm	restcomm-connect.commons	8.1.0.Issue1945_UpdateTadhackEnvironment.57		41d392b5d1034e4004795d522cf19a6e8d789cdf
org.restcomm	restcomm-connect.commons	8.1.0.Issue1945_UpdateTadhackEnvironment.6		4e1f8fbe5d77016a6cd22fb83b6d3f523983d4b7
org.restcomm	restcomm-connect.commons	8.1.0.MPROV_1981.67		a2c8af50bcbefb0011d41c5f016a47e9cd357b76
org.restcomm	restcomm-connect.commons	8.1.0.MPROV_1981.68		bc042a11bcf65855ac0b96d7e24b7e75590713c0
org.restcomm	restcomm-connect.commons	8.1.0.MPROV_1981.69		dc1fe626c08fe7410d5aa47d6d72b023946eb900
org.restcomm	restcomm-connect.commons	8.1.0.MPROV_Voice2b.76		8685ed49853d89fd12587031d647b462152495b4
org.restcomm	restcomm-connect.commons	8.1.0.issue-1312.70		3fb6b3c77681e5beb17ae91ec8f9a354f33ed34d
org.restcomm	restcomm-connect.commons	8.1.0.issue-1572.39		9380d3aef92832120c3290ed22e4583a6110aac8
org.restcomm	restcomm-connect.commons	8.1.0.issue-1572.52		cdcec741783f7ac77b7f78e1c28523e14a79d994
org.restcomm	restcomm-connect.commons	8.1.0.issue-1572.54		792ce1ad999e1e0d988df00856c318ba024adfda
org.restcomm	restcomm-connect.commons	8.1.0.issue-1614.46		1eccef2b44c9232b2acaf08f75131e2744296a57
org.restcomm	restcomm-connect.commons	8.1.0.issue-1614.47		4a9bf487ca44ae806f0b60c0d990229202bd6f9c
org.restcomm	restcomm-connect.commons	8.1.0.issue-1821.60		bbc10c54f47fa86858428587a5d9aae2644f2902
org.restcomm	restcomm-connect.commons	8.1.0.issue-1821.61		12d8c4bd8ba3f63a76760129662f6f29154ee2cd
org.restcomm	restcomm-connect.commons	8.1.0.issue-1821.62		ddee2da3475ed4473e0607cccf7ec9c408ec0d38
org.restcomm	restcomm-connect.commons	8.1.0.issue-1821.63		f4b34f949a26240b5004335185242158288a9c3a
org.restcomm	restcomm-connect.commons	8.1.0.issue-1821.64		658163ce4f53ddcce85fc73a5729d6e9e36ca47b
org.restcomm	restcomm-connect.commons	8.1.0.issue-1821.65		9985feb7eca1a4f4f3deaeb8a50e8c16b9151b98
org.restcomm	restcomm-connect.commons	8.1.0.issue-1821.81		d8fdb274675327943d2eaa96c719dc222ffd362f
org.restcomm	restcomm-connect.commons	8.1.0.issue-1939.58		dd8b5c8334e362121e00294e487986dc1892c3a8
org.restcomm	restcomm-connect.commons	8.1.0.issue-1939.59		ac7bb7b5a23e1e0bdb6043751f4ee809f7d2a0d3
org.restcomm	restcomm-connect.commons	8.1.0.issue-2073.71		21c14e9dd037f85560fb3a1f5e38b20a912cd4f2
org.restcomm	restcomm-connect.commons	8.1.0.issue-2073.74		df2d4596d8a0b154b772c776770b0ba1254800c0
org.restcomm	restcomm-connect.commons	8.1.0.master.72		8cdae232c5b6aef977e9be8fa985d47504f7cf2d
org.restcomm	restcomm-connect.commons	8.1.0.rms5.1		2c5d7cbfd2e3aa05c149b1b043a7d740c98569d1
org.restcomm	restcomm-connect.commons	8.1.0.rms5.2		d294116fcaa50c97b41aa0495a5af2e9fc49c63e
org.restcomm	restcomm-connect.commons	8.2.0.11		e5a24f7c270012ddb7939c1d0a702d9b55cbdad2
org.restcomm	restcomm-connect.commons	8.2.0.1209		aedebbbc7c755fafd282c0dd7c29d9cf1ad987c2
org.restcomm	restcomm-connect.commons	8.2.0.1210		bc76c27bf2a116973449c667920a0c2ad3885fa6
org.restcomm	restcomm-connect.commons	8.2.0.1211		88266806aa9f61568cb69969cfd12984ef8b4932
org.restcomm	restcomm-connect.commons	8.2.0.1212		3875ca326a5daa6766d42cc74b8daa060a637a15
org.restcomm	restcomm-connect.commons	8.2.0.1215		cb498c40bc1ebd8bef93b541e78bc895fbd318b9
org.restcomm	restcomm-connect.commons	8.2.0.1216		0ac06d421c496bf4873b1e190a85ec4c8dc837f5
org.restcomm	restcomm-connect.commons	8.2.0.1217		c4b1a94dff299801c81f5a8557039f751612376f
org.restcomm	restcomm-connect.commons	8.2.0.1219		1cdad243631dc86e52f327971d51b876dcf90877
org.restcomm	restcomm-connect.commons	8.2.0.1220		32fe69bcd229150c454c4b1bc81720a893cc745f
org.restcomm	restcomm-connect.commons	8.2.0.1221		7895a0872685d212ea6c4d2ce55aab829a471c4d
org.restcomm	restcomm-connect.commons	8.2.0.1222		6cfd9f0cf485fa24d64dea74c7e3917bfdd86afe
org.restcomm	restcomm-connect.commons	8.2.0.1223		adc24db56d7aac78f7e92883c500e28211d138a0
org.restcomm	restcomm-connect.commons	8.2.0.1224		4e41d7f5030b4939ad402637f9d3233cefedb487
org.restcomm	restcomm-connect.commons	8.2.0.1225		0ce71fc3f11a860a5b7d3e4a08c3375ec7a9f097
org.restcomm	restcomm-connect.commons	8.2.0.1226		4e95b01e026a9dd1a109882757f5231b86802979
org.restcomm	restcomm-connect.commons	8.2.0.1227		ee53bb2a446c12c92a8a2ec764cc30eff5e69fa7
org.restcomm	restcomm-connect.commons	8.2.0.1228		5bbc538413ccc2b7ce80416b449c96639e5ebc5e
org.restcomm	restcomm-connect.commons	8.2.0.1229		e34cc490219021397b961c1e2d52088650fa0489
org.restcomm	restcomm-connect.commons	8.2.0.1230		c9a239b91f33763ac946526bf5472a645b40dfcb
org.restcomm	restcomm-connect.commons	8.2.0.1231		70108759f4709d28569eca13e15ae0c3b9c453cd
org.restcomm	restcomm-connect.commons	8.2.0.1235		5ca7e494a492e33c83da9e3f9f3dd45f2f721217
org.restcomm	restcomm-connect.commons	8.2.0.1236		d5b3a2d228e925646d9bf1efd0c6799fda013117
org.restcomm	restcomm-connect.commons	8.2.0.1237		4ae3e67c1b1a30bccf802822d544acf85d273cc1
org.restcomm	restcomm-connect.commons	8.2.0.1238		7e757e8127048cfede94445d0fd7e120382ff763
org.restcomm	restcomm-connect.commons	8.2.0.1239		bc389898551c76e0d64aa74cce3f11674fb3f959
org.restcomm	restcomm-connect.commons	8.2.0.1240		f05672859be470c5a61ee06dcaaf6e18f44f58d4
org.restcomm	restcomm-connect.commons	8.2.0.1241		54bfafc0d06f13d3acc4aa3aa8b3a8fc6beb78a2
org.restcomm	restcomm-connect.commons	8.2.0.1243		83fc2c7796b06225ef76dda3b4e3c4a8bf157bc8
org.restcomm	restcomm-connect.commons	8.2.0.1244		36a0abd9bdea664d054264d14962c10b060f62c8
org.restcomm	restcomm-connect.commons	8.2.0.1245		937094b5c25821b8e9b1f5234c5634e24a4df74d
org.restcomm	restcomm-connect.commons	8.2.0.1246		2349d56c5ab9c02c9fbd25ae54db380d6fa20861
org.restcomm	restcomm-connect.commons	8.2.0.1247		405451e5e2cd7f713c01a7c92498981fb8715d09
org.restcomm	restcomm-connect.commons	8.2.0.1248		b2d3fcfd652e519d3cefb0b0bdb628d56164a2da
org.restcomm	restcomm-connect.commons	8.2.0.1249		d194ef1b067b50a61bc70c98b86b0b4e0be2d997
org.restcomm	restcomm-connect.commons	8.2.0.1250		b665eeacf578abf098b701e4817a86cccacaf0ec
org.restcomm	restcomm-connect.commons	8.2.0.1251		7c57251a20ceaaee707d4446a9c3d54a8d5da4ee
org.restcomm	restcomm-connect.commons	8.2.0.1252		0e6478905e3a40cca2b19848bcc361a831e63b34
org.restcomm	restcomm-connect.commons	8.2.0.1253		9c2cce14069c70db365ff4be360f4001b4097feb
org.restcomm	restcomm-connect.commons	8.2.0.1254		1a1f625a8d4abb725e2dc6ad28ad846bb4d530f7
org.restcomm	restcomm-connect.commons	8.2.0.1255		60099aea3581ca54482b9d7a709ff07d7664ec75
org.restcomm	restcomm-connect.commons	8.2.0.1256		7ae720fe3f997880846907853a633d079678aa07
org.restcomm	restcomm-connect.commons	8.2.0.1257		a548fa4cbedbe4525a84209b08c0b350be6c8053
org.restcomm	restcomm-connect.commons	8.2.0.1258		0e1e80e7038f41f93e4c53c80f2b7a254189a08d
org.restcomm	restcomm-connect.commons	8.2.0.1259		fe620c01363a4506b2be84c54fefdf93917453d1
org.restcomm	restcomm-connect.commons	8.2.0.1260		8b6ac3ffbf234b376c07772e6cc6f7915f3a6ec2
org.restcomm	restcomm-connect.commons	8.2.0.1261		4fc67507011a67ab766c21414dbbf63eaf612e62
org.restcomm	restcomm-connect.commons	8.2.0.1262		c119cc9ac1af94f04aaa35cd03295546c3634708
org.restcomm	restcomm-connect.commons	8.2.0.1263		aba566ce9dbb3083619b513aba5da0a5607c6567
org.restcomm	restcomm-connect.commons	8.2.0.1264		f62028e0fa243b4abb8f12015ecfdbbe4438872d
org.restcomm	restcomm-connect.commons	8.2.0.1265		29ea089e7d269014b7b31372fa76706bdc524c81
org.restcomm	restcomm-connect.commons	8.2.0.1266		646a26e18b450340613c854d42ca5a5ec9fa664f
org.restcomm	restcomm-connect.commons	8.2.0.1267		d9e737487d06d9d093e88a4873018579ba3bc8d9
org.restcomm	restcomm-connect.commons	8.2.0.1268		4628a45b875780a791dacf2b652c91efab4371ac
org.restcomm	restcomm-connect.commons	8.2.0.1269		835c993c69321d254ea5bad400e498a1ade93c81
org.restcomm	restcomm-connect.commons	8.2.0.1270		6275172f0da17bf40bd8f0011687debcc8b696aa
org.restcomm	restcomm-connect.commons	8.2.0.1271		39625c00dc8911aa148cf4f8ce7ebb1dfa249915
org.restcomm	restcomm-connect.commons	8.2.0.1272		fd6f7448169773c9c78f5785c5385820568e5099
org.restcomm	restcomm-connect.commons	8.2.0.1273		b83f5e04a7fb307256a2c2483ac3258460eaed5f
org.restcomm	restcomm-connect.commons	8.2.0.1274		12822ecf18fe982e5bb40a59f4c6c723f3ceec05
org.restcomm	restcomm-connect.commons	8.2.0.1275		c8be39a18c0876f1bce46d748f72f3163da42566
org.restcomm	restcomm-connect.commons	8.2.0.1276		f30d9c64eaba286f9896dd1b4ca5bcb11801970b
org.restcomm	restcomm-connect.commons	8.2.0.1277		ac6caa3a3693e7b71226b7dc6380c3be03919453
org.restcomm	restcomm-connect.commons	8.2.0.1278		5796a1450b62c772f8116eefae371ed47259462a
org.restcomm	restcomm-connect.commons	8.2.0.1279		3b35bda8098de8dcf8335272db56a540f28ce661
org.restcomm	restcomm-connect.commons	8.2.0.1280		c058e134956123931896be5bc84250ec4b9d3e65
org.restcomm	restcomm-connect.commons	8.2.0.1281		2ade7e1a7509e9dff3d16563059130b514c17ae1
org.restcomm	restcomm-connect.commons	8.2.0.1282		16fd572c741f2fa28da6f359cb2bc26372205e8d
org.restcomm	restcomm-connect.commons	8.2.0.1283		b8130c41286a5c49c5019f1ff886afbf4a07e68a
org.restcomm	restcomm-connect.commons	8.2.0.1284		f2ea82446595d0c2aeb94f105290509b9af1660a
org.restcomm	restcomm-connect.commons	8.2.0.1285		95732d295ca8243309dc59ac85d580bdd52686d9
org.restcomm	restcomm-connect.commons	8.2.0.1286		28195e5e9611e9f809d939018bed6e2414d98643
org.restcomm	restcomm-connect.commons	8.2.0.1287		85b785362fb74a4338ebfd6cbfabc1d6590494ec
org.restcomm	restcomm-connect.commons	8.2.0.1288		778f1a51d26700cbf35e0b7cc4b18157486d779a
org.restcomm	restcomm-connect.commons	8.2.0.1289		19e55f84ddbe346e4144652ad81f76370d8eb8da
org.restcomm	restcomm-connect.commons	8.2.0.1290		b754df42e3394c57e9d9f31f00dac318ab842194
org.restcomm	restcomm-connect.commons	8.2.0.1291		beabb484012e8979498d62d9cbee58aed5b11d07
org.restcomm	restcomm-connect.commons	8.2.0.1292		e625aabfa7a47927fbaab05482bb6af8227ded8f
org.restcomm	restcomm-connect.commons	8.2.0.1293		8a87ddb2adc59fac14850dbffd1d54013792905e
org.restcomm	restcomm-connect.commons	8.2.0.1294		7e72f4d1b28a76eba276f48e1b59c4efeddaee00
org.restcomm	restcomm-connect.commons	8.2.0.1295		ff776d5829db2e1e77e9f0e5053be3da235f4d74
org.restcomm	restcomm-connect.commons	8.2.0.1296		277088dbb67860298836ddaf0b9b0a1a8de928b0
org.restcomm	restcomm-connect.commons	8.2.0.1297		4ce7ee86d2772ca55557b23ce94667fe6ac16703
org.restcomm	restcomm-connect.commons	8.2.0.1298		2908f2872a3399a6ab3516dcb3691d5b0610ffc5
org.restcomm	restcomm-connect.commons	8.2.0.1299		c7a58f7270d12ee81b53434ce8cc1c69f420df54
org.restcomm	restcomm-connect.commons	8.2.0.1300		966405865bd4c67a98d7771558acb3d9838963a9
org.restcomm	restcomm-connect.commons	8.2.0.1301		5159945d052f4a71fd09622a82c51e5a73a43661
org.restcomm	restcomm-connect.commons	8.2.0.1302		296d69e116a5db95892bc89942dcac42e3326aeb
org.restcomm	restcomm-connect.commons	8.2.0.1303		0b390446e8c48113abe88a74faaa57e14fc6b060
org.restcomm	restcomm-connect.commons	8.2.0.1304		75d4e94efcff732f27760bafb6a14870805a0c46
org.restcomm	restcomm-connect.commons	8.2.0.1305		a2f8018d05174c7b1d84d22f2e622a7205f276b1
org.restcomm	restcomm-connect.commons	8.2.0.1306		8d9c369a71faaf0877c5a41de5454db941693f63
org.restcomm	restcomm-connect.commons	8.2.0.1307		970995a897af4cc40165225415b74d4affa51855
org.restcomm	restcomm-connect.commons	8.2.0.1308		1032b5bfabd74d74dade91da4259f14f008dbe1f
org.restcomm	restcomm-connect.commons	8.2.0.1309		2661bdf5e1e977ecd0d057e4a3fa7dc494fde080
org.restcomm	restcomm-connect.commons	8.2.0.1310		489713eeb55c3949d4ab6673e47ea4880ca3696a
org.restcomm	restcomm-connect.commons	8.2.0.1312		11d3e2a38af4fc6d993c9b45941f66bbc343bb79
org.restcomm	restcomm-connect.commons	8.2.0.1313		52bf11f7d4b0598b77b0f64c642b64fa08e2fc5f
org.restcomm	restcomm-connect.commons	8.2.0.1314		d8de8069b6debd18528b0666e66a266f91a67425
org.restcomm	restcomm-connect.commons	8.2.0.1315		f1d4150d478837d050a1027644717bac25a7788f
org.restcomm	restcomm-connect.commons	8.2.0.1316		55271598857869bf790c49336330e6b544b4f1e4
org.restcomm	restcomm-connect.commons	8.2.0.1317		dea778b0878d8d9479dd1204e53e10f2d2e2845d
org.restcomm	restcomm-connect.commons	8.2.0.1318		cc7e6f74eeac383d9afc91bd68442f578cd03ba1
org.restcomm	restcomm-connect.commons	8.2.0.1319		2dc278479f1a67dc2a4aa1ddd79c73f0267d0547
org.restcomm	restcomm-connect.commons	8.2.0.1320		7ffd711d6ab5fc87bf23f9366908eb3fc4ec01ce
org.restcomm	restcomm-connect.commons	8.2.0.1322		3b85c6e542f8ab39249f0fb3e2ac922037d932eb
org.restcomm	restcomm-connect.commons	8.2.0.1323		21c082f76b575b4d352113c8499d2a2764159db5
org.restcomm	restcomm-connect.commons	8.2.0.1324		ae4363c5a4ab2408e34adaad28152ba38ee09f6f
org.restcomm	restcomm-connect.commons	8.2.0.1325		c73fb5e8cafa645d8c2be0d7503289364d114b40
org.restcomm	restcomm-connect.commons	8.2.0.1326		32a8c2c1b3c66f5eea00bfe3c037615f727b6dc6
org.restcomm	restcomm-connect.commons	8.2.0.1327		15537e018a8e383bd45614b722c023bb8b16de74
org.restcomm	restcomm-connect.commons	8.2.0.1328		d309c80122020e38ec3a9510567f80db0aeefe88
org.restcomm	restcomm-connect.commons	8.2.0.1329		6c849e7ef0b4e5abae3731850e9f8386ab2bec33
org.restcomm	restcomm-connect.commons	8.2.0.1330		8129310270c4293439a626d3969d0ae38290665f
org.restcomm	restcomm-connect.commons	8.2.0.1331		ea139e65e3e2db29b18818bc347cecc5f764c0fe
org.restcomm	restcomm-connect.commons	8.2.0.1332		70f57c06e87b53256b6e77b994c089c56b6af29f
org.restcomm	restcomm-connect.commons	8.2.0.1333		9611164297dd15f6d51e0b79f34d69ec924278bc
org.restcomm	restcomm-connect.commons	8.2.0.1334		de3699a60c2077aef99b898d422c2a2b15d1f2fe
org.restcomm	restcomm-connect.commons	8.2.0.1335		d6abe5b3017f5fb2dfd20133e57f5761f5ad4a27
org.restcomm	restcomm-connect.commons	8.2.0.1336		15c5d1fc06670558218ab721bcc9aadfc0a3d261
org.restcomm	restcomm-connect.commons	8.2.0.1337		20ca713546fee49656474cf5f39433e7043c35bd
org.restcomm	restcomm-connect.commons	8.2.0.1338		a87c55fa7fab93a8762e1431b2e30f731bf6aa1e
org.restcomm	restcomm-connect.commons	8.2.0.1339		259fad1071261f0d862a81f79aec65c9218f7333
org.restcomm	restcomm-connect.commons	8.2.0.1340		ff056c6af1aaf85dd1e43041c40ee3871c68f9f9
org.restcomm	restcomm-connect.commons	8.2.0.1341		60fb6a6225bfdb2704305d624e4853dac298dc1b
org.restcomm	restcomm-connect.commons	8.2.0.1342		b32e8650c6eff3a6d28cd0c39a6753d2520b996f
org.restcomm	restcomm-connect.commons	8.2.0.2415.14		d66bcc707048450bb1b31111a7805571b754eeb7
org.restcomm	restcomm-connect.commons	8.2.0.5		1b4479b6bdef1f0379ed2c5a06effe02e68085bb
org.restcomm	restcomm-connect.commons	8.2.0.BUG1014.82		5388f7f4858d75c73af518eed949b9bacab9e35c
org.restcomm	restcomm-connect.commons	8.2.0.Issue1372.13		c78e7223d79b8a5ba889afef5100c13e46619156
org.restcomm	restcomm-connect.commons	8.2.0.MPROV_1981.6		043cbf93d5c5b863d4393bee52b6212a36f3b74e
org.restcomm	restcomm-connect.commons	8.2.0.MPROV_1981.7		3096086dd60a654fa76ff1c1387e6e5cb3239f55
org.restcomm	restcomm-connect.commons	8.2.0.MPROV_1981.8		0dff7c8b309acfa5bc8b933e4aff395a9e839b90
org.restcomm	restcomm-connect.commons	8.2.0.MPROV_1981.9		9e04c25d460dd59161dc7a426016ac44836d06d5
org.restcomm	restcomm-connect.commons	8.2.0.MPROV_Voice2b.77		ebf0d5722e2bc2d91d85e6dd6a8f672c3c0ce6ac
org.restcomm	restcomm-connect.commons	8.2.0.MPROV_Voice2b.78		8f4652208f78ad186ffdfa8a37f340ce8b92917a
org.restcomm	restcomm-connect.commons	8.2.0.MPROV_Voice2b.79		394cf070db0d078f077bfc4f77c32b76465ad3fa
org.restcomm	restcomm-connect.commons	8.2.0.MPROV_Voice2b.80		bd9ffbc7890b89c57d80915553d155198e23b0c5
org.restcomm	restcomm-connect.commons	8.2.0.MPROV_Voice2b.9		34fe7b308bfedab6965a8c18971aefb186f13348
org.restcomm	restcomm-connect.commons	8.2.0.issue-2073.12		bb530608c8416c0bec50dae504d308c27500f6f8
org.restcomm	restcomm-connect.commons	8.2.0.issue-2073.73		4f3c69288d700a30980714fcb53fef374e154ae4
org.restcomm	restcomm-connect.commons	8.2.0.issue-2519.148		494d85ff5ad82025159d41dd66fc0da4a4586949
org.restcomm	restcomm-connect.commons	8.2.0.issue2130.5		b8351a1ab022dac9eaf95df814a404a51c9d287c
org.restcomm	restcomm-connect.commons	8.2.0.issue2130.7		4d80c5b66ddc482c8eb089c81f84df1965581a46
org.restcomm	restcomm-connect.commons	8.2.0.issue2130.8		3a1141ced89bd0429e96cd1ecaffc9c5f4d5e8c6
org.restcomm	restcomm-connect.commons	8.2.1-45		2dfcfd3de25d18aab2d2d13c5a1c871576f38093
org.restcomm	restcomm-connect.commons	8.2.1.issue-2493-1		823a50dbba60dd92ddbdbadc48301cb99ec4f454
org.restcomm	restcomm-connect.commons	8.2.1.issue-2493-3		134315f709a4a359602cef1db9e40aeb5846c176
org.restcomm	restcomm-connect.commons	8.3.0-140		28f7883f6ce549f0e8027a1c5c41b3bed3c4fb1c
org.restcomm	restcomm-connect.commons	8.3.0-170		09a0570b743dfa722ed88e5cdd5fdb30c56cc461
org.restcomm	restcomm-connect.commons	8.3.0-178		30b1e8fa930ddf268d3e65b896a62e219c5af8fa
org.restcomm	restcomm-connect.commons	8.3.0-188		1ebaded9797e9c339daba5ce681f86e78663e150
org.restcomm	restcomm-connect.commons	8.4.0-225		6280ce831a9334a8c24101675e025dfdc6da78f1
org.restcomm	restcomm-connect.commons	8.4.0-227		e6741ebbee96703c18f4a220ff09df85085cff84
org.restcomm	restcomm-connect.commons	issue1596-8.0.0.12		ffae6ff9be04ca32fc9e625cbdbf9a4dec90e2ed
org.springframework.cloud	spring-cloud-starter-open-service-broker-webmvc	2.0.0.RELEASE		2b911474a64d449addac9825e266706391ad0473
org.springframework.cloud	spring-cloud-starter-open-service-broker-webmvc	2.0.1.RELEASE		81afd6b028aa5def994357215201e70ec235f131
org.springframework.cloud	spring-cloud-starter-open-service-broker-webmvc	2.1.0.RELEASE		3b0477399816df0a44fd919e8d1f3bd395ba38e2
org.springframework.cloud	spring-cloud-starter-open-service-broker-webmvc	2.1.1.RELEASE		8ecb8ce78fdb00bb7a3ea0b5def8814cd9bdb3f6
org.springframework.cloud	spring-cloud-starter-open-service-broker-webmvc	2.1.2.RELEASE		62dabacfddb53b0c22780f50ffd4dacc01fec7c3
org.springframework.cloud	spring-cloud-starter-open-service-broker-webmvc	2.1.3.RELEASE		26848b043d86d97400585b27b1335a6756f7f391
org.webjars	dojo-src	1.10.0		58284ed860a82c5c02e5ad87d4a9611793dbc488
org.webjars	dojo-src	1.10.4		edf75854f8c88fadf66d2fcbddeee0f7e857526a
org.webjars	dojo-src	1.14.0		3ae3854037fb8edd1c0a9c01c9e083ffc01199f4
org.webjars	dojo-src	1.9.3		2e6fc394d40214ba2b70419646a664e339a3f8fe
org.webjars	dojo-src	1.9.4		e134043776522dd6376a5f5309206485399492a2
org.webjars.bower	ngInfiniteScroll	1.1.2		9732bf29b9bdf28f1322426177b21d1575576cac
org.webjars.bower	ngInfiniteScroll	1.2.0		39c44ef6e4000041a48fd5725197aeacb441b644
org.webjars.bower	ngInfiniteScroll	1.2.1		a8d74eec891233576741a471934c3211cbd048aa
org.webjars.bower	ngInfiniteScroll	1.2.2		d697ed2e1ba2e0597dc2d5929b581171eb1df222
org.webjars.bower	ngInfiniteScroll	1.3.0		a71c5673ec66acb9115be53011e16a171145b2c1
org.webjars.bower	ngInfiniteScroll	1.3.4		7409ef60caf5240b1a7d23e0a1f983814e880968
org.webjars.npm	is-dotfile	1.0.1		21354ecd4a404e85a2e36488664aeb155681c480
org.webjars.npm	is-dotfile	1.0.3		8292c2cd7e919c926c48c878f4fbc7e6b9b8f024
org.webjars.npm	workerpool	2.3.3		52bdfdee779dadded15279d7d5f1d810db564e20
org.webjars.npm	workerpool	3.1.2		c47c5a56ec6c979bb80bb71576a9d9c0ebb8ef63
org.webjars.npm	workerpool	6.0.0		34e29adf111cc6443185608ce78a40495761ffd5
org.webjars.npm	workerpool	6.0.2		07d7066f2de9171bd3251c50070d4661ced96839
org.webjars.npm	workerpool	6.1.5		d23e26c98fbc19a43f6e892a058d7b402bf696d7
org.webjars.npm	workerpool	6.2.1		3c56ff8bb6687760a6646800faaf76b5039e6332
org.wvlet.airframe	airframe-msgpack_sjs1.0.0-M8_2.12	19.10.0		2042a709e7bcd78dbba2fc0d9338d251ac035efb
org.wvlet.airframe	airframe-msgpack_sjs1.0.0-M8_2.12	19.10.1		f7f5fb776d139657d687d2d1828424ed4141e405
org.wvlet.airframe	airframe-msgpack_sjs1.0.0-M8_2.12	19.11.0		9992977feb92d9d7498f44560ea8ebae61e8f594
org.wvlet.airframe	airframe-msgpack_sjs1.0.0-M8_2.12	19.11.1		5d7203b1bd433de16780abcb64d7028dfcc58e02
org.wvlet.airframe	airframe-msgpack_sjs1.0.0-M8_2.12	19.11.2		2e8804de4dc02671a0f07716db50e45619799d26
org.wvlet.airframe	airframe-msgpack_sjs1.0.0-M8_2.12	19.12.0		60ab3823ffbc66f150fdf96c9874f48179348266
org.wvlet.airframe	airframe-msgpack_sjs1.0.0-M8_2.12	19.9.7		cdaaca2cea3c2c21fa7322f08933fe7a6c678536
org.wvlet.airframe	airframe-msgpack_sjs1.0.0-M8_2.12	19.9.8		59a6f81352c1719eff59f2652e8c964155fd9cf1
org.wvlet.airframe	airframe-msgpack_sjs1.0.0-M8_2.12	19.9.9		6b9a09a70fa7fc3a7fab61373ba1c4ce0e0034d3
org.wvlet.airframe	airframe-msgpack_sjs1.0.0-M8_2.12	19.9.9.1		fdfc112ce4a0d91fc798cb33b469f05b9d013a62
org.wvlet.airframe	airframe-msgpack_sjs1.0.0-M8_2.12	19.9.9.2		b1962dc7112e51820b536ed67a6d707829fd88b4
software.amazon.awssdk	codestar	2.0.0-preview-1		8ec5415278d48f05262e389aae50d7e4dd63fc1f
software.amazon.awssdk	codestar	2.0.0-preview-10		95702e17c4217f2d17049bf80bb5efbb3fab8941
software.amazon.awssdk	codestar	2.0.0-preview-11		a702211bc399931eded29d2f7990b3dcc92a0534
software.amazon.awssdk	codestar	2.0.0-preview-12		52a09f86f019687cfd8178f2c50a539abc619b80
software.amazon.awssdk	codestar	2.0.0-preview-13		63466bb32568e3767a6053134a09546ca1612144
software.amazon.awssdk	codestar	2.0.0-preview-2		c864912b4eaba809ed9d2da05d77284099401efd
software.amazon.awssdk	codestar	2.0.0-preview-3		de8c53bae3c4c90e8e03d6def349dc986a39b988
software.amazon.awssdk	codestar	2.0.0-preview-4		9f0a77b48f78ddc56c5c5a59f40de46ceb2b0425
software.amazon.awssdk	codestar	2.0.0-preview-5		53d74de60f2d952668c29b4901d0279d03ac5a16
software.amazon.awssdk	codestar	2.0.0-preview-6		ae3d3dfa1627fd11d6b4bed5ce52a76afda920d7
software.amazon.awssdk	codestar	2.0.0-preview-7		190dce9fd50bc7d3f92ec56e1a6dc75e05668668
software.amazon.awssdk	codestar	2.0.0-preview-8		dc326fe1ef573f923bc4ad17e1e61c0ee0eb1076
software.amazon.awssdk	codestar	2.0.0-preview-9		cbf75fc0e8acc1b9ac29e44fd8e2986b8b2eb4c3
software.amazon.awssdk	codestar	2.1.0		46599b060a1f7a93e8e02cf153caf103f1d9f0a1
software.amazon.awssdk	codestar	2.1.1		a99ab92ef0187c315b9767f4e0c13fb72ec650ed
software.amazon.awssdk	codestar	2.1.2		2ee9f8f9163a93f5694add9144e0ca485483cf93
software.amazon.awssdk	codestar	2.1.3		1a4e63205836ccf4f9480e76c6ea5dbc56abe83a
software.amazon.awssdk	codestar	2.1.4		0821803a9b076fde2c41d8a0c5b747f0c78f539e
software.amazon.awssdk	codestar	2.10.0		a35959bfc5b77c942649c4e8746141aa4d74c4a8
software.amazon.awssdk	codestar	2.10.1		14166f3400d2ca5cd828e746e8b11aeba2b36109
software.amazon.awssdk	codestar	2.10.10		e0e7e2a1f0817717bca42f70ca444da7c0a00550
software.amazon.awssdk	codestar	2.10.11		61298156eb04bb0b2ff057cd5d7fe0b487dbe2df
software.amazon.awssdk	codestar	2.10.12		76ec79c8cd901e0ee65d0e67734a18215cdadd92
software.amazon.awssdk	codestar	2.10.13		ad33d0bcbeea1dc7fd55cdf2aa3544767c1b350f
software.amazon.awssdk	codestar	2.10.14		903c4ed4b7380fe39139062a52ab714eba67f13c
software.amazon.awssdk	codestar	2.10.15		025e43977fedbbfea04185ea56cdd60a8a2ce301
software.amazon.awssdk	codestar	2.10.16		575c7a3d61a586da2e677b194bbb4ed655418d8d
software.amazon.awssdk	codestar	2.10.17		ef9871be067868033bb65155b973fac0c73bca06
software.amazon.awssdk	codestar	2.10.18		f2e0550bb75a3fa407d1b6aae82182ded67481ce
software.amazon.awssdk	codestar	2.10.19		5423d3129aa12e575f33a5adad4d2122d46cabad
software.amazon.awssdk	codestar	2.10.2		1a73973241ff4b476ac135ff3b880ffba032b905
software.amazon.awssdk	codestar	2.10.20		42eeac6d4cd7c991fdd6c44ecaf08202bb2058f6
software.amazon.awssdk	codestar	2.10.21		912923af1ebdab8282cada6060e30bc52dbbfd1c
software.amazon.awssdk	codestar	2.10.22		4b7425083d35777c6f4c3361a124f02448f051ea
software.amazon.awssdk	codestar	2.10.23		f128416674ead0c83db42e4cb56891556d33b213
software.amazon.awssdk	codestar	2.10.24		e98db3b1e873cba3b16c2280394147e5e6a8a3df
software.amazon.awssdk	codestar	2.10.25		b6b13395be7e285e673ddab98d23b4bbcc9d7c88
software.amazon.awssdk	codestar	2.10.26		9e24c2c7bda1f9ceed213f342ee07c71272ef1a3
software.amazon.awssdk	codestar	2.10.27		e30637197ae5713635daa9c947dedc08fd3e9cd8
software.amazon.awssdk	codestar	2.10.28		e60b71bb47fce92c31b90a47edfe44626b4489ca
software.amazon.awssdk	codestar	2.10.29		1c88065747c595166b8a4d892ae12d76d0532cdf
software.amazon.awssdk	codestar	2.10.3		433d2b960d664a7fac8a48dc6882eb1da832bf0e
software.amazon.awssdk	codestar	2.10.30		803f29d4eb63cf73415144102b9e22b03ea275e9
software.amazon.awssdk	codestar	2.10.31		a2d14a3938d3ef9f3796097ebac99a8b520c72e4
software.amazon.awssdk	codestar	2.10.32		7172aaca100b5c716580737cf54a003ab4abf01e
software.amazon.awssdk	codestar	2.10.33		011ec36200499b1513fa30eb8ab7e56c818e67ab
software.amazon.awssdk	codestar	2.10.34		92f72a981d8c753f7b10497dde12b1f9466d01f1
software.amazon.awssdk	codestar	2.10.35		344d6f47f865a96a793bfd1737137ec84bef0af7
software.amazon.awssdk	codestar	2.10.36		3bd49984893052de0546d2b739257129a6cb1003
software.amazon.awssdk	codestar	2.10.37		a13d8a1f19793c3c9dbf8ca1088b0eb086608d3d
software.amazon.awssdk	codestar	2.10.38		7250df2804948a8d34eb314f886a0e70c71bea8f
software.amazon.awssdk	codestar	2.10.39		430bb35d7fe52644b4236e11171245bf80f16f26
software.amazon.awssdk	codestar	2.10.4		44cf0bde5ff0e6ed77a2c6c07564ebabb152d13f
software.amazon.awssdk	codestar	2.10.40		d47e58e3b1088b8882ace70257e4ea65aa2eae1a
software.amazon.awssdk	codestar	2.10.41		581f165cc84fb751e5dc43dc0a26c6023234bd8e
software.amazon.awssdk	codestar	2.10.42		d4cc3e43fc796f611f16868bbc27c7b3d60ca78a
software.amazon.awssdk	codestar	2.10.43		c99336f13738d8c8b42d8298a37da220b238b693
software.amazon.awssdk	codestar	2.10.44		57e466ddf7318bbfb48e02d4a03f3ae9aa35a360
software.amazon.awssdk	codestar	2.10.45		58f18789eb1d4e43c430ea874a352f0e29bf4f69
software.amazon.awssdk	codestar	2.10.46		1418659dfd52c16bdd21fd43996b183339bc7c31
software.amazon.awssdk	codestar	2.10.47		42d0ebffe121a90e81e324cc4de2d11bfc9a09e7
software.amazon.awssdk	codestar	2.10.48		458dda6ea09d41ff11cacba9196dd0894f295ef6
software.amazon.awssdk	codestar	2.10.49		8eb60d44f2a575fea65bcf3cde4b725b5e8bdf43
software.amazon.awssdk	codestar	2.10.5		1593d4da19675b8ab45a167abdb245c31bc1ec4d
software.amazon.awssdk	codestar	2.10.50		c8f276797ef94b35a1a5bc304d075e33ef7264a8
software.amazon.awssdk	codestar	2.10.51		57e7541e077beab566f45c88c698cbca68cf9cd0
software.amazon.awssdk	codestar	2.10.52		bb9425e911db262e1d27f2fdfb3d183d9cb793c8
software.amazon.awssdk	codestar	2.10.53		f487190b26bb3bb16cd39c8dbcce2d9efaff8e1a
software.amazon.awssdk	codestar	2.10.54		83108fb78086f78e2a7e6dec02f7254d1b1b9c67
software.amazon.awssdk	codestar	2.10.55		1a59f10d8d253264414506a3348a6cd46930cbfe
software.amazon.awssdk	codestar	2.10.56		27050de045c98d01a833b9a5a4cedd9861091b82
software.amazon.awssdk	codestar	2.10.57		a495c03e5abf5dd0187173658b3e57e71c3420d3
software.amazon.awssdk	codestar	2.10.58		d4755b27bb6d40b13b425b98948d7a7d72e79c48
software.amazon.awssdk	codestar	2.10.59		eb9d715636ce8adc82db11c0429b3724f0b0a161
software.amazon.awssdk	codestar	2.10.6		97a306cba7c393739389f5381163468954911880
software.amazon.awssdk	codestar	2.10.60		abe1b52a5aa7e7efcceda8c85d9cbdcc971f1948
software.amazon.awssdk	codestar	2.10.61		c5efad729765a3f7ca2409b8d16e5656a8c02071
software.amazon.awssdk	codestar	2.10.62		6e16999ae9ee05a5828f89eb42e5be5be00502da
software.amazon.awssdk	codestar	2.10.63		3cda84a60b509a0bc47dc3d1314951461bc59ec2
software.amazon.awssdk	codestar	2.10.64		9d5f1886042242ba2948bc82dc631ad41613e7d6
software.amazon.awssdk	codestar	2.10.65		bcb510550564314806cdd194c3f12a5fb9cee411
software.amazon.awssdk	codestar	2.10.66		ef7a5584d09afa82e9555a39cb515f9af1957dfd
software.amazon.awssdk	codestar	2.10.67		7fa74c1005445682703d8fc92cba9c00f64d6030
software.amazon.awssdk	codestar	2.10.68		50ef8fe15028c7442fd566ac30d1f0a6ad9dda61
software.amazon.awssdk	codestar	2.10.69		a57744a5a41e187030c25ef4f8d2f651b6b55109
software.amazon.awssdk	codestar	2.10.7		79a2e71e4e205e4d82cee7aa630bbcb9bdc6f544
software.amazon.awssdk	codestar	2.10.70		29971d5308a1f2cd369101ffb346dd049c5ee0d2
software.amazon.awssdk	codestar	2.10.71		2d7fa7d8071fe3995b796540532d82a352f21837
software.amazon.awssdk	codestar	2.10.72		bf10763371ab9d273c74cab0fae7b5d0b06fa3c3
software.amazon.awssdk	codestar	2.10.73		2046c44f5b2a246add1ccd2bae774d94f9da6410
software.amazon.awssdk	codestar	2.10.74		a99297fbd00a3ffa53c1c9e18216c67903caefc7
software.amazon.awssdk	codestar	2.10.75		078dffd2349afb36754fa04374074802c362bccd
software.amazon.awssdk	codestar	2.10.76		d4fccd41a0de8eff6286dc605db2b5614e16b5d8
software.amazon.awssdk	codestar	2.10.77		9071a10cba10ab7853ec66e597018b01d7cc5c64
software.amazon.awssdk	codestar	2.10.78		d104d8f340f2db5304f1b71c0894fae6afd4e737
software.amazon.awssdk	codestar	2.10.79		3e035e74ad3c77849ccd9574d228e9ae8a879d70
software.amazon.awssdk	codestar	2.10.8		d4570d5f99668f31af972c912bac7fd947e3a34e
software.amazon.awssdk	codestar	2.10.80		32de19340f955f9a085e44f9bea8374a6b5d421a
software.amazon.awssdk	codestar	2.10.81		36e40362406b227426b78d66778c21c939714835
software.amazon.awssdk	codestar	2.10.82		36c49f19a9b88c358f7cd4e59d9aeb60bc867c28
software.amazon.awssdk	codestar	2.10.83		2e9cb5db45855056f4d1040a028f22f014d4ff61
software.amazon.awssdk	codestar	2.10.84		8a273d50c4817d0146b64f2659783ecd6a179f82
software.amazon.awssdk	codestar	2.10.85		171296a8305f646a31f933d0e6d45c0fa25e57f6
software.amazon.awssdk	codestar	2.10.86		9cac8be225807d5ab97d65e249d8ac5f1ce3adf0
software.amazon.awssdk	codestar	2.10.87		16bb2debd09b259cb69c8a13693a8748b25b7387
software.amazon.awssdk	codestar	2.10.88		8b11caa4a00d031c55eb6b7bf8f478a91cbfbecf
software.amazon.awssdk	codestar	2.10.89		5ae6ffa0ee28af62de525561770edc4587a222c6
software.amazon.awssdk	codestar	2.10.9		326319859ca87e97ad8c9606eccf54f927f5fbc2
software.amazon.awssdk	codestar	2.10.90		f445c94beed899ada2f3cf1898716f13fa748bd0
software.amazon.awssdk	codestar	2.10.91		31b30fae5f7806a01d692995d9ec0d560eab483b
software.amazon.awssdk	codestar	2.11.0		9374e8bcc9d7cc002f03c4a53beaf8555aeb2ba6
software.amazon.awssdk	codestar	2.11.1		b6b1b04fe159596512f021c9f158930d7e3194ee
software.amazon.awssdk	codestar	2.11.10		84f1638d0913e3f3eb91b7b3621b2352c3f7a964
software.amazon.awssdk	codestar	2.11.11		1001c88928ab99c1a33377ada1446b60804c8cad
software.amazon.awssdk	codestar	2.11.12		391acf628aa86e2b142b108a7157f4868f14d466
software.amazon.awssdk	codestar	2.11.13		c3604b9764107e26982d12397c934503d085f560
software.amazon.awssdk	codestar	2.11.14		53f16163168651c9df9150e171501842cf168fbc
software.amazon.awssdk	codestar	2.11.2		e828fdbe9fff4fc1da310cbe8f1a3d2ec3598abd
software.amazon.awssdk	codestar	2.11.3		22257ed88d4a7da16f01610dcaa7089ab2c3a5a0
software.amazon.awssdk	codestar	2.11.4		83845a0623b8a8bc56276bf4fb284ad3f6de5820
software.amazon.awssdk	codestar	2.11.5		f1f4f824c491ba497e0ac1fe00281173ba5d26e4
software.amazon.awssdk	codestar	2.11.6		701aaf7665d2e0636073b677fc92e2515d236c39
software.amazon.awssdk	codestar	2.11.7		25f6cbfc8011d9175ff6f2462e514072747898f8
software.amazon.awssdk	codestar	2.11.8		f2d642595fdb237ce01a5616bc487315e1e5498f
software.amazon.awssdk	codestar	2.11.9		ede86542fd495ded1d0b8ba8eabd2c7e20c900f2
software.amazon.awssdk	codestar	2.12.0		fecdfe4748832241b1e532f1ad81f6b980c9683f
software.amazon.awssdk	codestar	2.13.0		cf7354446f34f41f45fa5c8052ed6f3147b09c67
software.amazon.awssdk	codestar	2.13.1		b047cff0d0cbf53ba0f09942cc53c5a828d497a9
software.amazon.awssdk	codestar	2.13.10		c3fc399ca0acaa6b4935ac229e618cc866b71a26
software.amazon.awssdk	codestar	2.13.11		9b23819dd27d3a74b8407a9180d26d2a9a529180
software.amazon.awssdk	codestar	2.13.12		541c7a84aa296654b641a98b7feb084f5af0c766
software.amazon.awssdk	codestar	2.13.13		28f436f22bd08c52041f93517e7c2500f6cb1b94
software.amazon.awssdk	codestar	2.13.14		64eaef09d0f7db96fa01a8e88aede44d8965b1e7
software.amazon.awssdk	codestar	2.13.15		774ef74cfd6b5f6a79e8a727c5fa3857fd31ab69
software.amazon.awssdk	codestar	2.13.16		02ee109640b27069e3477ef047ccefb3dc06a4ef
software.amazon.awssdk	codestar	2.13.17		0be8c0621ca6275fabc8c3ffc9685cd8db1d43f3
software.amazon.awssdk	codestar	2.13.18		0b787c0366cc8fd683a525333a37cddaaf31dc4b
software.amazon.awssdk	codestar	2.13.19		b23c44bc6d3b92c4c3fba030380332e80dfae5f2
software.amazon.awssdk	codestar	2.13.2		03502be5ca11d19b739d6fcb671fd3174504dff6
software.amazon.awssdk	codestar	2.13.20		c16d853b8ef55e3c06cad899286d9402f8278386
software.amazon.awssdk	codestar	2.13.21		6027e64f55f190fbb746ea779243c72b9a111e5c
software.amazon.awssdk	codestar	2.13.22		89ce70ab9743ddb33f30e665db31918e02d2006e
software.amazon.awssdk	codestar	2.13.23		255df33016b2876c5f60ce0410a5ad01136f3405
software.amazon.awssdk	codestar	2.13.24		436b449559f45785857867f81a4d25037f5bca5b
software.amazon.awssdk	codestar	2.13.25		031dfe0f72198a91f78dc5a2cce164bc5670357d
software.amazon.awssdk	codestar	2.13.26		ede409febfc89425ce7209dfe801fd05a1f63717
software.amazon.awssdk	codestar	2.13.27		698b75f89c0cee45f6d3ff22a142d882fa494da8
software.amazon.awssdk	codestar	2.13.28		6b3ef1f977714f8d70697e406ff23786d0a518ea
software.amazon.awssdk	codestar	2.13.29		3968632889f5d990a882f049f43fa09fbe3c76e2
software.amazon.awssdk	codestar	2.13.3		c8c5e29339a900863ad86a9246385f26a260f8de
software.amazon.awssdk	codestar	2.13.30		8dca54736d64c530fa8d4a8f8237ff6798353c45
software.amazon.awssdk	codestar	2.13.31		d303043dd68c535d6d5ea994c86bfab734ce186d
software.amazon.awssdk	codestar	2.13.32		2ccc50b0e2916952f2c0b0b0f717ada213eb3c5a
software.amazon.awssdk	codestar	2.13.33		df6e11f34c261420da03aebf8e67f55ec5fa0e45
software.amazon.awssdk	codestar	2.13.34		65789454791f26b2c35de17181eebd54fbef1143
software.amazon.awssdk	codestar	2.13.35		715d42afd9f87871f3f951f9dd13614710d0fd46
software.amazon.awssdk	codestar	2.13.36		a7487e7c39a84ade62686537400e2d6fd600b1de
software.amazon.awssdk	codestar	2.13.37		2fd969e94ad1163455335fef8d07326546bbe637
software.amazon.awssdk	codestar	2.13.38		77774c6edf7f9896ba7c6f7c63920e542e74e0b7
software.amazon.awssdk	codestar	2.13.39		03794a77b99ffdca4ddfc0230e70d92ef4261b80
software.amazon.awssdk	codestar	2.13.4		1583d7c74bfaf6b12c8b8fd8a0e76727e186453f
software.amazon.awssdk	codestar	2.13.40		c6e5fdb9fad833ee6d04accf8e1dabab259e0516
software.amazon.awssdk	codestar	2.13.41		6af0aa7aaa8eac3deae2a7708d6066fa5e0168e1
software.amazon.awssdk	codestar	2.13.42		d5c4dad0cb133711cbc8817e6c364c0a36668493
software.amazon.awssdk	codestar	2.13.43		edd75e44f0782c4dd2e259b0c8900d7e7982c755
software.amazon.awssdk	codestar	2.13.44		d4f8fb2459fde164ab8d12c18272905a99914fff
software.amazon.awssdk	codestar	2.13.45		cddfe864471eb2c7d64d85cf91e21b37db9b2605
software.amazon.awssdk	codestar	2.13.46		100fc6c7950cb36f4d75dd91dd05ea05f984225c
software.amazon.awssdk	codestar	2.13.47		4c878921cfdaa6357c97c19e16eb9566a262b16f
software.amazon.awssdk	codestar	2.13.48		01c17ebf9520b54235592ee265e4e8a62a32a5cf
software.amazon.awssdk	codestar	2.13.49		0d5f2c5aa178a53a83aaebf50797d7a10ff44c66
software.amazon.awssdk	codestar	2.13.5		dffa8f69fae03359fd3270aeb9da34d15290c86f
software.amazon.awssdk	codestar	2.13.50		e1776d3a631f1c9a62b553986503023fe1557c97
software.amazon.awssdk	codestar	2.13.51		a55db325a0336b965ef844b063ba2acc62b150f9
software.amazon.awssdk	codestar	2.13.52		2d3418b5f6d1b0789819d8ea5999c8eeafedae0c
software.amazon.awssdk	codestar	2.13.53		5ab42adf97c6bd71d66204b712aab603949fa45f
software.amazon.awssdk	codestar	2.13.54		067465359d80a24cb200002fbadd43eec41b9186
software.amazon.awssdk	codestar	2.13.55		fa1b4f06d1f95528511ad62832389110fe290e41
software.amazon.awssdk	codestar	2.13.56		afc899c648371374a39a07ce3f287146713dc2a1
software.amazon.awssdk	codestar	2.13.57		3f0d5a7b442142f6f74ac079109c5749335f59a3
software.amazon.awssdk	codestar	2.13.58		2c73f9d2250b04ff6931d1db3bddad4a29005386
software.amazon.awssdk	codestar	2.13.59		5683e99121b57e11e92b1b1007ce6e2cdb1393e3
software.amazon.awssdk	codestar	2.13.6		41b0354afdd390a491761077c3baddaa947477f8
software.amazon.awssdk	codestar	2.13.60		d69ab6e4a12dcba623c36349c6cafe816e730009
software.amazon.awssdk	codestar	2.13.61		68d6ff0ad33e922b45c0adbcce2dcb9818d5b87a
software.amazon.awssdk	codestar	2.13.62		24eea7f883b7ec34489483157bbd639c4af48366
software.amazon.awssdk	codestar	2.13.63		e4194b7670f98e6d24e5fec56bc6e0efebb26704
software.amazon.awssdk	codestar	2.13.64		099870a2a5d908acdf5a75393806d509526c1955
software.amazon.awssdk	codestar	2.13.65		88efa1cc91916e6400f5b2146a30453aca344ddb
software.amazon.awssdk	codestar	2.13.66		843b84b373a50153bc7cfc8f9efa5a03a93b481f
software.amazon.awssdk	codestar	2.13.67		f69b598941b2a8b8838ab0c437df92bb67949853
software.amazon.awssdk	codestar	2.13.68		4b4ed04e51746ad0195d3ef127423f4ccffa4106
software.amazon.awssdk	codestar	2.13.69		dd222f8f1580219c75fd3f38de59908bd28cba4e
software.amazon.awssdk	codestar	2.13.7		b05ef7df435602cd02ec1bc5335aaf2cd92d5b83
software.amazon.awssdk	codestar	2.13.70		99886bca41dfed4aff5a0c2b6e89cf855abe8c60
software.amazon.awssdk	codestar	2.13.71		896853b3453fa3d87f902481a558f4c2715e858d
software.amazon.awssdk	codestar	2.13.72		901c5b01234e093ba5393805d43288f28ca0ce4c
software.amazon.awssdk	codestar	2.13.73		6f3cbd9193ce2ba92bdb0a34027d0efc13188f72
software.amazon.awssdk	codestar	2.13.74		5c287f55ce8cc79cd78fe6c26a28c8edd5ee80b5
software.amazon.awssdk	codestar	2.13.75		e31f8d0aff7141df273c0809c33d08ceb3146482
software.amazon.awssdk	codestar	2.13.76		b610d687c45a20bf2c60d1761e8f82c933ee803a
software.amazon.awssdk	codestar	2.13.8		881a4cc052f337ca02c6bc3737af542f9ea7a067
software.amazon.awssdk	codestar	2.13.9		d551384f2517acb92a35f1784c268e58d40dc84a
software.amazon.awssdk	codestar	2.14.0		aed48e9aed9042847f548fc09064d7194c3f738a
software.amazon.awssdk	codestar	2.14.1		3f36aaf271bb6939d477bba9d707d85bb6aa0b0a
software.amazon.awssdk	codestar	2.14.10		3d725c0cd55dca7006eb69e4d0836a2fea808eef
software.amazon.awssdk	codestar	2.14.11		39b16611a5fc324289d06dd76b31a110fca972df
software.amazon.awssdk	codestar	2.14.12		f06195b112bb2ebf7b71f81b0c55d75fae8b26fc
software.amazon.awssdk	codestar	2.14.13		a154040b049d7b6d3bc742e6db590311636b2f30
software.amazon.awssdk	codestar	2.14.14		024a7a23431e251b5a3f96e3309e9e1cadb98e57
software.amazon.awssdk	codestar	2.14.15		5eea39df97c318b44c4b6f92784cf5a046c00184
software.amazon.awssdk	codestar	2.14.16		8caebfe34c64bfa37e310e59e0b31bc66c775d17
software.amazon.awssdk	codestar	2.14.17		cdf97f56b7cb560a84c65b637a3e72dae4eae3eb
software.amazon.awssdk	codestar	2.14.18		041b094f2619a14b88f847519ff73d27249fca4c
software.amazon.awssdk	codestar	2.14.19		fe6b540b8842d0110b4391794d8a905a51561400
software.amazon.awssdk	codestar	2.14.2		332966db64582c9bdfcd23d26e568ded8a8002a4
software.amazon.awssdk	codestar	2.14.20		209bcc5f7eb8892a4aa2ea266d60a06a643c012f
software.amazon.awssdk	codestar	2.14.21		9654955fd682a555ea24fb86c2d467255b1ec52c
software.amazon.awssdk	codestar	2.14.22		27f304ef38cb55d1b12bfcbe3620772e4c8eed4d
software.amazon.awssdk	codestar	2.14.23		ce99c65b8b3f73d7f6ad059f166b534398129fc1
software.amazon.awssdk	codestar	2.14.24		0553beee289373a066143d68becd939428c5633f
software.amazon.awssdk	codestar	2.14.25		aa7be59e538cffaea66c0b3d2c74d16bf1da2d03
software.amazon.awssdk	codestar	2.14.26		66b2ea35bf8ad0cd8c42d5d764beb32343be2a66
software.amazon.awssdk	codestar	2.14.27		f10f2c440c60696e2aed055fd66b54d527f1a5b9
software.amazon.awssdk	codestar	2.14.28		cc327c8fee5da749c7c556b4303166fa39788f14
software.amazon.awssdk	codestar	2.14.3		e2881787a3d5c053a24eeb2771fe2b1a5a5d1972
software.amazon.awssdk	codestar	2.14.4		75ff4f702bace8c1e8526ac1ae6be98166d54f25
software.amazon.awssdk	codestar	2.14.5		50c80ca2399df7d4f3d6115f1f20feefcdc0af13
software.amazon.awssdk	codestar	2.14.6		0402c36203378d4b2c0ae3190971a7a75009c4d7
software.amazon.awssdk	codestar	2.14.7		fea95bcb1a6dad6a065f8bbc9b44f16f1728b152
software.amazon.awssdk	codestar	2.14.8		5bb8ccd50850218aa169978978f1c612fa823045
software.amazon.awssdk	codestar	2.14.9		5ee08571cc2967f7ef166c4a9de653397b8ecd3b
software.amazon.awssdk	codestar	2.15.0		2ede3b01fe8128fe39f29c879bd8267212ddcb2c
software.amazon.awssdk	codestar	2.15.1		c7534a53cc485dc16bfb681e7541d1284689d5d6
software.amazon.awssdk	codestar	2.15.10		5857bfcff9621ac43ea5eae1216a6a1627fd64e8
software.amazon.awssdk	codestar	2.15.11		f4ecc7335c684722b7a9352fe497628e635ecd74
software.amazon.awssdk	codestar	2.15.12		04d4b57b5084cde222ea5c39dd85b6367b803058
software.amazon.awssdk	codestar	2.15.13		f16dd04f355f545058946c2f15dffaca6adf9a42
software.amazon.awssdk	codestar	2.15.14		4ef67c3793f8d94ba85f778eb5a2209633c56195
software.amazon.awssdk	codestar	2.15.15		884255a6a588f5e7f10ae16bd692e91992839f43
software.amazon.awssdk	codestar	2.15.16		278d83c5591fc7f1c049ac1c1ae561bf9ed955c4
software.amazon.awssdk	codestar	2.15.17		f8098c8aade9b477a4840050e059bd73b04fed6b
software.amazon.awssdk	codestar	2.15.18		3c2080ad189f3ff1d23c6203db81df8ed92474a4
software.amazon.awssdk	codestar	2.15.19		a5d3d2c7ee7013cc85f13f8e6967c2dde460c499
software.amazon.awssdk	codestar	2.15.2		fb8e217cb7381ee23a7f86931f45b4bdbd6237c7
software.amazon.awssdk	codestar	2.15.20		4a4c182d42b5976bd4d54887a6c8876d7b10305b
software.amazon.awssdk	codestar	2.15.21		8cd6e4b4eff307c520c2e83815d438bf93bd43fa
software.amazon.awssdk	codestar	2.15.22		963ee64268d79119b47fbb6997b2facf15cc47bd
software.amazon.awssdk	codestar	2.15.23		92c0ce5c90c8e20de7eac7aabc2e9990cba741fa
software.amazon.awssdk	codestar	2.15.24		3fdfcd06d74967caf07a4428ecf4f38af8e1b2d9
software.amazon.awssdk	codestar	2.15.25		61cc01444fa30ae3695f2343396ab8d52eb0bd34
software.amazon.awssdk	codestar	2.15.26		9492051ff94282dd184b314a8eabbf8acbd13639
software.amazon.awssdk	codestar	2.15.27		60101ece06786a3cdc3fb7c4b9cefa88fd88b54c
software.amazon.awssdk	codestar	2.15.28		cc952e4f700809cde6915bcfa6f3876ce4c00d7b
software.amazon.awssdk	codestar	2.15.29		687a9d7d83183311ab149661ff34498b596e7b2a
software.amazon.awssdk	codestar	2.15.3		c7e8523575bb087b6c078037eb7d2dd4a247a096
software.amazon.awssdk	codestar	2.15.30		d5dd1a53702829004db47966842f94025a39c9a8
software.amazon.awssdk	codestar	2.15.31		415e78f8495bcf11794fa6501c9f8def6794eb9d
software.amazon.awssdk	codestar	2.15.32		46a3da615a56b5353c7408f612ce553064b2164d
software.amazon.awssdk	codestar	2.15.33		3909176d4dd03e826c15577f64d5ad2eded0439b
software.amazon.awssdk	codestar	2.15.34		238775185e393a59267be041dacd3fee4d2f34ef
software.amazon.awssdk	codestar	2.15.35		3d97c2a36c70d526728cd334fc01e2e5c2dcfea4
software.amazon.awssdk	codestar	2.15.36		5a748a39ceba9f343e0d3f557da676559f9b84c5
software.amazon.awssdk	codestar	2.15.37		720d59e6b86744255eabf0a4e30bd431c1f9055f
software.amazon.awssdk	codestar	2.15.38		dd5eea846fd47433fe6859dfdb24d405956ad611
software.amazon.awssdk	codestar	2.15.39		220968df5751b2a1af2252d60df9e0e6c028520b
software.amazon.awssdk	codestar	2.15.4		d6fb01f3e6e96a974d937ddaa507b99c8b66233b
software.amazon.awssdk	codestar	2.15.40		3285bdbd27ad8cdbebdbb716de75e595069f028f
software.amazon.awssdk	codestar	2.15.41		d4bbff3263c221bab41414004a0ef47ad00418d4
software.amazon.awssdk	codestar	2.15.42		0ef8a569e4413d131136de7b2d7e6695cf80a826
software.amazon.awssdk	codestar	2.15.43		6b7d596d8cdaeecd5e68666e4bb0800273623cd5
software.amazon.awssdk	codestar	2.15.44		f8dfb62ca6d0a6e5c39e8a2a1e9192f470e94dbf
software.amazon.awssdk	codestar	2.15.45		925fddd4e3ff5cedcf38a3e04a39e6550756c671
software.amazon.awssdk	codestar	2.15.46		515458e4d5ee913aa1f2a596a059f52ced16b6e2
software.amazon.awssdk	codestar	2.15.47		a3441bbbe99718d3c307105a1669f9693922b2f9
software.amazon.awssdk	codestar	2.15.48		f9f6ea248233d9e3ebe0ac1290968b00575da68f
software.amazon.awssdk	codestar	2.15.49		8f497a95ba7a810aba81bdd38fa83284c78c1920
software.amazon.awssdk	codestar	2.15.5		5f07e3b5179ff669acb8f352f245d6120e2ea69e
software.amazon.awssdk	codestar	2.15.50		d85924eb2d16046bb31a83e3aa194b6203ae194a
software.amazon.awssdk	codestar	2.15.51		59442554fb65dcb4b70ac8ae2a3895365cb3c719
software.amazon.awssdk	codestar	2.15.52		50ae92d056529e763feb3591ca072a3d8b198424
software.amazon.awssdk	codestar	2.15.53		7f1d8d1ab86a5fc2538f4593bd3558a13cdf345a
software.amazon.awssdk	codestar	2.15.54		23d45bf9b795c7d28cb49e1b6e1f2fe7637fff7f
software.amazon.awssdk	codestar	2.15.55		1d951e117aaf7c46d5e60a92749fe3732bbdea83
software.amazon.awssdk	codestar	2.15.56		d4124fe32db8420c2496c4cae9f84b24f15a40ec
software.amazon.awssdk	codestar	2.15.57		e0f07bbdf102e6edafafa852668b94c7eb10d499
software.amazon.awssdk	codestar	2.15.58		e454c0bbdaa51e81ac9c45cd4ee4b8775df15b1a
software.amazon.awssdk	codestar	2.15.59		f8bf70f5c052e8fc1cfd5e422c00ff635e7b9016
software.amazon.awssdk	codestar	2.15.6		1fda81c8547908ae5018dbc4fa1163d05c8d5afc
software.amazon.awssdk	codestar	2.15.60		5a16012e3a26dcfb922766e7a95ee11b139f91f5
software.amazon.awssdk	codestar	2.15.61		e1ef1cfe6557c4346991fbe9363b30ff9f205256
software.amazon.awssdk	codestar	2.15.62		0b62aaa3711c9608a42175380ac7659e44cc77b1
software.amazon.awssdk	codestar	2.15.63		f65326299cdedaadc60db6b1a594849cce4c4905
software.amazon.awssdk	codestar	2.15.64		b72ac79bb8bccc5ce8c4bb2f5459fe33c8bb722b
software.amazon.awssdk	codestar	2.15.65		66ca595626eedf1a785bf63c286c3bd652110285
software.amazon.awssdk	codestar	2.15.66		7fd7f5a2c77d91833c7b59272288125e7b73b746
software.amazon.awssdk	codestar	2.15.67		1afe244d52ed4b86ddab92c8748aa1ae8614c0f2
software.amazon.awssdk	codestar	2.15.68		31e7b6c5e4bb275c6f577f6ad4d0685a7203f59d
software.amazon.awssdk	codestar	2.15.69		658573e45b024ecde64700c072c86aecb2c8e171
software.amazon.awssdk	codestar	2.15.7		13c8e1030902b83fdbf3d0da9503e5f48f3f0db8
software.amazon.awssdk	codestar	2.15.70		73767f7a8e34b962d4ae7dd35a8120de69dc690b
software.amazon.awssdk	codestar	2.15.71		cdea8184509c6ee30304bc8f1526420f08c9e32d
software.amazon.awssdk	codestar	2.15.72		08420fa2862900c103f1417a3981c8264173c85b
software.amazon.awssdk	codestar	2.15.73		cf13222c2ee4ed19aa1552f8124af6e2f99820a9
software.amazon.awssdk	codestar	2.15.74		43da2c392015698bf5bcd4f87f1d9e1b99bb8a43
software.amazon.awssdk	codestar	2.15.75		e8370df0163ba62873efa22ccdbc392f28713b20
software.amazon.awssdk	codestar	2.15.76		63d462db3b3b416d2b91ab0ef30be9d0ecbb1322
software.amazon.awssdk	codestar	2.15.77		3566ebb89fb794a0c15e08ea38413ae072acb95a
software.amazon.awssdk	codestar	2.15.78		52dd7ba9b4b1b8f9757d6be24284d4299776fbf2
software.amazon.awssdk	codestar	2.15.79		5e448bdb6b1287b3f2f7b481622a7a72128ad9c4
software.amazon.awssdk	codestar	2.15.8		8e860814d504e3cc242b43ba64d823034b2ac6df
software.amazon.awssdk	codestar	2.15.80		867bd2968223a0549b61aa96db8f471c7393ae1a
software.amazon.awssdk	codestar	2.15.81		91e873ab4bc1bc913331fb76ea332406bff6370c
software.amazon.awssdk	codestar	2.15.82		6bcee6070788927c3e6435f9d75a18fafddbffe5
software.amazon.awssdk	codestar	2.15.9		c16c11e89cd971bd2c9fb9c276cdcdc69d6815e9
software.amazon.awssdk	codestar	2.16.0		3dd1a56d7ed0fa43de4c5b07defbf0628a71dc49
software.amazon.awssdk	codestar	2.16.1		e1696854865fe45bd734f7d259b9401fc25b95e4
software.amazon.awssdk	codestar	2.16.10		ea3af5d5d29e771bb27f8fe5d7ca575121758555
software.amazon.awssdk	codestar	2.16.100		846198f825307e291f97ffef4deddd62f66c9136
software.amazon.awssdk	codestar	2.16.101		e72414db14df7d682e56c5b0c2d22995e526b3fc
software.amazon.awssdk	codestar	2.16.102		79b4b67b3a13835bea683949113eb6a538805a93
software.amazon.awssdk	codestar	2.16.103		b0257f78e70273e5ddedb5805261d24bd7c76a6a
software.amazon.awssdk	codestar	2.16.104		1c7631831502000e3d3a0638ca4e17ff6fe5dca3
software.amazon.awssdk	codestar	2.16.11		c128c633979fd8a94b218836bcc57242279070cc
software.amazon.awssdk	codestar	2.16.12		4ef927e3db5cb2d94525a46debdc91d8562e7ace
software.amazon.awssdk	codestar	2.16.13		f0c11f04c2703a4807b4bd338172c7fab215fe59
software.amazon.awssdk	codestar	2.16.14		048af514aea18557ea38ba4ad127fb90947a3c3c
software.amazon.awssdk	codestar	2.16.15		f2bedc811a3ebda9bdbd892b22e5473226154d3b
software.amazon.awssdk	codestar	2.16.16		d25bcfb4933675e571f12177c014a19b9af030f0
software.amazon.awssdk	codestar	2.16.17		c461258f8d3e9785245c0f9d9dead4c357db8cf1
software.amazon.awssdk	codestar	2.16.18		a5df57ffea320fbf8a03a57570fc43ad3040a950
software.amazon.awssdk	codestar	2.16.19		88787ed56748cc75cdb7e9b6d345745dc106197c
software.amazon.awssdk	codestar	2.16.2		a34910c86f62368ee1662294bf5213e4d6c6ea16
software.amazon.awssdk	codestar	2.16.20		cfff021b72ef3555c4ddd693c31055939a10a62c
software.amazon.awssdk	codestar	2.16.21		22b556b03a398a3767f73d2d977c6f096e89afbb
software.amazon.awssdk	codestar	2.16.22		999cd3ae51e66b0008bd93bf4a38d4c610d6ac1a
software.amazon.awssdk	codestar	2.16.23		41f7304e73f428dcf5cd481df2bf317a4a1c7b74
software.amazon.awssdk	codestar	2.16.24		04b012a1335c8526a096c93837fad152c7a1bd51
software.amazon.awssdk	codestar	2.16.25		d338106689085edc5c80d089365677f9b9674af3
software.amazon.awssdk	codestar	2.16.26		4b5d96000da7697ccccb100eaf2edad97c095432
software.amazon.awssdk	codestar	2.16.27		52d725727b1283ea2e0750e28451d8c17e85d170
software.amazon.awssdk	codestar	2.16.28		e7e2a9eddfcbaaa78cb2b261a86fb64649de6b4c
software.amazon.awssdk	codestar	2.16.29		587ef653f0a60b55165f454dec262d050d337c53
software.amazon.awssdk	codestar	2.16.3		07fb07a4e8b32ba770256b76f0ee25d0c483ad77
software.amazon.awssdk	codestar	2.16.30		9bf12c55a81ac5f42063e83e523a2a5819651d5b
software.amazon.awssdk	codestar	2.16.31		1ec4631cbe5ece67308a48c53025390407d8f21f
software.amazon.awssdk	codestar	2.16.32		8e0359ba757629f38b8df22513aa76f0012f1249
software.amazon.awssdk	codestar	2.16.33		cf2c571f9b7269fa6a015e766eff1bc12928088f
software.amazon.awssdk	codestar	2.16.34		ddfa6275c3bdca7ed82d61ff92420d3094f6cfd6
software.amazon.awssdk	codestar	2.16.35		71caadc1843d5a8034467c70cfd908ae821c0bd0
software.amazon.awssdk	codestar	2.16.36		3082e81f39baf6548c21617589dcec5dce9215d8
software.amazon.awssdk	codestar	2.16.37		95d3625df052591b2629b2b00a713be3db506ba6
software.amazon.awssdk	codestar	2.16.38		696ab643d2066c7c4c43ecdfa4a4d263936903c5
software.amazon.awssdk	codestar	2.16.39		72aa7f146f1057b5a2625f7cbc16a93d950cf93b
software.amazon.awssdk	codestar	2.16.4		8d415dd2e2201e029cc6033cd5df15aeb7ec1a24
software.amazon.awssdk	codestar	2.16.40		c601dc1a04f3f0c96e7c60f067a4736f46e9c711
software.amazon.awssdk	codestar	2.16.41		a2f22e88ced0bb14437dc71fa40a32309499aef4
software.amazon.awssdk	codestar	2.16.42		fa46fe067f795cc50a67577bd6f214e57af75921
software.amazon.awssdk	codestar	2.16.43		2c19ad5ab9725706845d5d8a465986e0847762c0
software.amazon.awssdk	codestar	2.16.44		f8839f2d8354511e810311358af290a7fbab8125
software.amazon.awssdk	codestar	2.16.45		098459a24681f06547b194502173e84aa6e1dbdf
software.amazon.awssdk	codestar	2.16.46		10c8cc8be96424aea1b99b22679f8961e94f8b8e
software.amazon.awssdk	codestar	2.16.47		0e53fe93617135b219019b4ba4be7a7e60ddce83
software.amazon.awssdk	codestar	2.16.48		5fed2cfe2deec9900bbf2ecb63532a969366c68b
software.amazon.awssdk	codestar	2.16.49		7f0698de105f1638b9a3cd12433058d307b49e70
software.amazon.awssdk	codestar	2.16.5		401aaa1dec986c7e548e5aff9e223e81451e7fcc
software.amazon.awssdk	codestar	2.16.50		3f88c04628acfbf71ced5b084378ecb73b52e670
software.amazon.awssdk	codestar	2.16.51		69845c599216a0e37504193e2a45acfea4b18e48
software.amazon.awssdk	codestar	2.16.52		c2c2df6a51e790dca3b94b849bf688c8042e6151
software.amazon.awssdk	codestar	2.16.53		a856d5bdd673155cce0356266e2f2ec3ab5e4e62
software.amazon.awssdk	codestar	2.16.54		56f79918117763ad3d95510ab7bf49c76421db85
software.amazon.awssdk	codestar	2.16.55		9f286afaaccd38c769b09ac20598f6c550479226
software.amazon.awssdk	codestar	2.16.56		a1267c446d6aec244402b0b53510344a93e4c9e6
software.amazon.awssdk	codestar	2.16.57		6b18513eda1c5c78c2be7e4b5beb2c375a32ff0f
software.amazon.awssdk	codestar	2.16.58		dc0b50ffa0af95cd3357edd2dc8e546fd1e4615f
software.amazon.awssdk	codestar	2.16.59		bc170ea09795bdddf4fb2bf60ff4e93c6ff3521a
software.amazon.awssdk	codestar	2.16.6		7465665561bab4d15a839dfb0da78036d72d6b65
software.amazon.awssdk	codestar	2.16.60		57a908e079244ae9a756087e61622636b45801be
software.amazon.awssdk	codestar	2.16.61		56232fe14865b478862ef3d30ad002a5e2703758
software.amazon.awssdk	codestar	2.16.62		b2c618b20066de763190a265758a0ff1e379103d
software.amazon.awssdk	codestar	2.16.63		8181bc7cafde9b8aaa6ebf0fcd410cab2daef83c
software.amazon.awssdk	codestar	2.16.64		3de4bdfd9714bab55ca09e523a8d6617d3621534
software.amazon.awssdk	codestar	2.16.65		2b9d9000cb89fd26e455726e69c9b9715d25dbdf
software.amazon.awssdk	codestar	2.16.66		5f54e32b05a66fa3028bdfb9f5904b68f59b115d
software.amazon.awssdk	codestar	2.16.67		1eb34d85f3a27c728952be1cba81b5c166de4ab9
software.amazon.awssdk	codestar	2.16.68		c23de7c8099489f17c9d68b8576205d67eeb8a17
software.amazon.awssdk	codestar	2.16.69		ccabd04c0cbeb3a29b0749a39a33257a24a73f4d
software.amazon.awssdk	codestar	2.16.7		5339594cd7cf8ca951d8715e7d377deee387fc34
software.amazon.awssdk	codestar	2.16.70		7100d7cf094b384f87b5eaa7af43c2717a76391e
software.amazon.awssdk	codestar	2.16.71		36bdcb769426177bdf73d5e056c37482b1fc07a2
software.amazon.awssdk	codestar	2.16.72		f431ec30bd2e0244f5f2a963ec17cbbd723fc197
software.amazon.awssdk	codestar	2.16.73		3868dc3a479f3d482ac2955a531700e583df1d5b
software.amazon.awssdk	codestar	2.16.74		cb6e5335c766d9fcf5b53d061d2a86f503d5a97a
software.amazon.awssdk	codestar	2.16.75		1f516496906c8575edc51bb46548cd1c2fde2c8f
software.amazon.awssdk	codestar	2.16.76		13142b037640b27d351b4dd9d241f4565db60fe3
software.amazon.awssdk	codestar	2.16.77		5fa8e521fa1ebec68915522278acb3326806e5ed
software.amazon.awssdk	codestar	2.16.78		9afeb88bd250a87dd436e5d670099d609e7921b8
software.amazon.awssdk	codestar	2.16.79		64d9469411f04370655ddb88bdfeb10dd62cd885
software.amazon.awssdk	codestar	2.16.8		702330a1f5fd4da7a54897fe9401f6d100291e1b
software.amazon.awssdk	codestar	2.16.80		ae34ce2c3d61334a3df52719d4af5851e725d082
software.amazon.awssdk	codestar	2.16.81		eee842609eff2eff9d196e1f1ad31738d5448e6b
software.amazon.awssdk	codestar	2.16.82		1e8b347dd8c886299db5748ebcc6b3661f615bec
software.amazon.awssdk	codestar	2.16.83		2bbc519788f51f30dfe32619fdeb0fd43bd28f94
software.amazon.awssdk	codestar	2.16.84		1187d4dba9c93edb9da947b503fab5b77bb20f61
software.amazon.awssdk	codestar	2.16.85		d18172d2156388560a02170401b7aa870e1f1907
software.amazon.awssdk	codestar	2.16.86		39617bb8d25cd4264d7884e8cd3f7aa4f942da5c
software.amazon.awssdk	codestar	2.16.87		ea6bce90d4150d8369f44d97a54aad0e34377c0b
software.amazon.awssdk	codestar	2.16.88		b228230725df3e771482607285a0583d0d5eedbf
software.amazon.awssdk	codestar	2.16.89		55b9089b9c5d3d3653373fe9d8b0833e7703a5b6
software.amazon.awssdk	codestar	2.16.9		739a7e8d5e0adc766f66a78438d7093696137db3
software.amazon.awssdk	codestar	2.16.90		4d133cc6a7468bab4e306b0f5b2a5c1d9f779062
software.amazon.awssdk	codestar	2.16.91		f473334610c7a01c4f170552f04989ba49c4f3a8
software.amazon.awssdk	codestar	2.16.92		d1f3826a32b3e010791eaff6e12b447364d8d490
software.amazon.awssdk	codestar	2.16.93		373f270be0c5ca7d816f7961dba72f7480503f21
software.amazon.awssdk	codestar	2.16.94		faf800225d85a7a1ee6ad74d4bc83b0a8037da8d
software.amazon.awssdk	codestar	2.16.95		f4140ff9b830dc44b5745cac2ac4172f0ed3d903
software.amazon.awssdk	codestar	2.16.96		8d54a1cc63299fa88b1cb20fd4977b41163ae719
software.amazon.awssdk	codestar	2.16.97		f6e5518fe9bce8124eb9efa29211e1068f8b129d
software.amazon.awssdk	codestar	2.16.98		65430190a4439c1bf954cee3b6f18e5dec92bbba
software.amazon.awssdk	codestar	2.16.99		87c10be775e2efd1a301cad0dc3b8595e6471409
software.amazon.awssdk	codestar	2.17.0		dfff98f530b4f11e0636df9d3368102e6e435476
software.amazon.awssdk	codestar	2.17.1		0dbfcff13efeb36038116147cf3f3f797d0189b8
software.amazon.awssdk	codestar	2.17.10		16305b1068265a1b8344d70c8e3007b96e92a24f
software.amazon.awssdk	codestar	2.17.100		6afac3e90357b1150028fa210df796821495237c
software.amazon.awssdk	codestar	2.17.101		361bd68cbe84cafcbfe0987f67997a5592945734
software.amazon.awssdk	codestar	2.17.102		a97b45fb8b7db5aee19cab9de427feea15573dea
software.amazon.awssdk	codestar	2.17.103		f7891ce93b7f8100f7ce5a4b683e7ecc053e0ee1
software.amazon.awssdk	codestar	2.17.104		4c7f555c5b31bb6811761f4a2866c2dd4b83027a
software.amazon.awssdk	codestar	2.17.105		be9f19464ce3e03f84726e78dc56b3068003213b
software.amazon.awssdk	codestar	2.17.106		aac01ef354332bfb7759ac7ebe8d8de64f285c17
software.amazon.awssdk	codestar	2.17.107		3e50982fad91b232f96857cd46dc44b0402290ba
software.amazon.awssdk	codestar	2.17.108		3abe69fcff27e444214348f9e448929d22791e85
software.amazon.awssdk	codestar	2.17.109		29f3bacfccfc58c277ff5863c20318ab23bb556b
software.amazon.awssdk	codestar	2.17.11		894e8052deb8289af893b865632e55c57ae649c3
software.amazon.awssdk	codestar	2.17.110		d2988117f644793199cc2ef0bd91d2c77778c1e1
software.amazon.awssdk	codestar	2.17.111		708537e2ea4b9a4ee9f71ec12f9230e52cb1dd8d
software.amazon.awssdk	codestar	2.17.112		f968a831116ccbb12e1cba67fa6781410e769eca
software.amazon.awssdk	codestar	2.17.113		34bc2fa8420f87a0413584d7a4d95ace34b17a83
software.amazon.awssdk	codestar	2.17.114		726d9b84828571e5031b2b8fc191e693cbb2b7b2
software.amazon.awssdk	codestar	2.17.115		a4b59a9d2384ecaf58613a6ce66320a5fb311eb7
software.amazon.awssdk	codestar	2.17.116		d396b7631ed79a0bfc9aaa9ed545eac143cde69b
software.amazon.awssdk	codestar	2.17.117		4c1ce458b478d860eb728b6c83a79e87cbe1044e
software.amazon.awssdk	codestar	2.17.118		ab54ae81c2ff00b31cc714343c25b4fee8feb8fe
software.amazon.awssdk	codestar	2.17.119		f286001d973499f8d9f710bcd5f6b09f243de4b9
software.amazon.awssdk	codestar	2.17.12		a13866fcd5d42a34860f74f31b91a0922c94412a
software.amazon.awssdk	codestar	2.17.120		8310f2f6d72dbd229f1842603e10c707474e08e7
software.amazon.awssdk	codestar	2.17.121		2d715ac3b7d897853c160b93c999b3e9048b060d
software.amazon.awssdk	codestar	2.17.122		2611b745ae4a93df3cd467fd265cc1b5363a0dc7
software.amazon.awssdk	codestar	2.17.123		2d9e0ecb5296337b0cabad7d80a028892f484d62
software.amazon.awssdk	codestar	2.17.124		5555d10e18671f2761612a00ff2e898e02ce7486
software.amazon.awssdk	codestar	2.17.125		17dab401c70d9f55344374cfd2aeab9458e1cd7c
software.amazon.awssdk	codestar	2.17.126		fce2746bdf04c4b997e2a33bfdae9c036c2fa00c
software.amazon.awssdk	codestar	2.17.127		4eaae2efb85faa892c63913cb2321ba8233e6000
software.amazon.awssdk	codestar	2.17.128		a27c6f5b501de07d8d2af7964e7973d94e02e3d5
software.amazon.awssdk	codestar	2.17.129		6a0a7e0d7fd8ddd77748194537644da2bae3d8c2
software.amazon.awssdk	codestar	2.17.13		8a3f60e32d23bb3ba6aaac61b81cbfea3082a846
software.amazon.awssdk	codestar	2.17.130		e6a2af9bbaf8aa6e10c8708b9f7fbdba98038645
software.amazon.awssdk	codestar	2.17.131		63b01f35980cebf3bb337f3c9ee8fd306fe9fee7
software.amazon.awssdk	codestar	2.17.132		33d41e7043100e8ae0b8f94bbac94c228c0177a2
software.amazon.awssdk	codestar	2.17.133		e77b39166ef3b1eaca4a37fc0e62284f5e40b65b
software.amazon.awssdk	codestar	2.17.134		f43bc8de1e37ec683b22d721eb06d93e0ad5c30e
software.amazon.awssdk	codestar	2.17.135		d7d82329876dc495e49189c5160a805888525b4d
software.amazon.awssdk	codestar	2.17.136		e7105c65c6e78d279ccd0ed20b59106ff3a39913
software.amazon.awssdk	codestar	2.17.137		d8d3af459b610e220d4cc5213d7563acda437f1a
software.amazon.awssdk	codestar	2.17.138		a7dbadf7eb0a109c37e5998eb536de2bc8fbc468
software.amazon.awssdk	codestar	2.17.139		b4f0aa2c11b57a86fb9eb892e251e7bfc741d83c
software.amazon.awssdk	codestar	2.17.14		87a1a0e2d496b2dadd3f7a99e2d487da6b94f0d3
software.amazon.awssdk	codestar	2.17.140		395e0391882db9c5fa65db1f776cff7968bfedb5
software.amazon.awssdk	codestar	2.17.141		99266c4a4f3cd1b8812d82a6452144c9a3da7188
software.amazon.awssdk	codestar	2.17.142		d8bfb3c0806364e18ef3be3cd396dd97dd0a486f
software.amazon.awssdk	codestar	2.17.143		94016e9acbb2bd0dd990db07048e1f31b8d54fc2
software.amazon.awssdk	codestar	2.17.144		e9115a3bb83d34e74b346cf8de61b935cf1f56e3
software.amazon.awssdk	codestar	2.17.145		d412c1dbe63056a393bf52acb1f2c3b6af7749f6
software.amazon.awssdk	codestar	2.17.146		0f645a18d0707a9540e0803f1478d57859aae9e3
software.amazon.awssdk	codestar	2.17.147		048146f96c78c14e150ecff5f5c8fdf8e618ffaa
software.amazon.awssdk	codestar	2.17.148		37b7db23adec9fcb33e9ca500d170986cab9f56a
software.amazon.awssdk	codestar	2.17.149		a8f64d17df7fcc8b60cc14a4dfe9ac650bd603db
software.amazon.awssdk	codestar	2.17.15		f1aafcd033571089ce2584e2956d66e970b70201
software.amazon.awssdk	codestar	2.17.150		a8f50c6ea960a5539108a9d004c477c0d0c7fd30
software.amazon.awssdk	codestar	2.17.151		60e3a778c41359baefca856f8da5deae7e6986ea
software.amazon.awssdk	codestar	2.17.152		9f1290853dbe99533b7e090564f13e4cfea315e7
software.amazon.awssdk	codestar	2.17.153		dd5522b5b9049c6e68c743712c7f80e389909e23
software.amazon.awssdk	codestar	2.17.154		49097f9982a89293b0b0ca4030a4789156ed385d
software.amazon.awssdk	codestar	2.17.155		06f6a46109ae900cb399420a5abedd928fc2de99
software.amazon.awssdk	codestar	2.17.156		fd04a29ecfcb18f057ba0f40c67f192f9933bbcd
software.amazon.awssdk	codestar	2.17.157		6d4f4bd08a391650ec136afa20b06e88a3c9fd97
software.amazon.awssdk	codestar	2.17.158		5bbc701b124451c67a9a0d4d9de2321497e3439b
software.amazon.awssdk	codestar	2.17.159		4aec0e8698ed1a60cbba8b6c06797f3d7bad848d
software.amazon.awssdk	codestar	2.17.16		13630f272b3949f0f83d564e904f8bb351da39c3
software.amazon.awssdk	codestar	2.17.160		e957832898428d111e1a8217ca8ebc64d0463e65
software.amazon.awssdk	codestar	2.17.161		9a59040d01fdad9be9d1755b839e035b1993e42e
software.amazon.awssdk	codestar	2.17.162		8827814e01e51d9a033082a701dab18319a90acc
software.amazon.awssdk	codestar	2.17.163		60370f55c3ce29acf9856dc011dd127d46dea45a
software.amazon.awssdk	codestar	2.17.164		cd33cabd1eb9391408d2fd782b632a9f9529e698
software.amazon.awssdk	codestar	2.17.165		6023a4b1460d3939721f8e7d1aecea23f2e7f695
software.amazon.awssdk	codestar	2.17.166		e99c8b2b2ffbf56f31b8a4c0fb9f28ff88533d06
software.amazon.awssdk	codestar	2.17.167		40003f4173bc8ac64911695a1dc8c9e3409e8f7a
software.amazon.awssdk	codestar	2.17.168		936da596f458058dd0edf06ec9db6dbfbee721ff
software.amazon.awssdk	codestar	2.17.169		dec8c50b74a3368cdab2cc028d0527d5dbb650f6
software.amazon.awssdk	codestar	2.17.17		27519a0b759f0e0a2c0a0808bd7f7e259b3a3fc4
software.amazon.awssdk	codestar	2.17.170		5d08f9022251613c53f4d46e3ba7995bbc3f278d
software.amazon.awssdk	codestar	2.17.171		874db197b2e10ef23b84289e2a8d10c194881727
software.amazon.awssdk	codestar	2.17.172		33cccc29fe331db9e527afc5dc6eba8491e317a5
software.amazon.awssdk	codestar	2.17.173		c76757f9f6cdd5ae9da201774317915612fb6716
software.amazon.awssdk	codestar	2.17.174		59e9cd8ac0651d54765ab413d94c6b382ca0815e
software.amazon.awssdk	codestar	2.17.175		80cb428c70415cd50c5cd6b5c00d66c60ef2c970
software.amazon.awssdk	codestar	2.17.176		4d3a1996bb22ad22ec38fc07ae2190e6a4574046
software.amazon.awssdk	codestar	2.17.177		aa6d78417d57b1f2d5653062f35b6122f46d1f61
software.amazon.awssdk	codestar	2.17.178		ce23fccaad9d7610a1bd2832e70b9eb1d02a29f8
software.amazon.awssdk	codestar	2.17.179		01eff5c939fbc1c35bef8a1d2260273af093f966
software.amazon.awssdk	codestar	2.17.18		4b7fb4e3b4fe859681708f339a8d279285e1810b
software.amazon.awssdk	codestar	2.17.180		baf29dc26c84cda1c1fb74c843934b4a1f8b190f
software.amazon.awssdk	codestar	2.17.181		7c8a553481a662a235b6ff51febe2f8963043ebe
software.amazon.awssdk	codestar	2.17.182		4108dd97bd0631eaaf47e258b1a7dc8a8973a847
software.amazon.awssdk	codestar	2.17.183		8c9626b460a9723148c85889d567df19f8f19674
software.amazon.awssdk	codestar	2.17.184		b0ae19e32c936afa069b44e6b567fe5e60d16266
software.amazon.awssdk	codestar	2.17.185		2c24d9282ff91371911f808ac5085890d8583adc
software.amazon.awssdk	codestar	2.17.186		a519783f93e1c7acf8774cfec0aaca2344ade227
software.amazon.awssdk	codestar	2.17.187		5c7627e4dcc1bb5b9f635b93670862adfd92d84a
software.amazon.awssdk	codestar	2.17.188		f42c8eee959c79f72db37db7fc4452eb34771416
software.amazon.awssdk	codestar	2.17.189		d603932645f011f7f422c42fe5e79e9b6945b5bf
software.amazon.awssdk	codestar	2.17.19		b16f0db66cea663bdf9425d13ffd7201be129c7a
software.amazon.awssdk	codestar	2.17.190		fb7502b3600dcd0ac53441888936443b140eaf26
software.amazon.awssdk	codestar	2.17.191		387c84887b09b5d49b0c166bd5b7576d94b56035
software.amazon.awssdk	codestar	2.17.192		765c8a1fb396b41d395230e95359dd5bd2cf1cd9
software.amazon.awssdk	codestar	2.17.193		d048ea317d33ea14ac5d846a52077d2c717813c9
software.amazon.awssdk	codestar	2.17.194		df9fa0b1a8c3dd891b4292838f88ffe7ad022246
software.amazon.awssdk	codestar	2.17.195		3bc951061429d96a67bd578b97973f5b9d4542a4
software.amazon.awssdk	codestar	2.17.196		d074a1fb9ef229b31a03b21022bd45a02b7984bb
software.amazon.awssdk	codestar	2.17.197		c8b15fad014179bba7b4064ee64dfff4aa1e26d7
software.amazon.awssdk	codestar	2.17.198		cc19d1e370d766035c4c461a883fa716b12eb045
software.amazon.awssdk	codestar	2.17.199		8b1a1ce04b44a3f326e1f4def8d1c203e3e5f797
software.amazon.awssdk	codestar	2.17.2		8cb8bb0b476d64dc29fe8c81c3bd4865a4a32aee
software.amazon.awssdk	codestar	2.17.20		08954166b898394e7195c952897a00c2bf0b43d5
software.amazon.awssdk	codestar	2.17.200		2c293231a4bd687876452a7286a88fbb11ce750d
software.amazon.awssdk	codestar	2.17.201		6db45c5901eb8ad0dbf6321651b048ed03c1cd47
software.amazon.awssdk	codestar	2.17.202		0956a88d25be90c6d6f9f768a35c1da5834604d3
software.amazon.awssdk	codestar	2.17.203		4533f186ce972a8366a3f47f1ed6723c2e7bcd25
software.amazon.awssdk	codestar	2.17.204		c5713913241fcb65c4c6da662ae2ec1ac3238d9f
software.amazon.awssdk	codestar	2.17.205		b699abe0798954c91fc63792ce7cf55336af77aa
software.amazon.awssdk	codestar	2.17.206		114a334a8c763aea99464e6ea292a9f47da7fcde
software.amazon.awssdk	codestar	2.17.207		925644bf09a94e069410681e56fdca70ba5a106a
software.amazon.awssdk	codestar	2.17.208		5c119919e293c7d33e52d90ab4abddd594f1892a
software.amazon.awssdk	codestar	2.17.209		2c7335c5bd3365aa74592017f41b78e7bd321e67
software.amazon.awssdk	codestar	2.17.21		38132b76d4b9d22a753a738d0b00e3e4abd09a5e
software.amazon.awssdk	codestar	2.17.210		d40df894962bfaffd46267edb9f29c1cee0dfcfe
software.amazon.awssdk	codestar	2.17.211		93ff7e90e16f649c2f71b21a9fc3befc21466776
software.amazon.awssdk	codestar	2.17.212		c73fe41b6a3fc660a2044fe2e0c757e2f02e3901
software.amazon.awssdk	codestar	2.17.213		a8f73e57e0267776eaf7d65721d3c862cb0a77dc
software.amazon.awssdk	codestar	2.17.214		722e75c5cd32cc2208a14b1d8fd3e2309d6acc28
software.amazon.awssdk	codestar	2.17.215		ac14b26266f96b95637d5f42de1bd793d8d3a0b5
software.amazon.awssdk	codestar	2.17.216		5ad8d79c99b11f6b263f1b150d63269485e3e3d4
software.amazon.awssdk	codestar	2.17.217		3d2527053862c437445a75caa9a335b735eb8eeb
software.amazon.awssdk	codestar	2.17.218		08b14955ccff6edfee4ede076217f6273cb19740
software.amazon.awssdk	codestar	2.17.219		b5efc5fc80cc1ba67a2d147fe99b004d9e893db0
software.amazon.awssdk	codestar	2.17.22		5eb29938a7a47d256cf3e5e08d9e9f18e72da413
software.amazon.awssdk	codestar	2.17.220		97c451d740ab14631c35e62c12f4c980f5ccf95b
software.amazon.awssdk	codestar	2.17.221		a6a1097b9b0c3dba2ab620a338316a179fe3e7a4
software.amazon.awssdk	codestar	2.17.222		de7f11511dd4b6764f272e11cf615cc91a6f6e3f
software.amazon.awssdk	codestar	2.17.223		5a0564febb3438918eb94bdd2b5e1ea779019e07
software.amazon.awssdk	codestar	2.17.224		7fb8551a33423aa319b456691f4884386e596dc3
software.amazon.awssdk	codestar	2.17.225		d7cadf4bc1ceee1c614b7a8eff12a1dbc1254c87
software.amazon.awssdk	codestar	2.17.226		376f6acd25ca53cfd9e57fff5e12afd8477ce6b7
software.amazon.awssdk	codestar	2.17.227		17f75f142b9d22ffc7ada41747e9ceb149e1a723
software.amazon.awssdk	codestar	2.17.228		2e90b40a96addd78e7a7975c50f5c97b847d7b0f
software.amazon.awssdk	codestar	2.17.229		184acf194bc0e5e991994a522db68ec17ba802cc
software.amazon.awssdk	codestar	2.17.23		ee87f5f402b460f3c8cc4104043c4d079b78323f
software.amazon.awssdk	codestar	2.17.230		0fd482e4ded08d01e768a82af40eb477b9990965
software.amazon.awssdk	codestar	2.17.231		cb267d8f49a86a97bab088ee34b252d0be040827
software.amazon.awssdk	codestar	2.17.232		b39d5588cdfda23efd44c02e2ff8634d6890d9d7
software.amazon.awssdk	codestar	2.17.233		233553ca2b56bd96eeda475ddfe4fb6ad1614663
software.amazon.awssdk	codestar	2.17.234		7e9ed045dd5b0f359a56df90b4ddc5ee0bb4ce74
software.amazon.awssdk	codestar	2.17.235		9fc772ab409cde5877e3b0a7a0796e6091947f7b
software.amazon.awssdk	codestar	2.17.236		688825e075338509f9c73eee805c1d97cdc70bce
software.amazon.awssdk	codestar	2.17.237		1ceadda20afa2a2521d79b657345e92e94313652
software.amazon.awssdk	codestar	2.17.238		77a9f48cbde42cda6b57c0ec93cfe56c53e745fa
software.amazon.awssdk	codestar	2.17.239		2afc212895eb9c26ce95f44308f4562d367973df
software.amazon.awssdk	codestar	2.17.24		801d77eb7f0fde0908809dd68bae9087606d0f71
software.amazon.awssdk	codestar	2.17.240		02362cea09c017870ef23dbf885118b10394dd1f
software.amazon.awssdk	codestar	2.17.241		1221d97c4b712a6e7e60731575897faf52cce0b4
software.amazon.awssdk	codestar	2.17.242		6fafac4d4afe0d0ad9b501561b9bb62a0757f75f
software.amazon.awssdk	codestar	2.17.243		fd4a91bc73ea07de4fd175f72cffb1363090437f
software.amazon.awssdk	codestar	2.17.244		4bd6b9686d963209ac84e06ccdbc1a72365d2074
software.amazon.awssdk	codestar	2.17.245		93686131e22d23719fe5b3ef751914a051da47c7
software.amazon.awssdk	codestar	2.17.246		d24ec4118ba2fcd141f0dd8d6fe5a5c49ebc0cfc
software.amazon.awssdk	codestar	2.17.247		2b92489368ec72823e1ba8f8a708a59e43bac712
software.amazon.awssdk	codestar	2.17.248		5ee1f6c8c2b9e4fb2b5bfffbc89ba344a8c44983
software.amazon.awssdk	codestar	2.17.249		be9f71f48de7b538cd88b449c4ef07c5073a220a
software.amazon.awssdk	codestar	2.17.25		18f380c1f864fa9f42af59dae6d33e0be1133cad
software.amazon.awssdk	codestar	2.17.250		604e7d25d4ea90e8a55a05d243f117bae0a6fcf6
software.amazon.awssdk	codestar	2.17.251		a7de502479f37cd5eb072611e444653c938736ed
software.amazon.awssdk	codestar	2.17.252		09f7db1a9ac0dc12a8b7a6aa6bd2c2b3f9b00c19
software.amazon.awssdk	codestar	2.17.253		f2103c1d8c71e86e6e54fb3643c63352de3e21ab
software.amazon.awssdk	codestar	2.17.254		f06906db663aedc0bc63195bcd0a6717b84d2076
software.amazon.awssdk	codestar	2.17.255		0ad197898c14debe1002181fc24eaa674e256938
software.amazon.awssdk	codestar	2.17.256		23deeba40fcd90874f75c00f8e20b0bd371cef8e
software.amazon.awssdk	codestar	2.17.257		40c2c4b78e1052119563aed34f0878300a919c47
software.amazon.awssdk	codestar	2.17.258		367d32719859edc9af1cbce2130da740792965c5
software.amazon.awssdk	codestar	2.17.259		3bf385023985c115a4b72309e45728bb5f8aac4f
software.amazon.awssdk	codestar	2.17.26		861c674ba2682aab1f405c029ab70264dc924d93
software.amazon.awssdk	codestar	2.17.260		f5e3d008a9f3b3786ff096b4f7dbaf4a49a5bc2f
software.amazon.awssdk	codestar	2.17.261		62129bdbd601c9c4d16ce14d7394afcff16f6328
software.amazon.awssdk	codestar	2.17.262		f9249212bedcd47c58f184301b0cefd2512090ed
software.amazon.awssdk	codestar	2.17.263		a26f18b4baf95daeb133467e857bd1c1ee3a9e29
software.amazon.awssdk	codestar	2.17.264		24f159bcf7776b299a528421cecdca9d91acf53f
software.amazon.awssdk	codestar	2.17.265		4545a2c15066f3a006c9c91628a9545a42839d4e
software.amazon.awssdk	codestar	2.17.266		81d71b0e2593f0c74748bbc175476d0ab7194a7b
software.amazon.awssdk	codestar	2.17.267		9f785aee1d31e08ea4c3f59f4c7da2655d6eec7e
software.amazon.awssdk	codestar	2.17.268		efeb138c484ae5efedc1514bc754861dc3d4cb3d
software.amazon.awssdk	codestar	2.17.269		291dcd668dff5356e1fc4274bc2f5bce5db7a5db
software.amazon.awssdk	codestar	2.17.27		096efded83deb6a2a785a164e584841634a7fc23
software.amazon.awssdk	codestar	2.17.270		34e44d4b0b83bfe7f3c01c23a3ae21b745dd53c3
software.amazon.awssdk	codestar	2.17.271		e77bf2fdb3b378f4679fd28559823a55352a08f3
software.amazon.awssdk	codestar	2.17.272		cd44f2d0080ac7ff7b1ae6501ac09d1145700ec2
software.amazon.awssdk	codestar	2.17.273		7de513b1b4d568c1952cf420b9f3219a1fda5bc5
software.amazon.awssdk	codestar	2.17.274		c1373f7a0f7e6502eef3e7f623efcd23a1fe9315
software.amazon.awssdk	codestar	2.17.275		090189aad37e65058dcb0d30c8b78f25191cb0a8
software.amazon.awssdk	codestar	2.17.276		1ede180ee4725524aed34b282c5b02d8f1328ab7
software.amazon.awssdk	codestar	2.17.277		823d40fcc77195b48f855948477e1891d64605a7
software.amazon.awssdk	codestar	2.17.278		d718d1d37411fe9829bffd164bda606832ec29a3
software.amazon.awssdk	codestar	2.17.279		dddf038040237cf67e4336e095e20819b510c0a1
software.amazon.awssdk	codestar	2.17.28		b7444655806daca66a37b5f9834dd6f264fd10b3
software.amazon.awssdk	codestar	2.17.280		08bda0fa92c428d56a909ccc050a4c8de2a7f721
software.amazon.awssdk	codestar	2.17.281		ee6e3b9d7f6f8e32ce34201f0939ede6d2314201
software.amazon.awssdk	codestar	2.17.282		c14531ab715ca701ad1278ff05e11b9672b3e7fd
software.amazon.awssdk	codestar	2.17.283		50b5393e27885b0b6cd28360feb97512c080cd36
software.amazon.awssdk	codestar	2.17.284		5f538d5a26548494c117df63048474379cb3e30f
software.amazon.awssdk	codestar	2.17.285		9893c17e219c383038f1318b60cfd864faa2a8a9
software.amazon.awssdk	codestar	2.17.286		9a997abe72c13d0ceeba1bb17e3a51c3c4dfabe1
software.amazon.awssdk	codestar	2.17.287		803fda92126d7eb4badbc1ee3282cd84a78ed430
software.amazon.awssdk	codestar	2.17.288		0d980f6f84df95884c93a2f6f5f20302757f0ce1
software.amazon.awssdk	codestar	2.17.289		fddbc8ecc22549b08b899a3183f0f91bf827411e
software.amazon.awssdk	codestar	2.17.29		45ac3d251de9286a16b1cb8837776452bad64d51
software.amazon.awssdk	codestar	2.17.290		baadfa027c053a0f7dcc20275eee89e3e2f2f7a5
software.amazon.awssdk	codestar	2.17.291		49f9a81fa0b8d6f8dcfd2b533f85923128d99b1f
software.amazon.awssdk	codestar	2.17.292		6da9dc91906b6fe47bccf48605915549d18b1a96
software.amazon.awssdk	codestar	2.17.293		9fc78fd977f50b58b2e5f0cdf78b5c416736ebea
software.amazon.awssdk	codestar	2.17.294		f07c27a9bd7222da6f3082490f478184588c8377
software.amazon.awssdk	codestar	2.17.295		e3ec06772198c5adc9b3fa5722b32600858fdaa8
software.amazon.awssdk	codestar	2.17.3		502d29881074a55f8970e4cee0b802d3268f0bd2
software.amazon.awssdk	codestar	2.17.30		fbdf6f46afc02926543b53472d3bb2e513efae75
software.amazon.awssdk	codestar	2.17.31		229583c187f178124fe10984e90cf8009ed95604
software.amazon.awssdk	codestar	2.17.32		8b77e79e74a366e4d937d94439aa0c194c43e900
software.amazon.awssdk	codestar	2.17.33		8aac9b8d47ed5876ebbe1074a78306681a87ed8a
software.amazon.awssdk	codestar	2.17.34		7f7f9609a561a0ed651edce9d60c3b20c3493234
software.amazon.awssdk	codestar	2.17.35		ba4b3711b93ff43e0f85a191838df38c75f13381
software.amazon.awssdk	codestar	2.17.36		e052b2ec7f18b5d9ecc7160686948e720f85aaf8
software.amazon.awssdk	codestar	2.17.37		44c4471d268aff6ad8d753d3ed50bbbb119bd975
software.amazon.awssdk	codestar	2.17.38		49c6c2d2235bb2562c41b14af9ddcff5b5ab11db
software.amazon.awssdk	codestar	2.17.39		ab35834ab05706d41ab602ffe4c5bccbca2d7c55
software.amazon.awssdk	codestar	2.17.4		6015f78f9d206bcdfb986c956b418d3f16c936cf
software.amazon.awssdk	codestar	2.17.40		19062dabe3d58927689aa8a494684493eadc49c0
software.amazon.awssdk	codestar	2.17.41		90d1fc67beb938798aaf3eb2108c7abe23f1c7b7
software.amazon.awssdk	codestar	2.17.42		ecd857e287089ca11efffb6470cc68065eace988
software.amazon.awssdk	codestar	2.17.43		cfe96299867ad3e605c08523deca1b64ee038c53
software.amazon.awssdk	codestar	2.17.44		2ce45d52f1af2c965e159d238bc0e866db5161e7
software.amazon.awssdk	codestar	2.17.45		b4cfa341f71f19140fc7f2ed73b66db1e2c21895
software.amazon.awssdk	codestar	2.17.46		b0848ea8e84ed290e871979f573b438df86f69fc
software.amazon.awssdk	codestar	2.17.47		3b7821b05099ea4dba3a6b573b5722233028dd90
software.amazon.awssdk	codestar	2.17.48		7d262ff31eed99891d20037a36fe2739cd8f374f
software.amazon.awssdk	codestar	2.17.49		6e6732496e41b89fa7a3614528986ddac3d0e469
software.amazon.awssdk	codestar	2.17.5		25e60a8949db6154070c9884a0285d48c052ae33
software.amazon.awssdk	codestar	2.17.50		a9f675dc6b2952a3376a14779e886122b71e4fe3
software.amazon.awssdk	codestar	2.17.51		4dda26fe78960b17201b974c4f77c4afcfff51d1
software.amazon.awssdk	codestar	2.17.52		94ceeb38da73265ba6229edc261143f01a9d01ff
software.amazon.awssdk	codestar	2.17.53		985421291a99ef516e41e09847d320a631410543
software.amazon.awssdk	codestar	2.17.54		6d4d18f2a537b24f6f96952d4c3fec7c3fe76dfb
software.amazon.awssdk	codestar	2.17.55		cfd3cda66ccd43bf573e0100d8be7ec493c66079
software.amazon.awssdk	codestar	2.17.56		0a454aab50d9448cacf0dddfd67b36bb019ee156
software.amazon.awssdk	codestar	2.17.57		a2d132906b6955bd0debeb1ac5279492f27e2753
software.amazon.awssdk	codestar	2.17.58		74e9dfae92a8172b6575d53b9a8bb9c5ca007877
software.amazon.awssdk	codestar	2.17.59		71b10153717508be2b68804603537bf3d21246cf
software.amazon.awssdk	codestar	2.17.6		4d3c0c3185435f16fc0c010a74e0c952ff3dad98
software.amazon.awssdk	codestar	2.17.60		490cca6468757a47177b939ca51c033047b8edf4
software.amazon.awssdk	codestar	2.17.61		cc850c26568ad212b04ca1a8fd8f6ce44762afe8
software.amazon.awssdk	codestar	2.17.62		b4c4454c1759a883ca6a0fbd5304aa9dacd3b128
software.amazon.awssdk	codestar	2.17.63		b29d3300a4f8eb0321ac36798be611fa978a1fba
software.amazon.awssdk	codestar	2.17.64		c5e50e0c529236909250c2daed378dba6ad7d848
software.amazon.awssdk	codestar	2.17.65		ff0b30ff27af9c3321d865b502a7f85c6280c8f3
software.amazon.awssdk	codestar	2.17.66		315d08f061e3037c0614bbb2a81c18bd0644f24b
software.amazon.awssdk	codestar	2.17.67		2e97d9ea4211916aae0d9905ea5d7f6e7670be3c
software.amazon.awssdk	codestar	2.17.68		c801ed8c4ea3a215776d8b1427b670cd135185bb
software.amazon.awssdk	codestar	2.17.69		fa46e286e1bf4c73bfe8678e787020c2275eaf22
software.amazon.awssdk	codestar	2.17.7		20c145f66710c91ab515be3783c8fee56273d1e1
software.amazon.awssdk	codestar	2.17.70		c95ca8a4c1729c8bca36afdfe385d9db02b032d1
software.amazon.awssdk	codestar	2.17.71		e486ef9856af20ff00c5a1a5f8281fa30077885a
software.amazon.awssdk	codestar	2.17.72		5247650f275e9356875b087745b7c96b28980f10
software.amazon.awssdk	codestar	2.17.73		3dfa6778b3644965cd95248f546f078fa7138f3f
software.amazon.awssdk	codestar	2.17.74		1aaaa54c0381840dec2e6dc973f2fd95feb94242
software.amazon.awssdk	codestar	2.17.75		0df4067d01984901633b58bae39e9a5d19142375
software.amazon.awssdk	codestar	2.17.76		940b318540f082a8b83bef41f5e2e419c46ca451
software.amazon.awssdk	codestar	2.17.77		d85e11de557762310ffd999220975259a61e7e2b
software.amazon.awssdk	codestar	2.17.78		b1691f4d9caf884c1a5e5242124282b1f5ac4089
software.amazon.awssdk	codestar	2.17.79		fd915b3c1707aaaac0d5238697e4c2258a6113fb
software.amazon.awssdk	codestar	2.17.8		4c49d2545143eed73a806546f16f253a22b82e39
software.amazon.awssdk	codestar	2.17.80		8f284bc59629dc3bb088275a3f955c3eee5bf0d7
software.amazon.awssdk	codestar	2.17.81		e1f519eb9352cbf02f6d38933614d92cc6a7a8bc
software.amazon.awssdk	codestar	2.17.82		7327d5e23e3adcfdf564d7b43ada256e50645cc4
software.amazon.awssdk	codestar	2.17.83		a829e31309a193de1d9496cb2f62837eab9b6d4b
software.amazon.awssdk	codestar	2.17.84		27142c3a4e9cc87563eb6fc640c63cc467a3303b
software.amazon.awssdk	codestar	2.17.85		47ce1a9459add5ca810e605bb4eaca5c50e31d6f
software.amazon.awssdk	codestar	2.17.86		c1b2693ad8c80358e1d8ac634bf254434f8e79e1
software.amazon.awssdk	codestar	2.17.87		5a4d64e10ec12eed5030d95c994e89fd7c121445
software.amazon.awssdk	codestar	2.17.88		a3b68dd4a8e4ee3799c3c334735d21540d6a4b04
software.amazon.awssdk	codestar	2.17.89		0f6747bf3e361226ecf9d9a37d069414f322cbe1
software.amazon.awssdk	codestar	2.17.9		f03d75bd204f1a553cc115ccf9b4dc8cede80fed
software.amazon.awssdk	codestar	2.17.90		a9514cdfe46055dc85fc6776e4fdadedb4a9b899
software.amazon.awssdk	codestar	2.17.91		ad56477845fce0d8390465311580797685b52eb6
software.amazon.awssdk	codestar	2.17.92		2fb8039b5785e583080b3717d562edb78935dcee
software.amazon.awssdk	codestar	2.17.93		8cfb883865890011ea19d62c3d810f15efb447ea
software.amazon.awssdk	codestar	2.17.94		5863d68e55ce3045dcac4068277b3c4c39483fa6
software.amazon.awssdk	codestar	2.17.95		1a6be9bd9f40959ab022a512334fae0958408f18
software.amazon.awssdk	codestar	2.17.96		5e1eb9351d545ea5251f7e51e159b603f8476ab3
software.amazon.awssdk	codestar	2.17.97		6653dda6e6ccb25122457053944ca2a25aa76daa
software.amazon.awssdk	codestar	2.17.98		bd8ccf63c6ba632fb69b9af39fc063ac5b2d0cf7
software.amazon.awssdk	codestar	2.17.99		5be7bc04ad3d47127a69abaa9f49429384cc9019
software.amazon.awssdk	codestar	2.18.0		140129ad074974a040e1317a0972007a9c2544f2
software.amazon.awssdk	codestar	2.18.1		8c6a5e116c77adbd83a1cb974b5eccb816cfaec6
software.amazon.awssdk	codestar	2.18.10		79c278665d683a8840e97e5d0714c1ffb7206966
software.amazon.awssdk	codestar	2.18.11		99fc91f90d8ffce4faf911466ac537a4323bea72
software.amazon.awssdk	codestar	2.18.12		718e02fa6bb6aa42d9a9fade02b942d60f4d4636
software.amazon.awssdk	codestar	2.18.13		354ebd4958492387fc5b11a5276d70f7d8bd6918
software.amazon.awssdk	codestar	2.18.14		2c20a3a05604ab97bea559662376ce4ad4b2097c
software.amazon.awssdk	codestar	2.18.15		ac8e37a1c91d5d562ca6daf88fa4d2043c89a190
software.amazon.awssdk	codestar	2.18.16		6a5d0687c23d4dd9e085951c313b6bb8aa7b5fb3
software.amazon.awssdk	codestar	2.18.17		9ccf08cae5f10eeec8b40097b6125029a4f981d6
software.amazon.awssdk	codestar	2.18.18		9d0f8f7f7fbae68eff6b1625d468f8d4e5d555f0
software.amazon.awssdk	codestar	2.18.19		eb7936b67c3f039c40f210943777f4466c436668
software.amazon.awssdk	codestar	2.18.2		50f87afbfd6fe9ca3595244c87d21f23635480a0
software.amazon.awssdk	codestar	2.18.20		3b91febbe9b5cf7ef0bd0362b6198bec75a9a740
software.amazon.awssdk	codestar	2.18.21		44a3ac4c216be9e3448aecf080f7c28bf585239f
software.amazon.awssdk	codestar	2.18.22		a9fc39140c23beb65bc7f587deed431ee9984ddb
software.amazon.awssdk	codestar	2.18.23		4fc6dd0108fa7be3119249f7ccf9f8f5c7ccbfb0
software.amazon.awssdk	codestar	2.18.24		dd95ca65d643d57a625c0b8907e4131c5deabce3
software.amazon.awssdk	codestar	2.18.25		2143de1d0a2caf93676d94eef6354bd2cec1aded
software.amazon.awssdk	codestar	2.18.26		962e8b6a584188d4c0db61e261ce8e3b36328f1a
software.amazon.awssdk	codestar	2.18.27		4683c241bd0ba2bb11d00e7959ebdd55dc07eb06
software.amazon.awssdk	codestar	2.18.28		c4cbbf3c474f8ec28c5eacc1a3cd02fb272fafa4
software.amazon.awssdk	codestar	2.18.29		7bb030fd0424e9231ba0382067e7b4621682fed2
software.amazon.awssdk	codestar	2.18.3		6b24e62549211e982cfa619224d0f53368a8e01a
software.amazon.awssdk	codestar	2.18.30		13bc5ef5b772da62ba581c890db66f02905ce943
software.amazon.awssdk	codestar	2.18.31		a0f15e0d4f704cf81da0d5ab91dcc5abc15980c6
software.amazon.awssdk	codestar	2.18.32		c26806d0d5f684f933f0aa9eb5e5b076fd44c5b8
software.amazon.awssdk	codestar	2.18.33		9e5eea58ceec15c430574002fccd1a75ea89b567
software.amazon.awssdk	codestar	2.18.34		38ac664558e2b0b94270134049a974e8c6feef07
software.amazon.awssdk	codestar	2.18.35		b016399b366c15e057f1f3c2f4a2e088123168a1
software.amazon.awssdk	codestar	2.18.36		70c5acc9baec6c9b784bc21971548a02c7681437
software.amazon.awssdk	codestar	2.18.37		e913dde84d68823eaad8cee25b8fe7df37fec347
software.amazon.awssdk	codestar	2.18.38		1052873403e0571c7894e1b4f7f3648ba938525f
software.amazon.awssdk	codestar	2.18.39		41fe7f4054837619ac25af3a6c15030ad31ad928
software.amazon.awssdk	codestar	2.18.4		34998c0e5fb87cc5ce876d6e9bd105528bc2f5af
software.amazon.awssdk	codestar	2.18.40		67cf6e6cb09575f0e8a0468f4aa864740ad9c521
software.amazon.awssdk	codestar	2.18.41		af5d364b614679fcf61f8062a5a0188417b7b87d
software.amazon.awssdk	codestar	2.18.5		9109c2ba55871c46d329c513e92bbfa8b736a6bb
software.amazon.awssdk	codestar	2.18.6		d383d8e453cbc1bfd7d116263c3e726f6a7aef1e
software.amazon.awssdk	codestar	2.18.7		df55816a11c63d84e53a347e32ef5123b6efb204
software.amazon.awssdk	codestar	2.18.8		dcd45e487d5e75073988fc08849ce778bc1559b2
software.amazon.awssdk	codestar	2.18.9		6dde42c0918f299dab04f2eaa8ffecb9bc7016c9
software.amazon.awssdk	codestar	2.19.0		2ef7dcf540d1ff4ae51095a6abd1ebba60df4b7c
software.amazon.awssdk	codestar	2.19.1		1e9b02cf7b5b68c6a03f7121b4f7cde799cb6981
software.amazon.awssdk	codestar	2.19.10		26071898f943ec0438df93b5174cb2ec0a8b7fa3
software.amazon.awssdk	codestar	2.19.11		5b382798fa0742a07414c7b96308c3002da245cf
software.amazon.awssdk	codestar	2.19.12		163f1c385bef774b711f32221eaab4336f600bec
software.amazon.awssdk	codestar	2.19.13		6e785fb773548c0f4aeebc1d6019bb1ddb987a6d
software.amazon.awssdk	codestar	2.19.14		c86de1a5419a6db0a2842c50ba878ee1b8921b7d
software.amazon.awssdk	codestar	2.19.15		636366bd650aa1164d34fe48d02e0e3f588cf258
software.amazon.awssdk	codestar	2.19.16		5ddb1b6f79260265e1a6c4e59e3379d0522ea5e9
software.amazon.awssdk	codestar	2.19.17		4810ed5ba557b4d1e79d65bca132ceb84b1ee1bb
software.amazon.awssdk	codestar	2.19.18		b6e96a942c618a03b74e1de66aa0fca5073c50ed
software.amazon.awssdk	codestar	2.19.19		102c8b9bd6d5b39b99cee5f52012c8f730fb50ce
software.amazon.awssdk	codestar	2.19.2		710eaa7b7a93c8e759fa671b0acb5bb210447e31
software.amazon.awssdk	codestar	2.19.20		2852b51bed0df288e61d9169eb82322180cfbcef
software.amazon.awssdk	codestar	2.19.21		f06e5fb746ff6cde8d3490f92908fa098ea2e623
software.amazon.awssdk	codestar	2.19.22		38f2d1609a3a2e2f91118703698b3f7c25bf5b29
software.amazon.awssdk	codestar	2.19.23		8ce95c8cfa61840191bf19b333cce7977280eda3
software.amazon.awssdk	codestar	2.19.24		c90290460031b0cd4b91c6e7949c5ff087206af0
software.amazon.awssdk	codestar	2.19.25		e6d0a54dba5acb517bcb5d27287eda8286e03679
software.amazon.awssdk	codestar	2.19.26		1cce8c7f42499ece42358da4c5d49e8ba0d6a502
software.amazon.awssdk	codestar	2.19.27		a5a06bb8164b40796f79f0b6cdae11a531a4592e
software.amazon.awssdk	codestar	2.19.28		d5ebb0bebede5e73b0b0849c014d926f4d22169b
software.amazon.awssdk	codestar	2.19.29		d8d9ad4a3f9a286a61d42c0ad097a9e78a4c2bd5
software.amazon.awssdk	codestar	2.19.3		113f4d14a0ceb656950a1767a9d657be490ea5b9
software.amazon.awssdk	codestar	2.19.30		736b4f4c70bfa0a22bbb3f3bddafaea810ae3c7d
software.amazon.awssdk	codestar	2.19.31		e4c5936d52023df26954ffd15a17f09612ce46c5
software.amazon.awssdk	codestar	2.19.32		aecef159943160f5f5bb59bee438f47bbc208aa8
software.amazon.awssdk	codestar	2.19.33		5a6eafd9ee31d56d23e3695c30a1d2e1012a7973
software.amazon.awssdk	codestar	2.19.4		4ec55575f03c509c8bbe0cc44a0fddd14e944fd3
software.amazon.awssdk	codestar	2.19.5		a49871c8acf9758f12b93780d37168e61b3774eb
software.amazon.awssdk	codestar	2.19.6		59fa45ed5a3f9fd2891a1be42f6878a4aa5e2981
software.amazon.awssdk	codestar	2.19.7		33a449c667abc5be03574bf854c63c25e2073ce3
software.amazon.awssdk	codestar	2.19.8		499aff5fb39e54729904f3a0bf9be13373e5e797
software.amazon.awssdk	codestar	2.19.9		6dbcb09a80e505f16aa9e904f3449b8ed9e0f929
software.amazon.awssdk	codestar	2.2.0		c43c964eb616df18249bf3956c5c09ad33bbd462
software.amazon.awssdk	codestar	2.20.0		7e1daecf5597d8d87a9e04074dbc8b04cc3e7263
software.amazon.awssdk	codestar	2.20.1		b4ce4a575ec05fe6d2e7ea96c88dad1297d55228
software.amazon.awssdk	codestar	2.20.10		254d251c47dd1f90995fc108d3e7b0101ae5a207
software.amazon.awssdk	codestar	2.20.100		975962fcdbdb53f382696d53186e27994a103067
software.amazon.awssdk	codestar	2.20.101		bc473fc43fb65c3f2a5b53d785758482ce4e8bab
software.amazon.awssdk	codestar	2.20.102		93e6b3af00feecdab6dc014e02d166d646e1d4a3
software.amazon.awssdk	codestar	2.20.103		8a10388343754b4c5c35608500c13b99522880c1
software.amazon.awssdk	codestar	2.20.104		c4bace413b81799da158af07202d887748f07d04
software.amazon.awssdk	codestar	2.20.105		b73367d7cce79d659e64e777da04899815cecb9a
software.amazon.awssdk	codestar	2.20.106		b1f0a055019dc2ff4fde2e216f82128bfe81cefe
software.amazon.awssdk	codestar	2.20.107		b00efeee0770a0ab21236587ff426bbe0c198370
software.amazon.awssdk	codestar	2.20.108		85e0460dc54e5c511426420b2a21b33bf52bfa12
software.amazon.awssdk	codestar	2.20.109		32e26fbba8c1367cb466c0fbef787d57a6c762a5
software.amazon.awssdk	codestar	2.20.11		fad18a61077a2c05a104e3b7da2c060a743a48c3
software.amazon.awssdk	codestar	2.20.110		d6059a0151bac45b083cfa0a84396cbcc1f5ffdf
software.amazon.awssdk	codestar	2.20.111		1c4cf013262c143f6fa3001cdfcd41577f201d25
software.amazon.awssdk	codestar	2.20.112		b5f0ed4c3591423ef4fbbeac9f04c1ae3c26416e
software.amazon.awssdk	codestar	2.20.113		b7d2d4a3468c9048ddc179b4bad1042b19c45446
software.amazon.awssdk	codestar	2.20.114		ad73e51e69a927076f7e2d70a7485c29b1f3e38d
software.amazon.awssdk	codestar	2.20.115		b92e74b0e504df90411a055b7e04bcb8857b9108
software.amazon.awssdk	codestar	2.20.116		6b8cb2d4396dbf602e6259548ddf5e0097341744
software.amazon.awssdk	codestar	2.20.117		9a7bbebb46324d6ba9580418cacaaf8366603fe0
software.amazon.awssdk	codestar	2.20.118		370ac72225d95331772446cba6ba10ec6002317e
software.amazon.awssdk	codestar	2.20.119		97c42f3beea1c8ef3d87f45d3614489463549308
software.amazon.awssdk	codestar	2.20.12		d44167f0afea973ae2da900edf291e125123a200
software.amazon.awssdk	codestar	2.20.120		19c25ee4b385a526ed6f1060bcd9a68cfa95808d
software.amazon.awssdk	codestar	2.20.121		01a2c84df1ee32655bb7bd9b740323cd0079acf7
software.amazon.awssdk	codestar	2.20.122		cab670b38725c64e74396c525ce2ba8d907ebec7
software.amazon.awssdk	codestar	2.20.123		66468a1eec626195a7795d75251e0fd4a132a637
software.amazon.awssdk	codestar	2.20.124		d3c3e8e870a0ef431451cdb60ba67b82a5df1f16
software.amazon.awssdk	codestar	2.20.125		8b6f60a76620517762ffeffd730a5be5d8c56f3f
software.amazon.awssdk	codestar	2.20.126		a77c5833fb8af987fefcc1a03813c6283b078139
software.amazon.awssdk	codestar	2.20.127		72e1f09dea969707e6104577927bcaa6ef2959d9
software.amazon.awssdk	codestar	2.20.128		3aaadde0596c4c4aeb060f5d53b9599185fe5ce3
software.amazon.awssdk	codestar	2.20.129		cfe3468a3cc2b72e06d3935feb95cbcffbcd5ce3
software.amazon.awssdk	codestar	2.20.13		9e2028e4c787543576c5261da13dc849843dac1c
software.amazon.awssdk	codestar	2.20.130		d0a84ab547da4bb227331b8da8e5baaa13ce0b38
software.amazon.awssdk	codestar	2.20.131		f00d05b31afe69e81b238d16fad608931bc301e2
software.amazon.awssdk	codestar	2.20.132		18b0641ba9c40598d1919a94650e8fd634ff9a51
software.amazon.awssdk	codestar	2.20.133		d9d246a71ac5bf55060e3cb8c0476e8c16c13117
software.amazon.awssdk	codestar	2.20.134		55dd90970d848da536a97b5804560ea2d13bc349
software.amazon.awssdk	codestar	2.20.135		c80b18d53f9d9f9a30d4dafd28e0f8d48251c0cf
software.amazon.awssdk	codestar	2.20.136		8c78303ff6992288752ac1997151b930e2cf70f5
software.amazon.awssdk	codestar	2.20.137		adfd2662e5dec88b5c0ada13a4c6dcc5e2f40187
software.amazon.awssdk	codestar	2.20.138		0e8fb005c280ade7d107b9ab77e71699e653b753
software.amazon.awssdk	codestar	2.20.139		e6fb58ead818a3d9a41f93c17b885fbe4de5d579
software.amazon.awssdk	codestar	2.20.14		882d7f83aead062102e23e0ea191986cfb1cc19d
software.amazon.awssdk	codestar	2.20.140		a0ea387af9017617ba46381c0071122d921643ed
software.amazon.awssdk	codestar	2.20.141		8ff1b1d52ecd9c85fd3643f0b4f1e058666c9649
software.amazon.awssdk	codestar	2.20.142		c199a9a95c5a69062002d9e385672f5094df5ab3
software.amazon.awssdk	codestar	2.20.143		f90ba58b9b66dcafe6ea681e6a7b005aadb02ad0
software.amazon.awssdk	codestar	2.20.144		0ce9bc8280bd51463107db3acf4021c0c1768e59
software.amazon.awssdk	codestar	2.20.145		8f7c7c7aefa23d46754e06a83e58b4cd41e66401
software.amazon.awssdk	codestar	2.20.146		5b7d2dfd73874be38c52e18d25650ee6cd165092
software.amazon.awssdk	codestar	2.20.147		946c9ff6f1148caaf530091b0b23d04418018b4e
software.amazon.awssdk	codestar	2.20.148		bcd31893ca53bd465087296d642925b68ee0c4f9
software.amazon.awssdk	codestar	2.20.149		f21bd1722ffe94ddb8504401ddda362673772513
software.amazon.awssdk	codestar	2.20.15		56dd6923fae69f9e364b953593aca882062bb17b
software.amazon.awssdk	codestar	2.20.150		719689359a2cb4e0909a0978617c93bf407f21a9
software.amazon.awssdk	codestar	2.20.151		bf5d17d7c2406815bef1655de754a093077c21cc
software.amazon.awssdk	codestar	2.20.152		b677a460bfd86e3bca3619544c0c54893510795c
software.amazon.awssdk	codestar	2.20.153		3af24c06e394bc8d28d7ae52a061fa90311cd012
software.amazon.awssdk	codestar	2.20.154		38a1402c220eae9b8fb214866ce54bdfdd97ef61
software.amazon.awssdk	codestar	2.20.155		e4d88030940572e5cd015de86d07b78563a191a7
software.amazon.awssdk	codestar	2.20.156		1caa831ab94be9d07b9bb5487011cbef99b2ef78
software.amazon.awssdk	codestar	2.20.157		6a800fa7441905463126fe2b94350b5e0434baa2
software.amazon.awssdk	codestar	2.20.158		8a247e00bbd9112c7e94b5e559957eefd84e0611
software.amazon.awssdk	codestar	2.20.159		8c2f361f4368ecf7044151a83b89c5e3c6a058a2
software.amazon.awssdk	codestar	2.20.16		8863be6a94b24efb74f42696a62333e7ddfa8ba6
software.amazon.awssdk	codestar	2.20.160		ef118760b469e4892e0c00e88d322400bb38884a
software.amazon.awssdk	codestar	2.20.161		4f8e19c2cf6d5cfb815a48772e3effaaa77377fd
software.amazon.awssdk	codestar	2.20.162		74ce1aab4cfd41f8a38638e18acd121fa11980ea
software.amazon.awssdk	codestar	2.20.17		0666d3f13583ad4dfa009fdd72feedec9ace4f5e
software.amazon.awssdk	codestar	2.20.18		bf6cf4a2adfa99bc9c6825852dd6cf7a37ec3fab
software.amazon.awssdk	codestar	2.20.19		8ef2095df2502ca5d67f05cbc61c9d504deafb81
software.amazon.awssdk	codestar	2.20.2		e6f4a5ac450123e1dbcefac467a033c14137afa4
software.amazon.awssdk	codestar	2.20.20		cee1c4aaf8b58dba3466af2f4d2c08741e1c247f
software.amazon.awssdk	codestar	2.20.21		0eb2e30ed69e5e400923ec058460c0f4c455ea0d
software.amazon.awssdk	codestar	2.20.22		1d4bf919507aa4ebaccde5d6a40c08e4d317addb
software.amazon.awssdk	codestar	2.20.23		bbda6eb6df1e5583cfd17fc6e90c6bb299315c02
software.amazon.awssdk	codestar	2.20.24		5574eb492b1b63dec9d50b238936b6593dd8c61f
software.amazon.awssdk	codestar	2.20.25		8f614a8a71b8f4b08a760b5c35bd03ceaafe91be
software.amazon.awssdk	codestar	2.20.26		dce7eda5591044cbe04f804fc0f2b88c8ec52aa9
software.amazon.awssdk	codestar	2.20.27		e6e3e2a3b93bb36f4d657be7437316d0cb2a38a1
software.amazon.awssdk	codestar	2.20.28		e1d736d5800bc839ae8f469ee81fbf477898fddd
software.amazon.awssdk	codestar	2.20.29		873b842b58cece1fd840c6094ed4c772cdf4227c
software.amazon.awssdk	codestar	2.20.3		71f99ee57535887c9ab125174b179a6ed9204ca0
software.amazon.awssdk	codestar	2.20.30		12422df7b45363d3f90f7ba5683240701c19a76f
software.amazon.awssdk	codestar	2.20.31		1cadbda9a270952d2053437d7c46388082d9c6c6
software.amazon.awssdk	codestar	2.20.32		b8fc0a545773a9a21e09ff5534956babb66779fd
software.amazon.awssdk	codestar	2.20.33		3c101933466514690aa12388cec664bf5154f8d7
software.amazon.awssdk	codestar	2.20.34		5dd953f31796234f19d6b89829224cac69ce7020
software.amazon.awssdk	codestar	2.20.35		2a5dd9e218149d09e5bb596fce30c68378001593
software.amazon.awssdk	codestar	2.20.36		d75ce1d0a9806904594c38d9e5178fb8c9be693f
software.amazon.awssdk	codestar	2.20.37		f4c76655b84aaf2c2287fabf8481b5fd32efc892
software.amazon.awssdk	codestar	2.20.38		c194e4a3617f594cf8a7d4db312bae5e12b940b7
software.amazon.awssdk	codestar	2.20.39		7d136619e5778ff82e5623f4a5412d68fe84fd75
software.amazon.awssdk	codestar	2.20.4		551c71758624f19e9c57ebd055fd95eb4d0b5e47
software.amazon.awssdk	codestar	2.20.40		84e83e5bf24d7d1da7b0c910e5c6210cbd42529c
software.amazon.awssdk	codestar	2.20.41		aff8023166084d6b17adbd29f4bbd120e08b7e47
software.amazon.awssdk	codestar	2.20.42		2c538a208aef692e31db5a38d80193c47e36ee22
software.amazon.awssdk	codestar	2.20.43		527f9a24aee55ca4f7571c564d4c68592e4435f2
software.amazon.awssdk	codestar	2.20.44		409db492aee75d6c8fe6fcfb1eac9ebc203c61bb
software.amazon.awssdk	codestar	2.20.45		591a337e0fbb8a290865944b7217b5d4e67353d0
software.amazon.awssdk	codestar	2.20.46		e3e705a54c15d58ad799af8921b7022ee4a127e6
software.amazon.awssdk	codestar	2.20.47		d17be0e1ca3444875ecb3b5c4f71df76d8b50af0
software.amazon.awssdk	codestar	2.20.48		58df8dd1c094bb6a2e0774416ad4ffce3ec51a89
software.amazon.awssdk	codestar	2.20.49		622cfe1ae1bb0065518453428544b3221b81e97b
software.amazon.awssdk	codestar	2.20.5		6165319a71ec2c4a71870cb167788ec20fbe9cd9
software.amazon.awssdk	codestar	2.20.50		08f210061dea5181c8fb5f9512c4a9c52bdff21f
software.amazon.awssdk	codestar	2.20.51		25a6b483585f55b764d23c84a24320f03e7a02bf
software.amazon.awssdk	codestar	2.20.52		832497af9e7ab6f587d8c87875aa71e8733245b8
software.amazon.awssdk	codestar	2.20.53		b58f066f2b2c6a21a92fac32ad7c73b2ee2281db
software.amazon.awssdk	codestar	2.20.54		d330d22eecb04f2f21aab38fe0ded6e5e7bdaefc
software.amazon.awssdk	codestar	2.20.55		326d9f7b081faef39d3ef52497748428c568b4b1
software.amazon.awssdk	codestar	2.20.56		4535ead07889e4fa376ac29b77075a7a2afe4b28
software.amazon.awssdk	codestar	2.20.57		97b9a25300c6e87da02c67910b0b33102ec875f8
software.amazon.awssdk	codestar	2.20.58		561d4445c1d6bfc61946c3fd08bab8b07587f351
software.amazon.awssdk	codestar	2.20.59		0d0d683c3482a9beb1b79761b40e980ce74f9b8e
software.amazon.awssdk	codestar	2.20.6		b35da59994b4bb83f735b34e1d0a085e9fdac105
software.amazon.awssdk	codestar	2.20.60		e6a51aba7dcb8b87808aff201c380bb3f856cbf4
software.amazon.awssdk	codestar	2.20.61		5e0691a532c7c907d7674a49d35db4c48d247485
software.amazon.awssdk	codestar	2.20.62		079079e4a0af23048cf553bdb7f666a6705cbb3d
software.amazon.awssdk	codestar	2.20.63		fc3cc4b8d66590088687c8f9583a73b7893f58ad
software.amazon.awssdk	codestar	2.20.64		13aab04a6469c6f849011d8323f135c38e9526c3
software.amazon.awssdk	codestar	2.20.65		e3c537f8dd7a40047851e22ed02df63439457de5
software.amazon.awssdk	codestar	2.20.66		d07e81dc6466d16ae5b5d22d7e8baed725b994f4
software.amazon.awssdk	codestar	2.20.67		61ae73cba0ed64baf127dcbb404bbf1ace87897c
software.amazon.awssdk	codestar	2.20.68		f2065ede2180b4488a56dbfcf0da96db244a260c
software.amazon.awssdk	codestar	2.20.69		72db57395bfdaf177498b6dee271115232e2c222
software.amazon.awssdk	codestar	2.20.7		0fe6b9617a9973785c1f19e06647a0f5aebb56b0
software.amazon.awssdk	codestar	2.20.70		a9bfafbe9ee1d5618402a9cd9fdc117c15db5965
software.amazon.awssdk	codestar	2.20.71		9350deb5a574711ca37b337c1afacd0be4a09548
software.amazon.awssdk	codestar	2.20.72		68c11f4572089eb61c0ae360295659d053e0f4dd
software.amazon.awssdk	codestar	2.20.73		a2af56a114a1c44fbb03f2dd3a8445eb1def1c9b
software.amazon.awssdk	codestar	2.20.74		10293151956e85d555d4e19975ebe9b3b26f5b7c
software.amazon.awssdk	codestar	2.20.75		401521ff99eed772ce0bf4e40d75199b67d9c385
software.amazon.awssdk	codestar	2.20.76		ad6519c6a728a804f09c5da29095d265a0f44d5e
software.amazon.awssdk	codestar	2.20.77		7a4d8953bce3c01e98969ba932e90c67f1ebca75
software.amazon.awssdk	codestar	2.20.78		9005738c5e89d0263e8f0b431a309d429a244437
software.amazon.awssdk	codestar	2.20.79		18f709f1d7286cca61fdbe7031dd6f50383750dd
software.amazon.awssdk	codestar	2.20.8		334d9fe9620e655b3103073f381d15f5b80f114a
software.amazon.awssdk	codestar	2.20.80		9cb4d3fc1bd79332b997cf7fba0cf1900c664adb
software.amazon.awssdk	codestar	2.20.81		8de2f2da8a3dbb4906711f47c4f05164b204f3e2
software.amazon.awssdk	codestar	2.20.82		c4c3a7c9ab16ebadb83115e6c413d0b366439a27
software.amazon.awssdk	codestar	2.20.83		9f8bbb41efb33cc0a0c573bb20e5dec25817d574
software.amazon.awssdk	codestar	2.20.84		7c199e6702f95e294b0d32fd07aea51e5fe8531d
software.amazon.awssdk	codestar	2.20.85		8b99447887c1db7218401b457e138016aff88aff
software.amazon.awssdk	codestar	2.20.86		e10b667017e96c90343c1235a6a631c4263fcfdf
software.amazon.awssdk	codestar	2.20.87		b3884e1ff9f87026bc7e28db60b2bd5c93b55414
software.amazon.awssdk	codestar	2.20.88		cbe1b004bca4d46798fd22242d46956280ff3ff9
software.amazon.awssdk	codestar	2.20.89		810923c7af958481685efa884133862d50c676f3
software.amazon.awssdk	codestar	2.20.9		43a5f41a5a7914b712b4630217578c3075ff2b8b
software.amazon.awssdk	codestar	2.20.90		9e61fd7514d4b0e657aeb7d53e472af418a24813
software.amazon.awssdk	codestar	2.20.91		05dd99a0c0f6def885a8b8988840da22ccac6fbd
software.amazon.awssdk	codestar	2.20.92		430f1c49ce5d38bd5583cfb1bd1c2d248a38559e
software.amazon.awssdk	codestar	2.20.93		dd000eefc571f4e54863bdf4b87ba968bfdfe7e4
software.amazon.awssdk	codestar	2.20.94		f8fb0b63342648206a7b41eff354a3232ecf39d9
software.amazon.awssdk	codestar	2.20.95		e1496cd8d36bcbf7494f931c35dbd3a27dfd58b7
software.amazon.awssdk	codestar	2.20.96		cf6eafcada16b82fad9e476d5e435f8c36b3df9d
software.amazon.awssdk	codestar	2.20.97		744da695739cd709ba2cbe067c28f9518d0f4172
software.amazon.awssdk	codestar	2.20.98		a45fc61ccd6267cbbc59e71b734d0fe439ec3c42
software.amazon.awssdk	codestar	2.20.99		d69d457f20f328222847ff42f063e14594d0ec57
software.amazon.awssdk	codestar	2.21.0		c02e759488a8cb3ea18ea5fee04bfa635845a741
software.amazon.awssdk	codestar	2.21.1		59a0be504d360f34728d1628038b30cbec930929
software.amazon.awssdk	codestar	2.21.10		2a5883869a7de9f0d23ec766eb9fa7fdb012b8b1
software.amazon.awssdk	codestar	2.21.11		3b2cfbce947b756b5f5d0b1db3adca970919e39b
software.amazon.awssdk	codestar	2.21.12		2fd8644dd7887e91de33e6fe1ed24ea723167da9
software.amazon.awssdk	codestar	2.21.13		41d5727967b0de00c3f88f09bec435281335d206
software.amazon.awssdk	codestar	2.21.14		c9520774856a9e7a0954633f0c6f3612b658e620
software.amazon.awssdk	codestar	2.21.15		7896b511266ac95c2caa29e64b864c216e94bb17
software.amazon.awssdk	codestar	2.21.16		c468663104b82e688e872507ecbf1fa2b506fd50
software.amazon.awssdk	codestar	2.21.17		4802a0b65a1ebc12f271267fdd4f5850ab324c28
software.amazon.awssdk	codestar	2.21.18		975e6f7af7ae0699b7089e186fc9f19ef7038a6a
software.amazon.awssdk	codestar	2.21.19		635437c5c12054719eaffed7c66e36cca2ddf98b
software.amazon.awssdk	codestar	2.21.2		4ec95b72e4fd5cf774db62d68d22c81d7318c21d
software.amazon.awssdk	codestar	2.21.20		64843c720c2fb2cfed734fcd57044bc11b27410c
software.amazon.awssdk	codestar	2.21.21		accda4146f542a9061fa3cfa7f1a0f3f0253815d
software.amazon.awssdk	codestar	2.21.22		d8d0281d7e8ebcf6d13ffc41a48b4edbfd8c8e2e
software.amazon.awssdk	codestar	2.21.23		40d20c8e4e9d0e78fadebacf375e2b81ada79f8a
software.amazon.awssdk	codestar	2.21.24		8215f549a3f84158787caa151e237af8d771c2e0
software.amazon.awssdk	codestar	2.21.25		d2e8ae778ad78c719ed3706e8aa5a24f9a85909d
software.amazon.awssdk	codestar	2.21.26		aee5e74fddc1ac54168ff0e490f27177e5590dbc
software.amazon.awssdk	codestar	2.21.27		fa4cbd60d0b66f898cb09f073268195411d28d77
software.amazon.awssdk	codestar	2.21.28		c5315d229ce76f17f11288b06a9c16f2809a92a4
software.amazon.awssdk	codestar	2.21.29		55bf5f20f6b362b2dc6350041731a91a8a032453
software.amazon.awssdk	codestar	2.21.3		d9a6be1b89abcecb88a24f0998aed38169b25497
software.amazon.awssdk	codestar	2.21.30		b45fd791af9ad65c05493052720b6b27e286a5a1
software.amazon.awssdk	codestar	2.21.31		a7991a3c2555f74160744ac2afa4fa46c0a93a24
software.amazon.awssdk	codestar	2.21.32		d1e0d8d9b575f1339c7232901be6d0a8470c5068
software.amazon.awssdk	codestar	2.21.33		3531c543db85b42970b27175924707f2e1d6efab
software.amazon.awssdk	codestar	2.21.34		ff6b06d8b1ddf55ecc4349f62a14b2643e5dcc75
software.amazon.awssdk	codestar	2.21.35		716851a5632d79de9d62641fdf14d39fdf7e2374
software.amazon.awssdk	codestar	2.21.36		04da88fe8f1488ff6a19cc3a187ea19d205d4608
software.amazon.awssdk	codestar	2.21.37		08dc0d3237ab6b33d4585831295e4783bd15affa
software.amazon.awssdk	codestar	2.21.38		6e4fddf3a2a3c488636f6cd1b97f37c29bc8b46a
software.amazon.awssdk	codestar	2.21.39		b236d23f44aee03f2008432997e621acec9991e6
software.amazon.awssdk	codestar	2.21.4		c450e9e896779d180f4da33c7c2217e1edbf0654
software.amazon.awssdk	codestar	2.21.40		7802be60d749e930538b16cc5c58a7e5d37294c1
software.amazon.awssdk	codestar	2.21.41		de8d6e9087683f783c57c16dae801f85687468ba
software.amazon.awssdk	codestar	2.21.42		8ac5136331673a7b08010a4894121b6b064dabd1
software.amazon.awssdk	codestar	2.21.43		9f4e71debc44161e6f0de20193b162df07db61c4
software.amazon.awssdk	codestar	2.21.44		19d57bf99eb603a2ef0b6b8f9c82452a7e5531aa
software.amazon.awssdk	codestar	2.21.45		72e7d5cca21f487a9ba7d847bcd6d2ab1e4a207f
software.amazon.awssdk	codestar	2.21.46		a1bcdbf2194d3c54de4ef039352eae72d139d1cd
software.amazon.awssdk	codestar	2.21.5		e7390719d2a444660f4e07b28d1b6b6903e5bebf
software.amazon.awssdk	codestar	2.21.6		8b49c3f5d492a14b9e9a7275e70d81d35f230275
software.amazon.awssdk	codestar	2.21.7		49cffd1aebefbe669d6325f0a70dd8ed54b0e190
software.amazon.awssdk	codestar	2.21.8		007746c0a43c9f4240ac7bc2681d29d20a750b49
software.amazon.awssdk	codestar	2.21.9		0eaf01681e2e99c0ea05b0fb94dc08baf2d4c3e6
software.amazon.awssdk	codestar	2.22.0		e9e5bee46f66cbf998fa4d0c6fa92bf791264fc9
software.amazon.awssdk	codestar	2.22.1		9ec8f4ba28f820ee70dba111cb1b8c64a8333769
software.amazon.awssdk	codestar	2.22.10		3b3cbebfbfe5adfbd5b5433e598c9844eb20476a
software.amazon.awssdk	codestar	2.22.11		63ba1ec9da3c944c4a4f1d5df1261a64cfd0be41
software.amazon.awssdk	codestar	2.22.12		8b463ca42ced38140ad15351c32594d985782bd0
software.amazon.awssdk	codestar	2.22.13		5d4a84880458e0acf686608b41a78dffbe70f91c
software.amazon.awssdk	codestar	2.22.2		bc2983cdcfb07c4ebc7b32c40c5e8abfcfde2965
software.amazon.awssdk	codestar	2.22.3		09c2ca57cfc4a72e247198453149defb0aca1d49
software.amazon.awssdk	codestar	2.22.4		99000bc5a68d015f2688be597531ea15af9e2a17
software.amazon.awssdk	codestar	2.22.5		47a613188d81fad52814bb18c8aaeb29c603e340
software.amazon.awssdk	codestar	2.22.6		ade4e77ea0cd544cdb2a3a624e1fa7bcd1537134
software.amazon.awssdk	codestar	2.22.7		6e62a780d8931648a140681121ab895ea68f0eb2
software.amazon.awssdk	codestar	2.22.8		606bb06d44dc55518489ebe511f554c858be5a1c
software.amazon.awssdk	codestar	2.22.9		5d80e2b5e433a7df3f2f869f7af7d6323745855b
software.amazon.awssdk	codestar	2.23.0		fa55c32105733fed39561475052146ebd2d60823
software.amazon.awssdk	codestar	2.23.1		82a6e2adbdf10b54d228b2f76146b0b9034de189
software.amazon.awssdk	codestar	2.23.10		2f85d3ad5d5f283eaa83058e3f6894661d75af38
software.amazon.awssdk	codestar	2.23.11		0897b8df4dbc48150b59a734e374306c69e7cad8
software.amazon.awssdk	codestar	2.23.12		8dad0bd317b3d8965c68c0fdfab8e16c0a2d6e54
software.amazon.awssdk	codestar	2.23.13		ec106636b1f45d533c9652e74185f2ed5e3c5ea9
software.amazon.awssdk	codestar	2.23.14		0b57757f75cc9dca0be05c8b410b551e8721eae5
software.amazon.awssdk	codestar	2.23.15		2dfde87f960a0129647092dc86defdec7e74f05f
software.amazon.awssdk	codestar	2.23.16		76df9c06feac1d58f39576994d84723b79012f2d
software.amazon.awssdk	codestar	2.23.17		f9295c955a987e348a231f7367f00cdf0c6360d1
software.amazon.awssdk	codestar	2.23.18		6345a4c4ea7efac03e116606548ba0b4060f5659
software.amazon.awssdk	codestar	2.23.19		6d5c16b51a5ffd9d3d41ca620a8881c7cdbf3cc2
software.amazon.awssdk	codestar	2.23.2		ea383b579362c20a1321d9651a72b25563a7f141
software.amazon.awssdk	codestar	2.23.20		12ecb0b1e1d68a4fb4453237a01337dc05995939
software.amazon.awssdk	codestar	2.23.21		55c50374c9a2abaf3d95309f06076f94c094f96e
software.amazon.awssdk	codestar	2.23.3		e536fafce3b72dbab9c58075d4e72dd49ff3c1dc
software.amazon.awssdk	codestar	2.23.4		e2d0fabdd0eded51bc2cc91e4493766dda1e7df4
software.amazon.awssdk	codestar	2.23.5		4169542751f1198ac0651e947c651491cf46a38e
software.amazon.awssdk	codestar	2.23.6		9958c00ae3139c0cbe2477147bf15e73aea6aa66
software.amazon.awssdk	codestar	2.23.7		e2d6c299f2117794635cc675f791631182f7c821
software.amazon.awssdk	codestar	2.23.8		a7fe19ad7c84bbbbd1eee753f35eeed9a1879121
software.amazon.awssdk	codestar	2.23.9		5b0558ddf98deb5156cc21ffd1d66332769175c4
software.amazon.awssdk	codestar	2.24.0		b96b20540cb2054d05685c309c177609e4e128bb
software.amazon.awssdk	codestar	2.24.1		f2c160b0d94b27a2b2179aadc1c172d5c311bfc2
software.amazon.awssdk	codestar	2.24.10		f361b7dd5200ccd5743deaf954a6270f9ac92d66
software.amazon.awssdk	codestar	2.24.11		f584a46c4e540f30028bb43b52a8c854976e9df3
software.amazon.awssdk	codestar	2.24.12		78c7f7d6be942194774aa247dc7584a54308953d
software.amazon.awssdk	codestar	2.24.13		279e0ec206d9c32ccab3a6a75bb40c1c81fdbc63
software.amazon.awssdk	codestar	2.24.2		a5ad416f5651a5cadbd951e729216f1d98ab13b7
software.amazon.awssdk	codestar	2.24.3		6561362523d5ad7c72c6ec18059c66d6b4ec836e
software.amazon.awssdk	codestar	2.24.4		0de382c5359078d9c1e1c18391218dd5661c5897
software.amazon.awssdk	codestar	2.24.5		33476a50ed1047486add74aa685615ad8c6eb102
software.amazon.awssdk	codestar	2.24.6		c307c5a18c36eae3f1281aba9bd143cb9d1107f9
software.amazon.awssdk	codestar	2.24.7		20d3595154b13cba2213c4c1f40532f90be4ed5e
software.amazon.awssdk	codestar	2.24.8		71c59079a3a35c4ac9436f1286b5e1e6fb575c83
software.amazon.awssdk	codestar	2.24.9		20eefdd0333a3039cf5e14db72a8dd214682a8e1
software.amazon.awssdk	codestar	2.25.0		04b8058b6a82515a14190a1a3c6f04334681b415
software.amazon.awssdk	codestar	2.25.1		2f9bc4715b2674230d6c5ccf06ecea172af1d0f6
software.amazon.awssdk	codestar	2.25.10		835e53a325ddb54f567e9c4665fa0b8ff968e8b1
software.amazon.awssdk	codestar	2.25.11		2bf5e5daa44e94d0592e38eb7bfd4ec49f5f71ea
software.amazon.awssdk	codestar	2.25.12		36b842c90493106ec35177739ee88e946e947a61
software.amazon.awssdk	codestar	2.25.13		a95749a7bc5a0c0b7cd6265b36cac526a8c95839
software.amazon.awssdk	codestar	2.25.14		d00537e25c93353b91b6c8ce2da6ec8d2e43bd4e
software.amazon.awssdk	codestar	2.25.15		3eb9ffd8819f0bd885af9f7635e76e98220a0d92
software.amazon.awssdk	codestar	2.25.16		b7a0d0c77604c2d4d9c522225a39f9434158d980
software.amazon.awssdk	codestar	2.25.17		2af62a1deee0fe91ff421b1f859bd6e91f53de22
software.amazon.awssdk	codestar	2.25.18		e8e1e32c92682bae8e9c8c7e8afe24e8b51cc28e
software.amazon.awssdk	codestar	2.25.19		60ead22864a7393c7f411ef2f457a2d15f6a0000
software.amazon.awssdk	codestar	2.25.2		b1ce0de0eb16f141b885862198cabc17e2628b93
software.amazon.awssdk	codestar	2.25.20		bc8ca1e87902799548473c0d4d57ecb1d127325e
software.amazon.awssdk	codestar	2.25.21		b78ea42683748ccc1712b377fcd7787093f629f3
software.amazon.awssdk	codestar	2.25.22		a0be7ced6c9b02c4362653424ef2dffa38a62a6f
software.amazon.awssdk	codestar	2.25.23		4665e7ad72d3d4a83570994dec3f88010f2f02ef
software.amazon.awssdk	codestar	2.25.24		c18ca6bcac556810d584f033ecc01bf90238faed
software.amazon.awssdk	codestar	2.25.25		62df354aff7bdd4713c7caad8fde87dee10c4c59
software.amazon.awssdk	codestar	2.25.26		9048330f966154bf11a37edb9ff5c2e669067df0
software.amazon.awssdk	codestar	2.25.27		5fa8d3649c5b4e5a4179d5a78f80b18f08c712be
software.amazon.awssdk	codestar	2.25.28		cdda972f5c3a510e0b053e8fda3cc20e3f098edc
software.amazon.awssdk	codestar	2.25.29		d5d29f09d27297966236f40500f335c2347b65ce
software.amazon.awssdk	codestar	2.25.3		9f040ec2ae787389a120d914226d99ba4d18dbe2
software.amazon.awssdk	codestar	2.25.30		9d6251950ae6535af53b77da26e77feca38f0568
software.amazon.awssdk	codestar	2.25.31		53956cc70273677a6a7160aa9e6bd46339ebbefd
software.amazon.awssdk	codestar	2.25.32		cc3e76d9c3b69e5188edd564a9a099b6bef0aaf6
software.amazon.awssdk	codestar	2.25.33		f5ac2904942be4c1008e2a7cee4bdcda9a6ad7b7
software.amazon.awssdk	codestar	2.25.34		ea31352ef57f13e60f7387313406c2c390ddc96f
software.amazon.awssdk	codestar	2.25.35		b78c6eb26564d46072995ca1dc5dd6c14ec7eebf
software.amazon.awssdk	codestar	2.25.36		db99524dc22b6df30050aeaec925d30532d24d07
software.amazon.awssdk	codestar	2.25.37		a195dcc2022ce01e91340a5832c2ce25e0be011a
software.amazon.awssdk	codestar	2.25.38		3c2711f9cf2c8471af1c097e383975839479ee95
software.amazon.awssdk	codestar	2.25.39		d1dde8b55863750df2562eb291eb2f3a3fa04008
software.amazon.awssdk	codestar	2.25.4		da3a86e2f880b71ad5ebb737e9e0af517028bf69
software.amazon.awssdk	codestar	2.25.40		0af7c11ea0186cfc72f86cf3f3f8ba1cd6e7e876
software.amazon.awssdk	codestar	2.25.41		6eb727784b12dce09401c30a4498e06a2e8eeb69
software.amazon.awssdk	codestar	2.25.42		3bf3d14b3566ea0a6ff0a2b5194a8e9ac3b313d3
software.amazon.awssdk	codestar	2.25.43		3a379e282ee68be6474bae5a8f56e211d8ad98ff
software.amazon.awssdk	codestar	2.25.44		65fa03957178426c465330cc9925052d55f1d832
software.amazon.awssdk	codestar	2.25.45		eb81405a5e9559745cb370c73ba0774edb9bc50e
software.amazon.awssdk	codestar	2.25.46		2d881e964097e40a08a9d43c28fff3a0a467f858
software.amazon.awssdk	codestar	2.25.47		b4e4fb384b6cbdf1c24f3c661fb19e36d6733d50
software.amazon.awssdk	codestar	2.25.48		333ecbf74dd5b06820ebbb8725bb49253797cab5
software.amazon.awssdk	codestar	2.25.49		c17f0b30f85ffc82964ebacf52247be3b612e09a
software.amazon.awssdk	codestar	2.25.5		4514f98e590d41b814bcc6c0bdd4b8d7be7e5c78
software.amazon.awssdk	codestar	2.25.50		d2490ec4fe269afd68f5143d287fec2474a04aa6
software.amazon.awssdk	codestar	2.25.51		ff3b644f4744d1dd442e960a8ebf2d98c2034e9e
software.amazon.awssdk	codestar	2.25.52		c1a8325c1decf9200a234a034f572c2d5f183d65
software.amazon.awssdk	codestar	2.25.53		f92cb64b5d31922a918e72cb43c83c50a2ff69bd
software.amazon.awssdk	codestar	2.25.54		dc774a403eb7b1d99f225b6bd368adbe45f540e7
software.amazon.awssdk	codestar	2.25.55		e66f9f57f010b4cea2284742f8f1af28ec0ed5c0
software.amazon.awssdk	codestar	2.25.56		f480ae8f800c3b46c157440de8d4e4d42151af03
software.amazon.awssdk	codestar	2.25.57		d64779bbd24a5b03519010834e6bc74976b87f51
software.amazon.awssdk	codestar	2.25.58		344c28ffbae46319a84cf2779737d7b9353008d4
software.amazon.awssdk	codestar	2.25.59		d1f7e3a33f1c9c9082c453382ae1cb3c3a5758a6
software.amazon.awssdk	codestar	2.25.6		f72d47727bfedcba22dbfa8e02e54108fe1969ff
software.amazon.awssdk	codestar	2.25.60		b7131068e471564c4276480feb8d4b151893d2d5
software.amazon.awssdk	codestar	2.25.61		f430d823d41d6c11d76c85598fb48fad418e8991
software.amazon.awssdk	codestar	2.25.62		bf490ab16245e1513be75d2f45838554c1be5c9b
software.amazon.awssdk	codestar	2.25.63		f5d718ae6fbea8893f74d0ebf2640d349621dc67
software.amazon.awssdk	codestar	2.25.64		cca7e18f689b91f50d793b60817f7eb780e04154
software.amazon.awssdk	codestar	2.25.65		cfb97cc8cb8b7f9a9e3e857be9df0dd58d3f0645
software.amazon.awssdk	codestar	2.25.66		85d461ef65bbbd71ac170753943a8eceb3577783
software.amazon.awssdk	codestar	2.25.67		3808490caba09273ce770d3f326fe26e43dbeabd
software.amazon.awssdk	codestar	2.25.68		0c3836a9bf27825b754908ca2647789b9904430e
software.amazon.awssdk	codestar	2.25.69		8d2ff70a082d5e51411a340dd38859e234d1a5fb
software.amazon.awssdk	codestar	2.25.7		13a4a51c51688f4204f31d0fd39d239d90ddba2c
software.amazon.awssdk	codestar	2.25.70		186e9c2b218c151d206d832b042fba34ca7e7f8e
software.amazon.awssdk	codestar	2.25.8		0e9257b344046c9e703a9a57dcda944d8af09c53
software.amazon.awssdk	codestar	2.25.9		335bfb54dc8571003da940958821964e4c242203
software.amazon.awssdk	codestar	2.26.0		bc18833183f8b05283ba5be14cb0783598a365ad
software.amazon.awssdk	codestar	2.26.1		fa50ce63f48d14cf19876c85c706ca824db63c1f
software.amazon.awssdk	codestar	2.26.10		4224f76a9e6243e7fce3bf2dfef114ef109727e9
software.amazon.awssdk	codestar	2.26.11		45c5c4dd2a987d78f4c80eb1a685da3258395b04
software.amazon.awssdk	codestar	2.26.12		b01c53cc58b935ec5ad39252858dc8230a49b603
software.amazon.awssdk	codestar	2.26.13		77a6d02dc122f0ba479a2f475902509953d2a807
software.amazon.awssdk	codestar	2.26.14		033730c6db8c6b50c75e6141c35029395b7dd857
software.amazon.awssdk	codestar	2.26.15		2bce0bf9532af4bf13efb46afbe2398ea3ef2480
software.amazon.awssdk	codestar	2.26.16		11c2a6a4aaedbb8ca67714c9e11ed1153d031f63
software.amazon.awssdk	codestar	2.26.17		90321b414dbca8804468f1b7704555883cd645bd
software.amazon.awssdk	codestar	2.26.18		cc4b843188a08b81a212451a20a09e5b7ed20f23
software.amazon.awssdk	codestar	2.26.19		6e8c95be466c33c90899bcb44416c6a8be55a38e
software.amazon.awssdk	codestar	2.26.2		ee120acce15b6cffe6f7b09997f2e1f5202ebc09
software.amazon.awssdk	codestar	2.26.20		bf21fc529c2dec60e5a763a1f829f7ae272fe0f3
software.amazon.awssdk	codestar	2.26.21		67e54fb88b433a8d89da4674dd08749acd47c139
software.amazon.awssdk	codestar	2.26.22		a9f8a632c04b57e542a87e71b84d6e5839bfd37b
software.amazon.awssdk	codestar	2.26.23		34acd50814d5554fc83cd31e60e3bd44ecefbf82
software.amazon.awssdk	codestar	2.26.24		b258302735254f7b6c0f212907b490d7ba7884af
software.amazon.awssdk	codestar	2.26.25		299ed25bdcebc14049c5ef7dcdcb997d12dfbe3d
software.amazon.awssdk	codestar	2.26.26		a5c5e8b36b7486bfc2e7a3d3d785e96d0926c6d9
software.amazon.awssdk	codestar	2.26.27		a6cbc572bd4e5de515a7af121dd6bb983f919063
software.amazon.awssdk	codestar	2.26.28		a04059778d9dce6d8579c3cea3f610bdc7aa1106
software.amazon.awssdk	codestar	2.26.29		5d4e726b7b551756e4ffbf0fc416856f8cc5f757
software.amazon.awssdk	codestar	2.26.3		b55ad7af253175560693cab467447d64e1c42c81
software.amazon.awssdk	codestar	2.26.30		a35e1a393843de2dc2d76d73c46f7f264461b058
software.amazon.awssdk	codestar	2.26.31		1c8d8e03a811519008c82a42582a6d6cc8a04af5
software.amazon.awssdk	codestar	2.26.4		5eb7765a93129c17a8c3462cdc4872298ec140ba
software.amazon.awssdk	codestar	2.26.5		2f6e70d2eb790fe4b8c4d63e7f3b092c175b0416
software.amazon.awssdk	codestar	2.26.6		a6278fca6dfc971b907c91b19cb4af6fdfd4f8b5
software.amazon.awssdk	codestar	2.26.7		929df5b15f99bc4a7f27d8c0531882e54c5dca4d
software.amazon.awssdk	codestar	2.26.8		38527b9b978ad7a1abd3aef58a0764bc964282c8
software.amazon.awssdk	codestar	2.26.9		716e09bb20dc7c260c06b15f4f1da6eb3c148706
software.amazon.awssdk	codestar	2.27.0		aa46772f287b1c1931a96bf3c2f7fdceddbffb04
software.amazon.awssdk	codestar	2.27.1		0dbfbb315b29fafa3feb8f0e1c72735fc4f8515e
software.amazon.awssdk	codestar	2.27.2		89f4706ceedf55fe9c4a4daa8547467ddb02af9a
software.amazon.awssdk	codestar	2.27.3		70670c6cec3a5c8dea878aa26a4d5ffea4760d74
software.amazon.awssdk	codestar	2.27.4		b723c0b857fce368d1b501d6ae910395be0719ba
software.amazon.awssdk	codestar	2.27.5		85d60ad1050fe1d89234b63bbad750625e7c1dfb
software.amazon.awssdk	codestar	2.27.6		b37d641fa394092a26c0760e84c4e7db6837aae1
software.amazon.awssdk	codestar	2.27.7		3158843a7a49625ba5cf9f55ba8cb4fac3664be0
software.amazon.awssdk	codestar	2.27.8		d9cefd559f567338f705a55fd126b0d1bea54b37
software.amazon.awssdk	codestar	2.27.9		a0270516c0eaf47449b370f37502f863675330e8
software.amazon.awssdk	codestar	2.3.0		4b1e42f0819583dbb5d2c032e30c8ebfde53c1db
software.amazon.awssdk	codestar	2.3.1		a2e9314009c14e76dff3f4e3baa4a29005c8f57f
software.amazon.awssdk	codestar	2.3.2		1029b27f7009096bfe5bdb504f5923b6409e5dce
software.amazon.awssdk	codestar	2.3.3		0df4aa519fa51def465883a42a71277fd97c67bd
software.amazon.awssdk	codestar	2.3.4		7de5fceb62901e979f9c80190a2d0d9528330ef2
software.amazon.awssdk	codestar	2.3.5		940dec0266017734e04f2987638cd85209674b8f
software.amazon.awssdk	codestar	2.3.6		a4dca5683b3f249d82abf6e9f0135f35a40fcab0
software.amazon.awssdk	codestar	2.3.7		77e9513912f93c91bf9859ef955f4da7b62d361a
software.amazon.awssdk	codestar	2.3.8		34be829643e03b3733334b952acb53ff086b0aa5
software.amazon.awssdk	codestar	2.3.9		f1b213d017fa9eecd0c54086b005e700d3c794f2
software.amazon.awssdk	codestar	2.4.0		f80328084e1b61b54752a964a3a23edf8e705bcd
software.amazon.awssdk	codestar	2.4.1		884afb973441a2528b70e0d36bd08eb24274737d
software.amazon.awssdk	codestar	2.4.10		d0248f11e9774bb5804e688ba0b5a1e71e40225f
software.amazon.awssdk	codestar	2.4.11		e8bf93420ec6e3b4ca15b0ef8de30e7efcb33051
software.amazon.awssdk	codestar	2.4.12		9a6d27687cd5b78fc5dbc9c91c0de2296f14a36e
software.amazon.awssdk	codestar	2.4.13		5fd751893bbe2ce43e4b1f67a291e23d053ecacf
software.amazon.awssdk	codestar	2.4.14		dce7819701c64cbdf129742c95a54116919bb190
software.amazon.awssdk	codestar	2.4.15		0f8b24ef2bcdb51d6fda81bb00772d772371b36c
software.amazon.awssdk	codestar	2.4.16		556e219aae5d922887c0330cf907e6175dd40f55
software.amazon.awssdk	codestar	2.4.17		76c332cd4adcefa717ca35f745cbe72226e76904
software.amazon.awssdk	codestar	2.4.2		dfe99fa2d86cd3786ed68a122705c55b278b7a50
software.amazon.awssdk	codestar	2.4.3		376f20fd359dd9965122a2b08a8823758a964bd0
software.amazon.awssdk	codestar	2.4.4		89c0b3db3bf7f59c0d7c9d8b9efd79c1ed4c8f3c
software.amazon.awssdk	codestar	2.4.5		d8ecd78d8640aa7900d3e73848c327938293e939
software.amazon.awssdk	codestar	2.4.6		eac051219965d70eed73026d24499ad9485d4136
software.amazon.awssdk	codestar	2.4.7		cc0c3c725df2afff0ee9b24482cdc281a1bd8076
software.amazon.awssdk	codestar	2.4.8		9e3c783f7b793c6c5f216a570c702ec7bca2e889
software.amazon.awssdk	codestar	2.5.0		f208a80721180b0dc72c758b7ce946ce0720682e
software.amazon.awssdk	codestar	2.5.1		50a070c25a59476fd69f8861c4e54bfc98a33bbb
software.amazon.awssdk	codestar	2.5.10		5757316332abb98ba87962b145df6fa6f461302d
software.amazon.awssdk	codestar	2.5.11		51a93ca6bc34f15ed9bc9568b2b9c69c6b2695d8
software.amazon.awssdk	codestar	2.5.12		baab3e9b6b094de38d89c6b7da922f4c5826f186
software.amazon.awssdk	codestar	2.5.13		6defec49f96a60620edb82f0fe6a7c42ab9dcc1e
software.amazon.awssdk	codestar	2.5.14		8fc33df36c68ecf647f402588b32b325afba9661
software.amazon.awssdk	codestar	2.5.15		ac1399d4a52c0d7410714d6042375424bcd5c615
software.amazon.awssdk	codestar	2.5.16		9435600426f0825b30ce97df9a34c6fa90c2d99f
software.amazon.awssdk	codestar	2.5.17		0be98631731f1c3541ab89beb152071b9b02175f
software.amazon.awssdk	codestar	2.5.18		a770720e030b2dbecb9257e54aa0249d25dd2540
software.amazon.awssdk	codestar	2.5.19		a93dfcf95cdd7affbb72c62b7e66d017376c31f7
software.amazon.awssdk	codestar	2.5.2		d40dbe7348e0a6fdf4ee24c4261e04d6206ab6b8
software.amazon.awssdk	codestar	2.5.20		7ac29cc18bbd55e25cc6ec5f7aabff9c78c7b3d1
software.amazon.awssdk	codestar	2.5.21		8128f47c56b85986814b58bd0b40cb3f7e6c7555
software.amazon.awssdk	codestar	2.5.22		060c872020802e4086cbe1af92760ab533d14b6e
software.amazon.awssdk	codestar	2.5.23		a9d5aee10237a318f7729746a570326e35e6b936
software.amazon.awssdk	codestar	2.5.24		479263f637d5f1f4c37a21537a28ace62e2b148a
software.amazon.awssdk	codestar	2.5.25		79f5ff2ee8660ac52ac0517c143690a1cc77fe7c
software.amazon.awssdk	codestar	2.5.26		9c134bd260ac588bd7072445e4100b72233a89dc
software.amazon.awssdk	codestar	2.5.27		b17bdec95b7ab8409e37a80b578fced0750051c5
software.amazon.awssdk	codestar	2.5.28		f13197a0f446f9e3ecb79a5870a512aa2912e042
software.amazon.awssdk	codestar	2.5.29		6b621a2a4a9e06bce553c6844971d430c8307dd1
software.amazon.awssdk	codestar	2.5.3		fbc6dc1010f84d2c0ad5580a88527ba18cf61226
software.amazon.awssdk	codestar	2.5.30		17c7c65b11c087a7db8fd6ed257a72b2fe31657e
software.amazon.awssdk	codestar	2.5.31		15bbf53866a4ffdffd36e118dbed97e7a9ee936e
software.amazon.awssdk	codestar	2.5.32		361afea69a5235ef7054148e6599fbc1fc1d9fa2
software.amazon.awssdk	codestar	2.5.33		d4295790759c9af7558ab8c8e8da410d9f3cd265
software.amazon.awssdk	codestar	2.5.34		79a3edcecd5b25b90c1b2be3b7ce44b07234561c
software.amazon.awssdk	codestar	2.5.35		7c098ab5eb7f847adebde3b07d4606488ccb3278
software.amazon.awssdk	codestar	2.5.36		6bd44bc005264ff72f85cea0e26a3b60e09d9632
software.amazon.awssdk	codestar	2.5.37		4c1a89f543221e458e5479192956ae552f48f4a1
software.amazon.awssdk	codestar	2.5.38		8ef5af7e0b8482a40a3710cce9253313ca7977f5
software.amazon.awssdk	codestar	2.5.39		a2631c20612108511a28b8e37f4092f1c86cf2e1
software.amazon.awssdk	codestar	2.5.4		fcd1eefde4b78dda5f09c1aa352cf4809ec81073
software.amazon.awssdk	codestar	2.5.40		bff836a059cb0e47f4f2b02276c494354e8efdbd
software.amazon.awssdk	codestar	2.5.41		efd3846230c8d59e8589083534a48f62ff539573
software.amazon.awssdk	codestar	2.5.42		9322c75610a19a20d17dfe6c8f8387983bd88fe7
software.amazon.awssdk	codestar	2.5.43		36a44265e042a041432ff6fc08437ae1c11f5b14
software.amazon.awssdk	codestar	2.5.44		342fe17ec8315cc8684d4f514e63e7bb37cf4d74
software.amazon.awssdk	codestar	2.5.45		3da18b692aa593fb9e26b7c1819aa76a0fbad645
software.amazon.awssdk	codestar	2.5.46		8deee3cd336a228884b095a2b85bc0b0ebd20d5a
software.amazon.awssdk	codestar	2.5.47		95115bea204dc702d55a6e721f90a0582ed158e7
software.amazon.awssdk	codestar	2.5.48		fe577c064c69fcdffd009299b8a7dffc3847f7d6
software.amazon.awssdk	codestar	2.5.49		aa2887d0b0a106aa438d343cbb59055b7d51625f
software.amazon.awssdk	codestar	2.5.5		cdb4f3db3438bc844bbf17a6c23ad4c82ede831a
software.amazon.awssdk	codestar	2.5.50		1078536419531e12e9c1d7e6986db7cc721756cf
software.amazon.awssdk	codestar	2.5.51		c63fed548138854d066f9c310bbf4777e2c19364
software.amazon.awssdk	codestar	2.5.52		9f91481b954ae58b138494e7f6f137301df05940
software.amazon.awssdk	codestar	2.5.53		fd5a14cb605fb5d8b0f6d5b5f461d414bbe2330a
software.amazon.awssdk	codestar	2.5.54		0201a7e376264625f5d6561686716e1853eb17a9
software.amazon.awssdk	codestar	2.5.55		c002b0ac94b56b25200d4e49ad6ca6424d19bfb3
software.amazon.awssdk	codestar	2.5.56		5f7e31e74df811045928e0104b698c61df10fd52
software.amazon.awssdk	codestar	2.5.57		7a8a4375f4cdfb27c8f914315043898ae47653dc
software.amazon.awssdk	codestar	2.5.58		9158c6f825d99c7b48f061d2b398e30f61e9ddbc
software.amazon.awssdk	codestar	2.5.59		38978a275fc64272aa7945aece5c18787b2988e5
software.amazon.awssdk	codestar	2.5.6		1a20672a1004a9ff8584468b207dc59a10f6b982
software.amazon.awssdk	codestar	2.5.60		8ba13e457983f63cdb471c1ef376e94253da611c
software.amazon.awssdk	codestar	2.5.61		877cf4410928a943da2b9d21ef440300c3596f79
software.amazon.awssdk	codestar	2.5.62		beb3578e318e250ad4278bd75e1127f6017b45f6
software.amazon.awssdk	codestar	2.5.63		0c3822619da29736b0aaedfec4c46753f96a8a03
software.amazon.awssdk	codestar	2.5.64		3105d20192cde757eae2417cca041f00ccfe094d
software.amazon.awssdk	codestar	2.5.65		cb98c3d3e0e573c6c00e1c6515569f17d575c0ac
software.amazon.awssdk	codestar	2.5.66		d40a042325477a7c2421defc37a435e74b2984ed
software.amazon.awssdk	codestar	2.5.67		5336c3fbdbca52e0e6b3a7a9e2ac0d26975996ba
software.amazon.awssdk	codestar	2.5.68		1d1e9f8025c2f4a3de77575bfa4aca586f7330e4
software.amazon.awssdk	codestar	2.5.69		127b5722e0656a32ad5299f8caf9cccf43293f90
software.amazon.awssdk	codestar	2.5.7		7316cee824b5f755aacd8f2ea8c6c547b0491ea3
software.amazon.awssdk	codestar	2.5.70		cd7f1c37264a7f4852e3535a57d77b4e3f52b2aa
software.amazon.awssdk	codestar	2.5.71		4b22a6d871658092eb185ade7c6c563d419e0438
software.amazon.awssdk	codestar	2.5.8		7afff8f5de5ab61da18f2abc55e55bfbe4a64143
software.amazon.awssdk	codestar	2.5.9		d4dd5c863b5ae4c1dcb499f618cb89bdfee67799
software.amazon.awssdk	codestar	2.6.0		edcbe6bd3ee702033915582c8a9a4f7b2e29e1c8
software.amazon.awssdk	codestar	2.6.1		1c88be6b30a50ac8f2ee72104e487a9696253252
software.amazon.awssdk	codestar	2.6.2		c0bb26c29204f5141b6f91b358dddafadaaf3856
software.amazon.awssdk	codestar	2.6.3		68dbb529f41c052300cac91a58a594c507846edb
software.amazon.awssdk	codestar	2.6.4		7a50b19b4eaea06d27fcd9dfdb895d13b9ddcdd8
software.amazon.awssdk	codestar	2.6.5		86acc0375843923eb683f9d8bfea790c40ae16e5
software.amazon.awssdk	codestar	2.7.0		30ad8c03b78742e06b29a0c87352ab89b54db02c
software.amazon.awssdk	codestar	2.7.1		d2156d72908b9c5cc85182f3ae54c844621df896
software.amazon.awssdk	codestar	2.7.10		bed57891ea7836773b6f05d56d6ee3855bd51fa7
software.amazon.awssdk	codestar	2.7.11		ccd4baeaeda2c2fea228b7b871f3a8c58d6cec7b
software.amazon.awssdk	codestar	2.7.12		1687c35aa43efd736296d367dcf20e8ae465b975
software.amazon.awssdk	codestar	2.7.13		4530b84da2dfe32e7febf97156deab5feab55cea
software.amazon.awssdk	codestar	2.7.14		50c08d2a2cd9d0ad408703e58428213e798f8f21
software.amazon.awssdk	codestar	2.7.15		0b987da5309f3ed4d3859966a0bb3230cb06ac86
software.amazon.awssdk	codestar	2.7.16		8f173994021ab39910636c4a58a686246d1aff71
software.amazon.awssdk	codestar	2.7.17		e182a5bd7b5b7316ea65da74389b628a98ef9314
software.amazon.awssdk	codestar	2.7.18		5f12523f57a8ddb3b66856825557edadb396cae3
software.amazon.awssdk	codestar	2.7.19		a03de6cd549f44ec12d90029091f7d0a78acea66
software.amazon.awssdk	codestar	2.7.2		33c480a8812ba6e83584d25122b08e0a8afaa2df
software.amazon.awssdk	codestar	2.7.20		e2fec887d281d70532b4858e78687f7913e18ea3
software.amazon.awssdk	codestar	2.7.21		3ade9481d51594fcb494c3f7c97c5e8535a70685
software.amazon.awssdk	codestar	2.7.22		fd6c3408152ffecabddebde9bc74be31be1427c1
software.amazon.awssdk	codestar	2.7.23		a3aa33e9bb12c3e42d87956ff7c9dd5d6b052d75
software.amazon.awssdk	codestar	2.7.24		3bed4249ee6de7a9ff6468a4d8bd96a1f238a0a3
software.amazon.awssdk	codestar	2.7.25		46da6481374ddb97853b506287465cf5c98ad355
software.amazon.awssdk	codestar	2.7.26		53ed1fadbda26a78494ea70250d948bf7a71a9ef
software.amazon.awssdk	codestar	2.7.27		7f153d16c741cb4da684958dc23fdf0e1a0eb9cd
software.amazon.awssdk	codestar	2.7.28		51b3d81173c7981ca34ba7754afeb83fa3dcb721
software.amazon.awssdk	codestar	2.7.29		ad65aa9143beba4b82eb0537af21589f93cfeafe
software.amazon.awssdk	codestar	2.7.3		aefe993cd03279aa31ef110b5b781055718809cf
software.amazon.awssdk	codestar	2.7.30		3c64c0c7d4610fcd63aa043417c3085c84c82cb3
software.amazon.awssdk	codestar	2.7.31		a21deb7e25a7cea3481a754c69c4a7610358174c
software.amazon.awssdk	codestar	2.7.32		66247d937fa39c1c1d07984fde38d5d2037c82e1
software.amazon.awssdk	codestar	2.7.33		020364efbc60001459080e28783e2b25e2637fb1
software.amazon.awssdk	codestar	2.7.34		9154bfc0c3163cadc793582ca8a420beb62d0553
software.amazon.awssdk	codestar	2.7.35		231674cdb98c7a29ab465c9a6d96587728b3abe9
software.amazon.awssdk	codestar	2.7.36		cbd781f6512cd866a5407a168b9017212e7c47d7
software.amazon.awssdk	codestar	2.7.4		a35b7c44b8148639782cc935aa0396c3b3d34a64
software.amazon.awssdk	codestar	2.7.5		ddc814530fa0b40a9a7eda14cbb68455778af3d3
software.amazon.awssdk	codestar	2.7.6		1e096f23559c280158486d94e2d210173a28b9a2
software.amazon.awssdk	codestar	2.7.7		7ee3a6cc453f24db85b8378517204501b1424680
software.amazon.awssdk	codestar	2.7.8		5fe1a8c480c5b02410adf684f3875b0a38df1db9
software.amazon.awssdk	codestar	2.7.9		79adb0b569491d2dc936949c3a68275e6a75acd6
software.amazon.awssdk	codestar	2.8.0		7c6a8f3dd2d0d0db4c87083b8d2e0ccbc48b676c
software.amazon.awssdk	codestar	2.8.1		10891065e06122f5697137411079710c2bcedca5
software.amazon.awssdk	codestar	2.8.2		549ce5ab072ae4d66b5dfeaf37ad2aa0d6399cb1
software.amazon.awssdk	codestar	2.8.3		04ed24026d1dac9aebd74b3efd50500fbc897863
software.amazon.awssdk	codestar	2.8.4		0543303df83ced8c916cf1531f77622d7505862c
software.amazon.awssdk	codestar	2.8.5		5d8a0e5a935d0003d91e90637d4e2bee530576b6
software.amazon.awssdk	codestar	2.8.6		98b08459f971cd592fbae8c0d7407773c1c7fc18
software.amazon.awssdk	codestar	2.8.7		6dbabc6c4113a240a40a8b24463a2ba7f5d47356
software.amazon.awssdk	codestar	2.9.0		67d56493a04fce602625e87ba4cda17294e3d88b
software.amazon.awssdk	codestar	2.9.1		194ff1d9228fb9f06b98ba107e087d78b6cc4ba1
software.amazon.awssdk	codestar	2.9.10		1a6463bd6648845f1748884d1b6806cf403604b9
software.amazon.awssdk	codestar	2.9.11		04aba23195f3fe7e5b2349d36549e1b3e84c1cbc
software.amazon.awssdk	codestar	2.9.12		d393272de70e0a526573e59a6182d44949542b1e
software.amazon.awssdk	codestar	2.9.13		225ed0900fa306e144ea5450de562fe0c0192f63
software.amazon.awssdk	codestar	2.9.14		ac64eec5f7075f0a13511f9ccc6e219b14181bc4
software.amazon.awssdk	codestar	2.9.15		7415bf3a9726736f71a87df654b963e4ffd5be3f
software.amazon.awssdk	codestar	2.9.16		9ca526a6582b27ff6efa0b08e9480b361d03cd48
software.amazon.awssdk	codestar	2.9.17		146e5da99175287363af0e8c242540602989c552
software.amazon.awssdk	codestar	2.9.18		12db97812ef52316b2a2b5957ae6f16ecd1fee16
software.amazon.awssdk	codestar	2.9.19		294e05c5057bfcbfbf0df90610d979f3ce89a3fa
software.amazon.awssdk	codestar	2.9.2		81fa64ec60d1d9f5291eb0287ce7c82fe3d98910
software.amazon.awssdk	codestar	2.9.20		c8e8a928c0017ca927dd0bf6f33bfe99e86bd384
software.amazon.awssdk	codestar	2.9.21		f1f146f8533de9b233d83c64e1404366d9e21eb6
software.amazon.awssdk	codestar	2.9.22		0c474032260069e7238416e73272d4146c971a0b
software.amazon.awssdk	codestar	2.9.23		106959eb239406027b00773242f1781298cc4e44
software.amazon.awssdk	codestar	2.9.24		d369646e6269a1adf866b35e1a4051e484620410
software.amazon.awssdk	codestar	2.9.25		5b921e72bab5babb95b30ba7678efa77b84d1449
software.amazon.awssdk	codestar	2.9.26		6cf2be5657fd9035967a092f559ee5fff9deeb8f
software.amazon.awssdk	codestar	2.9.3		d8a11bbc65a47176966d6fcd8ed61ec9a18b84ab
software.amazon.awssdk	codestar	2.9.4		1b8ef078d66203e0883b2697ce56ee9abce360e8
software.amazon.awssdk	codestar	2.9.5		de8a83e95414a2404c48d828e2f801d0e1b84690
software.amazon.awssdk	codestar	2.9.6		73f6e2cf9bbfacc6b62a7cd33b902265e18bf57d
software.amazon.awssdk	codestar	2.9.7		fe6509ba97aad0c76c5c27b7a71e29dd89aa43be
software.amazon.awssdk	codestar	2.9.8		d8749fba08c3395f07a8b25e24628fb3cffe42c5
software.amazon.awssdk	codestar	2.9.9		17d5adc77c9ece5c668a027fc7ecb7befa12a7c1
top.zopx	goku-framework-starter-oss	2.0.01_04		a787904044fdd65465f9cba31fcea7b683748971
