ai.picovoice	picovoice-android	1.1.0		N/A
ai.picovoice	picovoice-android	1.1.1		N/A
ai.picovoice	picovoice-android	1.1.2		N/A
ai.picovoice	picovoice-android	1.1.3		N/A
ai.picovoice	picovoice-android	1.1.4		N/A
ai.picovoice	picovoice-android	1.1.5		N/A
ai.picovoice	picovoice-android	1.1.6		N/A
ai.picovoice	picovoice-android	2.0.0		N/A
ai.picovoice	picovoice-android	2.0.1		N/A
ai.picovoice	picovoice-android	2.0.2		N/A
ai.picovoice	picovoice-android	2.1.0		N/A
ai.picovoice	picovoice-android	2.1.1		N/A
ai.picovoice	picovoice-android	2.1.2		N/A
ai.picovoice	picovoice-android	2.1.3		N/A
ai.picovoice	picovoice-android	2.1.4		N/A
ai.picovoice	picovoice-android	2.2.0		N/A
ai.picovoice	picovoice-android	2.2.1		N/A
ai.picovoice	picovoice-android	3.0.0		N/A
ai.picovoice	picovoice-android	3.0.1		N/A
ai.picovoice	picovoice-android	3.0.2		N/A
cloud.oneentry	sdk-menus-watchosarm64	1.1.1		N/A
cloud.oneentry	sdk-menus-watchosarm64	1.1.1	metadata	d2ef2289c07197103506b9ae147491241a85ad3d
cloud.oneentry	sdk-menus-watchosarm64	1.2.0		N/A
cloud.oneentry	sdk-menus-watchosarm64	1.2.0	metadata	9c73af84d70d9e94b9fab9e93f6f40e3b6dfa8db
cloud.oneentry	sdk-menus-watchosarm64	1.2.2		N/A
cloud.oneentry	sdk-menus-watchosarm64	1.2.2	metadata	17274441d22026b9b0f31505c656fdcb68b381ee
cloud.oneentry	sdk-menus-watchosarm64	1.2.4		N/A
cloud.oneentry	sdk-menus-watchosarm64	1.2.4	metadata	b2c7c08863eeb235a7499a1e62a40ec9d4ff0877
cloud.oneentry	sdk-menus-watchosarm64	1.2.5		N/A
cloud.oneentry	sdk-menus-watchosarm64	1.2.5	metadata	4922563f227dad2f6dff04766df79ec1c688d107
cloud.oneentry	sdk-menus-watchosarm64	1.2.6		N/A
cloud.oneentry	sdk-menus-watchosarm64	1.2.6	metadata	b384c66f87d7285bcd4added4459c924307a0793
club.dawdler	dawdler-db-plug	0.0.1-jdk1.8-RELEASES		N/A
club.dawdler	dawdler-db-plug	0.0.1-jdk17-RELEASES		N/A
club.dawdler	dawdler-db-plug	0.0.1-jdk21-RELEASES		N/A
club.dawdler	dawdler-db-plug	0.0.2-jdk1.8-RELEASES		N/A
club.dawdler	dawdler-db-plug	0.0.2-jdk17-RELEASES		N/A
club.dawdler	dawdler-db-plug	0.0.2-jdk21-RELEASES		N/A
club.dawdler	dawdler-db-plug	0.0.3-jdk1.8-RELEASES		N/A
club.dawdler	dawdler-db-plug	0.0.3-jdk17-RELEASES		N/A
club.dawdler	dawdler-db-plug	0.0.3-jdk21-RELEASES		N/A
club.dawdler	dawdler-db-plug	0.0.4-jdk1.8-RELEASES		N/A
club.dawdler	dawdler-db-plug	0.0.4-jdk17-RELEASES		N/A
club.dawdler	dawdler-db-plug	0.0.4-jdk21-RELEASES		N/A
club.dawdler	dawdler-db-plug	0.0.5-jdk1.8-RELEASES		N/A
club.dawdler	dawdler-db-plug	0.0.5-jdk17-RELEASES		N/A
club.dawdler	dawdler-db-plug	0.0.5-jdk21-RELEASES		N/A
club.dawdler	dawdler-db-plug	0.0.6-jdk1.8-RELEASES		N/A
club.dawdler	dawdler-db-plug	0.0.6-jdk17-RELEASES		N/A
club.dawdler	dawdler-db-plug	0.0.6-jdk21-RELEASES		N/A
club.dawdler	dawdler-db-plug	0.0.7-jdk1.8-RELEASES		N/A
club.dawdler	dawdler-db-plug	0.0.7-jdk17-RELEASES		N/A
club.dawdler	dawdler-db-plug	0.0.7-jdk21-RELEASES		N/A
club.dawdler	dawdler-db-plug	0.0.8-jdk1.8-RELEASES		N/A
club.dawdler	dawdler-db-plug	0.0.8-jdk17-RELEASES		N/A
club.dawdler	dawdler-db-plug	0.0.8-jdk21-RELEASES		N/A
club.dawdler	dawdler-db-plug	0.0.9-jdk1.8-RELEASES		N/A
club.dawdler	dawdler-db-plug	0.0.9-jdk17-RELEASES		N/A
club.dawdler	dawdler-db-plug	0.0.9-jdk21-RELEASES		N/A
cn.bctools	jvs-starter-dynamic	1.0.0		122913f92dfb1d8341950ca930078e707aa90f29
cn.bctools	jvs-starter-dynamic	1.1.0		174f6fe45f70f7d8abf3645b63d907646aabeb5d
cn.hippo4j	hippo4j-spring-boot-starter-adapter-spring-cloud-stream-rocketmq	1.3.0		c169966d5200bc36c508f32a4bf22d2a0d2ec57f
cn.hippo4j	hippo4j-spring-boot-starter-adapter-spring-cloud-stream-rocketmq	1.3.0-beta		89bddbad936cfc5d0ce420c6bea70fc623a8cd0d
cn.hippo4j	hippo4j-spring-boot-starter-adapter-spring-cloud-stream-rocketmq	1.3.0-beta.2		03c8c117ecc3a556c11a52e3d769316b05e72d75
cn.hippo4j	hippo4j-spring-boot-starter-adapter-spring-cloud-stream-rocketmq	1.3.0.alpha		ccfcefa17ed610a72ed60afc0605613f259bf1c3
cn.hippo4j	hippo4j-spring-boot-starter-adapter-spring-cloud-stream-rocketmq	1.3.1		a337df3ac43107ecd7ffbc39611f19e870d60a27
cn.hippo4j	hippo4j-spring-boot-starter-adapter-spring-cloud-stream-rocketmq	1.4.0		890ec1d937b37db65a48ece6cf3a54b0770e0439
cn.hippo4j	hippo4j-spring-boot-starter-adapter-spring-cloud-stream-rocketmq	1.4.0-RC		94ec202abab720dd8d1c4fef9276e7be5a59609f
cn.hippo4j	hippo4j-spring-boot-starter-adapter-spring-cloud-stream-rocketmq	1.4.0-alpha		8d0febd6e451149d93f82e222fb048274840e4eb
cn.hippo4j	hippo4j-spring-boot-starter-adapter-spring-cloud-stream-rocketmq	1.4.1		4751b5123f096eafc6b6e13e464f84c0f0772f69
cn.hippo4j	hippo4j-spring-boot-starter-adapter-spring-cloud-stream-rocketmq	1.4.2		52e9fe59345693cea40b96dce985bf8b4453205c
cn.hippo4j	hippo4j-spring-boot-starter-adapter-spring-cloud-stream-rocketmq	1.4.2-alpha		9965a503a3daf19d7cebaea69d0a583ecd77ee27
cn.hippo4j	hippo4j-spring-boot-starter-adapter-spring-cloud-stream-rocketmq	1.4.2-alpha.2		4e8ad04e65fd8bfdbfc93c31cb4372de535ef2d9
cn.hippo4j	hippo4j-spring-boot-starter-adapter-spring-cloud-stream-rocketmq	1.4.3		ed2426db8b66fadf6f3a63cd90b792701fc2d75c
cn.hippo4j	hippo4j-spring-boot-starter-adapter-spring-cloud-stream-rocketmq	1.4.3-upgrade		bc3490ecbc15c761b55f28614093b7caf412cac1
cn.hippo4j	hippo4j-spring-boot-starter-adapter-spring-cloud-stream-rocketmq	1.4.3-upgrade.2		402a07eb4e045fb182b13073168ed64a92f5584a
cn.hippo4j	hippo4j-spring-boot-starter-adapter-spring-cloud-stream-rocketmq	1.5.0		811939cd5a89dd690a3c566fb1b74550aba6e74e
cn.patterncat	sql-helper	0.0.1		7a0dc0efe5ee703f1ce818d905447cbb6466af93
cn.patterncat	sql-helper	0.0.2		1f0ec0f20d8d60232c42abdfe67a6d481e83b383
cn.patterncat	sql-helper	0.0.3		49747215bdcfe7adb6a09bda88628764525fb5a3
cn.patterncat	sql-helper	0.0.4		3f7ba5e09a34b0d1a518a57076d2ff5d3aa2a1a3
cn.patterncat	sql-helper	0.0.5		7422b03a11857868e985d459fb8407a9b2780b52
cn.patterncat	sql-helper	0.0.6		57adfbe87097287d4366ee694b8105667c0e146b
cn.patterncat	sql-helper	0.0.7		d20c82a647ff9e7ef664201b2ba47289f171928e
cn.sunjinxin.savior	savior-mq	1.0.5		bf8e7435f150538c0b050847c886f6e8893e7d2b
cn.sunjinxin.savior	savior-mq	1.0.6		9c08492c91c8a3b0284cc2c7ec90d11be8e57e73
cn.sunjinxin.savior	savior-mq	1.0.7-savior		92b4c1dc12f82481b1f1ad4ef05fa65fbb3a7c7e
cn.sunjinxin.savior	savior-mq	1.0.8-savior		92902e8604e5dde923e594375b4f60ae6a31b312
cn.sunjinxin.savior	savior-mq	1.0.9-savior		de1983e06c7649243bba41e4a6677cd62d4e5ac9
co.fs2	fs2-io_2.12.0-RC1	0.9.0		75b378b4c7241cab3a8d7b358f9584c3b978ec60
co.fs2	fs2-io_2.12.0-RC1	0.9.1		19b20564de1790b72e6fd380e69e6e49892c3418
co.luminositylabs.oss.ica	ultima-sample	0.2.0		N/A
com.amazonaws	dynamodb-lock-client	1.0.0		66372151a124be5249d088eb3943536465aa6732
com.amazonaws	dynamodb-lock-client	1.1.0		3aadced3599f3b2fd058bc75d48dde374f66e544
com.amazonaws	dynamodb-lock-client	1.2.0		4054eaff3448c89b399346cd0aa041214df03279
com.amazonaws	dynamodb-lock-client	1.3.0		ffd927c478828c57ad6eefd0206e631b944fc84a
com.appsflyer	appsflyer-adobe-sdk-extension	1.0		N/A
com.appsflyer	appsflyer-adobe-sdk-extension	1.1		N/A
com.appsflyer	appsflyer-adobe-sdk-extension	1.2		N/A
com.appsflyer	appsflyer-adobe-sdk-extension	1.3		N/A
com.appsflyer	appsflyer-adobe-sdk-extension	1.4		N/A
com.appsflyer	appsflyer-adobe-sdk-extension	5.2.0		N/A
com.appsflyer	appsflyer-adobe-sdk-extension	5.2.1		N/A
com.appsflyer	appsflyer-adobe-sdk-extension	5.3.0		N/A
com.appsflyer	appsflyer-adobe-sdk-extension	5.4.0		N/A
com.appsflyer	appsflyer-adobe-sdk-extension	5.4.1		N/A
com.appsflyer	appsflyer-adobe-sdk-extension	6.1.1		N/A
com.appsflyer	appsflyer-adobe-sdk-extension	6.10.2		N/A
com.appsflyer	appsflyer-adobe-sdk-extension	6.10.21		N/A
com.appsflyer	appsflyer-adobe-sdk-extension	6.10.3		N/A
com.appsflyer	appsflyer-adobe-sdk-extension	6.12.2		N/A
com.appsflyer	appsflyer-adobe-sdk-extension	6.13.0		N/A
com.appsflyer	appsflyer-adobe-sdk-extension	6.2.0		N/A
com.appsflyer	appsflyer-adobe-sdk-extension	6.2.3		N/A
com.appsflyer	appsflyer-adobe-sdk-extension	6.3.0		N/A
com.appsflyer	appsflyer-adobe-sdk-extension	6.3.2		N/A
com.appsflyer	appsflyer-adobe-sdk-extension	6.4.0		N/A
com.appsflyer	appsflyer-adobe-sdk-extension	6.4.3		N/A
com.appsflyer	appsflyer-adobe-sdk-extension	6.5.4		N/A
com.appsflyer	appsflyer-adobe-sdk-extension	6.8.0		N/A
com.appsflyer	appsflyer-adobe-sdk-extension	6.8.2		N/A
com.appsflyer	appsflyer-adobe-sdk-extension	6.9.4		N/A
com.arkivanov.mvikotlin	keepers-watchosx64	2.0.4		N/A
com.arkivanov.mvikotlin	keepers-watchosx64	3.0.0		N/A
com.arkivanov.mvikotlin	keepers-watchosx64	3.0.0	metadata	f4176493b670f39e1717806b86456994b2758cb6
com.arkivanov.mvikotlin	keepers-watchosx64	3.0.0-alpha01		N/A
com.arkivanov.mvikotlin	keepers-watchosx64	3.0.0-alpha02		N/A
com.arkivanov.mvikotlin	keepers-watchosx64	3.0.0-alpha02	metadata	eabb52b216a70d948d2f310bef97fb49ea5031b4
com.arkivanov.mvikotlin	keepers-watchosx64	3.0.0-alpha03		N/A
com.arkivanov.mvikotlin	keepers-watchosx64	3.0.0-alpha03	metadata	2ea24f198881e5c1fc253d0e781da631332b53df
com.arkivanov.mvikotlin	keepers-watchosx64	3.0.0-beta01		N/A
com.arkivanov.mvikotlin	keepers-watchosx64	3.0.0-beta01	metadata	6352fb535d5aa6cb6abebb803a850988e9248eea
com.arkivanov.mvikotlin	keepers-watchosx64	3.0.0-beta02		N/A
com.arkivanov.mvikotlin	keepers-watchosx64	3.0.0-beta02	metadata	13a1b2d7e89e5249601c38a4e52dd02aa3b18d8a
com.arkivanov.mvikotlin	keepers-watchosx64	3.0.1		N/A
com.arkivanov.mvikotlin	keepers-watchosx64	3.0.1	metadata	8ccfca55f85793d979aa430dabeb35c729d3d485
com.arkivanov.mvikotlin	keepers-watchosx64	3.0.2		N/A
com.arkivanov.mvikotlin	keepers-watchosx64	3.0.2	metadata	1b837fc128053aa35981794e810f17d28494fe60
com.arkivanov.mvikotlin	keepers-watchosx64	3.1.0		N/A
com.arkivanov.mvikotlin	keepers-watchosx64	3.1.0	metadata	564af9866d80dcc8bdff8975ef5084890db21129
com.arkivanov.mvikotlin	keepers-watchosx64	3.2.0		N/A
com.arkivanov.mvikotlin	keepers-watchosx64	3.2.0	metadata	611b60743ab4d22f866632c30dd0c00456967464
com.arkivanov.mvikotlin	keepers-watchosx64	3.2.1		N/A
com.arkivanov.mvikotlin	keepers-watchosx64	3.2.1	metadata	062169616f850913f0d6ae6ad278a6740ee827cf
com.arkivanov.mvikotlin	keepers-watchosx64	3.3.0		N/A
com.arkivanov.mvikotlin	keepers-watchosx64	3.3.0	metadata	8ef8ff8aca52b2f3d6424d08bb1e15be1642a6c9
com.atatctech	hsps	1.0.0		3e99fec5bbeec08908b008c43d9240c1accc063e
com.atatctech	hsps	1.0.1		9195a8f593ae98bb6153c5e758fcc866c840c0c4
com.blazebit	blaze-actor	1.0.0-Alpha1		N/A
com.blazebit	blaze-actor	1.0.0-Alpha2		N/A
com.blazebit	blaze-actor	1.0.0-Alpha3		N/A
com.blazebit	blaze-actor	1.0.0-Alpha4		N/A
com.blazebit	blaze-actor	1.0.0-Alpha5		N/A
com.blazebit	blaze-actor	1.0.0-Alpha6		N/A
com.composum.aem	composum-aem-microsite-core	1.0.0		e5a7457333da2184f265c015c0a843285591443c
com.composum.aem	composum-aem-microsite-core	1.0.1		6d05409acb83223611fea6e705dc684ddc90564f
com.composum.aem	composum-aem-microsite-core	1.1.0		68776f5e979493861584374ef59544fa47a8a7dd
com.composum.aem	composum-aem-microsite-core	1.2.0		e910f64d6224bacb77e484403a50c55fe6f13d80
com.composum.aem	composum-aem-microsite-core	1.2.1		48dca84d400dc7a3ea4a9f064983c227ab8aab61
com.composum.aem	composum-aem-microsite-core	1.2.2		834a662ec086ffe508ed8e4d61b40776cb21ed1e
com.composum.aem	composum-aem-microsite-core	1.2.3		650c08b8e371c5cf991926e18c16b35203964635
com.composum.aem	composum-aem-microsite-core	1.2.4		100a40980ba4fe67a707ccfa0249cff7690fed6e
com.composum.aem	composum-aem-microsite-core	1.2.5		de524b4c1c7148ea9db5fa6e13bf79846141cc21
com.daioware.language	xml	1.0.0-RELEASE		498bf4432a4a81418e9b8113a4c59c23e9dd0968
com.github.dannywe	csvstreamutils_2.11	1.04		ba8432a69b072dd2619c3624d185324d3584099e
com.github.geirolz	sbt-service-info_2.12_1.0	0.0.1		e6329b058f4c134c1b6a9a02a2e90ff0b7e4626f
com.github.geirolz	sbt-service-info_2.12_1.0	0.0.2		e19a6ec6844af10571e5edbb9e93e6318cf25cf5
com.github.hypfvieh	dbus-java	2.7.1		0258920964e30381a57d8b55d4d9e66fb1d2cbf1
com.github.hypfvieh	dbus-java	2.7.2		d75844a4b1e70694b8a65d21f313861f75f45a37
com.github.hypfvieh	dbus-java	2.7.3		1bd4c7df443cfbaa072c715b0711ba40c2e5c8fa
com.github.hypfvieh	dbus-java	2.7.4		50083261180d464c4aedfa0990fde12090672af1
com.github.hypfvieh	dbus-java	2.7.5		388bcaa76b6a8a73b482b6311a0e618e35e58941
com.github.hypfvieh	dbus-java	3.0.0		bf69d8a70e74d3cb81d413485b7538e6a776da8a
com.github.hypfvieh	dbus-java	3.0.1		91521c13b920fadcba4ef3b70f97b07ec78738b3
com.github.hypfvieh	dbus-java	3.0.2		17ca6efc7423711bd6f04567d1bed0c22cfb01aa
com.github.hypfvieh	dbus-java	3.2.0		c0c7fca5fc6952473011b6f4d2a36a76cfe1eced
com.github.hypfvieh	dbus-java	3.2.1		614284d921768d04d0d02a521fb58404162392f6
com.github.hypfvieh	dbus-java	3.2.2		d0c5eadd3614e056075dd6f9e617a70bad2d5849
com.github.hypfvieh	dbus-java	3.2.3		96256b3c95c654b03660fd08eb6148deca8284b8
com.github.hypfvieh	dbus-java	3.2.4		51c4b6a34c593d008661bc8ec091ef84668c607e
com.github.hypfvieh	dbus-java	3.3.0		a4c09bb624c938d02ab9851164c19b0c0aa9f569
com.github.hypfvieh	dbus-java	3.3.1		0ccbd9ad10b6abbb1be5378adc197ffafb1117e6
com.github.hypfvieh	dbus-java	3.3.2		c90cd09bfbb4c4577fe51f9479f162f0d0a2bfce
com.github.shiver-me-timbers	smt-parent	1.0		N/A
com.github.shiver-me-timbers	smt-parent	1.1		N/A
com.github.shiver-me-timbers	smt-parent	1.2		N/A
com.github.shiver-me-timbers	smt-parent	1.3		N/A
com.github.tototoshi	play-joda-routes-binder_2.10	0.1.0		3979f76838eb48a5945f42aaf10ef53d307fc5be
com.github.tototoshi	play-joda-routes-binder_2.10	1.0.0		8d7aa9c16669cceb909f1b1538d4d127600ec7f9
com.google.api.client	google-api-data-docs-v3-atom	1.0.10-alpha		3fe84658755dd6d50b11ffc45cae27f6536c88e3
com.google.api.client	google-api-data-docs-v3-atom	1.0.6-alpha		50aed84c665c1339c48e259074d19bee80ff15dc
com.google.api.client	google-api-data-docs-v3-atom	1.0.7-alpha		f3838aaef45bb565a53dada2f1be2ea4d2a18666
com.google.api.client	google-api-data-docs-v3-atom	1.0.8-alpha		5bb5a8aab7e4ec0b67a2c3d3de81a58ed9f7f09d
com.google.api.client	google-api-data-docs-v3-atom	1.0.9-alpha		79d0cdc0cc715f0fca2689d499f06d97a003f8f7
com.imperva	ddc-core	7.0.0.0.0.0		5fa9f72ab1fdec1d94b47839cc2c0de83b805adb
com.imperva	ddc-core	7.1.0.0.0.0		1d5af590be94332cf6606f7a15a503deb98a3b5a
com.liferay	com.liferay.site.initializer.kanban	1.0.0		daf7a621672b7dd3bfa5f5f8350da2d9a6d74412
com.liferay	com.liferay.site.initializer.kanban	1.0.1		6a741abd0e4000fd54e356c2ac17f9559498657b
com.liferay	com.liferay.site.initializer.kanban	1.0.2		25c2865e5fe11e3cb0f942a2dae84ae17ea26fd3
com.liferay	com.liferay.site.initializer.kanban	1.0.3		84abf9a0a84c1bd361f76a444b99fff984979e0a
com.liferay	com.liferay.site.initializer.kanban	1.0.4		b65a91ace557543da05574f339b4d2cd65dc8eb2
com.liferay	com.liferay.site.initializer.kanban	1.0.5		a4ee4d0e00aceeb959d8f870297dc898bc949eab
com.liferay	com.liferay.site.initializer.kanban	1.0.6		f7da11af9977727bf29c3f4f3253c5f80f41b144
com.mntviews	mnt-bridge-report	1.0.1		55a232da668e2515cfacc3af526132f44a2dceba
com.mntviews	mnt-bridge-report	1.0.4		3218bc1a2f034afbb65ff34ec6d0a73fb31f6672
com.mntviews	mnt-bridge-report	1.0.5		6fe7f536a9d98992378a8e1c0a72b9405dd3fc61
com.outr	scala-stripe_sjs1_2.13	1.1.11		71434881d74ef65c2f4895cebd896ad71231b22f
com.powsybl	open-rao-crac-io-json	5.0.1		e307353abbcc804245482b1dbcc59cd0aa817c4e
com.powsybl	open-rao-crac-io-json	5.1.0		ec1d6fec3a787bff612300ce1b1a8ee03142425f
com.powsybl	open-rao-crac-io-json	5.2.0		8fa93cf2d38a0422ba79645452d6b66a5cd2c395
com.powsybl	open-rao-crac-io-json	5.3.0		72e11497f3da2ae2ec8f895df4071ff312dfb368
com.powsybl	open-rao-crac-io-json	5.4.0		78f54aa958397357a5017914a5174994bd7895f4
com.powsybl	open-rao-crac-io-json	5.5.0		beba86264ac474402b08f845d10adb2ed86b26ce
com.powsybl	open-rao-crac-io-json	5.5.1		643b19dd8ab2306ba17db2a6689d6b581eeb6a85
com.powsybl	open-rao-crac-io-json	5.5.2		6bf0ffd1e793be084a751002f225626f13e978b1
com.powsybl	open-rao-crac-io-json	6.0.0		9ae73004ca46a2c905df2a0ccada5789a95544c3
com.powsybl	open-rao-crac-io-json	6.0.1		b5e2d25ab7a8c2dfb3e3186862f791982300a189
com.powsybl	open-rao-crac-io-json	6.0.2		468e0dee411276f654d5971d5699e3eb303ea59b
com.powsybl	open-rao-crac-io-json	6.1.0		a2fbfb8c6d3f0f6222ded2b6384bad16f2b5e5ed
com.powsybl	open-rao-crac-io-json	6.1.0-RC		fa60591eec2ccb395a0c92a29fd8ecc171534f5a
com.powsybl	open-rao-crac-io-json	6.1.1		c6d34d2fabbace03334d67a1494a1a2d10c44281
com.powsybl	open-rao-crac-io-json	6.1.2		cd66f79f086ccc17b4a96df08498591b4f1c0e56
com.powsybl	open-rao-crac-io-json	6.2.0		3e8350d8c247b34cba7dc5619fea4bcc8605b12c
com.powsybl	open-rao-crac-io-json	6.2.1		09013f8bb13d3ada51863e857edc39e5e8b8dc43
com.powsybl	open-rao-crac-io-json	6.2.2		2cd15b5a5d7ecccb1f4bfb14cc2f27169f64dd59
com.powsybl	open-rao-crac-io-json	6.3.0		54200012b27685a37460d56e2045191fc2972024
com.powsybl	open-rao-crac-io-json	6.4.0		39a44751ae6aec765f9cf13ec5e9d3442d03814e
com.powsybl	open-rao-crac-io-json	6.5.0		e768e53da6e3b494c53934863329130756d1f1ab
com.sap.cloud.environment.servicebinding	java-sap-spring-properties	0.20.0		0a8298da74a672add1647d114f0f71371d5b9e85
com.sap.cloud.environment.servicebinding	java-sap-spring-properties	0.21.0		7e5776457c24b0bce3c23a0ef00d80e6f80ba086
com.spotify	scio-elasticsearch7_2.12	0.10.0		775aa036fac353cc410bae2c4b50e838e37c0d0b
com.spotify	scio-elasticsearch7_2.12	0.10.0-alpha1		588f9029901d95f579795b3ea65ef44a3c477e54
com.spotify	scio-elasticsearch7_2.12	0.10.0-beta1		429bfa18c40c8ae0601666133052c407aa2b380d
com.spotify	scio-elasticsearch7_2.12	0.10.0-beta2		05bd67168256ee03b9dbf7c5d5450cfa3e869606
com.spotify	scio-elasticsearch7_2.12	0.10.0-beta3		6eaad1240a032b90fddb3d8a5d6da08472b448a7
com.spotify	scio-elasticsearch7_2.12	0.10.1		d75c1f24801180516f726ea0140eaa2eef8ae7a8
com.spotify	scio-elasticsearch7_2.12	0.10.2		ab97162844ce8d0c44c39be835e1657b64ce4e80
com.spotify	scio-elasticsearch7_2.12	0.10.3		cc2c489d329d8924159814777cd780f9f884c0d6
com.spotify	scio-elasticsearch7_2.12	0.10.4		524495edf81cd3a7727c006622687e8c2e8f0d4c
com.spotify	scio-elasticsearch7_2.12	0.11.0		aede4926db62e71198a8abcbd24a85a8ae6f9c0d
com.spotify	scio-elasticsearch7_2.12	0.11.1		f80ac90463996ba716a94575588dd0a15e240318
com.spotify	scio-elasticsearch7_2.12	0.11.10		33a20a46baade1554289c2b6b61b77b7ced63bbe
com.spotify	scio-elasticsearch7_2.12	0.11.11		d1de2973e1835af7b483d8fdc5baf156f4f28191
com.spotify	scio-elasticsearch7_2.12	0.11.12		60d9d7b3e965a65f748a1b3a99552a378cef4449
com.spotify	scio-elasticsearch7_2.12	0.11.13		cf46a967ded71d74fc8f08ec06c07a753257e232
com.spotify	scio-elasticsearch7_2.12	0.11.14		4bc0f67c44d6b12e31c5173b3bc1775fd085a5da
com.spotify	scio-elasticsearch7_2.12	0.11.15		773ad9bbb0d4b3f8408c42dbd2ec3c6456620e97
com.spotify	scio-elasticsearch7_2.12	0.11.2		22dac4dc8785ceb29ea262afbad60715906cb337
com.spotify	scio-elasticsearch7_2.12	0.11.2-alpha1		fd82535dca6ebb8ddfdb88e448d370f38682fefa
com.spotify	scio-elasticsearch7_2.12	0.11.3		da4ed34c1ffcbe4af075953a95c7a17b6e46b13a
com.spotify	scio-elasticsearch7_2.12	0.11.4		15b00ee1d6d1cfeabd7f3b9b5208d41b51d94284
com.spotify	scio-elasticsearch7_2.12	0.11.5		fc14475db3f5aafd82f88167e85d7c6e57c8af7e
com.spotify	scio-elasticsearch7_2.12	0.11.6		263a690c31ead3adf3681e812f734ab775c45a05
com.spotify	scio-elasticsearch7_2.12	0.11.7		1e8815f3f1125c6bab5260174197a76bd654d047
com.spotify	scio-elasticsearch7_2.12	0.11.8		ef0c22f1d718bca22aa20a1f4cf98a16f1290b8f
com.spotify	scio-elasticsearch7_2.12	0.11.9		f69f286343cd831735d731e746b88cd3bc3aedfa
com.spotify	scio-elasticsearch7_2.12	0.12.0		7a322454f14d0a5f5c5cddb2ad77b1d5caf60a16
com.spotify	scio-elasticsearch7_2.12	0.12.0-RC1		83afc83241903200448c7d81427d0756950fa868
com.spotify	scio-elasticsearch7_2.12	0.12.0-RC2		7bd5351a36879100e423a9044148bf37c2fb444c
com.spotify	scio-elasticsearch7_2.12	0.12.0-rc1		5e94739ecbd7e93dd5b77d36d9ebac07a952c80a
com.spotify	scio-elasticsearch7_2.12	0.12.1		1300f23ecfecef7ea6bbf1397e0ddcf2d955cb49
com.spotify	scio-elasticsearch7_2.12	0.12.2		856a0f9b7b55f1af21fb30da4fd35bcbca8eaf45
com.spotify	scio-elasticsearch7_2.12	0.12.3		78eb36b3cf4d41ef9831770bc899e296fe656053
com.spotify	scio-elasticsearch7_2.12	0.12.4		fb323e86e1d9ff553b8bd936ada89901d5338941
com.spotify	scio-elasticsearch7_2.12	0.12.5		6951b71f0e8597d96f8b809ca20273b0526b7a1d
com.spotify	scio-elasticsearch7_2.12	0.12.6		4be18496fd500a46df00bf32dd1e61ccac07d7cd
com.spotify	scio-elasticsearch7_2.12	0.12.7		a8fab83b262292be65994399938fea185769c609
com.spotify	scio-elasticsearch7_2.12	0.12.8		71f6cc1022da9e2a05d313586eee88a23d8176d6
com.spotify	scio-elasticsearch7_2.12	0.13.0		970554cf8ec35b1d377b9af5e0dbe3544c4c4b78
com.spotify	scio-elasticsearch7_2.12	0.13.0-RC1		0f4c3a4f6d95ea8b4c7f39f52dbed697cb4fd4ff
com.spotify	scio-elasticsearch7_2.12	0.13.1		5bfa4b26b870a8b7f90f53abc05b4bff985e80c8
com.spotify	scio-elasticsearch7_2.12	0.13.2		ff52ed7db9200a172772f8ca02994d47db14bc8e
com.spotify	scio-elasticsearch7_2.12	0.13.3		88e0650fc3f59cad282208dca5ee7fa34c3cf454
com.spotify	scio-elasticsearch7_2.12	0.13.4		5efb332707c34cb0321182a2340973331c3d8c43
com.spotify	scio-elasticsearch7_2.12	0.13.5		fc3517b8d7bab96635d7def6cf6f83d98d791059
com.spotify	scio-elasticsearch7_2.12	0.13.6		1c1c2cb3023200bd6b70b6648d451b5d3a598d75
com.spotify	scio-elasticsearch7_2.12	0.14.0		ef72d7446399196ad742135778c8a90e3523605e
com.spotify	scio-elasticsearch7_2.12	0.14.0-dev0		5a9aad1efd0c262452b3208b63747f3bf81b097b
com.spotify	scio-elasticsearch7_2.12	0.14.0-dev1		855859e7fef15c7090fb3d4404778fbc77a2c61f
com.spotify	scio-elasticsearch7_2.12	0.14.1		99cbf446f93ec55ccc016618d1c434e76047cc15
com.spotify	scio-elasticsearch7_2.12	0.14.10		9da67758ff06e36e39e8350dbaac36e811e2b1de
com.spotify	scio-elasticsearch7_2.12	0.14.11		9c8c666afc702bc6c471173b2a05f4033701a119
com.spotify	scio-elasticsearch7_2.12	0.14.12		17207effa912cd40d11553fe093754ee802aeb31
com.spotify	scio-elasticsearch7_2.12	0.14.13		9bfd21a4fe121e5f2596b65fd9016f098dbc8e94
com.spotify	scio-elasticsearch7_2.12	0.14.14		47e5f5722d44b6f61ec0162afd27e57d5791282f
com.spotify	scio-elasticsearch7_2.12	0.14.15		d8f94d14429e201b82d69eb2b89d76ce4984c587
com.spotify	scio-elasticsearch7_2.12	0.14.16		d59f02f77d502c8383b50ce0d31f2e6b99da2c56
com.spotify	scio-elasticsearch7_2.12	0.14.17		5b06e1d86742b0086c16b4a41cde091a7a9e3107
com.spotify	scio-elasticsearch7_2.12	0.14.2		83ed4257542fbaf31e28ad776a741366963f83a8
com.spotify	scio-elasticsearch7_2.12	0.14.3		448e75b25678eefdcac181ebbe1a16ce9bfa04cd
com.spotify	scio-elasticsearch7_2.12	0.14.4		febee481b7ff665bacae9e3631a99680f37e0a0d
com.spotify	scio-elasticsearch7_2.12	0.14.5		b6e8e41c5cff1b384cde4d04939ee93ac636f73f
com.spotify	scio-elasticsearch7_2.12	0.14.6		9566acbff196c61f36f5618697ef5503aa4601eb
com.spotify	scio-elasticsearch7_2.12	0.14.7		c85ed646bc96e7ed9c1b69273f040e692cc93a86
com.spotify	scio-elasticsearch7_2.12	0.14.8		6a7b164b88e6396ca739a394dcb3f930a72f5898
com.spotify	scio-elasticsearch7_2.12	0.14.9		f6c8a7675704c5e0f860b5038cb40c0627f3d19c
com.spotify	scio-elasticsearch7_2.12	0.8.0		311e0a8271fbe35e7b7615dae94e5917563f28af
com.spotify	scio-elasticsearch7_2.12	0.8.0-alpha2		d6d3d0d6f9223880e2fb55feae22fff0a4e9ce7e
com.spotify	scio-elasticsearch7_2.12	0.8.0-beta1		c8825914e4e169c00c0e023f959a9fe22d7ba301
com.spotify	scio-elasticsearch7_2.12	0.8.0-beta2		7eebb50af59019825cd3f805124078ba4a832b21
com.spotify	scio-elasticsearch7_2.12	0.8.1		a031d4d883c1803774c3cfe64890a87251330596
com.spotify	scio-elasticsearch7_2.12	0.8.2		e26298c1751e804f7f5a2384bd70783d4ebc39a0
com.spotify	scio-elasticsearch7_2.12	0.8.3		4f9c508fe5ca651b42d1a70f9c218670364542ad
com.spotify	scio-elasticsearch7_2.12	0.8.4		34e7f0f27836af4718d4344daeafe3063159d066
com.spotify	scio-elasticsearch7_2.12	0.9.0		350ac8e50badbfb299755f764c3ec3424a74395f
com.spotify	scio-elasticsearch7_2.12	0.9.1		4eabad4045bd5de75178289f31d86e3945f2c898
com.spotify	scio-elasticsearch7_2.12	0.9.2		7f310950e76ba3be818886f648fb4da5bbe67c04
com.spotify	scio-elasticsearch7_2.12	0.9.3		1dec0c48eba65a7e03ca163cf557451ddb3f89af
com.spotify	scio-elasticsearch7_2.12	0.9.4		8ba8e80cfe1b6a37d93628f1ecb2c17302035b35
com.spotify	scio-elasticsearch7_2.12	0.9.5		2669bd579532888d65fdd3f811a97bcb06d93d42
com.spotify	scio-elasticsearch7_2.12	0.9.6		a239f78e819cb2acda0b217b563d3288957fea8c
com.streethawk.phonegap	core	1.8.5		N/A
com.talk2object.plum	plum-lib-view	0.1.14		N/A
com.talk2object.plum	plum-lib-view	0.1.15		N/A
com.talk2object.plum	plum-lib-view	0.1.16		N/A
com.talk2object.plum	plum-lib-view	0.1.21		N/A
com.talk2object.plum	plum-lib-view	0.1.22		N/A
com.talk2object.plum	plum-lib-view	0.1.9		N/A
com.unblu.tools	http-request-recorder-cli	2.0.2		42140e88da2c6a4be8bb96b8cf7ef62fe2ea3d82
com.unblu.tools	http-request-recorder-cli	2.0.2	all	b55a2fc8bb4f3dd763f6cb56a1cf3d6fd6aa44f8
com.unblu.tools	http-request-recorder-cli	3.0.0		79e66894112342f603ea7567ab1cee6f588cf1d1
com.unblu.tools	http-request-recorder-cli	3.0.0	all	ec018fe043d2d5ee9a32f4cc13223b6b5728158a
com.unblu.tools	http-request-recorder-cli	3.1.0		839d97f1f7c96dcdf3384cb52cb34ff41fa109fb
com.unblu.tools	http-request-recorder-cli	3.1.0	all	ddedd5bfac0f65a87e475ab0d30cfaed1872cf1f
com.unblu.tools	http-request-recorder-cli	3.1.1		78033c99acd161b3aab10f6209e6cb07c208537a
com.unblu.tools	http-request-recorder-cli	3.1.1	all	4c53693f860315b6319a474f176c632fcf3e4385
com.unblu.tools	http-request-recorder-cli	3.1.2		63eebfe6c9b33b195d65aaa90e52cc417df7788c
com.unblu.tools	http-request-recorder-cli	3.1.2	all	a4dbe4259caf3f0cb34b251cd35f97ef09ed8694
com.unblu.tools	http-request-recorder-cli	3.1.3		d4801bccec5852aaaa403402f590547bd2c85cf3
com.unblu.tools	http-request-recorder-cli	3.1.3	all	febbe9988064cf56bcb605910cdf6a9997f4ed55
com.unblu.tools	http-request-recorder-cli	4.0.0		855feedd9502160454dd3d4487481c87bb291be1
com.unblu.tools	http-request-recorder-cli	4.0.0	all	988d8b718e832029bc1944f2d5dd187f74534491
com.unblu.tools	http-request-recorder-cli	4.0.1		a130ddd8d57541ae428c1074d36e12cd97076e1c
com.unblu.tools	http-request-recorder-cli	4.0.1	all	df22d19a78c57f39e3fffd7a2623580b53c506d7
com.unblu.tools	http-request-recorder-cli	4.0.2		ca22de123fa58b4324360f8e2f658c109210ed37
com.unblu.tools	http-request-recorder-cli	4.0.2	all	d034b0a447c7a1328e6da13e3196312c8283f385
com.unblu.tools	http-request-recorder-cli	4.0.3		a075b16616f3152b77d044cd3d681d2f80a96ce1
com.unblu.tools	http-request-recorder-cli	4.0.3	all	8384507fa0db4aab837fbc88dd0066b371d4dcfa
com.vaadin	vaadin-crud-flow-root	1.0.0		N/A
com.vaadin	vaadin-crud-flow-root	1.0.1		N/A
com.vaadin	vaadin-crud-flow-root	1.0.2		N/A
com.vaadin	vaadin-crud-flow-root	1.0.3		N/A
com.vaadin	vaadin-crud-flow-root	1.1.0		N/A
com.vaadin	vaadin-crud-flow-root	1.1.1		N/A
com.vaadin	vaadin-crud-flow-root	2.0.0		N/A
com.vaadin	vaadin-crud-flow-root	2.0.1		N/A
com.vaadin	vaadin-crud-flow-root	2.1.0		N/A
com.vaadin	vaadin-crud-flow-root	2.1.2		N/A
com.vaadin	vaadin-crud-flow-root	2.1.3		N/A
com.vaadin	vaadin-crud-flow-root	2.2.0		N/A
com.vaadin	vaadin-crud-flow-root	2.3.0		N/A
com.vaadin	vaadin-crud-flow-root	3.0.0		N/A
com.vaadin	vaadin-crud-flow-root	3.0.1		N/A
com.vaadin	vaadin-crud-flow-root	3.1.0		N/A
com.vaadin	vaadin-crud-flow-root	3.1.1		N/A
com.vaadin	vaadin-crud-flow-root	4.0.0		N/A
com.vogle.sbpayment	sbpayment-creditcard	0.1.1		b3386e7299a15337ecb3e4ac6c3f65229185de65
com.vogle.sbpayment	sbpayment-creditcard	1.0.0		2be1b674249d5a6640ca1b689fff1aea45ca9fd7
commons-collections	commons-collections	1.0		952a3a714a16094aabeb3812e800486d4832b598
commons-collections	commons-collections	2.0		abf9656768db720f93eae5b6db079c7ca6bcf811
commons-collections	commons-collections	2.0.20020914.015953		d13c77bbc1d0a5409ce1da525575acc123ddf3bf
commons-collections	commons-collections	2.0.20020914.020746		63be250c38ff0803a6180e99758a16274cc0e929
commons-collections	commons-collections	2.0.20020914.020858		7055a5a68f209729b768de0658d354a88db2539f
commons-collections	commons-collections	2.1		8e10f94f30ea064eee3cb94f864dc9c31e30e8af
commons-collections	commons-collections	2.1.1		017c599cfcc98d31ce2d2688b4f8826bbeb9aa98
commons-collections	commons-collections	20030418.083655		8d2058fde68eace74d0375007ad2024296f32519
commons-collections	commons-collections	20031027.000000		d104617ef459c505b3283f4ed14bc3c831c0e5bc
commons-collections	commons-collections	20040102.233541		024c5165380cc2461b48628e541990f4cd855def
commons-collections	commons-collections	20040616		00401e6c7461234cd768dc23dd1039721ee60f6b
commons-collections	commons-collections	3.0		aa12980fe4eca7331a660bdeed371d024687c68d
commons-collections	commons-collections	3.0-dev2		d104617ef459c505b3283f4ed14bc3c831c0e5bc
commons-collections	commons-collections	3.1		40fb048097caeacdb11dbb33b5755854d89efdeb
commons-collections	commons-collections	3.2		f951934aa5ae5a88d7e6dfaa6d32307d834a88be
commons-collections	commons-collections	3.2.1		761ea405b9b37ced573d2df0d1e3a4e0f9edc668
commons-collections	commons-collections	3.2.2		8ad72fe39fa8c91eaaf12aadb21e0c3661fe26d5
de.articdive	jnoise-core	4.0.0		13c5533196196541fbbcf5ff0b0fc0d2f05a1a83
de.articdive	jnoise-core	4.1.0		0d631bc94d1326af85dae43f65f0e240c6bc1a15
de.sciss	lucre-bdb_2.12	3.10.0		748cfdb625342f355bbdb62c508b97221a8bf823
de.sciss	lucre-bdb_2.12	3.10.1		f0c3c6673bc7b3a0fdc0fbc48dfa5758c2b538bf
de.sciss	lucre-bdb_2.12	3.11.0		91411f1d159475ca41545e2c69936f3e1387053e
de.sciss	lucre-bdb_2.12	3.11.1		9f178d950f366760323f6c93beb8db98e4bfdcc3
de.sciss	lucre-bdb_2.12	3.12.0		911fa43f53c4f4df57c7364e224f16e4fab8aa75
de.sciss	lucre-bdb_2.12	3.13.0		6e5143fc227397351ccbf562c2f4e71ece48bd1f
de.sciss	lucre-bdb_2.12	3.13.1		5235e316a4a0f3f9946f1b64147b3aa35a86f596
de.sciss	lucre-bdb_2.12	3.14.0		f30cee4bb9153cc62946f7b2a952956317521ae4
de.sciss	lucre-bdb_2.12	3.15.0		c390dd88e573c944d9021236784cdf0bacf85d11
de.sciss	lucre-bdb_2.12	3.15.1		719d869ef89c80d10df0d4a1d19bdcf0b94402eb
de.sciss	lucre-bdb_2.12	3.15.2		9d76c0c8e6aa2db5f7edc11436cf6b67f956ac2c
de.sciss	lucre-bdb_2.12	3.15.3		22c9ece1803f5940b60dd16d0c7028506167ff04
de.sciss	lucre-bdb_2.12	3.16.0		53458de7b9e872281c33777dbe7979d26494524e
de.sciss	lucre-bdb_2.12	3.16.1		a12620b6ccb7764075547c74c7e22a70ecc859e0
de.sciss	lucre-bdb_2.12	3.16.2		615770f525efeeca1c5f69ab6c2db208d8abf271
de.sciss	lucre-bdb_2.12	3.16.3		fc938bff2681318f0a8ab8a7d6fe7bf5702672eb
de.sciss	lucre-bdb_2.12	3.16.4		593d0838ac802fd2b97b2ec06ad0723e96c89262
de.sciss	lucre-bdb_2.12	3.17.0		52092b80c436f0cb1c05b9aabbcc1096a863932c
de.sciss	lucre-bdb_2.12	3.17.1		22708ab811855df65c0f9626d6e3a790468e8c0c
de.sciss	lucre-bdb_2.12	3.17.2		d04380c59a6838c23b1a246a12beae5e032f1f4b
de.sciss	lucre-bdb_2.12	3.17.3		71210e25a80c83b0cbabdcca21a2acbdbb5aff20
de.sciss	lucre-bdb_2.12	3.17.4		2e3f7510d4d987df5060ac6fcee67b8aa9d8a2be
de.sciss	lucre-bdb_2.12	3.17.5		899003679f9814dc94803edaa4dee2e64169372f
de.sciss	lucre-bdb_2.12	3.17.6		4b6a1acfb1835bb3c5ee39aea3b31f8175bdc43b
de.sciss	lucre-bdb_2.12	3.17.7		9abca5a8107eb6851d7a29219eebef01f3f094dd
de.sciss	lucre-bdb_2.12	3.3.2		a9d82fb6ca2a1bedb0dd577a4de423abc66da231
de.sciss	lucre-bdb_2.12	3.3.3		729f97362a58d3f178b7bd342c4871cec0a5ddd6
de.sciss	lucre-bdb_2.12	3.4.0		0d1f9ba1cfbca64b705a5ad0577dd691d8fe4117
de.sciss	lucre-bdb_2.12	3.4.1		f423158dec77ca6120828b88399bac10cd082562
de.sciss	lucre-bdb_2.12	3.5.0		495e690e78ed88cbbc066a7673901c61063f469c
de.sciss	lucre-bdb_2.12	3.6.0		d007adbe370c8d95f19d08c00300218c678ac3f4
de.sciss	lucre-bdb_2.12	3.7.0		678062d5585577ee5dad697199552c0f5e2b97f4
de.sciss	lucre-bdb_2.12	3.7.1		547cc35f9a884b11e5fda4670bafa8d0e0a646b4
de.sciss	lucre-bdb_2.12	3.8.0		29f51ff9498e93fc51ad5ee11734f93cfae729c9
de.sciss	lucre-bdb_2.12	3.9.0		61776aea6143e276fe46960d523631228c69d81b
de.sciss	lucre-bdb_2.12	3.9.1		7de1129141fc16237882568bb781d1b191dff415
de.sciss	lucre-bdb_2.12	4.0.0		a8e5cf0218bfb503cbbcc93bfe20b739beef0a24
de.sciss	lucre-bdb_2.12	4.0.1		5f973d93cecb53729a7ea2dd3f40f3e2e654c58c
de.sciss	lucre-bdb_2.12	4.1.0		ae36dd031ea8ae673a1de3e45ffe1d26b33e2859
de.sciss	lucre-bdb_2.12	4.2.0		6c396235c540954659cca824b2ef066377023166
de.sciss	lucre-bdb_2.12	4.3.0		325bac8c4ab704b71680b7c3a59a830f8b38abb9
de.sciss	lucre-bdb_2.12	4.4.0		be57f26dd29f1747ec7ca6ea245fe2119b026753
de.sciss	lucre-bdb_2.12	4.4.1		8e877f381d620814718ad6d28bde52834389965c
de.sciss	lucre-bdb_2.12	4.4.2		8569c8923e1f9473a1b529e3340b768a13fd8466
de.sciss	lucre-bdb_2.12	4.4.3		24623da393d51f481744d89696c370249eb5f286
de.sciss	lucre-bdb_2.12	4.4.4		74a1d0cdc3bfc9d96dc9556ef1830f380b7c2378
de.sciss	lucre-bdb_2.12	4.4.5		a3f3ea25d9beebbafdaf9c4a5a368ed09c34ae1d
de.sciss	lucre-bdb_2.12	4.5.0		c8ab8bb9e3eebd62fe921634c5e8fa539ff332bf
de.sciss	lucre-bdb_2.12	4.5.1		e5910b3da316f3be570e68969b125e45657442e7
de.sciss	lucre-bdb_2.12	4.5.2		720fdc272d456c637f56f7d5c65bc38c4f528b16
de.sciss	lucre-bdb_2.12	4.5.3		892f8a7dedd1bf4e0fe278209e03672cfddb1272
de.sciss	lucre-bdb_2.12	4.6.0		83ff76e7f0fed30e3273a835027ff4102496eca6
de.sciss	lucre-bdb_2.12	4.6.1		7bd22a1306b7bacae433a26324b75d3c78b7f6f2
de.sciss	lucre-bdb_2.12	4.6.2		78330ab7dbf557a19af998ccc60b1055f5313571
de.sciss	lucre-bdb_2.12	4.6.3		93e12f3edbea3f18d8e29ba2da8b81faf7b47c41
de.sciss	lucre-bdb_2.12	4.6.4		465edbbe290eebb095e659e91da1efbb91c662cc
de.sciss	lucre-bdb_2.12	4.6.5		03868a860e1968cb02df5e0aec7765929fb268be
de.sciss	lucre-bdb_2.12	4.6.6		d2c317622a842997536783d38e8344fbc0d199dd
dev.gitlive	firebase-firestore-js	0.1.0		6530858447152716612cb0e3ebe13cd2b60d8926
dev.gitlive	firebase-firestore-js	0.1.0-beta		4a25cd007759009d601097a6b4e441a323df356b
dev.gitlive	firebase-firestore-js	0.2.0		e97f993eb3885f6ad9545add7df0a197eb617314
dev.gitlive	firebase-firestore-js	0.4.0		2dc622dd908761c297978363a92cee12e271f3f8
dev.gitlive	firebase-firestore-js	1.0.0		6728c3347d58d23f53d7fec78057e580df63f2b3
dev.gitlive	firebase-firestore-js	1.1.0		00a87163223c88566e9458a5fa76aed76b1df217
dev.gitlive	firebase-firestore-js	1.10.0		8d3d2e6eba60899811fde25e5a7bccc61080b760
dev.gitlive	firebase-firestore-js	1.10.1		8d3d2e6eba60899811fde25e5a7bccc61080b760
dev.gitlive	firebase-firestore-js	1.10.2		8d3d2e6eba60899811fde25e5a7bccc61080b760
dev.gitlive	firebase-firestore-js	1.10.3		8d3d2e6eba60899811fde25e5a7bccc61080b760
dev.gitlive	firebase-firestore-js	1.10.4		8d3d2e6eba60899811fde25e5a7bccc61080b760
dev.gitlive	firebase-firestore-js	1.11.0		N/A
dev.gitlive	firebase-firestore-js	1.11.1		N/A
dev.gitlive	firebase-firestore-js	1.11.2		N/A
dev.gitlive	firebase-firestore-js	1.12.0		N/A
dev.gitlive	firebase-firestore-js	1.13.0		N/A
dev.gitlive	firebase-firestore-js	1.2.0		2ea957680ce3f66381c1f0c0464cbaf100e6e9ec
dev.gitlive	firebase-firestore-js	1.3.0		495a9e13bbc43aa81b009967876863187472c29c
dev.gitlive	firebase-firestore-js	1.3.1		7d4ae234c96e18ba2836484d4e5185e137f0cfab
dev.gitlive	firebase-firestore-js	1.4.0		be08af71461c83983bda9580175b5f3053db4f1c
dev.gitlive	firebase-firestore-js	1.4.1		1fee6332a699525265f1540d25e6a16fa74f8c82
dev.gitlive	firebase-firestore-js	1.4.2		052321486b49519fe7b9322fb3c1dfa747bf0804
dev.gitlive	firebase-firestore-js	1.4.3		dee68255f00e4d4c947d784b2a2916083292b4f2
dev.gitlive	firebase-firestore-js	1.4.3-alpha		d1ce227971c8907050ce286758af5b7a5ab0e37c
dev.gitlive	firebase-firestore-js	1.5.0		fb92b5e8b80a51e340e2ea4358b6011ef9024d46
dev.gitlive	firebase-firestore-js	1.6.0		b74d3b7023a8f5edf03de62cf8d887d6aa8289f4
dev.gitlive	firebase-firestore-js	1.6.1		c33e1545ece53069a57c20710b47c108d56c866f
dev.gitlive	firebase-firestore-js	1.6.2		aaf91edb62edb9e2cd18b0e28a258ec4fede5686
dev.gitlive	firebase-firestore-js	1.7.0		c9f45af5bd3e357f11f65f3c98f8ed099ee9d684
dev.gitlive	firebase-firestore-js	1.7.1		84c3bc2b39c15231f82cb66901c4dd06e71887fc
dev.gitlive	firebase-firestore-js	1.7.2		4f613e2d9b2aea91ec9368e3a8c69609944b4ab4
dev.gitlive	firebase-firestore-js	1.8.0		a3450006af7eb0c3ace3153b165ff30d836d0308
dev.gitlive	firebase-firestore-js	1.8.1		58741ac83277e6a1086afcac8249b040d5406d9c
dev.gitlive	firebase-firestore-js	1.8.2		5ffb0e2411e643208f8ccf02a50082870b4d5531
dev.gitlive	firebase-firestore-js	1.9.0		19e84bd807e3222c55cb549c277c839d2375904c
dev.gitlive	firebase-firestore-js	2.0.0		N/A
dev.gitlive	firebase-firestore-js	2.1.0		N/A
dev.jordond.peekaboo	peekaboo-image-picker-android	0.6.0		N/A
dev.jordond.peekaboo	peekaboo-image-picker-android	0.6.1		N/A
fr.jetoile.hadoop	hadoop-unit-cassandra	1.2		ea269b922eee718f9093339b0e5c7753a845627c
fr.jetoile.hadoop	hadoop-unit-cassandra	1.3		4e0461679ec013eee994a37060fdaf0bc9d83eeb
fr.jetoile.hadoop	hadoop-unit-cassandra	1.4		9124437b3272af0eee29bfcc30a11874e35ed00a
fr.jetoile.hadoop	hadoop-unit-cassandra	1.5		1add4f54907e120838d5115127fb77bbf7965826
fr.jetoile.hadoop	hadoop-unit-cassandra	2.0		a53042bb4c17a2525ec97d26a4c0b2f106d407cf
fr.jetoile.hadoop	hadoop-unit-cassandra	2.1		49b3873d708208e96ce0b5cf246c97c8db3e1350
fr.jetoile.hadoop	hadoop-unit-cassandra	2.10		b3b85ebcd0164140af65730a648e85497013a1c4
fr.jetoile.hadoop	hadoop-unit-cassandra	2.10.1		38e3cb69d263e9f7eb30e877a14fc23b250ffff9
fr.jetoile.hadoop	hadoop-unit-cassandra	2.2		1ab3c6acdb2fc39dbbbb1aaf21666ebac8665a60
fr.jetoile.hadoop	hadoop-unit-cassandra	2.3		c801a9a8c8a26f7e0ac9147d848027652a05af6c
fr.jetoile.hadoop	hadoop-unit-cassandra	2.4		b61609cb45787178b1d3513aba85e7771fdbd8f5
fr.jetoile.hadoop	hadoop-unit-cassandra	2.5		46c72cbb2d2bf2c05f33e5e11ff444148ad01ba0
fr.jetoile.hadoop	hadoop-unit-cassandra	2.6		6b846bfca8fd74e4d2bd6c4acdf87ba1ec955b06
fr.jetoile.hadoop	hadoop-unit-cassandra	2.7		e9dcc3fa41bbd936b8d509288765a39a66d5bb34
fr.jetoile.hadoop	hadoop-unit-cassandra	2.8		90fad64bf10f6f4536ce303e1ef61e6801293c0d
fr.jetoile.hadoop	hadoop-unit-cassandra	2.9		0af4de3573e1a8661739bb7e4839b17ac1502c57
fr.jetoile.hadoop	hadoop-unit-cassandra	3.0		37a446d2f67d8802d39ad6731cbfe0b91bb8e0a8
fr.jetoile.hadoop	hadoop-unit-cassandra	3.1		8f6be021db23f0b1f4ceef7c621c65b2b28af086
fr.jetoile.hadoop	hadoop-unit-cassandra	3.2		96d83031f5343f3cdf502a7b1191f5a01935ece5
fr.jetoile.hadoop	hadoop-unit-cassandra	3.3		ca9650417e6a0d16830b81c750d91f45d65cb61f
fr.jetoile.hadoop	hadoop-unit-cassandra	3.4		8094a22900f0a17f2986ba69d5f687866da655b6
fr.jetoile.hadoop	hadoop-unit-cassandra	3.5		138fccae15b6da445907644fe8c59ed69039a580
fr.jetoile.hadoop	hadoop-unit-cassandra	3.6		9c883bf527dfa4a656b6a601a3dbcae7f87d8c5d
fr.jetoile.hadoop	hadoop-unit-cassandra	3.7		41228ba71db6c0b84f3cc25627d269f6f06fef0e
fr.jetoile.hadoop	hadoop-unit-cassandra	3.8		f9d3cc238ec943830da74fc9aef88d5ebb2cac32
io.7mind.izumi	logstage-rendering-circe_2.13	0.10.0		c292ae7c183403d304ef4dd20b77383c1da171c4
io.7mind.izumi	logstage-rendering-circe_2.13	0.10.0-M1		a8c7023e6ea0f4ff891582a88d196c5fb114148f
io.7mind.izumi	logstage-rendering-circe_2.13	0.10.0-M10		f9c5aba90e67bb39af42240893e6ce330fdd7d8c
io.7mind.izumi	logstage-rendering-circe_2.13	0.10.0-M10-ZIORC16		914fd60d45ad2f37c6e29adedad8897d909bffe6
io.7mind.izumi	logstage-rendering-circe_2.13	0.10.0-M11		f42e8f1cb993cd9e9ef91e71488d8d8c1da77370
io.7mind.izumi	logstage-rendering-circe_2.13	0.10.0-M11-ZIORC16		5f31e2e3de540cb00f5505c72b7b6f5611f8fcce
io.7mind.izumi	logstage-rendering-circe_2.13	0.10.0-M12		fc82b5d1964f2cc438ce63d87a5cca62773b1086
io.7mind.izumi	logstage-rendering-circe_2.13	0.10.0-M12-ZIORC16		30e08d6d8c2d217d892e1d6296e849a17d12e340
io.7mind.izumi	logstage-rendering-circe_2.13	0.10.0-M13		7b1643fd2c7e14def6cccdd73e1290106739bd4d
io.7mind.izumi	logstage-rendering-circe_2.13	0.10.0-M13-ZIORC16		efe73c01d896e79533e0cb1c56fc4828d3ddf44a
io.7mind.izumi	logstage-rendering-circe_2.13	0.10.0-M2		0729a82cfda8969c0c3f74a550594acb06f585fb
io.7mind.izumi	logstage-rendering-circe_2.13	0.10.0-M3		3c5cf487aacddf19c670f84d0ea1df3189252ec4
io.7mind.izumi	logstage-rendering-circe_2.13	0.10.0-M4		bd3a593afe6bbbcfb0dedfb7355701082a1fb237
io.7mind.izumi	logstage-rendering-circe_2.13	0.10.0-M5		25e97771944734ff4a24fb4911b6f18da7f11e84
io.7mind.izumi	logstage-rendering-circe_2.13	0.10.0-M6		e169a414f04cdb54ad3707e7c5dbaa7e6c187e62
io.7mind.izumi	logstage-rendering-circe_2.13	0.10.0-M7		4b27151cd9b5820d814f404fc356179b79fcf2c2
io.7mind.izumi	logstage-rendering-circe_2.13	0.10.0-M8		991475d6291d6b70f9223eab9ca9a36575bc56ff
io.7mind.izumi	logstage-rendering-circe_2.13	0.10.0-M8-ZIORC16		05ec9469d250e1cd373f7f1924b7c3862c83a6c0
io.7mind.izumi	logstage-rendering-circe_2.13	0.10.0-M9		6d4927d68918aded5f17784740c86aad881e4276
io.7mind.izumi	logstage-rendering-circe_2.13	0.10.0-M9-ZIORC16		b2f62b5da28f4834bc1bfa3676f83d45259a6b7a
io.7mind.izumi	logstage-rendering-circe_2.13	0.10.0-ZIORC16		cd3350f137b93553b0b6067d6487ce59767c85bb
io.7mind.izumi	logstage-rendering-circe_2.13	0.10.1		e1e7a89b8b151e75e9cf5b013201cc1490fa8471
io.7mind.izumi	logstage-rendering-circe_2.13	0.10.1-ZIORC16		1f9cbae0956b781c452b56faf55f3b02dba8c72b
io.7mind.izumi	logstage-rendering-circe_2.13	0.10.10		81f4595bb34180b48806307f95369d213f04975b
io.7mind.izumi	logstage-rendering-circe_2.13	0.10.11		526dbe62c2558f2d91fca8ad3ee9b3e9bfe5437a
io.7mind.izumi	logstage-rendering-circe_2.13	0.10.12		5b12b756f4b9ce1a6cec98bbb884c1198c0a44dd
io.7mind.izumi	logstage-rendering-circe_2.13	0.10.13		818f9a293cff9b74533e42c1eed0a001c01f903f
io.7mind.izumi	logstage-rendering-circe_2.13	0.10.14		0de8c7bc026a722f2b1f021e03c9f74a89a1a12f
io.7mind.izumi	logstage-rendering-circe_2.13	0.10.15		91a4c6edd0cfee5ec32612ce7a31a27b276b2de0
io.7mind.izumi	logstage-rendering-circe_2.13	0.10.16		c8814ecd619bde4a6e9262335d2748d105ccf127
io.7mind.izumi	logstage-rendering-circe_2.13	0.10.17		25c7f237def3056535558755c1ea7b26ae93d12f
io.7mind.izumi	logstage-rendering-circe_2.13	0.10.18		c29d88ffbd0e01521f5c69b730b3b834b6430784
io.7mind.izumi	logstage-rendering-circe_2.13	0.10.19		9227e8d6a34d7ec9e49175a2003dec10bca46f5b
io.7mind.izumi	logstage-rendering-circe_2.13	0.10.2		a03c4425356f62ee5f9320833c7488de12894bcf
io.7mind.izumi	logstage-rendering-circe_2.13	0.10.2-M1		69d754980062139a65533f92fec8e70052176082
io.7mind.izumi	logstage-rendering-circe_2.13	0.10.2-M2		948cca43dcd3e05b843b27b793d4b3cbb3850f44
io.7mind.izumi	logstage-rendering-circe_2.13	0.10.2-M3		8aa954d5dbaf9c5c77b85fa9bcd0c660d94801b5
io.7mind.izumi	logstage-rendering-circe_2.13	0.10.2-M6		1385eaa591447e7cfd3d89f4751702b5df068b41
io.7mind.izumi	logstage-rendering-circe_2.13	0.10.2-M7		b3ea690f29b8da9695d8c02b8856d30d915b1378
io.7mind.izumi	logstage-rendering-circe_2.13	0.10.2-M7-ZIORC16		23631be16094a920ce7b0f81081e3f48f006f56b
io.7mind.izumi	logstage-rendering-circe_2.13	0.10.2-M8		ff91bd0961faf75e81e159d3827b825a4393f4be
io.7mind.izumi	logstage-rendering-circe_2.13	0.10.2-M8-ZIORC16		1c3f7f3a32a067a5f305505e4ffb7db86cdda50b
io.7mind.izumi	logstage-rendering-circe_2.13	0.10.3		cebd1e633c087c3fc1cdb7a1a9a67da251bb82bc
io.7mind.izumi	logstage-rendering-circe_2.13	0.10.3-M1		2812198e511300229e443d4731765bfc76ac8f5a
io.7mind.izumi	logstage-rendering-circe_2.13	0.10.3-M2		e1b62d73b23b3eccbe140a46f855fe9ce4059cf4
io.7mind.izumi	logstage-rendering-circe_2.13	0.10.4		95e5677171b6316f0c2da8d95f02ccdca4ea4373
io.7mind.izumi	logstage-rendering-circe_2.13	0.10.5		7dbcad310513ec468ec11b6ed379781d99218388
io.7mind.izumi	logstage-rendering-circe_2.13	0.10.6		39cc97c8d66283aaa6bc1127510a008a30e661dc
io.7mind.izumi	logstage-rendering-circe_2.13	0.10.7		2551b3ce21c9caace70ea41dd11ad811f6598a4e
io.7mind.izumi	logstage-rendering-circe_2.13	0.10.8		2983a3b22e6406fdc469c20642d5ea98d1bf479d
io.7mind.izumi	logstage-rendering-circe_2.13	0.10.9		e8941fd68e2803644845984dd6db6c3a97747919
io.7mind.izumi	logstage-rendering-circe_2.13	0.8.7		5612833666450c14d5061554f3558c24176ea98e
io.7mind.izumi	logstage-rendering-circe_2.13	0.8.8		c7022bd61c6697d13a9963f5170b7890cd73cc97
io.7mind.izumi	logstage-rendering-circe_2.13	0.8.8.1		3aaafbaf681a9700f5b41d06dbaf89e1dac14396
io.7mind.izumi	logstage-rendering-circe_2.13	0.8.8.2		2298a756344af4ef8239e1fddbadc65eb2e7070f
io.7mind.izumi	logstage-rendering-circe_2.13	0.8.8.3		3051337e58a8ac69cfbdb14c0316195fdce7a1a3
io.7mind.izumi	logstage-rendering-circe_2.13	0.8.9		5b59e1f2ab41c61746e4e8af424ad33828060eb7
io.7mind.izumi	logstage-rendering-circe_2.13	0.9.0		6ae71918c1da472e766d3d7f235cd0d2c297d7b8
io.7mind.izumi	logstage-rendering-circe_2.13	0.9.1		64ef920531e563edc3ef9d78417a6e6ac4d385e9
io.7mind.izumi	logstage-rendering-circe_2.13	0.9.10		31592a5ac24da5f32573c50908a9a7971b3e1344
io.7mind.izumi	logstage-rendering-circe_2.13	0.9.11		ad8758f267d027f4dd038d52ddb9c20d887fbc7a
io.7mind.izumi	logstage-rendering-circe_2.13	0.9.12		467648451d99c7bee56f5e6d21e2ea5a18fd980d
io.7mind.izumi	logstage-rendering-circe_2.13	0.9.12-M1		c4ebaa2be9788b82e6c0ef02de66fd90039033ba
io.7mind.izumi	logstage-rendering-circe_2.13	0.9.12-M2		e1a6326d0bc826e9c0d01ad157fffe99557aace7
io.7mind.izumi	logstage-rendering-circe_2.13	0.9.13		2a1d7fcdb5657372561f5591de4669e2a003a141
io.7mind.izumi	logstage-rendering-circe_2.13	0.9.14		3028b7af445a26ab61a52092eb6c1ec71e4f487c
io.7mind.izumi	logstage-rendering-circe_2.13	0.9.14-ZIORC16		9e2cf692f8ee172183ff9375755f91bdc9799b4f
io.7mind.izumi	logstage-rendering-circe_2.13	0.9.15		8be5bd4326a22a048ef1a09a2bed20b8e6aac8e5
io.7mind.izumi	logstage-rendering-circe_2.13	0.9.16		b18c03278e9b8f2c3d64d2e1cc6695cd9ccba988
io.7mind.izumi	logstage-rendering-circe_2.13	0.9.16-ZIORC16		41139b2024dcff4f5364174b454af124de2651b3
io.7mind.izumi	logstage-rendering-circe_2.13	0.9.17		8743404b5f59abdd77598b67e2cb1bdee4771547
io.7mind.izumi	logstage-rendering-circe_2.13	0.9.2		19acc183a49bcde384a5613d504ad02eb2008b2a
io.7mind.izumi	logstage-rendering-circe_2.13	0.9.3		c482f9284ac27d39c852a70f6f5e12f912f931cd
io.7mind.izumi	logstage-rendering-circe_2.13	0.9.4		0bf85928a6173cf68e3a436652d26f21d66ffdd1
io.7mind.izumi	logstage-rendering-circe_2.13	0.9.4-M0		271271d88ced6f872c206c2bf6bdc86bbcc521c9
io.7mind.izumi	logstage-rendering-circe_2.13	0.9.4-M1		b14ae81d64f9bbade166b72013e5c2daf11d1ed8
io.7mind.izumi	logstage-rendering-circe_2.13	0.9.4-M2		f7ef22944b424780ef9fc8ad7cf4c884f40de445
io.7mind.izumi	logstage-rendering-circe_2.13	0.9.4-M3		e9f6f5c1dcad2ea37f4afdad23a9245df9f2e87c
io.7mind.izumi	logstage-rendering-circe_2.13	0.9.5		22698fb40fd748de0eea9302142eb967211cd01b
io.7mind.izumi	logstage-rendering-circe_2.13	0.9.5-M10		97421ea2bfdb7566b2a9fbb34b1bf55ee458dc13
io.7mind.izumi	logstage-rendering-circe_2.13	0.9.5-M11		d26d189e57db8ed318bcc8645e308c2193f611e4
io.7mind.izumi	logstage-rendering-circe_2.13	0.9.5-M12		0fc5a9c864d0dde68923faeb72ec6edec8e26530
io.7mind.izumi	logstage-rendering-circe_2.13	0.9.5-M14		2c8adf103840d06f77796d355d44db466eba5139
io.7mind.izumi	logstage-rendering-circe_2.13	0.9.5-M15		b4f8c7d47b3b117a3cf3a8d75ba6ef9a57f10bdc
io.7mind.izumi	logstage-rendering-circe_2.13	0.9.5-M17		c011a7c1e70e06225fcce399bc6895de212361d8
io.7mind.izumi	logstage-rendering-circe_2.13	0.9.5-M19		653ac8b5b622c07a0781454efb937bfec645f0e7
io.7mind.izumi	logstage-rendering-circe_2.13	0.9.5-M2		aa415b45e8338553cadeba06ad7f0c5fe2d9912e
io.7mind.izumi	logstage-rendering-circe_2.13	0.9.5-M5		824792017ea8e555bd258579549af725a9b7c98a
io.7mind.izumi	logstage-rendering-circe_2.13	0.9.5-M9		31b74702ab1722b39f9d191cdccf1805ab425809
io.7mind.izumi	logstage-rendering-circe_2.13	0.9.6		4e353b65b8f2fd5e3bf8ebf49a9edd1e58312eed
io.7mind.izumi	logstage-rendering-circe_2.13	0.9.7		cdf56453885e8abc1d8b8f6a0bf736ff08167e1d
io.7mind.izumi	logstage-rendering-circe_2.13	0.9.8		9a8ceb71a867d601b55e3faf1d023d695370e0a4
io.7mind.izumi	logstage-rendering-circe_2.13	0.9.9		647d9cb14abd50988c0da6c1ed89bd403b3e9370
io.7mind.izumi	logstage-rendering-circe_2.13	1.0.0		43f15ae9c7fa2766d1b1f06169e66cdda12476d1
io.7mind.izumi	logstage-rendering-circe_2.13	1.0.0-M1		ed6dc372c04d142b1e33422a34db8069e01afba4
io.7mind.izumi	logstage-rendering-circe_2.13	1.0.1		8431dd4aff7d765f3a8c4a326006467393b243ec
io.7mind.izumi	logstage-rendering-circe_2.13	1.0.10		4ad323e7868d054325a9c8415ce187906e944cb7
io.7mind.izumi	logstage-rendering-circe_2.13	1.0.2		bc3eafe2ccd21e6dc7439a91222f46cc9de523f9
io.7mind.izumi	logstage-rendering-circe_2.13	1.0.3		0d2e99a2630a2656578f82f6b937aabe8275ba9c
io.7mind.izumi	logstage-rendering-circe_2.13	1.0.4		ea15c71859f409dbbdd6bdae625bdf2377876921
io.7mind.izumi	logstage-rendering-circe_2.13	1.0.5		b5336c35f58e42e2ab9ac35df81c6edada2aeb2f
io.7mind.izumi	logstage-rendering-circe_2.13	1.0.6		5567b5ce158ea5831cbbfc7a3010850bd133e892
io.7mind.izumi	logstage-rendering-circe_2.13	1.0.7		7ece9813df33325211be1c7b65d8b9af8564df1b
io.7mind.izumi	logstage-rendering-circe_2.13	1.0.8		e48cf86a0974a44f74441d61aa2b61592fa07d7a
io.7mind.izumi	logstage-rendering-circe_2.13	1.0.9		840f6fe85216c58c08a9b2f26a9d28f2e5d93e44
io.7mind.izumi	logstage-rendering-circe_2.13	1.1.0		8eb923938057ec90592b3bbd6639364fbf00b113
io.7mind.izumi	logstage-rendering-circe_2.13	1.1.0-M1		62f61a8a0147f113a31126787eb6ab4992eb74dd
io.7mind.izumi	logstage-rendering-circe_2.13	1.1.0-M10		420a068020f2a691da8d817da40390af6e78ea96
io.7mind.izumi	logstage-rendering-circe_2.13	1.1.0-M11		4f2cf1c984679953885e5ff8e63b5896f4859106
io.7mind.izumi	logstage-rendering-circe_2.13	1.1.0-M12		68abb221af8044aa568eed4be8f89f3323071809
io.7mind.izumi	logstage-rendering-circe_2.13	1.1.0-M13		a4cb175faf9d143f03938c7216e543b4ee0a0971
io.7mind.izumi	logstage-rendering-circe_2.13	1.1.0-M14		2a270439aee35f82023a0052373ae7f032fc1f57
io.7mind.izumi	logstage-rendering-circe_2.13	1.1.0-M15		71d684cfc74c996b76f9ce5492f28c894e7002b7
io.7mind.izumi	logstage-rendering-circe_2.13	1.1.0-M16		c25d4200c24163f54b7b8e8115b2a0f6be62055a
io.7mind.izumi	logstage-rendering-circe_2.13	1.1.0-M17		e9ca6d32eb0ef3cedf8c38bb89a18047d80332de
io.7mind.izumi	logstage-rendering-circe_2.13	1.1.0-M18		88a9eacd4fb1e717b81672fab25d98dbaa427729
io.7mind.izumi	logstage-rendering-circe_2.13	1.1.0-M19		9b8bedb7c05bae1ec40f1b606ec53b6be33f63e1
io.7mind.izumi	logstage-rendering-circe_2.13	1.1.0-M2		ad08b7e3ec0acb2407e98716c60ac9e4a631f5c1
io.7mind.izumi	logstage-rendering-circe_2.13	1.1.0-M20		5d9e5efeaf1cee62a30659912139c729ede55a62
io.7mind.izumi	logstage-rendering-circe_2.13	1.1.0-M21		e22d0b700bacb0d21e8bccf69409db2f4b8807ae
io.7mind.izumi	logstage-rendering-circe_2.13	1.1.0-M22		7682afa7b44f0f10b9568e6877e5be6c0b3e81e3
io.7mind.izumi	logstage-rendering-circe_2.13	1.1.0-M23		bd9c265c87421604afc6e34a0b8ac25217e836f0
io.7mind.izumi	logstage-rendering-circe_2.13	1.1.0-M24		8a96ae55e42f7fab3b9dafad00c6ac29096d3fe9
io.7mind.izumi	logstage-rendering-circe_2.13	1.1.0-M25		1358d73da2bfeeaaf4d66bc36f2cc833428c758b
io.7mind.izumi	logstage-rendering-circe_2.13	1.1.0-M26		0274aeba44d29a9dbf87d61bebb86afc4d43344e
io.7mind.izumi	logstage-rendering-circe_2.13	1.1.0-M27		15242705b5b68e792fb3abc988e358a5e437cb4f
io.7mind.izumi	logstage-rendering-circe_2.13	1.1.0-M3		014b8688224c6031aa3ef66b1e9396f875d9e5f7
io.7mind.izumi	logstage-rendering-circe_2.13	1.1.0-M4		de8c70dcb43ffeaf6b3517655970901341505eb0
io.7mind.izumi	logstage-rendering-circe_2.13	1.1.0-M5		5dd7f6923b1d16dff5cfeb7d9769c09cff30afd9
io.7mind.izumi	logstage-rendering-circe_2.13	1.1.0-M6		b3edb11906d0680ba72da3c470b5102cf345dd4f
io.7mind.izumi	logstage-rendering-circe_2.13	1.1.0-M7		46f39afdcdebd100fc525c1d9ee7da4c586306f7
io.7mind.izumi	logstage-rendering-circe_2.13	1.1.0-M8		476ea90249d34e79e1bb02395b8ee9b8879a3948
io.7mind.izumi	logstage-rendering-circe_2.13	1.1.0-M9		ea8f0e4eaf3b844b1fe6ec642df81e8a8fc3d5ad
io.7mind.izumi	logstage-rendering-circe_2.13	1.2.0		780ed865bde5f501e6ca52567e29f733f0b5bc45
io.7mind.izumi	logstage-rendering-circe_2.13	1.2.1		d8e5c55962e4288587859d4a0551e46f849abadb
io.7mind.izumi	logstage-rendering-circe_2.13	1.2.10		6de8c0abab52aa65a8b15470b5e7425c93a85dab
io.7mind.izumi	logstage-rendering-circe_2.13	1.2.11		287ad1e197284b14403c57cbe88739da7de836fb
io.7mind.izumi	logstage-rendering-circe_2.13	1.2.12		d2e037e59d8de67cd155742e7e7b69bdfeed00df
io.7mind.izumi	logstage-rendering-circe_2.13	1.2.13		8bc54f7809e9260c968d40305ebc071893f2b75a
io.7mind.izumi	logstage-rendering-circe_2.13	1.2.14		915b098f81a80f95d862bfed1f1b56cff56ae610
io.7mind.izumi	logstage-rendering-circe_2.13	1.2.15		d8a08b47db9fc13e80838348bf791206fc92c1df
io.7mind.izumi	logstage-rendering-circe_2.13	1.2.16		1aa504b7d8411697528df89a3c71fd492317a901
io.7mind.izumi	logstage-rendering-circe_2.13	1.2.17		323b146407008a0a1a8c93e72a19bbf6f703ae42
io.7mind.izumi	logstage-rendering-circe_2.13	1.2.2		1c9e2a6c24f3fa3a4181dfce736968a53b35d20d
io.7mind.izumi	logstage-rendering-circe_2.13	1.2.3		bd2f486254c642b2348c25c1172bdbc7e2ce3d8b
io.7mind.izumi	logstage-rendering-circe_2.13	1.2.4		0b1f3661abd28ff11df05d0cb810c244d5305c1c
io.7mind.izumi	logstage-rendering-circe_2.13	1.2.5		184b773709cda2cd6fc6bb36a959895fd0880171
io.7mind.izumi	logstage-rendering-circe_2.13	1.2.6		73ae2852104bf32d30ef0273936248e59c218871
io.7mind.izumi	logstage-rendering-circe_2.13	1.2.7		8f409b63582c0cd8bbb5a8c8be1aa586b822f565
io.7mind.izumi	logstage-rendering-circe_2.13	1.2.8		2f0de63cca4cd69b1cbd13f13fd03c7cd417e74b
io.7mind.izumi	logstage-rendering-circe_2.13	1.2.9		a1443d948e027ec1795d3f7b44b372e59181071f
io.gitee.chming7	data-converter-jackson-yaml	1.0.0		fe40dfaa0b8cb5bcb59d63191842fcba82c02b77
io.gitee.chming7	data-converter-jackson-yaml	1.0.1		59d698b6ab08654481eb719fba742e01e471d8a5
io.gitee.chming7	data-converter-jackson-yaml	1.0.10		a7df35c1bf81bd5a3bdb664fcb20acd8a25f938b
io.gitee.chming7	data-converter-jackson-yaml	1.0.11		9d4256972db21d20aa8ea21ef3e3b5ac9a457ef7
io.gitee.chming7	data-converter-jackson-yaml	1.0.12		8420e340f5eb148690c44aaaa072156d12f5f770
io.gitee.chming7	data-converter-jackson-yaml	1.0.13		4de4371c41b837f81f6f54beeed5a585e29f746f
io.gitee.chming7	data-converter-jackson-yaml	1.0.14		611b5e2db0a3578081193d12ea31e0dcf88a040b
io.gitee.chming7	data-converter-jackson-yaml	1.0.15		9f23e24769e507fcfa8609affb25a0e147eafda4
io.gitee.chming7	data-converter-jackson-yaml	1.0.16		f66a278cffad5e9f430b977a5f19a43eb75cc4e9
io.gitee.chming7	data-converter-jackson-yaml	1.0.17		89386d785a5e7034f1c04fdb778d42d535a121ef
io.gitee.chming7	data-converter-jackson-yaml	1.0.18		780a44f8ff6da1213688d306e0d8f717a970459b
io.gitee.chming7	data-converter-jackson-yaml	1.0.2		2ec87cc723865779325e4789304e98c83df6ff96
io.gitee.chming7	data-converter-jackson-yaml	1.0.3		d0028eb781ee2b4b486187a00848b65d5ce7b2a1
io.gitee.chming7	data-converter-jackson-yaml	1.0.4		ff29067417d306e4a0d14c5716ba613136048161
io.gitee.chming7	data-converter-jackson-yaml	1.0.5		29e405508e693bef7f6f39c641db2b06a568615f
io.gitee.chming7	data-converter-jackson-yaml	1.0.6		dbe3caa518c3f0288cbb13f99f9bc6335c5105c3
io.gitee.chming7	data-converter-jackson-yaml	1.0.7		0bb39130c1a5be1217595929931e9ba42dac54b7
io.gitee.chming7	data-converter-jackson-yaml	1.0.8		0520625d26bd70a27a8c63fe6fd6f7f72281d23f
io.gitee.chming7	data-converter-jackson-yaml	1.0.9		1e076b2d54a3fa28704e5019de13ebc67940ddf4
io.github.amitkma	extensions-file-iossimulatorarm64	unspecified		N/A
io.github.amitkma	extensions-file-iossimulatorarm64	unspecified	metadata	f113e72f23293b6b13043e093706ea7fe474c5f9
io.github.polentino	redacted_3.5.2	0.6.0		5e7d1491a4a167ab26126b64d3358a4cefaa458f
io.github.polentino	redacted_3.5.2	0.6.1		510255d55a1beb7feb0aede24a005bfe500a5d17
io.github.polentino	redacted_3.5.2	0.6.2		a729c3ae45dd4091904313fb6ff84ab2dd8a918d
io.github.polentino	redacted_3.5.2	0.7.0		7709f85a7c5b1169a3c625c2f2b107497400e269
io.github.polentino	redacted_3.5.2	0.7.1		c3f2f0d9050a58bdadfc479687ab72f9fb5afd6e
io.github.polentino	redacted_3.5.2	0.8.0		435d3ce75bf307698b993785fc39d014478b53dd
io.github.prashant17d97	logkat-iossimulatorarm64	1.0.0		N/A
io.github.prashant17d97	logkat-iossimulatorarm64	1.0.0	metadata	2bfc2f3219dec3ac6629f8cc1e0058693ff57239
io.gitlab.spring-cattle.oauth	cattle-authorization-server	1.0.0		978c28aec69a9afe1931dec277d4ee0b8ede4ff9
io.inugami	inugami_core	2.0.0		967e599c1915ff2c189bf664a9839eabde2a4cee
io.inugami	inugami_core	2.0.1		9fef503ee691450fa86259ffe4343a6149173532
io.inugami	inugami_core	2.0.2		93e382f76861eaecdcd69f42bb6fe359f640924e
io.inugami	inugami_core	2.1.0		860942bcd3fa7b1de6f9973749e3d8db049b7e89
io.inugami	inugami_core	2.1.1		d96f2519532b11dcc94b5e2bc458b37d4475d3bf
io.inugami	inugami_core	2.2.0		1f125e4b59cf33da6c11423b13bd69a1c3b6989b
io.inugami	inugami_core	2.2.1		c378edcefc634dd7113967350ea4e7386faf18a1
io.inugami	inugami_core	2.2.2		6d28f0a548bf67b2b81b08c7e7c00fbad84c155f
io.inugami	inugami_core	2.3.0		5b1f49554b93a20a31631f5e7283bdbdeb098068
io.inugami	inugami_core	3.0.0		c28525671bd68a9b41b8d70e6b7d4b379e0955c4
io.inugami	inugami_core	3.1.0		32bc8b300da0f1d8f433609aaf1aae9458b13231
io.inugami	inugami_core	3.2.0		87a2afc1249d3b8aea792380507323dfafdf5e20
io.inugami	inugami_core	3.2.1		ac3be57589efc2cd953846f7ef693a1001410412
io.inugami	inugami_core	3.2.2		651e23060df6cfe5f43014e9767db6e27d7a1fa4
io.inugami	inugami_core	3.2.3		4b18d41c2f61cd724a53815a624e661da50306cc
io.inugami	inugami_core	3.2.4		6c95ae1ccdd0b71316d6ef5216fd61076c19f700
io.inugami	inugami_core	3.2.5		43865a5638e38bb939e68ea370fdebe4e7a09d04
io.inugami	inugami_core	3.3.0		cdd1f07d6d8c70eaf8a0ad802e4caf1357450d05
io.inugami	inugami_core	3.3.1		6f1f0146f16a1d0f916f772aa6c6466fc5eec1e5
io.inugami	inugami_core	3.3.2		e3b86cf52eeff0bd5feecd1184eb8ae17a138a6f
io.inugami	inugami_core	3.3.3		e2eac1720926527dfc09344a1a98b93aae4b5a5b
io.inugami	inugami_core	3.3.4		98d9ffca23a00f6ffbbc17a88e15253c48237eea
io.inugami	inugami_core	3.3.5		2a049015a2b357899e98abb8d64d822261bad3dd
io.micronaut.chatbots	micronaut-chatbots-basecamp-core	1.0.0		ac77c9ba833be2978a55b6b1dca48a0a3375419a
io.micronaut.chatbots	micronaut-chatbots-basecamp-core	1.0.0-M1		8bbd4c57661ddbe33df91c5542bf5f60303b6008
io.micronaut.chatbots	micronaut-chatbots-basecamp-core	1.1.0		f4bb0b249aab4a55181ee6ff11aa43ae08891e85
io.micronaut.chatbots	micronaut-chatbots-basecamp-core	1.2.0		d78062332ada56bacfba825822188763187a7651
io.micronaut.chatbots	micronaut-chatbots-basecamp-core	1.3.0		c063998e03903eaef18d27fa9e7197aae49bf4f7
io.micronaut.chatbots	micronaut-chatbots-basecamp-core	1.4.0		71b3edaae599fb1c277367a1248602c074a8b788
io.micronaut.chatbots	micronaut-chatbots-basecamp-core	2.0.0-M1		4d78dd2d7680fedbf03a304e2da9c1e62ea36da4
io.micronaut.chatbots	micronaut-chatbots-basecamp-core	2.0.0-M2		4ecff721a9d0f8a0811a30374b0ffef1f3be585b
io.micronaut.chatbots	micronaut-chatbots-basecamp-core	2.0.0-M3		559900977db26654cfa02b3f49257d4113cd0931
io.micronaut.chatbots	micronaut-chatbots-basecamp-core	2.0.0-M4		a34255cb7bf50c7a973685f717492678a7cd749b
io.micronaut.chatbots	micronaut-chatbots-basecamp-core	2.0.0-M5		60c0ff2293ab40faeae80056d69f1f6cd4c731e6
io.micronaut.chatbots	micronaut-chatbots-basecamp-core	2.0.0-M6		89f85573258486ab34f6b9dd2451fa2bf6d9471d
io.quarkus	quarkus-schema-registry-devservice-parent	2.10.0.CR1		N/A
io.quarkus	quarkus-schema-registry-devservice-parent	2.10.0.Final		N/A
io.quarkus	quarkus-schema-registry-devservice-parent	2.10.1.Final		N/A
io.quarkus	quarkus-schema-registry-devservice-parent	2.10.2.Final		N/A
io.quarkus	quarkus-schema-registry-devservice-parent	2.10.3.Final		N/A
io.quarkus	quarkus-schema-registry-devservice-parent	2.10.4.Final		N/A
io.quarkus	quarkus-schema-registry-devservice-parent	2.11.0.CR1		N/A
io.quarkus	quarkus-schema-registry-devservice-parent	2.11.0.Final		N/A
io.quarkus	quarkus-schema-registry-devservice-parent	2.11.1.Final		N/A
io.quarkus	quarkus-schema-registry-devservice-parent	2.11.2.Final		N/A
io.quarkus	quarkus-schema-registry-devservice-parent	2.11.3.Final		N/A
io.quarkus	quarkus-schema-registry-devservice-parent	2.12.0.CR1		N/A
io.quarkus	quarkus-schema-registry-devservice-parent	2.12.0.Final		N/A
io.quarkus	quarkus-schema-registry-devservice-parent	2.12.1.Final		N/A
io.quarkus	quarkus-schema-registry-devservice-parent	2.12.2.Final		N/A
io.quarkus	quarkus-schema-registry-devservice-parent	2.12.3.Final		N/A
io.quarkus	quarkus-schema-registry-devservice-parent	2.13.0.CR1		N/A
io.quarkus	quarkus-schema-registry-devservice-parent	2.13.0.Final		N/A
io.quarkus	quarkus-schema-registry-devservice-parent	2.13.1.Final		N/A
io.quarkus	quarkus-schema-registry-devservice-parent	2.13.2.Final		N/A
io.quarkus	quarkus-schema-registry-devservice-parent	2.13.3.Final		N/A
io.quarkus	quarkus-schema-registry-devservice-parent	2.13.4.Final		N/A
io.quarkus	quarkus-schema-registry-devservice-parent	2.13.5.Final		N/A
io.quarkus	quarkus-schema-registry-devservice-parent	2.13.6.Final		N/A
io.quarkus	quarkus-schema-registry-devservice-parent	2.13.7.Final		N/A
io.quarkus	quarkus-schema-registry-devservice-parent	2.13.8.Final		N/A
io.quarkus	quarkus-schema-registry-devservice-parent	2.13.9.Final		N/A
io.quarkus	quarkus-schema-registry-devservice-parent	2.14.0.CR1		N/A
io.quarkus	quarkus-schema-registry-devservice-parent	2.14.0.Final		N/A
io.quarkus	quarkus-schema-registry-devservice-parent	2.14.1.Final		N/A
io.quarkus	quarkus-schema-registry-devservice-parent	2.14.2.Final		N/A
io.quarkus	quarkus-schema-registry-devservice-parent	2.14.3.Final		N/A
io.quarkus	quarkus-schema-registry-devservice-parent	2.15.0.CR1		N/A
io.quarkus	quarkus-schema-registry-devservice-parent	2.15.0.Final		N/A
io.quarkus	quarkus-schema-registry-devservice-parent	2.15.1.Final		N/A
io.quarkus	quarkus-schema-registry-devservice-parent	2.15.2.Final		N/A
io.quarkus	quarkus-schema-registry-devservice-parent	2.15.3.Final		N/A
io.quarkus	quarkus-schema-registry-devservice-parent	2.16.0.CR1		N/A
io.quarkus	quarkus-schema-registry-devservice-parent	2.16.0.Final		N/A
io.quarkus	quarkus-schema-registry-devservice-parent	2.16.1.Final		N/A
io.quarkus	quarkus-schema-registry-devservice-parent	2.16.10.Final		N/A
io.quarkus	quarkus-schema-registry-devservice-parent	2.16.11.Final		N/A
io.quarkus	quarkus-schema-registry-devservice-parent	2.16.12.Final		N/A
io.quarkus	quarkus-schema-registry-devservice-parent	2.16.2.Final		N/A
io.quarkus	quarkus-schema-registry-devservice-parent	2.16.3.Final		N/A
io.quarkus	quarkus-schema-registry-devservice-parent	2.16.4.Final		N/A
io.quarkus	quarkus-schema-registry-devservice-parent	2.16.5.Final		N/A
io.quarkus	quarkus-schema-registry-devservice-parent	2.16.6.Final		N/A
io.quarkus	quarkus-schema-registry-devservice-parent	2.16.7.Final		N/A
io.quarkus	quarkus-schema-registry-devservice-parent	2.16.8.Final		N/A
io.quarkus	quarkus-schema-registry-devservice-parent	2.16.9.Final		N/A
io.quarkus	quarkus-schema-registry-devservice-parent	2.9.0.CR1		N/A
io.quarkus	quarkus-schema-registry-devservice-parent	2.9.0.Final		N/A
io.quarkus	quarkus-schema-registry-devservice-parent	2.9.1.Final		N/A
io.quarkus	quarkus-schema-registry-devservice-parent	2.9.2.Final		N/A
io.quarkus	quarkus-schema-registry-devservice-parent	3.0.0.Alpha1		N/A
io.quarkus	quarkus-schema-registry-devservice-parent	3.0.0.Alpha2		N/A
io.quarkus	quarkus-schema-registry-devservice-parent	3.0.0.Alpha3		N/A
io.quarkus	quarkus-schema-registry-devservice-parent	3.0.0.Alpha4		N/A
io.quarkus	quarkus-schema-registry-devservice-parent	3.0.0.Alpha5		N/A
io.quarkus	quarkus-schema-registry-devservice-parent	3.0.0.Alpha6		N/A
io.quarkus	quarkus-schema-registry-devservice-parent	3.0.0.Beta1		N/A
io.quarkus	quarkus-schema-registry-devservice-parent	3.0.0.CR1		N/A
io.quarkus	quarkus-schema-registry-devservice-parent	3.0.0.CR2		N/A
io.quarkus	quarkus-schema-registry-devservice-parent	3.0.0.Final		N/A
io.quarkus	quarkus-schema-registry-devservice-parent	3.0.1.Final		N/A
io.quarkus	quarkus-schema-registry-devservice-parent	3.0.2.Final		N/A
io.quarkus	quarkus-schema-registry-devservice-parent	3.0.3.Final		N/A
io.quarkus	quarkus-schema-registry-devservice-parent	3.0.4.Final		N/A
io.quarkus	quarkus-schema-registry-devservice-parent	3.1.0.CR1		N/A
io.quarkus	quarkus-schema-registry-devservice-parent	3.1.0.Final		N/A
io.quarkus	quarkus-schema-registry-devservice-parent	3.1.1.Final		N/A
io.quarkus	quarkus-schema-registry-devservice-parent	3.1.2.Final		N/A
io.quarkus	quarkus-schema-registry-devservice-parent	3.1.3.Final		N/A
io.quarkus	quarkus-schema-registry-devservice-parent	3.10.0		N/A
io.quarkus	quarkus-schema-registry-devservice-parent	3.10.0.CR1		N/A
io.quarkus	quarkus-schema-registry-devservice-parent	3.10.1		N/A
io.quarkus	quarkus-schema-registry-devservice-parent	3.10.2		N/A
io.quarkus	quarkus-schema-registry-devservice-parent	3.11.0		N/A
io.quarkus	quarkus-schema-registry-devservice-parent	3.11.0.CR1		N/A
io.quarkus	quarkus-schema-registry-devservice-parent	3.11.1		N/A
io.quarkus	quarkus-schema-registry-devservice-parent	3.11.2		N/A
io.quarkus	quarkus-schema-registry-devservice-parent	3.11.3		N/A
io.quarkus	quarkus-schema-registry-devservice-parent	3.12.0		N/A
io.quarkus	quarkus-schema-registry-devservice-parent	3.12.0.CR1		N/A
io.quarkus	quarkus-schema-registry-devservice-parent	3.12.1		N/A
io.quarkus	quarkus-schema-registry-devservice-parent	3.12.2		N/A
io.quarkus	quarkus-schema-registry-devservice-parent	3.12.3		N/A
io.quarkus	quarkus-schema-registry-devservice-parent	3.13.0		N/A
io.quarkus	quarkus-schema-registry-devservice-parent	3.13.0.CR1		N/A
io.quarkus	quarkus-schema-registry-devservice-parent	3.13.1		N/A
io.quarkus	quarkus-schema-registry-devservice-parent	3.13.2		N/A
io.quarkus	quarkus-schema-registry-devservice-parent	3.13.3		N/A
io.quarkus	quarkus-schema-registry-devservice-parent	3.14.0		N/A
io.quarkus	quarkus-schema-registry-devservice-parent	3.14.0.CR1		N/A
io.quarkus	quarkus-schema-registry-devservice-parent	3.14.1		N/A
io.quarkus	quarkus-schema-registry-devservice-parent	3.14.2		N/A
io.quarkus	quarkus-schema-registry-devservice-parent	3.14.3		N/A
io.quarkus	quarkus-schema-registry-devservice-parent	3.14.4		N/A
io.quarkus	quarkus-schema-registry-devservice-parent	3.15.0		N/A
io.quarkus	quarkus-schema-registry-devservice-parent	3.15.0.CR1		N/A
io.quarkus	quarkus-schema-registry-devservice-parent	3.15.1		N/A
io.quarkus	quarkus-schema-registry-devservice-parent	3.15.2		N/A
io.quarkus	quarkus-schema-registry-devservice-parent	3.15.3		N/A
io.quarkus	quarkus-schema-registry-devservice-parent	3.15.3.1		N/A
io.quarkus	quarkus-schema-registry-devservice-parent	3.15.4		N/A
io.quarkus	quarkus-schema-registry-devservice-parent	3.16.0		N/A
io.quarkus	quarkus-schema-registry-devservice-parent	3.16.0.CR1		N/A
io.quarkus	quarkus-schema-registry-devservice-parent	3.16.1		N/A
io.quarkus	quarkus-schema-registry-devservice-parent	3.16.2		N/A
io.quarkus	quarkus-schema-registry-devservice-parent	3.16.3		N/A
io.quarkus	quarkus-schema-registry-devservice-parent	3.16.4		N/A
io.quarkus	quarkus-schema-registry-devservice-parent	3.17.0		N/A
io.quarkus	quarkus-schema-registry-devservice-parent	3.17.0.CR1		N/A
io.quarkus	quarkus-schema-registry-devservice-parent	3.17.1		N/A
io.quarkus	quarkus-schema-registry-devservice-parent	3.17.2		N/A
io.quarkus	quarkus-schema-registry-devservice-parent	3.17.3		N/A
io.quarkus	quarkus-schema-registry-devservice-parent	3.17.4		N/A
io.quarkus	quarkus-schema-registry-devservice-parent	3.17.5		N/A
io.quarkus	quarkus-schema-registry-devservice-parent	3.17.6		N/A
io.quarkus	quarkus-schema-registry-devservice-parent	3.17.7		N/A
io.quarkus	quarkus-schema-registry-devservice-parent	3.17.8		N/A
io.quarkus	quarkus-schema-registry-devservice-parent	3.18.0		N/A
io.quarkus	quarkus-schema-registry-devservice-parent	3.18.0.CR1		N/A
io.quarkus	quarkus-schema-registry-devservice-parent	3.18.1		N/A
io.quarkus	quarkus-schema-registry-devservice-parent	3.18.2		N/A
io.quarkus	quarkus-schema-registry-devservice-parent	3.18.3		N/A
io.quarkus	quarkus-schema-registry-devservice-parent	3.18.4		N/A
io.quarkus	quarkus-schema-registry-devservice-parent	3.19.0		N/A
io.quarkus	quarkus-schema-registry-devservice-parent	3.19.0.CR1		N/A
io.quarkus	quarkus-schema-registry-devservice-parent	3.19.1		N/A
io.quarkus	quarkus-schema-registry-devservice-parent	3.19.2		N/A
io.quarkus	quarkus-schema-registry-devservice-parent	3.19.3		N/A
io.quarkus	quarkus-schema-registry-devservice-parent	3.19.4		N/A
io.quarkus	quarkus-schema-registry-devservice-parent	3.2.0.CR1		N/A
io.quarkus	quarkus-schema-registry-devservice-parent	3.2.0.Final		N/A
io.quarkus	quarkus-schema-registry-devservice-parent	3.2.1.Final		N/A
io.quarkus	quarkus-schema-registry-devservice-parent	3.2.10.Final		N/A
io.quarkus	quarkus-schema-registry-devservice-parent	3.2.11.Final		N/A
io.quarkus	quarkus-schema-registry-devservice-parent	3.2.12.Final		N/A
io.quarkus	quarkus-schema-registry-devservice-parent	3.2.2.Final		N/A
io.quarkus	quarkus-schema-registry-devservice-parent	3.2.3.Final		N/A
io.quarkus	quarkus-schema-registry-devservice-parent	3.2.4.Final		N/A
io.quarkus	quarkus-schema-registry-devservice-parent	3.2.5.Final		N/A
io.quarkus	quarkus-schema-registry-devservice-parent	3.2.6.Final		N/A
io.quarkus	quarkus-schema-registry-devservice-parent	3.2.7.Final		N/A
io.quarkus	quarkus-schema-registry-devservice-parent	3.2.8.Final		N/A
io.quarkus	quarkus-schema-registry-devservice-parent	3.2.9.Final		N/A
io.quarkus	quarkus-schema-registry-devservice-parent	3.20.0		N/A
io.quarkus	quarkus-schema-registry-devservice-parent	3.20.0.CR1		N/A
io.quarkus	quarkus-schema-registry-devservice-parent	3.21.0		N/A
io.quarkus	quarkus-schema-registry-devservice-parent	3.21.0.CR1		N/A
io.quarkus	quarkus-schema-registry-devservice-parent	3.21.1		N/A
io.quarkus	quarkus-schema-registry-devservice-parent	3.21.2		N/A
io.quarkus	quarkus-schema-registry-devservice-parent	3.21.3		N/A
io.quarkus	quarkus-schema-registry-devservice-parent	3.21.4		N/A
io.quarkus	quarkus-schema-registry-devservice-parent	3.22.0		N/A
io.quarkus	quarkus-schema-registry-devservice-parent	3.22.0.CR1		N/A
io.quarkus	quarkus-schema-registry-devservice-parent	3.22.1		N/A
io.quarkus	quarkus-schema-registry-devservice-parent	3.3.0		N/A
io.quarkus	quarkus-schema-registry-devservice-parent	3.3.0.CR1		N/A
io.quarkus	quarkus-schema-registry-devservice-parent	3.3.1		N/A
io.quarkus	quarkus-schema-registry-devservice-parent	3.3.2		N/A
io.quarkus	quarkus-schema-registry-devservice-parent	3.3.3		N/A
io.quarkus	quarkus-schema-registry-devservice-parent	3.4.0		N/A
io.quarkus	quarkus-schema-registry-devservice-parent	3.4.0.CR1		N/A
io.quarkus	quarkus-schema-registry-devservice-parent	3.4.1		N/A
io.quarkus	quarkus-schema-registry-devservice-parent	3.4.2		N/A
io.quarkus	quarkus-schema-registry-devservice-parent	3.4.3		N/A
io.quarkus	quarkus-schema-registry-devservice-parent	3.5.0		N/A
io.quarkus	quarkus-schema-registry-devservice-parent	3.5.0.CR1		N/A
io.quarkus	quarkus-schema-registry-devservice-parent	3.5.1		N/A
io.quarkus	quarkus-schema-registry-devservice-parent	3.5.2		N/A
io.quarkus	quarkus-schema-registry-devservice-parent	3.5.3		N/A
io.quarkus	quarkus-schema-registry-devservice-parent	3.6.0		N/A
io.quarkus	quarkus-schema-registry-devservice-parent	3.6.0.CR1		N/A
io.quarkus	quarkus-schema-registry-devservice-parent	3.6.1		N/A
io.quarkus	quarkus-schema-registry-devservice-parent	3.6.2		N/A
io.quarkus	quarkus-schema-registry-devservice-parent	3.6.3		N/A
io.quarkus	quarkus-schema-registry-devservice-parent	3.6.4		N/A
io.quarkus	quarkus-schema-registry-devservice-parent	3.6.5		N/A
io.quarkus	quarkus-schema-registry-devservice-parent	3.6.6		N/A
io.quarkus	quarkus-schema-registry-devservice-parent	3.6.7		N/A
io.quarkus	quarkus-schema-registry-devservice-parent	3.6.8		N/A
io.quarkus	quarkus-schema-registry-devservice-parent	3.6.9		N/A
io.quarkus	quarkus-schema-registry-devservice-parent	3.7.0		N/A
io.quarkus	quarkus-schema-registry-devservice-parent	3.7.0.CR1		N/A
io.quarkus	quarkus-schema-registry-devservice-parent	3.7.1		N/A
io.quarkus	quarkus-schema-registry-devservice-parent	3.7.2		N/A
io.quarkus	quarkus-schema-registry-devservice-parent	3.7.3		N/A
io.quarkus	quarkus-schema-registry-devservice-parent	3.7.4		N/A
io.quarkus	quarkus-schema-registry-devservice-parent	3.8.0		N/A
io.quarkus	quarkus-schema-registry-devservice-parent	3.8.0.CR1		N/A
io.quarkus	quarkus-schema-registry-devservice-parent	3.8.1		N/A
io.quarkus	quarkus-schema-registry-devservice-parent	3.8.2		N/A
io.quarkus	quarkus-schema-registry-devservice-parent	3.8.3		N/A
io.quarkus	quarkus-schema-registry-devservice-parent	3.8.4		N/A
io.quarkus	quarkus-schema-registry-devservice-parent	3.8.5		N/A
io.quarkus	quarkus-schema-registry-devservice-parent	3.8.6		N/A
io.quarkus	quarkus-schema-registry-devservice-parent	3.8.6.1		N/A
io.quarkus	quarkus-schema-registry-devservice-parent	3.9.0		N/A
io.quarkus	quarkus-schema-registry-devservice-parent	3.9.0.CR1		N/A
io.quarkus	quarkus-schema-registry-devservice-parent	3.9.0.CR2		N/A
io.quarkus	quarkus-schema-registry-devservice-parent	3.9.1		N/A
io.quarkus	quarkus-schema-registry-devservice-parent	3.9.2		N/A
io.quarkus	quarkus-schema-registry-devservice-parent	3.9.3		N/A
io.quarkus	quarkus-schema-registry-devservice-parent	3.9.4		N/A
io.quarkus	quarkus-schema-registry-devservice-parent	3.9.5		N/A
io.serialized.archetype	serialized-dropwizard-archetype	1.0.1		46a0782c3ff7d02c7b5e2eaa69c11ba2792111b9
io.serialized.archetype	serialized-dropwizard-archetype	1.0.2		87bd4005502804d63755d4ce3e461df7b6fe2e71
io.telereso.kmp.sqldelight	async-extensions-mingwx64	2.1.0-wasm-no-op.4		N/A
net.exoego	aws-sdk-scalajs-facade-macie-nodejs-v8_sjs0.6_2.13	0.26.1-v2-524.0		3407c3ff01d9835bf81ba3b35e964404768319d7
net.exoego	aws-sdk-scalajs-facade-macie-nodejs-v8_sjs0.6_2.13	0.26.1-v2.524.0		62e7dce0837efce2086d897f6ea3a179cae5d492
net.orandja.kt	failure-tvosx64	1.0.0		N/A
net.orandja.kt	failure-tvosx64	1.0.0	metadata	1e6531b92fffab60c3a8700ac7cd1dedaee2ef63
net.orandja.kt	failure-tvosx64	1.1.0		N/A
net.orandja.kt	failure-tvosx64	1.1.0	metadata	06a35c4d8f0e0ca77e717d08997aa632af1a6f8c
net.orandja.kt	failure-tvosx64	1.1.1		N/A
net.orandja.kt	failure-tvosx64	1.1.1	metadata	5e19576149db1466315a523366fdeac0f4de2ed2
org.apache.servicemix.bundles	bundles-pom	1		N/A
org.apache.servicemix.bundles	bundles-pom	10		N/A
org.apache.servicemix.bundles	bundles-pom	11		N/A
org.apache.servicemix.bundles	bundles-pom	12		N/A
org.apache.servicemix.bundles	bundles-pom	13		N/A
org.apache.servicemix.bundles	bundles-pom	14		N/A
org.apache.servicemix.bundles	bundles-pom	15		N/A
org.apache.servicemix.bundles	bundles-pom	16		N/A
org.apache.servicemix.bundles	bundles-pom	2		N/A
org.apache.servicemix.bundles	bundles-pom	3		N/A
org.apache.servicemix.bundles	bundles-pom	4		N/A
org.apache.servicemix.bundles	bundles-pom	5		N/A
org.apache.servicemix.bundles	bundles-pom	6		N/A
org.apache.servicemix.bundles	bundles-pom	7		N/A
org.apache.servicemix.bundles	bundles-pom	8		N/A
org.apache.servicemix.bundles	bundles-pom	9		N/A
org.carewebframework	org.carewebframework.vista.ui.vitals	1.0.0		97073d54391b7cde549ba423d9c3ee097b002d76
org.carewebframework	org.carewebframework.vista.ui.vitals	1.0.1		96853a24a840af23a946a7401017514c6b8602d3
org.carewebframework	org.carewebframework.vista.ui.vitals	1.1.0		a79291adbb66130d9f2f00f0dd1261ef07a2b256
org.codehaus.castor	castor-archetype-cpa-testcase	1.3.3-rc1		37786e87565eebb2b09a9c5c2aa8e8a12afbab54
org.danbrough.ktor	ktor-server-caching-headers-linuxx64	2.1.1		f967719e51945834fc7e84b9c8dfbedb09eba605
org.danbrough.ktor	ktor-server-caching-headers-linuxx64	2.1.1a		867c5482b13978b1cebda88e5dc97f8a1f458083
org.danbrough.ktor	ktor-server-caching-headers-linuxx64	2.2.3		9ef28ccfb53bcb3267fa0092d3376e48ef3a5728
org.danbrough.ktor	ktor-server-caching-headers-linuxx64	2.2.4		a83599bb398df97c1316bae70317ac35c9ccc326
org.domdrides	domdrides-jpa	1.0		77f34c211dd460ebca2daccaee85bdcddd790475
org.domdrides	domdrides-jpa	1.1		963013a6ecb9e991390695fbc2b25055edd25793
org.domdrides	domdrides-jpa	1.2		ebbe200d7ed5e89a6018250ab3a7462925dba0d6
org.domdrides	domdrides-jpa	1.5		1edef4a2823c19af82f635870646c7cf9ad33a2b
org.domdrides	domdrides-jpa	1.6		65265961c15ad32f2d4a996b2788fd22a6c9f479
org.domdrides	domdrides-jpa	1.7		cdd5e01d2678533752044030ef1bf9c5511be1e4
org.domdrides	domdrides-jpa	1.8		d7852762e2e81396dcc59c6b7271c90082fd25a9
org.domdrides	domdrides-jpa	1.9		d5a5bc006743a3f7203bb3e315583ead0df4147e
org.finos.legend.engine	legend-engine-xt-relationalStore-postgres	4.18.2		N/A
org.finos.legend.engine	legend-engine-xt-relationalStore-postgres	4.18.3		N/A
org.finos.legend.engine	legend-engine-xt-relationalStore-postgres	4.18.4		N/A
org.finos.legend.engine	legend-engine-xt-relationalStore-postgres	4.18.5		N/A
org.finos.legend.engine	legend-engine-xt-relationalStore-postgres	4.19.0		N/A
org.finos.legend.engine	legend-engine-xt-relationalStore-postgres	4.20.3		N/A
org.finos.legend.engine	legend-engine-xt-relationalStore-postgres	4.21.0		N/A
org.finos.legend.engine	legend-engine-xt-relationalStore-postgres	4.21.1		N/A
org.finos.legend.engine	legend-engine-xt-relationalStore-postgres	4.22.0		N/A
org.finos.legend.engine	legend-engine-xt-relationalStore-postgres	4.22.1		N/A
org.finos.legend.engine	legend-engine-xt-relationalStore-postgres	4.23.0		N/A
org.finos.legend.engine	legend-engine-xt-relationalStore-postgres	4.24.0		N/A
org.finos.legend.engine	legend-engine-xt-relationalStore-postgres	4.25.0		N/A
org.finos.legend.engine	legend-engine-xt-relationalStore-postgres	4.25.1		N/A
org.finos.legend.engine	legend-engine-xt-relationalStore-postgres	4.25.2		N/A
org.finos.legend.engine	legend-engine-xt-relationalStore-postgres	4.26.0		N/A
org.finos.legend.engine	legend-engine-xt-relationalStore-postgres	4.26.3		N/A
org.finos.legend.engine	legend-engine-xt-relationalStore-postgres	4.26.4		N/A
org.finos.legend.engine	legend-engine-xt-relationalStore-postgres	4.26.5		N/A
org.finos.legend.engine	legend-engine-xt-relationalStore-postgres	4.26.6		N/A
org.finos.legend.engine	legend-engine-xt-relationalStore-postgres	4.27.0		N/A
org.finos.legend.engine	legend-engine-xt-relationalStore-postgres	4.27.1		N/A
org.finos.legend.engine	legend-engine-xt-relationalStore-postgres	4.28.0		N/A
org.finos.legend.engine	legend-engine-xt-relationalStore-postgres	4.28.1		N/A
org.finos.legend.engine	legend-engine-xt-relationalStore-postgres	4.28.2		N/A
org.finos.legend.engine	legend-engine-xt-relationalStore-postgres	4.29.0		N/A
org.finos.legend.engine	legend-engine-xt-relationalStore-postgres	4.29.1		N/A
org.finos.legend.engine	legend-engine-xt-relationalStore-postgres	4.30.0		N/A
org.finos.legend.engine	legend-engine-xt-relationalStore-postgres	4.30.1		N/A
org.finos.legend.engine	legend-engine-xt-relationalStore-postgres	4.30.2		N/A
org.finos.legend.engine	legend-engine-xt-relationalStore-postgres	4.30.3		N/A
org.finos.legend.engine	legend-engine-xt-relationalStore-postgres	4.31.1		N/A
org.finos.legend.engine	legend-engine-xt-relationalStore-postgres	4.31.2		N/A
org.finos.legend.engine	legend-engine-xt-relationalStore-postgres	4.31.3		N/A
org.finos.legend.engine	legend-engine-xt-relationalStore-postgres	4.32.0		N/A
org.finos.legend.engine	legend-engine-xt-relationalStore-postgres	4.32.1		N/A
org.finos.legend.engine	legend-engine-xt-relationalStore-postgres	4.32.2		N/A
org.finos.legend.engine	legend-engine-xt-relationalStore-postgres	4.33.0		N/A
org.finos.legend.engine	legend-engine-xt-relationalStore-postgres	4.33.3		N/A
org.finos.legend.engine	legend-engine-xt-relationalStore-postgres	4.33.5		N/A
org.finos.legend.engine	legend-engine-xt-relationalStore-postgres	4.33.6		N/A
org.finos.legend.engine	legend-engine-xt-relationalStore-postgres	4.34.0		N/A
org.finos.legend.engine	legend-engine-xt-relationalStore-postgres	4.35.0		N/A
org.finos.legend.engine	legend-engine-xt-relationalStore-postgres	4.35.1		N/A
org.finos.legend.engine	legend-engine-xt-relationalStore-postgres	4.35.2		N/A
org.finos.legend.engine	legend-engine-xt-relationalStore-postgres	4.35.3		N/A
org.finos.legend.engine	legend-engine-xt-relationalStore-postgres	4.35.4		N/A
org.finos.legend.engine	legend-engine-xt-relationalStore-postgres	4.35.5		N/A
org.finos.legend.engine	legend-engine-xt-relationalStore-postgres	4.36.0		N/A
org.finos.legend.engine	legend-engine-xt-relationalStore-postgres	4.37.0		N/A
org.finos.legend.engine	legend-engine-xt-relationalStore-postgres	4.37.1		N/A
org.finos.legend.engine	legend-engine-xt-relationalStore-postgres	4.37.2		N/A
org.finos.legend.engine	legend-engine-xt-relationalStore-postgres	4.37.7		N/A
org.finos.legend.engine	legend-engine-xt-relationalStore-postgres	4.37.8		N/A
org.finos.legend.engine	legend-engine-xt-relationalStore-postgres	4.38.0		N/A
org.finos.legend.engine	legend-engine-xt-relationalStore-postgres	4.38.1		N/A
org.finos.legend.engine	legend-engine-xt-relationalStore-postgres	4.38.2		N/A
org.finos.legend.engine	legend-engine-xt-relationalStore-postgres	4.38.3		N/A
org.finos.legend.engine	legend-engine-xt-relationalStore-postgres	4.38.4		N/A
org.finos.legend.engine	legend-engine-xt-relationalStore-postgres	4.39.0		N/A
org.finos.legend.engine	legend-engine-xt-relationalStore-postgres	4.39.1		N/A
org.finos.legend.engine	legend-engine-xt-relationalStore-postgres	4.40.0		N/A
org.finos.legend.engine	legend-engine-xt-relationalStore-postgres	4.40.3		N/A
org.finos.legend.engine	legend-engine-xt-relationalStore-postgres	4.41.0		N/A
org.finos.legend.engine	legend-engine-xt-relationalStore-postgres	4.42.0		N/A
org.finos.legend.engine	legend-engine-xt-relationalStore-postgres	4.42.1		N/A
org.finos.legend.engine	legend-engine-xt-relationalStore-postgres	4.42.2		N/A
org.finos.legend.engine	legend-engine-xt-relationalStore-postgres	4.42.3		N/A
org.finos.legend.engine	legend-engine-xt-relationalStore-postgres	4.42.4		N/A
org.finos.legend.engine	legend-engine-xt-relationalStore-postgres	4.42.5		N/A
org.finos.legend.engine	legend-engine-xt-relationalStore-postgres	4.42.6		N/A
org.finos.legend.engine	legend-engine-xt-relationalStore-postgres	4.43.0		N/A
org.finos.legend.engine	legend-engine-xt-relationalStore-postgres	4.43.1		N/A
org.finos.legend.engine	legend-engine-xt-relationalStore-postgres	4.43.2		N/A
org.finos.legend.engine	legend-engine-xt-relationalStore-postgres	4.43.3		N/A
org.finos.legend.engine	legend-engine-xt-relationalStore-postgres	4.43.4		N/A
org.finos.legend.engine	legend-engine-xt-relationalStore-postgres	4.44.0		N/A
org.finos.legend.engine	legend-engine-xt-relationalStore-postgres	4.44.1		N/A
org.finos.legend.engine	legend-engine-xt-relationalStore-postgres	4.44.2		N/A
org.finos.legend.engine	legend-engine-xt-relationalStore-postgres	4.44.3		N/A
org.finos.legend.engine	legend-engine-xt-relationalStore-postgres	4.45.0		N/A
org.finos.legend.engine	legend-engine-xt-relationalStore-postgres	4.45.1		N/A
org.finos.legend.engine	legend-engine-xt-relationalStore-postgres	4.45.2		N/A
org.finos.legend.engine	legend-engine-xt-relationalStore-postgres	4.46.0		N/A
org.finos.legend.engine	legend-engine-xt-relationalStore-postgres	4.46.1		N/A
org.finos.legend.engine	legend-engine-xt-relationalStore-postgres	4.46.2		N/A
org.finos.legend.engine	legend-engine-xt-relationalStore-postgres	4.47.0		N/A
org.finos.legend.engine	legend-engine-xt-relationalStore-postgres	4.47.1		N/A
org.finos.legend.engine	legend-engine-xt-relationalStore-postgres	4.47.2		N/A
org.finos.legend.engine	legend-engine-xt-relationalStore-postgres	4.47.3		N/A
org.finos.legend.engine	legend-engine-xt-relationalStore-postgres	4.48.0		N/A
org.finos.legend.engine	legend-engine-xt-relationalStore-postgres	4.48.1		N/A
org.finos.legend.engine	legend-engine-xt-relationalStore-postgres	4.48.2		N/A
org.finos.legend.engine	legend-engine-xt-relationalStore-postgres	4.49.0		N/A
org.finos.legend.engine	legend-engine-xt-relationalStore-postgres	4.49.1		N/A
org.finos.legend.engine	legend-engine-xt-relationalStore-postgres	4.50.0		N/A
org.finos.legend.engine	legend-engine-xt-relationalStore-postgres	4.50.1		N/A
org.finos.legend.engine	legend-engine-xt-relationalStore-postgres	4.51.1		N/A
org.finos.legend.engine	legend-engine-xt-relationalStore-postgres	4.52.0		N/A
org.finos.legend.engine	legend-engine-xt-relationalStore-postgres	4.52.1		N/A
org.finos.legend.engine	legend-engine-xt-relationalStore-postgres	4.53.0		N/A
org.finos.legend.engine	legend-engine-xt-relationalStore-postgres	4.53.3		N/A
org.finos.legend.engine	legend-engine-xt-relationalStore-postgres	4.53.5		N/A
org.finos.legend.engine	legend-engine-xt-relationalStore-postgres	4.53.8		N/A
org.finos.legend.engine	legend-engine-xt-relationalStore-postgres	4.54.0		N/A
org.finos.legend.engine	legend-engine-xt-relationalStore-postgres	4.54.1		N/A
org.finos.legend.engine	legend-engine-xt-relationalStore-postgres	4.55.0		N/A
org.finos.legend.engine	legend-engine-xt-relationalStore-postgres	4.55.1		N/A
org.finos.legend.engine	legend-engine-xt-relationalStore-postgres	4.55.2		N/A
org.finos.legend.engine	legend-engine-xt-relationalStore-postgres	4.55.3		N/A
org.finos.legend.engine	legend-engine-xt-relationalStore-postgres	4.55.4		N/A
org.finos.legend.engine	legend-engine-xt-relationalStore-postgres	4.56.0		N/A
org.finos.legend.engine	legend-engine-xt-relationalStore-postgres	4.57.0		N/A
org.finos.legend.engine	legend-engine-xt-relationalStore-postgres	4.57.1		N/A
org.finos.legend.engine	legend-engine-xt-relationalStore-postgres	4.58.0		N/A
org.finos.legend.engine	legend-engine-xt-relationalStore-postgres	4.58.1		N/A
org.finos.legend.engine	legend-engine-xt-relationalStore-postgres	4.59.0		N/A
org.finos.legend.engine	legend-engine-xt-relationalStore-postgres	4.60.0		N/A
org.finos.legend.engine	legend-engine-xt-relationalStore-postgres	4.61.0		N/A
org.finos.legend.engine	legend-engine-xt-relationalStore-postgres	4.62.0		N/A
org.finos.legend.engine	legend-engine-xt-relationalStore-postgres	4.62.1		N/A
org.finos.legend.engine	legend-engine-xt-relationalStore-postgres	4.63.0		N/A
org.finos.legend.engine	legend-engine-xt-relationalStore-postgres	4.63.1		N/A
org.finos.legend.engine	legend-engine-xt-relationalStore-postgres	4.63.2		N/A
org.finos.legend.engine	legend-engine-xt-relationalStore-postgres	4.64.0		N/A
org.finos.legend.engine	legend-engine-xt-relationalStore-postgres	4.64.1		N/A
org.finos.legend.engine	legend-engine-xt-relationalStore-postgres	4.65.0		N/A
org.finos.legend.engine	legend-engine-xt-relationalStore-postgres	4.65.2		N/A
org.finos.legend.engine	legend-engine-xt-relationalStore-postgres	4.65.3		N/A
org.finos.legend.engine	legend-engine-xt-relationalStore-postgres	4.66.0		N/A
org.finos.legend.engine	legend-engine-xt-relationalStore-postgres	4.66.1		N/A
org.finos.legend.engine	legend-engine-xt-relationalStore-postgres	4.67.0		N/A
org.finos.legend.engine	legend-engine-xt-relationalStore-postgres	4.67.1		N/A
org.finos.legend.engine	legend-engine-xt-relationalStore-postgres	4.67.10		N/A
org.finos.legend.engine	legend-engine-xt-relationalStore-postgres	4.67.11		N/A
org.finos.legend.engine	legend-engine-xt-relationalStore-postgres	4.67.12		N/A
org.finos.legend.engine	legend-engine-xt-relationalStore-postgres	4.67.2		N/A
org.finos.legend.engine	legend-engine-xt-relationalStore-postgres	4.67.3		N/A
org.finos.legend.engine	legend-engine-xt-relationalStore-postgres	4.67.4		N/A
org.finos.legend.engine	legend-engine-xt-relationalStore-postgres	4.67.5		N/A
org.finos.legend.engine	legend-engine-xt-relationalStore-postgres	4.67.7		N/A
org.finos.legend.engine	legend-engine-xt-relationalStore-postgres	4.67.8		N/A
org.finos.legend.engine	legend-engine-xt-relationalStore-postgres	4.67.9		N/A
org.finos.legend.engine	legend-engine-xt-relationalStore-postgres	4.68.0		N/A
org.finos.legend.engine	legend-engine-xt-relationalStore-postgres	4.69.0		N/A
org.finos.legend.engine	legend-engine-xt-relationalStore-postgres	4.69.1		N/A
org.finos.legend.engine	legend-engine-xt-relationalStore-postgres	4.69.2		N/A
org.finos.legend.engine	legend-engine-xt-relationalStore-postgres	4.69.3		N/A
org.finos.legend.engine	legend-engine-xt-relationalStore-postgres	4.69.4		N/A
org.finos.legend.engine	legend-engine-xt-relationalStore-postgres	4.70.0		N/A
org.finos.legend.engine	legend-engine-xt-relationalStore-postgres	4.70.1		N/A
org.finos.legend.engine	legend-engine-xt-relationalStore-postgres	4.71.1		N/A
org.finos.legend.engine	legend-engine-xt-relationalStore-postgres	4.72.0		N/A
org.finos.legend.engine	legend-engine-xt-relationalStore-postgres	4.73.0		N/A
org.finos.legend.engine	legend-engine-xt-relationalStore-postgres	4.73.1		N/A
org.finos.legend.engine	legend-engine-xt-relationalStore-postgres	4.74.0		N/A
org.finos.legend.engine	legend-engine-xt-relationalStore-postgres	4.75.0		N/A
org.finos.legend.engine	legend-engine-xt-relationalStore-postgres	4.75.1		N/A
org.finos.legend.engine	legend-engine-xt-relationalStore-postgres	4.75.3		N/A
org.finos.legend.engine	legend-engine-xt-relationalStore-postgres	4.76.0		N/A
org.finos.legend.engine	legend-engine-xt-relationalStore-postgres	4.77.0		N/A
org.finos.legend.engine	legend-engine-xt-relationalStore-postgres	4.77.1		N/A
org.finos.legend.engine	legend-engine-xt-relationalStore-postgres	4.78.0		N/A
org.finos.legend.engine	legend-engine-xt-relationalStore-postgres	4.78.1		N/A
org.finos.legend.engine	legend-engine-xt-relationalStore-postgres	4.78.2		N/A
org.finos.legend.engine	legend-engine-xt-relationalStore-postgres	4.78.3		N/A
org.finos.legend.engine	legend-engine-xt-relationalStore-postgres	4.78.6		N/A
org.finos.legend.engine	legend-engine-xt-relationalStore-postgres	4.79.0		N/A
org.finos.legend.engine	legend-engine-xt-relationalStore-postgres	4.80.0		N/A
org.finos.legend.engine	legend-engine-xt-relationalStore-postgres	4.81.0		N/A
org.finos.legend.engine	legend-engine-xt-relationalStore-postgres	4.82.0		N/A
org.finos.legend.engine	legend-engine-xt-relationalStore-postgres	4.83.0		N/A
org.finos.legend.engine	legend-engine-xt-relationalStore-postgres	4.83.1		N/A
org.finos.legend.engine	legend-engine-xt-relationalStore-postgres	4.83.2		N/A
org.finos.legend.engine	legend-engine-xt-relationalStore-postgres	4.83.3		N/A
org.glassfish.jersey.test-framework.providers	jersey-test-framework-provider-bundle	2.0		N/A
org.glassfish.jersey.test-framework.providers	jersey-test-framework-provider-bundle	2.0-m01		N/A
org.glassfish.jersey.test-framework.providers	jersey-test-framework-provider-bundle	2.0-m02		N/A
org.glassfish.jersey.test-framework.providers	jersey-test-framework-provider-bundle	2.0-m03		N/A
org.glassfish.jersey.test-framework.providers	jersey-test-framework-provider-bundle	2.0-m04		N/A
org.glassfish.jersey.test-framework.providers	jersey-test-framework-provider-bundle	2.0-m04-1		N/A
org.glassfish.jersey.test-framework.providers	jersey-test-framework-provider-bundle	2.0-m04-2		N/A
org.glassfish.jersey.test-framework.providers	jersey-test-framework-provider-bundle	2.0-m05		N/A
org.glassfish.jersey.test-framework.providers	jersey-test-framework-provider-bundle	2.0-m05-1		N/A
org.glassfish.jersey.test-framework.providers	jersey-test-framework-provider-bundle	2.0-m05-2		N/A
org.glassfish.jersey.test-framework.providers	jersey-test-framework-provider-bundle	2.0-m06		N/A
org.glassfish.jersey.test-framework.providers	jersey-test-framework-provider-bundle	2.0-m07		N/A
org.glassfish.jersey.test-framework.providers	jersey-test-framework-provider-bundle	2.0-m07-1		N/A
org.glassfish.jersey.test-framework.providers	jersey-test-framework-provider-bundle	2.0-m08		N/A
org.glassfish.jersey.test-framework.providers	jersey-test-framework-provider-bundle	2.0-m08-1		N/A
org.glassfish.jersey.test-framework.providers	jersey-test-framework-provider-bundle	2.0-m09		N/A
org.glassfish.jersey.test-framework.providers	jersey-test-framework-provider-bundle	2.0-m09-1		N/A
org.glassfish.jersey.test-framework.providers	jersey-test-framework-provider-bundle	2.0-m10		N/A
org.glassfish.jersey.test-framework.providers	jersey-test-framework-provider-bundle	2.0-m11		N/A
org.glassfish.jersey.test-framework.providers	jersey-test-framework-provider-bundle	2.0-m12		N/A
org.glassfish.jersey.test-framework.providers	jersey-test-framework-provider-bundle	2.0-m12-1		N/A
org.glassfish.jersey.test-framework.providers	jersey-test-framework-provider-bundle	2.0-m13		N/A
org.glassfish.jersey.test-framework.providers	jersey-test-framework-provider-bundle	2.0-m13-1		N/A
org.glassfish.jersey.test-framework.providers	jersey-test-framework-provider-bundle	2.0-m13-2		N/A
org.glassfish.jersey.test-framework.providers	jersey-test-framework-provider-bundle	2.0-m13-3		N/A
org.glassfish.jersey.test-framework.providers	jersey-test-framework-provider-bundle	2.0-rc1		N/A
org.glassfish.jersey.test-framework.providers	jersey-test-framework-provider-bundle	2.0.1		N/A
org.glassfish.jersey.test-framework.providers	jersey-test-framework-provider-bundle	2.1		N/A
org.glassfish.jersey.test-framework.providers	jersey-test-framework-provider-bundle	2.10		N/A
org.glassfish.jersey.test-framework.providers	jersey-test-framework-provider-bundle	2.10.1		N/A
org.glassfish.jersey.test-framework.providers	jersey-test-framework-provider-bundle	2.10.2		N/A
org.glassfish.jersey.test-framework.providers	jersey-test-framework-provider-bundle	2.10.3		N/A
org.glassfish.jersey.test-framework.providers	jersey-test-framework-provider-bundle	2.10.4		N/A
org.glassfish.jersey.test-framework.providers	jersey-test-framework-provider-bundle	2.11		N/A
org.glassfish.jersey.test-framework.providers	jersey-test-framework-provider-bundle	2.12		N/A
org.glassfish.jersey.test-framework.providers	jersey-test-framework-provider-bundle	2.13		N/A
org.glassfish.jersey.test-framework.providers	jersey-test-framework-provider-bundle	2.14		N/A
org.glassfish.jersey.test-framework.providers	jersey-test-framework-provider-bundle	2.15		N/A
org.glassfish.jersey.test-framework.providers	jersey-test-framework-provider-bundle	2.16		N/A
org.glassfish.jersey.test-framework.providers	jersey-test-framework-provider-bundle	2.17		N/A
org.glassfish.jersey.test-framework.providers	jersey-test-framework-provider-bundle	2.18		N/A
org.glassfish.jersey.test-framework.providers	jersey-test-framework-provider-bundle	2.19		N/A
org.glassfish.jersey.test-framework.providers	jersey-test-framework-provider-bundle	2.2		N/A
org.glassfish.jersey.test-framework.providers	jersey-test-framework-provider-bundle	2.20		N/A
org.glassfish.jersey.test-framework.providers	jersey-test-framework-provider-bundle	2.21		N/A
org.glassfish.jersey.test-framework.providers	jersey-test-framework-provider-bundle	2.21.1		N/A
org.glassfish.jersey.test-framework.providers	jersey-test-framework-provider-bundle	2.22		N/A
org.glassfish.jersey.test-framework.providers	jersey-test-framework-provider-bundle	2.22.1		N/A
org.glassfish.jersey.test-framework.providers	jersey-test-framework-provider-bundle	2.22.2		N/A
org.glassfish.jersey.test-framework.providers	jersey-test-framework-provider-bundle	2.22.3		N/A
org.glassfish.jersey.test-framework.providers	jersey-test-framework-provider-bundle	2.22.4		N/A
org.glassfish.jersey.test-framework.providers	jersey-test-framework-provider-bundle	2.23		N/A
org.glassfish.jersey.test-framework.providers	jersey-test-framework-provider-bundle	2.23.1		N/A
org.glassfish.jersey.test-framework.providers	jersey-test-framework-provider-bundle	2.23.2		N/A
org.glassfish.jersey.test-framework.providers	jersey-test-framework-provider-bundle	2.24		N/A
org.glassfish.jersey.test-framework.providers	jersey-test-framework-provider-bundle	2.24.1		N/A
org.glassfish.jersey.test-framework.providers	jersey-test-framework-provider-bundle	2.25		N/A
org.glassfish.jersey.test-framework.providers	jersey-test-framework-provider-bundle	2.25.1		N/A
org.glassfish.jersey.test-framework.providers	jersey-test-framework-provider-bundle	2.26		N/A
org.glassfish.jersey.test-framework.providers	jersey-test-framework-provider-bundle	2.26-b01		N/A
org.glassfish.jersey.test-framework.providers	jersey-test-framework-provider-bundle	2.26-b02		N/A
org.glassfish.jersey.test-framework.providers	jersey-test-framework-provider-bundle	2.26-b03		N/A
org.glassfish.jersey.test-framework.providers	jersey-test-framework-provider-bundle	2.26-b04		N/A
org.glassfish.jersey.test-framework.providers	jersey-test-framework-provider-bundle	2.26-b05		N/A
org.glassfish.jersey.test-framework.providers	jersey-test-framework-provider-bundle	2.26-b06		N/A
org.glassfish.jersey.test-framework.providers	jersey-test-framework-provider-bundle	2.26-b07		N/A
org.glassfish.jersey.test-framework.providers	jersey-test-framework-provider-bundle	2.26-b08		N/A
org.glassfish.jersey.test-framework.providers	jersey-test-framework-provider-bundle	2.26-b09		N/A
org.glassfish.jersey.test-framework.providers	jersey-test-framework-provider-bundle	2.27		N/A
org.glassfish.jersey.test-framework.providers	jersey-test-framework-provider-bundle	2.28		N/A
org.glassfish.jersey.test-framework.providers	jersey-test-framework-provider-bundle	2.28-RC4		N/A
org.glassfish.jersey.test-framework.providers	jersey-test-framework-provider-bundle	2.29		N/A
org.glassfish.jersey.test-framework.providers	jersey-test-framework-provider-bundle	2.29.1		N/A
org.glassfish.jersey.test-framework.providers	jersey-test-framework-provider-bundle	2.3		N/A
org.glassfish.jersey.test-framework.providers	jersey-test-framework-provider-bundle	2.3.1		N/A
org.glassfish.jersey.test-framework.providers	jersey-test-framework-provider-bundle	2.30		N/A
org.glassfish.jersey.test-framework.providers	jersey-test-framework-provider-bundle	2.30.1		N/A
org.glassfish.jersey.test-framework.providers	jersey-test-framework-provider-bundle	2.31		N/A
org.glassfish.jersey.test-framework.providers	jersey-test-framework-provider-bundle	2.32		N/A
org.glassfish.jersey.test-framework.providers	jersey-test-framework-provider-bundle	2.33		N/A
org.glassfish.jersey.test-framework.providers	jersey-test-framework-provider-bundle	2.34		N/A
org.glassfish.jersey.test-framework.providers	jersey-test-framework-provider-bundle	2.35		N/A
org.glassfish.jersey.test-framework.providers	jersey-test-framework-provider-bundle	2.36		N/A
org.glassfish.jersey.test-framework.providers	jersey-test-framework-provider-bundle	2.37		N/A
org.glassfish.jersey.test-framework.providers	jersey-test-framework-provider-bundle	2.38		N/A
org.glassfish.jersey.test-framework.providers	jersey-test-framework-provider-bundle	2.39		N/A
org.glassfish.jersey.test-framework.providers	jersey-test-framework-provider-bundle	2.39.1		N/A
org.glassfish.jersey.test-framework.providers	jersey-test-framework-provider-bundle	2.4		N/A
org.glassfish.jersey.test-framework.providers	jersey-test-framework-provider-bundle	2.4.1		N/A
org.glassfish.jersey.test-framework.providers	jersey-test-framework-provider-bundle	2.40		N/A
org.glassfish.jersey.test-framework.providers	jersey-test-framework-provider-bundle	2.41		N/A
org.glassfish.jersey.test-framework.providers	jersey-test-framework-provider-bundle	2.42		N/A
org.glassfish.jersey.test-framework.providers	jersey-test-framework-provider-bundle	2.43		N/A
org.glassfish.jersey.test-framework.providers	jersey-test-framework-provider-bundle	2.44		N/A
org.glassfish.jersey.test-framework.providers	jersey-test-framework-provider-bundle	2.45		N/A
org.glassfish.jersey.test-framework.providers	jersey-test-framework-provider-bundle	2.46		N/A
org.glassfish.jersey.test-framework.providers	jersey-test-framework-provider-bundle	2.5		N/A
org.glassfish.jersey.test-framework.providers	jersey-test-framework-provider-bundle	2.5.1		N/A
org.glassfish.jersey.test-framework.providers	jersey-test-framework-provider-bundle	2.5.2		N/A
org.glassfish.jersey.test-framework.providers	jersey-test-framework-provider-bundle	2.6		N/A
org.glassfish.jersey.test-framework.providers	jersey-test-framework-provider-bundle	2.7		N/A
org.glassfish.jersey.test-framework.providers	jersey-test-framework-provider-bundle	2.8		N/A
org.glassfish.jersey.test-framework.providers	jersey-test-framework-provider-bundle	2.9		N/A
org.glassfish.jersey.test-framework.providers	jersey-test-framework-provider-bundle	2.9.1		N/A
org.glassfish.jersey.test-framework.providers	jersey-test-framework-provider-bundle	3.0.0		N/A
org.glassfish.jersey.test-framework.providers	jersey-test-framework-provider-bundle	3.0.0-M1		N/A
org.glassfish.jersey.test-framework.providers	jersey-test-framework-provider-bundle	3.0.0-M6		N/A
org.glassfish.jersey.test-framework.providers	jersey-test-framework-provider-bundle	3.0.0-RC2		N/A
org.glassfish.jersey.test-framework.providers	jersey-test-framework-provider-bundle	3.0.1		N/A
org.glassfish.jersey.test-framework.providers	jersey-test-framework-provider-bundle	3.0.10		N/A
org.glassfish.jersey.test-framework.providers	jersey-test-framework-provider-bundle	3.0.11		N/A
org.glassfish.jersey.test-framework.providers	jersey-test-framework-provider-bundle	3.0.12		N/A
org.glassfish.jersey.test-framework.providers	jersey-test-framework-provider-bundle	3.0.13		N/A
org.glassfish.jersey.test-framework.providers	jersey-test-framework-provider-bundle	3.0.14		N/A
org.glassfish.jersey.test-framework.providers	jersey-test-framework-provider-bundle	3.0.15		N/A
org.glassfish.jersey.test-framework.providers	jersey-test-framework-provider-bundle	3.0.16		N/A
org.glassfish.jersey.test-framework.providers	jersey-test-framework-provider-bundle	3.0.17		N/A
org.glassfish.jersey.test-framework.providers	jersey-test-framework-provider-bundle	3.0.2		N/A
org.glassfish.jersey.test-framework.providers	jersey-test-framework-provider-bundle	3.0.3		N/A
org.glassfish.jersey.test-framework.providers	jersey-test-framework-provider-bundle	3.0.4		N/A
org.glassfish.jersey.test-framework.providers	jersey-test-framework-provider-bundle	3.0.5		N/A
org.glassfish.jersey.test-framework.providers	jersey-test-framework-provider-bundle	3.0.6		N/A
org.glassfish.jersey.test-framework.providers	jersey-test-framework-provider-bundle	3.0.7		N/A
org.glassfish.jersey.test-framework.providers	jersey-test-framework-provider-bundle	3.0.8		N/A
org.glassfish.jersey.test-framework.providers	jersey-test-framework-provider-bundle	3.0.9		N/A
org.glassfish.jersey.test-framework.providers	jersey-test-framework-provider-bundle	3.1.0		N/A
org.glassfish.jersey.test-framework.providers	jersey-test-framework-provider-bundle	3.1.0-M1		N/A
org.glassfish.jersey.test-framework.providers	jersey-test-framework-provider-bundle	3.1.0-M2		N/A
org.glassfish.jersey.test-framework.providers	jersey-test-framework-provider-bundle	3.1.0-M3		N/A
org.glassfish.jersey.test-framework.providers	jersey-test-framework-provider-bundle	3.1.0-M7		N/A
org.glassfish.jersey.test-framework.providers	jersey-test-framework-provider-bundle	3.1.0-M8		N/A
org.glassfish.jersey.test-framework.providers	jersey-test-framework-provider-bundle	3.1.1		N/A
org.glassfish.jersey.test-framework.providers	jersey-test-framework-provider-bundle	3.1.10		N/A
org.glassfish.jersey.test-framework.providers	jersey-test-framework-provider-bundle	3.1.2		N/A
org.glassfish.jersey.test-framework.providers	jersey-test-framework-provider-bundle	3.1.3		N/A
org.glassfish.jersey.test-framework.providers	jersey-test-framework-provider-bundle	3.1.4		N/A
org.glassfish.jersey.test-framework.providers	jersey-test-framework-provider-bundle	3.1.5		N/A
org.glassfish.jersey.test-framework.providers	jersey-test-framework-provider-bundle	3.1.6		N/A
org.glassfish.jersey.test-framework.providers	jersey-test-framework-provider-bundle	3.1.7		N/A
org.glassfish.jersey.test-framework.providers	jersey-test-framework-provider-bundle	3.1.8		N/A
org.glassfish.jersey.test-framework.providers	jersey-test-framework-provider-bundle	3.1.9		N/A
org.glassfish.jersey.test-framework.providers	jersey-test-framework-provider-bundle	4.0.0-M1		N/A
org.glassfish.jersey.test-framework.providers	jersey-test-framework-provider-bundle	4.0.0-M2		N/A
org.glassfish.tyrus.tests	tyrus-tests-containers	2.0.2		N/A
org.glassfish.tyrus.tests	tyrus-tests-containers	2.0.3		N/A
org.glassfish.tyrus.tests	tyrus-tests-containers	2.0.4		N/A
org.glassfish.tyrus.tests	tyrus-tests-containers	2.0.5		N/A
org.glassfish.tyrus.tests	tyrus-tests-containers	2.0.6		N/A
org.glassfish.tyrus.tests	tyrus-tests-containers	2.0.7		N/A
org.glassfish.tyrus.tests	tyrus-tests-containers	2.1.0		N/A
org.glassfish.tyrus.tests	tyrus-tests-containers	2.1.0-M1		N/A
org.glassfish.tyrus.tests	tyrus-tests-containers	2.1.0-M2		N/A
org.glassfish.tyrus.tests	tyrus-tests-containers	2.1.0-M4		N/A
org.glassfish.tyrus.tests	tyrus-tests-containers	2.1.1		N/A
org.glassfish.tyrus.tests	tyrus-tests-containers	2.1.2		N/A
org.glassfish.tyrus.tests	tyrus-tests-containers	2.1.3		N/A
org.glassfish.tyrus.tests	tyrus-tests-containers	2.1.4		N/A
org.glassfish.tyrus.tests	tyrus-tests-containers	2.1.5		N/A
org.glassfish.tyrus.tests	tyrus-tests-containers	2.2.0		N/A
org.glassfish.tyrus.tests	tyrus-tests-containers	2.2.0-M1		N/A
org.jboss.narayana.rts	lra-client	5.10.0.Final		af9b5ed4600448e0fe5b31704af5d1697f7ace78
org.jboss.narayana.rts	lra-client	5.10.1.Final		8ab374857187f714259045b0c850268c1ec12468
org.jboss.narayana.rts	lra-client	5.10.3.Final		b79b1662c89b8ffaa7ffc96511b420776298c7f0
org.jboss.narayana.rts	lra-client	5.10.4.Final		77fbfaa381545c4f44fe8a8c693366722f6a63da
org.jboss.narayana.rts	lra-client	5.10.5.Final		3683d36cb44055de59799805b44cc24c0a63f641
org.jboss.narayana.rts	lra-client	5.10.6.Final		91e87fad3a0eca390a89b2d0733c0e918d372b9d
org.jboss.narayana.rts	lra-client	5.11.0.Final		b45b6e1bb83202c91aa46fdd1181e27b57d35418
org.jboss.narayana.rts	lra-client	5.11.1.Final		9ff45c180357018ee8628c7ea22326749d401b5b
org.jboss.narayana.rts	lra-client	5.11.2.Final		2aea4dfb9bf3b3be40789f30d202fbc7f2297e4e
org.jboss.narayana.rts	lra-client	5.11.3.Final		37f605f8d80be6398588a93e4027a3ed8bfbf065
org.jboss.narayana.rts	lra-client	5.11.4.Final		7ba6aab1cb56008c2c3f6cb31bb75f7d42c7f467
org.jboss.narayana.rts	lra-client	5.12.0.Final		15961c02216dd3ba9a9df58afd93e578248c008b
org.jboss.narayana.rts	lra-client	5.12.1.Final		d6ffc9bc2ccb22a9107bf3d120b100731d0db122
org.jboss.narayana.rts	lra-client	5.12.2.Final		4ff551297c71a59183851a5d36a710d12f80deb1
org.jboss.narayana.rts	lra-client	5.12.4.Final		99163536f0a860fddd921153869e2013b7c0dbec
org.jboss.narayana.rts	lra-client	5.12.5.Final		1731df484c762d9f72876b445bf5c3995ee9620b
org.jboss.narayana.rts	lra-client	5.12.6.Final		e2c5bf1f790d7498fffa4f696e9b24932bded9dd
org.jboss.narayana.rts	lra-client	5.12.7.Final		5565b0cf15b3b0dce58d3e26921db818c07e9c5d
org.jboss.narayana.rts	lra-client	5.13.0.Final		0c3f248b858adaab49fb9a4f779a1d237e52381c
org.jboss.narayana.rts	lra-client	5.13.1.Alpha1		b9efc889b6fc9952c4cf0712ae198765eb9d2ab8
org.jboss.narayana.rts	lra-client	5.13.1.Final		c38c8fba5acf88594db9546ee105692db30b5c95
org.jboss.narayana.rts	lra-client	5.7.0.Final		81eb462d93e000df9a2c6992352362b8dac550f6
org.jboss.narayana.rts	lra-client	5.7.1.Final		7b85e7a44e982a8b9e8f9772c89cafd6c1299335
org.jboss.narayana.rts	lra-client	5.7.2.Final		70bf0da4a394f7aa831dbfc9feda06229455f228
org.jboss.narayana.rts	lra-client	5.8.0.Final		eabb04d84a9ed369e63b66cac638b059615dd91a
org.jboss.narayana.rts	lra-client	5.8.1.Final		5ae9eba00356b30265d75fcbb13dea385fbe1e90
org.jboss.narayana.rts	lra-client	5.8.2.Final		9520b46fec95cf1216436a9ffd5e45bb75b7bd2c
org.jboss.narayana.rts	lra-client	5.9.0.Final		7c84f6e989156798f84a4825a8101e862f0c166b
org.jboss.narayana.rts	lra-client	5.9.1.Final		75cdea3fccc2968377eb4c9f24ef6809b3a08a1f
org.jboss.narayana.rts	lra-client	5.9.10.Final		e8b8c88543449a4f5278902b7d2c1f2ae2e8f5db
org.jboss.narayana.rts	lra-client	5.9.11.Final		a7ba95f20e022b799d96ce3270c4c18b6ef11dfd
org.jboss.narayana.rts	lra-client	5.9.2.Final		77b3dd319bc2218810aac5f3fa552145ad991ad4
org.jboss.narayana.rts	lra-client	5.9.3.Final		fa4c34150bb9c6758780f4e0c22661869e4a546e
org.jboss.narayana.rts	lra-client	5.9.5.Final		0cf8e97d13b1bd8601f825d0cb667f4ec9a154c9
org.jboss.narayana.rts	lra-client	5.9.6.Final		3f5bf6f5a248649697029fd379a554599488f647
org.jboss.narayana.rts	lra-client	5.9.7.Final		8ace9cd76efa763a1eedc62160853046fab9b0cd
org.jboss.narayana.rts	lra-client	5.9.8.Final		d76dbcd3806a8a775bf93fa754b069480da28be6
org.jboss.narayana.rts	lra-client	5.9.9.Final		7103c51203c3b6b0af5ae05f054828abd275da2f
org.jboss.narayana.rts	lra-client	6.0.0.CR1		b99c383dea8c263d72ddbe57d7c0b169d58d1301
org.jboss.narayana.rts	lra-client	6.0.0.Final		f090435158d26ca8d773b593f1c7ea7673203096
org.jboss.narayana.rts	lra-client	6.0.1.Final		623fc4916c886a2123de7fb8d77b54739cada3ca
org.jboss.narayana.rts	lra-client	6.0.2.Final		6b3a3e4a046f70226e37672342cefabf472779db
org.jboss.narayana.rts	lra-client	6.0.3.Final		ae1e68a43b1b44bfe1a118f036fa792358c75812
org.jboss.narayana.rts	lra-client	7.0.0.Final		14e0c0994ccf7fbfe057b42df8a6afa066770999
org.jboss.narayana.rts	lra-client	7.0.1.Final		886510575c126d0c77e086948a59df7be2039c76
org.jboss.narayana.rts	lra-client	7.0.2.Final		6b62f30f33815376ce15d36167261270b76b6b3d
org.jboss.narayana.rts	lra-client	7.1.0.Final		9238384aef8c986a2f7a2e047d5db3dae08430ea
org.jdtaus.banking	jdtaus-banking-schemas	1.0		bccd3b09bfe066f11bc688a721955a859ae4ed0f
org.jdtaus.banking	jdtaus-banking-schemas	1.1		24136929b2a366c06794689c70452381d4d3b479
org.jdtaus.banking	jdtaus-banking-schemas	1.10		d45a08277ef8c1cd7dd8e987eb3a48e6bfaa89ea
org.jdtaus.banking	jdtaus-banking-schemas	1.11		c7d8023411f25269f639baa2cde4dce2a7113765
org.jdtaus.banking	jdtaus-banking-schemas	1.11.1		12e2aee1977ccebd4ec3e99b9933b21f04a1fa6f
org.jdtaus.banking	jdtaus-banking-schemas	1.11.2		f4f2312db29b6c668fa0c27b2c47bd1456a01032
org.jdtaus.banking	jdtaus-banking-schemas	1.11.3		2cbe93935edb4bf92574aa32e80dc0a581b1e120
org.jdtaus.banking	jdtaus-banking-schemas	1.11.4		7aaedf02a704591c382aec6197ec15a69d2490e0
org.jdtaus.banking	jdtaus-banking-schemas	1.11.5		99643968f18e7386f5db37f6dacbe76b089459bf
org.jdtaus.banking	jdtaus-banking-schemas	1.11.6		a1e5b877a5f5b6a8f94e0c951bb624d15c6c515d
org.jdtaus.banking	jdtaus-banking-schemas	1.11.7		80aba9fd686b80342b1a12f67b4a40cb36f4815f
org.jdtaus.banking	jdtaus-banking-schemas	1.12		346fce9d64d343cfacfddd64c471bb722020c77e
org.jdtaus.banking	jdtaus-banking-schemas	1.13		d7e7a507458d57073b0f5e1e928a661fe6b2b17e
org.jdtaus.banking	jdtaus-banking-schemas	1.13	project	e9ce0ede4bdf5c7f30eb1ac19fe3dc1d89b7ff76
org.jdtaus.banking	jdtaus-banking-schemas	1.13	site	da986f1da066e6161c5ddfae631ae3dced6d5ed2
org.jdtaus.banking	jdtaus-banking-schemas	1.14		57054dc7474b5dcdc34397f1464baf0bb60dc7ab
org.jdtaus.banking	jdtaus-banking-schemas	1.14	project	efe310fa504cb84829c6e3c36167af69b97f0ab4
org.jdtaus.banking	jdtaus-banking-schemas	1.14	site	9951c7bd4440be0e8346e654876979a52fed8a0d
org.jdtaus.banking	jdtaus-banking-schemas	1.14.1		6e2a067fb108e8299c256d19a8e2cee843b24314
org.jdtaus.banking	jdtaus-banking-schemas	1.14.1	project	6cdea438d0738da0fa33d3b7bd8e0849ba244918
org.jdtaus.banking	jdtaus-banking-schemas	1.14.1	site	e35bf4ac619089fc15a9f5b1958f2ab4caa794d8
org.jdtaus.banking	jdtaus-banking-schemas	1.15		4af1d608e5a85e7f4838fb7e5b99b320038163e8
org.jdtaus.banking	jdtaus-banking-schemas	1.15	project	e8cbc0bdfd7d840ef2cdfa26f86f34ebe3f864bc
org.jdtaus.banking	jdtaus-banking-schemas	1.15	site	a34032795619fe4761393cae2be7a630002acdfb
org.jdtaus.banking	jdtaus-banking-schemas	1.16		e2dbb1508ea07d6b50b6b5ad1101eb50addd17aa
org.jdtaus.banking	jdtaus-banking-schemas	1.16	project	f1f865ad8f720e74ba66f5787e2161a62c5eb355
org.jdtaus.banking	jdtaus-banking-schemas	1.16	site	bc7457300707672910f152f37f658b4eeb77ca77
org.jdtaus.banking	jdtaus-banking-schemas	1.8		8d09736373e61f014505ec553c050ff0b8991eea
org.jdtaus.banking	jdtaus-banking-schemas	1.9		c6fd806a3fe4b9157fe1277eb1df6e91ff0fe935
org.jvnet.ogc	wms-v_1_3_0-exceptions	2.2.0		f5ff67cc88cf66a4faf8c6fa8e6a7614c59b9ba9
org.jvnet.ogc	wms-v_1_3_0-exceptions	2.4.0		93dfc60be4ce5f9aff69c1397b8df83adb259a71
org.jvnet.ogc	wms-v_1_3_0-exceptions	2.5.0		23876b45244282d222813e063db9e5cf11684675
org.jvnet.ogc	wms-v_1_3_0-exceptions	2.5.1		97f311ebea0f6c2f3024d7a055390c28eca81d97
org.jvnet.ogc	wms-v_1_3_0-exceptions	2.5.2		a959c22d65257db9e7f692c04454f247fcc25193
org.jvnet.ogc	wms-v_1_3_0-exceptions	2.5.3		47ac52b0924f417840f7baaf0b798c0471ce39cd
org.jvnet.ogc	wms-v_1_3_0-exceptions	2.5.4		482907a2484c05b4de09a9dc2ce0510327b00828
org.jvnet.ogc	wms-v_1_3_0-exceptions	2.6.0		8f6389daa51bca53d28817a1b13d4abbbebd5223
org.jvnet.ogc	wms-v_1_3_0-exceptions	2.6.1		26af061118e1210681afd9ec854554e11cf69466
org.keycloak	keycloak-rest-admin-ui-ext	21.0.0		11de7c83ea538fcc1b43f5544e343b15becc69b6
org.keycloak	keycloak-rest-admin-ui-ext	21.0.1		fd3b191f31fa005baaff2f9cbc9f7f5fef33ec6c
org.keycloak	keycloak-rest-admin-ui-ext	21.0.2		6a7a269dde2dbdca53df175fae04571623f64869
org.keycloak	keycloak-rest-admin-ui-ext	21.1.0		9af937228eb273f2021922f72f2108894ff29c7a
org.keycloak	keycloak-rest-admin-ui-ext	21.1.1		cc28788739416c5d92e52e5a107c8b361598cdcb
org.keycloak	keycloak-rest-admin-ui-ext	21.1.2		579d06b168e690e9b0906efc8103835507d0a480
org.keycloak	keycloak-rest-admin-ui-ext	22.0.0		5e4e5e657832c0d31702954a16ac91f58807e125
org.keycloak	keycloak-rest-admin-ui-ext	22.0.1		c2f7871af18e87c49ca503ad8def3b68018347a4
org.keycloak	keycloak-rest-admin-ui-ext	22.0.2		54932138071ace37610b9f40487155120b3c9cc5
org.keycloak	keycloak-rest-admin-ui-ext	22.0.3		a57614625b8f5cfaf65944cd5fd580bb5bc84806
org.keycloak	keycloak-rest-admin-ui-ext	22.0.4		20cfbc80578bf5b18d1b8a4a99d5790a4c726194
org.keycloak	keycloak-rest-admin-ui-ext	22.0.5		dfbe7a1ee56daac9ea4847d09d926b640698a308
org.keycloak	keycloak-rest-admin-ui-ext	23.0.0		db4a532134bbc9195a81cf97fa20b06a002c0eaf
org.keycloak	keycloak-rest-admin-ui-ext	23.0.1		3e1d0dad1841bebf3b4586c6ec3fe8e69fc87b18
org.keycloak	keycloak-rest-admin-ui-ext	23.0.2		728ea7ffb5df406b20f0eb55a33a934eebd6810f
org.keycloak	keycloak-rest-admin-ui-ext	23.0.3		8a503cd02137157998bc328f01e42d3469d262df
org.keycloak	keycloak-rest-admin-ui-ext	23.0.4		a69436b36197a3ab02520fe58ab6941b1f00c45e
org.keycloak	keycloak-rest-admin-ui-ext	23.0.5		e60051ee8c1b9048cc278f68cd783039802027ea
org.keycloak	keycloak-rest-admin-ui-ext	23.0.6		7d6b0a5dfb7f45e3f333edea2a11c4464dce3152
org.keycloak	keycloak-rest-admin-ui-ext	23.0.7		4b54af80155c611493d5290b6a880189c14d2a69
org.keycloak	keycloak-rest-admin-ui-ext	24.0.0		495bcecd0b38161f4cd3ed90446d1e39b8127f25
org.keycloak	keycloak-rest-admin-ui-ext	24.0.1		89e1f5d223f5c902633c822e104a0abd176ea2d6
org.keycloak	keycloak-rest-admin-ui-ext	24.0.2		b1404181992de0b331ea8536a94aaaa54f351477
org.keycloak	keycloak-rest-admin-ui-ext	24.0.3		35c210651e5942662013f6ed48c58222afdc53bf
org.keycloak	keycloak-rest-admin-ui-ext	24.0.4		fd185615fdc347e38a10ff66af701e1f3c7c664a
org.keycloak	keycloak-rest-admin-ui-ext	24.0.5		bfee724e21ffb259ec1a33d260ce2bd920abd932
org.keycloak	keycloak-rest-admin-ui-ext	25.0.0		9f101dff788dac9a7f00c11c4769f3f16adb680b
org.keycloak	keycloak-rest-admin-ui-ext	25.0.1		d25d820dcc65d4d05b517c3d6e1fb83dfe5e43fe
org.keycloak	keycloak-rest-admin-ui-ext	25.0.2		8df8ccf62687cdd62bcd9d48ee663dece1142038
org.keycloak	keycloak-rest-admin-ui-ext	25.0.3		606169747826ef7e59d87d02f008e06e822e5514
org.keycloak	keycloak-rest-admin-ui-ext	25.0.4		862a3367fd75e687a4a7419182d120b7b1f5928c
org.keycloak	keycloak-rest-admin-ui-ext	25.0.5		2d2110602d070c4fb9444091f3b6ab94f9561e60
org.keycloak	keycloak-rest-admin-ui-ext	25.0.6		fc82784e689b35183cbbcc312c101d8a7ca9747e
org.keycloak	keycloak-rest-admin-ui-ext	26.0.0		6a6f15de966a50e2a01cdcba08cb7bf8f6f9a197
org.keycloak	keycloak-rest-admin-ui-ext	26.0.1		667165e88b019a49765bc73eb044315f7e143cf9
org.keycloak	keycloak-rest-admin-ui-ext	26.0.2		df804b7098aaecb186b6d407aee43883c6b246b8
org.keycloak	keycloak-rest-admin-ui-ext	26.0.3		69baf0c3f4bcf3d04b8dd9614cc4203158e213a4
org.keycloak	keycloak-rest-admin-ui-ext	26.0.4		6def86c5f82ad6cabe07880231626e2988539df8
org.keycloak	keycloak-rest-admin-ui-ext	26.0.5		4ed0d2e494e34cefe197589244cf95c525161a20
org.keycloak	keycloak-rest-admin-ui-ext	26.0.6		5d24f0bc00dbc540886afc5ba277ddda911e9468
org.keycloak	keycloak-rest-admin-ui-ext	26.0.7		f54c13f6c63ea2b60e76ad03afd87dd3f4428a5b
org.keycloak	keycloak-rest-admin-ui-ext	26.0.8		eaca87356b1cdd142f5fb502d4a374c28e4cfb0d
org.keycloak	keycloak-rest-admin-ui-ext	26.1.0		475612cef9edc2d608045282ae36fdb08de80b0a
org.keycloak	keycloak-rest-admin-ui-ext	26.1.1		f2195813e553aeec49a6f843a65773a55cd20c60
org.keycloak	keycloak-rest-admin-ui-ext	26.1.2		73ab0c3d5fbff29c5e6f45a8f026fd66ecad5804
org.keycloak	keycloak-rest-admin-ui-ext	26.1.3		4a3723e110fb1cbd1190659f7fe183593131ccb6
org.keycloak	keycloak-rest-admin-ui-ext	26.1.4		061e463d989cb6def91a8190d01a880e8e7b214c
org.keycloak	keycloak-rest-admin-ui-ext	26.1.5		065e24315a99b4c7e323e0399d742ab4be7a4899
org.keycloak	keycloak-rest-admin-ui-ext	26.2.0		fcf29213487a9179b085d9c7b916f3145323ad86
org.keycloak	keycloak-rest-admin-ui-ext	26.2.1		8cd8bc68c5a431a885754b7eb30bfec411ef52f1
org.keycloak	keycloak-rest-admin-ui-ext	26.2.2		c0521aaa6dff040ccb156b92426c76a50e61d4da
org.keycloak	keycloak-rest-admin-ui-ext	26.2.3		cfd782b8a8b3c2821449a448ac0d43707a8b7cd6
org.keycloak	keycloak-rest-admin-ui-ext	26.2.4		9cb323a794afd1136fd3f298ff4924501e3d7562
org.kuali.student.repository	git-importer-foundation-plugin	0.0.2		51d2eb11fb53a357881bda7b9e39a6d624622c11
org.kuali.student.repository	git-importer-foundation-plugin	0.0.3		2811a8fa60fd02fc60c8842b862d0280fb091139
org.kuali.student.repository	git-importer-foundation-plugin	0.0.4		6ee871a8cb59cbc25fdda9e13ca71a9a64e59c8d
org.locationtech.geomesa	geomesa-redis-datastore_2.13	4.0.0		b211aef19ec34e6b536efada96b0f6d863b62b94
org.locationtech.geomesa	geomesa-redis-datastore_2.13	4.0.1		177a6fbfa98e18701ec7dff9c010a9f6f9f84d10
org.locationtech.geomesa	geomesa-redis-datastore_2.13	4.0.2		7e9b30a9f314cf31599011eade5c5017c95abe06
org.locationtech.geomesa	geomesa-redis-datastore_2.13	4.0.3		b5b5e5d983fe12d98dace9c807ebf85e3950fa2d
org.locationtech.geomesa	geomesa-redis-datastore_2.13	4.0.4		62347aa79eea60857a17affd552b63d995efa50f
org.locationtech.geomesa	geomesa-redis-datastore_2.13	4.0.5		21bfc2d1c163f34a2068a53337a4796a3d2fb13e
org.locationtech.geomesa	geomesa-redis-datastore_2.13	5.0.0		09cab51419cec2053baddb9060ca1bb858be02dd
org.locationtech.geomesa	geomesa-redis-datastore_2.13	5.0.1		412bec751ef0b1dcd9270fbb4e29e4b8648cf02a
org.locationtech.geomesa	geomesa-redis-datastore_2.13	5.1.0		195e05cf1de21481505ce16687995fbfd5d6faf9
org.locationtech.geomesa	geomesa-redis-datastore_2.13	5.2.0		a02e3f398453e1e18cf8585b2bde420ef1068799
org.locationtech.geomesa	geomesa-redis-datastore_2.13	5.2.1		a3e45216df51b2777367b728f403fd9bc1bf2979
org.locationtech.geomesa	geomesa-redis-datastore_2.13	5.2.2		f6c0ef44c571ebabf11c7423a372a7fd05cedde0
org.metachart	metachart-xml	0.0.2		312ff716153d4372497d4ba73ddbec33b5f616a6
org.metachart	metachart-xml	0.0.4		aaeb0a2ed6ff69d5b32a424ee29e7ece22eb7101
org.metachart	metachart-xml	0.0.7		0591d9eaabbf6f505ce7dece6bd8c0735b8f7489
org.noear	liquor-eval	1.1.2		078b12a3f4b51ad6f41da4bf544b8f6531368296
org.noear	liquor-eval	1.1.3		a367f04a61689f830fbf04f474b5f0660270e858
org.noear	liquor-eval	1.2.0		472007cc8cf98d450fb7a2768efed6ec1392b45e
org.noear	liquor-eval	1.2.1		a0253e2fe98c6045c78cc58467b30ce70d3ca118
org.noear	liquor-eval	1.2.2		d92c678edab4eee8e05f33dfd5bbf7682c2d9b18
org.noear	liquor-eval	1.2.3		9cc72b88c36c7697ad6911df74b3451b804d8be7
org.noear	liquor-eval	1.2.4		c2c9e6946b84e642d88a9ea83f423325a024bba1
org.noear	liquor-eval	1.2.5		ae1557238d2efbc1cc69b12acb13c8edb19a3c72
org.noear	liquor-eval	1.2.6		2fc6842c48dbd87825f74cde94bca0b23af9ae14
org.noear	liquor-eval	1.2.7		bcffb9e5b3c601d0b0f31a7b735a45ceace62db1
org.noear	liquor-eval	1.2.8		2149f6a373c0397c584ba737925ae7d3174b5227
org.noear	liquor-eval	1.2.9		3126f8b101bf65b46429352e239d517a27e66c3d
org.noear	liquor-eval	1.3.0		b02a3eff88914a796c59bb91560cc587f9d64c79
org.noear	liquor-eval	1.3.1		c1e414bba342d55072f1569f29acbe45a87c2c0a
org.noear	liquor-eval	1.3.10		6641c32a0dcebb3503ca5a9c23b91f2fdfce6c9b
org.noear	liquor-eval	1.3.11		5d74b5ccc68f874719c935c8312d5edefcf21280
org.noear	liquor-eval	1.3.12		7b4f4a4f4b59738877b1fc143be759f17c0c7d0d
org.noear	liquor-eval	1.3.13		b5b1c7437860d5b5e7a7b0df9e4b95859715c973
org.noear	liquor-eval	1.3.14		ddba420aa43bb92c2e95f543d419fafa8287d577
org.noear	liquor-eval	1.3.15		c814e5b291588a09880da6f1ac0e222e91dc6ad9
org.noear	liquor-eval	1.3.16		103c9621011c7b1ca550f5a461127d98fe4d6bdb
org.noear	liquor-eval	1.3.2		11d6b37e288ff75402f70acb0635fd03cb96d5b6
org.noear	liquor-eval	1.3.3		7e54da1869e76df8a77c3f185fc332a975aefd97
org.noear	liquor-eval	1.3.4		2bff54813b74eca42d7af1e40ca8b34295011b9d
org.noear	liquor-eval	1.3.5		19738e4b2b335f63324c34bf62489f1ab3a9deac
org.noear	liquor-eval	1.3.6		6ae98ce6b94071237dc78971ec3e6695f3fdb626
org.noear	liquor-eval	1.3.7		cb8805f0461391699260e3181f0343cba9405f0d
org.noear	liquor-eval	1.3.8		d774633036bd7ae223d31615fb1483be86a761cf
org.noear	liquor-eval	1.3.9		cbeadcab05c19ed56fcb7970d79eb423b65f7779
org.noear	liquor-eval	1.4.0		2d2a35723589e1d895e3e844ff2a1797edbf6be1
org.noear	liquor-eval	1.5.0		7eb95a3a2b9f369393a1de27f800d92b406a7c10
org.noear	liquor-eval	1.5.1		84875fc612965c1e30ee89b91702583853906f87
org.noear	liquor-eval	1.5.2		868dc83db059b90f65e3f5f335305e8c4101f9b8
org.noear	liquor-eval	1.5.3		ec67411e7f474f546d3fe80571b4a11ef6f7d47f
org.openani.mediamp	mediamp-source-ktxio	0.0.10		28157b122b742d058c526e389b7ce666e4c6d28f
org.openani.mediamp	mediamp-source-ktxio	0.0.11		28157b122b742d058c526e389b7ce666e4c6d28f
org.openani.mediamp	mediamp-source-ktxio	0.0.13		1bba35d2353e47772d4b5e8cfcf6f82f3cf6b81b
org.openani.mediamp	mediamp-source-ktxio	0.0.14		1bba35d2353e47772d4b5e8cfcf6f82f3cf6b81b
org.openani.mediamp	mediamp-source-ktxio	0.0.15		1bba35d2353e47772d4b5e8cfcf6f82f3cf6b81b
org.openani.mediamp	mediamp-source-ktxio	0.0.19		1bba35d2353e47772d4b5e8cfcf6f82f3cf6b81b
org.openani.mediamp	mediamp-source-ktxio	0.0.21		1bba35d2353e47772d4b5e8cfcf6f82f3cf6b81b
org.openani.mediamp	mediamp-source-ktxio	0.0.22		375d4d2a88955ba81269fb6854b2937cc392890b
org.openani.mediamp	mediamp-source-ktxio	0.0.23		375d4d2a88955ba81269fb6854b2937cc392890b
org.openani.mediamp	mediamp-source-ktxio	0.0.24		375d4d2a88955ba81269fb6854b2937cc392890b
org.openani.mediamp	mediamp-source-ktxio	0.0.25		375d4d2a88955ba81269fb6854b2937cc392890b
org.openani.mediamp	mediamp-source-ktxio	0.0.26		375d4d2a88955ba81269fb6854b2937cc392890b
org.openani.mediamp	mediamp-source-ktxio	0.0.9		28157b122b742d058c526e389b7ce666e4c6d28f
org.opendaylight.alto	alto-pathmanager-api	0.1.0		83b6166fb9bf5e3a3bf8b2c5961a19aa7450eb4b
org.opendaylight.alto	alto-pathmanager-api	0.1.1		24a9f08900f482a6aaf59ae9838700212c02722e
org.opendaylight.alto	alto-pathmanager-api	0.1.2		1fd88f1f93a4550d587966aaefd3a0b7edd1770f
org.opendaylight.alto	alto-pathmanager-api	0.1.3		cb2cc73f21a8fe3a47ed2b733bc9ce50d420821c
org.opendaylight.alto	alto-pathmanager-api	0.1.4		b21b79d822cf52fdde204bc7c489bc922e6d7a15
org.ow2.joram	joram-mom-extensions-ftp	5.10.0		5771aa49eff65a35bde6200e38a12a881ff52037
org.ow2.joram	joram-mom-extensions-ftp	5.11.0		36276aee524879f46125123a2ff2ef982fa5b5f8
org.ow2.joram	joram-mom-extensions-ftp	5.12.0		87f4715b90515f9336c18c8c693d22d62cb92df9
org.ow2.joram	joram-mom-extensions-ftp	5.13.0		88640522dbc947cf56fc3e3cb149d0cdcc63d22d
org.ow2.joram	joram-mom-extensions-ftp	5.13.1		3e74e1edbaa6545ae77e67497cf7ff528385e76c
org.ow2.joram	joram-mom-extensions-ftp	5.14.0		3ae7684ea0f174942403813c00c99c826ed0460f
org.ow2.joram	joram-mom-extensions-ftp	5.15.0		d0467441f1c81a6a24177059c8594382727a051b
org.ow2.joram	joram-mom-extensions-ftp	5.16.0		2792fab649eb0b123057cbc3108ec59119764fb7
org.ow2.joram	joram-mom-extensions-ftp	5.16.1		a4e289c17d14e16e40e9f93aa97ba0be33ba772f
org.ow2.joram	joram-mom-extensions-ftp	5.16.2		7ed76ebf47ab4679654cdfc65686dceb09946593
org.ow2.joram	joram-mom-extensions-ftp	5.16.3		28c3aee3141a913a403afb708ef0431033e3780b
org.ow2.joram	joram-mom-extensions-ftp	5.16.4		819e39794bbb2c17538661ec47169d178e26dc01
org.ow2.joram	joram-mom-extensions-ftp	5.17.0		9075c4aaf41d506c7e62ccbd5491ce030e3650bf
org.ow2.joram	joram-mom-extensions-ftp	5.17.0-RC1		3c1c4c3295dccb69543c06c6e6dc06b4f8722a91
org.ow2.joram	joram-mom-extensions-ftp	5.17.0-RC2		195a9e1b5ba5572dc0f75f6beead2a36852c2306
org.ow2.joram	joram-mom-extensions-ftp	5.17.1		7ad9bd72f5020441675c04f2e693277ac6bdf051
org.ow2.joram	joram-mom-extensions-ftp	5.17.2		441950c47e0c3d035690923c8556063fd6309e0b
org.ow2.joram	joram-mom-extensions-ftp	5.17.3		a0b65bd3425a5abacf4a418b232870904d02d2fb
org.ow2.joram	joram-mom-extensions-ftp	5.17.4		8104bc5cd91e6725744dde1e4646e168ca037e3b
org.ow2.joram	joram-mom-extensions-ftp	5.17.5		983b8ae2e6824bee7f762965467d83b2a4460e5a
org.ow2.joram	joram-mom-extensions-ftp	5.17.6		82ceae93a42190a43fdd4e102d6321b7f2d72623
org.ow2.joram	joram-mom-extensions-ftp	5.18.0		931017d7983919cdc645d7ebd61ad45af152916e
org.ow2.joram	joram-mom-extensions-ftp	5.19.0		7883523a982a454b55305ab1b269651b20198566
org.ow2.joram	joram-mom-extensions-ftp	5.19.1		fc59faf364c84ef09c1734014494ecf7b6584624
org.ow2.joram	joram-mom-extensions-ftp	5.20.0		1118e3c6d816a63f6091851ce385cd22d6f799f1
org.ow2.joram	joram-mom-extensions-ftp	5.21.0		b272ed3d9ec2395610d5e45b6bd749d5ac1e3d04
org.ow2.joram	joram-mom-extensions-ftp	5.21.1		03ce229a7566ac9dc23b47be0f47a435199415c9
org.ow2.joram	joram-mom-extensions-ftp	5.22.0		d1d14c2b7f7ab962fa42c7396c53072f8209dc21
org.ow2.joram	joram-mom-extensions-ftp	5.22.0-EFLUID		6d183b38a0f61f6972d6307bedebb93ff8a2203f
org.ow2.joram	joram-mom-extensions-ftp	5.22.1		3f9b388ce376d39b23adb2cc1c6deb128852b4b8
org.ow2.joram	joram-mom-extensions-ftp	5.23.0		c1b1277f66b899e25200cd17e690e472f4abeec9
org.ow2.joram	joram-mom-extensions-ftp	5.7.1		8a4e6bf15a5333a6b289db70bd971f41f4b4d06f
org.ow2.joram	joram-mom-extensions-ftp	5.8.0		aba2af42c0b65d4249144bdad6c3fdb9a8aa1fb0
org.ow2.joram	joram-mom-extensions-ftp	5.8.1		aa975b149843de028def8b0ae19b2b770efe01c8
org.ow2.joram	joram-mom-extensions-ftp	5.9.0		aa8d50a9ffd9f096029da191ba94dd3590ac6062
org.ow2.joram	joram-mom-extensions-ftp	5.9.1		09c093d9bb9df9d135ef79790976106fc75d7b37
org.ow2.spec.ee	ow2-jpa-2.0-spec	1.0.10		2288080e379eb8323170c3052b64b475ae5fa1a1
org.ow2.spec.ee	ow2-jpa-2.0-spec	1.0.11		3f56fb084bd7f7b4a8838f9b48c8ff46750691e6
org.ow2.spec.ee	ow2-jpa-2.0-spec	1.0.12		377bfd7011753d63f28cd0aa5f96250f769ba3c0
org.ow2.spec.ee	ow2-jpa-2.0-spec	1.0.13		d71c3c5c3db262454ad59032e82f64e28e0b7827
org.ow2.spec.ee	ow2-jpa-2.0-spec	1.0.3		89592dfed1189b6b86258c4cc0c4cd96c54c4ecf
org.ow2.spec.ee	ow2-jpa-2.0-spec	1.0.4		637a6a534dee3890760a5d1c7a89ae9701cb37b1
org.ow2.spec.ee	ow2-jpa-2.0-spec	1.0.5		9bf762b6675b2f068316d8a379c90137df97f8ef
org.ow2.spec.ee	ow2-jpa-2.0-spec	1.0.6		26a237c3baf5314f387ec75b7f7b07be94a90b22
org.ow2.spec.ee	ow2-jpa-2.0-spec	1.0.7		71ef83b2031935ba86019da4ef1bc039ade78725
org.ow2.spec.ee	ow2-jpa-2.0-spec	1.0.8		30e21e2c0366042493b346119a718a2d3c0bc30b
org.ow2.spec.ee	ow2-jpa-2.0-spec	1.0.9		ec0dba04c528f65e66f1933bd9903c061f8e7471
org.ow2.spec.ee	ow2-jpa-2.0-spec	2.0.0		49ebcbe0fdf9806d69b88ca84642e5a39e2d7fa3
org.specs2	specs2-matcher-extra_sjs0.6_2.13.0-RC2	4.5.1		59fcc73dae7e42eb9844adc5df83fc0dba98899e
org.wildfly.security	wildfly-elytron-realm-ldap	1.10.0.CR1		65586e2b8a0ed1d1a646aa13ef6732a537de944b
org.wildfly.security	wildfly-elytron-realm-ldap	1.10.0.CR2		a1b87ee60854d10fbc76753766baf97ad938cc71
org.wildfly.security	wildfly-elytron-realm-ldap	1.10.0.CR3		f062015b0d59f0112d97aff6f2b1b411a456069f
org.wildfly.security	wildfly-elytron-realm-ldap	1.10.0.CR4		ead926af79b5d1e37d56af4a8ce8bbfa84ad89ba
org.wildfly.security	wildfly-elytron-realm-ldap	1.10.0.CR5		774859bf24e1cb69128df81d564aa3c403a92c24
org.wildfly.security	wildfly-elytron-realm-ldap	1.10.0.CR6		8a41d745618d46b8e57f9cff18d7a608818d9793
org.wildfly.security	wildfly-elytron-realm-ldap	1.10.0.Final		175ece1265cbb1909fb899c428e470e45588a48c
org.wildfly.security	wildfly-elytron-realm-ldap	1.10.1.Final		43a640099e02c167e7869d5845eda7b3a3255400
org.wildfly.security	wildfly-elytron-realm-ldap	1.10.10.Final		5f54e424670dde1a5a1de8d2be55f5a2ee0cea42
org.wildfly.security	wildfly-elytron-realm-ldap	1.10.11.Final		94ab4c6fb3c1a4e4f32d9404f54f7ced946348be
org.wildfly.security	wildfly-elytron-realm-ldap	1.10.12.Final		49cd8ea4f6c70b075bfd5e7b6ba4d8c08dbf5ba0
org.wildfly.security	wildfly-elytron-realm-ldap	1.10.13.Final		c255671fa5fcaaf1249f23e5ac3477f839c5141f
org.wildfly.security	wildfly-elytron-realm-ldap	1.10.14.Final		8ba40d2f3b0fe87464ad5d2412a2c78b797f5e87
org.wildfly.security	wildfly-elytron-realm-ldap	1.10.15.Final		0d87f4c0076decd4380f2c8722f114ee34672563
org.wildfly.security	wildfly-elytron-realm-ldap	1.10.2.Final		df79972bc484396ef817535204d371c33c87e374
org.wildfly.security	wildfly-elytron-realm-ldap	1.10.3.Final		9c3fa4414d4937474ba84b1a7d391d72211d5629
org.wildfly.security	wildfly-elytron-realm-ldap	1.10.4.Final		6611ac76dbc8042d4f146d7444a13645433a2437
org.wildfly.security	wildfly-elytron-realm-ldap	1.10.5.Final		3593b9e1ff6dfc3b7678c5d81b5a99aa3244fdfe
org.wildfly.security	wildfly-elytron-realm-ldap	1.10.6.Final		24123fbb0fcbcfa9baf42d6cd2d396bf43014071
org.wildfly.security	wildfly-elytron-realm-ldap	1.10.7.Final		43f0dd4025312b2c4a1fc8fc5ac7654e887b5aec
org.wildfly.security	wildfly-elytron-realm-ldap	1.10.8.Final		d1a78e8e59f2b13c02edbd9e993106526a0d8e09
org.wildfly.security	wildfly-elytron-realm-ldap	1.10.9.Final		9cb702e6413fcef98d15b7b2626b5c98fd936918
org.wildfly.security	wildfly-elytron-realm-ldap	1.11.0.CR1		fd8674a038c92547d8720fd1e0490e3bd272c877
org.wildfly.security	wildfly-elytron-realm-ldap	1.11.0.CR2		b003a5fce1e39bad81044a42279b9ae62e684ea5
org.wildfly.security	wildfly-elytron-realm-ldap	1.11.0.CR3		a53b111736243738418dabdccaf9309a36383ab8
org.wildfly.security	wildfly-elytron-realm-ldap	1.11.0.CR4		47208a17280cbf147dc04c9e5692a4fdea36abdf
org.wildfly.security	wildfly-elytron-realm-ldap	1.11.0.CR5		a76c1dae4dd19d46b137756351acb535ec643fc9
org.wildfly.security	wildfly-elytron-realm-ldap	1.11.0.Final		c5072e1975488f1b050b61ced165fa9231bd3771
org.wildfly.security	wildfly-elytron-realm-ldap	1.11.1.Final		4887af0f3b32f90ccda1d8bcaef999340bf0cbc3
org.wildfly.security	wildfly-elytron-realm-ldap	1.11.2.Final		4d5527ab31968ee2c6434576ca5bed30e68bb555
org.wildfly.security	wildfly-elytron-realm-ldap	1.11.3.Final		f166efa263132983ee4928ad1340a107e53ed582
org.wildfly.security	wildfly-elytron-realm-ldap	1.11.4.Final		9ac56e5e9403e4beb577bcd0968d7a80fcc842f6
org.wildfly.security	wildfly-elytron-realm-ldap	1.12.0.CR1		363529e6231b34ee88dfde688e9e67504eae8693
org.wildfly.security	wildfly-elytron-realm-ldap	1.12.0.CR2		b1aaea0acb53db8951e8c93c93902522e9119034
org.wildfly.security	wildfly-elytron-realm-ldap	1.12.0.CR3		3323fbfcaff5549b4c5a3bdddaa10dae04504d44
org.wildfly.security	wildfly-elytron-realm-ldap	1.12.0.Final		8ca4a7581603e74ac44c0b30fabca5f03b4d0e14
org.wildfly.security	wildfly-elytron-realm-ldap	1.12.1.Final		b83fba950bdfdf4c242c7f848390e45715cb4667
org.wildfly.security	wildfly-elytron-realm-ldap	1.13.0.CR1		1c771c499a102f537d7ff7f21890a08336f17141
org.wildfly.security	wildfly-elytron-realm-ldap	1.13.0.CR2		aafb5e40114bcf70132a1af1ea17686c6348597d
org.wildfly.security	wildfly-elytron-realm-ldap	1.13.0.CR3		6e86c15c47f4576aa3505698a8a39293b28ae595
org.wildfly.security	wildfly-elytron-realm-ldap	1.13.0.CR4		ec93ec5286666def4607b9fc9645a12b58aa3d12
org.wildfly.security	wildfly-elytron-realm-ldap	1.13.0.Final		ba279a4bc50fc9636b3dc4a09b856755cd6dcf38
org.wildfly.security	wildfly-elytron-realm-ldap	1.13.1.Final		f932e84d76db021707133339925db40156e434c9
org.wildfly.security	wildfly-elytron-realm-ldap	1.13.2.Final		2fd9e2bbbb23e36a77c66d59edf6faaec94fdaae
org.wildfly.security	wildfly-elytron-realm-ldap	1.14.0.Final		b1c7a05f10c8c362e4a3858b238fbccff8b3e702
org.wildfly.security	wildfly-elytron-realm-ldap	1.14.1.Final		ea1fc229a485d0ea691ca6d9e22ed15d5f195c36
org.wildfly.security	wildfly-elytron-realm-ldap	1.14.2.Final		ac45bbb51b1958197ce1099c5f147c9893f89b02
org.wildfly.security	wildfly-elytron-realm-ldap	1.15.0.CR1		182fa33857a107999eeb978ebc48814541f84348
org.wildfly.security	wildfly-elytron-realm-ldap	1.15.0.Final		201876464ba04f2cac08a1fa8a7c74f79b3d3d72
org.wildfly.security	wildfly-elytron-realm-ldap	1.15.1.Final		d120adcc6204266ae02711b608fcb69b7204b349
org.wildfly.security	wildfly-elytron-realm-ldap	1.15.10.Final		967f92b8afbffbfa9782e7688e072017179df5c3
org.wildfly.security	wildfly-elytron-realm-ldap	1.15.11.Final		c7994242e99c9d59834e64b3c42ea57b0ac92883
org.wildfly.security	wildfly-elytron-realm-ldap	1.15.12.Final		0dbe99b7862a081c7080936272a2801730e8b82b
org.wildfly.security	wildfly-elytron-realm-ldap	1.15.13.Final		def3ae3e951bb3566d1aec9c9b18b39506169dd2
org.wildfly.security	wildfly-elytron-realm-ldap	1.15.14.Final		c0b1b7e6baed9b19223d3d77502301a712f6deaf
org.wildfly.security	wildfly-elytron-realm-ldap	1.15.15.Final		132cc71ca7e6a676822cc49431480dedefbf78fc
org.wildfly.security	wildfly-elytron-realm-ldap	1.15.16.Final		c367586c7cd7cef671eb3a60dbdbb832265671a0
org.wildfly.security	wildfly-elytron-realm-ldap	1.15.17.Final		f98e9a7e23931bda869c14654ed3d97c0321dd51
org.wildfly.security	wildfly-elytron-realm-ldap	1.15.18.Final		a04f2d2a9a66ec8a38f2daa33538ac33e1cc1039
org.wildfly.security	wildfly-elytron-realm-ldap	1.15.19.Final		d713717c9fa007a54442a5ab538db3bb7b7ff16b
org.wildfly.security	wildfly-elytron-realm-ldap	1.15.2.Final		e3c0efc7274bd91bac253219720d79d569d61ded
org.wildfly.security	wildfly-elytron-realm-ldap	1.15.20.Final		1e63bcfd0c015b3030b669fa10862213830a3728
org.wildfly.security	wildfly-elytron-realm-ldap	1.15.21.Final		61067e2d7ae39ed917bc485d3439a18ed81d8642
org.wildfly.security	wildfly-elytron-realm-ldap	1.15.22.Final		eab4eca195951eefb1f416f05ae3d46a1c949b6b
org.wildfly.security	wildfly-elytron-realm-ldap	1.15.23.Final		171e62c521c38a67211a02283e3953caa9dd17a0
org.wildfly.security	wildfly-elytron-realm-ldap	1.15.24.Final		4f68a195ea325e1b67eaa081d9c2d9100fbbd5dd
org.wildfly.security	wildfly-elytron-realm-ldap	1.15.25.Final		8f1aa3d01a3208a8669badac7671249c9440f76d
org.wildfly.security	wildfly-elytron-realm-ldap	1.15.26.Final		36f0507322f011e69d9714fbb1dddad6249202f5
org.wildfly.security	wildfly-elytron-realm-ldap	1.15.3.Final		0b48e15ed427213a4b435b3c481d028be40b787c
org.wildfly.security	wildfly-elytron-realm-ldap	1.15.4.Final		75b03f7d753e5e75120cd095fd41e4cc9d333124
org.wildfly.security	wildfly-elytron-realm-ldap	1.15.5.Final		e379235b0c209a19944bb4d770e76b453cfe68a0
org.wildfly.security	wildfly-elytron-realm-ldap	1.15.6.Final		600e0937a4dc3bf4e7fbaa69fcd21e7a0ffc1242
org.wildfly.security	wildfly-elytron-realm-ldap	1.15.7.Final		aaaa13ac43456dbbb9320b6a45373cd130ef2fa5
org.wildfly.security	wildfly-elytron-realm-ldap	1.15.8.Final		ca6ac0573cce843eaa8d02836a448f50e45ec859
org.wildfly.security	wildfly-elytron-realm-ldap	1.15.9.Final		9b52517986df97131d89d8e4c6ea737e662f61f1
org.wildfly.security	wildfly-elytron-realm-ldap	1.16.0.CR1		01cfee9199939b455e2cec72d5272ff68dce8e3a
org.wildfly.security	wildfly-elytron-realm-ldap	1.16.0.Final		f280e817ebcf5d183d283dd84dec01d963b4a224
org.wildfly.security	wildfly-elytron-realm-ldap	1.16.1.Final		a37f001d959f9881db0c829a07cc80da4fc9b8fb
org.wildfly.security	wildfly-elytron-realm-ldap	1.17.0.Final		d69e9076c1571103e830c3c7899b82c369ae52e9
org.wildfly.security	wildfly-elytron-realm-ldap	1.17.1.Final		9408494bea6a0ed8c04bb18b66a2f5fe46867e16
org.wildfly.security	wildfly-elytron-realm-ldap	1.17.2.Final		8992568fe1f483c6a40f11d6ab22b1dbb3a898a2
org.wildfly.security	wildfly-elytron-realm-ldap	1.17.3.Final		fddcb915dd4cff5196cd95b64eea1515ad82eb9e
org.wildfly.security	wildfly-elytron-realm-ldap	1.18.0.Final		1ff81f0c34bb191ac2ebd753a66825d5cade85d9
org.wildfly.security	wildfly-elytron-realm-ldap	1.18.1.Final		d826d90c2c6086618cd2f7c56b8164c8277a357a
org.wildfly.security	wildfly-elytron-realm-ldap	1.18.2.Final		fd6cf31b84a9f7cc6a75beeccdb13c26b196c358
org.wildfly.security	wildfly-elytron-realm-ldap	1.18.3.Final		d3406a4a40bc54690d597dc303821743f90937cb
org.wildfly.security	wildfly-elytron-realm-ldap	1.19.0.Final		84329d6e81a431cffe6560e1036fa3ca539e8c40
org.wildfly.security	wildfly-elytron-realm-ldap	1.19.1.Final		f3053272f0884373728a5cec915832f1d5943428
org.wildfly.security	wildfly-elytron-realm-ldap	1.20.0.Final		1b96edd08a1f3507d0a54e30b2f6427ced3b32ab
org.wildfly.security	wildfly-elytron-realm-ldap	1.20.1.Final		bd5a41b7de81726d3288f9e8e033025bcf7501e8
org.wildfly.security	wildfly-elytron-realm-ldap	1.20.2.Final		1cc2ca4da5f1d13f253e9069cd90b1afecc98452
org.wildfly.security	wildfly-elytron-realm-ldap	1.20.3.Final		6347044531b6afd4aa6c546fbca9cc539d62ab5f
org.wildfly.security	wildfly-elytron-realm-ldap	1.20.4.Final		dcd482bd7998965c3c24a954c14f28b062a8adb0
org.wildfly.security	wildfly-elytron-realm-ldap	1.9.0.CR1		af6347d63acaf71aec08a3f10c434f132b64cacd
org.wildfly.security	wildfly-elytron-realm-ldap	1.9.0.CR2		76a6369242b6aa4671168eb7ae6b4ee420c92665
org.wildfly.security	wildfly-elytron-realm-ldap	1.9.0.CR3		3934e0d075efd74d99cb7fe01a0d196ca77b5eab
org.wildfly.security	wildfly-elytron-realm-ldap	1.9.0.CR4		28a2389166e9dcfbd400367a83c50939fa6735f5
org.wildfly.security	wildfly-elytron-realm-ldap	1.9.0.CR5		f693aa59e389d950ff02d2e8433dca17e5da259c
org.wildfly.security	wildfly-elytron-realm-ldap	1.9.0.Final		6e30a23b69ebb408bd1dbc2c73b4932969fec6c2
org.wildfly.security	wildfly-elytron-realm-ldap	1.9.1.Final		d67e881ee0d9fc6e0a38a5073b3902a06570a087
org.wildfly.security	wildfly-elytron-realm-ldap	2.0.0.Alpha1		65a196b0211ba13b581301cfcc7d24e82020d11f
org.wildfly.security	wildfly-elytron-realm-ldap	2.0.0.Alpha10		3276d4d782c8eda7eaf84793ac22a2c82cf59af7
org.wildfly.security	wildfly-elytron-realm-ldap	2.0.0.Alpha2		23e14cb483a58c6baf9027ba89d884933865050e
org.wildfly.security	wildfly-elytron-realm-ldap	2.0.0.Alpha3		53f1430995f853668cf905bf5151da65eff93f68
org.wildfly.security	wildfly-elytron-realm-ldap	2.0.0.Alpha4		8b076126962ed9d86a93c7bd1383843b2b4cfde8
org.wildfly.security	wildfly-elytron-realm-ldap	2.0.0.Alpha5		f42a10f1bd2dd9876d23bad2d5b5fffda4817ee4
org.wildfly.security	wildfly-elytron-realm-ldap	2.0.0.Alpha6		5f21a70b3cc6aae3bdea4a4973fde4c5373aec2f
org.wildfly.security	wildfly-elytron-realm-ldap	2.0.0.Alpha7		bd7afbe543383c5a2d935cc19c95d00b36ae3a63
org.wildfly.security	wildfly-elytron-realm-ldap	2.0.0.Alpha8		3f0b40fb0b71785e7828b9f92089b6cfa5f30534
org.wildfly.security	wildfly-elytron-realm-ldap	2.0.0.Alpha9		8756b3d7138aab9ce21cb3b670b7d4a7bfad5b06
org.wildfly.security	wildfly-elytron-realm-ldap	2.0.0.Beta1		29f55bc7976e2e142fe4e4a0f49dd1b1abbf0cf4
org.wildfly.security	wildfly-elytron-realm-ldap	2.0.0.Beta2		ab5053690421c60b9de1252d053ab30fa178c353
org.wildfly.security	wildfly-elytron-realm-ldap	2.0.0.Beta3		084dcef8ff3cb7d2d5a691dbdbec209708f32b46
org.wildfly.security	wildfly-elytron-realm-ldap	2.0.0.Final		c2d0bb2254c92e0226c17d3fa5cbb4f4e8e6b69d
org.wildfly.security	wildfly-elytron-realm-ldap	2.1.0.Final		0263ba30a56251addfd7823136ce07ca951d78f3
org.wildfly.security	wildfly-elytron-realm-ldap	2.2.0.Final		a0bbde4dc4f770faae6b3fa108db7e9c9d4602ff
org.wildfly.security	wildfly-elytron-realm-ldap	2.2.1.Final		fb7f67fa745622419111c3642a7a48f4086c8381
org.wildfly.security	wildfly-elytron-realm-ldap	2.2.10.Final		a2d7e1b00becef746ca21fbe004632bd4a555744
org.wildfly.security	wildfly-elytron-realm-ldap	2.2.11.Final		19891efc665b4cd729f45bd3d621ee5a5536c35d
org.wildfly.security	wildfly-elytron-realm-ldap	2.2.2.Final		00d9bafaf7e4417508ae4442f121df7c3d9a1e18
org.wildfly.security	wildfly-elytron-realm-ldap	2.2.3.Final		8150fe9df231ccb64750b3f52317bcac0bf1d2be
org.wildfly.security	wildfly-elytron-realm-ldap	2.2.4.Final		da2c1da5b7eff38a8ed9d7559333cb51b0b6b167
org.wildfly.security	wildfly-elytron-realm-ldap	2.2.5.Final		fb237e86fedaa82a8d746bce1bfda8560e518c39
org.wildfly.security	wildfly-elytron-realm-ldap	2.2.6.Final		a52cc7674bd9f34bab9dd3777a0d9c29320864c2
org.wildfly.security	wildfly-elytron-realm-ldap	2.2.7.Final		0faa0bb940aa233b369405860d11968256422bc9
org.wildfly.security	wildfly-elytron-realm-ldap	2.2.8.Final		0bad7435a471156459c28b6d2f95d6b8e8e5ec3f
org.wildfly.security	wildfly-elytron-realm-ldap	2.2.9.Final		540e2881f1b15731067ef26d9a883bdd6614db12
org.wildfly.security	wildfly-elytron-realm-ldap	2.3.0.Final		19721682268b7556718b872b25f66a6d83dc6aa9
org.wildfly.security	wildfly-elytron-realm-ldap	2.3.1.Final		b143864a97d9cb58f0fc06ad80f42fb97161fee2
org.wildfly.security	wildfly-elytron-realm-ldap	2.4.0.CR1		09d30fa132a8fbdee91fe1475f5ab3ddf2bb50f8
org.wildfly.security	wildfly-elytron-realm-ldap	2.4.0.Final		d51811987c03883e8bb97f1e2ee819178018181a
org.wildfly.security	wildfly-elytron-realm-ldap	2.4.1.Final		acfda84f29957d2d097121c65ead854f3b1ad32e
org.wildfly.security	wildfly-elytron-realm-ldap	2.4.2.Final		ffda6318560d5cc12312eac6f08b1b41e79d180c
org.wildfly.security	wildfly-elytron-realm-ldap	2.5.0.CR1		bf9d5f2985c6fb3fde539bcb61b0fbb96b4354ea
org.wildfly.security	wildfly-elytron-realm-ldap	2.5.0.Final		4e2562ca6de2e964dcdb6bb2f7331cdc31d420cb
org.wildfly.security	wildfly-elytron-realm-ldap	2.5.1.Final		15cfc6a3ea1314d586de90588bc3823c3c805d95
org.wildfly.security	wildfly-elytron-realm-ldap	2.5.2.Final		62abe2f52a652e9385db929ffa6e872e8bd370e5
org.wildfly.security	wildfly-elytron-realm-ldap	2.6.0.Final		3f9deeb7f158bc615b9adb04f788bfcfc1df215a
org.wildfly.security	wildfly-elytron-realm-ldap	2.6.1.Final		11ea79aac902e9808225138e9963b8b9abce25ba
org.wildfly.security	wildfly-elytron-realm-ldap	2.6.2.Final		513f66387dcdb602eda05a6b11121bb694f79c99
org.wildfly.security	wildfly-elytron-realm-ldap	2.6.3.Final		c5eba8efdb6dfcc221e23780a2ad89a8fc23919a
org.wildfly.security	wildfly-elytron-realm-ldap	2.6.4.Final		e63dcbd518fae4bad0adff2d08ca8adbc6c3a025
org.wildfly.swarm	wildfly-swarm-ejb-remote	1.0.0.Alpha5		dd397698f74a4e53800056022d636d88a7dbd137
org.wvlet.airframe	airframe-http-netty_3	2025.1.0		e18e1714b9731f19fa029f5346e46a90ae36fab5
org.wvlet.airframe	airframe-http-netty_3	2025.1.1		8678a650a949b5a145d3f274f4ad14e0099c3515
org.wvlet.airframe	airframe-http-netty_3	2025.1.10		091a1ed356a56281893a3991b564151c99554617
org.wvlet.airframe	airframe-http-netty_3	2025.1.2		cda25975e7b4efc63a805d3207ac219fa66ed721
org.wvlet.airframe	airframe-http-netty_3	2025.1.3		2683f195956fb80f93dcd8ca81eb4075f0067c83
org.wvlet.airframe	airframe-http-netty_3	2025.1.4		f28799de53185bcc0cd9a60a56d28efb25041f2d
org.wvlet.airframe	airframe-http-netty_3	2025.1.5		9d002fe08980ad55555c6e42866325afadaac8b1
org.wvlet.airframe	airframe-http-netty_3	2025.1.6		ad992acb6240a1ce8858fac02dbf184498d204dc
org.wvlet.airframe	airframe-http-netty_3	2025.1.7		44d9134688a64389464129180212145620102342
org.wvlet.airframe	airframe-http-netty_3	2025.1.8		9c40b24dfc7b2e80faee512017d91fc930ef6740
org.wvlet.airframe	airframe-http-netty_3	2025.1.9		cb4b3d00b21a72490ca973e3cd77f866490b9b16
org.wvlet.airframe	airframe-http-netty_3	22.10.0		c639509116189d4a2adc0c8a13f18778f340e098
org.wvlet.airframe	airframe-http-netty_3	22.10.1		96ca030536be869b825bee66ef285fa8c8b04377
org.wvlet.airframe	airframe-http-netty_3	22.10.2		556dd241838cf9e7ef9ba8aa918dc820ad11b840
org.wvlet.airframe	airframe-http-netty_3	22.10.3		ff65fec6bf65a4233af6f9950a1efbb90d1bf85a
org.wvlet.airframe	airframe-http-netty_3	22.10.4		504e3e2ab29a50cdce833b36eceae1bce4a56797
org.wvlet.airframe	airframe-http-netty_3	22.11.0		386a88d87c3a9588f9a1a7a002064276497e75e8
org.wvlet.airframe	airframe-http-netty_3	22.11.1		e6f294c2b98bd1010d50ef49d37d24e8d8629d5a
org.wvlet.airframe	airframe-http-netty_3	22.11.2		e1517ab74076da22d93e381e2b9e4ced503bbd4b
org.wvlet.airframe	airframe-http-netty_3	22.11.3		161817891786b27241b3f45bf485302c16124690
org.wvlet.airframe	airframe-http-netty_3	22.11.4		efeb336a2b092d62889b22e94f23049cdcdbdcf4
org.wvlet.airframe	airframe-http-netty_3	22.12.0		501ea49c4b30c0239695f2d7f962df416f4cb6b2
org.wvlet.airframe	airframe-http-netty_3	22.12.1		d8c0b7103c72009c205df2f625fde2bcb8981db5
org.wvlet.airframe	airframe-http-netty_3	22.12.2		7ce6558cc7cff0c66a8e3fee03f1e1cdc41dbd66
org.wvlet.airframe	airframe-http-netty_3	22.12.3		7ecd426e93a048d50873a71499a181c2c8be9539
org.wvlet.airframe	airframe-http-netty_3	22.12.4		1512edaf28d8b39755756c1e8003e9565a1e3d42
org.wvlet.airframe	airframe-http-netty_3	22.12.5		e64ef9ccea9d1c6fdd9824b8317d5b5ae58c6e8b
org.wvlet.airframe	airframe-http-netty_3	22.12.6		a733c10f4a89ccbd7925b809cf5c1a574bbba296
org.wvlet.airframe	airframe-http-netty_3	23.1.0		c0edd292c24e5cd1bfbb90b22512f9df8e1aa6b3
org.wvlet.airframe	airframe-http-netty_3	23.1.1		c5ca584464531e2229f5bf6008ba9c0dbb6c4509
org.wvlet.airframe	airframe-http-netty_3	23.1.2		dbbf04cf6050510dcded5c93cfc36115e63de72e
org.wvlet.airframe	airframe-http-netty_3	23.1.3		b405d06852ee5f96ab85900705e7331ccd015063
org.wvlet.airframe	airframe-http-netty_3	23.1.4		2f513df31832410ee976880ff4bf6b77f11bde19
org.wvlet.airframe	airframe-http-netty_3	23.10.0		9041b57c2ae696ded819847303b861ef40efa936
org.wvlet.airframe	airframe-http-netty_3	23.11.0		96bcfd0594edafe8d92ba0e074c23f416402ec9f
org.wvlet.airframe	airframe-http-netty_3	23.11.1		9ec04d4b9ca76018bee52594010758711144beb8
org.wvlet.airframe	airframe-http-netty_3	23.11.2		ec62f4f75f61a7c4d00ad3e7d78ee8efff2221cc
org.wvlet.airframe	airframe-http-netty_3	23.11.3		df347d56cd56e0bbe172150bc4cbcdf8371f2e87
org.wvlet.airframe	airframe-http-netty_3	23.12.0		7dd0b61cd4c841934281b70d28a6c356fb10009c
org.wvlet.airframe	airframe-http-netty_3	23.12.1		a8f69618c4071d047a63aec58e65f398d2283361
org.wvlet.airframe	airframe-http-netty_3	23.2.0		b279a834ff87914c8a67e0371c2c34bfb7131293
org.wvlet.airframe	airframe-http-netty_3	23.2.1		f12626b3d4918bd2d0db3d373cc4caa65196a9c2
org.wvlet.airframe	airframe-http-netty_3	23.2.2		88cf2aeb0204da376dbcaeb53c2416f714bd2261
org.wvlet.airframe	airframe-http-netty_3	23.2.3		8574603eab84ca8ad8d8f941dda1633acc9dffba
org.wvlet.airframe	airframe-http-netty_3	23.2.4		1eb4cdaf39720de2dc25690bb6903fa2d2658543
org.wvlet.airframe	airframe-http-netty_3	23.2.5		1dea0f13751b566c505bad70526dea0c8d08f98a
org.wvlet.airframe	airframe-http-netty_3	23.3.0		e9345ec2aa3da8c92fe5f12dced5351a48bc08ed
org.wvlet.airframe	airframe-http-netty_3	23.3.1		903fd6e7748c5312ddf2289d9d1f0e55f006472b
org.wvlet.airframe	airframe-http-netty_3	23.3.2		d0a3a8066167132fc0c8d5061f5459f2c5f13c5c
org.wvlet.airframe	airframe-http-netty_3	23.3.3		80b21bb4a4f812b6c1d9b4f1ad9cb438e87446db
org.wvlet.airframe	airframe-http-netty_3	23.3.4		b2da376b3410a219725834f2e6b95113140280ec
org.wvlet.airframe	airframe-http-netty_3	23.4.0		eae024d5c17a039eaba2883d0d38c3fbce434bc5
org.wvlet.airframe	airframe-http-netty_3	23.4.1		511fae5f6d159fec56b0b7b85b6bba70c10d880b
org.wvlet.airframe	airframe-http-netty_3	23.4.2		3117c26d37777e77a6e0adf9f555b6c5d6c282cc
org.wvlet.airframe	airframe-http-netty_3	23.4.3		3e684e0c530274060a5962776425c5fdfbb3eed2
org.wvlet.airframe	airframe-http-netty_3	23.4.4		5f8be7613fcd0f32f361ebd1f7a83d370db013b8
org.wvlet.airframe	airframe-http-netty_3	23.4.5		8e49c8dd5ddd816e1a10ea6d08481f5472ba70c4
org.wvlet.airframe	airframe-http-netty_3	23.4.6		d316489e118ca3de5ca85a21974dd9195069f5aa
org.wvlet.airframe	airframe-http-netty_3	23.4.7		169268d178f0a679cafddda4e87163a73243478e
org.wvlet.airframe	airframe-http-netty_3	23.4.8		2e8e7c766dd7122a780634746b96f7b9f2f68209
org.wvlet.airframe	airframe-http-netty_3	23.5.0		0bc46feeff8b78bce9b0ed2ac8dfab8c67a12297
org.wvlet.airframe	airframe-http-netty_3	23.5.2		e1354ac161b6fcb01eb821cbb4358103b3250dd0
org.wvlet.airframe	airframe-http-netty_3	23.5.3		b650fd6c7674437b3559e90383d00b07e511c57a
org.wvlet.airframe	airframe-http-netty_3	23.5.4		be5ea447273ce6ec41cdc77c4f27d82a585d5827
org.wvlet.airframe	airframe-http-netty_3	23.5.5		1909f7db97d4f63abc6c9d3677cbd713be840663
org.wvlet.airframe	airframe-http-netty_3	23.5.6		dd2b428791ae5a51e72d4cba434ffddc07c0e240
org.wvlet.airframe	airframe-http-netty_3	23.5.7		e8f194bf8e4f414a4e840c2f130ff990118a78cf
org.wvlet.airframe	airframe-http-netty_3	23.6.0		c6dc301cb28fab04d3c2b272db7af5f243b68ebf
org.wvlet.airframe	airframe-http-netty_3	23.6.1		199e9253d88755b54a1b93515a6f4414ac7ff8d3
org.wvlet.airframe	airframe-http-netty_3	23.6.2		471aa679e491ec7518a46771c6379662fd56eb88
org.wvlet.airframe	airframe-http-netty_3	23.7.0		a34741090a8f8bd07d505e8a62e473b5aaeb95b3
org.wvlet.airframe	airframe-http-netty_3	23.7.1		3b8a6ce609c49e54be9df85476051495c9510eb7
org.wvlet.airframe	airframe-http-netty_3	23.7.2		d4dab6e8d3eb028c8e16013933fef908d14705db
org.wvlet.airframe	airframe-http-netty_3	23.7.3		c9f0e2256ae87ea470fd2f7ccd09c195d5b868ff
org.wvlet.airframe	airframe-http-netty_3	23.7.4		0e9c5a4ced8953f54903b107c04747fca5f17f0d
org.wvlet.airframe	airframe-http-netty_3	23.8.0		2a8a1ce63cd91a187bca29a0997b3e9f9ead3cf0
org.wvlet.airframe	airframe-http-netty_3	23.8.1		c75cd03a9ae869071ef1ea21eab39aa5736fbe87
org.wvlet.airframe	airframe-http-netty_3	23.8.2		0e8ca49fc7de6590d87f7ef7f3f1f39c029dcf29
org.wvlet.airframe	airframe-http-netty_3	23.8.3		e4df9eb1981ef18a01613d2035913f5a1b2db1c4
org.wvlet.airframe	airframe-http-netty_3	23.8.4		750524ffc2a24eae52af5022cafe7d12c1a53452
org.wvlet.airframe	airframe-http-netty_3	23.8.5		4ea6993858b3c55055453c4e71edae15503f5cc1
org.wvlet.airframe	airframe-http-netty_3	23.8.6		79392a094d03a18c804cb56b05bc2796f17710db
org.wvlet.airframe	airframe-http-netty_3	23.9.0		bf1e7e3dee5e6ef8c0f65036003d168e952c260e
org.wvlet.airframe	airframe-http-netty_3	23.9.1		f938ff0171679cbfc71b4380ad07c208c8afe3f3
org.wvlet.airframe	airframe-http-netty_3	23.9.2		f0f12324b1708db0874476a41d2a27371294e6b3
org.wvlet.airframe	airframe-http-netty_3	23.9.3		b966fffdb8cddf25219b4172af972a9c14a5f0e3
org.wvlet.airframe	airframe-http-netty_3	24.1.0		7c0bed31140b06fa9f76b757ff25db83789a302f
org.wvlet.airframe	airframe-http-netty_3	24.1.1		5a7fb7580b9c64de437ca31411f2846a2b005dd2
org.wvlet.airframe	airframe-http-netty_3	24.1.2		f9053f8bd3e966284c652ec51cdbf5e06436b24d
org.wvlet.airframe	airframe-http-netty_3	24.10.0		c019241b3c71535463569382d76168bbccd57c52
org.wvlet.airframe	airframe-http-netty_3	24.11.0		6dfbabdbd4ba42a005a0c2f54921a3ca6cedf813
org.wvlet.airframe	airframe-http-netty_3	24.12.0		1b9e9a624914fc730f0c6ce452434279e27e0056
org.wvlet.airframe	airframe-http-netty_3	24.12.1		57767da6fafc8185555f85738d03ffbdedf3b908
org.wvlet.airframe	airframe-http-netty_3	24.12.2		2c2dab6aa456c4499b1f2b82bcd5347706083cd2
org.wvlet.airframe	airframe-http-netty_3	24.2.0		c6b08f3a8f9953d0a0fe7313fa98e2fb2a090429
org.wvlet.airframe	airframe-http-netty_3	24.2.1		b6e1b9e7f17b35e61f2bc2060f80f4da94bcdd20
org.wvlet.airframe	airframe-http-netty_3	24.2.2		2183d14f561f14a80ce47c336c0ad5e75998acd7
org.wvlet.airframe	airframe-http-netty_3	24.2.3		b8272e2e4c7fc43f64a8638e5b8bf7b585af8d77
org.wvlet.airframe	airframe-http-netty_3	24.3.0		c714941b346d74cf8e43ffd5937c2637d3fd81f1
org.wvlet.airframe	airframe-http-netty_3	24.4.0		fe673df8691e7d96f553135da87ac329b73f8ce2
org.wvlet.airframe	airframe-http-netty_3	24.4.1		0627f6a413faefbc942eff2eb8ea4c80fbed8571
org.wvlet.airframe	airframe-http-netty_3	24.4.2		c4e6f27b70dd9fa018db8decb50f7b67d6677e52
org.wvlet.airframe	airframe-http-netty_3	24.4.3		1fd1fdfdac89463b5d38a0983d62ab6ee4b609e1
org.wvlet.airframe	airframe-http-netty_3	24.5.0		7247998dcccd455cf0ca62bacd81b777c43c367b
org.wvlet.airframe	airframe-http-netty_3	24.5.1		77118535d3efbf7c225d1d3760c8cac30b34dbf6
org.wvlet.airframe	airframe-http-netty_3	24.5.2		fe4cb0564ce60a2a53d6f59b8ca6ee7012ebca86
org.wvlet.airframe	airframe-http-netty_3	24.6.0		8b5cc9b6b5704f53828a9755ec49a6f02ea7e06e
org.wvlet.airframe	airframe-http-netty_3	24.6.1		058960a8fdc2adec2ca5fbef46f50f1d50835201
org.wvlet.airframe	airframe-http-netty_3	24.7.0		e8bd9d54066dd447250ae73174eb80e02e29350d
org.wvlet.airframe	airframe-http-netty_3	24.7.1		531ee0d727937b5c694b8206af6cb3a4bb5808b7
org.wvlet.airframe	airframe-http-netty_3	24.8.0		3d178a995d30e022a2badb6a3d16b57dd1f87b52
org.wvlet.airframe	airframe-http-netty_3	24.9.0		f1a55ed65e4d8e883bfc336bae71c476f476c979
org.wvlet.airframe	airframe-http-netty_3	24.9.1		9439ebdd4ce846fbe31aed1edff56392dfd64758
org.wvlet.airframe	airframe-http-netty_3	24.9.2		04f3db4ee0cc16fb70f4440b9c96a29527a66579
org.wvlet.airframe	airframe-http-netty_3	24.9.3		a1d46ac3a3343fb8d8486c5a0ced5ec991ec4324
org.wvlet.airframe	airframe-jdbc_2.13.0-M3	0.38		a1e42d180d45dee03f88cd59bf5cf62630d87ccf
org.wvlet.airframe	airframe-jdbc_2.13.0-M3	0.39		82a7a44814ac7cbc5d964a6fe3c805252ea4bf1a
org.wvlet.airframe	airframe-jdbc_2.13.0-M3	0.40		9a5564a4a99c1d469889b39d2b4d755521531ffa
org.wvlet.airframe	airframe-jdbc_2.13.0-M3	0.41		e19036d5f9d987455b78a304116f945faba75916
org.wvlet.airframe	airframe-jdbc_2.13.0-M3	0.42		a7fa08f93abfe13127842a03edf105a730b633dd
org.wvlet.airframe	airframe-jdbc_2.13.0-M3	0.43		5d9325d78c5a4d6cd1169694a238cfa8c034a723
org.wvlet.airframe	airframe-jdbc_2.13.0-M3	0.44		d729800ce37bd8ddc9f2c495603c94525119d47e
org.wvlet.airframe	airframe-jdbc_2.13.0-M3	0.45		8d2fa605b2193ad77839ba9c4ed847fb1cff6781
org.wvlet.airframe	airframe-jdbc_2.13.0-M3	0.46		a827b9c3504259f85c80277c8ebd85a7242d8a07
org.wvlet.airframe	airframe-jdbc_2.13.0-M3	0.47		58e3dec42956266860fc49fe9bf771c015fd8185
org.wvlet.airframe	airframe-jdbc_2.13.0-M3	0.48		2cfbe32f733392e38a2dfb1c84ba70ba1561f771
org.wvlet.airframe	airframe-jdbc_2.13.0-M3	0.49		cc1f7245a8bdc66fe3a4eaa66318107fe093b9b7
org.wvlet.airframe	airframe-jdbc_2.13.0-M3	0.50		f2666f94c7a8431f8adddede3f3e1de5e6decbae
org.wvlet.airframe	airframe-jdbc_2.13.0-M3	0.51		28e1b58244e3c05c41002b8c9eb55b8eea53084e
software.amazon.awssdk	rum	2.17.100		791c20e05db2eeb8793fcbab6b7feb37d4771829
software.amazon.awssdk	rum	2.17.101		68221fa02faf90d2ee76da46e8079e02b14710c7
software.amazon.awssdk	rum	2.17.102		84e78154b05910990d6dd3868b35c0b71dd23686
software.amazon.awssdk	rum	2.17.103		7f7275b9ee0190e79de27d1419779d1e37f638f9
software.amazon.awssdk	rum	2.17.104		6e6cbdda95b2bd0a46c6984f854521ae70bc0b6b
software.amazon.awssdk	rum	2.17.105		499549819d226319eb849d0c8c5fad652546b287
software.amazon.awssdk	rum	2.17.106		dcaa10c65bcfad9f64ea62ffd474e731e319c462
software.amazon.awssdk	rum	2.17.107		f89a0f005f33401ac5f84bbc6d919a75473c986c
software.amazon.awssdk	rum	2.17.108		dd0c14d490fd54574abf431c199be7b0bc4eb989
software.amazon.awssdk	rum	2.17.109		2cebbf7ba6539d9e390a033edb0b154c9a1e044f
software.amazon.awssdk	rum	2.17.110		1642876268e969570b09ac10198257b7a2b82a9f
software.amazon.awssdk	rum	2.17.111		f249d7bddbbeb60a095fc8f7d9da81d2e2473750
software.amazon.awssdk	rum	2.17.112		a7f108178cf35519f0f1155acd7cf15830c959b6
software.amazon.awssdk	rum	2.17.113		55598fd7b4fdb0bd7788f5452efe1d35d920bee7
software.amazon.awssdk	rum	2.17.114		c4985ad471bba9bc0d81b503e5daf3ef13efe5af
software.amazon.awssdk	rum	2.17.115		ffb1a18c848bf8915df70fb2b05f95a204439764
software.amazon.awssdk	rum	2.17.116		a71c4ad70fd8abe6b51a2a5c5c2557c3e79e82ca
software.amazon.awssdk	rum	2.17.117		d11b1c02ef98bb809e47c2aafe39feb405a08ece
software.amazon.awssdk	rum	2.17.118		cc0b4d334a9743cdf82e47093c3fb00fc1c6b7a8
software.amazon.awssdk	rum	2.17.119		0741de494c5b588a5c8a8ed86b4582b571712e98
software.amazon.awssdk	rum	2.17.120		4e8ea32dd20127cb889bfdd09a02ac811f6219ad
software.amazon.awssdk	rum	2.17.121		c45111394938354112c8931f24caf3e49e453ca1
software.amazon.awssdk	rum	2.17.122		92c6f36241d1b73bd0697a71869bc4e4cd12f4f2
software.amazon.awssdk	rum	2.17.123		c99739539e089df115a9e29c2eafe35e69500eac
software.amazon.awssdk	rum	2.17.124		f847f5a862984b3fc181f30ac459be18bb71ca98
software.amazon.awssdk	rum	2.17.125		a4a7fc4353fc5b9bfd0574a79bf8360ebef9c4cd
software.amazon.awssdk	rum	2.17.126		dcda5f8cca0f9f0484383b51b665dfe895add956
software.amazon.awssdk	rum	2.17.127		f73b4261363501505b009c69eee60a3105338fcc
software.amazon.awssdk	rum	2.17.128		dbb65a5d8507bfbf6c3d416def8c85e45fa12a97
software.amazon.awssdk	rum	2.17.129		1441dddc9f2d0182156385955ebcaf23ef75bdc2
software.amazon.awssdk	rum	2.17.130		58beaac6edbdcfb2f16a6cefe9aabdaf6dadc37e
software.amazon.awssdk	rum	2.17.131		b07d92c7fc10ba4f5016c57207c3d0fbf77237c4
software.amazon.awssdk	rum	2.17.132		bd021b96e5ea800249c2eb1ecef478a0c074d48d
software.amazon.awssdk	rum	2.17.133		ca9821be6a4b9fcd64340f23ef3563a5e055d9e8
software.amazon.awssdk	rum	2.17.134		587267e1d75995efe85042133ca889bc34ff4a24
software.amazon.awssdk	rum	2.17.135		3ee5cef0bde19ca1f7dd58603bc3ab323733d587
software.amazon.awssdk	rum	2.17.136		b076692b304a7b29d6a7bbfe1f63a080443a5966
software.amazon.awssdk	rum	2.17.137		3576ff44f706a0b362d3a456fe8911376a312ff9
software.amazon.awssdk	rum	2.17.138		ed5dfbb875d228c8aa3df3a2826e9eee0287f53d
software.amazon.awssdk	rum	2.17.139		358710b0acc49e454f5b5367fbaaa95f5007fc8c
software.amazon.awssdk	rum	2.17.140		7d0ea06e3aaa43dfec15f87a7da6101f86cc8fdf
software.amazon.awssdk	rum	2.17.141		d612f964ddf3b03aeb750329f856535e81a37fd8
software.amazon.awssdk	rum	2.17.142		ff652d5ffff1dd108123234d32a08dbd0898472c
software.amazon.awssdk	rum	2.17.143		cccee9039949048e47cc03d0c3c64b2d1a576b84
software.amazon.awssdk	rum	2.17.144		a683d18d5612f12757a3bf99841adf7ec318927d
software.amazon.awssdk	rum	2.17.145		e512e14dd41d931b57f13aac4860044edec9628c
software.amazon.awssdk	rum	2.17.146		cee5f7119b5beeb17b59866e8ebd93af1061dd54
software.amazon.awssdk	rum	2.17.147		ee12ac10ad045166e3867a7e506a1c01341c7236
software.amazon.awssdk	rum	2.17.148		6db84179233400da874419abc18eb637a5520239
software.amazon.awssdk	rum	2.17.149		a5eb50f7d951628b7f8da66592609c456c56ce24
software.amazon.awssdk	rum	2.17.150		f5bb69546d9696e075250b81263bf5c6d8f0fd32
software.amazon.awssdk	rum	2.17.151		cd89e02a03d3d59ccd1f2ac420aee40949121134
software.amazon.awssdk	rum	2.17.152		714a37e4f2e43fcf51a3870eb767844ff6cb148b
software.amazon.awssdk	rum	2.17.153		3facc5c26854ce5327e19665a652b94d5b9604c0
software.amazon.awssdk	rum	2.17.154		d87c7f6071990440053c448af57eff5cfad3f35f
software.amazon.awssdk	rum	2.17.155		b4d4903876c49519b1e0b850a665c7a3bb3e29b6
software.amazon.awssdk	rum	2.17.156		256890b80256428187e33964570f6a99a0d3a55a
software.amazon.awssdk	rum	2.17.157		1527a58869a96ca0c5c0d4c6f627653f622652c7
software.amazon.awssdk	rum	2.17.158		9b95b3986fbab9195bb6d6da15abafad65184158
software.amazon.awssdk	rum	2.17.159		67462bd957b4fac146c6fe0ac2167a35efc4940a
software.amazon.awssdk	rum	2.17.160		239afb9f89dea7f9b1154d1f0735321b9e088445
software.amazon.awssdk	rum	2.17.161		e057dd006e2cf0ed950c0e592a877ce08de3a2a4
software.amazon.awssdk	rum	2.17.162		1e5fa785a39f0cabcf41a6b402e6f1626d0a9b2d
software.amazon.awssdk	rum	2.17.163		92187e6a14ad2cf0fc66ee5b66ebf12932b9c190
software.amazon.awssdk	rum	2.17.164		6a4148c586db5ac5abdc8f0fda3220930370faaf
software.amazon.awssdk	rum	2.17.165		857eb8cc7e1aeba00673450e6592b777a6a144f1
software.amazon.awssdk	rum	2.17.166		a82622011562cf4dbdbd3fd20f44ea2119695e15
software.amazon.awssdk	rum	2.17.167		5a549a6011d60349b7c81523c7194f05f2835653
software.amazon.awssdk	rum	2.17.168		5715bda46b8de079f4d189b591752b12d5977211
software.amazon.awssdk	rum	2.17.169		6b564ca3b2854229bce4a71b2326ae7c7e4c8893
software.amazon.awssdk	rum	2.17.170		0b096182d6e4a344a675b3e13393adafbafcdb55
software.amazon.awssdk	rum	2.17.171		69676ade755a5bb0df67711e689e909c078cb9ac
software.amazon.awssdk	rum	2.17.172		ee973a0967680424600b9b25c0d8c5b21fc71c98
software.amazon.awssdk	rum	2.17.173		d0fb749a2559fd18eedb2e41f3eb1571ee1036a2
software.amazon.awssdk	rum	2.17.174		455db30c7d6fdca6c5286f9aaf2608d0722ec043
software.amazon.awssdk	rum	2.17.175		69f1ebc07c1ac22bd423cff9698786514500a7ef
software.amazon.awssdk	rum	2.17.176		7170b43b7615566d1c09656527f7f0ea54b38c59
software.amazon.awssdk	rum	2.17.177		fdc474eb527334ae8001fc3ff8ff083fe55353d0
software.amazon.awssdk	rum	2.17.178		679728b7cd701b4d815d7607cc694fdc4977ff5d
software.amazon.awssdk	rum	2.17.179		037e25225a841c36c30a983e3121992ac207c5fb
software.amazon.awssdk	rum	2.17.180		330d9f0ad53a52d9052dbf37a8063bca97ca2d9a
software.amazon.awssdk	rum	2.17.181		5c31bba4f7ff411e9fd6e39ba9d6640daad44313
software.amazon.awssdk	rum	2.17.182		25da74ed1888ffa9aa9427b8f7c83e1ca58801f7
software.amazon.awssdk	rum	2.17.183		ee1b3788b6790f0250f8a35f593adfa4d3cd9c1d
software.amazon.awssdk	rum	2.17.184		f472efd250482c5f22262defce4a70e2606f6203
software.amazon.awssdk	rum	2.17.185		1297dba1e2fc6395f3c584a543337ad94df7f3bf
software.amazon.awssdk	rum	2.17.186		d0856ef7e699d0de06d94da55f5d2a5dd307298e
software.amazon.awssdk	rum	2.17.187		21347ae082bddf792b8e38e13dd314b4ff4880e4
software.amazon.awssdk	rum	2.17.188		d660b069b5d2a122083527179c346e30206eaf81
software.amazon.awssdk	rum	2.17.189		9fe724441cbc478b5343deeb19f68b3a85b3d00f
software.amazon.awssdk	rum	2.17.190		704ed97e421eb64a3ea9e915177ff08f1f4e2c90
software.amazon.awssdk	rum	2.17.191		0e91aa458c42d07e2daa24ddf6d13fdeb12cfb9c
software.amazon.awssdk	rum	2.17.192		470c047356bfbfa865f5b3c66caf63cedf2520c9
software.amazon.awssdk	rum	2.17.193		fa62c070df6774e652134e4e45fef181f3a0c06d
software.amazon.awssdk	rum	2.17.194		c3e71713a8da12a9fd4f8767083793b499fdc079
software.amazon.awssdk	rum	2.17.195		0c6cc290cccc001aada178d3cf3662f3d50aceb3
software.amazon.awssdk	rum	2.17.196		bfd9322571da894657aa7afc2449a8bbc5c32d7c
software.amazon.awssdk	rum	2.17.197		056d6fb0d3032bc84a8c79d8230d3df1c5a68fe5
software.amazon.awssdk	rum	2.17.198		9823e9279b3188201cee446f1dd2191dd9b6480e
software.amazon.awssdk	rum	2.17.199		308f560230f6669b481915276a053f27af7c3bf2
software.amazon.awssdk	rum	2.17.201		1c9b3456a84cd7daaeb69f5ae75103a7d4708211
software.amazon.awssdk	rum	2.17.202		747434364e1420f9cbfa8778af6c320911c0fee1
software.amazon.awssdk	rum	2.17.203		fa8192e5177bc1ded74f5468b52258375a81753f
software.amazon.awssdk	rum	2.17.204		39004635292657c6d0bef9553013d79c84663e52
software.amazon.awssdk	rum	2.17.205		ca0dfec49b6b30360c74f6eaa5a9ce740944cf44
software.amazon.awssdk	rum	2.17.206		5a2310598cda8d784531cda603f7c388e71203a8
software.amazon.awssdk	rum	2.17.207		f7132bba17a3d62338a6469562d328aa6afb74a6
software.amazon.awssdk	rum	2.17.208		1a9aae74952266f24f317030b3fff773bc6567dd
software.amazon.awssdk	rum	2.17.209		3899504a9ebe53bc7a6776ee5ee259b1f8746181
software.amazon.awssdk	rum	2.17.210		e386ea28281e89c854cf6131bec73d8fba14b329
software.amazon.awssdk	rum	2.17.211		3e1b7fe8df4e28da08311257b38a2cbe9918d92d
software.amazon.awssdk	rum	2.17.212		630f86249022232ad8732ab2fd9953604e723d21
software.amazon.awssdk	rum	2.17.213		40be5b39ad93a485a3745f20ec386458f0038c95
software.amazon.awssdk	rum	2.17.214		05b02db08f0992657353cfa9f55f0563d592f534
software.amazon.awssdk	rum	2.17.215		33ad7e0e93c62be8105022755c9eded69b343c1d
software.amazon.awssdk	rum	2.17.216		349800cd99bf2fde42a06846116ed48f287f516b
software.amazon.awssdk	rum	2.17.217		474073b640870b00459c6ed3f351a2604801f3a8
software.amazon.awssdk	rum	2.17.218		9debe25db3288a178f9e16688dae6b10bf026346
software.amazon.awssdk	rum	2.17.219		7fb097bd6db3cc894c877d8750f359491c15a8c7
software.amazon.awssdk	rum	2.17.220		40b1a34d5dbdb1ccc6f09811bb91507ed3269800
software.amazon.awssdk	rum	2.17.221		a59101233d1fb6fe0ee041348ce66b3475dd3d32
software.amazon.awssdk	rum	2.17.222		dc84ffc71abcc7a9c8c2a2a11c9bd92160342cbf
software.amazon.awssdk	rum	2.17.223		fa53303f39572e2bb885cdb20e715715b32e6bac
software.amazon.awssdk	rum	2.17.224		e8a2c5db51b98fdb233b59f1ad9baa877f580b86
software.amazon.awssdk	rum	2.17.225		a211536c22553d64dd31975cce37993b27566a5f
software.amazon.awssdk	rum	2.17.226		f6203e2ca68de9ba9a74a60f30b1a33478427bfe
software.amazon.awssdk	rum	2.17.227		dfeafc7d1a596c130b3ffce392e25442038e8ad9
software.amazon.awssdk	rum	2.17.228		bd450ddc647c61da3720ec1652bb750af1808047
software.amazon.awssdk	rum	2.17.229		d4912769f18d349330c1bb38ace51357808defc8
software.amazon.awssdk	rum	2.17.230		37b63de195ce9744edb347b3ffd56ad3537847c2
software.amazon.awssdk	rum	2.17.231		9e0da1ffa0079a80186392be7f93ae6abc12da2d
software.amazon.awssdk	rum	2.17.232		c5be17c8bb7728b4f9759f56151227309d8962c3
software.amazon.awssdk	rum	2.17.233		0171df13dd0a690e570ad867afb3f12a790becf6
software.amazon.awssdk	rum	2.17.234		263fa4cc43be7f449f83921b921ef85301e11104
software.amazon.awssdk	rum	2.17.235		de6ab9e6788f034b97a87ce5d51634e64f4edfee
software.amazon.awssdk	rum	2.17.236		605e2a4abfaa92eaf1c22fede6ff8f90ae468d06
software.amazon.awssdk	rum	2.17.237		04a40d81eb1effafb55893d48e6f041a73b11ef3
software.amazon.awssdk	rum	2.17.238		309efbc287dde3e3c47352b98387f8069fbdef35
software.amazon.awssdk	rum	2.17.239		1b9db5f3def652b4eb90c3441e06b96785059ebb
software.amazon.awssdk	rum	2.17.240		ac5363f10d77786e5dfc868a0da280bbd3afebcb
software.amazon.awssdk	rum	2.17.241		43759baf5d90f3d919e5f5e4ff922a5a5648204a
software.amazon.awssdk	rum	2.17.242		9c8676d6f4462f1c5699b4a39bb9d95a58b84bb4
software.amazon.awssdk	rum	2.17.243		9d20744ccf0f2da9b8650752bd02e957370a6ff5
software.amazon.awssdk	rum	2.17.244		85070e81ba959e7c1ce143b2250af1efa3f47ded
software.amazon.awssdk	rum	2.17.245		ce77529a73178dfddd493c9fb20147987a406cc1
software.amazon.awssdk	rum	2.17.246		e440453f935457008db6aa4f0e490f7d1ab02fed
software.amazon.awssdk	rum	2.17.247		38961917cf7c9759ba1bcd007aae7744fc30edfa
software.amazon.awssdk	rum	2.17.248		342ce362c4decb5c5fb875d28935224816e28911
software.amazon.awssdk	rum	2.17.249		4143d541ca8db19cfd4c3168bd5d707d497d7c68
software.amazon.awssdk	rum	2.17.250		51dc5d0bef3f0af5f3494819e898037c98f7abb0
software.amazon.awssdk	rum	2.17.251		a234aa5833a5f962137976f50499039f1b1ef8eb
software.amazon.awssdk	rum	2.17.252		03085925cab1cc615511d4cb2e462a7641f25c2f
software.amazon.awssdk	rum	2.17.253		fd950bd04774b027cd6abe9ae633034159d3fcda
software.amazon.awssdk	rum	2.17.254		6fefc56e240da8613c4c3ec783ce0c2109ac045c
software.amazon.awssdk	rum	2.17.255		6aa5201285f7f3a3f4c25d23df493b698f16d9b1
software.amazon.awssdk	rum	2.17.256		195fe7cbe9172231415b1f254ff1f60016b84eb4
software.amazon.awssdk	rum	2.17.257		312a4febb436cc8caf02f190be3ebd6c61b813a9
software.amazon.awssdk	rum	2.17.258		90598ec1ae918df8496e4be01784a7e6bc03f838
software.amazon.awssdk	rum	2.17.259		f13c69b25e4eea330d092a23d9ba94e58cdeee76
software.amazon.awssdk	rum	2.17.260		96d6917013c3b36fb1d543fd9e4ff6e66ed8bd1a
software.amazon.awssdk	rum	2.17.261		d8f0ef4d8d46c40a0c8adf13bfd631b43f641b06
software.amazon.awssdk	rum	2.17.262		4a486d2b7e05453e498e91fabf92037bb4bc7095
software.amazon.awssdk	rum	2.17.263		04be2350ed6541184a14554b3bec5dbd631edbcb
software.amazon.awssdk	rum	2.17.264		78f4c0b8614a34ce3f8fb35d5d0773a31cd78eda
software.amazon.awssdk	rum	2.17.265		78630c8f214b18b9dea8b918b110b6c77f066b3b
software.amazon.awssdk	rum	2.17.266		7d53052ce4d65e8b1cd812b25c7b61a50377fc69
software.amazon.awssdk	rum	2.17.267		27c3121fdc14b048fb78e242daa31777162f75ad
software.amazon.awssdk	rum	2.17.268		08cf96af5a6b8916175db9d635834157812fa0cc
software.amazon.awssdk	rum	2.17.269		500fb38b094e79d395b37edf2ba68139ff65123f
software.amazon.awssdk	rum	2.17.270		3dc8328b69b8c2681cb980cc0a46ea7961f725fc
software.amazon.awssdk	rum	2.17.271		8f040a9e4deffb14298840c61fdb124f8981921b
software.amazon.awssdk	rum	2.17.272		fa3420167d1a65ae36fbf8a2f533d1eef17d581f
software.amazon.awssdk	rum	2.17.273		1cbf1cdb440549d2be3e43973b9feec0f898fcc3
software.amazon.awssdk	rum	2.17.274		c1f35846c0af923af8b1e18e964c48197463efd2
software.amazon.awssdk	rum	2.17.275		fa63d4a7c5ff7ba0dfdd8a3128103cf84b7c8933
software.amazon.awssdk	rum	2.17.276		b7c20a44ec41dc4fbe3a40de51193ea64f40fc34
software.amazon.awssdk	rum	2.17.277		56f360db967522be371c9b08dd8aa47f630586be
software.amazon.awssdk	rum	2.17.278		995d811329cb1a1a5e2010bb7c7b457f561fa24e
software.amazon.awssdk	rum	2.17.279		c92fbab072b45fdfe1c67b43b2869ec025f538d0
software.amazon.awssdk	rum	2.17.280		6fec5f045a2910f11b9a179f51b37b1868c7dc5a
software.amazon.awssdk	rum	2.17.281		a35f5724906f271ce322456204b132151733c7c4
software.amazon.awssdk	rum	2.17.282		3769f589960183a7e47d82226a48b61992956cd7
software.amazon.awssdk	rum	2.17.283		39f6209d4a3438d612f2b338e3cbdfc12ddd28f4
software.amazon.awssdk	rum	2.17.284		096709966cb6042711e9d44268c4fae9f0b9970f
software.amazon.awssdk	rum	2.17.285		494d97ad9f1ad24158b90f54f17de0ecea6193d2
software.amazon.awssdk	rum	2.17.286		6e6def538a0d81698f5c5e0645f26086aa912a90
software.amazon.awssdk	rum	2.17.287		5e7c055bc14315676b99c20b77f767a060e6e778
software.amazon.awssdk	rum	2.17.288		455909acbf321c38f8f8c1b2e46716a27cec323e
software.amazon.awssdk	rum	2.17.289		41126a7ea660f4c03c0e70e2349c6327fd044071
software.amazon.awssdk	rum	2.17.290		65b6a03e5cb3e0cb97ea762a58c69a533f9d8f1a
software.amazon.awssdk	rum	2.17.291		b3c8a22163e7b994acd7b56f0f95d13c36b26185
software.amazon.awssdk	rum	2.17.292		eb2e0dd471ca53c171fc50ec1b7e16466604e2d3
software.amazon.awssdk	rum	2.17.293		a601d0153dba567505f7d0ddd2ea3c942de1bf72
software.amazon.awssdk	rum	2.17.294		8a47846eb1bd20e3474cccf79ce6fcdf303bc015
software.amazon.awssdk	rum	2.17.295		5962a00c0fb10a0669b1fd603fc5831d0502f1e7
software.amazon.awssdk	rum	2.17.92		acf847049c28f095b25b7bf424af17bf22d79eb4
software.amazon.awssdk	rum	2.17.93		04c5f5f610cd10998e2878267455bcfb14772fd6
software.amazon.awssdk	rum	2.17.94		bc44ffd976f3caadccf0c853511d01d38f4b693f
software.amazon.awssdk	rum	2.17.95		6b8829d8ae2c233b05b51b0733ac8878ef03a25f
software.amazon.awssdk	rum	2.17.96		460e6f419276af68e91db4dadeed6e0853f5928d
software.amazon.awssdk	rum	2.17.97		05386d3a9e92aa9d1d72833d82daa29b7c4e542e
software.amazon.awssdk	rum	2.17.98		aa633d9b2d9d545974e0316705040139734b56bd
software.amazon.awssdk	rum	2.17.99		dd586e756ba6979bab453a64668a0d462dee30aa
software.amazon.awssdk	rum	2.18.0		227c549b07781ec0934aecaf9f9d4215a9d25e31
software.amazon.awssdk	rum	2.18.1		92fbb28f5eddc6a732f83f732eedf83053eb3bf8
software.amazon.awssdk	rum	2.18.10		98d5ff00ddf579bc43eec9747e54a79c46ca52d2
software.amazon.awssdk	rum	2.18.11		b627809a2592d3b970d703a72f593867650c3920
software.amazon.awssdk	rum	2.18.12		63fe0cbadf29500dc94708c4da46314a77305ffb
software.amazon.awssdk	rum	2.18.13		4992573ff0f8bf9a5d3d6d8b94b97fddab6cbd1f
software.amazon.awssdk	rum	2.18.14		24a5654878ecc7b8aceb2ae0a2177bc7aca8f149
software.amazon.awssdk	rum	2.18.15		2fdc15255c005b099587c8419c7f94d68ca85b5a
software.amazon.awssdk	rum	2.18.16		fe653809380288a629e1b5bd3a7a496197d5151e
software.amazon.awssdk	rum	2.18.17		d486560a4b9a7c5df9b76fff44fd1ede4b135bb9
software.amazon.awssdk	rum	2.18.18		ec8509bb7c3575dcc76406ff0b22ac40e53ed5fd
software.amazon.awssdk	rum	2.18.19		c04cf9a11d070c2d82e441bf2b252cdac4a80582
software.amazon.awssdk	rum	2.18.2		25975d46fef4c408cd34e34bfc4252855891145b
software.amazon.awssdk	rum	2.18.20		303cf4b8e7565fdc1e9723bbba3572d8f4f87150
software.amazon.awssdk	rum	2.18.21		cbba878e63aa18c76fa98653929d13904788e19e
software.amazon.awssdk	rum	2.18.22		26c2c1300263246277ae8cb27d74fb6d9af1030c
software.amazon.awssdk	rum	2.18.23		3966d47a12bf88af01842ee2863511f15d394e7b
software.amazon.awssdk	rum	2.18.24		03f8b6a77029107eb5cf0b3a5e70ec3d09f38bac
software.amazon.awssdk	rum	2.18.25		b790771ccc7f7d80bb21f6dea21dbe7b49233877
software.amazon.awssdk	rum	2.18.26		45928259df9480d8c38bdb6855e07264a94e5aff
software.amazon.awssdk	rum	2.18.27		b7d413bd39688910a239fd9ca2b6f651f491e96a
software.amazon.awssdk	rum	2.18.28		ca4fc454402df1afc73e72c1422303c9b6b43acf
software.amazon.awssdk	rum	2.18.29		c5d396b2ca31f175ce932a097a404e2ada9d5574
software.amazon.awssdk	rum	2.18.3		7a904a7facc38b682bdac02ea515d4ca907df33c
software.amazon.awssdk	rum	2.18.30		726c0fde5dee6bc816b5749c20d03ac8a8fc6dfb
software.amazon.awssdk	rum	2.18.31		e79778eb10c43415788352db613dcb3010bec380
software.amazon.awssdk	rum	2.18.32		c278109262d0001de158acc4829c692b3c9f8ef5
software.amazon.awssdk	rum	2.18.33		59e916d7286b2b7e4e1b3b39a7acf76ce8916c05
software.amazon.awssdk	rum	2.18.34		4b294c69a51b53fcf1381f3a2f68cec28709c030
software.amazon.awssdk	rum	2.18.35		86739351efa3bb368a9279895c8cad126a981919
software.amazon.awssdk	rum	2.18.36		89b2edf85221a247c221132a7ef3c443305ecbc5
software.amazon.awssdk	rum	2.18.37		bc4e9b30caa15063214d919b10fa55387f5d1545
software.amazon.awssdk	rum	2.18.38		aa014835c437ec85a06acd86d4850ed8d4e5acef
software.amazon.awssdk	rum	2.18.39		19b2ddd9ee416c5e30d9c1023e3a8c6d69534e99
software.amazon.awssdk	rum	2.18.4		50ddbcecfc8613d2e3220da31a44fc06db27fff1
software.amazon.awssdk	rum	2.18.40		fe1e5de17b2021b6e3c7c1dc838ab113a45dfc5d
software.amazon.awssdk	rum	2.18.41		636948bf0046a2189822bdd0413576b8e27a72dd
software.amazon.awssdk	rum	2.18.5		5177ec887512d93c0e01194ad78edf20c880887c
software.amazon.awssdk	rum	2.18.6		125376a1b86638de1cb6063f2d87c6998ae7f68c
software.amazon.awssdk	rum	2.18.7		6a11e76389e396b187c62b818fbf51c117ed1a20
software.amazon.awssdk	rum	2.18.8		23c28fc91b728b65bfd1b4945706203a6eaa2879
software.amazon.awssdk	rum	2.18.9		3745dd5e3b329bda8af1b0ea9eef7f711a0bccef
software.amazon.awssdk	rum	2.19.0		2bdf0b454ecbee325951e36552ceaefe3a72ee99
software.amazon.awssdk	rum	2.19.1		75cc07576276d560d1f88cd826b270d5517a1e64
software.amazon.awssdk	rum	2.19.10		b19fb9407c68414fe51fc6cd5c1df4b95405359e
software.amazon.awssdk	rum	2.19.11		a5bda8952f2248c99c738f3ad0e40a6d028cf4af
software.amazon.awssdk	rum	2.19.12		2e547bd581ce820579797e85fb70dfe251a49397
software.amazon.awssdk	rum	2.19.13		2b69ac0bb8bd51b31dd99c7b065d7ec5912f0e15
software.amazon.awssdk	rum	2.19.14		b14ccceaa96b771e338597968ecfc7572397aacd
software.amazon.awssdk	rum	2.19.15		803437f99611da81e45ba8ec8ccdd283c5c412af
software.amazon.awssdk	rum	2.19.16		1f54dfacb941097ba1a4c7664f0af168b3f9cfff
software.amazon.awssdk	rum	2.19.17		af788957459d7c656f30f6d0455b254949b7abe0
software.amazon.awssdk	rum	2.19.18		397b4576b0086df248bf45cd321e88e5c423d959
software.amazon.awssdk	rum	2.19.19		25f6f0803a20ee0c29239e6fe8c5478fdab4741a
software.amazon.awssdk	rum	2.19.2		77c3f17db55dd4ac235ffd3116ad66b91b16b868
software.amazon.awssdk	rum	2.19.20		77609ae928887f11a5c7288282b448e666da593d
software.amazon.awssdk	rum	2.19.21		f9ad887d53fbf8cea5f8634c5150907420a54b4a
software.amazon.awssdk	rum	2.19.22		1900e431bc86f2a40e0106c309cb3154bf464669
software.amazon.awssdk	rum	2.19.23		0c1e869770c5685688811955c35f91216a41a6fb
software.amazon.awssdk	rum	2.19.24		0c96158aaa45ce48c67463702a76c20e6544cb4c
software.amazon.awssdk	rum	2.19.25		f936eddc17352ef81afacbcf7f43e3e1c43bcb04
software.amazon.awssdk	rum	2.19.26		01ae5fc8383322cc4559f5fb609be6cb876311b7
software.amazon.awssdk	rum	2.19.27		3aae02d96f0eb2607594878d920f78eb6b94356e
software.amazon.awssdk	rum	2.19.28		0c3d7c5026581a1f800f86095452570c2dde409c
software.amazon.awssdk	rum	2.19.29		60ed227ebfbac449c1e48ae258dd4bcf3cbf08e0
software.amazon.awssdk	rum	2.19.3		762c3d97e4b80c671cae060f15225f0e4f4eae34
software.amazon.awssdk	rum	2.19.30		d5ed021f718cf2552325407cb50f6f0611e8f06f
software.amazon.awssdk	rum	2.19.31		98e88d005ff92f2162f237a4e474dcc0d7a3c530
software.amazon.awssdk	rum	2.19.32		e517cbc3c29f2b881a864350ffdcffa2768eaaf4
software.amazon.awssdk	rum	2.19.33		46d5781070b0ca007ab35672c3e43644fc937624
software.amazon.awssdk	rum	2.19.4		1b5be4c2b80895632bad76e181e179618cad2c9d
software.amazon.awssdk	rum	2.19.5		c10e3daa7dd1e345277f86b202a49bfce44963ab
software.amazon.awssdk	rum	2.19.6		31dea887d19dd4769299b6fc3362d6b4114b0686
software.amazon.awssdk	rum	2.19.7		52cdc5f52ab97c67f3a3ff90a37477d9b3e4ddae
software.amazon.awssdk	rum	2.19.8		5058c9875da1529bfbd1c41a98b1a62df29c45f3
software.amazon.awssdk	rum	2.19.9		0499cf2c37376539fa05abf0d89f757e5457fa33
software.amazon.awssdk	rum	2.20.0		2491b2a4db2bf473ff82aa799c205e2734580a3f
software.amazon.awssdk	rum	2.20.1		18acd26b5881af3b08a08da281986cd2a4dd7ddc
software.amazon.awssdk	rum	2.20.10		5d7c3d6ccbe4bfe0245b8fada4748d245a353be4
software.amazon.awssdk	rum	2.20.100		bd11b7c3b4dfffe41c2a5581007f32d28aeff17c
software.amazon.awssdk	rum	2.20.101		e0f0033907c3ba0cc2d22766975c203024f6d772
software.amazon.awssdk	rum	2.20.102		4b156f1f0d45a87c11316ea59a082902e3c21fff
software.amazon.awssdk	rum	2.20.103		3dc29c4b563e668ba3305c00116fd6e3d4c0be8a
software.amazon.awssdk	rum	2.20.104		462fab2b0aae5a3c0978397d4cae08aedda351f4
software.amazon.awssdk	rum	2.20.105		0ea49dced459eb4e3824e18a62b45196f3d8658c
software.amazon.awssdk	rum	2.20.106		78d8672bf6d849639f623ee3120a3b41a67ac550
software.amazon.awssdk	rum	2.20.107		fa0a19cb3ca25e275700f936e6e9804f6f4ba1f4
software.amazon.awssdk	rum	2.20.108		a3b2b2b7bc250f6910796f219c490d582df15c5a
software.amazon.awssdk	rum	2.20.109		4177091db32bfc49979023ea499ab9f60cf26fa9
software.amazon.awssdk	rum	2.20.11		c6f69d9e51bb88256d4449551aec9e0fb2f354e3
software.amazon.awssdk	rum	2.20.110		d270a8e20dffe1c9445a9f79da946b70081df612
software.amazon.awssdk	rum	2.20.111		27c84d7b16855628a318e1945ca03ca659e04741
software.amazon.awssdk	rum	2.20.112		fde43f887455c01797e78791cd11a6147da2c441
software.amazon.awssdk	rum	2.20.113		c6bd88b5314abcc0ba8450724827117c972aa3b2
software.amazon.awssdk	rum	2.20.114		b65d628bfb37f0dfe4ee7a870ac85ad98e0c78a0
software.amazon.awssdk	rum	2.20.115		4a8104aed23f386c587a6428515d9a9ddef04e29
software.amazon.awssdk	rum	2.20.116		1456f2b853eea4a7556c066eb6f81ec55d8380d8
software.amazon.awssdk	rum	2.20.117		1f5a02c4d36d95a35b424f68202005f0353bfad0
software.amazon.awssdk	rum	2.20.118		99c7c8ede850a3466f30a0f3e5eff6b85b34b3c1
software.amazon.awssdk	rum	2.20.119		aa1931b0512b24bed4573b90ed497daf4fc3b9ab
software.amazon.awssdk	rum	2.20.12		9c5df3f63f2b47f7a3a1887c944e7291e0df2695
software.amazon.awssdk	rum	2.20.120		b6b143e9da4c8c3c88b52339cdf9bc20a332a2a2
software.amazon.awssdk	rum	2.20.121		c71861f641c3f50d41536cc3c7afc201c71e6265
software.amazon.awssdk	rum	2.20.122		5a8c82fe26bbdf80e83f37319df383f1433d9b2c
software.amazon.awssdk	rum	2.20.123		e116cacba52f9091d12394c700f7ed8a8e03cbb1
software.amazon.awssdk	rum	2.20.124		643fb52925fe971099ddb7d9f3401548238a7adc
software.amazon.awssdk	rum	2.20.125		c6c33230d16cac81fd1b24e4c0a1b33613cbcd3b
software.amazon.awssdk	rum	2.20.126		aa5285625b65c1b0a999fa7947a8c84fd52451e5
software.amazon.awssdk	rum	2.20.127		1c092a4b91a48f65363395a35812df17ba7a627b
software.amazon.awssdk	rum	2.20.128		44f5c05d4f8da12d7b3653e376845ebb93f38707
software.amazon.awssdk	rum	2.20.129		9b1fe4a28917aa5efb5cdf81c850504b25401b17
software.amazon.awssdk	rum	2.20.13		25bb3795d2ba7406ebd22332cf4e942089c529f9
software.amazon.awssdk	rum	2.20.130		76253034739e97cbc26c01674bf3ac25d0980579
software.amazon.awssdk	rum	2.20.131		bf41e57bcf3fb29a310f2d553bf481125bc63321
software.amazon.awssdk	rum	2.20.132		081c0ab571ce5d80a607b167e2379851a800a748
software.amazon.awssdk	rum	2.20.133		a9df499b03c8f4447f5e7a7c1e4d66a176f71b29
software.amazon.awssdk	rum	2.20.134		5676ad665e0b4e89252e1aada4410d077c28fc40
software.amazon.awssdk	rum	2.20.135		0b540b2db313502fe616fe5faed4985742b44f4b
software.amazon.awssdk	rum	2.20.136		64262cc3fa5e13a04dbf4796c921b2bde36a88ac
software.amazon.awssdk	rum	2.20.137		4426a9184e4e3a7b198d143590f52dc584629b0d
software.amazon.awssdk	rum	2.20.138		19c95e270dc08898efa0c8034954eb7214adfdce
software.amazon.awssdk	rum	2.20.139		8325e20496ff5531683beecacc1fd005807824e1
software.amazon.awssdk	rum	2.20.14		9aded30d2355b004ac7cffb78f5cb88b6721a3dc
software.amazon.awssdk	rum	2.20.140		05f9fcc33b218c100b1567c30f63ffc796f3ac48
software.amazon.awssdk	rum	2.20.141		6c2ef84963f8f979a4613d14008914a883751b9c
software.amazon.awssdk	rum	2.20.142		a5200ac71c7398a11eb4d90579b5b6499bb4fa95
software.amazon.awssdk	rum	2.20.143		f428ed5f35a2ccc76bd2bad72a0081f19d9a7bb6
software.amazon.awssdk	rum	2.20.144		0a88459ccc453d05e9c8151f2ffa9366b0d453a3
software.amazon.awssdk	rum	2.20.145		aa2781b6c1c8ae51e049df02a5df1562528112bc
software.amazon.awssdk	rum	2.20.146		a6d7cbff7c808eb50f0482acf28e1b1f73c7b477
software.amazon.awssdk	rum	2.20.147		fba524c9c439f29e0bff30aec615819ceb715a81
software.amazon.awssdk	rum	2.20.148		be76ddd85700f6497ba8e33513b22bae1b14952a
software.amazon.awssdk	rum	2.20.149		819276986ea5207cf5fba45c51aa5fe8b4e051c2
software.amazon.awssdk	rum	2.20.15		d3f230d06ca6c5636e88acb6b194cfcc25cf81ed
software.amazon.awssdk	rum	2.20.150		14abaa9408edb78d2af0ff13212d53334e99a489
software.amazon.awssdk	rum	2.20.151		516398f198dfc5d171ceb5970b4b23d68b578867
software.amazon.awssdk	rum	2.20.152		c3b20d19c9f17faa9c5f7845e1112c403cdc42ec
software.amazon.awssdk	rum	2.20.153		edf5153b151e46d523da9e9cb402790d0dcb0412
software.amazon.awssdk	rum	2.20.154		6859da1efed69dfd035c023981fcc86627f1b4a7
software.amazon.awssdk	rum	2.20.155		c6008e685224067197853b610ad7f6e21dfb5580
software.amazon.awssdk	rum	2.20.156		7c7f06de752c6a3a22f2520c23fb43c921f4a41e
software.amazon.awssdk	rum	2.20.157		2d96ba4fdc8f60bcc8413cb1c80bc4232b97564f
software.amazon.awssdk	rum	2.20.158		6ea7570d40b59a58605a1edd7c52d6bc43b83ed3
software.amazon.awssdk	rum	2.20.159		ac51e1fb22634bcbaaefeac7798938c408f22751
software.amazon.awssdk	rum	2.20.16		84c92583cdc266ff294aa668dae4454a351d7212
software.amazon.awssdk	rum	2.20.160		511163754af2e200d5ba7ef362e3c95136c91f3d
software.amazon.awssdk	rum	2.20.161		2db2e69eb5d2527e8cd15cfbd6306f3d71f2a26d
software.amazon.awssdk	rum	2.20.162		60d4c52e02c6b9ed90eae6f23f253cdf467bc93b
software.amazon.awssdk	rum	2.20.17		070ece05481d11be0eb4bb1adfad41e23711a515
software.amazon.awssdk	rum	2.20.18		8b266b07d928d0d79b160ae33a114ecd0d1b0331
software.amazon.awssdk	rum	2.20.19		fc798047cb6dc62d1523bb55afef0be371ce9cc7
software.amazon.awssdk	rum	2.20.2		18c23fe214561afb4b13ba517f780b105d3f512c
software.amazon.awssdk	rum	2.20.20		53f3d3f67940bce232d974786b9e90622a61d0a8
software.amazon.awssdk	rum	2.20.21		a61f93f85aceeb9cf0c357b14a80f01958849875
software.amazon.awssdk	rum	2.20.22		9b913d096c3bfe1c68aa83c6eecf4aec499e977d
software.amazon.awssdk	rum	2.20.23		ca8349a7ba3bf9ef2d313c2035034497a99599b1
software.amazon.awssdk	rum	2.20.24		bd04e2600e71054e5f9e8a96c1b4aadb3d6f7a46
software.amazon.awssdk	rum	2.20.25		6bb0e7634ca99fd996602b7bae5a30f0becc6377
software.amazon.awssdk	rum	2.20.26		aa8780d94c27d4d7c561ba382bc8426b72bf8ea3
software.amazon.awssdk	rum	2.20.27		1b60fc2324b2c349f52580005ebe71d64bca89b4
software.amazon.awssdk	rum	2.20.28		31e1f0797cc48f1c76f9ce71241b523fa8817bed
software.amazon.awssdk	rum	2.20.29		bb37180567dd1839600db15eddf3729d9e504789
software.amazon.awssdk	rum	2.20.3		587930d8e3a0e7a497cae1a095841ed80d890cb4
software.amazon.awssdk	rum	2.20.30		21d91bafa1aa174c56dc2ccb35a12aefe7da2310
software.amazon.awssdk	rum	2.20.31		437debe45b129a75054f57fb6a327a131c7be97e
software.amazon.awssdk	rum	2.20.32		351e19d32d22913db265b6ba50e4846ad7c6b1f8
software.amazon.awssdk	rum	2.20.33		3cfa9fb3207a3cce4e2ee374ab345fcca02d6279
software.amazon.awssdk	rum	2.20.34		30331f2c78258ae40cf2200899eeac25b1b9a5ad
software.amazon.awssdk	rum	2.20.35		304768cd8100a60738a48a2c01d52d6d18362208
software.amazon.awssdk	rum	2.20.36		40496e2d41f803df260752e227161e0386bbb77d
software.amazon.awssdk	rum	2.20.37		51da8486d1e0927ec729cbb7764921228f587f8b
software.amazon.awssdk	rum	2.20.38		07ecba72b7aaaccca962fd07ff01ff5916a6aa98
software.amazon.awssdk	rum	2.20.39		c3b714c08530af498856e765a1f708038747ff63
software.amazon.awssdk	rum	2.20.4		1803c862d325389581e9ad23db124f7331effdc0
software.amazon.awssdk	rum	2.20.40		d8b0b232012c9511b14b90bd3e196778ef000a8c
software.amazon.awssdk	rum	2.20.41		29b0a45b95ecc7f03b8cb380ac617011d013660a
software.amazon.awssdk	rum	2.20.42		fea9a524c2ac0ff204008794339b12416ad6f428
software.amazon.awssdk	rum	2.20.43		84cd6ab0e55fb2bb01698d424964d2814f0139cb
software.amazon.awssdk	rum	2.20.44		344d7829e535b14f01505f12e69ed71ca804508d
software.amazon.awssdk	rum	2.20.45		8bd907d29f6781a7fbefe985d1aef8d65f481d91
software.amazon.awssdk	rum	2.20.46		8366cf49a2e7f503a586b7444330983eac7a19b7
software.amazon.awssdk	rum	2.20.47		5fdf93b3bcb19171b73f56bf92d0a4cda3f77b1c
software.amazon.awssdk	rum	2.20.48		e77fa4a9a8437fdb75c817a17b29e85f4ee4ff09
software.amazon.awssdk	rum	2.20.49		6f29370219f8de02ec8eb081f14a17e4988253af
software.amazon.awssdk	rum	2.20.5		50484eb4135b523666c2a1e01d263cd3a073ee54
software.amazon.awssdk	rum	2.20.50		9d2ec60214568e2ee398ceb447e59c638608572d
software.amazon.awssdk	rum	2.20.51		122d74972e941b25dc0abf10a3ae1ec521759c9e
software.amazon.awssdk	rum	2.20.52		1b1f91256ce680a959bc7e584684c6420f89658f
software.amazon.awssdk	rum	2.20.53		46fc9b253e7f49d228b6c6f4d3f8c4b8f045cd7a
software.amazon.awssdk	rum	2.20.54		e6962f2774e102d7d8cf4fad564e1f7c79ca2dd8
software.amazon.awssdk	rum	2.20.55		0bb48436f6a0838eaf6a04c78e368493d84e0676
software.amazon.awssdk	rum	2.20.56		d560020c14f6e5ed8c81c32122e0f6a70e8f8432
software.amazon.awssdk	rum	2.20.57		ed059d0214ed78520e41ccccc7f253f2308944af
software.amazon.awssdk	rum	2.20.58		d24f49b1e5a91fc59d74d3e65594768b11ed9a0e
software.amazon.awssdk	rum	2.20.59		da6fdd9e3fbdd9f4e30c2fa6292eb63db6657735
software.amazon.awssdk	rum	2.20.6		db692182efb9990ed0092a4348cee1cf79abb4a9
software.amazon.awssdk	rum	2.20.60		f70447e28541c91219899e8e28f47c95808f0adf
software.amazon.awssdk	rum	2.20.61		af6f44c071b3d32a9c087cb413167b20e4e8cc67
software.amazon.awssdk	rum	2.20.62		2e2983bb861d75079d7736c6af96c99e30844962
software.amazon.awssdk	rum	2.20.63		3ede4c10b51c17ae8a7dd04aa543f69bcacb33f5
software.amazon.awssdk	rum	2.20.64		435a9df47849c4374de3221b16b5dccb9bfb3a20
software.amazon.awssdk	rum	2.20.65		115bcdb466aba5b311945d801924639fd632df1d
software.amazon.awssdk	rum	2.20.66		2e5e17997da3756825b7578dab1a17b364e71d54
software.amazon.awssdk	rum	2.20.67		db2dcd698f965add6cea6df5e872835ebb8f5d11
software.amazon.awssdk	rum	2.20.68		1828aafc1265c14e031a7f9d7c357011286d6d28
software.amazon.awssdk	rum	2.20.69		5844498c50bdd85563314e2b45049241d2e0fd23
software.amazon.awssdk	rum	2.20.7		b4811347ba834a094e712b735bdbe962e7f36a4b
software.amazon.awssdk	rum	2.20.70		dec42b14e69626f20d517049eb828dd80cd99657
software.amazon.awssdk	rum	2.20.71		a872fabc60e752fc02ef028b27bbf8d704743279
software.amazon.awssdk	rum	2.20.72		c3b2382a00ef4066c4cd580746adf777c8f1b1f1
software.amazon.awssdk	rum	2.20.73		d64c30a78f983e412102e19608133884300acc26
software.amazon.awssdk	rum	2.20.74		643bab82e013f8581d9d2c1336214d6993c1861c
software.amazon.awssdk	rum	2.20.75		d475217bea0e2818a1f23c3cd89bd462c2ad5e1e
software.amazon.awssdk	rum	2.20.76		5534c122a2fc41856dfb9393b328013a5485a9ad
software.amazon.awssdk	rum	2.20.77		2687f392859b29afc7f265feaa057f69b6036bb8
software.amazon.awssdk	rum	2.20.78		b281d92827718520781abbaf804271425e560d21
software.amazon.awssdk	rum	2.20.79		f8d19f2c22c0d20aefd1b5b8769245afad0f9e0b
software.amazon.awssdk	rum	2.20.8		2edd83053dc29ba975454b881e5e39d3ecc4b6ec
software.amazon.awssdk	rum	2.20.80		5939d1b04907235d4b78414a460764f6d5513c7a
software.amazon.awssdk	rum	2.20.81		90887d3271f753cf1cc76dc9dc725e7ed5bc3dc8
software.amazon.awssdk	rum	2.20.82		44b39133d5615cfb148eeab0eb172051482e786d
software.amazon.awssdk	rum	2.20.83		3c61aaa6bf0a301f96861ec387ea1a937ae17cc2
software.amazon.awssdk	rum	2.20.84		c7958960a2cfca7bce607b87048f575bfaeec002
software.amazon.awssdk	rum	2.20.85		1c2cdca6f538b43440a89e8d2ddaf523a37b445f
software.amazon.awssdk	rum	2.20.86		ac8dc9d221a0487826805cd78caf386170c6d13a
software.amazon.awssdk	rum	2.20.87		434afd8a0e6e6b46fc9529a8a5db20f7e1523484
software.amazon.awssdk	rum	2.20.88		59cfd484b2f654206262aea822ed581cfeabf947
software.amazon.awssdk	rum	2.20.89		86c11c714542ccf0f91492f65bf00af14b3e9870
software.amazon.awssdk	rum	2.20.9		d812f2560176b91b429e76cda8e2bfc4024fed23
software.amazon.awssdk	rum	2.20.90		38e3ff8dc572a69e4bdd382dd19a2737e2e71609
software.amazon.awssdk	rum	2.20.91		706e77d2e3f20a14b345c75d5b3bb16051394936
software.amazon.awssdk	rum	2.20.92		3af7398583f8a7230748fa054509e77085f422bb
software.amazon.awssdk	rum	2.20.93		8a308f67942b26fc0d200452b7292da3b2f7a513
software.amazon.awssdk	rum	2.20.94		b11d461cb3edf079e7fb2de32eea1099c3859ea8
software.amazon.awssdk	rum	2.20.95		359c270e4835508347e4d608ffb3eb3a57ec547b
software.amazon.awssdk	rum	2.20.96		cde4b906ae4db4f756b32c61e834ddd4fdb04eaf
software.amazon.awssdk	rum	2.20.97		c2d113782047ab401ce627f71358dab10c2d7127
software.amazon.awssdk	rum	2.20.98		ce3f1c02e66ab2e60b63ef14394a01778e6aad17
software.amazon.awssdk	rum	2.20.99		1b61bedc26cd3d95f4a79a8c36de01fe12c1fe30
software.amazon.awssdk	rum	2.21.0		04503854a7d37ad5ebb8252dd16066acdd89d2ad
software.amazon.awssdk	rum	2.21.1		02faeedab2b2d9d4522541297b0a4889cbd79c8e
software.amazon.awssdk	rum	2.21.10		2332819f8f586afc45e9cc5e5a0519ff6a1c2043
software.amazon.awssdk	rum	2.21.11		4903e4711bcec51a4054466449616e97f29ce82c
software.amazon.awssdk	rum	2.21.12		9fbc9597b644a710f62f2914fda3c9a976fba231
software.amazon.awssdk	rum	2.21.13		b0f20d67effdb373a4903c204e778e906a58c618
software.amazon.awssdk	rum	2.21.14		2ea75bba66eeb316a05b393a2a92c0472c869468
software.amazon.awssdk	rum	2.21.15		48876af219a8e247a50ee5a5f085d4c3e081e521
software.amazon.awssdk	rum	2.21.16		264e962678a8878496de402cfa517b5fa056604a
software.amazon.awssdk	rum	2.21.17		fc32ddfa6fe115e18324cd9ef48a09ec902cff5e
software.amazon.awssdk	rum	2.21.18		fe6954c265d63bbd62441b7c5804061d924f22f1
software.amazon.awssdk	rum	2.21.19		fa01b92f072b6b432cf2f5cae425dd1d20b22db2
software.amazon.awssdk	rum	2.21.2		3e5c138cf8d907db8f9d9391a88d6c28054d3f6f
software.amazon.awssdk	rum	2.21.20		af1a8c0104d1ce7e8264611b1dd747e17b75adfe
software.amazon.awssdk	rum	2.21.21		1969f9f821566d6c3cc8e559e57c0274aec5996e
software.amazon.awssdk	rum	2.21.22		0a4da2fca43d0035aa69ab461bbad708cfd3c523
software.amazon.awssdk	rum	2.21.23		ac98018b3532cb24fa0fa9be0e8321f293ca1d7d
software.amazon.awssdk	rum	2.21.24		ee5d5777d9beb53ed7f7782cb31502bdb88f5667
software.amazon.awssdk	rum	2.21.25		92896cbf068f3fb9c74511ddee84fdaa4cc71437
software.amazon.awssdk	rum	2.21.26		1c1e07f40c3f69119ade6544a4752692789d6ef8
software.amazon.awssdk	rum	2.21.27		d179a81199c8e87e7c097b8f904c977ba994995b
software.amazon.awssdk	rum	2.21.28		4fdf02cd8d107ef31695c9d3fd598d0d4e28b93a
software.amazon.awssdk	rum	2.21.29		bfa815fdd689ac6b44afe5d248a695abbd22afac
software.amazon.awssdk	rum	2.21.3		45464db557043e671c24c2daed02a3c846be3d3e
software.amazon.awssdk	rum	2.21.30		0d5a42d826c0707f55276d813b1bd79e3c547910
software.amazon.awssdk	rum	2.21.31		1c251c57de1001d325fbbb2e8f2dda3fd52f5f7b
software.amazon.awssdk	rum	2.21.32		b29c8055b4201fd0484c0fb928ba4bb7620f1fe8
software.amazon.awssdk	rum	2.21.33		a66b93ad2a696ba8abe425d5fffa6814b294e129
software.amazon.awssdk	rum	2.21.34		72f05d5f76bba14b9fc4927fdf3be08ec811222d
software.amazon.awssdk	rum	2.21.35		c4258a0dfa78db7faf43bf9e152618d27dc2789e
software.amazon.awssdk	rum	2.21.36		d3bbbd74880047830d6506512f5fe6734ccbbd4c
software.amazon.awssdk	rum	2.21.37		fe294c4fc76bdbd3cf843acb29f305cbbfa70798
software.amazon.awssdk	rum	2.21.38		cd3ab3c30c63045f342c0d1e2f795cc0c0453862
software.amazon.awssdk	rum	2.21.39		38c3f091c4e9df9973a4751671511045015538f0
software.amazon.awssdk	rum	2.21.4		8730cb26b6c1066e59a95f0107dfc180686f637e
software.amazon.awssdk	rum	2.21.40		01192a3531c87ec99897fcce6dd8404b64c3b512
software.amazon.awssdk	rum	2.21.41		4c8704fb5d88d417c0910bc19e401eeeeacfceae
software.amazon.awssdk	rum	2.21.42		464b07593e34e264b50f1388c9c85820963ffdf9
software.amazon.awssdk	rum	2.21.43		bf8a160fb9286b7b5b61c2ea910975b91f26a2d9
software.amazon.awssdk	rum	2.21.44		cf1a8c7a4e54c2bfce9f1eeb80486e778e6ad2ec
software.amazon.awssdk	rum	2.21.45		631bff882b71ca88dfddb7a3287d72d0a5f608d2
software.amazon.awssdk	rum	2.21.46		978706e35e4ae6c50269103d1eddac103f16d9cd
software.amazon.awssdk	rum	2.21.5		a17f1d206929815f704e185c9d2585827b235497
software.amazon.awssdk	rum	2.21.6		1609cde81df3db04e5dc565ba1ceac34e4e9faf0
software.amazon.awssdk	rum	2.21.7		44fec8334a7f42f9fd7a7348b5f4bc3ef87e25be
software.amazon.awssdk	rum	2.21.8		f909484d60e9e7e2930915c12772a895075a747b
software.amazon.awssdk	rum	2.21.9		6077ceabfd0290b0c0732044d7a88f7091f0fbfe
software.amazon.awssdk	rum	2.22.0		17a09c3f17d6799b29a3972c6a67c90690cef5e8
software.amazon.awssdk	rum	2.22.1		f8aa5219cd94994fc58b220628aea629369f996f
software.amazon.awssdk	rum	2.22.10		d24aaf62e7205e62349b83115766d29c3ef4354f
software.amazon.awssdk	rum	2.22.11		fe85a53dc5b2787062bdb6d816ff2516a27333b3
software.amazon.awssdk	rum	2.22.12		a5abe182b15d44a46c981d3d198e71635d779858
software.amazon.awssdk	rum	2.22.13		9459e700fdd1f03b095a401b06a5a669c768ad83
software.amazon.awssdk	rum	2.22.2		f9d2db8b98a558a57f1ee9b1babce93452f6d29d
software.amazon.awssdk	rum	2.22.3		61d4cc2c22b7d076891ab2cdb388339d22923b74
software.amazon.awssdk	rum	2.22.4		3e72fae1e6d2f828e912dd1ff4421367b9141ce0
software.amazon.awssdk	rum	2.22.5		fbb71bce9af3868423e81246fd100ffcb97f012b
software.amazon.awssdk	rum	2.22.6		5d5ec94c6218b9a3eaeb4fbf598510840ba46b9d
software.amazon.awssdk	rum	2.22.7		c40a44ac6cce352077a76a08ae4423262b71ff35
software.amazon.awssdk	rum	2.22.8		abe08d7790b91bbbe734ce5d59c98043b4965a89
software.amazon.awssdk	rum	2.22.9		f50195d7a8972ab0351d7a4c79992a8c639c7037
software.amazon.awssdk	rum	2.23.0		9d1f3c6bbcc6cecf299748301febb930ae3e15d3
software.amazon.awssdk	rum	2.23.1		2ad1b850d45587bf4db580f57f0f2e587dcb1daf
software.amazon.awssdk	rum	2.23.10		c08bea30892eac49a9650576ec26e72d1410001a
software.amazon.awssdk	rum	2.23.11		2600e5e5f79e96c8d547c377dbdb7e9fa72623e5
software.amazon.awssdk	rum	2.23.12		cda85a7c2a4c02eac9025e3a0b1dc12f6188ace7
software.amazon.awssdk	rum	2.23.13		5168c365c162f810e8d7f69d908d159ca3d2f5e9
software.amazon.awssdk	rum	2.23.14		504b2b1ef78bb6f4d20ae6135660935a53fc9b9a
software.amazon.awssdk	rum	2.23.15		dc0c8fc297d4d7c368d79f8a6bfd3afd40de512b
software.amazon.awssdk	rum	2.23.16		7e0d42bbe65f2af483c6ef7a5fff9b3d97cf4295
software.amazon.awssdk	rum	2.23.17		cc9458ea54449e6d606fe70307c0aea7a4223bfc
software.amazon.awssdk	rum	2.23.18		f37a46f0f064ea3bdb111c59b03191048a93e26f
software.amazon.awssdk	rum	2.23.19		a1490c77fae6f8ebb775b88b56da9c0f52722f17
software.amazon.awssdk	rum	2.23.2		544018a578f6fecfe79ad9e2ff683f4fa5edec67
software.amazon.awssdk	rum	2.23.20		e8cabb118e2e3ccb206b54903b7424b109e8ca00
software.amazon.awssdk	rum	2.23.21		d32e4c7128b25c051363fa734fd62d3c39d6587b
software.amazon.awssdk	rum	2.23.3		07c3b14863c8ff60cfee3c7dfff3cb6b03434e98
software.amazon.awssdk	rum	2.23.4		95418a48bc81bd4500517ff43e77e8038a438f03
software.amazon.awssdk	rum	2.23.5		81b8d3bd7f3b589d0f6af8612aab4296e11724e4
software.amazon.awssdk	rum	2.23.6		484df8a42b79e8f95b41198d0899bf2cabab64a2
software.amazon.awssdk	rum	2.23.7		b72eb2fe11cdb8141b4bf852830b840b064adae3
software.amazon.awssdk	rum	2.23.8		02d71264531c0c5a9f33801b8478ae91ee0affaa
software.amazon.awssdk	rum	2.23.9		670971cdb89ba78b8b3b3d93722b80ca46d88ea0
software.amazon.awssdk	rum	2.24.0		f8fb49d6ff18af0f820dec8bcf8e79f015367dfc
software.amazon.awssdk	rum	2.24.1		e3d22d549826012a7e62d2e92d3da6fc43f798b7
software.amazon.awssdk	rum	2.24.10		9e144fc97f05edca99ae790c4c039d34ff07e702
software.amazon.awssdk	rum	2.24.11		a2fc59265a71f32f03af52db49d7284e49bb7c58
software.amazon.awssdk	rum	2.24.12		3429e18a20e2061c8ab484ffb1ceadbee518d7fb
software.amazon.awssdk	rum	2.24.13		70a216804b575827cf21980363b7c476c3834f13
software.amazon.awssdk	rum	2.24.2		45420e747525c2f6e5534fb6ec42c6f76b9122ae
software.amazon.awssdk	rum	2.24.3		3b43a98ac7891e77f9ae163d30dce3aa06d968f5
software.amazon.awssdk	rum	2.24.4		1c46999b8fa2f631d13ef1231eb0ed77ba2f9b16
software.amazon.awssdk	rum	2.24.5		7acc073b2fbac032cc70efa4164666afc50d6f1e
software.amazon.awssdk	rum	2.24.6		13964b44f907bb87a5d2872e2cecee630c0c3b1e
software.amazon.awssdk	rum	2.24.7		c8e762977fabc6ee204cccc12e79c01994a5fc2a
software.amazon.awssdk	rum	2.24.8		d3c6c78c070276de2136100e2012176e89d456cc
software.amazon.awssdk	rum	2.24.9		d2207268c64e389da9f885f188f715882a22497f
software.amazon.awssdk	rum	2.25.0		d25242b321d3a407274dd611a13293ce46c8da25
software.amazon.awssdk	rum	2.25.1		f3eceb08407064354e7c9a3c4dc33a6aacaa0d11
software.amazon.awssdk	rum	2.25.10		de832c5196d16bea62074e72ac6f7f19de833aad
software.amazon.awssdk	rum	2.25.11		9fc91b8839dc0ca3a4a3703ea060cf3d62202cdf
software.amazon.awssdk	rum	2.25.12		0ca958f5ebc072d7363e411954dca51150619614
software.amazon.awssdk	rum	2.25.13		1fd1fa351ee8f7b932a33f90ce95bc62bc007c4f
software.amazon.awssdk	rum	2.25.14		8598eb0b03c41eacfaa66f5d1371105cd76b0b2a
software.amazon.awssdk	rum	2.25.15		ca27cb0cdd3a862b2a361e534ed436ce1c038d10
software.amazon.awssdk	rum	2.25.16		6b5b0fb6259f94be48476e1c5a9d24e24c18fca5
software.amazon.awssdk	rum	2.25.17		d87180e8f6bc32d4f3624c70f3915858344a4e24
software.amazon.awssdk	rum	2.25.18		68d883e34af9c40954495e19b38a9e94e5ab5472
software.amazon.awssdk	rum	2.25.19		76b108c55070c963359fb3d1bdf2c8423dc43943
software.amazon.awssdk	rum	2.25.2		f24763b557f75b0df1fdae4b5459f4ff1ef37537
software.amazon.awssdk	rum	2.25.20		086cbc9c15a6c8b95ba49cc540b247a4418f2086
software.amazon.awssdk	rum	2.25.21		2d5aac0dcbe45c6ede493501d1296e1dd2731d74
software.amazon.awssdk	rum	2.25.22		bb4a0a6720a4711d80bd910d6933c6ca23394daf
software.amazon.awssdk	rum	2.25.23		36fa9b98419fbe476a7019ad7646eb1815bdb394
software.amazon.awssdk	rum	2.25.24		1a39552ac0ca07a1ebe7c68b8b736068d3a419ac
software.amazon.awssdk	rum	2.25.25		db8704fc90fb83243a45f65cc5e06968cf712e9a
software.amazon.awssdk	rum	2.25.26		ecfbf9ca7a3af18ad7b1c137b898eb723e0511da
software.amazon.awssdk	rum	2.25.27		3b38155d22cbc4d223d007ac7181f4ed133e6a3c
software.amazon.awssdk	rum	2.25.28		0013cbb68b9d8591b8539513de7e1edb2087b6ad
software.amazon.awssdk	rum	2.25.29		a8dc95a59931bdd7b566ef6fecc9e8a742b06b58
software.amazon.awssdk	rum	2.25.3		56dacebc8eedf6684203215e6f0c4505076915ac
software.amazon.awssdk	rum	2.25.30		e974c33e47a4e3b64c8f47536a250e18cb43bb66
software.amazon.awssdk	rum	2.25.31		d25378e2e0d53978c1cd676a32a0ed9cdbcef11a
software.amazon.awssdk	rum	2.25.32		b855c638cb2715b80ac02fba5748b31cc90cd0f8
software.amazon.awssdk	rum	2.25.33		1fd610946195dc6469fa3186c3be8da1915e2017
software.amazon.awssdk	rum	2.25.34		c301f5da33e75c4e148482a1009434ec5cc0e371
software.amazon.awssdk	rum	2.25.35		98c3b2c6cc4c4097eb2ad71c2c9abda3bb6dc97c
software.amazon.awssdk	rum	2.25.36		056fd3fd83931ab039d9f76bec226fe6a962e984
software.amazon.awssdk	rum	2.25.37		ce873f9ba9523b3fa87f90441a7d17f3f7ab6c0a
software.amazon.awssdk	rum	2.25.38		f461a35af995d613ddd41192a318751dccbd0e4f
software.amazon.awssdk	rum	2.25.39		145f5061095ed2f3302b1b2d37362ad9e60b277b
software.amazon.awssdk	rum	2.25.4		56d156f8f99bdd2971589874d240dd6589a78532
software.amazon.awssdk	rum	2.25.40		c5a4f914630be457403670993f623c82b5afb6cc
software.amazon.awssdk	rum	2.25.41		4e107f91bdb51bb0e8ec186cd0f34f70c43d0f83
software.amazon.awssdk	rum	2.25.42		4ebdc91bd45766967b442b5c45e2eb453de81e73
software.amazon.awssdk	rum	2.25.43		3388f41e039d012d93703d49b403bfc815ea4913
software.amazon.awssdk	rum	2.25.44		12e569721085a1bc42121b63787e6168dad47e76
software.amazon.awssdk	rum	2.25.45		26c2d7fe783fcf29304ea7c16862dbc58ddb38fa
software.amazon.awssdk	rum	2.25.46		3085cab34bc137ae169825ed066d23c1d856b8de
software.amazon.awssdk	rum	2.25.47		4dbe5350c2f6c067f695fc1e045c8575aea3b6ce
software.amazon.awssdk	rum	2.25.48		720f6e246917125e3ec822ed1d28e2d2f35a9594
software.amazon.awssdk	rum	2.25.49		0311ce60ce5622073a8f1f951c7c109fca894617
software.amazon.awssdk	rum	2.25.5		c337c3d1dfb9b68e6fda5fe2370139e22c5c6fd8
software.amazon.awssdk	rum	2.25.50		36debaae365b654b75171a3466b0c6080034a992
software.amazon.awssdk	rum	2.25.51		c524668fb0f4908a713e1cef00a1fda5daecf5c8
software.amazon.awssdk	rum	2.25.52		506e0ab1c7de5160d573a154217bf499cf5eb8d1
software.amazon.awssdk	rum	2.25.53		25177e8dad4c59423f96f741abc2954c3c0f684f
software.amazon.awssdk	rum	2.25.54		fac75042b7c895a7ea28c6ba87c6919896404139
software.amazon.awssdk	rum	2.25.55		03a214ebf4097d51c9c573a93cb02132b50a839c
software.amazon.awssdk	rum	2.25.56		937c46c3bba814a67cff115a1948e440a03e8aa4
software.amazon.awssdk	rum	2.25.57		70876e2dc78a4e6ce2218732535d5ee5316f5662
software.amazon.awssdk	rum	2.25.58		9253cda4e440152ebb46e9dcead37072e12a2817
software.amazon.awssdk	rum	2.25.59		18b627c2ae949e18cfe5f0e01a01d9d0dacaef96
software.amazon.awssdk	rum	2.25.6		06080e868d3c4bc0db60ae03c0ad0ef10f36afd4
software.amazon.awssdk	rum	2.25.60		ac3ff61218d67c753abc9dea8c7d7f6254c58068
software.amazon.awssdk	rum	2.25.61		d7a2a703a2a5eeaed968f3542275fd6149a84619
software.amazon.awssdk	rum	2.25.62		41e59d47f34ecdc2dec0c43a14a094c5a94f3f4b
software.amazon.awssdk	rum	2.25.63		a8a7ebeec11ca16ac651df4ac9d8cff353e4117a
software.amazon.awssdk	rum	2.25.64		94f3cf6b153a68d43c1798ed5269cb4828423056
software.amazon.awssdk	rum	2.25.65		cfe43d1d23d0f97a9a7cc5d48e4ff04ba987a66b
software.amazon.awssdk	rum	2.25.66		c4f1526d2da8442d8ce85da70d7042c71092d7fe
software.amazon.awssdk	rum	2.25.67		bcbad864c2a9abd4b5e5bc653cb7ddcfffdb250f
software.amazon.awssdk	rum	2.25.68		c325269bcb4b77cacdb940c9daaf7c2ff50db2f5
software.amazon.awssdk	rum	2.25.69		cf89dfedb872de1cbb98d13702fb26d68dc67bce
software.amazon.awssdk	rum	2.25.7		8bd8c75a4de468f7da4205321bcb7f8a6b251ee2
software.amazon.awssdk	rum	2.25.70		e374c54a760d6c680669311e4363b41361d225e2
software.amazon.awssdk	rum	2.25.8		1d5a91cd9c1c453141843e0df4d410ee64cc066c
software.amazon.awssdk	rum	2.25.9		e3c8764a2b49ce98439c9c766f17355aa7fe6229
software.amazon.awssdk	rum	2.26.0		aa04442d8010d1d12ef5045bd69350a3cf9fb535
software.amazon.awssdk	rum	2.26.1		136cc6a42669845b7034e6ff384ee3c1c2525631
software.amazon.awssdk	rum	2.26.10		7afdb7db55033b7030926f49fd20ebaef2822902
software.amazon.awssdk	rum	2.26.11		55f56f150f6b9bbb9cd54b4ff67f47ba3abbc278
software.amazon.awssdk	rum	2.26.12		6a434e073b59f214620aeb5bb696c65d725ff51d
software.amazon.awssdk	rum	2.26.13		b8032a63d4a9908376bd91a614d96196d4b2d57c
software.amazon.awssdk	rum	2.26.14		bcc0587f7ea2965ad14ae8d55a7afab102e1304f
software.amazon.awssdk	rum	2.26.15		6a10e121720225f811a6c5dd3c2171f846a54df4
software.amazon.awssdk	rum	2.26.16		e5c95bf67262a6296f6b54be665a015b8f60c450
software.amazon.awssdk	rum	2.26.17		75cc22902b859e767e9fd0463b9aac423828c914
software.amazon.awssdk	rum	2.26.18		74c32f9f4bd13ad800a98e2085c14076d7bce734
software.amazon.awssdk	rum	2.26.19		1457031dfd255cf41245a5cdc42a5f1d9013837b
software.amazon.awssdk	rum	2.26.2		35dd148c73c10a4381958cf236e629da93e01526
software.amazon.awssdk	rum	2.26.20		b6c076889801c190d116a8b4d233eaf5c12a5936
software.amazon.awssdk	rum	2.26.21		0ab7faea6cbf40ef6f6f2d02a3d7f2fb3813b4a9
software.amazon.awssdk	rum	2.26.22		770fbb7adce76a0a3e3f3c9967a6853c84361be7
software.amazon.awssdk	rum	2.26.23		f2e487d4caa4facdfa573cf3b790f3b07427602a
software.amazon.awssdk	rum	2.26.24		63bc23cc30c10234e54241c3310f726f883fcdb0
software.amazon.awssdk	rum	2.26.25		22ef7a1cdba2f1344b2db23f9f3fd7f321b2a6f2
software.amazon.awssdk	rum	2.26.26		1aa017036e473c1cfda7b68860e2e6356351d722
software.amazon.awssdk	rum	2.26.27		0fd6e9a1a3cb690c24273f4d09c56ed0c6e02343
software.amazon.awssdk	rum	2.26.28		6694a55de072c6427cd142aeba99d879fc85e437
software.amazon.awssdk	rum	2.26.29		31d2a572e1d6964ff98262c9e6929c708e44b5dd
software.amazon.awssdk	rum	2.26.3		d6cdf033ed335f522ddc68432d61432cdc9a1901
software.amazon.awssdk	rum	2.26.30		f539d334adeee8ced4c18233ed2239fcb2ae2220
software.amazon.awssdk	rum	2.26.31		739145f8c53273227134b64dcee3e34875153539
software.amazon.awssdk	rum	2.26.4		404d205624372067e668d7affed81a451960d391
software.amazon.awssdk	rum	2.26.5		aa3aab97c1a2c80fd309fb01db75bddd76b615e4
software.amazon.awssdk	rum	2.26.6		a5f2df1e01400a6185fc189459bf5e36f75b8c0b
software.amazon.awssdk	rum	2.26.7		fe0e8400911d3b3a043be4dcf95889390a8031c2
software.amazon.awssdk	rum	2.26.8		1e0920f8bbe7252ed034019843d0206ad6d3a900
software.amazon.awssdk	rum	2.26.9		a33e5cb92d891acf45b2840258e0972632c2cb40
software.amazon.awssdk	rum	2.27.0		9b32f152f6d3f095ea97b097630dc8687a9a96f8
software.amazon.awssdk	rum	2.27.1		a1b67c26d4a36fec2a40e07419e8833dc9c57bbc
software.amazon.awssdk	rum	2.27.10		8659489b020d21e80e602d72f13360e6c8a1a1be
software.amazon.awssdk	rum	2.27.11		c0e44977b4fa0c6e7d4e28575118e75bf12f99d3
software.amazon.awssdk	rum	2.27.12		8efd9638497ea70fd7898bd067e6b7b3be9d735d
software.amazon.awssdk	rum	2.27.13		1d5048d0e39c8717f2f3aec5ebb5d9c16c61cf68
software.amazon.awssdk	rum	2.27.14		70db90cce02995bf5130aab5ae9c3917c7c4f266
software.amazon.awssdk	rum	2.27.15		f1c39421ffeec2c571d12466bc77e23724fc5c67
software.amazon.awssdk	rum	2.27.16		c8c1857310d0e848b6583c1a200d244d85c8cf70
software.amazon.awssdk	rum	2.27.17		3a1b6beb7ee2a92037314f2327dccc2d2548b347
software.amazon.awssdk	rum	2.27.18		76358bd34fda7b4511e4f62de6cc45a6acd8ee13
software.amazon.awssdk	rum	2.27.19		137cb588ecb55f9bfcb010c775446416235d4f2c
software.amazon.awssdk	rum	2.27.2		93a5fb702c3d6068cad2e940f7fd69321ae35b06
software.amazon.awssdk	rum	2.27.20		49796b9484ddf1c0860967730f897c89b234477a
software.amazon.awssdk	rum	2.27.21		2d27b2b7bb4251b2b4f9359641af75cb3f9c6fc2
software.amazon.awssdk	rum	2.27.22		36725eac361e48af412b39d4d5806eba5e5e75e8
software.amazon.awssdk	rum	2.27.23		8d388cdfb69e38f810fc3988de6a725027cf0419
software.amazon.awssdk	rum	2.27.24		b8a59eed4e4e542413b322a9555407e7bf73185a
software.amazon.awssdk	rum	2.27.3		864a53bca8717373ba7414d0287e0b0d82cce857
software.amazon.awssdk	rum	2.27.4		c55c902cfc2a8786c82ff5cd283d17779e09f36c
software.amazon.awssdk	rum	2.27.5		a04ddc59e48f781dfaef87c594381bb55bc53ea5
software.amazon.awssdk	rum	2.27.6		d7acdbe99b5433f4b9d1ff17688d8c8098ab91b1
software.amazon.awssdk	rum	2.27.7		5f04f739b6ac571f36a4d3219ff1b3f990983175
software.amazon.awssdk	rum	2.27.8		ba600d7c7192525f260266f9beac76bda36f3fcb
software.amazon.awssdk	rum	2.27.9		474689cb03a2eb4e4e53ae2af80caddb73a2b1c8
software.amazon.awssdk	rum	2.28.0		37e3102220805bc600b488549a72ab4df8442020
software.amazon.awssdk	rum	2.28.1		cd69ca65c0f48aa9d47b2be22e42779ae7aadf1c
software.amazon.awssdk	rum	2.28.10		e5e72ef4afab2381d9dbde5855f433bf4aa76e04
software.amazon.awssdk	rum	2.28.11		65af7c9b84fc6d09b747603a387e9299011ee76a
software.amazon.awssdk	rum	2.28.12		0752903f317ae2c676c47e68e4320a8760751f36
software.amazon.awssdk	rum	2.28.13		89552eae93e798609ce867f20adb407ad0397392
software.amazon.awssdk	rum	2.28.14		197bf048cb0a0fc1a9a690a267c39a4e55b1bf34
software.amazon.awssdk	rum	2.28.15		06a20a36aa1206be8fe748a30930a789a4418447
software.amazon.awssdk	rum	2.28.16		7c7ced24745c7ccd1bf354e21cdd2d348b2f520f
software.amazon.awssdk	rum	2.28.17		2c19c5e93bd721eabe7d649a5cdf757b7b8f596a
software.amazon.awssdk	rum	2.28.18		937d83b8062bdc74dc63335ac86f4c222689c760
software.amazon.awssdk	rum	2.28.19		0212472243d1cc16052edccd2455fe0ecce1665f
software.amazon.awssdk	rum	2.28.2		03bd441ae717647feb646f1f6543ecfa5862250f
software.amazon.awssdk	rum	2.28.20		747a9945b4cdf4adcfd2ece538019c1ce04707da
software.amazon.awssdk	rum	2.28.21		a0167a39cd3779bbd9f6e07b740db2c6b3a5cc98
software.amazon.awssdk	rum	2.28.22		e9167c9455abc57e4054e5516dc655a77c89251e
software.amazon.awssdk	rum	2.28.23		e1fbbb6560011f023882031f11598d5cabfa7f93
software.amazon.awssdk	rum	2.28.24		2c03e2dd4cf25bbc6bbea9705378e448652394fb
software.amazon.awssdk	rum	2.28.25		157127f1e66a9c3fefd8bc12adfc965fc0a13f04
software.amazon.awssdk	rum	2.28.26		0dba27735a1fa15ab37a1e56a5cf5a5634b5152e
software.amazon.awssdk	rum	2.28.27		86b9f9306297fc83f7718e603981dc53a9303207
software.amazon.awssdk	rum	2.28.28		e3eb66006b0d36a36d3a62944289f7a6923481f1
software.amazon.awssdk	rum	2.28.29		7d16db2bb994079a81f386fed0f18d6a5a6ca740
software.amazon.awssdk	rum	2.28.3		019d8a76fbd230ce2134f5af46b61a19d02e134b
software.amazon.awssdk	rum	2.28.4		0b66ab0d57d18413c9596c5bf074a9f3d8b75b55
software.amazon.awssdk	rum	2.28.5		6311db430a72d0135d0924c2747c2debca668a27
software.amazon.awssdk	rum	2.28.6		28e2c8ee8c4c37e957b82cff83cefef7991d4da5
software.amazon.awssdk	rum	2.28.7		d1088f5e8aaa9475d147838d385d44eeaab9ad4a
software.amazon.awssdk	rum	2.28.8		c79d013ee7c435d2c948e086e0fa52cb14617d4d
software.amazon.awssdk	rum	2.28.9		02fda9870626f3117d39bb6344d6bae56a9461d6
software.amazon.awssdk	rum	2.29.0		c2628fbeec1a585aeb2419ac5ffd609ca4163d6b
software.amazon.awssdk	rum	2.29.1		2a12b9a7d1c73ab8a339777ca8148f9ea424ef20
software.amazon.awssdk	rum	2.29.10		a3a1ba5ad9c5bc16657be93fb0991724c9f74b71
software.amazon.awssdk	rum	2.29.11		bb6f0f40e9d75ff01dd7fbe4f15a19db12e6b8a8
software.amazon.awssdk	rum	2.29.12		b37bf3a680ee4dea71086b812f3fc1af2fde392a
software.amazon.awssdk	rum	2.29.13		2926c67408fad3ccc900e638c65356b3e1e1ad64
software.amazon.awssdk	rum	2.29.14		94f754376745cb27139e4f1c9e57b7c25c4dd170
software.amazon.awssdk	rum	2.29.15		12a6b42d6093ca74b34c0011f2334f5ea80b37ff
software.amazon.awssdk	rum	2.29.16		ea2f9246f569ea6f6835f71169b0b618b0867f0b
software.amazon.awssdk	rum	2.29.17		b5788a67faa9841f7ec1a550fde4a90c3e4762ae
software.amazon.awssdk	rum	2.29.18		d42de088f83be9545e3884f61f582a48e564c650
software.amazon.awssdk	rum	2.29.19		a54c3fe57552fff587b8ee1c38f42222b6562619
software.amazon.awssdk	rum	2.29.2		b45bd3b5178223ea554ae0a5df30be5e720c5492
software.amazon.awssdk	rum	2.29.20		f0d79bcfa222707bd59ca19932ced255fc62424f
software.amazon.awssdk	rum	2.29.21		87acada9f36b62349e3265d680872c668bc8e8a7
software.amazon.awssdk	rum	2.29.22		518c9cc649b6f24f61603627e8b1056205ca0bf2
software.amazon.awssdk	rum	2.29.23		6a71c4ace81db8721dbe509a80eb16f1ce0bc222
software.amazon.awssdk	rum	2.29.24		b1906043813ff62fbc4d5493fe04829b73a57b7b
software.amazon.awssdk	rum	2.29.25		68616347a816d1467c07848ac4a360016b815402
software.amazon.awssdk	rum	2.29.26		74bf4caae2af6b04ea3ba2d5e5f75d6a478b5c20
software.amazon.awssdk	rum	2.29.27		bcd9b941fd579a624cb5e882c72a8959fbae62ec
software.amazon.awssdk	rum	2.29.28		0e4aef77b9a8c034d43fb88f8d081b32ba4cf27a
software.amazon.awssdk	rum	2.29.29		bbdfcf9654625800425c385ab25e9c2deca3a271
software.amazon.awssdk	rum	2.29.3		621d4d4580938ccf70455242d1ebcef5e9c5da2c
software.amazon.awssdk	rum	2.29.30		ec81555dab33e0f1789f0f37b1ed9f9a994ec7ea
software.amazon.awssdk	rum	2.29.31		5f941eaf2e7ea109d5f228dfa18b9eddac98d948
software.amazon.awssdk	rum	2.29.32		9af9187d76267c296fb08dbac9860ca5b63cc1e1
software.amazon.awssdk	rum	2.29.33		c61a553fe057d8eeb178568540ccd0374b63d047
software.amazon.awssdk	rum	2.29.34		e7217b245330018bcc593887acea70e8d553f25f
software.amazon.awssdk	rum	2.29.35		70aaecf75a41d9be4d0748d6c814fcbdb50da867
software.amazon.awssdk	rum	2.29.36		b820aef8d470ba41d1b409c5c6e42a6fbd79838c
software.amazon.awssdk	rum	2.29.37		496d302f4ee8064415952a95514a0916a934c728
software.amazon.awssdk	rum	2.29.38		2696838faa1bcfcd0e605da158f2cca9a9a12c94
software.amazon.awssdk	rum	2.29.39		65317eeb9a6451c1a455014773acd64721d1bff8
software.amazon.awssdk	rum	2.29.4		f68c8c93db30f7ea86f8e4613e91f96d02d8d6ad
software.amazon.awssdk	rum	2.29.40		1b4406d0551bd04c207445cce756c6bfc54d8bf5
software.amazon.awssdk	rum	2.29.41		0d42393cc1fe4d89d35b4633b02fe3007bcb6b1f
software.amazon.awssdk	rum	2.29.42		875d0c87520c1a6d20a1954a863bbfddb51d7096
software.amazon.awssdk	rum	2.29.43		4071f806697d33d0911238e685315c4911ccc737
software.amazon.awssdk	rum	2.29.44		78a60f024847a41bc7b5c821b8708d34a0e0f0ab
software.amazon.awssdk	rum	2.29.45		7536a8a2954cc106317be309d3eeecd3d6c64add
software.amazon.awssdk	rum	2.29.46		03468869be093c12a7320c1e883a8a74e3e67dcd
software.amazon.awssdk	rum	2.29.47		5651d88e8ec4d937ce22859c3ac6083d18831650
software.amazon.awssdk	rum	2.29.48		a64e62989c7ac4cdfab0985b01efc34333cf0ce8
software.amazon.awssdk	rum	2.29.49		de38adf108e57cff74f87e1e52cc9d61fc4d6c64
software.amazon.awssdk	rum	2.29.5		31ee6c9b541a42e455962cd911689082c58355fa
software.amazon.awssdk	rum	2.29.50		2dbf61b606e7b8a1319ebe3cf43980005ea33c88
software.amazon.awssdk	rum	2.29.51		60f6280ebbf8fb8a18daa135538d05356e55de5b
software.amazon.awssdk	rum	2.29.52		425b01686e94e8fa3b615a0a10741c95a3268d0a
software.amazon.awssdk	rum	2.29.6		6e4c0fcf988a5984ada16cb3dae08d95c1849a0f
software.amazon.awssdk	rum	2.29.7		0be9c5ce3b2140f121434bf67b3fe1b38daa1339
software.amazon.awssdk	rum	2.29.8		d7282bcaab5e57d4a34fa940f51fd04568d5b6d2
software.amazon.awssdk	rum	2.29.9		2af39a51ed217cd2b8b734703886fdbf402423ca
software.amazon.awssdk	rum	2.30.0		0d4cd6f14f8145baa5f87ff29a320ac13d13bc44
software.amazon.awssdk	rum	2.30.1		f8d0cdefa4d98262529c230ff6753c352f4de22d
software.amazon.awssdk	rum	2.30.10		2f239c7dcf05ab0ae8bc9aaf47767ca0271706a8
software.amazon.awssdk	rum	2.30.11		148f54309b8bd78c002d81c6d92700f6b57c5c7d
software.amazon.awssdk	rum	2.30.12		dce176e01eb7a75d2f134896031b594b6c80b887
software.amazon.awssdk	rum	2.30.13		2ed0dc05aa63d317b6277c5ae59d91096eb40882
software.amazon.awssdk	rum	2.30.14		336b7710789d28e7a40cf04b77fdfe1ecab6db89
software.amazon.awssdk	rum	2.30.15		9b539f46a46ea3e61aad506e4c911208f7d95daf
software.amazon.awssdk	rum	2.30.16		799960e80d6aa58edd29870b6988c6b350cd25c6
software.amazon.awssdk	rum	2.30.17		b8932c3eee4cccfc3793fc4ae7ae72db49af5c3a
software.amazon.awssdk	rum	2.30.18		6386bde790a90b38edb608db73269fb120b990bd
software.amazon.awssdk	rum	2.30.19		0fa72558d6f5ab4b2f0c14724b0dc1306fe8246c
software.amazon.awssdk	rum	2.30.2		2fdd990e97a6a1adb2f6dfa60fab371341bc25ff
software.amazon.awssdk	rum	2.30.20		f7b399e822a99e54226a791da4f2bed4b7900bb6
software.amazon.awssdk	rum	2.30.21		0e41bf34b10828fcb58ff19ab490246cdc602e64
software.amazon.awssdk	rum	2.30.22		0c41e576fe8d2c18f1f65df89968ea1d0ae3c8e0
software.amazon.awssdk	rum	2.30.23		f57a3202f0f9aec584d27c26cf40fc8f6043ee18
software.amazon.awssdk	rum	2.30.24		197e41687554c510860d454d948cc8ff1109ab99
software.amazon.awssdk	rum	2.30.25		835dce639604a28b4d282a83975ea67300b0b372
software.amazon.awssdk	rum	2.30.26		df5a7c81644b0330a61324eacd679d9b27baaf16
software.amazon.awssdk	rum	2.30.27		47489fe15fc3cbbdc033bacdf3314fa86dea5170
software.amazon.awssdk	rum	2.30.28		5c0bf5529bcff56dc907a5c6346e54766483fd76
software.amazon.awssdk	rum	2.30.29		8f1f13ae6dfe6406e6de42056c7195ee3fbdaa6c
software.amazon.awssdk	rum	2.30.3		072f685a957902ccc4c202aae1e47376dc24238e
software.amazon.awssdk	rum	2.30.30		be9ef5a6522f95d2276d1289ba0abdda54127adb
software.amazon.awssdk	rum	2.30.31		46662f7e58194a9d9ac380924651acd17e06eb30
software.amazon.awssdk	rum	2.30.32		739c80c34c7fd4d83d2b806928a7dfcec72b7e32
software.amazon.awssdk	rum	2.30.33		c759c31a644390f7e60b6b8310a5db496a2f91ce
software.amazon.awssdk	rum	2.30.34		abad3c5979e87889ca0dbc2868506d0e4b34be7f
software.amazon.awssdk	rum	2.30.35		1a43b67a612ad3309686d97757383c73cfc52c99
software.amazon.awssdk	rum	2.30.36		bc6cb84bc8205247921d0b8d304e1f92e97f38bc
software.amazon.awssdk	rum	2.30.37		70781fd6bbd413068238bd0b19f1ca3c21485515
software.amazon.awssdk	rum	2.30.38		76e711fd2cf7c133cf65de1c71346ed1ffbc8288
software.amazon.awssdk	rum	2.30.4		aa52f1dc59d83ccc5b479fade3a6dbbce7c43119
software.amazon.awssdk	rum	2.30.5		a5b5787c20d54c67b2ebdb080de33befd9a559bb
software.amazon.awssdk	rum	2.30.6		812b54a7dfe336ac410db99b7ba5afe93e315d62
software.amazon.awssdk	rum	2.30.7		5400a5d52755582d70655cb810747174a9fc7381
software.amazon.awssdk	rum	2.30.8		26eec5130b045b55c8085c73d181258cd7cf5a12
software.amazon.awssdk	rum	2.30.9		5dfe866d10721d2e29160823d113ce35ea3d3005
software.amazon.awssdk	rum	2.31.0		eb33460e90ab4dd9ab981b9f0917122fc66226b1
software.amazon.awssdk	rum	2.31.1		715213585f9cbe6dfd449ea53a0b19954a02dc7c
software.amazon.awssdk	rum	2.31.10		895a761264e1a2ba6f36c480caa7497893fdde0e
software.amazon.awssdk	rum	2.31.11		f5972db8d0b02adc81b485fc22088d0fc1f47918
software.amazon.awssdk	rum	2.31.12		af984777225687c42900d53f7126938a9e91ce42
software.amazon.awssdk	rum	2.31.13		5e0710eecaa8d40cb67de5866c995c1433cc8d1e
software.amazon.awssdk	rum	2.31.14		629936de7472cff0f9e95fd5da9fe92850bd22af
software.amazon.awssdk	rum	2.31.15		2b2040913c271a74c9bb9166c272db836357c83e
software.amazon.awssdk	rum	2.31.16		3b0c1141da975df17ff92062b936bc72ea90a821
software.amazon.awssdk	rum	2.31.17		8cd4e93d4ccba598eb34d4f62588e068eac93af2
software.amazon.awssdk	rum	2.31.18		bec9b753392848a199a5a53e16bce78a14d97c61
software.amazon.awssdk	rum	2.31.19		c48816047a59338823e98f1cc277bf8444492fbf
software.amazon.awssdk	rum	2.31.2		2ba183407ceb2c3e0ce3b33c0fd0d4c7c5a9eef2
software.amazon.awssdk	rum	2.31.20		3e6775a29819fe69ddd6f1b41b726e17f4de3dfe
software.amazon.awssdk	rum	2.31.21		91d94657156230cd9721540e8a0176575d27c294
software.amazon.awssdk	rum	2.31.22		d3cf3c33baf58fa182f58c646469408d0bc99b02
software.amazon.awssdk	rum	2.31.23		7ffe1dfb77642bca3ec997af3943866fb1b877d0
software.amazon.awssdk	rum	2.31.24		eee7ebe95b0bfff65a53a6efea9dfcf0f6b6483d
software.amazon.awssdk	rum	2.31.25		265cd544b8a0cc48b3e587dd78de4c8762e13c69
software.amazon.awssdk	rum	2.31.26		a2dafaa640e51528ff07f9f80575166c7cff5bad
software.amazon.awssdk	rum	2.31.27		f01a07074630867ad191dcc29993677fb4cea9e1
software.amazon.awssdk	rum	2.31.28		e9522373dbcba30125cdc63478ba142de0c71c61
software.amazon.awssdk	rum	2.31.29		6c7ae776e361470b010a25f2556a85a49ae0b0f0
software.amazon.awssdk	rum	2.31.3		32832956cc864a7515ce3c948b30f2a95d38ec4c
software.amazon.awssdk	rum	2.31.30		00685d128fef5925df440e90db8546adc6016491
software.amazon.awssdk	rum	2.31.31		78183683a79fc6ae6e4221909b324856d85c6813
software.amazon.awssdk	rum	2.31.32		76bbbaa5cb074edc9eb06be192d1b1dec90314d5
software.amazon.awssdk	rum	2.31.33		90b5abd5d914d52bd57908d2e04483e2d1477f3a
software.amazon.awssdk	rum	2.31.34		8160e48bcaf4c4ce8c636561b2efd177acf55af5
software.amazon.awssdk	rum	2.31.35		386f4ca02c4d107f861af1e85be8250442266f39
software.amazon.awssdk	rum	2.31.36		4335cb856a69f75f07837d707e44a2cff27b2bed
software.amazon.awssdk	rum	2.31.37		d5cef1a84ddb4fcb51f476a61039cdf7a58142cd
software.amazon.awssdk	rum	2.31.38		ec8b807d120172672ebd8c40870d42a3b6f02c6a
software.amazon.awssdk	rum	2.31.39		8f659bde13ac6643c194a09901ab166d24891c99
software.amazon.awssdk	rum	2.31.4		0eb95f26dce38fd41aa4c5e52ec6fa92d2cab8e6
software.amazon.awssdk	rum	2.31.40		266d6b651b43a906a27ed4a81971988fd98f7f9a
software.amazon.awssdk	rum	2.31.41		2828a7d8f181d9f5650e19e2416f64ad95dd917f
software.amazon.awssdk	rum	2.31.42		8d5b9eba9bde65f4f50f8a4ba11bf7595e763145
software.amazon.awssdk	rum	2.31.43		b90084b2363c2050d3ac5b09e9fe4a51c0d0f31a
software.amazon.awssdk	rum	2.31.44		1947a84f77b8befba7ad7d335ebbae9c59c9faf0
software.amazon.awssdk	rum	2.31.45		f8bb0ccf13bdcd61aae9a5115f35405bc4905927
software.amazon.awssdk	rum	2.31.5		24fd33402c78d3f075472e6b0d57735fb71afd4e
software.amazon.awssdk	rum	2.31.6		7a322f3125023270ec648a9a6b052a3617daa075
software.amazon.awssdk	rum	2.31.7		f8546b29ae32dd8b9752ec7d9c541ab495687653
software.amazon.awssdk	rum	2.31.8		f382b631e0f9c70086f3cf7a793f53c5d20cc1c3
software.amazon.awssdk	rum	2.31.9		5c7e8261979d1561dd3344888ac543a05f32feeb
solutions.bismi.excel	Excel	1.0.10		87a39d09498a905e88ad84015ce27a3e8dee51b4
solutions.bismi.excel	Excel	1.0.11		dac0112e3aa869adb7e3ff2ee43cd6f08f045e6c
solutions.bismi.excel	Excel	1.0.3		b46bd47d742a32c7f5d5aa29eb847ef27b455c76
solutions.bismi.excel	Excel	1.0.4		76e74f12bf3060880fe2970aab4c37a70cfd6fb8
solutions.bismi.excel	Excel	1.0.5		be126f1d22cd9ac6a6f295bee4d04df246a82c40
solutions.bismi.excel	Excel	1.0.8		39806a48ee72fda9d4b6fb352fe3ead9113f6504
solutions.bismi.excel	Excel	1.0.9		db3a75520a62e402bcb65e338c690dad703ef362
top.osjf.sdk	sdk-proxy	1.0.2		3c03907678f54cbb9e475a1b5a9e3521d499ce70
top.zenyoung	zenyoung-parent	1.0.1		N/A
top.zenyoung	zenyoung-parent	1.0.10		N/A
top.zenyoung	zenyoung-parent	1.0.11		N/A
top.zenyoung	zenyoung-parent	1.0.12		N/A
top.zenyoung	zenyoung-parent	1.0.13		N/A
top.zenyoung	zenyoung-parent	1.0.14		N/A
top.zenyoung	zenyoung-parent	1.0.2		N/A
top.zenyoung	zenyoung-parent	1.0.3		N/A
top.zenyoung	zenyoung-parent	1.0.4		N/A
top.zenyoung	zenyoung-parent	1.0.5		N/A
top.zenyoung	zenyoung-parent	1.0.6		N/A
top.zenyoung	zenyoung-parent	1.0.7		N/A
top.zenyoung	zenyoung-parent	1.0.8		N/A
top.zenyoung	zenyoung-parent	1.0.9		N/A
top.zenyoung	zenyoung-parent	1.1.0		N/A
top.zenyoung	zenyoung-parent	1.2.0		N/A
top.zenyoung	zenyoung-parent	1.2.1		N/A
top.zenyoung	zenyoung-parent	1.3.0		N/A
top.zenyoung	zenyoung-parent	1.3.1		N/A
top.zenyoung	zenyoung-parent	1.4.0		N/A
top.zenyoung	zenyoung-parent	1.4.1		N/A
top.zenyoung	zenyoung-parent	1.5.0		N/A
top.zenyoung	zenyoung-parent	1.5.1		N/A
top.zenyoung	zenyoung-parent	1.5.2		N/A
top.zenyoung	zenyoung-parent	1.5.3		N/A
top.zenyoung	zenyoung-parent	1.5.4		N/A
top.zenyoung	zenyoung-parent	1.6.0		N/A
top.zenyoung	zenyoung-parent	1.7.0		N/A
top.zenyoung	zenyoung-parent	1.7.1		N/A
top.zenyoung	zenyoung-parent	1.8.0		N/A
top.zenyoung	zenyoung-parent	1.8.1		N/A
top.zenyoung	zenyoung-parent	1.8.2		N/A
top.zenyoung	zenyoung-parent	1.8.3		N/A
top.zenyoung	zenyoung-parent	1.8.4		N/A
top.zenyoung	zenyoung-parent	1.8.5		N/A
top.zenyoung	zenyoung-parent	1.8.6		N/A
top.zenyoung	zenyoung-parent	1.8.7		N/A
top.zenyoung	zenyoung-parent	1.8.8		N/A
top.zenyoung	zenyoung-parent	1.9.0		N/A
top.zenyoung	zenyoung-parent	1.9.1		N/A
top.zenyoung	zenyoung-parent	1.9.10		N/A
top.zenyoung	zenyoung-parent	1.9.2		N/A
top.zenyoung	zenyoung-parent	1.9.3		N/A
top.zenyoung	zenyoung-parent	1.9.4		N/A
top.zenyoung	zenyoung-parent	1.9.5		N/A
top.zenyoung	zenyoung-parent	1.9.6		N/A
top.zenyoung	zenyoung-parent	1.9.7		N/A
top.zenyoung	zenyoung-parent	1.9.8		N/A
top.zenyoung	zenyoung-parent	1.9.9		N/A
top.zenyoung	zenyoung-parent	2.0.0		N/A
top.zenyoung	zenyoung-parent	2.0.1		N/A
top.zenyoung	zenyoung-parent	2.0.2		N/A
top.zenyoung	zenyoung-parent	3.0.0		N/A
uk.org.retep.xmpp.protocol	x-signed	10.1		ef930281a30a1021107db03549c1ab3ed2d426d4
uk.org.retep.xmpp.protocol	x-signed	10.6		0b767f4c9bc86e44b956d69e1f51f9892475e4e1
uk.org.retep.xmpp.protocol	x-signed	9.11		a66c4dec3e606d5e52e67363ee6b8d18ca862716
wang.leal.ahel	service	1.0.0		N/A
