app.cash.redwood	redwood-widget-iossimulatorarm64	0.1.0		N/A
app.cash.redwood	redwood-widget-iossimulatorarm64	0.1.0	metadata	1641ae7289f94623b24e7af990b4025d0f4f0cc2
app.cash.redwood	redwood-widget-iossimulatorarm64	0.1.1-test-only		N/A
app.cash.redwood	redwood-widget-iossimulatorarm64	0.1.1-test-only	metadata	936a4a1509e6897953ef86797d52f2a2343dacb1
app.cash.redwood	redwood-widget-iossimulatorarm64	0.10.0		N/A
app.cash.redwood	redwood-widget-iossimulatorarm64	0.10.0	metadata	48c4090029db6e70f404dd4e03c48b6e8fc9884f
app.cash.redwood	redwood-widget-iossimulatorarm64	0.11.0		N/A
app.cash.redwood	redwood-widget-iossimulatorarm64	0.11.0	metadata	03ff24345bffa15db92dc7e5d587ca924d0a66b3
app.cash.redwood	redwood-widget-iossimulatorarm64	0.12.0		N/A
app.cash.redwood	redwood-widget-iossimulatorarm64	0.12.0	metadata	4002d7ccdedec818007dba39b6f063cb84893def
app.cash.redwood	redwood-widget-iossimulatorarm64	0.13.0		N/A
app.cash.redwood	redwood-widget-iossimulatorarm64	0.13.0	metadata	f1831702dbb00940da617d27113c4e09dd57f64c
app.cash.redwood	redwood-widget-iossimulatorarm64	0.14.0		N/A
app.cash.redwood	redwood-widget-iossimulatorarm64	0.14.0	metadata	1e88194bc986e0a38a4dd3046ad51d1a5ed56555
app.cash.redwood	redwood-widget-iossimulatorarm64	0.15.0		N/A
app.cash.redwood	redwood-widget-iossimulatorarm64	0.15.0	metadata	057d8d62770c466de9eec9ecf79e423489437974
app.cash.redwood	redwood-widget-iossimulatorarm64	0.16.0		N/A
app.cash.redwood	redwood-widget-iossimulatorarm64	0.16.0	metadata	c191555d4b65e2ff14664de4b8e368510266c3b2
app.cash.redwood	redwood-widget-iossimulatorarm64	0.17.0		N/A
app.cash.redwood	redwood-widget-iossimulatorarm64	0.17.0	metadata	58b8dcb9c2f39afdb5f189a52e88393defd02f09
app.cash.redwood	redwood-widget-iossimulatorarm64	0.2.0		N/A
app.cash.redwood	redwood-widget-iossimulatorarm64	0.2.0	metadata	5276faa6c020b78910331b1727361a9e775be746
app.cash.redwood	redwood-widget-iossimulatorarm64	0.2.1		N/A
app.cash.redwood	redwood-widget-iossimulatorarm64	0.2.1	metadata	0d0ec4ea9ab6aef82b18e9706bd0d6de4b38d409
app.cash.redwood	redwood-widget-iossimulatorarm64	0.3.0		N/A
app.cash.redwood	redwood-widget-iossimulatorarm64	0.3.0	metadata	bd4ed2ed97b9f017c39d6fc756b03c19add9d49b
app.cash.redwood	redwood-widget-iossimulatorarm64	0.4.0		N/A
app.cash.redwood	redwood-widget-iossimulatorarm64	0.4.0	metadata	e50a0a7192fcebe49b239c6d2830467999d78248
app.cash.redwood	redwood-widget-iossimulatorarm64	0.5.0		N/A
app.cash.redwood	redwood-widget-iossimulatorarm64	0.5.0	metadata	49d8f4c19cfc77f433aac13cf38570932e03e501
app.cash.redwood	redwood-widget-iossimulatorarm64	0.6.0		N/A
app.cash.redwood	redwood-widget-iossimulatorarm64	0.6.0	metadata	69e30b15a0fe5ee30214aed9e5da96abfdb20c3b
app.cash.redwood	redwood-widget-iossimulatorarm64	0.7.0		N/A
app.cash.redwood	redwood-widget-iossimulatorarm64	0.7.0	metadata	05c84808aefe73a87308a9669cd632c9432106fd
app.cash.redwood	redwood-widget-iossimulatorarm64	0.8.0		N/A
app.cash.redwood	redwood-widget-iossimulatorarm64	0.8.0	metadata	ed1a9f0419db0b69323f0a2c9eaa61a798011a20
app.cash.redwood	redwood-widget-iossimulatorarm64	0.9.0		N/A
app.cash.redwood	redwood-widget-iossimulatorarm64	0.9.0	metadata	a8d660a53d4b7fae1f724f1cbfb3b364b28911e7
be.valuya	ovh-sms-domain	1.0		b1599fabc6cea098edd053ab677856f24bf1aa28
be.valuya	ovh-sms-domain	1.1		7db7d75d45197cab6f5037a480fabb4f075381be
ch.epfl.scala	scala3-migrate-interface	0.6.0		c4006e0084097f7afae407d05c100eada88a42fe
ch.epfl.scala	scala3-migrate-interface	0.6.1		43bdae113a440e1b77bbbb7b21415dddb18446f4
ch.epfl.scala	scala3-migrate-interface	0.6.2		e2f64ce259cd7d649bbfcd3ae1490896cc8bbe1a
ch.epfl.scala	scala3-migrate-interface	0.6.3		0ea83fba011fd2428944a64eed083744a5bece8a
ch.epfl.scala	scala3-migrate-interface	0.6.4		3ad5391cb2bf8261789f6cd07b24a0c9cfc73cf5
ch.epfl.scala	scala3-migrate-interface	0.7.0		8364c797b24a28d4700b51a6f7fdd84ec8feb368
ch.epfl.scala	scala3-migrate-interface	0.7.1		621d6c75eacca1150027d4274ed9496d3e23092e
ch.epfl.scala	scala3-migrate-interface	0.7.2		ffa7fc934a9317f6abe626b343196d7ff4254d38
ch.tutteli.atrium	atrium-cc-en_GB-robstoll-common	0.10.0		7730612f2ed706cc580923612875857983ac607f
ch.tutteli.atrium	atrium-cc-en_GB-robstoll-common	0.11.0		2b0c8da367c36160d74848007fa4710a87740efd
ch.tutteli.atrium	atrium-cc-en_GB-robstoll-common	0.11.1		b3a73a7ed53fe8fb6d5efba6def765e7daa33318
ch.tutteli.atrium	atrium-cc-en_GB-robstoll-common	0.12.0		5f9e7aa9523f176726a00162f0ed2d53717e942a
ch.tutteli.atrium	atrium-cc-en_GB-robstoll-common	0.13.0		b89ae1ae7290b785bf73d1caa05d81adf498f0a8
ch.tutteli.atrium	atrium-cc-en_GB-robstoll-common	0.14.0		ead19173625343eb02e031bf1f56e83fc82f8170
ch.tutteli.atrium	atrium-cc-en_GB-robstoll-common	0.14.0.RC1		c82ebe3e9f3d52766bee56cd5f732341ecad4d6b
ch.tutteli.atrium	atrium-cc-en_GB-robstoll-common	0.15.0		9dc463315cc517fcbfb930c2a748631b5abcd36b
ch.tutteli.atrium	atrium-cc-en_GB-robstoll-common	0.9.0		014b07dc98da05ca0926f126829901fe7ca28d0a
ch.tutteli.atrium	atrium-cc-en_GB-robstoll-common	0.9.0-alpha2		52d03872f023acd7f52c7f1048edecfd1c0badef
ch.tutteli.atrium	atrium-cc-en_GB-robstoll-common	0.9.1		6b2a1f2ca81a07d0fc2ac5b5d1cb1df009b09c06
ch.tutteli.atrium	atrium-cc-en_GB-robstoll-common	0.9.2		059f24a5ee29b483843871a50814186e6fd4192d
ch.tutteli.atrium	atrium-cc-en_GB-robstoll-common	1.0.0		N/A
ch.tutteli.atrium	atrium-cc-en_GB-robstoll-common	1.0.0-RC2		N/A
cn.weforward	weforawrd-data-mybatis-plus	1.2.13		bdfd919da36443686866be38e6d0ef63d312cb0d
cn.weforward	weforawrd-data-mybatis-plus	1.2.15		e77515ca9b8ea5182ebdfef1de34c7683c5e9161
cn.weforward	weforawrd-data-mybatis-plus	1.2.17		85713dbf2082c093c5280e9d55c85d57fd19112d
com.aliyun	appstream_center20220210	1.0.0		af283fe896691139108852a7538fb3ef2f89c97e
com.aliyun	appstream_center20220210	1.0.0	shaded	912994fa7c798ca4c4081610f53df832bb9e418d
com.appcrossings.config	appconfig-pom	1.0.0		N/A
com.appcrossings.config	appconfig-pom	1.0.1		N/A
com.baidu.mapp	brcc-api	1.1.0		8e479de90d19a1992b288af36279128f940fcbbb
com.busymachines	pureharm-core-sprout_2.13	0.1.0		e741e5515ff0571de4e6f404a5e2467f298f1494
com.busymachines	pureharm-core-sprout_2.13	0.1.0-283433c		3fbdde97e30dab2d78d0c157aa46e81c965f895e
com.busymachines	pureharm-core-sprout_2.13	0.1.0-430ddd5		40fc8c1dec312c96fde1cb04f11800a014dfd232
com.busymachines	pureharm-core-sprout_2.13	0.1.0-7bc6204		6028c060186cf7d2eec6254263616b789e8769a8
com.busymachines	pureharm-core-sprout_2.13	0.1.0-e9aaee7		5e68db88bddedfd79a1b0680b02954802addc72b
com.busymachines	pureharm-core-sprout_2.13	0.2.0		d96797deea23af62df93bd07bf75ef250092b21e
com.busymachines	pureharm-core-sprout_2.13	0.3.0		2ca40a79a43c741c85d4c3daa7968ee34f48e97a
com.cosium.json_schema_to_java_record	json-schema-to-java-record	1.0		170510dd86d7ee35bb9b9bbfe1697835ef68aa56
com.cosium.json_schema_to_java_record	json-schema-to-java-record	1.1		ae16a6763bad0d44fe9c5edcd474f855e702f6bd
com.cosium.json_schema_to_java_record	json-schema-to-java-record	1.2		0d3a6e6baf650440232811538f00128ab6bbd6af
com.cosium.json_schema_to_java_record	json-schema-to-java-record	1.3		a9f77e328ee707dc5d59a898c572699265f5b69c
com.cosium.json_schema_to_java_record	json-schema-to-java-record	1.4		ecf5b436a5917cf31c553bd1ece5789199bc88de
com.cosium.json_schema_to_java_record	json-schema-to-java-record	1.5		7713b0e2c6ebfdae3ef81f74a04296575ba60ac9
com.cosium.json_schema_to_java_record	json-schema-to-java-record	1.6		42b15abced0150f52fca0ed5c53983fe035cb06c
com.disneystreaming.smithy	aws-kendra-ranking-spec	2023.02.09		ed5e55185d183158372f8dc6f48721d64c6fb908
com.disneystreaming.smithy	aws-kendra-ranking-spec	2023.02.10		7fb825ed85f4cff3d82d0cb6a6b964dda4d1eb79
com.disneystreaming.smithy	aws-kendra-ranking-spec	2023.09.22		709c0ab013172749769a801aedcfee198d419aca
com.disneystreaming.smithy	aws-kendra-ranking-spec	2023.14.24		fcca957a573c5df9f097710e28370568007c8259
com.disneystreaming.smithy	aws-kendra-ranking-spec	2023.22.04		4c1045e7f72154231181b3ba56c7291b75caa79b
com.disneystreaming.smithy	aws-kendra-ranking-spec	2023.22.13		142c98a7a0670f4d2a3d77ea4546dac38005eb49
com.disneystreaming.smithy	aws-kendra-ranking-spec	2023.23.06		81ce500088f9784bb12ccf760ccd209aa4616c57
com.disneystreaming.smithy	aws-kendra-ranking-spec	2023.23.30		dff2141e7212af251a8ad36881b38189afdfca1c
com.disneystreaming.smithy	aws-kendra-ranking-spec	2025.03.31		4d39e07d547dd61807a11ab81cb85bf39f18c9cb
com.disneystreaming.smithy	aws-kendra-ranking-spec	2025.04.08		81ef30589dff5281d4a1c88ab4e83e961d54e27f
com.dispalt.redux	tagless-redux-encoder-boopickle_2.13	0.3.12		714a91dd744c8e121360d43031f97c0fc017ea50
com.dispalt.redux	tagless-redux-encoder-boopickle_2.13	0.3.13		3fa6fd5850d1dbe8b8549662284af9eef6df7f88
com.dispalt.redux	tagless-redux-encoder-boopickle_2.13	0.4.0		9e118dbfedbd67fe93a22128142416b1c61a51a8
com.dispalt.redux	tagless-redux-encoder-boopickle_2.13	0.5.0		de459e3d2b45f6f209acd044f97d0d9639929b17
com.dispalt.redux	tagless-redux-encoder-boopickle_2.13	0.5.1		902d3f1bb901d01132aec6c0f2431b0175b1974f
com.dispalt.redux	tagless-redux-encoder-boopickle_2.13	0.5.2		8ba016632f097d373fb6ce29682045f62ac9d237
com.fasterxml.jackson.datatype	jackson-datatype-hibernate	2.0.0-RC1		49b9c9009d6f403151d0f06d5fcbeea27babf77b
com.fasterxml.jackson.datatype	jackson-datatype-hibernate	2.0.0-RC2		2ef77b80ad09df8c9cff1b503d7d6076f58e21c7
com.forio.epicenter	model-api	1.0.0		382da362823b6a2e1c05768afe4a2769e9728f75
com.forio.epicenter	model-api	1.1.1		39c8c281bc3070c682809f97ba739ea0b25259a7
com.forio.epicenter	model-api	1.2.0		073bd0b2ce3eed4ff7eafe623b98be94010eaff7
com.forio.epicenter	model-api	1.3.0		602c8e78cd5cec9818b210f711b650b781f800b7
com.forio.epicenter	model-api	1.3.1		966dd4b538991b1136ae87f272526fa32f2c7194
com.forio.epicenter	model-api	1.4.0		92931394c067e97f0bdcdf4124229e496d6df73e
com.forio.epicenter	model-api	1.5.0		fb8f864928e85a99b3edc29a67a6568100ca0c46
com.forio.epicenter	model-api	1.5.1		917d1575a0213c365ef3c91071a87da821d38061
com.forio.epicenter	model-api	1.6.0		643a66dcc23f5fbe062f65d7cc3a09a55ff37e2d
com.forio.epicenter	model-api	1.7.0		fc1621e5cdd4f46bb80a1907f3b114a2eec68830
com.forio.epicenter	model-api	1.8.0		e4d57aa2e840307749ae59f39373c2f4968d5396
com.forio.epicenter	model-api	1.9.0		e9b400e7ba4aaed8116820a8282144706aeb9b7b
com.forio.epicenter	model-api	1.9.1		60f883f1d696448395b052d77a4f3394bb97f9db
com.forio.epicenter	model-api	2.1.0		55dde01337c02e7008e582a6175729001325929d
com.forio.epicenter	model-api	2.2.0		601f49c878bfa98fbfadbef6c400971b20ad1ce0
com.forio.epicenter	model-api	2.3.0		71233f1949d5707fda7d242bc3e5916802f6b533
com.forio.epicenter	model-api	2.4.0		ab7788dbda14755a7e978e8c92a337e45f198a70
com.forio.epicenter	model-api	2.4.1		dae085b09ea8e9a7ac19832a5d1df32e2c6e284f
com.forio.epicenter	model-api	3.0.0		c14ad8cca0206cc0749b3ce8267943c819a2d307
com.forio.epicenter	model-api	3.0.1		8188b11537d3b18df7d2e26b0dc1ede93ac7415e
com.forio.epicenter	model-api	3.0.2		17111d2cf53757f4140f41423a0de474083db5e1
com.forio.epicenter	model-api	3.0.3		d8b7c314b4f4edf53d9e429c750c09416c5862a9
com.forio.epicenter	model-api	3.0.4		1bdb3301d6d67e28e328b066f0bd26a45237eb4a
com.forio.epicenter	model-api	4.1.0		c5f37d9ea6cdd31fed4c59b13447c2b4e3dfe7c2
com.forio.epicenter	model-api	4.1.1		bd8a9e7121d706c5eeefdfefa955f6343dda51cb
com.github.ontologyportal	sigma-nlp	1.0		dfd8f67f31412d55d8a10b084f0ad045c9b2e71d
com.github.ontologyportal	sigma-nlp	1.1		498920ffef4130e24589d7be143b53c1adc78bbe
com.github.saiprasadkrishnamurthy	cuke-style-maven-plugin	1.0		83271557a5ba20090179c5c0fe237a4f0c406dec
com.github.venus-ai	data-analysis	2.1.0		64c4dc368999a702404e76c2daa3c1d8ab231b73
com.google.cloud	google-cloud-ids-spring-starter	4.0.0-preview		cd763e51a3972952ca1cd6a9e3c0a9ee14db6026
com.google.cloud	google-cloud-ids-spring-starter	4.1.0-preview		295c1c16928eeb1a42aa04e8530cbb594daf3ae4
com.google.cloud	google-cloud-ids-spring-starter	4.1.1-preview		ece104de6abe5422fc8ee91519aeabb1a353492e
com.google.cloud	google-cloud-ids-spring-starter	4.1.2-preview		002cb4875bdb5697092dc08644f017373b65ee5e
com.google.cloud	google-cloud-ids-spring-starter	4.1.3-preview		22b2ec8fe56113ac4d2df0a3ad10936bd0ab2d37
com.google.cloud	google-cloud-ids-spring-starter	4.1.4-preview		8668980b2a84e3f214fe9410a66eaea50c07cf1b
com.google.cloud	google-cloud-ids-spring-starter	4.10.0-preview		f10cff6108594f1d1afa569e5a8d6a1f852a8c18
com.google.cloud	google-cloud-ids-spring-starter	4.10.1-preview		bee0e83c49bbf0859230a3f926a1f3210c237962
com.google.cloud	google-cloud-ids-spring-starter	4.10.10-preview		7bfba562658fb2b4907ca92685ed5744d500e8f3
com.google.cloud	google-cloud-ids-spring-starter	4.10.11-preview		515b4750b9c6a3d6961b87c76d71bdc2f7e7794d
com.google.cloud	google-cloud-ids-spring-starter	4.10.12-preview		b18656c6bf7e9400fdb985334b998772d35f7490
com.google.cloud	google-cloud-ids-spring-starter	4.10.13-preview		af82596f8bd3f426a62cbfdbeb6f5bce997b37af
com.google.cloud	google-cloud-ids-spring-starter	4.10.14-preview		84be0f6b7086f60b61f5e7f589be80bddad6a799
com.google.cloud	google-cloud-ids-spring-starter	4.10.15-preview		fceee3839d89504bcc1a255bb7a90359ceed99e4
com.google.cloud	google-cloud-ids-spring-starter	4.10.16-preview		0c60104f993e99b2ef3a611a6a87c1f2a25a7c6e
com.google.cloud	google-cloud-ids-spring-starter	4.10.17-preview		23be4ff1c26935454560f561cdca33ae35000703
com.google.cloud	google-cloud-ids-spring-starter	4.10.18-preview		9760c8babb6b1b9f63c0492b051afe80dfee5481
com.google.cloud	google-cloud-ids-spring-starter	4.10.19-preview		952bd9d8ada2228270b078480eb90801df809bd4
com.google.cloud	google-cloud-ids-spring-starter	4.10.2-preview		38fb6230324f5020e531062b0dcc99ea0f82ae60
com.google.cloud	google-cloud-ids-spring-starter	4.10.3-preview		454b8600d865ffb60a39008ad01d242746c8e41e
com.google.cloud	google-cloud-ids-spring-starter	4.10.4-preview		8d7cd5ff673e368264ecfa0dbd6e37815f3f74e9
com.google.cloud	google-cloud-ids-spring-starter	4.10.5-preview		84ded740577fc866fdf2046409ca4b12d91c55eb
com.google.cloud	google-cloud-ids-spring-starter	4.10.6-preview		8bb71f6f4d607d7e65fdeeab9a02eba80f400515
com.google.cloud	google-cloud-ids-spring-starter	4.10.7-preview		2a18c1d63681d79ceb5bfaf81d3a674a7cbe7810
com.google.cloud	google-cloud-ids-spring-starter	4.10.8-preview		82a92b30280d25e886b35e9c234e5ed81570b9af
com.google.cloud	google-cloud-ids-spring-starter	4.10.9-preview		64bc989edc0ae09ed2e5cd96f9769a484ec9632e
com.google.cloud	google-cloud-ids-spring-starter	4.11.0-preview		b3e61406beed50af144c607b6cf19a35b7629e62
com.google.cloud	google-cloud-ids-spring-starter	4.2.0-preview		16792abbb348f64559c512dcd4111cf9d8a83295
com.google.cloud	google-cloud-ids-spring-starter	4.3.0-preview		f3083f97edd806863532f9cf741352e752c7ff97
com.google.cloud	google-cloud-ids-spring-starter	4.3.1-preview		da68c966f88f31cc9e92cc7b727faec4fc04e212
com.google.cloud	google-cloud-ids-spring-starter	4.4.0-preview		23967479c5e48abcc91965067c504039e7d48cc6
com.google.cloud	google-cloud-ids-spring-starter	4.5.0-preview		978a95ab22add31059daf1709508fe643ca71943
com.google.cloud	google-cloud-ids-spring-starter	4.5.1-preview		eec618b31b445875f2338852ba404bac79afc75f
com.google.cloud	google-cloud-ids-spring-starter	4.6.0-preview		00b30294b16a900475288dc5b9367ddb06b165b4
com.google.cloud	google-cloud-ids-spring-starter	4.7.0-preview		b6fa8a071bdb1e9aae65315cd9443492725ef8fe
com.google.cloud	google-cloud-ids-spring-starter	4.7.1-preview		848dfd7f6246e1dfd063db921b02bc6e49d3d6f4
com.google.cloud	google-cloud-ids-spring-starter	4.7.2-preview		e505c9e31ea638ff9ade74e845f21038b20857c5
com.google.cloud	google-cloud-ids-spring-starter	4.8.0-preview		e42e50c0cc1a6e992101d15a5d0675fa7d8abd68
com.google.cloud	google-cloud-ids-spring-starter	4.8.1-preview		9a7be0e3bf358882724bb3804008f07f63a79a3a
com.google.cloud	google-cloud-ids-spring-starter	4.8.2-preview		f428473fa3e65f102b28bd3ca5f4d6538b7cc87b
com.google.cloud	google-cloud-ids-spring-starter	4.8.3-preview		77c71f856ee16780646d484d0dae5c62cce704ab
com.google.cloud	google-cloud-ids-spring-starter	4.8.4-preview		f9295e114953d4ea0ad2f7ee111e891a8e870a16
com.google.cloud	google-cloud-ids-spring-starter	4.9.0-preview		4e2c1e805a02034db3232d7ba658a00a0d56f977
com.google.cloud	google-cloud-ids-spring-starter	4.9.1-preview		c0092a5dbf91157f5a71cdce0ccd81911d0a9f4c
com.google.cloud	google-cloud-ids-spring-starter	4.9.2-preview		b5e58f69d684a37146ff8aba1927e4439d9fe56a
com.google.cloud	google-cloud-ids-spring-starter	4.9.3-preview		af43b9069dc008984e4ee53a64e5fb37cbea165a
com.google.cloud	google-cloud-ids-spring-starter	4.9.4-preview		07adb17d93dfe3df2083b5a4e10916ac87f4c0b5
com.google.cloud	google-cloud-ids-spring-starter	5.0.0-preview		b7ef713401b837c2d1e30b9b6e58d71e5d222e67
com.google.cloud	google-cloud-ids-spring-starter	5.0.2-preview		f85942a83f7fcea40ef0ce42b2bf54356cf5fb8b
com.google.cloud	google-cloud-ids-spring-starter	5.0.3-preview		c915c8ceac7de3c6aa620a206b18a55f13071a90
com.google.cloud	google-cloud-ids-spring-starter	5.0.4-preview		1041df516b627c99261956ef0e892e8f34b084a7
com.google.cloud	google-cloud-ids-spring-starter	5.1.0-preview		b34f1020c7f0d0836d8436e816dae033a70338c6
com.google.cloud	google-cloud-ids-spring-starter	5.1.2-preview		8e23be6971b2a253d9824d8bd8330ce893ff2fd3
com.google.cloud	google-cloud-ids-spring-starter	5.10.0-preview		d235d40c0cb87c5dbf770c3eaba212473383255f
com.google.cloud	google-cloud-ids-spring-starter	5.11.0-preview		1380dde111daf3b81aa813efdf092ce5efb4cc13
com.google.cloud	google-cloud-ids-spring-starter	5.11.1-preview		7e483304f468b40c6d7605a818303de1d7cd8a6f
com.google.cloud	google-cloud-ids-spring-starter	5.11.2-preview		3a030d5478878d80d1ab1ed96952ee8066f2900b
com.google.cloud	google-cloud-ids-spring-starter	5.11.3-preview		066c5e4fdc801d7eb01b773d63c73383851a1ef1
com.google.cloud	google-cloud-ids-spring-starter	5.12.0-preview		3293a9535d4c70773a749fa4625d3027dab03f71
com.google.cloud	google-cloud-ids-spring-starter	5.2.0-preview		bab68e6941f06d1ead8d8c0e067f46a838311d0b
com.google.cloud	google-cloud-ids-spring-starter	5.2.1-preview		869af19b0910cbc8d36c2acaab3c9f243b6850aa
com.google.cloud	google-cloud-ids-spring-starter	5.3.0-preview		afc04c2423796159c0a9aa3933d6316452fb06ad
com.google.cloud	google-cloud-ids-spring-starter	5.4.0-preview		a3eb301f1d1598686f48e90c745eab3374ab447d
com.google.cloud	google-cloud-ids-spring-starter	5.4.1-preview		a4c342f13032d3e41b80e66f9c3b773a502ac258
com.google.cloud	google-cloud-ids-spring-starter	5.4.3-preview		69f547cea75146352345110a50aedc252a3aa74b
com.google.cloud	google-cloud-ids-spring-starter	5.5.0-preview		794a805c2435de61fe5347a4ee47aae75014ab63
com.google.cloud	google-cloud-ids-spring-starter	5.5.1-preview		7c9afd5c38dfc6752e5d8f44733c006d7c218da1
com.google.cloud	google-cloud-ids-spring-starter	5.6.0-preview		f5951780fceccdfa475b67341515f52727a668f8
com.google.cloud	google-cloud-ids-spring-starter	5.6.1-preview		9dc5b55f7467fb6e3fae1ba8f322aa2f17188c31
com.google.cloud	google-cloud-ids-spring-starter	5.7.0-preview		8888f797ede01b84f8073ed5a5ba6711461e165b
com.google.cloud	google-cloud-ids-spring-starter	5.8.0-preview		4b2ccb452bc3b6b33c18bbe5bcb0bef5b1431812
com.google.cloud	google-cloud-ids-spring-starter	5.9.0-preview		a4d845ddc5abf8942023aa5646db1a02b04a01f4
com.google.cloud	google-cloud-ids-spring-starter	6.0.0-preview		f29a65400bf4017244b7c812575386832ee7e6f4
com.google.cloud	google-cloud-ids-spring-starter	6.0.1-preview		f3f9b0d248a341673f25434fd1e951281dcf88a5
com.google.cloud	google-cloud-ids-spring-starter	6.1.0-preview		0689151df3eace6ac549e2103e2a139984d2b99d
com.google.cloud	google-cloud-ids-spring-starter	6.1.1-preview		893e60fcc9343f68f9d7bb61e8d59d4cde597641
com.google.cloud	google-cloud-ids-spring-starter	6.2.0-preview		5cf182714b515050b2616a299faa48b4d91665c8
com.guoshiyao.rely	micro-logback	11.0.11-RELEASE		c23333dc5141fc95844bfa61eb85be0f700a6aff
com.ibm.fhir	fhir-ig-us-core	4.10.0		4053ef8fcb696ac99be987d330b9d6e60ce24d94
com.ibm.fhir	fhir-ig-us-core	4.10.1		e9c767fa64794c91d6f04e194ccaff6bdd4395e2
com.ibm.fhir	fhir-ig-us-core	4.10.2		7ce105b9803ac1dd76d29ceeab71bf8b97b75a74
com.ibm.fhir	fhir-ig-us-core	4.11.0		a1bc8476bb2bf6e4d474f6348e939aa01730d6b8
com.ibm.fhir	fhir-ig-us-core	4.11.1		56bad67fb91363a63fea37603618d440b957a536
com.ibm.fhir	fhir-ig-us-core	4.7.0		9bd9b21fb348ca26a344b7400bd4de55211bd155
com.ibm.fhir	fhir-ig-us-core	4.7.1		4ac8d471aaec91a04a1ca2e8ba397bb0eb12eba2
com.ibm.fhir	fhir-ig-us-core	4.8.0		1c31eb110ccc7f845c15f1ba26f0f61282cbc483
com.ibm.fhir	fhir-ig-us-core	4.8.1		b47e71447605c3ee606171c4c6bfb7d3fc7cefd6
com.ibm.fhir	fhir-ig-us-core	4.8.2		f3ddee8157b75775c2099ea68b6648d6cc47da1e
com.ibm.fhir	fhir-ig-us-core	4.8.3		2ad6e0f8f54a85afc214f654e45aaa866408a26e
com.ibm.fhir	fhir-ig-us-core	4.9.0		7316295fb3bfbd57d07641516462da00e37327d1
com.ibm.fhir	fhir-ig-us-core	4.9.1		2a768e68426871e749b39417f751a08b2b0c8125
com.ibm.fhir	fhir-ig-us-core	4.9.2		d679f7550ee63239f807201ae6aa6be1232061bf
com.jamieswhiteshirt	rtree-3i-lite	0.3.0		964ef96f4962fe5792e7d299f60cfc9c372fbaf6
com.kryshchuk.maven.plugins	file-visitor	1.0		5856ac38b7b8baf82ab33aa4b700a6221a2069bf
com.kryshchuk.maven.plugins	file-visitor	1.0.1		e7b9e6abe8671ab62ec3e6633c7b3536629ea7a8
com.kryshchuk.maven.plugins	file-visitor	1.0.2		01fa69fac7dc34b890abf09afbcbde7ee410552b
com.kryshchuk.maven.plugins	file-visitor	1.0.3		9bfe6adae0f261e0a1f16b82dfc84a9f6800b59b
com.kryshchuk.maven.plugins	file-visitor	1.0.6		d5ee0cd6bf98275b5d9f241c9c6fc22e2fdaad09
com.kryshchuk.maven.plugins	file-visitor	1.0.7		3bbb584e2a10581cffb83f42d93d8227daad14fa
com.kryshchuk.maven.plugins	file-visitor	1.0.8		ff674224a264b299464bd3939692f4504a0b31d4
com.mx.path-facilities	fault-tolerant-executor-resilience4j	1.3.1		743fcec168658ee543ff6dcec3f3b1dbaf7de100
com.mx.path-facilities	fault-tolerant-executor-resilience4j	1.3.2		17387c86f0ceb078b1875c5e58186552dedef902
com.mx.path-facilities	fault-tolerant-executor-resilience4j	1.5.0		8dbc56fb53f1c426633531adbb52bdc8dce19031
com.mx.path-facilities	fault-tolerant-executor-resilience4j	1.5.1		2a3d863ab1f90b451665737249754cad7c3da8f7
com.mx.path-facilities	fault-tolerant-executor-resilience4j	1.5.2		c9f8a1875d1bb219de8330121da8c6cfe0d938b0
com.mx.path-facilities	fault-tolerant-executor-resilience4j	2.0.0		06b8c461a0d7c692769c0635e0fed2f97e249c6e
com.mx.path-facilities	fault-tolerant-executor-resilience4j	3.0.0		efd5a8d2da6379f5e33396c4b89182793b0ea18a
com.mx.path-facilities	fault-tolerant-executor-resilience4j	3.0.0-alpha.1		7da9a9550e8f9ba16e8b37e82ad56bfcf8598a5f
com.mx.path-facilities	fault-tolerant-executor-resilience4j	3.0.0-alpha.2		925c6bf8b62beb91783a816f1cbff7388e5fe60b
com.mx.path-facilities	fault-tolerant-executor-resilience4j	3.0.1		c4048004e8078f7d02e9d57edc24b58d2b8c6f37
com.mx.path-facilities	fault-tolerant-executor-resilience4j	4.0.0		c8d121fb451e8dce4f0453ef4c2538e6b2c51656
com.mx.path-facilities	fault-tolerant-executor-resilience4j	4.0.0-rc.0		da3cadb38ef16ec4aeea44d8029dbd26dcf3cf39
com.mx.path-facilities	fault-tolerant-executor-resilience4j	4.0.0-rc.1		d4f880c3f70438ceb8b68ea0efb7aa1d8b1247c2
com.mx.path-facilities	fault-tolerant-executor-resilience4j	4.0.0-rc.2		e462a728d0d9b644c01c16b2d296f7657fe9e94e
com.mx.path-facilities	fault-tolerant-executor-resilience4j	4.0.0-rc.3		8393fa69445064bbc91a7398cd09803aeea67973
com.mx.path-facilities	fault-tolerant-executor-resilience4j	4.1.0-rc.0		7acb74811fd800288d5cded8974e065d7425026a
com.mx.path-facilities	fault-tolerant-executor-resilience4j	5.0.0		b467a35e7cd27beab4117ece4f0a24456b68efee
com.mx.path-facilities	fault-tolerant-executor-resilience4j	5.0.1		a9345f28213fb7747db823b992428884b2dd0186
com.mx.path-facilities	fault-tolerant-executor-resilience4j	5.0.2		dd4ea3204cc0e058dc90dbaf00ed28337204ced0
com.mx.path-facilities	fault-tolerant-executor-resilience4j	5.1.0		99eecc822efb3fd90e9d40031cf77a8737e17a5f
com.mx.path-facilities	fault-tolerant-executor-resilience4j	5.1.0-rc.1		47c9827cad276fb167337d414428b3020e45645b
com.mx.path-facilities	fault-tolerant-executor-resilience4j	5.2.0		5aec98ea799b6a6960431d9b3f9a1f05745be08e
com.mx.path-facilities	fault-tolerant-executor-resilience4j	5.3.0		77c3681a5a9d994f09573fe44528b8626bc9134f
com.netflix.falcor	falcor-model	0.0.1		8823bbf6201fc1041eff1041ae57517c8659ad37
com.netflix.falcor	falcor-model	0.0.10		79124bfbb0fa9b0b64e2e9f98ef91ce5260e4551
com.netflix.falcor	falcor-model	0.0.11		ab62c7007c43cf04c9f736dbfacb0786992681e6
com.netflix.falcor	falcor-model	0.0.12		820015639ad59269790dc2a43677c0f9dbc626f3
com.netflix.falcor	falcor-model	0.0.2		010d79bff488818a364850d78a3de36d38c35d5b
com.netflix.falcor	falcor-model	0.0.3		802c6130898e116cb132f06ead4b19d8eb3434c5
com.netflix.falcor	falcor-model	0.0.4		519bbde3672e47fac00ad32f724308b27f522cae
com.netflix.falcor	falcor-model	0.0.5		2e36bbe10761bbbe9a03deb64c889b95ad68d764
com.netflix.falcor	falcor-model	0.0.6		a8ede00bbb2570871ef79d7fc9a86a5e2369fccd
com.netflix.falcor	falcor-model	0.0.7		1e76348d724247302db08ca6a200d674cf76db43
com.netflix.falcor	falcor-model	0.0.8		17bb880be3c345c4645d90e9f0239e73ef3f4de4
com.netflix.falcor	falcor-model	0.0.9		423a4e51e6435cff98cb85494b60bf5caa496a9f
com.netflix.falcor	falcor-model	0.10.0		43820636345a80bb74050c57e933710e09303d57
com.netflix.falcor	falcor-model	0.100.0		4c3caf1489072c286d126b81d720a970f762b4b5
com.netflix.falcor	falcor-model	0.101.0		193572ab2815575823dc82227f56a8afa301f361
com.netflix.falcor	falcor-model	0.102.0		741d90f4ada16334f1b14b9035ae057b85a63144
com.netflix.falcor	falcor-model	0.103.0		98b94a9a7793f196540a62ce50c7621b977b83ea
com.netflix.falcor	falcor-model	0.104.0		b09e6e93126f88efabae67d9f6607c64247ac47f
com.netflix.falcor	falcor-model	0.105.0		603737be7cca46ccf126f114c72b83f1e62749b9
com.netflix.falcor	falcor-model	0.106.0		e4bcccf6498280dbff83c106869fcd32ecdcf5a0
com.netflix.falcor	falcor-model	0.107.0		0cf38c2c8c145a315d73b26b03ff9745d6d6a841
com.netflix.falcor	falcor-model	0.108.0		d355db243ca5758e6e1ef8b1ea01f30bced1ddc3
com.netflix.falcor	falcor-model	0.109.0		b76f898fb37483d35cd79a023d13d04dbe16ba19
com.netflix.falcor	falcor-model	0.11.0		cab03a5c0b9add63733eaa37e2fb91b96388ea7c
com.netflix.falcor	falcor-model	0.110.0		ae092986242e9383bca01f8cda75bf5fabea9e04
com.netflix.falcor	falcor-model	0.110.1		e3bb6309f208130240a6d35d6d4fb2a7aa560421
com.netflix.falcor	falcor-model	0.12.0		22ef3bf8bf009ea4c2b7ba640df1c8488421cb98
com.netflix.falcor	falcor-model	0.13.0		ae32b6e47c9a1072324ff3c192728dd1eb49dc1a
com.netflix.falcor	falcor-model	0.14.0		972424af7c57c129b833a26e8093e9ca3108673b
com.netflix.falcor	falcor-model	0.15.0		639a3316f88f8db1dd368ca2427c139781034ced
com.netflix.falcor	falcor-model	0.16.0		7ba5c4442de65529adcb336c7e671f9414d98aaa
com.netflix.falcor	falcor-model	0.17.0		4d694a5fa628567da116a8d386b85d68660eaebf
com.netflix.falcor	falcor-model	0.18.0		a4b56a325604a7b45df414551cc7c2a6d8837ac9
com.netflix.falcor	falcor-model	0.20.0		424007349ce186c0b8c01bff4b6dc0ab913e3fae
com.netflix.falcor	falcor-model	0.21.0		62ae6aede5c38f62f8246520a346924be33d2f4f
com.netflix.falcor	falcor-model	0.22.0		0e20e9abbebffcab9c7774347a591bffe2568288
com.netflix.falcor	falcor-model	0.23.0		aa763635e9e00912665565b888286edafa852b86
com.netflix.falcor	falcor-model	0.24.0		b6e31af60fb6e3c958dec1689cd7b698340dd031
com.netflix.falcor	falcor-model	0.25.0		e102ca49e525d071ce6b6fcda65740aafbf74620
com.netflix.falcor	falcor-model	0.26.0		54b5771793c9c52b516d8898a843079a4cce3c7d
com.netflix.falcor	falcor-model	0.27.0		4a61907b1e6c0a778f7fffc6032170323327b9fa
com.netflix.falcor	falcor-model	0.28.0		9b0cecd54f126f45a06d99e076577d0942b96bea
com.netflix.falcor	falcor-model	0.29.0		77df9d8fca08223d526b235eb2f30c0e9b6923c8
com.netflix.falcor	falcor-model	0.30.0		aaa368104043ef1e266d2c6a62ea04d1feed0e6d
com.netflix.falcor	falcor-model	0.31.0		581a3ba6c413a5ff35682557ebc5e80ceeb04bd4
com.netflix.falcor	falcor-model	0.32.0		5091d1134f8bdc9f811841d3341283aa7771595a
com.netflix.falcor	falcor-model	0.33.0		999ebc974767832de8169181924d961a69fd98db
com.netflix.falcor	falcor-model	0.34.0		c052461ed49ba2e0ffa8c41dc2a7b61383e032b2
com.netflix.falcor	falcor-model	0.35.0		8bde3129153fdf33d853fd087f4c6e20d38dc517
com.netflix.falcor	falcor-model	0.36.0		b9031f3bb942fafa455fc7140ed6de5fd20578a3
com.netflix.falcor	falcor-model	0.37.0		4242e9acd3f33666d1a00fa3f73ff51d8bf21628
com.netflix.falcor	falcor-model	0.38.0		58bd21267bc2b3496206331a8a5c3c2c528c5dd3
com.netflix.falcor	falcor-model	0.39.0		683d12dcf52f138045ba23693cf05d925761a60d
com.netflix.falcor	falcor-model	0.40.0		df857a8b7a012bfccd32ae396cfdb7b97170896e
com.netflix.falcor	falcor-model	0.41.0		65207262e419eb015d1fe1b74cfe83330adc9216
com.netflix.falcor	falcor-model	0.42.0		94f67f0c838bc99f04bad7459061dfb61d311a6f
com.netflix.falcor	falcor-model	0.43.0		69811b24baf31480ee9fffb769e917edf20a7ced
com.netflix.falcor	falcor-model	0.44.0		a4b787407de5a8db52f19b60df0e9cd7b8b9a0e8
com.netflix.falcor	falcor-model	0.45.0		122a278c84f281d62f69cce30ad59d59989fe1bf
com.netflix.falcor	falcor-model	0.46.0		bb32ec00f009c470218702465d6ebd2cdefbaae1
com.netflix.falcor	falcor-model	0.47.0		c399a142f6d5e3006c5838bf065321f31e2df98f
com.netflix.falcor	falcor-model	0.48.0		509df6f25e61e18e7eb3c2da6c08c930b3f69ee8
com.netflix.falcor	falcor-model	0.49.0		b878c76de9a6418e46a97b2545bafd39a9503970
com.netflix.falcor	falcor-model	0.50.0		5a17e432d216e2689e4ef6a8e705ced9577a0ffa
com.netflix.falcor	falcor-model	0.51.0		f183ef0418b51fede13f8b363cf473f0869d0e73
com.netflix.falcor	falcor-model	0.52.0		45c2ef358d1df15a0ca116cab451005b7d684b52
com.netflix.falcor	falcor-model	0.53.0		b20fd50a1e9f4c8b993c5b029afb758e37b3fc66
com.netflix.falcor	falcor-model	0.55.0		b64e25bfb901b1f1246364d7241a0a89d2b968ef
com.netflix.falcor	falcor-model	0.56.0		9d834dcacdba195db3ccb23380748daf30832600
com.netflix.falcor	falcor-model	0.57.0		4cf809f20a01060520f0dbda8d511ced6a23a842
com.netflix.falcor	falcor-model	0.58.0		44c9b1c161ed39a4b9c76cf8f44a9fe29f61fd9b
com.netflix.falcor	falcor-model	0.59.0		19e3a763ea336e6a95ac6aa15bdd56b7c5434d31
com.netflix.falcor	falcor-model	0.60.0		40b37167192c042802ba3c9555cda6d3bcac6c09
com.netflix.falcor	falcor-model	0.61.0		e13abb1dbdbfc6c49d73733c5c8dbcd8f124047f
com.netflix.falcor	falcor-model	0.62.0		4ae2a1cd3f04610a29942e5e78eac2e118fe2925
com.netflix.falcor	falcor-model	0.63.0		76966c40c1eaa55e3ab5fc5436822553b45ed1a5
com.netflix.falcor	falcor-model	0.64.0		437fbb5d2eb80a557c58fc6a5174f024251a8b4b
com.netflix.falcor	falcor-model	0.65.0		a5c06388d032a1c9a44b331107d5868553cb704b
com.netflix.falcor	falcor-model	0.66.0		dd8ca5f45e4029b31ddcfd40baeb0faa7b04cade
com.netflix.falcor	falcor-model	0.67.0		4c5f9df90a77f9ec38df5f553361b74028457d53
com.netflix.falcor	falcor-model	0.68.0		d93f47988f6ee08d4627da16e609b1e1d1c5c8b0
com.netflix.falcor	falcor-model	0.69.0		94d2d6a095d8c6b1c961ec5cd94ffcbbfdb0a498
com.netflix.falcor	falcor-model	0.70.0		51996a102a0f6394b7af7dc77696b92ca282288b
com.netflix.falcor	falcor-model	0.71.0		93cfe7d544a59e42c3a87184046d9da29664e405
com.netflix.falcor	falcor-model	0.72.0		6d09779a436eb09395abfa689b94469e2e57ef1e
com.netflix.falcor	falcor-model	0.73.0		4bbdce28e8f25e7a8cf2a30e5ad43ebd9332c20f
com.netflix.falcor	falcor-model	0.74.0		f05e5c3e2111537be444d4e299d6b94ab5aed16b
com.netflix.falcor	falcor-model	0.75.0		ab6476089df665542fcfbaa9e479f288ffa44b25
com.netflix.falcor	falcor-model	0.76.0		8dcd3aab6aff06059e14ec1cf3719350cf446f11
com.netflix.falcor	falcor-model	0.77.0		efcb48910f882c7208990d91b408abc47e77e303
com.netflix.falcor	falcor-model	0.78.0		971c2c167ffea0312c49fb44ab29e04803a369c6
com.netflix.falcor	falcor-model	0.79.0		d496a890ca0d4f5274037a3c3ffb5a56d0ee985e
com.netflix.falcor	falcor-model	0.80.0		83b3b541918b374251b7940e08cf866f92f007c1
com.netflix.falcor	falcor-model	0.81.0		19d644bbad420adf286f02356df7c818b2bc6f03
com.netflix.falcor	falcor-model	0.82.0		4ed7c5c9e09cf538558e3b417b37baf17eddbfef
com.netflix.falcor	falcor-model	0.83.0		2f44881a16c5aef73d2aeeee6ee6366d613b7e7c
com.netflix.falcor	falcor-model	0.84.0		80d441f67c93208f7a9df22268a223d70b906b5f
com.netflix.falcor	falcor-model	0.85.0		ad13ab54bdabddd09fa194e119cac8fcbe35cfec
com.netflix.falcor	falcor-model	0.86.0		b165bc404650989635aa626d8fed9e387800aa84
com.netflix.falcor	falcor-model	0.87.0		3341df00be8a2f3d917c57b2a042b34f700abc54
com.netflix.falcor	falcor-model	0.88.0		0435ac724280acee92a60ca99c9803ee96d077b5
com.netflix.falcor	falcor-model	0.89.0		8cf329b83de0b1cff517322d3426850c8f3f2a41
com.netflix.falcor	falcor-model	0.90.0		5e2a63dd33379dae73d283fb7d4a1d718c389096
com.netflix.falcor	falcor-model	0.91.0		8422cbbbc709344e4164db422c0cf2691a0cfe9b
com.netflix.falcor	falcor-model	0.93.0		cbb3a7a5a69161d6b8d90de82f9c8d329cf8093c
com.netflix.falcor	falcor-model	0.96.0		b9b62770be2c8f8d57efa9d15524d895528b3d36
com.netflix.falcor	falcor-model	0.97.0		6520466bb26dcfab1b3443122f67d834460023f4
com.netflix.falcor	falcor-model	0.98.0		d28886b30bc153cd71b2232e58057c9a24f80951
com.netflix.falcor	falcor-model	0.99.0		957dbb32fecab50c2e13a196940f8cf8dc585dc0
com.niubaite.boot	quartz-apis	1.0.2-2024		N/A
com.pojosontheweb	woko-extensions	2.2		N/A
com.pojosontheweb	woko-extensions	2.2-beta5		N/A
com.pojosontheweb	woko-extensions	2.2-beta6		N/A
com.pojosontheweb	woko-extensions	2.2-beta7		N/A
com.pojosontheweb	woko-extensions	2.3		N/A
com.pojosontheweb	woko-extensions	2.3.1		N/A
com.pojosontheweb	woko-extensions	2.3.2		N/A
com.pojosontheweb	woko-extensions	2.3.3		N/A
com.pojosontheweb	woko-extensions	2.3.4		N/A
com.pojosontheweb	woko-extensions	2.4-beta		N/A
com.pojosontheweb	woko-extensions	2.4-beta2		N/A
com.pojosontheweb	woko-extensions	2.4-beta3		N/A
com.pojosontheweb	woko-extensions	2.4-beta4		N/A
com.pojosontheweb	woko-extensions	2.4-beta5		N/A
com.pojosontheweb	woko-extensions	2.4-beta6		N/A
com.pojosontheweb	woko-extensions	2.4-beta7		N/A
com.rabobank.argos	argos-service	0.0.1		5eb4c0dc474ba8c05a221f203438e7d59e11c290
com.rabobank.argos	argos-service	0.0.1-RC3		ed01e4e9e12d24dc627a3e8d8c69bf2cf12765d1
com.rabobank.argos	argos-service	0.0.1-RC4		4653fe29531bc04a40e151b2676e3e42649ff3f4
com.rabobank.argos	argos-service	0.0.1-RC5		450c0b8ddc0ff1cd678116d104b58f785471e33b
com.rabobank.argos	argos-service	0.0.1-RC6		8dd01149b136e99ff21e5563b4f2acc86b853676
com.rabobank.argos	argos-service	0.0.1-RC8		3a0622c078a813071e244797b0f1f9dce00700b6
com.rabobank.argos	argos-service	0.0.1-RC9		327e32c3d21d0112cdf543b92d9bca15b3f5117f
com.rabobank.argos	argos-service	0.1.0		a8ab20958510bc6fc24a90262543f14fd1f4bb3c
com.sandinh	paho-akka_2.12.0-M4	1.3.0		88a73234337c4673108a53fa621d7e445690d69d
com.starxmind	oakenshield-sugar	0.0.1		d849f725ae4c1f85bc48223628c67f7189dd9a2a
com.sun.jersey.contribs	jersey-moxy	1.11		5211c0332222b3c399a8c3a27c6328008b6af60d
com.sun.jersey.contribs	jersey-moxy	1.11-b01		e8569176ace23695ec261e6fb116f7d45e836711
com.sun.jersey.contribs	jersey-moxy	1.11-b02		c1f18b7765b08c1e7d15a5a5612fcf5b7f36f450
com.sun.jersey.contribs	jersey-moxy	1.11-b03		11b688f50e28a1bcd51b32650038ab57586dfc59
com.sun.jersey.contribs	jersey-moxy	1.11-b04		025950a1ffc623696b9d152d1c6cb688d09989d3
com.sun.jersey.contribs	jersey-moxy	1.11.1		f1a7f2faac5b0690c0d65c4877514decdf6849ee
com.sun.jersey.contribs	jersey-moxy	1.11.2		715d5d8b7f1e46035c81bbea6c63fab6f0957e57
com.sun.jersey.contribs	jersey-moxy	1.12		51be5474120710b5fe753c3fc42655e3a61b0842
com.sun.jersey.contribs	jersey-moxy	1.12-b01		dfb2a094a10bb32696b33e4eaaba0fcff81efd7e
com.sun.jersey.contribs	jersey-moxy	1.13		cec60fdaec65bc15d9d122587cfdd2660d10a3b5
com.sun.jersey.contribs	jersey-moxy	1.13-b01		9ba005f920aae0afa5d2e8f80c8a3530a4662eba
com.sun.jersey.contribs	jersey-moxy	1.14		f2dafd2ccba13437db10e2fbf8ede264dd05bd99
com.sun.jersey.contribs	jersey-moxy	1.15		85a9c1646a9444e41a17ee22b723556836c4bd12
com.sun.jersey.contribs	jersey-moxy	1.16		f0c07d15a53c027ab6a348fd8ff5982b4dc1dcf5
com.sun.jersey.contribs	jersey-moxy	1.17		9849552718d6434eb7cd0f8d3b738168e2f5d774
com.sun.jersey.contribs	jersey-moxy	1.17.1		8f718d9d29604cf91c48dd93c6b762a04f52ee5b
com.sun.jersey.contribs	jersey-moxy	1.18		7a59e77db082e06df4ad3bafa8bc0f22f035d133
com.sun.jersey.contribs	jersey-moxy	1.18.1		de00d9d7ecb6201fe4db9770261119f74ca82316
com.sun.jersey.contribs	jersey-moxy	1.18.2		493858b66461804f351595159fdeb4cec0bafac1
com.sun.jersey.contribs	jersey-moxy	1.18.3		610996ddc211683531e3fe033939a1e8083d3ad2
com.sun.jersey.contribs	jersey-moxy	1.18.4		96adca2e152219c1f808a68fb9640f83d3a04a4f
com.sun.jersey.contribs	jersey-moxy	1.18.5		bcb203eaa154171133e933cd196097b5e6a79053
com.sun.jersey.contribs	jersey-moxy	1.18.6		931ce19b809a9bf75a5760a413d774852006f67e
com.sun.jersey.contribs	jersey-moxy	1.19		b34094ab585e0a87dedd45ae6e827b324296cba6
com.sun.jersey.contribs	jersey-moxy	1.19.1		6188ffbb89c9988e533c2930a5d08ab51f57f32e
com.sun.jersey.contribs	jersey-moxy	1.19.2		31c629add3d6378c43d7386e4eac276003c2f49e
com.sun.jersey.contribs	jersey-moxy	1.19.3		decee41a3e1ee08a885e470ef530602669dd5b14
com.sun.jersey.contribs	jersey-moxy	1.19.4		828e844774e02add703aae59c06a6038bc794428
com.thoughtworks.tryt	covariant_2.11	2.0.0		a8f9301d862a61e5b4eff4539c58560ee99b9d3e
com.thoughtworks.tryt	covariant_2.11	2.0.1		84714e1758dfb76c41db6b94ef936157a45045a2
com.thoughtworks.tryt	covariant_2.11	2.0.2		5b5bc135d7b578850aea4aa09a8c5f78945d95b2
com.thoughtworks.tryt	covariant_2.11	2.0.3		ae9f6dcfc69f5b8c1526e46847b8533cc72954a6
com.thoughtworks.tryt	covariant_2.11	2.0.4		a2b51cf4401a8e1566b2a9b2298989bd135cac26
com.thoughtworks.tryt	covariant_2.11	2.1.0		413846ec7510f7914efe57fc9ab278ac7d063a0d
com.thoughtworks.tryt	covariant_2.11	2.1.0+59-4e214755		d5895bbb3ff161fe74b7ab3fe38b8f6ff0077937
com.thoughtworks.tryt	covariant_2.11	2.1.1		d9ca9d83e47d94fb2a31bce49ca0b17c9bf451a0
com.thoughtworks.tryt	covariant_2.11	2.1.1+10-4b45ebd1		43bd69cb8f49078a614adb8fbad9a0240fc6031b
com.thoughtworks.tryt	covariant_2.11	2.1.1+12-cd995241		24b2fc414c189624bd1f857ba5f52fb7621699b8
com.thoughtworks.tryt	covariant_2.11	2.1.1+14-89ca8f28		f64bdbdd1f24672c362b97a268c4fef6e31fd3f6
com.thoughtworks.tryt	covariant_2.11	2.1.1+2-da211c84		dd346153f07540bb57a83314416fdd0d5af00acc
com.thoughtworks.tryt	covariant_2.11	2.1.1+4-dd1a765d		7bf0ab22e0fd40849d1c532cec67f4d887f24623
com.thoughtworks.tryt	covariant_2.11	2.1.1+6-446c1825		e5071ce454a992d2fb10807a0a74195b5b1c70fa
com.thoughtworks.tryt	covariant_2.11	2.1.1+8-a673dd6f		5594a14c95e6b4c6db2ecccfba278a7ded1d0bf2
com.trivago	fastutil-concurrent-wrapper	0.0.1		414e0d55e3fe63e58b8126d86eed58542aae7c2e
com.trivago	fastutil-concurrent-wrapper	0.1.0		236af9ead38aa2dd3d11f138df9bc00417bf3d8e
com.trivago	fastutil-concurrent-wrapper	0.2.0		9d5ba89d0c8975ffb72057dc160e3407e821a715
com.trivago	fastutil-concurrent-wrapper	0.2.1		4cd03af2c013e8d6d3a3c07d02f533a7edd1ee5f
com.trivago	fastutil-concurrent-wrapper	0.2.2		2bdffced23638b7832fbe852e550d8f02bce1c15
com.twitter.common	stats-util	0.0.59		9dfcedb305ce25062c4092a229a3180e96cdc888
com.twitter.common	stats-util	0.0.60		d7cc2123685235ee497d6837da7298a4b11b775b
com.typesafe.akka	akka-sample-fsm_2.10.0-RC1	2.1.0-RC1		N/A
dev.kilua	kilua-rpc-micronaut-wasm-js	0.0.1		N/A
dev.kilua	kilua-rpc-micronaut-wasm-js	0.0.10		N/A
dev.kilua	kilua-rpc-micronaut-wasm-js	0.0.11		N/A
dev.kilua	kilua-rpc-micronaut-wasm-js	0.0.12		N/A
dev.kilua	kilua-rpc-micronaut-wasm-js	0.0.13		N/A
dev.kilua	kilua-rpc-micronaut-wasm-js	0.0.14		N/A
dev.kilua	kilua-rpc-micronaut-wasm-js	0.0.15		N/A
dev.kilua	kilua-rpc-micronaut-wasm-js	0.0.16		N/A
dev.kilua	kilua-rpc-micronaut-wasm-js	0.0.17		N/A
dev.kilua	kilua-rpc-micronaut-wasm-js	0.0.18		N/A
dev.kilua	kilua-rpc-micronaut-wasm-js	0.0.19		N/A
dev.kilua	kilua-rpc-micronaut-wasm-js	0.0.2		N/A
dev.kilua	kilua-rpc-micronaut-wasm-js	0.0.20		N/A
dev.kilua	kilua-rpc-micronaut-wasm-js	0.0.21		N/A
dev.kilua	kilua-rpc-micronaut-wasm-js	0.0.22		N/A
dev.kilua	kilua-rpc-micronaut-wasm-js	0.0.23		N/A
dev.kilua	kilua-rpc-micronaut-wasm-js	0.0.24		N/A
dev.kilua	kilua-rpc-micronaut-wasm-js	0.0.25		N/A
dev.kilua	kilua-rpc-micronaut-wasm-js	0.0.26		N/A
dev.kilua	kilua-rpc-micronaut-wasm-js	0.0.27		N/A
dev.kilua	kilua-rpc-micronaut-wasm-js	0.0.28		N/A
dev.kilua	kilua-rpc-micronaut-wasm-js	0.0.3		N/A
dev.kilua	kilua-rpc-micronaut-wasm-js	0.0.4		N/A
dev.kilua	kilua-rpc-micronaut-wasm-js	0.0.5		N/A
dev.kilua	kilua-rpc-micronaut-wasm-js	0.0.6		N/A
dev.kilua	kilua-rpc-micronaut-wasm-js	0.0.7		N/A
dev.kilua	kilua-rpc-micronaut-wasm-js	0.0.8		N/A
dev.kilua	kilua-rpc-micronaut-wasm-js	0.0.9		N/A
dev.nosytools	inspect	1.2.0		N/A
eu.akkamo	akkamo_2.11	1.0.0		0a9532350c61dc9aa1b20445663d42960be03214
eu.akkamo	akkamo_2.11	1.0.1		93236ac7b2826619f3b33bd828f7184e4b767225
eu.akkamo	akkamo_2.11	1.0.2		fc75b14202ebecb6951e93ad133ea77866cc6e19
eu.akkamo	akkamo_2.11	1.0.3		eda02d9bd8afd05b505d59cf16cfd6cbe821257a
eu.akkamo	akkamo_2.11	1.0.4		dc63288fb68fda424d8d587f416651d9253d2b25
eu.akkamo	akkamo_2.11	1.0.5		0cb27a58a082f03f4fcc627e414e4415092007bc
eu.europa.ec.joinup.sat	jdplus-experimental-desktop	1.0.0		N/A
eu.europa.ec.joinup.sat	jdplus-experimental-desktop	1.0.1		N/A
eu.europa.ec.joinup.sat	jdplus-experimental-desktop	1.0.2		N/A
eu.fbk.utils	utils-corenlp	3.1		84349d4451537ceebf3cafb8ac294186cf7093ab
eu.fbk.utils	utils-corenlp	3.1.1		0320e2068638539d407f7c48bd570aa9dcf198bf
eu.fbk.utils	utils-corenlp	3.2		ad4472189bfeff50fc44180febf1646746aa93c4
fi.metatavu.ptv.rest-client	ptv-rest-client	0.0.13		c6469525179809480b4c836e8c13feb27ee0f04c
fi.metatavu.ptv.rest-client	ptv-rest-client	0.0.14		1908a0f73d512095dee2d51c05d145aa4fa1308f
fi.metatavu.ptv.rest-client	ptv-rest-client	0.0.15		b950eb1fcf56b8b975087730bd23cccb3cd674bf
fi.metatavu.ptv.rest-client	ptv-rest-client	0.0.16		a17e09dcfb3b60bad7749aa5aaedc667b07262d0
fi.metatavu.ptv.rest-client	ptv-rest-client	0.0.17		d2919a76d2ed9469cc7e8f9a639a18060e367581
fi.metatavu.ptv.rest-client	ptv-rest-client	0.10.0		d069839eee07b26060098782465a73a90158ac2b
fi.metatavu.ptv.rest-client	ptv-rest-client	0.4.0		3c80aa243b7142f1fd13f4ad89be8ff038d30d1c
fi.metatavu.ptv.rest-client	ptv-rest-client	0.5.0		59b8ba95c06a05c33679d382578e53f318250d03
fi.metatavu.ptv.rest-client	ptv-rest-client	0.6.0		5f209b6a47cc674d1bb71f80ba330935107be518
fi.metatavu.ptv.rest-client	ptv-rest-client	0.6.1		2f4ed034a3148f78a99341a0ada688db059e48c2
fi.metatavu.ptv.rest-client	ptv-rest-client	0.6.2		0de0e98bf38c113047a26458ab9917b8c3fc05a2
fi.metatavu.ptv.rest-client	ptv-rest-client	0.6.3		991784222533f3fee4f7f1b43a41d68a83ae3031
fi.metatavu.ptv.rest-client	ptv-rest-client	0.6.4		18cef86fb08feb4e71c169a01c6e9e3c897e1cba
fi.metatavu.ptv.rest-client	ptv-rest-client	0.7.0		a853b6c4913636810d8975bea838bf8a5df9d28d
fi.metatavu.ptv.rest-client	ptv-rest-client	0.8.0		e0ac0b6c186e507a9cbda6c728cbc9241dab626b
fi.metatavu.ptv.rest-client	ptv-rest-client	0.8.1		61dd7fbcf86f8a70f43fe303e7af8b397de878a0
fi.metatavu.ptv.rest-client	ptv-rest-client	0.9.0		3fe8c1dbc8a43b5381be59e31abc51f9e5b4da7b
im.bci	pngdecoder	0.12		4fb4c1b4a9e7843e6f242d8fcd02318d909c1c3d
im.bci	pngdecoder	0.13		462f21262b8c3b320b5a9d470bd0ae367e0b65af
io.github.gentle-hilt	voyager-koin-js	14.0.0-rc07		N/A
io.github.gentle-hilt	voyager-koin-js	15.0.0-alpha04		N/A
io.github.heart-beats.baseproject	base-api	0.0.3		N/A
io.github.heart-beats.baseproject	base-api	0.0.4		N/A
io.github.qsy7.java.modules.browser.plugins.discover	impl	0.1.0		005963ab09f571bdfac0eae36c6b73443a950356
io.github.queukat	oracletohivemigrator_2.12	1.0		c1277fa546e2f80df74be36ac26261f31cacf6ad
io.github.queukat	oracletohivemigrator_2.12	2.0		795ac5c1cb1adde25a9468d4f3367b57be9dd4e8
io.github.rzo1.org.apache.cxf.services.xkms	cxf-services-xkms-client	4.1.0-tomee-M1		bf75db9382d3957ca3f5f41db7e8e90580742c14
io.github.rzo1.org.apache.cxf.services.xkms	cxf-services-xkms-client	4.1.0-tomee-M2		a30655091d5c832e2e1384ddcdcaa3fbc5753e11
io.github.stylesmile	fastboot-db	0.7.0		N/A
io.github.stylesmile	fastboot-db	0.7.1		N/A
io.github.stylesmile	fastboot-db	0.7.2		N/A
io.github.stylesmile	fastboot-db	0.8.0		N/A
io.github.stylesmile	fastboot-db	0.8.1		N/A
io.github.stylesmile	fastboot-db	0.9.0		N/A
io.github.stylesmile	fastboot-db	0.9.1		N/A
io.github.stylesmile	fastboot-db	1.0.0		N/A
io.github.stylesmile	fastboot-db	1.1.0		N/A
io.github.stylesmile	fastboot-db	2.0.0		N/A
io.github.stylesmile	fastboot-db	2.1.0		N/A
io.github.stylesmile	fastboot-db	2.10.1		N/A
io.github.stylesmile	fastboot-db	2.10.2		N/A
io.github.stylesmile	fastboot-db	2.2.0		N/A
io.github.stylesmile	fastboot-db	2.3.0		N/A
io.github.stylesmile	fastboot-db	2.3.1		N/A
io.github.stylesmile	fastboot-db	2.4.0		N/A
io.github.stylesmile	fastboot-db	2.4.1		N/A
io.github.stylesmile	fastboot-db	2.4.2		N/A
io.github.stylesmile	fastboot-db	2.5.0		N/A
io.github.stylesmile	fastboot-db	2.6.1		N/A
io.github.stylesmile	fastboot-db	2.6.2		N/A
io.github.stylesmile	fastboot-db	2.7.0		N/A
io.github.stylesmile	fastboot-db	2.7.1		N/A
io.github.stylesmile	fastboot-db	2.7.2		N/A
io.github.stylesmile	fastboot-db	2.7.3		N/A
io.github.stylesmile	fastboot-db	2.7.4		N/A
io.github.stylesmile	fastboot-db	2.7.5		N/A
io.github.stylesmile	fastboot-db	2.7.6		N/A
io.github.stylesmile	fastboot-db	2.7.7		N/A
io.github.stylesmile	fastboot-db	2.7.8		N/A
io.github.stylesmile	fastboot-db	2.8.0		N/A
io.github.stylesmile	fastboot-db	2.8.1		N/A
io.github.stylesmile	fastboot-db	2.8.2		N/A
io.github.stylesmile	fastboot-db	2.8.3		N/A
io.github.stylesmile	fastboot-db	2.8.4		N/A
io.github.stylesmile	fastboot-db	2.8.5		N/A
io.github.stylesmile	fastboot-db	2.9.0		N/A
io.github.stylesmile	fastboot-db	2.9.1		N/A
io.github.stylesmile	fastboot-db	2.9.2		N/A
io.github.stylesmile	fastboot-db	2.9.3		N/A
io.github.stylesmile	fastboot-db	2.9.4		N/A
io.github.stylesmile	fastboot-db	2.9.5		N/A
io.github.stylesmile	fastboot-db	2.9.6		N/A
io.github.swapnil-musale.klibrary	kLibrary-iosx64	1.0		N/A
io.github.swapnil-musale.klibrary	kLibrary-iosx64	1.0	metadata	b1b160da4d8212e8ffb4742068d6cf9c54665e14
io.joyrpc	joyrpc-proxy	1.2.0-RELEASE		N/A
io.joyrpc	joyrpc-proxy	1.3.0-RELEASE		N/A
io.joyrpc	joyrpc-proxy	1.4.0-RELEASE		N/A
io.joyrpc	joyrpc-proxy	1.4.1-RELEASE		N/A
io.joyrpc	joyrpc-proxy	1.4.2-RELEASE		N/A
io.joyrpc	joyrpc-proxy	1.4.3-RELEASE		N/A
io.joyrpc	joyrpc-proxy	1.4.4-RELEASE		N/A
io.joyrpc	joyrpc-proxy	1.4.5-RELEASE		N/A
io.joyrpc	joyrpc-proxy	1.4.6-RELEASE		N/A
io.joyrpc	joyrpc-proxy	1.4.7-RELEASE		N/A
io.jstach	jstachio-jmustache	0.10.0		ecda6a347517253b0066a5a6ab27e463fc0de9ad
io.jstach	jstachio-jmustache	0.10.1		00d51c4cdc7b22012cb5ef997080985d6daf3129
io.jstach	jstachio-jmustache	0.11.0		8237d4bc7f578a7646d164614ba0cb1080c74e82
io.jstach	jstachio-jmustache	0.11.1		f270417a96c75a3f79fd75ffbe39aa7bdff56333
io.jstach	jstachio-jmustache	0.12.0		084924ab0ffb328ce4ef079ccdbc3bf1139b3dc4
io.jstach	jstachio-jmustache	0.13.0		71074c037100e792cf8438088691dfd7f7fa7da3
io.jstach	jstachio-jmustache	0.14.0		ac89acef812a2942f8e70e72caafa706737a23fc
io.jstach	jstachio-jmustache	0.15.0		f27e019c3e1fd1d14b8693d12ae65fdda860b690
io.jstach	jstachio-jmustache	0.16.0		bcc88b0a27c7fb995f004095a41d2f255944cc54
io.jstach	jstachio-jmustache	0.17.0		71eb915518a971f7b1ca3343ea6b7439d196c462
io.jstach	jstachio-jmustache	0.18.0		53085a0e92a4025a360afbce0ffa2b7718801875
io.jstach	jstachio-jmustache	0.19.0		5d474b75ca129938407a44efdb616ae413459367
io.jstach	jstachio-jmustache	0.6.0		dd4bf16eeac1a59e48eccac709e6b8b5675985d1
io.jstach	jstachio-jmustache	0.7.0		3ba1810da3323d1fe06c94c0cb0761e3cc019b23
io.jstach	jstachio-jmustache	0.8.0		98f7f4f1a07ea8dacf1fe5647025b90a2f7e37c1
io.jstach	jstachio-jmustache	0.8.1		0a278e991419a0b47c2871dec0eb231fddc6005c
io.jstach	jstachio-jmustache	0.9.0		d2a2608fb2fa6f6beaa967e0d91cae072810ecd6
io.jstach	jstachio-jmustache	0.9.1		bc5c0091893990e8ffdbf9533417cc429e12bad0
io.jstach	jstachio-jmustache	0.9.2		9682a8e88b8f28c26d35e71014ad622193d5527b
io.jstach	jstachio-jmustache	0.9.3		eed5ef42c48235d278b5bda56fa55ea042b5568b
io.jstach	jstachio-jmustache	1.0.0		9ab128a04ca7ff8d5b308e59248042f5dc721757
io.jstach	jstachio-jmustache	1.0.1		80491d7a97f072a89874787bed90f1e34ed6cf70
io.jstach	jstachio-jmustache	1.1.0		3ed27a6638b8285834f53055ebef06f428b88431
io.jstach	jstachio-jmustache	1.1.1		1d28fc618296ff8c0a92877023d09443b19d19c7
io.jstach	jstachio-jmustache	1.2.0		6991ddc1bdcc346f242db704796f0961ffa2bb4a
io.jstach	jstachio-jmustache	1.2.1		cfc125d1abe08a03d73eb5049d058a79ff8260c7
io.jstach	jstachio-jmustache	1.3.0		300c6b224252f218da6a180040db7e0a2d5c63dc
io.jstach	jstachio-jmustache	1.3.1		08b55c57b605f5888f235ecd42ffd678a1cb1feb
io.jstach	jstachio-jmustache	1.3.2		4dcaba4ad122653a2d0f6d3fc0f7107ad83dc295
io.jstach	jstachio-jmustache	1.3.3		05584c2fdd5d4ad18c5358d9063a394cd86a3e5f
io.jstach	jstachio-jmustache	1.3.4		a3e2b54cc8fe818e76f6c5257bf9df203363e55a
io.jstach	jstachio-jmustache	1.3.5		a075e3b65b134f681ed162ae2426a1de33bf3ef3
io.jstach	jstachio-jmustache	1.3.6		0df48b6656724e8f631db3586114d12687685028
io.jstach	jstachio-jmustache	1.3.7		1d12b7391fb0a5e5bd2a955cda7e86c1d3362c2f
io.vilt.minium	minium-script-js	1.0.0		d0f2c362f8955566f93b7e9d7ea4acc293076508
io.vilt.minium	minium-script-js	1.0.0-RC1		06a770fb14e8d035ae18d9dbf7088e4edd24ca71
io.vilt.minium	minium-script-js	1.0.0-RC4		5e2ce457bd898464b59eca57f29cdf69f568d148
io.vilt.minium	minium-script-js	1.0.1		7d3728d6b221e27f8f58100a426d062102a604dc
io.vilt.minium	minium-script-js	1.1.0		0604245de62b2c20d84b30e5afc2f2e659cb0acc
io.vilt.minium	minium-script-js	1.2.0		5a97f921e21cf57597ecd82460fb861f4eea6c19
io.vilt.minium	minium-script-js	1.2.1		2008b4f16658f89b7ec72cdcab285c6dc227686c
io.vilt.minium	minium-script-js	1.2.2		5793113c7e78d1c75a715b074cfe905b848c7770
io.vilt.minium	minium-script-js	1.3.0		9fbe994703e23ffd03ad778c843c9bed8aa2cb67
io.vilt.minium	minium-script-js	1.4.0		37e650c2e1e2266dbbd421dfa9f9a0a578deecbf
io.vilt.minium	minium-script-js	1.4.1		3f7d36a3c2c266f9ecc47a66e06d7325e841f88f
io.vilt.minium	minium-script-js	1.5.0		9c05472aec697f60c6a3109f416a5829df4a7156
io.vilt.minium	minium-script-js	1.5.1		f9240e30943fc3fee28f15cab701a3c7d974e47d
io.vilt.minium	minium-script-js	1.6.0		eea8676e8c0704581e80362e5f8363dc3273c07f
io.vilt.minium	minium-script-js	1.6.0-RC12		8e9876d65c6e1661fe394b9cc33aa8d084aeb4bf
io.vilt.minium	minium-script-js	1.7.0		eb5a3d3054978dc93bcc096c90f31905440a42a1
io.vilt.minium	minium-script-js	1.7.0-RC1		a507c39f828fcd9aef9499b1794a1730dfbeaf74
io.vilt.minium	minium-script-js	1.7.1-RC4		f67732be506a926134ddd1af69ddf7b038344c3a
io.vilt.minium	minium-script-js	1.8.0		4a8d3593d4c22a681ee3803cec0909d30d8ce037
io.vilt.minium	minium-script-js	1.8.0-RC1		b34ce7720ca2e6b01655cb2a2527db68ae9e78ad
io.vilt.minium	minium-script-js	1.8.0-RC2		3bc8b60070d1c0f090a2f84d4f88ed7503872230
io.vilt.minium	minium-script-js	1.9.0		2d47a0d58474919720e57f4a903ee47ebb5f4794
io.vilt.minium	minium-script-js	1.9.0-RC1		bed8f71ee66f768acc3d626063f4152cd4a0875f
io.vilt.minium	minium-script-js	1.9.5		221826e1bd8138c5e6079c9591503e96a4df14e0
io.vilt.minium	minium-script-js	2.0.0		b7842ee430813e0081807b41a97806fb86f77113
io.vilt.minium	minium-script-js	2.0.0-RC1		7ecf179ca25f1787efb9a095e3ce633c087d35d8
io.vilt.minium	minium-script-js	2.0.0-RC2		d556dd73792764ea25880b1f2b9ee287be0b21b9
io.vilt.minium	minium-script-js	2.0.1		0a0747baa542e551ed2ffbae5b05078152d93be6
io.vilt.minium	minium-script-js	2.0.1-RC1		b661dd65a5e2271cbfe9c49ef3f9e3ad1082e45a
io.vilt.minium	minium-script-js	2.3.0		e9d23458eb96d0c061dc03759b818708bfdf23d4
io.vilt.minium	minium-script-js	2.3.0-RC1		1818d233ab9875430af372f9a9cf8ebcbf70126d
io.vilt.minium	minium-script-js	2.4.0-RC1		333a60b34f523dda04ddb25bb494b163ab8b701b
io.vilt.minium	minium-script-js	2.5.0		92f9b0be3f2a7f31ac4cbcd348db6701e9b99ed5
io.ygdrasil	webgpu-ktypes-web	0.0.1		b598c973a092b55def4f5453aaa35f42a0c7cfbe
io.ygdrasil	webgpu-ktypes-web	0.0.2		247a2c45db82198fdf16c69d15bf2ec8c5f9a70b
io.ygdrasil	webgpu-ktypes-web	0.0.3		247a2c45db82198fdf16c69d15bf2ec8c5f9a70b
io.ygdrasil	webgpu-ktypes-web	0.0.4		4cd662f755f1035a14b190d4f6b8104d39614fb4
io.ygdrasil	webgpu-ktypes-web	0.0.5		4cd662f755f1035a14b190d4f6b8104d39614fb4
it.agilelab	darwin-hbase2-connector_2.10	1.0.14		93b8d743e04005965a2ff4dd26e732813f43876e
it.agilelab	darwin-hbase2-connector_2.10	1.1.0		d60211d98fcbe8efc8fe637311f6e282a865b850
it.agilelab	darwin-hbase2-connector_2.10	1.1.1		9b00e66c3679dc70de58c62249fd417cae99e471
it.agilelab	darwin-hbase2-connector_2.10	1.2.0		9c450aaf06b25d7308f0793a42ccac7ed1de637d
it.agilelab	darwin-hbase2-connector_2.10	1.2.1		1b5d0ae756ea60d28dcf8479b7c919fe3e26aa8c
it.agilelab	darwin-hbase2-connector_2.10	1.2.2		b3f1643ec1a6eb53f643c12985916fccf5b2e34d
me.gulya.sqldelight	primitive-adapters-macosx64	2.0.2-wasm-web-worker-1		N/A
me.gulya.sqldelight	primitive-adapters-macosx64	2.0.2-wasm-web-worker-1	metadata	2ad14aed781c4a73ed4dbb421966d408a0a06686
me.gulya.sqldelight	primitive-adapters-macosx64	2.0.2-wasm-web-worker-2		N/A
me.gulya.sqldelight	primitive-adapters-macosx64	2.0.2-wasm-web-worker-2	metadata	2ad14aed781c4a73ed4dbb421966d408a0a06686
me.gulya.sqldelight	primitive-adapters-macosx64	2.0.2-wasm-web-worker-3		N/A
me.gulya.sqldelight	primitive-adapters-macosx64	2.0.2-wasm-web-worker-3	metadata	2ad14aed781c4a73ed4dbb421966d408a0a06686
me.gulya.sqldelight	primitive-adapters-macosx64	2.1.0-wasm		N/A
me.gulya.sqldelight	primitive-adapters-macosx64	2.1.0-wasm	metadata	2ad14aed781c4a73ed4dbb421966d408a0a06686
me.lemonypancakes.resourcemanagerhelper	resourcemanagerhelper-v1_17_R1	1.0.0		2e8ebd39e7fa85af3c7bfd15476b738d44752b4b
me.lemonypancakes.resourcemanagerhelper	resourcemanagerhelper-v1_17_R1	1.0.0	remapped-obf	18aa81f5954d98f0ff3b1cb46dc7c6bdefcf614f
me.lemonypancakes.resourcemanagerhelper	resourcemanagerhelper-v1_17_R1	1.0.1		cd93f186098f819d62370e4fa6da79631643add4
me.lemonypancakes.resourcemanagerhelper	resourcemanagerhelper-v1_17_R1	1.0.1	remapped-obf	803177e3ecd9c0127d703f7ebd3ae87ef6ed3f49
me.lemonypancakes.resourcemanagerhelper	resourcemanagerhelper-v1_17_R1	1.0.2		3b5a9e9836b5ad95b491e458310de17510ffc5b0
me.lemonypancakes.resourcemanagerhelper	resourcemanagerhelper-v1_17_R1	1.0.2	remapped-obf	b1110d07366d54aa65a3ae6281bebf7d3e9aa484
me.lemonypancakes.resourcemanagerhelper	resourcemanagerhelper-v1_17_R1	1.1.0		e571b54f09a062d3545ff155cf42716953c25ce7
me.lemonypancakes.resourcemanagerhelper	resourcemanagerhelper-v1_17_R1	1.1.0	remapped-obf	de695d9d282b330b8cfb7ef9712554b49935261b
me.lemonypancakes.resourcemanagerhelper	resourcemanagerhelper-v1_17_R1	1.2.0		6a7c30648a034a18baedabfeee6df1283c80de5b
me.lemonypancakes.resourcemanagerhelper	resourcemanagerhelper-v1_17_R1	1.3.0		c3d989ae968c0c582a210737e9d8eab71fa21d7a
me.lemonypancakes.resourcemanagerhelper	resourcemanagerhelper-v1_17_R1	1.4.0		3c556d7b55833309acad7af8abfa08e1824f184b
net.mbonnin.sqldelight	coroutines-extensions	1.5.5		ef8e413cf7bf519b1719ee995f275cb7a11fe5cf
net.mbonnin.sqldelight	coroutines-extensions	1.5.5	all	1f8c8180a60df343d081b9084639bd4806399c9a
net.mbonnin.sqldelight	coroutines-extensions	1.5.6		33e96d8719da3823a597f2707c136c276520ec2d
net.mbonnin.sqldelight	coroutines-extensions	1.5.6	all	4974e313ae36c683c06621cfc45d391986637d11
nl.gn0s1s	elastic4s-effect-cats-2_3	8.12.0		15a929a490e886b33de78d9c28e9eb5bac40b083
nl.gn0s1s	elastic4s-effect-cats-2_3	8.12.0-RC3		073f8d329cd16005e58f491997c64d95ba1652ce
nl.gn0s1s	elastic4s-effect-cats-2_3	8.13.0		125cb1ee351a8f245ab2385626d5066955bf0c6c
nl.gn0s1s	elastic4s-effect-cats-2_3	8.13.1		d5d6488bc29dcbf65f4825ab6464a7e94eba28fa
nl.gn0s1s	elastic4s-effect-cats-2_3	8.14.0		c1bb4794c57d32377cb1fc22e636e82c861e27d9
nl.gn0s1s	elastic4s-effect-cats-2_3	8.14.1		faaebab68f4fb18375e2feac0f05657b17694fd5
nl.gn0s1s	elastic4s-effect-cats-2_3	8.15.0		0f1640d760fe77dc1f1905333f2985750b29f2f6
nl.gn0s1s	elastic4s-effect-cats-2_3	8.15.1		e8f1a7af7c959d933eb6989fa8bd36a4cdfa5451
nl.gn0s1s	elastic4s-effect-cats-2_3	8.15.2		35c6ecdd54c398b8a721107cd98087e03826f91d
nl.gn0s1s	elastic4s-effect-cats-2_3	8.15.3		6f16fb3465063a8cab395c364099548f7ac44bac
nl.gn0s1s	elastic4s-effect-cats-2_3	8.15.4		a395da1254a0477ed149d8e3ea52c3ee851dc273
nl.gn0s1s	elastic4s-effect-cats-2_3	8.16.0		42c97a1ee205cb470c63ba42414fb58b61decdbc
nl.gn0s1s	elastic4s-effect-cats-2_3	8.17.0		5f0d6ebee55189bcaccf3085e5f6537da09d3ff9
nl.gn0s1s	elastic4s-effect-cats-2_3	8.17.1		d557ea0a760e2130d3385ca17937ce8f07672cf5
nl.gn0s1s	elastic4s-effect-cats-2_3	8.18.0		bbecaec426d8b38d9a61ae29aaf4700b3ec90a8a
org.apache.camel.karaf	camel-swift	4.10.3		50dbeb416eb37ffbb3c5e1c38a3492e8655abb64
org.apache.camel.karaf	camel-swift	4.7.0		2a6866505aa6046cfe7d389b33ac7861e3cec659
org.apache.camel.karaf	camel-swift	4.8.1		f2b16c47e142cfb8b20495f8ce3ab60b35ce3508
org.apache.camel.karaf	camel-swift	4.8.2		596382471fd327d6330a5d96c5376ffe8301dffc
org.apache.camel.karaf	camel-swift	4.8.5		8348cbd6f84dd320d491070fe35da125c3b1f46b
org.apache.camel.karaf	camel-swift	4.8.6		310704b8d94776b2c53f4bddc7c35c32ed105df5
org.apache.camel.karaf	camel-swift	4.9.0		7cdeba0486c416801f14b835ffa1338e538235de
org.apache.camel.quarkus	camel-quarkus-swift	3.0.0-RC1		fa46e3bdda2a7330f4967e990b44cc76bb4e25f9
org.apache.camel.quarkus	camel-quarkus-swift	3.0.0-RC2		c66a1cf207726690bf1171f08747becffceaffcc
org.apache.camel.quarkus	camel-quarkus-swift	3.10.0		150dddd63ad63d14e93a3d375d17a59f12b1ec8c
org.apache.camel.quarkus	camel-quarkus-swift	3.11.0		972263e2516ffa1d09594ccd0bf8d30de562832e
org.apache.camel.quarkus	camel-quarkus-swift	3.12.0		a2f0dc3942aa924c2d1b824abe842a889f80cee1
org.apache.camel.quarkus	camel-quarkus-swift	3.13.0		6e07005c5d4d67757f6672736d28ecea732f97d1
org.apache.camel.quarkus	camel-quarkus-swift	3.14.0		1e426d117e489e7dab9059d4eb6ea5b68f60503b
org.apache.camel.quarkus	camel-quarkus-swift	3.15.0		95c63c776487e52a30e10979d240f69d82bb4b89
org.apache.camel.quarkus	camel-quarkus-swift	3.15.1		6f88d7a4205a64bc6ec01e1170ee51956646c590
org.apache.camel.quarkus	camel-quarkus-swift	3.15.2		ee293cc5ac4a089850579e41fdeb09fbe0a52040
org.apache.camel.quarkus	camel-quarkus-swift	3.15.3		c273703475ff06f51f3bb913680eb900134c0646
org.apache.camel.quarkus	camel-quarkus-swift	3.16.0		541bc292b4c753370b93085afe996429b7c58bcb
org.apache.camel.quarkus	camel-quarkus-swift	3.17.0		79dad41ec9d7249df4f364f8c55f8cb553055b47
org.apache.camel.quarkus	camel-quarkus-swift	3.18.0		92162b643af3c9a97f73f39dfd9aa3442af0c371
org.apache.camel.quarkus	camel-quarkus-swift	3.19.0		547e16603d5b9e8d4892303d1df5df05cebbe981
org.apache.camel.quarkus	camel-quarkus-swift	3.2.0		91a6d5d3c6ef05312f56f85ebd94419a3b3f6df6
org.apache.camel.quarkus	camel-quarkus-swift	3.2.1		cb30f3bff9956ebe3540809bef016fdd58ad9351
org.apache.camel.quarkus	camel-quarkus-swift	3.2.2		6fe77e465fee1042a7b40da98d58da1b2d0e8df8
org.apache.camel.quarkus	camel-quarkus-swift	3.2.3		8af49fdb1f6859c1f88f47eb665cbad279bf81c3
org.apache.camel.quarkus	camel-quarkus-swift	3.20.0		9a9d26a2b1c00d9ca6b4726a03b7ca917e2ebf05
org.apache.camel.quarkus	camel-quarkus-swift	3.20.1		58146ac4b112b3a95d93ef997a15ca7a93e09340
org.apache.camel.quarkus	camel-quarkus-swift	3.22.0		51302a712b1ff545ceae712e0809b1757bd2ae72
org.apache.camel.quarkus	camel-quarkus-swift	3.4.0		07a57ac47bb3fd11975d2bfcffb076e0a537d735
org.apache.camel.quarkus	camel-quarkus-swift	3.5.0		ef32815e7e1d99121b5694169111f274167345cf
org.apache.camel.quarkus	camel-quarkus-swift	3.6.0		342ca109ae2d2b452c54ae4db0bd30ec52b9b97d
org.apache.camel.quarkus	camel-quarkus-swift	3.7.0		9dea657f30a65482e08d3986ebe0bae3538cdec5
org.apache.camel.quarkus	camel-quarkus-swift	3.8.0		37f1b43967caa89f8bda963b45e26586f001f2c2
org.apache.camel.quarkus	camel-quarkus-swift	3.8.1		45991300d556d95f7c6255778fe2e9a1a08fb44a
org.apache.camel.quarkus	camel-quarkus-swift	3.8.2		151040d65de0ecf28bf7f1f7f4a35a5e731b17de
org.apache.camel.quarkus	camel-quarkus-swift	3.8.3		d14e9a99a58e5075819581abc93a0c53e1c1eaed
org.apache.camel.quarkus	camel-quarkus-swift	3.8.4		4dd2edb3e8be8ad07d03464232d544ea57793fbe
org.apache.camel.quarkus	camel-quarkus-swift	3.9.0		e024f0155657a7ffa5c2e0a8ba0b010997421e72
org.apache.kafka	connect-runtime	0.10.0.0		fe3bed0ed48daadfa020b8876150e5b42f8a81dd
org.apache.kafka	connect-runtime	0.10.0.1		4e65eb2078da25065b142d54e833ea13b6188c2e
org.apache.kafka	connect-runtime	0.10.1.0		1f1071b99e1e2d7976bf832e6affe424139051c6
org.apache.kafka	connect-runtime	0.10.1.1		e3036b4894df4dd7e5bd116d36cfd8d2b3b18d82
org.apache.kafka	connect-runtime	0.10.2.0		2c46329555bc1f804ddf4c28be20e3690671e15d
org.apache.kafka	connect-runtime	0.10.2.1		e6211f0393866b9c407e940a836d6976674bf358
org.apache.kafka	connect-runtime	0.10.2.2		7db17b46cd546ef10dac61c3c51bfc9cc13d2be8
org.apache.kafka	connect-runtime	0.11.0.0		a7e381f6589aac994d4051920cb163a84831ad6d
org.apache.kafka	connect-runtime	0.11.0.1		d847ba167d515691504cad2b330f59879795c8e5
org.apache.kafka	connect-runtime	0.11.0.2		8e7924c9b501c1a829f5ac04e3b55a9efbb4eb2a
org.apache.kafka	connect-runtime	0.11.0.3		031457bbc57464d22da32b0cc3009678da389a40
org.apache.kafka	connect-runtime	0.9.0.0		c6b4b2b1bf70ac10a6e576d001081d05e5b1d735
org.apache.kafka	connect-runtime	0.9.0.1		a7e108f675eae8a562a89944780f814e77ecc19c
org.apache.kafka	connect-runtime	1.0.0		256d7fa808fa07e9447e9f5e6d8b84b057d83a8f
org.apache.kafka	connect-runtime	1.0.1		bce401bc5ebc28efba7b17c57a174c42d0c77fea
org.apache.kafka	connect-runtime	1.0.2		a0848f7d7240be65d08b4ad92aa655f2374c2383
org.apache.kafka	connect-runtime	1.1.0		9d6708b0fa9a717c52431303586000c1e8daf242
org.apache.kafka	connect-runtime	1.1.1		201b192bed3158258f46a14cf3a18a05aa282cb8
org.apache.kafka	connect-runtime	2.0.0		73c23432953485049f1f6902e9c73041a198d0e6
org.apache.kafka	connect-runtime	2.0.1		03a3309c28133d1665293d533c8ebdde8957f799
org.apache.kafka	connect-runtime	2.1.0		94279eb37b5d9c17909e07256989e92e0c0a3651
org.apache.kafka	connect-runtime	2.1.1		d2e87aafa7c668276297eaa73baf941541402fdc
org.apache.kafka	connect-runtime	2.2.0		653ff60d098bdee7528f60d39bbe3371d254a071
org.apache.kafka	connect-runtime	2.2.1		0ba1319bf2186894ae86765ff724c004cd254b4b
org.apache.kafka	connect-runtime	2.2.2		c7b2af03d7e28cad4d92881659b3b30d6e3c236a
org.apache.kafka	connect-runtime	2.3.0		572660caaaf0805aab4fafe7ff37c9c65a2d5b89
org.apache.kafka	connect-runtime	2.3.1		7a011f7b661bb3140ada8a0e9a43786011e1723c
org.apache.kafka	connect-runtime	2.4.0		ecd0e46f1fc1975df1b25e9eb4f355c08d597588
org.apache.kafka	connect-runtime	2.4.1		b4a5c3b22e243ecd6f6d58d9ad4a7817e71d550b
org.apache.kafka	connect-runtime	2.5.0		d59add8955527beb4e591bbe7b5db441eb7b5640
org.apache.kafka	connect-runtime	2.5.1		03ff07d830146381ad00a981cc1348368773bbc5
org.apache.kafka	connect-runtime	2.6.0		672fc5899cf49ac6892b6126acba171f80199a87
org.apache.kafka	connect-runtime	2.6.1		ff50a6e6fcb82e51017de4e1370e48ceaa16cc8f
org.apache.kafka	connect-runtime	2.6.2		7f25f6a9954cf8d42eae4a6274ae240b2bebf793
org.apache.kafka	connect-runtime	2.6.3		b2b7176382e44f4188c84283cfae1f5c77b173d2
org.apache.kafka	connect-runtime	2.7.0		8e38055cbfed6c512af2d83ba23cf2c0cf9e8577
org.apache.kafka	connect-runtime	2.7.1		fe7819fc9640776cc5b6707485efad16def0fd0a
org.apache.kafka	connect-runtime	2.7.2		b33680308ebb6d6e679d9e44e533fba582194451
org.apache.kafka	connect-runtime	2.8.0		1dbc4e2153b562059ec2d1b40d272998f4b36aec
org.apache.kafka	connect-runtime	2.8.1		dcb8e0c0b8572ad1142b587e1667ca1c9110a898
org.apache.kafka	connect-runtime	2.8.2		4326d6aaf4eacca5fb56f57bfa8d4530c9c6db6e
org.apache.kafka	connect-runtime	3.0.0		807dfa69460a267acf99161c5b96da574ffc1ee7
org.apache.kafka	connect-runtime	3.0.1		33894d3d13102bcb8bbad4151bc2ed61a279e741
org.apache.kafka	connect-runtime	3.0.2		59a5b3bd00b8e5d88ff9881d71a4220039beaac0
org.apache.kafka	connect-runtime	3.1.0		7eab5ca6455d15ca3e398f7f65be116902fa7c9a
org.apache.kafka	connect-runtime	3.1.1		23ea93aebc50bc1045dc5681ae8ae01d716100bc
org.apache.kafka	connect-runtime	3.1.2		d111619da1217a4d5c8e461a073f9487be5b1b6d
org.apache.kafka	connect-runtime	3.2.0		4a0198d8bbe2fe04de32958af51938fa9926b824
org.apache.kafka	connect-runtime	3.2.1		8c219a0f29b654cefba1af13e672e52bf0a90802
org.apache.kafka	connect-runtime	3.2.2		7579e299df281ece224bd682201ef58e9f4c1e17
org.apache.kafka	connect-runtime	3.2.3		3a8923c9bf14b87352e05c30dd164a6946ad2282
org.apache.kafka	connect-runtime	3.3.0		5d66dd57594630cadb9fe5d96c9217f9f7a0b004
org.apache.kafka	connect-runtime	3.3.1		368f522cee53aa710e2042fc617562275196b103
org.apache.kafka	connect-runtime	3.3.2		7b09a9e1974ba4250262a47b145f31caa5c3107a
org.apache.kafka	connect-runtime	3.4.0		369199e3f291dd601db5b9a7643379e72f84b9a9
org.apache.kafka	connect-runtime	3.4.1		08a701ed67c907eb2508ebe9cee3c40e320bfc07
org.apache.kafka	connect-runtime	3.5.0		0bf2d5f8d81c492297becd890c84fd007fc022f6
org.apache.kafka	connect-runtime	3.5.1		1de16e95953270c66211491f3c2311ab3f3f937f
org.apache.kafka	connect-runtime	3.5.2		ce9e8454a60270cb2aacc54fa4041615908c0b1c
org.apache.kafka	connect-runtime	3.6.0		e494b67e3392e6c2ffc5b76679dc511ce3a7a321
org.apache.kafka	connect-runtime	3.6.1		cb964f6de8c871f7a10b3ead933ac2e9e42f14a3
org.apache.kafka	connect-runtime	3.6.2		f8ce150b1b317a77eec46158d1e444b86e806504
org.apache.kafka	connect-runtime	3.7.0		5dfffc1fed660cd9b597d0f974aef97b7bc384ce
org.apache.kafka	connect-runtime	3.7.1		2bf122b5fc74830e1ee02284666aa2c69b80d12f
org.apache.kafka	connect-runtime	3.7.2		a2365af0aa40e515528154587d869784c2acd068
org.apache.kafka	connect-runtime	3.8.0		70232c20b4cd2e3c2492f594131e4da967142997
org.apache.kafka	connect-runtime	3.8.1		de83d0587bdec700c673659d31dc0848271313b5
org.apache.kafka	connect-runtime	3.9.0		50ba8ea8005d86c4a79568c04cdd210012390415
org.apache.kafka	connect-runtime	4.0.0		4fa76a3519f15204f6056cc415468f182ae9bf62
org.apache.openejb	openejb-hsql	3.0		706f98801b1b70d8e8fec1df1973dddb8fcbbc30
org.apache.openejb	openejb-hsql	3.0-beta-1		f36f6d37ead3ff18b14efda75965038cd11c1256
org.apache.openejb	openejb-hsql	3.0-beta-2		60277abe9d06b1a470817321458b8ac836cf5f33
org.apache.openejb	openejb-hsql	3.0.1		e1b2a12bced562d8a66d43aa92db900694bc098a
org.apache.openejb	openejb-hsql	3.0.2		cc0667875104d72c530b2585d82544efe7f98829
org.apache.openejb	openejb-hsql	3.0.3		be64c010edce9299813daeb4d494b31e826ce43d
org.apache.openejb	openejb-hsql	3.0.4		bb6621e477e5834fdce4847270f0424a97c4741a
org.apache.openejb	openejb-hsql	3.1		d52580f55247ca9f41e21a593b5e6d788b105bf4
org.apache.openejb	openejb-hsql	3.1.1		c62e1c898600cf40cdff37108af8727e97153557
org.apache.openejb	openejb-hsql	3.1.2		875d50f774765446536bdc317fbe5119b15b0928
org.apache.openejb	openejb-hsql	3.1.3		7ea451cd4623d99b59c1813b2f7565a655055f59
org.apache.openejb	openejb-hsql	3.1.4		1c46cf93b3b2ba0889cb723739d1471d72b71b26
org.apache.openejb	openejb-hsql	4.0.0		4631c9fb0e9375d7bae8249a3af1bc45e64df9e0
org.apache.openejb	openejb-hsql	4.0.0-beta-1		dfe7f6c746f86523d4968039c90804e14c75ea24
org.apache.openejb	openejb-hsql	4.0.0-beta-2		40cfade8ee4b919320e078cfbe2746c1da736473
org.apache.openejb	openejb-hsql	4.5.0		13a488370ef953a0318a7a654c7a3c6a5778b573
org.apache.openejb	openejb-hsql	4.5.1		b14cf3c7486023846d101c099509ca5b3bdccbcc
org.apache.openejb	openejb-hsql	4.5.2		6cf5e8d11ab72509685d54b411c8ba901087264c
org.apache.openejb	openejb-hsql	4.6.0		1f8ef732db2346130c73a5915b958bcb037040d4
org.apache.openejb	openejb-hsql	4.6.0.1		47e99b65a75cd5171423ae5aefb1e97a28e876bc
org.apache.openejb	openejb-hsql	4.6.0.2		1390db52b84ec22ca5fd70e4d9498d71aef22342
org.apache.openejb	openejb-hsql	4.7.0		937da4348d542b928bef734cf9d05c57c85a8d23
org.apache.openejb	openejb-hsql	4.7.1		79de8a40dc978b44f27ddd48f70124f8ca32849c
org.apache.openejb	openejb-hsql	4.7.2		509b36badcd9013c0888280a70625503d3b1210d
org.apache.openejb	openejb-hsql	4.7.3		d1ce49a8bb33e48a57cf1f65c75ec7eee872cdd4
org.apache.openejb	openejb-hsql	4.7.4		06790a4ff9549eb06bedda7e65938f827e9d38ff
org.apache.openejb	openejb-hsql	4.7.5		5a0ca987fe6e6a9125fb49867c035aa8d6cad7e4
org.apache.pinot	pinot-spi-jdk8	0.10.0		a8a9c192ab03b0a61c5de8d068b8f828ea8d7005
org.apache.pinot	pinot-spi-jdk8	0.11.0		86e3a0361945588721bbeea9fc16f7f8c8e7d53e
org.apache.pinot	pinot-spi-jdk8	0.12.0		5faccc0a4e90598d4f6c11c8309c6006e3b08bff
org.apache.pinot	pinot-spi-jdk8	0.12.1		e3a497238b1b33449ba3a493a82acd5402488c5c
org.daisy.pipeline.modules.braille	liblouis-utils	1.1.0		c0664cc74778544dd62d8c25130612183da88306
org.daisy.pipeline.modules.braille	liblouis-utils	1.2.0		747351a15881a0838cf8f8b8375d82a3504e8d11
org.daisy.pipeline.modules.braille	liblouis-utils	1.3.0		b89de05490c7525a2972985085fc852da3855ded
org.daisy.pipeline.modules.braille	liblouis-utils	1.3.1		8e4d43490914a40f2b1139423ac4a7a272682d53
org.daisy.pipeline.modules.braille	liblouis-utils	1.4.0		3769e4f7941548800ce6eb2b8f04f54cf813e293
org.daisy.pipeline.modules.braille	liblouis-utils	1.4.1		5e87f102dd7cf4e0791c7b5e3bf160f2892baa8a
org.daisy.pipeline.modules.braille	liblouis-utils	1.4.2		7afbd6158cc11e6c49b889fe9cc8e8c46acc4526
org.daisy.pipeline.modules.braille	liblouis-utils	1.4.3		13f1e22fdf5df0cb449a731dee4dba000a7e1c58
org.daisy.pipeline.modules.braille	liblouis-utils	1.4.4		f3cac2ba3c97b8de6c79d4737dba98dd326b0985
org.daisy.pipeline.modules.braille	liblouis-utils	1.4.4	doc	65a7612c46213d5839413e5f8ecef6c3fd0e8d15
org.daisy.pipeline.modules.braille	liblouis-utils	1.5.0		049df02ea1c0890fbe6d965370f77b54b1be4e1a
org.daisy.pipeline.modules.braille	liblouis-utils	1.5.0	doc	8d5b03385333f14c874784b5c7345e024538eb5b
org.daisy.pipeline.modules.braille	liblouis-utils	1.5.0	xprocdoc	38120b403ee35063568596a436852eafb59ba15a
org.daisy.pipeline.modules.braille	liblouis-utils	1.5.1		2e9ed2bc363c055b6479c394b4d5bde80f1e6c33
org.daisy.pipeline.modules.braille	liblouis-utils	1.5.1	doc	7e395ab9be58cacbc3971a055e1b33de71337e84
org.daisy.pipeline.modules.braille	liblouis-utils	1.5.1	xprocdoc	97aa49ddf12bb3d3898bef0521e13c86f8e27bce
org.daisy.pipeline.modules.braille	liblouis-utils	2.0.0		88da5cda35972d8f28ebbdaa04154ffda9b37837
org.daisy.pipeline.modules.braille	liblouis-utils	2.0.0	doc	ad09e1a0cdb8b06a65f282e7765af67b3039d6d8
org.daisy.pipeline.modules.braille	liblouis-utils	2.0.0	linux	483b85d3409a300e4520152514b95693b0360736
org.daisy.pipeline.modules.braille	liblouis-utils	2.0.0	mac	408b73571ae69bb6b5d5c74069fc0369c4b74300
org.daisy.pipeline.modules.braille	liblouis-utils	2.0.0	windows	01fbd1a51a5bec403ef8177b3a4e6cf4d540a7a5
org.daisy.pipeline.modules.braille	liblouis-utils	2.0.0	xprocdoc	d7962071d45f5a60be11051986f76f7a91f4fb2f
org.daisy.pipeline.modules.braille	liblouis-utils	2.0.1		8da2d19273ffc912c80ed854541e593d997f8f3a
org.daisy.pipeline.modules.braille	liblouis-utils	2.0.1	doc	140dc78290684e07208e2d5c600f7d52b1d56837
org.daisy.pipeline.modules.braille	liblouis-utils	2.0.1	linux	219a6c1461e1311ee7f86f9ccbc1dcf866e7717d
org.daisy.pipeline.modules.braille	liblouis-utils	2.0.1	mac	02dbfe5c1eca3bedf88688cfd9e9afa49ed0667d
org.daisy.pipeline.modules.braille	liblouis-utils	2.0.1	windows	16e7965a010457fefb1f831ccaf1c499b48f3b89
org.daisy.pipeline.modules.braille	liblouis-utils	2.0.1	xprocdoc	dfaa1d857c2385bc27b41e4fb3446af926bf5aba
org.daisy.pipeline.modules.braille	liblouis-utils	2.1.0		2955ee2f67ea00609d8fb0328ec27da251efd33f
org.daisy.pipeline.modules.braille	liblouis-utils	2.1.0	doc	0a3828de3b35fe0f4bef5013f4c532f64b86c1c0
org.daisy.pipeline.modules.braille	liblouis-utils	2.1.0	linux	5377b84aa5345107b70958886746f5b0c1eab4b3
org.daisy.pipeline.modules.braille	liblouis-utils	2.1.0	mac	6c5abe1bddc6e294b25ebd8649e8e545cde092ac
org.daisy.pipeline.modules.braille	liblouis-utils	2.1.0	windows	6278d1672384e6a862ec8e0ebd20bf539e62afb9
org.daisy.pipeline.modules.braille	liblouis-utils	2.1.0	xprocdoc	5c1e8aac8b8a5f8f8975dbb506bfb7a7b41f0fad
org.daisy.pipeline.modules.braille	liblouis-utils	2.1.1		29257faaa7d9d2c7752066374964a8862fe919d4
org.daisy.pipeline.modules.braille	liblouis-utils	2.1.1	doc	e11e81dc0e2ae8e06094a6c6bcd6ebb1ba6f1a7b
org.daisy.pipeline.modules.braille	liblouis-utils	2.1.1	linux	67c8304c5ed37aadc14be056cd86a0151543bdb5
org.daisy.pipeline.modules.braille	liblouis-utils	2.1.1	mac	671c5a0917ee16942cccbfc14bb60565332540df
org.daisy.pipeline.modules.braille	liblouis-utils	2.1.1	windows	c393392255c016de568af18853857b99f08aaab4
org.daisy.pipeline.modules.braille	liblouis-utils	2.1.1	xprocdoc	a06843416bbc245c8e0847889bddfa80df73b485
org.daisy.pipeline.modules.braille	liblouis-utils	3.0.0		027ed2b42d0884cac01d9b79570956cdd8820e11
org.daisy.pipeline.modules.braille	liblouis-utils	3.0.0	doc	58f4a9f3a2c40f0142d32732c13e17182c9e5f40
org.daisy.pipeline.modules.braille	liblouis-utils	3.0.0	linux	98d9ca9bd1cdd3d1a294413c425a5032a321b064
org.daisy.pipeline.modules.braille	liblouis-utils	3.0.0	mac	7f4ca34f0adae0a5e14e6d6152e1ca442b3c2586
org.daisy.pipeline.modules.braille	liblouis-utils	3.0.0	windows	12a50b7b370a130eb7c49ad239916600009df4ee
org.daisy.pipeline.modules.braille	liblouis-utils	3.0.0	xprocdoc	a174b55f0d0eca738a4f3eed24642f5a6fd14da1
org.daisy.pipeline.modules.braille	liblouis-utils	3.1.0		a5ae444e0719ac47a055140391aefa8a31397f25
org.daisy.pipeline.modules.braille	liblouis-utils	3.1.0	linux	dec16131b7cac469e368048b1efd43544f9dc290
org.daisy.pipeline.modules.braille	liblouis-utils	3.1.0	mac	58342c1a485845a946a9decfc1969de02a918305
org.daisy.pipeline.modules.braille	liblouis-utils	3.1.0	windows	7fa37b8c3a0664a5db673b2090c043b56cba244b
org.daisy.pipeline.modules.braille	liblouis-utils	3.1.1		ecebf8a50ad25a6a5f6a8162c62e5117fc896c5c
org.daisy.pipeline.modules.braille	liblouis-utils	3.1.1	doc	3426f124d14657926a4b0e6e78f7a745897fd59b
org.daisy.pipeline.modules.braille	liblouis-utils	3.1.1	xprocdoc	1dc35eb92026ea6d845b26994e7bbc553e41a2ae
org.daisy.pipeline.modules.braille	liblouis-utils	3.2.0		94677d4be2727fad3579b43923af0d9e4a325fe7
org.daisy.pipeline.modules.braille	liblouis-utils	3.2.0	doc	dee1eba6c457f1c69c7dad72a6b811fc9122876f
org.daisy.pipeline.modules.braille	liblouis-utils	3.2.0	xprocdoc	53ff75cc69ccde938bf61bdfc7260a56a321e7d1
org.daisy.pipeline.modules.braille	liblouis-utils	3.2.1		298f6f26d196f3f12437fc9c884a58ec169c4bed
org.daisy.pipeline.modules.braille	liblouis-utils	3.2.1	doc	eb10f284df1abb075f87a975d0c4479607796147
org.daisy.pipeline.modules.braille	liblouis-utils	3.2.1	linux	421badc8cd39b655facaf6b7056e1ca7148ef1c2
org.daisy.pipeline.modules.braille	liblouis-utils	3.2.1	mac	611e7b858d0b0204be49fd3e6ae5e8cd31112b98
org.daisy.pipeline.modules.braille	liblouis-utils	3.2.1	windows	2bda2ddd2207c6aa4a2e7e79581942a47dea21f9
org.daisy.pipeline.modules.braille	liblouis-utils	3.2.1	xprocdoc	aedd917d529a5027c927c3789b13c62a19162829
org.daisy.pipeline.modules.braille	liblouis-utils	4.0.0		aa64f0b4aeb95baab18789e910f7edc015c9a58b
org.daisy.pipeline.modules.braille	liblouis-utils	4.0.0	doc	b5e352623ab1c6063bb11886a8400d12946e9634
org.daisy.pipeline.modules.braille	liblouis-utils	4.0.0	linux	256a223683076f5d150fdba01879e8db0ef6b5b3
org.daisy.pipeline.modules.braille	liblouis-utils	4.0.0	mac	2c7c089d28d9d8d80be3c514becd21aaa073a411
org.daisy.pipeline.modules.braille	liblouis-utils	4.0.0	windows	f643086c91f44d055884933835ce343f0be57e39
org.daisy.pipeline.modules.braille	liblouis-utils	4.0.0	xprocdoc	db9f6d2c0efd3c2fa24c5df2c5ae2f2a1ec0413a
org.daisy.pipeline.modules.braille	liblouis-utils	4.1.0		2e88ba854e80f22191dda98a1fb07d9feab58082
org.daisy.pipeline.modules.braille	liblouis-utils	4.1.0	doc	ff56265b9d834b68b7c66f45ceb145cf256c437e
org.daisy.pipeline.modules.braille	liblouis-utils	4.1.0	linux	f1e5aef2d5296c8af7e7bfc51b117338ee61ef9c
org.daisy.pipeline.modules.braille	liblouis-utils	4.1.0	mac	cebcd6c6a458025697026b25eecec1a63c41bd28
org.daisy.pipeline.modules.braille	liblouis-utils	4.1.0	windows	7993822ae784bb152a34428f1c440e27f4894f0f
org.daisy.pipeline.modules.braille	liblouis-utils	4.1.0	xprocdoc	99182447e429faaaac33c8892dcdb6a89c0aeacd
org.daisy.pipeline.modules.braille	liblouis-utils	4.1.1		ee8dfa90a245f0ada4da203528c7f8a95c9c23c5
org.daisy.pipeline.modules.braille	liblouis-utils	4.1.1	doc	06c7d32c8fd257d8451d197dfc5a04bc26646aff
org.daisy.pipeline.modules.braille	liblouis-utils	4.1.1	linux	8e62be508387592960a51ef31512ff1baabfd527
org.daisy.pipeline.modules.braille	liblouis-utils	4.1.1	mac	7ecbc3f88976ddb8257a257ccba3e74b7661a98b
org.daisy.pipeline.modules.braille	liblouis-utils	4.1.1	windows	1c101df1bc6e8c9c14c6196b3337765edaf321e3
org.daisy.pipeline.modules.braille	liblouis-utils	4.1.1	xprocdoc	223eafdbd74ad3e88ced4f09968728fdf8d65f2e
org.daisy.pipeline.modules.braille	liblouis-utils	4.1.2		1953903586f5642f5e3a7c76cd2b752623de7337
org.daisy.pipeline.modules.braille	liblouis-utils	4.1.2	doc	419c63f9055cec7f1357b2f3887972775e29f65b
org.daisy.pipeline.modules.braille	liblouis-utils	4.1.2	linux	133e26b8d17c686fcc12c9e1e5fb70043a208ce4
org.daisy.pipeline.modules.braille	liblouis-utils	4.1.2	mac	9e2e65a19fb288d47dbe40ca97021765602b3963
org.daisy.pipeline.modules.braille	liblouis-utils	4.1.2	windows	d5975bf980f0856e5a903debbe74480c81dfe05f
org.daisy.pipeline.modules.braille	liblouis-utils	4.1.2	xprocdoc	72a646869cda03b85a2ccf11f180d59f215d9444
org.daisy.pipeline.modules.braille	liblouis-utils	5.0.0		317aeeb61fd55d388d3bd692f36f1ebe638ed28b
org.daisy.pipeline.modules.braille	liblouis-utils	5.0.0	doc	0a60dc28a0567299b130a2150b919b920441b44b
org.daisy.pipeline.modules.braille	liblouis-utils	5.0.0	linux	9a6f59d1e3bcbdf852599305d15bd89d2273bffc
org.daisy.pipeline.modules.braille	liblouis-utils	5.0.0	mac	06c7d0a171abedf9e971265fa21927ce1d0724fd
org.daisy.pipeline.modules.braille	liblouis-utils	5.0.0	windows	accc9634dce0d99b731e2cb0b9567411872fdfbb
org.daisy.pipeline.modules.braille	liblouis-utils	5.0.0	xprocdoc	f2bd8a1daddebb20d9bd1e8fd22e2310bf45302c
org.daisy.pipeline.modules.braille	liblouis-utils	5.0.1		90c1df8e2b0cf4b75133123939635d23c1582cb8
org.daisy.pipeline.modules.braille	liblouis-utils	5.0.1	doc	6ed1009b8f276fdb3cf62733cc731a2efaa31bc8
org.daisy.pipeline.modules.braille	liblouis-utils	5.0.1	linux	ff59a854651038486524b3cfaff7464b0ffd9f77
org.daisy.pipeline.modules.braille	liblouis-utils	5.0.1	mac	e1a9d7460fb499bebf220f39710f7b55ccd96a68
org.daisy.pipeline.modules.braille	liblouis-utils	5.0.1	windows	45533483776b45e9a2484d185db42fc67e12cb23
org.daisy.pipeline.modules.braille	liblouis-utils	5.0.1	xprocdoc	dd7664fd2651846745065927372f61f1da5fd3c3
org.daisy.pipeline.modules.braille	liblouis-utils	5.0.2		2d6c14adcf3d6faf8dad2ee54e2bb1b0f6d0b849
org.daisy.pipeline.modules.braille	liblouis-utils	5.0.2	doc	050b0e8fea46a97576af8bf465fc314af654784e
org.daisy.pipeline.modules.braille	liblouis-utils	5.0.2	linux	8bc4a01bb4ce553856afbdb6803668d40ba55ff2
org.daisy.pipeline.modules.braille	liblouis-utils	5.0.2	mac	f2c3a0ddd4787f406e107810f536622863801d18
org.daisy.pipeline.modules.braille	liblouis-utils	5.0.2	windows	fec6c67c8b381135958d0cb7869e16869fcd0250
org.daisy.pipeline.modules.braille	liblouis-utils	5.0.2	xprocdoc	06b264795b0ab1ec43485ad80ed8394c42a3bffc
org.daisy.pipeline.modules.braille	liblouis-utils	5.1.0		f1d127c6a4bfcd46dbfe952f21805047fe20a83a
org.daisy.pipeline.modules.braille	liblouis-utils	5.1.0	doc	0a4fc95c0a1998872a1041b15988b6f22a21b25d
org.daisy.pipeline.modules.braille	liblouis-utils	5.1.0	linux	20e928ac4ed8a0a35d5653fa73df6be02863d8da
org.daisy.pipeline.modules.braille	liblouis-utils	5.1.0	mac	81d797810655b884c349ee6ff3df7ae7a61fc5f4
org.daisy.pipeline.modules.braille	liblouis-utils	5.1.0	windows	19de4b73681b76458d458b55c67d1354fb8b75e4
org.daisy.pipeline.modules.braille	liblouis-utils	5.1.0	xprocdoc	8d072c7cf6784df76f6fc22af99fd4daf56c5856
org.daisy.pipeline.modules.braille	liblouis-utils	5.1.1		1572c905a1fe739b4373f09771a9feeb6a4ffa14
org.daisy.pipeline.modules.braille	liblouis-utils	5.1.1	doc	67521df57b944346725009cc9b6dcbd3d5e5ecfa
org.daisy.pipeline.modules.braille	liblouis-utils	5.1.1	linux	b16bbebc28c6fb7313446c41702d3c5878b430cd
org.daisy.pipeline.modules.braille	liblouis-utils	5.1.1	mac	32705bfcc38597cca2a32abaf4fd3778ae68e97c
org.daisy.pipeline.modules.braille	liblouis-utils	5.1.1	windows	0dd8f9a6ebe9688dc2112c37d66db745328542bf
org.daisy.pipeline.modules.braille	liblouis-utils	5.1.1	xprocdoc	bda50fb2c88e04b6a402d0f7408a6cae192c8cde
org.daisy.pipeline.modules.braille	liblouis-utils	5.2.0		15c7c00a72bc7afb038dd968d3fae4c2cecb3e6a
org.daisy.pipeline.modules.braille	liblouis-utils	5.2.0	linux	17a2274370ae7ef96386985fb94b8a544b17e943
org.daisy.pipeline.modules.braille	liblouis-utils	5.2.0	mac	257b6766e5921d6c4969adb543de07fd0ef5e67f
org.daisy.pipeline.modules.braille	liblouis-utils	5.2.0	windows	d0cfbbdbd890361977fd82d445c6514ff851b475
org.daisy.pipeline.modules.braille	liblouis-utils	5.2.0	xprocdoc	d7b22dd7925260003fbca91d89d0d26fb8d2f822
org.daisy.pipeline.modules.braille	liblouis-utils	6.0.0		660ee007d7dcc000d565a5ccc82afd3093c530ad
org.daisy.pipeline.modules.braille	liblouis-utils	6.0.0	doc	c78207802400b46e416a6ac7aabb1d3779a1e928
org.daisy.pipeline.modules.braille	liblouis-utils	6.0.0	linux	b67a75c2da0e881cef1b40b78ab2e1c610922bae
org.daisy.pipeline.modules.braille	liblouis-utils	6.0.0	mac	7bde6f74335931dfea9b48522e3f4d0ec1e7cebe
org.daisy.pipeline.modules.braille	liblouis-utils	6.0.0	windows	e3237a2f72d5280cc5ea3ce71da04832abba3833
org.daisy.pipeline.modules.braille	liblouis-utils	6.0.0	xprocdoc	3b3ac004b2bf43bfbc0e008a06caf9114b1491a7
org.daisy.pipeline.modules.braille	liblouis-utils	6.0.1		f4385d75ae3609c2f13771951915086f997537a2
org.daisy.pipeline.modules.braille	liblouis-utils	6.0.1	doc	2b9a14b08a8335cab60f0c89a4baa4e97c4665be
org.daisy.pipeline.modules.braille	liblouis-utils	6.0.1	linux	90846c199040b2680bce87fe922a548132af8554
org.daisy.pipeline.modules.braille	liblouis-utils	6.0.1	mac	0865637c311c35a3dfb9f8eae271662280cc6147
org.daisy.pipeline.modules.braille	liblouis-utils	6.0.1	windows	c95b2b62646472e61d752126b93317522e911bca
org.daisy.pipeline.modules.braille	liblouis-utils	6.0.1	xprocdoc	19a317cb15bbcb0a8fe35f7456403bdf6260fdc8
org.daisy.pipeline.modules.braille	liblouis-utils	6.0.2		55a0417d281cca82c49960962c609dccda8d7d0e
org.daisy.pipeline.modules.braille	liblouis-utils	6.0.2	doc	efeeb0c4b0aa735810a6a4128ddfd39f9422ad6a
org.daisy.pipeline.modules.braille	liblouis-utils	6.0.2	linux	66ded84331686cf6f91f262e3bafb43223593a89
org.daisy.pipeline.modules.braille	liblouis-utils	6.0.2	mac	4550a3a645de4bf0575c0948e945d3f7d03c50ae
org.daisy.pipeline.modules.braille	liblouis-utils	6.0.2	windows	a360e27f97b327ee0d5e251f19413e14ccd79030
org.daisy.pipeline.modules.braille	liblouis-utils	6.0.2	xprocdoc	57254722fc3c4b23f7f22bae79085fc6f779dc14
org.daisy.pipeline.modules.braille	liblouis-utils	6.1.0		47fb567fb2e8f6d156645c0d82da47d851c2d51e
org.daisy.pipeline.modules.braille	liblouis-utils	6.1.0	doc	6f71c575ad1c54998327901496e17484c6aef74d
org.daisy.pipeline.modules.braille	liblouis-utils	6.1.0	linux	5c694436e0d915f2e639ed99a07388accab666e4
org.daisy.pipeline.modules.braille	liblouis-utils	6.1.0	mac	db1fd5eeb915575514ddce7b27218ea0ccee93a6
org.daisy.pipeline.modules.braille	liblouis-utils	6.1.0	windows	a01a2bd92c2823ad4cfc9760477c34f1f14a296c
org.daisy.pipeline.modules.braille	liblouis-utils	6.1.0	xprocdoc	c40f4d866c8aeba4cb0ce386f4aa94ee4a84a449
org.daisy.pipeline.modules.braille	liblouis-utils	6.2.0		1273e9eb40d61898f24657ea642f2825d3111d88
org.daisy.pipeline.modules.braille	liblouis-utils	6.2.0	doc	f749643ea70184ac833b2364300d9618c4c94433
org.daisy.pipeline.modules.braille	liblouis-utils	6.2.0	linux	2b7ae47c5a7e37c0ef4ec52025e619da02b02aea
org.daisy.pipeline.modules.braille	liblouis-utils	6.2.0	mac	d15d73ec0be83df40bf3fbb56cbaead0db939ab1
org.daisy.pipeline.modules.braille	liblouis-utils	6.2.0	windows	3ddb9b1887216a8fb48e28df2f94d14a1e400a43
org.daisy.pipeline.modules.braille	liblouis-utils	6.2.0	xprocdoc	3b86c37c1d7bb20290ff4813c268c6e0b08dc7c2
org.daisy.pipeline.modules.braille	liblouis-utils	6.2.1		e31916108b01936da115b6ce15903792f110be9c
org.daisy.pipeline.modules.braille	liblouis-utils	6.2.1	doc	5e95b7f7f3dd08cd693d26a5e57d6dc8b3272c71
org.daisy.pipeline.modules.braille	liblouis-utils	6.2.1	linux	075c7c38962e56cc3bb245444ef2b7a6335c93dd
org.daisy.pipeline.modules.braille	liblouis-utils	6.2.1	mac	2564a82e65ceb9927691ec3b045d7b3184c453d3
org.daisy.pipeline.modules.braille	liblouis-utils	6.2.1	windows	4885aa9d1b842a2e4711ea046c457b52c3fd5041
org.daisy.pipeline.modules.braille	liblouis-utils	6.2.1	xprocdoc	8d9d41c61566d0f724f5521929a02aba6ab7368e
org.daisy.pipeline.modules.braille	liblouis-utils	6.2.2		a1d7834757fd9f2d6dd47c292552c83add3687ea
org.daisy.pipeline.modules.braille	liblouis-utils	6.2.2	doc	d33f1502217ed8a08dbc069e6e49a770164750f9
org.daisy.pipeline.modules.braille	liblouis-utils	6.2.2	linux	7cb1c91f1b5c069cdb8eb8686c35ee67f26dfcde
org.daisy.pipeline.modules.braille	liblouis-utils	6.2.2	mac	f70157eabf2ca141dd489e2bfeb20a89e4363baa
org.daisy.pipeline.modules.braille	liblouis-utils	6.2.2	windows	ba80aaca2f20af470896bde56f24a70030b73116
org.daisy.pipeline.modules.braille	liblouis-utils	6.2.2	xprocdoc	87536cc1936a88b194b8e5f31cd0a7e3e459b7f5
org.daisy.pipeline.modules.braille	liblouis-utils	6.2.3		fac4f9dbcf8ec90842552381ead40694868d92b0
org.daisy.pipeline.modules.braille	liblouis-utils	6.2.3	doc	85bcd5c061ce4d9d3137da22c4fcd93539a799d3
org.daisy.pipeline.modules.braille	liblouis-utils	6.2.3	linux	2515ff3d9fdc1994a0c8de2ebfb412da6b733ba3
org.daisy.pipeline.modules.braille	liblouis-utils	6.2.3	mac	fe10bea06b6827225186a738e2b95bba030370ea
org.daisy.pipeline.modules.braille	liblouis-utils	6.2.3	windows	cb47b6d64cd3c0fc07331dbfbc6468d3077705f6
org.daisy.pipeline.modules.braille	liblouis-utils	6.2.3	xprocdoc	8e64f5ed23393e21637c4447e514db21336a4040
org.daisy.pipeline.modules.braille	liblouis-utils	6.3.0		a5ba531c3ba83dec5ca97bed40c45b6ce3357306
org.daisy.pipeline.modules.braille	liblouis-utils	6.3.0	doc	b3dfbc65428dea67068a4dbddefca33886e8f164
org.daisy.pipeline.modules.braille	liblouis-utils	6.3.0	linux	fdc05c7b221119f68316e69bb873bf14a00f650d
org.daisy.pipeline.modules.braille	liblouis-utils	6.3.0	mac	d5623fb3f3e9dcb6c1d694d9e1ecb04b1b002b78
org.daisy.pipeline.modules.braille	liblouis-utils	6.3.0	windows	f89846ac8212b2e110dd65fd2464c2a4ae36ab65
org.daisy.pipeline.modules.braille	liblouis-utils	6.3.0	xprocdoc	209716709f482934ea901d31debd999d0f4b555d
org.dromara	hmily-config-etcd	2.1.0		04cdb300025041cdcd9b3bf619d9629636853677
org.dromara	hmily-config-etcd	2.1.1		ba8872bf5a37f389de2d7fb24f6e38dabe33034f
org.dromara	hmily-config-etcd	2.1.2		98e805936624a12441afb72825074b3277599420
org.eclipselabs.osgi-http-service-utils	org.eclipselabs.osgi-http-service-utils.tests	0.3.0		b7607ea5e98dc9c8f56496387e1ce6564f71acd6
org.eclipselabs.osgi-http-service-utils	org.eclipselabs.osgi-http-service-utils.tests	0.3.1		6abf20e4af64b2e63a0e03fe626db69a377a79b9
org.eclipselabs.osgi-http-service-utils	org.eclipselabs.osgi-http-service-utils.tests	0.3.2		79355e0998a6bd16f09a036fbb832097fa1ca4cc
org.eclipselabs.osgi-http-service-utils	org.eclipselabs.osgi-http-service-utils.tests	0.4.0		87efa45f984604c429a2fad1f105281cfbd28bcc
org.infinitenature.mtb	mtb	0.0.1		575e09cec2dd5408fd428c64cac60c1fdda58362
org.infinitenature.mtb	mtb	0.0.3		5ba383993f382c079fa326ccf650ce5e1b21db73
org.infinitenature.mtb	mtb	0.0.4		890ccf08a8d30c8dd652233d806c483953e68386
org.infinitenature.mtb	mtb	0.0.5		6867d267d500751ce51f9d4b55e6141fa71b7420
org.infinitenature.mtb	mtb	0.0.6		d5360ead10ba207a568fcaaae99e2437785f61a9
org.jboss.aerogear.test.arquillian	arquillian-non-deploying-container	0.1.0		a7757d7ec21bfa72b2ba9ea09de07203bf85298a
org.jboss.aerogear.test.arquillian	arquillian-non-deploying-container	0.2.0		5d3cf9bb8ec9fddf7796d8f87a31c57e7c53b533
org.jboss.aerogear.test.arquillian	arquillian-non-deploying-container	0.3.0		d06e44042c6b497269062bae83e0f22a55947cd4
org.jboss.aerogear.test.arquillian	arquillian-non-deploying-container	0.4.0		217ddc35e18f170edc5ad6c4663e5e26516fdd59
org.jboss.resteasy	resteasy-skeleton-key-as7	3.0-beta-1		ef2ca1b9c876d54d9dcc96d15d9f997fd7067677
org.jetbrains.compose.runtime	runtime-mingwx64	1.2.0		N/A
org.jetbrains.compose.runtime	runtime-mingwx64	1.2.0-beta01		N/A
org.jetbrains.compose.runtime	runtime-mingwx64	1.2.1		N/A
org.jetbrains.compose.runtime	runtime-mingwx64	1.2.2		N/A
org.jetbrains.compose.runtime	runtime-mingwx64	1.3.0		N/A
org.jetbrains.compose.runtime	runtime-mingwx64	1.3.1		N/A
org.jetbrains.compose.runtime	runtime-mingwx64	1.4.0		N/A
org.jetbrains.compose.runtime	runtime-mingwx64	1.4.1		N/A
org.jetbrains.compose.runtime	runtime-mingwx64	1.4.3		N/A
org.jetbrains.compose.runtime	runtime-mingwx64	1.5.0		N/A
org.jetbrains.compose.runtime	runtime-mingwx64	1.5.0-beta01		N/A
org.jetbrains.compose.runtime	runtime-mingwx64	1.5.0-beta02		N/A
org.jetbrains.compose.runtime	runtime-mingwx64	1.5.1		N/A
org.jetbrains.compose.runtime	runtime-mingwx64	1.5.10		N/A
org.jetbrains.compose.runtime	runtime-mingwx64	1.5.10-beta01		N/A
org.jetbrains.compose.runtime	runtime-mingwx64	1.5.10-beta02		N/A
org.jetbrains.compose.runtime	runtime-mingwx64	1.5.10-rc01		N/A
org.jetbrains.compose.runtime	runtime-mingwx64	1.5.10-rc02		N/A
org.jetbrains.compose.runtime	runtime-mingwx64	1.5.11		N/A
org.jetbrains.compose.runtime	runtime-mingwx64	1.5.12		N/A
org.jetbrains.compose.runtime	runtime-mingwx64	1.5.2		N/A
org.jetbrains.compose.runtime	runtime-mingwx64	1.5.3		N/A
org.jetbrains.compose.runtime	runtime-mingwx64	1.6.0		N/A
org.jetbrains.compose.runtime	runtime-mingwx64	1.6.0-alpha01		N/A
org.jetbrains.compose.runtime	runtime-mingwx64	1.6.0-beta01		N/A
org.jetbrains.compose.runtime	runtime-mingwx64	1.6.0-beta02		N/A
org.jetbrains.compose.runtime	runtime-mingwx64	1.6.0-rc01		N/A
org.jetbrains.compose.runtime	runtime-mingwx64	1.6.0-rc02		N/A
org.jetbrains.compose.runtime	runtime-mingwx64	1.6.0-rc03		N/A
org.jetbrains.compose.runtime	runtime-mingwx64	1.6.1		N/A
org.jetbrains.compose.runtime	runtime-mingwx64	1.6.10		N/A
org.jetbrains.compose.runtime	runtime-mingwx64	1.6.10-beta01		N/A
org.jetbrains.compose.runtime	runtime-mingwx64	1.6.10-beta02		N/A
org.jetbrains.compose.runtime	runtime-mingwx64	1.6.10-beta03		N/A
org.jetbrains.compose.runtime	runtime-mingwx64	1.6.10-rc01		N/A
org.jetbrains.compose.runtime	runtime-mingwx64	1.6.10-rc02		N/A
org.jetbrains.compose.runtime	runtime-mingwx64	1.6.10-rc03		N/A
org.jetbrains.compose.runtime	runtime-mingwx64	1.6.11		N/A
org.jetbrains.compose.runtime	runtime-mingwx64	1.6.2		N/A
org.jetbrains.compose.runtime	runtime-mingwx64	1.7.0		N/A
org.jetbrains.compose.runtime	runtime-mingwx64	1.7.0-alpha01		N/A
org.jetbrains.compose.runtime	runtime-mingwx64	1.7.0-alpha02		N/A
org.jetbrains.compose.runtime	runtime-mingwx64	1.7.0-alpha03		N/A
org.jetbrains.compose.runtime	runtime-mingwx64	1.7.0-beta01		N/A
org.jetbrains.compose.runtime	runtime-mingwx64	1.7.0-beta02		N/A
org.jetbrains.compose.runtime	runtime-mingwx64	1.7.0-rc01		N/A
org.jetbrains.compose.runtime	runtime-mingwx64	1.7.1		N/A
org.jetbrains.compose.runtime	runtime-mingwx64	1.7.3		N/A
org.jetbrains.compose.runtime	runtime-mingwx64	1.8.0-alpha01		N/A
org.jetbrains.compose.runtime	runtime-mingwx64	1.8.0-alpha02		N/A
org.jetbrains.compose.runtime	runtime-mingwx64	1.8.0-alpha03		N/A
org.jetbrains.compose.runtime	runtime-mingwx64	1.8.0-alpha04		N/A
org.jetbrains.compose.runtime	runtime-mingwx64	1.8.0-beta01		N/A
org.jetbrains.compose.runtime	runtime-mingwx64	1.8.0-beta02		N/A
org.jetbrains.compose.runtime	runtime-mingwx64	1.8.0-rc01		N/A
org.kaazing.mojo.signature	java18	1.0		N/A
org.microprofile-ext.config-ext	configsource-file	1.0.1		1dbcc41a664a9418b3600fb85cbf3f081c56e27f
org.mini2Dx	mini2dx-libgdx-android	2.0.0-alpha.33		N/A
org.mini2Dx	mini2dx-libgdx-android	2.0.0-alpha.34		N/A
org.mini2Dx	mini2dx-libgdx-android	2.0.0-alpha.40		N/A
org.mini2Dx	mini2dx-libgdx-android	2.0.0-alpha.41		N/A
org.mini2Dx	mini2dx-libgdx-android	2.0.0-alpha.43		N/A
org.mini2Dx	mini2dx-libgdx-android	2.0.0-alpha.50		N/A
org.mini2Dx	mini2dx-libgdx-android	2.0.0-alpha.51		N/A
org.mini2Dx	mini2dx-libgdx-android	2.0.0-alpha.52		N/A
org.mini2Dx	mini2dx-libgdx-android	2.0.0-alpha.53		N/A
org.mini2Dx	mini2dx-libgdx-android	2.0.0-alpha.54		N/A
org.mini2Dx	mini2dx-libgdx-android	2.0.0-alpha.55		N/A
org.mini2Dx	mini2dx-libgdx-android	2.0.0-alpha.56		N/A
org.mini2Dx	mini2dx-libgdx-android	2.0.0-alpha.57		N/A
org.mini2Dx	mini2dx-libgdx-android	2.0.0-alpha.58		N/A
org.mini2Dx	mini2dx-libgdx-android	2.0.0-alpha.59		N/A
org.mini2Dx	mini2dx-libgdx-android	2.0.0-alpha.60		N/A
org.mini2Dx	mini2dx-libgdx-android	2.0.0-alpha.61		N/A
org.mini2Dx	mini2dx-libgdx-android	2.0.0-alpha.62		N/A
org.mini2Dx	mini2dx-libgdx-android	2.0.0-alpha.63		N/A
org.mini2Dx	mini2dx-libgdx-android	2.0.0-alpha.64		N/A
org.mini2Dx	mini2dx-libgdx-android	2.0.0-alpha.65		N/A
org.mini2Dx	mini2dx-libgdx-android	2.0.0-alpha.66		N/A
org.mini2Dx	mini2dx-libgdx-android	2.0.0-alpha.67		N/A
org.mini2Dx	mini2dx-libgdx-android	2.0.0-alpha.68		N/A
org.mini2Dx	mini2dx-libgdx-android	2.0.0-alpha.69		N/A
org.mini2Dx	mini2dx-libgdx-android	2.0.0-alpha.70		N/A
org.mini2Dx	mini2dx-libgdx-android	2.0.0-alpha.71		N/A
org.mini2Dx	mini2dx-libgdx-android	2.0.0-alpha.72		N/A
org.mini2Dx	mini2dx-libgdx-android	2.0.0-alpha.73		N/A
org.mini2Dx	mini2dx-libgdx-android	2.0.0-alpha.74		N/A
org.mini2Dx	mini2dx-libgdx-android	2.0.0-alpha.75		N/A
org.mini2Dx	mini2dx-libgdx-android	2.0.0-alpha.76		N/A
org.mini2Dx	mini2dx-libgdx-android	2.0.0-alpha.77		N/A
org.mini2Dx	mini2dx-libgdx-android	2.0.0-alpha.79		N/A
org.mini2Dx	mini2dx-libgdx-android	2.0.0-alpha.80		N/A
org.mini2Dx	mini2dx-libgdx-android	2.0.0-alpha.81		N/A
org.mini2Dx	mini2dx-libgdx-android	2.0.0-alpha.82		N/A
org.mini2Dx	mini2dx-libgdx-android	2.0.0-alpha.83		N/A
org.mini2Dx	mini2dx-libgdx-android	2.0.0-alpha.84		N/A
org.mini2Dx	mini2dx-libgdx-android	2.0.0-alpha.85		N/A
org.mini2Dx	mini2dx-libgdx-android	2.0.0-alpha.86		N/A
org.mini2Dx	mini2dx-libgdx-android	2.0.0-alpha.87		N/A
org.mini2Dx	mini2dx-libgdx-android	2.0.0-alpha.88		N/A
org.mini2Dx	mini2dx-libgdx-android	2.0.0-alpha.89		N/A
org.mini2Dx	mini2dx-libgdx-android	2.0.0-alpha.90		N/A
org.mini2Dx	mini2dx-libgdx-android	2.0.0-alpha.92		N/A
org.mini2Dx	mini2dx-libgdx-android	2.0.0-alpha.93		N/A
org.mini2Dx	mini2dx-libgdx-android	2.0.0-alpha.95		N/A
org.mini2Dx	mini2dx-libgdx-android	2.0.0-alpha.96		N/A
org.mini2Dx	mini2dx-libgdx-android	2.0.0-alpha.97		N/A
org.mini2Dx	mini2dx-libgdx-android	2.0.0-alpha.98		N/A
org.mini2Dx	mini2dx-libgdx-android	2.0.0-beta.1		N/A
org.mini2Dx	mini2dx-libgdx-android	2.0.0-beta.10		N/A
org.mini2Dx	mini2dx-libgdx-android	2.0.0-beta.11		N/A
org.mini2Dx	mini2dx-libgdx-android	2.0.0-beta.12		N/A
org.mini2Dx	mini2dx-libgdx-android	2.0.0-beta.14		N/A
org.mini2Dx	mini2dx-libgdx-android	2.0.0-beta.15		N/A
org.mini2Dx	mini2dx-libgdx-android	2.0.0-beta.16		N/A
org.mini2Dx	mini2dx-libgdx-android	2.0.0-beta.17		N/A
org.mini2Dx	mini2dx-libgdx-android	2.0.0-beta.18		N/A
org.mini2Dx	mini2dx-libgdx-android	2.0.0-beta.2		N/A
org.mini2Dx	mini2dx-libgdx-android	2.0.0-beta.3		N/A
org.mini2Dx	mini2dx-libgdx-android	2.0.0-beta.4		N/A
org.mini2Dx	mini2dx-libgdx-android	2.0.0-beta.5		N/A
org.mini2Dx	mini2dx-libgdx-android	2.0.0-beta.6		N/A
org.mini2Dx	mini2dx-libgdx-android	2.0.0-beta.7		N/A
org.mini2Dx	mini2dx-libgdx-android	2.0.0-beta.8		N/A
org.mini2Dx	mini2dx-libgdx-android	2.0.0-beta.9		N/A
org.mule.tests	mule-marvel-extension	4.0.0-BETA.4		c92b9e2da3c8a6bd719d1bea4606e16d9354638c
org.mule.tests	mule-marvel-extension	4.0.0-BETA.4	mule-plugin	d8c625f53483e7af432dc790590ec7be5bff6ccd
org.mule.tests	mule-marvel-extension	4.0.0-rc		075ca691f9b69d9d608b7ad3b56caf4a6b1e7cdd
org.mule.tests	mule-marvel-extension	4.0.0-rc	mule-plugin	fc2a4287ea289badcfed6fd020314946dacc8468
org.mule.tests	mule-marvel-extension	4.1.1		13fbe3edb9e60c97a2d8d7017fc710202de9279a
org.mule.tests	mule-marvel-extension	4.1.1	mule-plugin	2e6b8f3831d6d1840ff86d3100f555d23dbf3113
org.ow2.joram	joram-mom-extensions-scheduler	5.10.0		b1985531f16030cd016e4dbcc9c7dde834d3e52f
org.ow2.joram	joram-mom-extensions-scheduler	5.11.0		f080be2475d6efdb61439d9ad5c1962b5e3138b9
org.ow2.joram	joram-mom-extensions-scheduler	5.12.0		aa9e4ff888dc7be4eebdf4f3765acd1a859a04d1
org.ow2.joram	joram-mom-extensions-scheduler	5.13.0		b14cb23d7abd6fb4cb82f6e6e5a2b755e01b6c48
org.ow2.joram	joram-mom-extensions-scheduler	5.13.1		959f04152e238f232feabf845b1c282755eb1b23
org.ow2.joram	joram-mom-extensions-scheduler	5.14.0		2fd26068134c476bbbab6adbbcea88330098e7cc
org.ow2.joram	joram-mom-extensions-scheduler	5.15.0		eec6d01005ff13c56cd9c04d0ce27af105997264
org.ow2.joram	joram-mom-extensions-scheduler	5.16.0		65c489eceb88555c0a5fd5fd269d82621943266e
org.ow2.joram	joram-mom-extensions-scheduler	5.16.1		f02d82805f162adb89830216a997835de8583217
org.ow2.joram	joram-mom-extensions-scheduler	5.16.2		34b7fb8f2980950d70bab7383df6903afd4f16ec
org.ow2.joram	joram-mom-extensions-scheduler	5.16.3		c7c7d91933285935eeca8729f21585e05aacab71
org.ow2.joram	joram-mom-extensions-scheduler	5.16.4		6a3430354d29043248bb0c5f54fee47eea018688
org.ow2.joram	joram-mom-extensions-scheduler	5.17.0		e8d57899520fa3ba38677f29dc9cfe56f3a1b6b4
org.ow2.joram	joram-mom-extensions-scheduler	5.17.0-RC1		b608d5d7650ea928b5409fff2c03c860808aef76
org.ow2.joram	joram-mom-extensions-scheduler	5.17.0-RC2		9693844afc0605b6ac18ff4b653b5775347f76f4
org.ow2.joram	joram-mom-extensions-scheduler	5.17.1		bced973b704377e34e69ab9b325b12895eb2850b
org.ow2.joram	joram-mom-extensions-scheduler	5.17.2		3ea64930ffa29520eef4bdca1c65400066b7cccf
org.ow2.joram	joram-mom-extensions-scheduler	5.17.3		93a905de471c3f646a437d04c4626f8533dbcd1f
org.ow2.joram	joram-mom-extensions-scheduler	5.17.4		555d54c5a620e62db03b8a1465cdc87f4431fa54
org.ow2.joram	joram-mom-extensions-scheduler	5.17.5		0415c13ea035eeb222afb6f7fd88af8aa6148f94
org.ow2.joram	joram-mom-extensions-scheduler	5.17.6		1e6e7dd523d5c1864c90707c8fb20a81d378bb98
org.ow2.joram	joram-mom-extensions-scheduler	5.18.0		d15b6b723a6bc4aa52afdf1dc073a424e8795a04
org.ow2.joram	joram-mom-extensions-scheduler	5.19.0		7b653e323ffcd14baaf78319d048cb60ed056087
org.ow2.joram	joram-mom-extensions-scheduler	5.19.1		c3fcae30fe7e1292a0fcbfe0e79103fc93fde2c7
org.ow2.joram	joram-mom-extensions-scheduler	5.20.0		eeac8e34c5fa3d5f4c9b474c9cdfbf756e142aaf
org.ow2.joram	joram-mom-extensions-scheduler	5.21.0		d54acccb8663439c5cfcc66b422f13b7eaa6de7e
org.ow2.joram	joram-mom-extensions-scheduler	5.21.1		510bd1af358f235b3d2445b6422d23273a0612c7
org.ow2.joram	joram-mom-extensions-scheduler	5.22.0		d9585a253dc8226a5b19b66a4723efcf6ffda4f0
org.ow2.joram	joram-mom-extensions-scheduler	5.22.0-EFLUID		2b77b3a8958346c9d3e94eebed2dcdb01bdda7e7
org.ow2.joram	joram-mom-extensions-scheduler	5.22.1		f3cbef6c46bf030c74b7ad790a3ebfd0d2fa6ae5
org.ow2.joram	joram-mom-extensions-scheduler	5.23.0		071e872db0eb72ab3e108f708cc72066d00930ab
org.ow2.joram	joram-mom-extensions-scheduler	5.7.1		77f305460296e45f3e4600d0d43f1db017cf4f75
org.ow2.joram	joram-mom-extensions-scheduler	5.8.0		7dbe8ca2c66243c2573058a76e9b04a6e5cc4574
org.ow2.joram	joram-mom-extensions-scheduler	5.8.1		c08055bcf9f013697615142f73b229f9432152cb
org.ow2.joram	joram-mom-extensions-scheduler	5.9.0		26f77442e5eff977b88b82ebfe36d5b8f4210404
org.ow2.joram	joram-mom-extensions-scheduler	5.9.1		e6e1ef7be34cb63233bdb0fec0dd56d75b7315a4
org.webjars.npm	is-promise	2.1.0		2c27064af9eb48b31c65648f493b7f3a277ea806
org.webjars.npm	is-promise	2.2.2		87012e9027a58d10d556c7893123442e3e559a87
org.webjars.npm	is-promise	4.0.0		16febab07c3fefc73d203d5372d7ade1711b6a17
org.wso2.carbon.commons	org.wso2.carbon.user.mgt.stub	4.3.0		7442eade945eb69836b8e4d4a72335c52cb3167d
org.wso2.carbon.commons	org.wso2.carbon.user.mgt.stub	4.3.1		320e7cfdf30b5e639524c12ed98ad4b93e51240d
org.wso2.carbon.commons	org.wso2.carbon.user.mgt.stub	4.3.2		f5ae976b1acb7f8b39957d45df99ab8c1c5e5392
org.wso2.carbon.commons	org.wso2.carbon.user.mgt.stub	4.3.3		3b42c62764fc447eb916be5ab3feaf003d83b1ff
org.wso2.carbon.commons	org.wso2.carbon.user.mgt.stub	4.3.4		73d7b568c01cceee9e8b7909ccd07166460c62f2
org.wso2.carbon.commons	org.wso2.carbon.user.mgt.stub	4.3.5		5078165ad5feac989a4435806b1beb29417ae36a
org.wso2.carbon.commons	org.wso2.carbon.user.mgt.stub	4.3.6		13e38f43f3231bb001b06de01eafe9b83afe64de
org.wso2.carbon.commons	org.wso2.carbon.user.mgt.stub	4.4.0		65dcaadd565b8e3de4f3d080a45401ecdb2ad7b3
org.wso2.carbon.commons	org.wso2.carbon.user.mgt.stub	4.4.1		60093307f69be15e1afa9b438c4d7a7d4cd5e966
org.wso2.carbon.commons	org.wso2.carbon.user.mgt.stub	4.4.2		19d416b218fc0984c500585aa162fbb3ebd907b5
org.wso2.carbon.commons	org.wso2.carbon.user.mgt.stub	4.4.3		5b686f4849f3439a9e5ceadfc86522e0a35de6b9
org.wso2.carbon.commons	org.wso2.carbon.user.mgt.stub	4.4.4		6d9a4d53464f2fd22c4819e9b7e6568d7d372941
org.wso2.carbon.commons	org.wso2.carbon.user.mgt.stub	4.4.5		1d319d3227d066f2ce85c41ee79bbda92b380075
org.wso2.carbon.commons	org.wso2.carbon.user.mgt.stub	4.4.6		e5503187ddfd2d99d45d4b9e841a2d4f91aafceb
org.wso2.carbon.commons	org.wso2.carbon.user.mgt.stub	4.4.7		134f2e5457b238a462cc067639d7a915b0c46133
org.wso2.carbon.commons	org.wso2.carbon.user.mgt.stub	4.4.8		b827b94291739e78afd792169893e1b464e796eb
org.wso2.carbon.commons	org.wso2.carbon.user.mgt.stub	4.4.9		c2db9a942b5ac3a5b1bf0ad65214de41d7950e4e
se.vgregion.iFeed	iFeed-core-bc	1.0		N/A
se.vgregion.iFeed	iFeed-core-bc	1.1		N/A
se.vgregion.iFeed	iFeed-core-bc	1.10		N/A
se.vgregion.iFeed	iFeed-core-bc	1.2		N/A
se.vgregion.iFeed	iFeed-core-bc	1.3		N/A
se.vgregion.iFeed	iFeed-core-bc	1.4		N/A
se.vgregion.iFeed	iFeed-core-bc	1.5		N/A
se.vgregion.iFeed	iFeed-core-bc	1.8		N/A
