com.benasher44	uuid-wasm	0.8.0		N/A
com.benasher44	uuid-wasm	0.8.1		N/A
com.composables.core	core-iosarm64	1.5.0		N/A
com.composables.core	core-iosarm64	1.5.0	metadata	bf9217ab937cf2779ae161f32f39eae798dfd85c
com.elpassion.android.commons	rxjava2-test	0.0.15		N/A
com.elpassion.android.commons	rxjava2-test	0.0.17		N/A
com.elpassion.android.commons	rxjava2-test	0.0.19		N/A
com.elpassion.android.commons	rxjava2-test	0.0.20		N/A
com.elpassion.android.commons	rxjava2-test	0.0.21		N/A
com.gabrielittner.renderer	connect-rx	0.2.0		N/A
com.gabrielittner.renderer	connect-rx	0.2.1		N/A
com.gabrielittner.renderer	connect-rx	0.3.0		N/A
com.gabrielittner.renderer	connect-rx	0.4.0		N/A
com.gabrielittner.renderer	connect-rx	0.5.0		N/A
com.gabrielittner.renderer	connect-rx	0.6.0		N/A
com.gabrielittner.renderer	connect-rx	0.7.0		N/A
com.github.a524631266	jmock-parent	1.0.0		N/A
com.github.a524631266	jmock-parent	1.1.0		N/A
com.github.a524631266	jmock-parent	1.1.1		N/A
com.github.a524631266	jmock-parent	1.1.2		N/A
com.github.codechimp-org.apprater	library	1.0.1		N/A
com.github.codechimp-org.apprater	library	1.0.10		N/A
com.github.codechimp-org.apprater	library	1.0.11		N/A
com.github.codechimp-org.apprater	library	1.0.12		N/A
com.github.codechimp-org.apprater	library	1.0.13		N/A
com.github.codechimp-org.apprater	library	1.0.14		N/A
com.github.codechimp-org.apprater	library	1.0.15		N/A
com.github.codechimp-org.apprater	library	1.0.16		N/A
com.github.codechimp-org.apprater	library	1.0.17		N/A
com.github.codechimp-org.apprater	library	1.0.2		N/A
com.github.codechimp-org.apprater	library	1.0.20		N/A
com.github.codechimp-org.apprater	library	1.0.21		N/A
com.github.codechimp-org.apprater	library	1.0.22		N/A
com.github.codechimp-org.apprater	library	1.0.23		N/A
com.github.codechimp-org.apprater	library	1.0.25		N/A
com.github.codechimp-org.apprater	library	1.0.26		N/A
com.github.codechimp-org.apprater	library	1.0.27		N/A
com.github.codechimp-org.apprater	library	1.0.28		N/A
com.github.codechimp-org.apprater	library	1.0.29		N/A
com.github.codechimp-org.apprater	library	1.0.3		N/A
com.github.codechimp-org.apprater	library	1.0.30		N/A
com.github.codechimp-org.apprater	library	1.0.31		N/A
com.github.codechimp-org.apprater	library	1.0.32		N/A
com.github.codechimp-org.apprater	library	1.0.33		N/A
com.github.codechimp-org.apprater	library	1.0.34		N/A
com.github.codechimp-org.apprater	library	1.0.35		N/A
com.github.codechimp-org.apprater	library	1.0.4		N/A
com.github.codechimp-org.apprater	library	1.0.5		N/A
com.github.codechimp-org.apprater	library	1.0.6		N/A
com.github.codechimp-org.apprater	library	1.0.7		N/A
com.github.codechimp-org.apprater	library	1.0.8		N/A
com.github.codechimp-org.apprater	library	1.0.9		N/A
com.github.developframework	develop-framework-application-parent	0.1		N/A
com.github.developframework	develop-framework-application-parent	0.2		N/A
com.github.developframework	develop-framework-application-parent	0.3		N/A
com.github.lltyk	tapestry-spring-security	3.0.2		d0e93fc4725b5c50c4f6525cfbf268343ecf3eb3
com.github.lltyk	tapestry-spring-security	3.0.3		c3df9f7702688b4f20d25336f6b3367f8d86baf6
com.github.lltyk	tapestry-spring-security	3.0.4		7c7b0995bde4b387b0233c10d5876c50dd2e1cbd
com.github.lltyk	tapestry-spring-security	3.0.5		7f46f8a1506307803bad4832121aed0e33b70f5f
com.github.shynixn.structureblocklib	bukkit-nms-113R2	2.0.0		913e2d486380d1a3c76078d4047d7cc7b60aba3c
com.github.shynixn.structureblocklib	bukkit-nms-113R2	2.1.0		320f887cc47b84778ac6abbe32c46e924f0c1548
com.github.shynixn.structureblocklib	bukkit-nms-113R2	2.10.0		eafc7a58415f950442ac616e9e62fc18ed21fbfd
com.github.shynixn.structureblocklib	bukkit-nms-113R2	2.11.0		36bc61478391461dcb4ef4a927abcaa28da2b3d6
com.github.shynixn.structureblocklib	bukkit-nms-113R2	2.12.0		1b30dbaf7c359312cd57cbd4d66947760088c4b4
com.github.shynixn.structureblocklib	bukkit-nms-113R2	2.13.0		c836005d88fc6758c596690242b26e787c51fe5b
com.github.shynixn.structureblocklib	bukkit-nms-113R2	2.2.0		a7552b5985d6633813aa5ac00593f179fa700d8f
com.github.shynixn.structureblocklib	bukkit-nms-113R2	2.2.1		473371f5f6978558432dadd5644cf77ea4ad7b08
com.github.shynixn.structureblocklib	bukkit-nms-113R2	2.2.2		f5d157e4a8c12086758838a5c91d9572887f06ef
com.github.shynixn.structureblocklib	bukkit-nms-113R2	2.3.0		33747545e65bf9e392fd19fd243e92d424eb880b
com.github.shynixn.structureblocklib	bukkit-nms-113R2	2.4.0		1f60c39e67b1cb587dfd49e8e5e338ef04f65c40
com.github.shynixn.structureblocklib	bukkit-nms-113R2	2.5.0		4c1b802899ba42afeb2bf7f548b14ecfcbe06561
com.github.shynixn.structureblocklib	bukkit-nms-113R2	2.6.0		759bfbc898fc3f08d930fdf3b5cd044615a19818
com.github.shynixn.structureblocklib	bukkit-nms-113R2	2.7.0		d5aecdf67b778eee51a4fca169593954d4488671
com.github.shynixn.structureblocklib	bukkit-nms-113R2	2.8.0		e06559fba8b7476a71ac9c85327817f94fa252cf
com.github.shynixn.structureblocklib	bukkit-nms-113R2	2.9.0		87055753709262c79580fb8faafd0c82647eb9cf
com.github.xuwei-k	zeroapply_3.0.0-M3	0.4.1		d11ae0aff5d9708654b311cffb22d2c92ae46228
com.gluonhq	connect	1.0.0		3a2390139c85571bbf048950ebd37c2cf3e336b3
com.gluonhq	connect	1.0.1		6d6ad5398884fa007df9b1b0819f2a6dc3835546
com.gluonhq	connect	1.1.0		38418454d9e2ec894cda55c9b442cc246cb72151
com.gluonhq	connect	1.2.0		747f43ce8ff6ff2e650862afcb759fdd1354f6d2
com.gluonhq	connect	1.3.0		c4546b2916331f9d0741f3dd99db4a2bc69b784e
com.gluonhq	connect	1.4.0		8fa978945ad8a78d1aa565a212c92920b0c52beb
com.gluonhq	connect	1.4.1		9add2bdea1d3ff28f71de9f766eda7778c3196a7
com.gluonhq	connect	1.4.2		3b25d89d3d97a05b5fc86143b5051eded273bf68
com.gluonhq	connect	1.4.3		6421e849ffdfd632af6f99637e1a2bcf720fce47
com.gluonhq	connect	1.4.4		ca7de926360d67219f779ce4d599dffb874bd243
com.gluonhq	connect	1.5.0		58c8815d7b4117541174a9d5a04820e04e3aa20b
com.gluonhq	connect	2.0.1		077769cd40458642e71b2b6aedda07bb4b31b1dc
com.hmilyylimh.cloud	dubbo-feign-spring-boot-starter	1.0.0		efc56307e4046cd76463056c4b3c98cc571ecf65
com.hmilyylimh.cloud	dubbo-feign-spring-boot-starter	1.0.1		c88177ce22813f327423a01e15f2c268848990e3
com.hmilyylimh.cloud	dubbo-feign-spring-boot-starter	1.0.2		9690615c82011397991de6e2514cf44b2ee21ca9
com.idwise	device-intel-shield	5.4.0.1		N/A
com.idwise	device-intel-shield	5.4.0.2		N/A
com.idwise	device-intel-shield	5.4.0.3		N/A
com.innoventsolutions.birt.runtime	org.eclipse.equinox.common_3.10.0.v20180412-1130	4.8.0		8758736e97bb84bf59f73013073abdc44a4e5602
com.jiangyc	platform-core	0.0.1		33b8e864f51a47a20b6ad2c832dc7abe8d4d3b51
com.ksyun	ksyun-java-sdk	1.0.1		8a2d32e9a697951e9b4b833d7e63de5810485cbd
com.ksyun	ksyun-java-sdk	1.0.2		5aac0160e443748a1006d85fc693c02e2aa63c9d
com.ksyun	ksyun-java-sdk	1.0.3		cf198816ce9ffb7fa3eeac1f72f63358f4186a38
com.ksyun	ksyun-java-sdk	1.0.4		22f413e926534face22f8250f3dc7507d7a9eb8b
com.ksyun	ksyun-java-sdk	1.0.6		dde6e96fbbd29e701e0346a9a26eac13a39be6aa
com.ksyun	ksyun-java-sdk	1.0.7		3ce29afa71eb2c58afb5a68bfaa473a772deee38
com.ksyun	ksyun-java-sdk	1.0.8		24ac36a52e2a7b60da3e53e3e72ca1ed8189d023
com.ksyun	ksyun-java-sdk	1.0.9		f4ca3ffdbc5b7e8836c63863bf3ff8acb08f43bf
com.ksyun	ksyun-java-sdk	1.1.0		0c614817c18823c16c6f251990c361868a7e3283
com.ksyun	ksyun-java-sdk	1.1.1		44a6a876881684023380d62178c039c1c0aed95d
com.ksyun	ksyun-java-sdk	1.1.2		5b00226e66a4b5a3d989d2590618463f5d7770a6
com.ksyun	ksyun-java-sdk	1.1.3		8b028a34d3a830e680c1107d349bdd90b6e85553
com.ksyun	ksyun-java-sdk	1.1.4		b67e2990c92996d9b0509f8c9af7a05a7e32a420
com.ksyun	ksyun-java-sdk	1.1.5		6b52218f7cce52b9af9b00ecb9bb76467c8408d4
com.ksyun	ksyun-java-sdk	1.1.6		70dde9605fd83bff21850f8abd9adb5db4ecf8a0
com.ksyun	ksyun-java-sdk	1.1.7		7fc0e7b63436544304b3efb86746eb9cf23bdc4d
com.ksyun	ksyun-java-sdk	1.1.8		22c6e18d4acdf8f307b8ae88b5e0a86e4e2ac027
com.ksyun	ksyun-java-sdk	1.1.9		a9661a275f9217b77726d2b5128faa44ebecd07d
com.ksyun	ksyun-java-sdk	1.2.0		1083293bb625a0bab63cac13ea24e842854f78d2
com.ksyun	ksyun-java-sdk	1.2.1		ff2c971487b58d224d59b13b132a2a96513e7dfa
com.ksyun	ksyun-java-sdk	1.2.2		8777661ababf764cddc8ada598cc201e978378c7
com.ksyun	ksyun-java-sdk	1.2.3		150f5cce1a428b7b83714985a13743226cbd8071
com.ksyun	ksyun-java-sdk	1.2.4		4c6151ede2560335f066b7f8222bb85265506865
com.ksyun	ksyun-java-sdk	1.2.5		e21e0b9ddd8832198e779f9b221443f1f9b28e69
com.ksyun	ksyun-java-sdk	1.3.3		e5a7a7e2abb419d98c4a835ceebb75dffdea1ddd
com.ksyun	ksyun-java-sdk	1.3.4		587b2a4fa2d8d48a214f85a08f2c50fa6f67b330
com.ksyun	ksyun-java-sdk	1.3.6		59c7fcde250c21df1c6ef5b2ac888410f47b2344
com.ksyun	ksyun-java-sdk	1.3.7		89e078cd9179d4eb2c0a2eb7f909f7cbf6a6cae1
com.ksyun	ksyun-java-sdk	1.4.3		701e3b9cf0dcb011c8c058dc9af93b0ab541ea8e
com.ksyun	ksyun-java-sdk	1.5.3		281507a9bc71eec972e2999d9190ea370644e383
com.ksyun	ksyun-java-sdk	1.5.4		77b0fb9556b1970bf7b4692051872d2510e9d857
com.ksyun	ksyun-java-sdk	1.5.5		326fa25eb5f2e07815f985b718ec0db0e51a3839
com.ksyun	ksyun-java-sdk	1.5.6		c3499f5a97fd641dec919f945474ee1e2fce24a1
com.ksyun	ksyun-java-sdk	1.5.8		f6a4ed2dc60c4ca81700b377f8137e3d2a0c8900
com.ksyun	ksyun-java-sdk	1.5.9		4cb34615e93e297449c2af28ebbf34f9c280da17
com.ksyun	ksyun-java-sdk	1.6.0		5a898d90b869f53c83cc9e288b183f23ddd9da9c
com.ksyun	ksyun-java-sdk	1.6.3		85fd9b1f881cc6f46270258513a0facb4546ee0e
com.ksyun	ksyun-java-sdk	1.6.4		790d61d514fc9c7249b185412379c03f0d8ce8b6
com.ksyun	ksyun-java-sdk	1.6.5		fbea10b60ef86270a21d684dfbb732c182789f7a
com.ksyun	ksyun-java-sdk	1.6.7		c01cf17e995dfb2de9554d3fbfd530a540a4cea1
com.ksyun	ksyun-java-sdk	1.6.8		5932c826fb5d02afd839c1c1802e460868266d6f
com.ksyun	ksyun-java-sdk	1.6.9		20bb4abc6471127fc4621715ab91d7b1a24d9f06
com.ksyun	ksyun-java-sdk	1.7.0		6128fca19944bc146cd38d9dbc7171e91afa3122
com.ksyun	ksyun-java-sdk	1.7.1		51634edc01ffb571370e334757a6921e985b0473
com.ksyun	ksyun-java-sdk	1.7.2		ee6cfbc57dd82cdbf7bc8b3d53f9c531eee27e6b
com.ksyun	ksyun-java-sdk	1.7.3		ccb4591b0fa853a56a3c5662a3ec58b8cb0996d6
com.ksyun	ksyun-java-sdk	1.7.4		4d2cebe8386c5ab6b6992f06c54b1aaf7e7382e7
com.ksyun	ksyun-java-sdk	1.7.5		0d967f858ff83ff59c2c854125977875a91b15cc
com.ksyun	ksyun-java-sdk	1.7.6		34785538068bfb0577ee43aa59d158f4e80b43d4
com.ksyun	ksyun-java-sdk	1.7.7		586439f9f1ba89d363d02fc7ceb2f98e4aebbebd
com.ksyun	ksyun-java-sdk	1.7.8		ffddd523839b90e804b55fe5b14e8d7512e7e8fa
com.ksyun	ksyun-java-sdk	1.7.9		9811c0ef47b9186bf24aa87c819c58a0fa1c2fd1
com.ksyun	ksyun-java-sdk	1.8.0		c855bd0316394f5956ec3bea1dd4e78b877b7d24
com.ksyun	ksyun-java-sdk	1.8.1		971ca867ae33861aac4ba1b3f5f8c9d101a3e803
com.ksyun	ksyun-java-sdk	1.8.4		ea0721cbe7a1250f24921baa3c789200b2c079aa
com.lihaoyi	amm-repl-2.12.6_2.12	1.0.5-25-b3b801e8		45f67da59265eaa7bcf14c1b76b4138afa91549a
com.manydesigns	portofino-spring-boot-with-dispatcher	5.3.3		225dbd6c55fe5b26ac1e3adc8c5f88fef8cd1408
com.manydesigns	portofino-spring-boot-with-dispatcher	5.3.3	standalone	828065d33a7d823d527d664f4b01b60908ee6c0e
com.michaeltroger	latin-to-cyrillic-wasm-wasi	2.0.0		N/A
com.outr	moduload_3.0.0-RC3	1.1.4		4945e5142198cd609ccbb38245a27751471b8c1a
com.projectdarkstar.example.projectsnowman	snowman-client	0.1		ebbc2fdeb1ae46457c14e7dd5b15c2ce814e2e93
com.slack.circuit	circuit-foundation-iosx64	0.10.0		N/A
com.slack.circuit	circuit-foundation-iosx64	0.10.0	metadata	a871be17bb926eff18a092350f7ddae22ea82229
com.slack.circuit	circuit-foundation-iosx64	0.10.1		N/A
com.slack.circuit	circuit-foundation-iosx64	0.10.1	metadata	cbdaa317ffdb41c914064a2465940dc7ac7c3a36
com.slack.circuit	circuit-foundation-iosx64	0.11.0		N/A
com.slack.circuit	circuit-foundation-iosx64	0.11.0	metadata	ac35ff4846c10f855d6199573f773d19044f586a
com.slack.circuit	circuit-foundation-iosx64	0.12.0		N/A
com.slack.circuit	circuit-foundation-iosx64	0.12.0	metadata	2184692e71fdc4337a845a754210984b10900170
com.slack.circuit	circuit-foundation-iosx64	0.12.1		N/A
com.slack.circuit	circuit-foundation-iosx64	0.12.1	metadata	2184692e71fdc4337a845a754210984b10900170
com.slack.circuit	circuit-foundation-iosx64	0.13.0-beta01		N/A
com.slack.circuit	circuit-foundation-iosx64	0.13.0-beta01	metadata	440f75497a843241933703ec9cd740c77b307047
com.slack.circuit	circuit-foundation-iosx64	0.14.0		N/A
com.slack.circuit	circuit-foundation-iosx64	0.14.0	metadata	c3e860af68a8875210caa7a944615de8b0834e23
com.slack.circuit	circuit-foundation-iosx64	0.14.1		N/A
com.slack.circuit	circuit-foundation-iosx64	0.14.1	metadata	618b1f2a717d8f282e4446ef14b8c320aed1b047
com.slack.circuit	circuit-foundation-iosx64	0.15.0		N/A
com.slack.circuit	circuit-foundation-iosx64	0.15.0	metadata	ce1ccacac014f658e6204b6ef9c95cc1a947297f
com.slack.circuit	circuit-foundation-iosx64	0.16.0		N/A
com.slack.circuit	circuit-foundation-iosx64	0.16.0	metadata	5876b14132b1e0f6249861d37053e7610d2ccf29
com.slack.circuit	circuit-foundation-iosx64	0.16.1		N/A
com.slack.circuit	circuit-foundation-iosx64	0.16.1	metadata	03e31fc711b490a58d0506365860120d40ef94d6
com.slack.circuit	circuit-foundation-iosx64	0.17.0		N/A
com.slack.circuit	circuit-foundation-iosx64	0.17.0	metadata	65559b56c4525ca873af64c024e567dc0a3f1a94
com.slack.circuit	circuit-foundation-iosx64	0.17.1		N/A
com.slack.circuit	circuit-foundation-iosx64	0.17.1	metadata	71cfba31f7d76bdedccd79ee2eef80fcd83c3c5f
com.slack.circuit	circuit-foundation-iosx64	0.18.0		N/A
com.slack.circuit	circuit-foundation-iosx64	0.18.0	metadata	87b7dbabb442f9f52fd798a26426553f6708cd59
com.slack.circuit	circuit-foundation-iosx64	0.18.1		N/A
com.slack.circuit	circuit-foundation-iosx64	0.18.1	metadata	87b7dbabb442f9f52fd798a26426553f6708cd59
com.slack.circuit	circuit-foundation-iosx64	0.18.2		N/A
com.slack.circuit	circuit-foundation-iosx64	0.18.2	metadata	9a5046e09668fdf025b537e5b7cab1553cdf4ab5
com.slack.circuit	circuit-foundation-iosx64	0.19.0		N/A
com.slack.circuit	circuit-foundation-iosx64	0.19.0	metadata	3d6dd80e675c5adad6b9469d770698e56943fb73
com.slack.circuit	circuit-foundation-iosx64	0.19.1		N/A
com.slack.circuit	circuit-foundation-iosx64	0.19.1	metadata	50119618e9b90192287659c485e6654531b03888
com.slack.circuit	circuit-foundation-iosx64	0.20.0		N/A
com.slack.circuit	circuit-foundation-iosx64	0.20.0	metadata	a8a271f2d7f1de8e453f3df5fb6cb91a8f75e25c
com.slack.circuit	circuit-foundation-iosx64	0.21.0		N/A
com.slack.circuit	circuit-foundation-iosx64	0.21.0	metadata	a3f7ace5e563a86eb217d000e7d6c652453387d9
com.slack.circuit	circuit-foundation-iosx64	0.21.1		N/A
com.slack.circuit	circuit-foundation-iosx64	0.21.1	metadata	79a91406594bcffd6623d7616f0a043e780e43df
com.slack.circuit	circuit-foundation-iosx64	0.21.2		N/A
com.slack.circuit	circuit-foundation-iosx64	0.21.2	metadata	e71b52cb327e64545b0f8c8a5aa81bfc3ec791ef
com.slack.circuit	circuit-foundation-iosx64	0.22.0		N/A
com.slack.circuit	circuit-foundation-iosx64	0.22.0	metadata	23481ec91095863c29c42f5ec5c1166e1ad44638
com.slack.circuit	circuit-foundation-iosx64	0.22.1		N/A
com.slack.circuit	circuit-foundation-iosx64	0.22.1	metadata	1fb77802c67b3d4e6b2bd4ac40c5e1ddbc3e6b2b
com.slack.circuit	circuit-foundation-iosx64	0.22.2		N/A
com.slack.circuit	circuit-foundation-iosx64	0.22.2	metadata	2c9e49fd4d1383b9af2c8e86b895157cfe75b92a
com.slack.circuit	circuit-foundation-iosx64	0.23.0		N/A
com.slack.circuit	circuit-foundation-iosx64	0.23.0	metadata	c55a5b9ec28d106b700eb060a044ebbb4ecc2369
com.slack.circuit	circuit-foundation-iosx64	0.23.1		N/A
com.slack.circuit	circuit-foundation-iosx64	0.23.1	metadata	1905be86703ef4d64695b90ec449cc5af756e3c9
com.slack.circuit	circuit-foundation-iosx64	0.24.0		N/A
com.slack.circuit	circuit-foundation-iosx64	0.24.0	metadata	d6bfcc0aa98a534afeacc0cdfa91c9b7c0a803ef
com.slack.circuit	circuit-foundation-iosx64	0.24.0-alpha01-compose17		N/A
com.slack.circuit	circuit-foundation-iosx64	0.24.0-alpha01-compose17	metadata	4586611575a17c2167338b32ee6958e31f55612e
com.slack.circuit	circuit-foundation-iosx64	0.25.0		N/A
com.slack.circuit	circuit-foundation-iosx64	0.25.0	metadata	280efdd2573027e1952202a1974377ac2658f3ef
com.slack.circuit	circuit-foundation-iosx64	0.26.0		N/A
com.slack.circuit	circuit-foundation-iosx64	0.26.0	metadata	fb167a3ad6b25ddfb9863833fd645d8a1aacd45b
com.slack.circuit	circuit-foundation-iosx64	0.26.1		N/A
com.slack.circuit	circuit-foundation-iosx64	0.26.1	metadata	4baa652fc23000d1be918deaf6af0f28733b3c06
com.slack.circuit	circuit-foundation-iosx64	0.27.0		N/A
com.slack.circuit	circuit-foundation-iosx64	0.27.0	metadata	69032a53fe91ae4f8ee8e019a84647781e3aaf83
com.slack.circuit	circuit-foundation-iosx64	0.27.1		N/A
com.slack.circuit	circuit-foundation-iosx64	0.27.1	metadata	69032a53fe91ae4f8ee8e019a84647781e3aaf83
com.slack.circuit	circuit-foundation-iosx64	0.28.0	metadata	7cac5cc74d668e9b88abc649b496e575c69e1d47
com.slack.circuit	circuit-foundation-iosx64	0.9.0		N/A
com.slack.circuit	circuit-foundation-iosx64	0.9.0	metadata	65d701208704e003852c7d70245c16bc8edda52a
com.slack.circuit	circuit-foundation-iosx64	0.9.1		N/A
com.slack.circuit	circuit-foundation-iosx64	0.9.1	metadata	8f9e3d40cf3dd0619a6aad28f345d84043187e4d
com.slack.circuit	circuitx-overlays-macosx64	0.23.0		N/A
com.slack.circuit	circuitx-overlays-macosx64	0.23.0	metadata	6cf862ef063a42450b1b924280d69406e957be06
com.slack.circuit	circuitx-overlays-macosx64	0.23.1		N/A
com.slack.circuit	circuitx-overlays-macosx64	0.23.1	metadata	a5b052813b84c1f1319fc22d28c16ae498463a7e
com.slack.circuit	circuitx-overlays-macosx64	0.24.0		N/A
com.slack.circuit	circuitx-overlays-macosx64	0.24.0	metadata	dc03e4b35f3a5b81cdc95faf7415192ed9aaf533
com.slack.circuit	circuitx-overlays-macosx64	0.24.0-alpha01-compose17		N/A
com.slack.circuit	circuitx-overlays-macosx64	0.24.0-alpha01-compose17	metadata	fb59e3ffdeb09db03d3636377a28cdc1962c37e5
com.slack.circuit	circuitx-overlays-macosx64	0.25.0		N/A
com.slack.circuit	circuitx-overlays-macosx64	0.25.0	metadata	f4a60a7cbeb625079f255b51cae1468680a620ae
com.slack.circuit	circuitx-overlays-macosx64	0.26.0		N/A
com.slack.circuit	circuitx-overlays-macosx64	0.26.0	metadata	7788f5540fb5549e65164063a5378028aeb73848
com.slack.circuit	circuitx-overlays-macosx64	0.26.1		N/A
com.slack.circuit	circuitx-overlays-macosx64	0.26.1	metadata	74c2491c4ed159909166c93841d15b4e47e1ec3b
com.slack.circuit	circuitx-overlays-macosx64	0.27.0		N/A
com.slack.circuit	circuitx-overlays-macosx64	0.27.0	metadata	310b6289482b8ef9689c6a864645fb52af3a3fd4
com.slack.circuit	circuitx-overlays-macosx64	0.27.1		N/A
com.slack.circuit	circuitx-overlays-macosx64	0.27.1	metadata	310b6289482b8ef9689c6a864645fb52af3a3fd4
com.slack.circuit	circuitx-overlays-macosx64	0.28.0	metadata	13c6f015a91d3cd90828c501106a90f54842cafc
com.sshtools	virtualsession	2.1.1		bd890adb225931a0186e22196d884a53eada849d
com.stripe	stripe-android-issuing-push-provisioning	1.0.0		N/A
com.stripe	stripe-android-issuing-push-provisioning	1.0.3		N/A
com.stripe	stripe-android-issuing-push-provisioning	1.0.4		N/A
com.stripe	stripe-android-issuing-push-provisioning	1.0.5		N/A
com.stripe	stripe-android-issuing-push-provisioning	1.0.6		N/A
com.stripe	stripe-android-issuing-push-provisioning	1.0.9		N/A
com.stripe	stripe-android-issuing-push-provisioning	1.1.0		N/A
com.stripe	stripe-android-issuing-push-provisioning	1.2.0		N/A
com.stripe	stripe-android-issuing-push-provisioning	1.2.1		N/A
com.stripe	stripe-android-issuing-push-provisioning	1.2.2		N/A
com.xlrit.gears.runtime	gears-project-parent	0.51.1		N/A
com.xlrit.gears.runtime	gears-project-parent	0.52		N/A
com.xlrit.gears.runtime	gears-project-parent	0.53		N/A
com.xlrit.gears.runtime	gears-project-parent	0.54		N/A
com.xlrit.gears.runtime	gears-project-parent	0.54.1		N/A
com.xlrit.gears.runtime	gears-project-parent	0.54.2		N/A
com.xlrit.gears.runtime	gears-project-parent	0.55		N/A
com.xlrit.gears.runtime	gears-project-parent	0.55-pre1		N/A
com.xlrit.gears.runtime	gears-project-parent	0.55-pre2		N/A
com.xlrit.gears.runtime	gears-project-parent	0.56		N/A
com.xlrit.gears.runtime	gears-project-parent	0.57		N/A
com.xlrit.gears.runtime	gears-project-parent	0.58		N/A
com.xlrit.gears.runtime	gears-project-parent	0.58-pre1		N/A
com.xlrit.gears.runtime	gears-project-parent	0.70		N/A
com.xlrit.gears.runtime	gears-project-parent	0.71		N/A
com.xlrit.gears.runtime	gears-project-parent	0.71-pre1		N/A
com.xlrit.gears.runtime	gears-project-parent	0.71-pre2		N/A
com.xlrit.gears.runtime	gears-project-parent	0.72		N/A
com.xlrit.gears.runtime	gears-project-parent	0.73		N/A
com.xlrit.gears.runtime	gears-project-parent	0.74		N/A
com.xlrit.gears.runtime	gears-project-parent	0.75		N/A
com.xlrit.gears.runtime	gears-project-parent	0.75-pre1		N/A
com.xlrit.gears.runtime	gears-project-parent	0.76		N/A
com.xlrit.gears.runtime	gears-project-parent	0.77		N/A
com.xlrit.gears.runtime	gears-project-parent	0.78		N/A
com.xlrit.gears.runtime	gears-project-parent	0.79		N/A
com.xlrit.gears.runtime	gears-project-parent	0.80		N/A
com.xlrit.gears.runtime	gears-project-parent	0.81		N/A
com.xlrit.gears.runtime	gears-project-parent	0.82		N/A
com.xlrit.gears.runtime	gears-project-parent	0.83		N/A
com.xlrit.gears.runtime	gears-project-parent	0.83.1		N/A
com.xlrit.gears.runtime	gears-project-parent	0.84		N/A
com.xlrit.gears.runtime	gears-project-parent	0.85		N/A
com.xlrit.gears.runtime	gears-project-parent	0.86		N/A
com.xlrit.gears.runtime	gears-project-parent	0.87		N/A
com.xlrit.gears.runtime	gears-project-parent	0.88		N/A
com.xlrit.gears.runtime	gears-project-parent	0.88.1		N/A
com.xlrit.gears.runtime	gears-project-parent	0.88.2		N/A
com.xlrit.gears.runtime	gears-project-parent	0.89		N/A
com.xlrit.gears.runtime	gears-project-parent	0.89.1		N/A
com.xlrit.gears.runtime	gears-project-parent	0.90		N/A
com.xlrit.gears.runtime	gears-project-parent	0.91		N/A
com.xlrit.gears.runtime	gears-project-parent	0.92		N/A
com.xlrit.gears.runtime	gears-project-parent	0.93		N/A
com.xlrit.gears.runtime	gears-project-parent	1.0		N/A
com.xlrit.gears.runtime	gears-project-parent	1.1		N/A
com.xlrit.gears.runtime	gears-project-parent	1.10.0		N/A
com.xlrit.gears.runtime	gears-project-parent	1.10.1		N/A
com.xlrit.gears.runtime	gears-project-parent	1.10.10		N/A
com.xlrit.gears.runtime	gears-project-parent	1.10.11		N/A
com.xlrit.gears.runtime	gears-project-parent	1.10.12		N/A
com.xlrit.gears.runtime	gears-project-parent	1.10.13		N/A
com.xlrit.gears.runtime	gears-project-parent	1.10.2		N/A
com.xlrit.gears.runtime	gears-project-parent	1.10.3		N/A
com.xlrit.gears.runtime	gears-project-parent	1.10.4		N/A
com.xlrit.gears.runtime	gears-project-parent	1.10.5		N/A
com.xlrit.gears.runtime	gears-project-parent	1.10.6		N/A
com.xlrit.gears.runtime	gears-project-parent	1.10.7		N/A
com.xlrit.gears.runtime	gears-project-parent	1.10.8		N/A
com.xlrit.gears.runtime	gears-project-parent	1.10.9		N/A
com.xlrit.gears.runtime	gears-project-parent	1.11.0		N/A
com.xlrit.gears.runtime	gears-project-parent	1.11.1		N/A
com.xlrit.gears.runtime	gears-project-parent	1.11.10		N/A
com.xlrit.gears.runtime	gears-project-parent	1.11.11		N/A
com.xlrit.gears.runtime	gears-project-parent	1.11.12		N/A
com.xlrit.gears.runtime	gears-project-parent	1.11.13		N/A
com.xlrit.gears.runtime	gears-project-parent	1.11.14		N/A
com.xlrit.gears.runtime	gears-project-parent	1.11.15		N/A
com.xlrit.gears.runtime	gears-project-parent	1.11.16		N/A
com.xlrit.gears.runtime	gears-project-parent	1.11.17		N/A
com.xlrit.gears.runtime	gears-project-parent	1.11.2		N/A
com.xlrit.gears.runtime	gears-project-parent	1.11.3		N/A
com.xlrit.gears.runtime	gears-project-parent	1.11.4		N/A
com.xlrit.gears.runtime	gears-project-parent	1.11.5		N/A
com.xlrit.gears.runtime	gears-project-parent	1.11.6		N/A
com.xlrit.gears.runtime	gears-project-parent	1.11.7		N/A
com.xlrit.gears.runtime	gears-project-parent	1.11.8		N/A
com.xlrit.gears.runtime	gears-project-parent	1.11.9		N/A
com.xlrit.gears.runtime	gears-project-parent	1.12.0		N/A
com.xlrit.gears.runtime	gears-project-parent	1.12.1		N/A
com.xlrit.gears.runtime	gears-project-parent	1.12.2		N/A
com.xlrit.gears.runtime	gears-project-parent	1.12.3		N/A
com.xlrit.gears.runtime	gears-project-parent	1.12.4		N/A
com.xlrit.gears.runtime	gears-project-parent	1.12.5		N/A
com.xlrit.gears.runtime	gears-project-parent	1.13.0		N/A
com.xlrit.gears.runtime	gears-project-parent	1.13.0-pre1		N/A
com.xlrit.gears.runtime	gears-project-parent	1.13.0-pre2		N/A
com.xlrit.gears.runtime	gears-project-parent	1.13.1		N/A
com.xlrit.gears.runtime	gears-project-parent	1.14.0		N/A
com.xlrit.gears.runtime	gears-project-parent	1.14.1		N/A
com.xlrit.gears.runtime	gears-project-parent	1.14.2		N/A
com.xlrit.gears.runtime	gears-project-parent	1.14.3		N/A
com.xlrit.gears.runtime	gears-project-parent	1.14.4		N/A
com.xlrit.gears.runtime	gears-project-parent	1.14.5		N/A
com.xlrit.gears.runtime	gears-project-parent	1.14.6		N/A
com.xlrit.gears.runtime	gears-project-parent	1.14.7		N/A
com.xlrit.gears.runtime	gears-project-parent	1.15.0		N/A
com.xlrit.gears.runtime	gears-project-parent	1.15.1		N/A
com.xlrit.gears.runtime	gears-project-parent	1.15.2		N/A
com.xlrit.gears.runtime	gears-project-parent	1.15.3		N/A
com.xlrit.gears.runtime	gears-project-parent	1.15.4		N/A
com.xlrit.gears.runtime	gears-project-parent	1.15.5		N/A
com.xlrit.gears.runtime	gears-project-parent	1.15.6		N/A
com.xlrit.gears.runtime	gears-project-parent	1.15.7		N/A
com.xlrit.gears.runtime	gears-project-parent	1.15.8		N/A
com.xlrit.gears.runtime	gears-project-parent	1.15.9		N/A
com.xlrit.gears.runtime	gears-project-parent	1.16.0		N/A
com.xlrit.gears.runtime	gears-project-parent	1.16.1		N/A
com.xlrit.gears.runtime	gears-project-parent	1.16.2		N/A
com.xlrit.gears.runtime	gears-project-parent	1.16.3		N/A
com.xlrit.gears.runtime	gears-project-parent	1.16.4		N/A
com.xlrit.gears.runtime	gears-project-parent	1.16.5		N/A
com.xlrit.gears.runtime	gears-project-parent	1.16.6		N/A
com.xlrit.gears.runtime	gears-project-parent	1.16.7		N/A
com.xlrit.gears.runtime	gears-project-parent	1.17.0		N/A
com.xlrit.gears.runtime	gears-project-parent	1.17.1		N/A
com.xlrit.gears.runtime	gears-project-parent	1.17.2		N/A
com.xlrit.gears.runtime	gears-project-parent	1.17.3		N/A
com.xlrit.gears.runtime	gears-project-parent	1.17.4		N/A
com.xlrit.gears.runtime	gears-project-parent	1.17.5		N/A
com.xlrit.gears.runtime	gears-project-parent	1.17.6		N/A
com.xlrit.gears.runtime	gears-project-parent	1.18.0		N/A
com.xlrit.gears.runtime	gears-project-parent	1.18.1		N/A
com.xlrit.gears.runtime	gears-project-parent	1.18.10		N/A
com.xlrit.gears.runtime	gears-project-parent	1.18.2		N/A
com.xlrit.gears.runtime	gears-project-parent	1.18.3		N/A
com.xlrit.gears.runtime	gears-project-parent	1.18.4		N/A
com.xlrit.gears.runtime	gears-project-parent	1.18.5		N/A
com.xlrit.gears.runtime	gears-project-parent	1.18.6		N/A
com.xlrit.gears.runtime	gears-project-parent	1.18.7		N/A
com.xlrit.gears.runtime	gears-project-parent	1.18.8		N/A
com.xlrit.gears.runtime	gears-project-parent	1.18.9		N/A
com.xlrit.gears.runtime	gears-project-parent	1.19.0		N/A
com.xlrit.gears.runtime	gears-project-parent	1.19.1		N/A
com.xlrit.gears.runtime	gears-project-parent	1.2		N/A
com.xlrit.gears.runtime	gears-project-parent	1.3		N/A
com.xlrit.gears.runtime	gears-project-parent	1.4		N/A
com.xlrit.gears.runtime	gears-project-parent	1.4.1		N/A
com.xlrit.gears.runtime	gears-project-parent	1.4.2		N/A
com.xlrit.gears.runtime	gears-project-parent	1.4.3		N/A
com.xlrit.gears.runtime	gears-project-parent	1.5.0		N/A
com.xlrit.gears.runtime	gears-project-parent	1.5.1		N/A
com.xlrit.gears.runtime	gears-project-parent	1.5.2		N/A
com.xlrit.gears.runtime	gears-project-parent	1.5.3		N/A
com.xlrit.gears.runtime	gears-project-parent	1.5.4		N/A
com.xlrit.gears.runtime	gears-project-parent	1.6.0		N/A
com.xlrit.gears.runtime	gears-project-parent	1.6.1		N/A
com.xlrit.gears.runtime	gears-project-parent	1.6.2		N/A
com.xlrit.gears.runtime	gears-project-parent	1.6.3		N/A
com.xlrit.gears.runtime	gears-project-parent	1.6.3a		N/A
com.xlrit.gears.runtime	gears-project-parent	1.6.4		N/A
com.xlrit.gears.runtime	gears-project-parent	1.6.5		N/A
com.xlrit.gears.runtime	gears-project-parent	1.6.6		N/A
com.xlrit.gears.runtime	gears-project-parent	1.6.7		N/A
com.xlrit.gears.runtime	gears-project-parent	1.7.0		N/A
com.xlrit.gears.runtime	gears-project-parent	1.7.1		N/A
com.xlrit.gears.runtime	gears-project-parent	1.7.2		N/A
com.xlrit.gears.runtime	gears-project-parent	1.7.3		N/A
com.xlrit.gears.runtime	gears-project-parent	1.8.0		N/A
com.xlrit.gears.runtime	gears-project-parent	1.8.1		N/A
com.xlrit.gears.runtime	gears-project-parent	1.8.10		N/A
com.xlrit.gears.runtime	gears-project-parent	1.8.11		N/A
com.xlrit.gears.runtime	gears-project-parent	1.8.2		N/A
com.xlrit.gears.runtime	gears-project-parent	1.8.3		N/A
com.xlrit.gears.runtime	gears-project-parent	1.8.4		N/A
com.xlrit.gears.runtime	gears-project-parent	1.8.5		N/A
com.xlrit.gears.runtime	gears-project-parent	1.8.6		N/A
com.xlrit.gears.runtime	gears-project-parent	1.8.7		N/A
com.xlrit.gears.runtime	gears-project-parent	1.8.8		N/A
com.xlrit.gears.runtime	gears-project-parent	1.8.9		N/A
com.xlrit.gears.runtime	gears-project-parent	1.9.0		N/A
com.xlrit.gears.runtime	gears-project-parent	1.9.1		N/A
com.xlrit.gears.runtime	gears-project-parent	1.9.2		N/A
com.xlrit.gears.runtime	gears-project-parent	1.9.3		N/A
com.xlrit.gears.runtime	gears-project-parent	1.9.4		N/A
com.xlrit.gears.runtime	gears-project-parent	1.9.5		N/A
com.xlrit.gears.runtime	gears-project-parent	1.9.6		N/A
com.yqpkj.fdf	cattle-context	1.0.10		fce4459eb20d229d728f99b0114557b90f7e3b37
com.yqpkj.fdf	cattle-context	1.0.11		9254becc244ac3360ae7e3db565dfd464851d3d4
com.yqpkj.fdf	cattle-context	1.0.13		3819485d25cc9a07e9f264ed28ac6b3e395fa56e
com.yqpkj.fdf	cattle-context	1.0.14		b9953f9dfa9114b3597d8dc473bbb07fc373a83d
com.yqpkj.fdf	cattle-context	1.0.15		8a8643421e5fc84926551600596f7c42a7b89383
com.yqpkj.fdf	cattle-context	1.0.16		482011f601e715288928adf9e8bb48f7b93fd37f
dev.zio	zio-aws-kendraranking_3	7.21.15.1		63f5426ec249ba5873cc81de783a54fa230a02d9
dev.zio	zio-aws-kendraranking_3	7.21.15.10		5877a4545a457aada4d89f99fba5fd728c636cd5
dev.zio	zio-aws-kendraranking_3	7.21.15.11		56acc31f8a7d22f6cbd05232260eef4754aadd76
dev.zio	zio-aws-kendraranking_3	7.21.15.12		c40299b481ab67d8c953f57181dca535c0de7387
dev.zio	zio-aws-kendraranking_3	7.21.15.13		0dbfb64012c4d8fa3f6fb3456f517e97bf1c405e
dev.zio	zio-aws-kendraranking_3	7.21.15.15		cf323a1f73ebda23e1fc04ce09fbb5f48718348c
dev.zio	zio-aws-kendraranking_3	7.21.15.2		8e99ddd2999b01ae7395203ece65047aa2a1fefe
dev.zio	zio-aws-kendraranking_3	7.21.15.3		d9bf363870c0edc98bee1ddfb9c23fb334b65059
dev.zio	zio-aws-kendraranking_3	7.21.15.4		c725f2198b9c0dc693c7066af8239004b0bdf0d0
dev.zio	zio-aws-kendraranking_3	7.21.15.5		053b43e0ced917aed540a858c12360f07a9b36ac
dev.zio	zio-aws-kendraranking_3	7.21.15.7		3a18cc132f7c8dae105871fc35693f4ca58e426d
dev.zio	zio-aws-kendraranking_3	7.21.15.8		b19f18978acc53a7e2239fbd705f9223927e93d9
dev.zio	zio-aws-kendraranking_3	7.21.15.9		6ced714594d0caa531b742515701df83985a22ea
dev.zio	zio-aws-kendraranking_3	7.28.24.2		ee74c21b5ecfc9380e5d2433e99c6fac3da5c9e8
dev.zio	zio-aws-kendraranking_3	7.28.26.1		2bd8ad1b5ff5255553ade478ab123a56df776c17
dev.zio	zio-aws-kendraranking_3	7.28.29.1		d70fe1a21101a4c5b6e6a360ea9ce16226c1aaa4
dev.zio	zio-aws-kendraranking_3	7.28.29.10		3afce5a8f92eee515fa94d4123ff7f7099e24a96
dev.zio	zio-aws-kendraranking_3	7.28.29.11		4b051c9c317809459c71e24dd0acffac1190c5ea
dev.zio	zio-aws-kendraranking_3	7.28.29.12		d7029089a22c7f59ca922ad850a4b931f29f3819
dev.zio	zio-aws-kendraranking_3	7.28.29.13		803fe290bc7f3d7318c2f9a95d361d811abc8925
dev.zio	zio-aws-kendraranking_3	7.28.29.14		5498e02b20bba12dcc8e35c781b89f4193896dee
dev.zio	zio-aws-kendraranking_3	7.28.29.15		c5f55e98eefac7dde305d20554f1f24955d75867
dev.zio	zio-aws-kendraranking_3	7.28.29.16		270ffd2a0d179be6c75d89afaaac7f8e23e0e46d
dev.zio	zio-aws-kendraranking_3	7.28.29.17		81efd519f8fa99ea9586b9a550d26b1e59f92b66
dev.zio	zio-aws-kendraranking_3	7.28.29.18		6f34d8f617675645f42cf682f9a8add481c5c503
dev.zio	zio-aws-kendraranking_3	7.28.29.19		3e7335abe9d472ddbcbbabc0918e07ed28566773
dev.zio	zio-aws-kendraranking_3	7.28.29.2		1ff8357e690b8168b555588c7f1c67cba22badd8
dev.zio	zio-aws-kendraranking_3	7.28.29.3		667ae29c2f47189cebd96ab42e48e87e35e3914c
dev.zio	zio-aws-kendraranking_3	7.28.29.4		c1753d2752ec33a82d8af11f4729874d5e2af963
dev.zio	zio-aws-kendraranking_3	7.28.29.5		d32a73c33fd2e48a1dbf125d9d2439c1de8fb2a7
dev.zio	zio-aws-kendraranking_3	7.28.29.6		f21e3cc29173b485505a79dddd9b682f089f814d
dev.zio	zio-aws-kendraranking_3	7.28.29.7		44ee48c0f0011acbc64a848b03bf76b20f8fb76f
dev.zio	zio-aws-kendraranking_3	7.28.29.8		a509b539577812041491baa4376fbc2bc464cc35
dev.zio	zio-aws-kendraranking_3	7.28.29.9		f70920fa444e4db5424518a0cc03374efb0012bc
dev.zio	zio-aws-kendraranking_3	7.30.15.1		ad38205745fcfe4d173375598a3b1c04a2c69a31
dev.zio	zio-aws-kendraranking_3	7.30.15.2		9742a98129cc6d99c262d23143103d5d80e118a2
dev.zio	zio-aws-kendraranking_3	7.30.16.1		ddf1c699a26de94a3035ea916ab71545c15f9ff1
dev.zio	zio-aws-kendraranking_3	7.30.16.2		9e786669bb725b2a0d5f48e19b9faf0e15e50cd5
dev.zio	zio-aws-kendraranking_3	7.30.16.3		50458df86653931aca591d31c88446077a59a80f
dev.zio	zio-aws-kendraranking_3	7.30.16.4		cac6e45dd5ca6d1d86bff17d29e5c11cb264b91f
dev.zio	zio-aws-kendraranking_3	7.30.20.1		cb3aa3efe42c380f1c9b264eafa193a961396157
dev.zio	zio-aws-kendraranking_3	7.30.22.1		9211a075add69035af329aa60db78340ea8f2313
dev.zio	zio-aws-kendraranking_3	7.30.22.2		2c83a9c130c12a074de30841e1e2a6e89f8ebca2
dev.zio	zio-aws-kendraranking_3	7.30.23.1		03f4786d446f83469f65246008c09ee865dba7c5
dev.zio	zio-aws-kendraranking_3	7.30.24.1		e26312d4cea41702fe386963659158abdbbd4cb9
dev.zio	zio-aws-kendraranking_3	7.30.24.2		ccbab9bba6490aed598c907a6907c0d7a6094888
dev.zio	zio-aws-kendraranking_3	7.30.25.1		8326abb89bf26f564016bda661e73f6f24ef3b67
dev.zio	zio-aws-kendraranking_3	7.30.26.1		cff532f3d422aec971ff992ef84cb3589f61dd7f
dev.zio	zio-aws-kendraranking_3	7.30.27.1		0d42981d84c15561b9abcb82ff18cee9a50bbb28
dev.zio	zio-aws-kendraranking_3	7.30.27.2		f6a71a1476dda522f05f2b5ca2f41035d99ab018
dev.zio	zio-aws-kendraranking_3	7.30.29.1		485ef6084a1d7110208d80342159baa77eaa08ef
dev.zio	zio-aws-kendraranking_3	7.30.30.1		ee1bcd0e7244383fe390b326938bc76b2ca2928c
dev.zio	zio-aws-kendraranking_3	7.30.31.1		e66296825431672254ca02ffc23087ade720feb5
dev.zio	zio-aws-kendraranking_3	7.30.31.2		c8bb84b544654902fad0a087c255f16107855d9b
dev.zio	zio-aws-kendraranking_3	7.30.32.1		cb61ee61cbe5848b79f4a0662aa0896de8696896
dev.zio	zio-aws-kendraranking_3	7.30.33.1		0af94bd323829a746fb39d79e7f9ce009cccbba5
dev.zio	zio-aws-kendraranking_3	7.30.34.1		0df091a92c6f368faab1950cd214b185cab3560e
dev.zio	zio-aws-kendraranking_3	7.30.34.2		524c8526f8cd6b354c22eecac7cbb155c302f39c
dev.zio	zio-aws-kendraranking_3	7.30.35.1		e3b796c8535c7addae32c3c119ca450053f62126
dev.zio	zio-aws-kendraranking_3	7.30.36.1		55f83ef64f66b1dd7429e7f854937a005afd996e
dev.zio	zio-aws-kendraranking_3	7.30.37.1		6962b7341d6b7b730be1b14dbbf1e4f9a78bc94b
dev.zio	zio-aws-kendraranking_3	7.30.38.1		917e652e2040fa72ef784cb5fe1827be30195ad6
dev.zio	zio-aws-kendraranking_3	7.30.38.2		2391dfb1ad86fe656a1a6c0be30f0ec2232471f4
dev.zio	zio-aws-kendraranking_3	7.31.0.1		6a9e7622e74576895347b1a32c25b4a7fa5975ad
dev.zio	zio-aws-kendraranking_3	7.31.1.1		ae4dc32ae60fdd72735678e2dea04f9ca83dc574
dev.zio	zio-aws-kendraranking_3	7.31.1.3		cfd4d61d12146986d30a26729385b87a0a692268
dev.zio	zio-aws-kendraranking_3	7.31.1.4		e31d172704f9205747b10e265b1b380b190bd1fa
dev.zio	zio-aws-kendraranking_3	7.31.1.5		8bb82afebc388605d67b3d6aad60604c0f17e556
dev.zio	zio-aws-kendraranking_3	7.31.10.1		90524de2c7a44fe275a0c310a2385db3a64c67ef
dev.zio	zio-aws-kendraranking_3	7.31.11.1		aebc585aba97ade7b5564369269307785b406461
dev.zio	zio-aws-kendraranking_3	7.31.13.1		9ff32706fb29bd0087c47e2174f4f411c7de6276
dev.zio	zio-aws-kendraranking_3	7.31.14.1		0110f022251ebf348cd96ebfa80ab8bc64e40dbc
dev.zio	zio-aws-kendraranking_3	7.31.15.1		91cecc23d8414f5d134a392d2732859039779b10
dev.zio	zio-aws-kendraranking_3	7.31.16.1		37f184cd22afb1ab05fa0883c7422e84e2559f90
dev.zio	zio-aws-kendraranking_3	7.31.16.2		5cb33a1dce721d30f9222664e696c1908730c04e
dev.zio	zio-aws-kendraranking_3	7.31.17.1		36b5ea0243cde064716353f08e3d6019f9821007
dev.zio	zio-aws-kendraranking_3	7.31.18.1		cc233e16f9e75a17a5c7b816098ae36748f0ae2b
dev.zio	zio-aws-kendraranking_3	7.31.19.1		4bb25b13df992c6f021ecb3f24d00c0f795cd566
dev.zio	zio-aws-kendraranking_3	7.31.2.1		15182f1eb914fdeb85711a697ca131696d4caa7e
dev.zio	zio-aws-kendraranking_3	7.31.20.1		4c5acc619a69f233eb1576ead521e6825a039a26
dev.zio	zio-aws-kendraranking_3	7.31.21.1		671190bde961f2138cbedce9b1b39a4c01138822
dev.zio	zio-aws-kendraranking_3	7.31.22.1		877d232dc18a228742c881d270f8ad2ce04c68bc
dev.zio	zio-aws-kendraranking_3	7.31.22.2		28a9d063755cebc7b1428dbc8f1587092dabce67
dev.zio	zio-aws-kendraranking_3	7.31.24.1		3cc0839ce5e17464e3933f2f2eaf5864d6648819
dev.zio	zio-aws-kendraranking_3	7.31.25.1		fa5d14a6b749edf19207690e3973670e5366ff60
dev.zio	zio-aws-kendraranking_3	7.31.26.1		1696c1dd6d1847653730168bd4ac26f476ec7d74
dev.zio	zio-aws-kendraranking_3	7.31.26.2		08738d74667ea5e0b6acc94bfd24038a3416f1e0
dev.zio	zio-aws-kendraranking_3	7.31.27.1		7e68d7fb8498c4a2459dca6ef783a22da0d28562
dev.zio	zio-aws-kendraranking_3	7.31.28.1		d0628335ee946f1907778a98c69eeecfed34e414
dev.zio	zio-aws-kendraranking_3	7.31.3.1		22c281875536293941f1a6962860a946fad764ef
dev.zio	zio-aws-kendraranking_3	7.31.30.1		f50bfebd8af9c486022171bb5c8d224076ed932b
dev.zio	zio-aws-kendraranking_3	7.31.30.2		7e53baca390c287f502f1dc6224c7cf60e1fbe37
dev.zio	zio-aws-kendraranking_3	7.31.4.1		e9b5ed5af2247d87dd00d7b8d0df6c55c4762e9d
dev.zio	zio-aws-kendraranking_3	7.31.6.1		d37f9c713f84f41af543982c50a895321dac971f
dev.zio	zio-aws-kendraranking_3	7.31.6.2		e12c64c5ee82855e4f26a7cc339e8e5ca6143ad2
dev.zio	zio-aws-kendraranking_3	7.31.6.3		c4458dca3b7a0ded94e6b95b287154ab760e4997
dev.zio	zio-aws-kendraranking_3	7.31.7.1		6ecca9e25805eaf1209fa4c03133b0f6f9d87d19
dev.zio	zio-aws-kendraranking_3	7.31.8.1		eebbdc99ee5aeb2aeb121bb0acc49fc8f26721a2
dev.zio	zio-aws-kendraranking_3	7.31.9.1		9ca3116a5cc82ca16c08b229e46e921211e108c9
gr.sergouniotis	wildfly-bootable-jaxrs-archetype	1.0.0		7064e32a56f780531950601640a1a5c483489e01
gr.sergouniotis	wildfly-bootable-jaxrs-archetype	1.0.1		32d6e43a53e41c6c477f00f682e93c6c09cea2d7
io.accur8	a8-sync-api_2.13	0.0.0-20210818_0952_raphsonatype		194348c96b0836c59cc9f7da386050f49eb42bf4
io.accur8	a8-sync-api_2.13	1.0.0-20220120_1124_master		3a7a095b5524cfac2431721aab471f3b4d6be1d2
io.accur8	a8-sync-api_2.13	1.0.0-20220205_0940_master		5182712d80ce4506db63a7c2ca7b2de7a07d8192
io.accur8	a8-sync-api_2.13	1.0.0-20220207_1026_master		a4a79ba3b2f5f9814acb7cd09f1cf921cb7080ac
io.accur8	a8-sync-api_2.13	1.0.0-20220209_0905_master		60cdb6c9007f69923851f42bddec2f1bcc448639
io.accur8	a8-sync-api_2.13	1.0.0-20220226_1116_master		06965c5cc889305f80c1eb8f3bf1b44b5722fde0
io.accur8	a8-sync-api_2.13	1.0.0-20220228_1227_master		efc5b9fc42258af903b0caf7dc8d93bce9c7a9ba
io.accur8	a8-sync-api_2.13	1.0.0-20220302_0656_master		d6f19c7dc287ec772ea9d1da11cee99a05ec00dd
io.accur8	a8-sync-api_2.13	1.0.0-20220308_2034_master		dddd9ee7d8c479c012ca23ea4792f450ca7f7fe4
io.accur8	a8-sync-api_2.13	1.0.0-20220323_0703_master		1ab872cecba339144debeb61188cec68fc5d786d
io.accur8	a8-sync-api_2.13	1.0.0-20220323_0723_master		dabf56fc170e0c79923745edafcd5db112611def
io.accur8	a8-sync-api_2.13	1.0.0-20220323_0804_master		f7de860a286f6fe053822b2fe264b51349ab194b
io.accur8	a8-sync-api_2.13	1.0.0-20220323_1339_master		31b4a81ad099b72972ec34006377808ec43d4deb
io.accur8	a8-sync-api_2.13	1.0.0-20220324_0805_master		5aa4414ed253c6ee0ef973cc1f78501138e89355
io.accur8	a8-sync-api_2.13	1.0.0-20220326_0818_master		96496908fa9cdc552e8182f5009be37c1efaea46
io.accur8	a8-sync-api_2.13	1.0.0-20220401_1656_master		ecc053d9b8a37a3c156d99db4848f1bd801d08fa
io.accur8	a8-sync-api_2.13	1.0.0-20220402_0945_master		43b416fb8e3d21a9336132a85e779ee9584e060c
io.accur8	a8-sync-api_2.13	1.0.0-20220403_1555_master		049c9b2096a0cd82f5cbbafca4a5d50450ac5e77
io.accur8	a8-sync-api_2.13	1.0.0-20220403_1829_master		dc1c4fc2590fb6d34f35a537033e9e8acb5ff9ad
io.accur8	a8-sync-api_2.13	1.0.0-20220403_1933_master		b28db48b0147c651da0a34c9873162da6a094797
io.accur8	a8-sync-api_2.13	1.0.0-20220403_1946_master		6146adbb5aadeaafdfbcd545a51623e21f5bad80
io.accur8	a8-sync-api_2.13	1.0.0-20220403_2113_master		bd2819731bfe353a1311de9f8199e1f1ce9bb6f0
io.accur8	a8-sync-api_2.13	1.0.0-20220403_2129_master		e2659396ae32196c4828774f2502fedc456e78c4
io.accur8	a8-sync-api_2.13	1.0.0-20220403_2144_master		737080d4cdc4e06d0850042a4ac116e86b2c66a4
io.accur8	a8-sync-api_2.13	1.0.0-20220404_1251_master		ff47711302c99b8d36948121aef338367e96dd8a
io.accur8	a8-sync-api_2.13	1.0.0-20220406_1330_master		f8cadd22e8575415692158c24271252bf90ef945
io.accur8	a8-sync-api_2.13	1.0.0-20220410_1456_master		e6342a4539b54f98723730db2c54dfc0d4e55558
io.accur8	a8-sync-api_2.13	1.0.0-20220410_1911_master		dc8d3133a2764f810c934425ee432d27d06c269b
io.accur8	a8-sync-api_2.13	1.0.0-20220411_0639_master		2df94f635976f2d7c4ec2e35b5a7799cb9517c60
io.accur8	a8-sync-api_2.13	1.0.0-20220416_1711_master		15f50cf0e21799d3e4407f3f6479953e398f56d5
io.accur8	a8-sync-api_2.13	1.0.0-20220418_1107_master		cdf5546ea3e18470a0e5a03f4f5eec20a434a303
io.accur8	a8-sync-api_2.13	1.0.0-20220419_0952_master		1fa43391198fef6f42e6e8942fdf3e95509416f9
io.accur8	a8-sync-api_2.13	1.0.0-20220419_1054_master		0badc72a942b77554fbbf24da94ee18a5edc8392
io.accur8	a8-sync-api_2.13	1.0.0-20220420_1654_master		cb9a415a0cfd48e44c4fc13312e5321804ccdf72
io.accur8	a8-sync-api_2.13	1.0.0-20220421_1030_master		fc972d41a527ff4aad3c7ffaed842cdc779fd75c
io.accur8	a8-sync-api_2.13	1.0.0-20220421_1525_master		cf9a3e190f9ad7fed32099c8d595aaf6778a8065
io.accur8	a8-sync-api_2.13	1.0.0-20220422_1000_master		c07568d0c89ada5e09649898db964ea3e4a02af2
io.accur8	a8-sync-api_2.13	1.0.0-20220422_1515_master		faea67545d12248e08ce85299a7f68ae2a810df0
io.accur8	a8-sync-api_2.13	1.0.0-20220422_1528_master		89fc28f5485f945f09d85216a158fad39ef3ce2b
io.accur8	a8-sync-api_2.13	1.0.0-20220424_1258_master		2d827d89de8c8d451fdc502a9bbeefadb0f79666
io.accur8	a8-sync-api_2.13	1.0.0-20220426_0839_master		f1c75d60480cd725dc0cd16543e45449bb12bb32
io.accur8	a8-sync-api_2.13	1.0.0-20220426_1942_master		5d54c7782460b9ee31bf4f5424044d1a556c5127
io.accur8	a8-sync-api_2.13	1.0.0-20220501_1823_master		f8c72f13fcccc6196fac7f814ed06742c657a7d2
io.accur8	a8-sync-api_2.13	1.0.0-20220502_0739_master		9125a91ebccb9e1dbfe6de0b9af413a882c44a78
io.accur8	a8-sync-api_2.13	1.0.0-20220502_0741_master		e7f82997d278ce5c7ae8c8683a91c3d528bdb35a
io.accur8	a8-sync-api_2.13	1.0.0-20220502_0758_master		b5927d34c6e35b2d6d2184bb0d7d6e9c530ded87
io.accur8	a8-sync-api_2.13	1.0.0-20220505_0943_master		d6cb8b01e8a48296db73cb7877be6220f9d014a6
io.accur8	a8-sync-api_2.13	1.0.0-20220505_1228_master		d58d38849f731fb432148031eff1793d6e01006f
io.accur8	a8-sync-api_2.13	1.0.0-20220506_1019_master		4a5cb253eaa99f0bb58554fa3a86444c9c64174c
io.accur8	a8-sync-api_2.13	1.0.0-20220510_1336_master		7b4ea4186a19875dbe2b714f615386bb8e4e3994
io.accur8	a8-sync-api_2.13	1.0.0-20220510_1954_master		bef8db5384fd7f9af0ca5b360a4163893e7f69b4
io.accur8	a8-sync-api_2.13	1.0.0-20220511_0920_master		4dee26bb4a32c64cf85b2469d10e5f4fa28bb9c9
io.accur8	a8-sync-api_2.13	1.0.0-20220516_1308_master		235833d80aae0e2cef9406aae8956b840ef6a54d
io.accur8	a8-sync-api_2.13	1.0.0-20220517_1027_master		dcd0ce5ebb404afd84ad7382133c580875e95b69
io.accur8	a8-sync-api_2.13	1.0.0-20220517_1123_master		747b422c7fd48367210f5f7b087e28eb97cff8c6
io.accur8	a8-sync-api_2.13	1.0.0-20220517_1558_master		b3417faeeff246bcf74155ff60ce7beb1e160600
io.accur8	a8-sync-api_2.13	1.0.0-20220517_1615_master		9eb9d804dc1a15b45bc7be01fdfeba200c859fe4
io.accur8	a8-sync-api_2.13	1.0.0-20220521_1949_glenzio		c719690f6d51f784a9a8ddac652b5823e50edb65
io.accur8	a8-sync-api_2.13	1.0.0-20220524_1230_glenzio		25eb58510ba796ad278465507f8972db69f36cf5
io.accur8	a8-sync-api_2.13	1.0.0-20220524_1600_glenzio		b7b7d0e0afea28d98ce94ba093fa9f7a6ca125a8
io.accur8	a8-sync-api_2.13	1.0.0-20220527_1140_glenzio		098e138233d6c89fcc193c2b66ea671b6f7318fb
io.accur8	a8-sync-api_2.13	1.0.0-20220602_1552_zio		c997e7434e3a2f82a9f72f01ca091971e19a2648
io.accur8	a8-sync-api_2.13	1.0.0-20220603_0757_zio		3c400a30f2023ef803981ace41b7426ed3440601
io.accur8	a8-sync-api_2.13	1.0.0-20220603_0823_zio		3da70bbb6fbc6e8de5c72e6f16ebe92c35dd9e7f
io.accur8	a8-sync-api_2.13	1.0.0-20220603_1336_zio		8c3cb1166b6e4633a65bd50b52b9a69715ef2864
io.accur8	a8-sync-api_2.13	1.0.0-20220603_1338_zio		1521c66e12c0aa7a234c974387ae2724f3d33a3f
io.accur8	a8-sync-api_2.13	1.0.0-20220603_2028_zio		5348e5e1fbf018eb4bafbbfe707b6567a0305cbf
io.accur8	a8-sync-api_2.13	1.0.0-20220608_0805_zio		b9bd812c4e9f5a8c3a0111cd100a1d254490761e
io.accur8	a8-sync-api_2.13	1.0.0-20220613_1730_zio		0bcdf95e30dfbc344b63ffe13a16835c455b92cd
io.accur8	a8-sync-api_2.13	1.0.0-20220614_1113_zio		b70caaa2a4e8ff74b502a6d5526eb1cc9d65af6d
io.accur8	a8-sync-api_2.13	1.0.0-20220617_1529_zio		64fcc2a42c65d6288ae744f07ce4555571e34198
io.accur8	a8-sync-api_2.13	1.0.0-20220617_1713_zio		8f7070efa85fcf87d63acee4ce6aa86dc4a09f37
io.accur8	a8-sync-api_2.13	1.0.0-20220621_0818_zio		de56d00034765c37354abfab4a30940954188e59
io.accur8	a8-sync-api_2.13	1.0.0-20220623_1042_zio		ac46d85c3fae7f177cb1326693fb3bf77d1707b7
io.accur8	a8-sync-api_2.13	1.0.0-20220623_1151_zio		84cb5fe9297676550f9e75218e3c54fc52f7b52e
io.accur8	a8-sync-api_2.13	1.0.0-20220626_1951_zio		ce62283335234c921700d0ed7bccb298fc30c546
io.accur8	a8-sync-api_2.13	1.0.0-20220626_2145_zio		20e4727057456268fb0107c472fe103f8baefd35
io.accur8	a8-sync-api_2.13	1.0.0-20220705_2100_zio		8fca0ce61e50debde338b4da341f455e9022fbc4
io.accur8	a8-sync-api_2.13	1.0.0-20220707_1044_zio		a96b82266c061da8a0b12d73266b627795aa6217
io.accur8	a8-sync-api_2.13	1.0.0-20220707_1058_zio		4b3eadb4221a3ed82df13b332367e4b75e285a66
io.accur8	a8-sync-api_2.13	1.0.0-20220707_1355_zio		6e7a5f65d16e3cf731ad83811698aa7c590c8aad
io.accur8	a8-sync-api_2.13	1.0.0-20220707_1413_zio		722e6efc8574e2096ce36048edfffd64e91c7200
io.accur8	a8-sync-api_2.13	1.0.0-20220708_0743_zio		a0cf9abb5f460830ef887f1d6772158455492dbc
io.accur8	a8-sync-api_2.13	1.0.0-20220720_1020_zio		f8c72f1d2a82e4b1e01f7186b622ef56a549b6f6
io.accur8	a8-sync-api_2.13	1.0.0-20220723_1828_zio		3362ab06bd8da52622904ff75692e265f19b9013
io.accur8	a8-sync-api_2.13	1.0.0-20220723_1841_master		9bfcd5d60856bc0829b6d7de27c836343cafba8f
io.accur8	a8-sync-api_2.13	1.0.0-20220723_1847_master		2953ed62dfa4a6f86b0b7361dd251e094c023a92
io.accur8	a8-sync-api_2.13	1.0.0-20220727_1209_master		44c35e8d0438352e907ecaf851d69e6e85c1e684
io.accur8	a8-sync-api_2.13	1.0.0-20220727_1356_master		176ee3fb799dabef06118cae81ba93815003390e
io.accur8	a8-sync-api_2.13	1.0.0-20220727_1406_master		807ff647cc7a01e9aa21f4c157ba55ba91995039
io.accur8	a8-sync-api_2.13	1.0.0-20220727_1417_master		aa48346dad3af105d16b0b52f0ea0dd2d609ec01
io.accur8	a8-sync-api_2.13	1.0.0-20220817_1719_master		b02abf9d1def0e4d40f15d37079fdb28570fedea
io.accur8	a8-sync-api_2.13	1.0.0-20220817_1754_master		a541e5f1a3efe47b74874d2c429bfe3747023855
io.accur8	a8-sync-api_2.13	1.0.0-20220819_1109_master		ad1b1788f5d4b194825c12b4bb39dcad387e7da5
io.accur8	a8-sync-api_2.13	1.0.0-20220821_1017_master		f359b5ad9226e86009b4bac37e72685877ad8d97
io.accur8	a8-sync-api_2.13	1.0.0-20220822_0813_master		17252f93093b119c81cda978d80caaf25860c2a2
io.accur8	a8-sync-api_2.13	1.0.0-20220823_1353_master		02a82c1555643c21798a0ac6018f61fbf1537208
io.accur8	a8-sync-api_2.13	1.0.0-20220824_0738_master		43c908e9b63ac3afa5909fca5c7a7c889b34bac8
io.accur8	a8-sync-api_2.13	1.0.0-20220824_1431_master		b2a58f4ec64e7d5a7c1e51dabdae6abb406e417e
io.accur8	a8-sync-api_2.13	1.0.0-20220824_1445_master		442b9b2aa484a710de7fffd2afa84cbc65d131f2
io.accur8	a8-sync-api_2.13	1.0.0-20220825_0833_master		7563a53cd277a052b3f13ebea1a54bef0e009099
io.accur8	a8-sync-api_2.13	1.0.0-20220826_0651_master		6dc1c8a18f577253f3bafe8d45ecf973a28118c0
io.accur8	a8-sync-api_2.13	1.0.0-20220826_1547_master		8f7bbe50083988d0fd3441b59cef99bf95dbc980
io.accur8	a8-sync-api_2.13	1.0.0-20220906_1527_master		50d2624a4dda7f7858bb3af504f4852234f59837
io.accur8	a8-sync-api_2.13	1.0.0-20220906_1601_master		37a1a4df36790beb82d429c780b404da16e05f55
io.accur8	a8-sync-api_2.13	1.0.0-20220906_1615_master		9cd46ed09fd70d27b1a93accee8041da5763bf25
io.accur8	a8-sync-api_2.13	1.0.0-20220906_1629_master		f023f09ab44de48673aead27c7d6c02c6925b4ef
io.accur8	a8-sync-api_2.13	1.0.0-20220907_1055_master		43560963dcc968b4df6d3f5c60f1f75482d26ffc
io.accur8	a8-sync-api_2.13	1.0.0-20220907_1236_master		cec3162fb50fb350e28d5615e0fe52cb172171cb
io.accur8	a8-sync-api_2.13	1.0.0-20220907_1300_master		90eaaea46541c9741e12b1f31d16a4c888f14694
io.accur8	a8-sync-api_2.13	1.0.0-20220908_1033_master		cb1c21a126fffecf644ef93126dcb1271c1d6d41
io.accur8	a8-sync-api_2.13	1.0.0-20220920_1458_master		b9b94ceaaa40d03e38417bdeef8f7960a89fa81b
io.accur8	a8-sync-api_2.13	1.0.0-20220920_1504_master		046b0848ba14234cc274eb164dc650cf15c47551
io.accur8	a8-sync-api_2.13	1.0.0-20220920_1534_master		51831b1f6c3b353ed38982b1eee93a1cc7dd12b7
io.accur8	a8-sync-api_2.13	1.0.0-20220921_1311_master		74d439f00873bb668889374c54393c9d2b99a28f
io.accur8	a8-sync-api_2.13	1.0.0-20221005_0851_master		8003e09e088cd1839ec30b05ab80033639eeac07
io.accur8	a8-sync-api_2.13	1.0.0-20221005_1014_master		26609097b9d3dd2b2bfa42430a0d5e8306402bed
io.accur8	a8-sync-api_2.13	1.0.0-20221024_1241_master		790bf7d206f763dcae36317d3c9e84477b03e900
io.accur8	a8-sync-api_2.13	1.0.0-20221025_1616_master		0cebcc91e9ac5aad4b98f65d266e6ea130773cb7
io.accur8	a8-sync-api_2.13	1.0.0-20221118_1427_master		d73d77daf4df172c40ad9986c1cae2322b51ae12
io.accur8	a8-sync-api_2.13	1.0.0-20221125_1510_master		6de8946040a7575aa815a21fed9d8bc97673e9dc
io.accur8	a8-sync-api_2.13	1.0.0-20221125_1512_master		ad4ece876428e2ed6714097e9d11f5118a634d5c
io.accur8	a8-sync-api_2.13	1.0.0-20221129_1639_master		7ab9f98026e4e22a845c92c17deb1c2fa5e0cda6
io.accur8	a8-sync-api_2.13	1.0.0-20221203_1053_master		f336cbae327891dcef7e4d4fadef2396450bb976
io.accur8	a8-sync-api_2.13	1.0.0-20221212_1430_master		d4d192b47ec33e431261eac6cf08b63b08f230ca
io.accur8	a8-sync-api_2.13	1.0.0-20221212_1435_master		a4f3ccb51f07d307ae74f0cf1e9e60f2c60763b7
io.accur8	a8-sync-api_2.13	1.0.0-20221217_1950_master		d28364ce2785ea64bd5b884973f45dc4b7b1a302
io.accur8	a8-sync-api_2.13	1.0.0-20221218_1124_master		56fbeea81a945b5072aeafdaaba221cab13e1133
io.accur8	a8-sync-api_2.13	1.0.0-20221218_1357_master		01574ad4145f448ba0eacc8e7898c8337ecc50f9
io.accur8	a8-sync-api_2.13	1.0.0-20221218_1404_master		e072c94c8eb466a35d11ec855f030649cafacedb
io.accur8	a8-sync-api_2.13	1.0.0-20221219_0641_master		1fdad01a090ac5c98b8c7e059ad4bbb6b932f1db
io.accur8	a8-sync-api_2.13	1.0.0-20221220_2035_master		b669762a505b30c858e5a4992d10de37f2f4b16e
io.accur8	a8-sync-api_2.13	1.0.0-20221221_0658_master		66d6f3239fa0e943d8f262fbbdad483c1b6ef831
io.accur8	a8-sync-api_2.13	1.0.0-20221221_0716_master		cd2e1849b6156da341eac9b3695e665adfdf1cf3
io.accur8	a8-sync-api_2.13	1.0.0-20221226_1148_master		e9313e21afbcef9747cd75ad9da3ebdbb4e46e6f
io.accur8	a8-sync-api_2.13	1.0.0-20230103_0735_master		f9dcc33a3a07d73038086f072a32748f15e56f9d
io.accur8	a8-sync-api_2.13	1.0.0-20230104_1331_master		081dd7013d578ecb50c2e5af9eb1955dc943d8b1
io.accur8	a8-sync-api_2.13	1.0.0-20230104_1513_master		07e2d4e059d4ba62b26f1e685b39d38b007b9d17
io.accur8	a8-sync-api_2.13	1.0.0-20230105_1152_master		0210197c62fd2902359cacfb7db2f29fc635ce2c
io.accur8	a8-sync-api_2.13	1.0.0-20230106_1240_master		660612b3396b2aed3b202ec693820fc567949202
io.accur8	a8-sync-api_2.13	1.0.0-20230108_1051_master		84735f32d2cecdd8059ef8a2ab3348790930a4d6
io.accur8	a8-sync-api_2.13	1.0.0-20230202_2036_master		5a5f4c67b770e8e26ff5a61b55187b19c5ccc0eb
io.accur8	a8-sync-api_2.13	1.0.0-20230202_2055_master		87f83ab762294b26378f2fa41af9ebba930e171c
io.accur8	a8-sync-api_2.13	1.0.0-20230202_2108_master		ae126d5d4fce49f5853636996c85af0544798560
io.accur8	a8-sync-api_2.13	1.0.0-20230202_2141_master		15bb2d0d64f3c16e79f995c0857cc687d6cf08f0
io.accur8	a8-sync-api_2.13	1.0.0-20230203_0444_master		0941d8b463a57416997cbde0c4fddb696555e1e6
io.accur8	a8-sync-api_2.13	1.0.0-20230203_0507_master		7858043540b01f56e9e537c1934adb80e4a365d5
io.accur8	a8-sync-api_2.13	1.0.0-20230207_1007_master		d60c3426a610a839d1a0d277d65128f517f32fbd
io.accur8	a8-sync-api_2.13	1.0.0-20230209_1316_master		6c98e14bf5634fb06158fcdcce8939160b7c4e62
io.accur8	a8-sync-api_2.13	1.0.0-20230210_1506_master		8856bda26d8e32138ecce2c287d4f2f2cdf996c5
io.accur8	a8-sync-api_2.13	1.0.0-20230211_1426_master		f4d5e6a6e0e81fe3d7cc37753ccaff5fe2d19660
io.accur8	a8-sync-api_2.13	1.0.0-20230212_1012_master		2bc822c073329339d85d5ce173265da19d233fe4
io.gitee.benming110	flood-oauth-permission-start	2.0.0		601617ce2e4d645a1088335e0b6e0420be3af3c5
io.gitee.benming110	flood-oauth-permission-start	2.5.2		825955591d06340b6577bad0b470c787f1096365
io.github.mikeiansky	mikeiansky-sms	0.0.1		N/A
io.github.mikeiansky	mikeiansky-sms	1.0.1		N/A
io.github.mikeiansky	mikeiansky-sms	1.0.2		N/A
io.github.rhdunn	xqt-platform-xpath-macosarm64	0.2.0		N/A
io.github.rhdunn	xqt-platform-xpath-macosarm64	0.2.0	metadata	d81b5cb03638f6e93ae11210927a6ccdced10b21
io.github.vigoo	zio-aws-macie2_3	3.16.100.1		3f441d972b3c49c260e6364c3d5933f2d64f9311
io.github.vigoo	zio-aws-macie2_3	3.16.101.1		3eae13033808966c4edf9c37e48bb0be6ba57f93
io.github.vigoo	zio-aws-macie2_3	3.16.102.1		6c8eb9e35e7b89fe72f54cdc37b21031f3072ccb
io.github.vigoo	zio-aws-macie2_3	3.16.102.2		8c728394b5f54c6a37759477bd34ec9b9c35b0a7
io.github.vigoo	zio-aws-macie2_3	3.16.104.1		f62ba405a7b29e8396ccf75f91fc71ef5f1a27a8
io.github.vigoo	zio-aws-macie2_3	3.16.78.4		66819cb2bd47e524516a1b7b049b8e07459437eb
io.github.vigoo	zio-aws-macie2_3	3.16.78.5		790b3d9529278af783840c9168b539cb70383e21
io.github.vigoo	zio-aws-macie2_3	3.16.78.6		158784a583010a955e4a98d231fddd03bf9befe0
io.github.vigoo	zio-aws-macie2_3	3.16.79.1		ef45aa5260bbf2036dec1b698482807a4adda122
io.github.vigoo	zio-aws-macie2_3	3.16.79.2		26572ce427104de8dd381d2fcbbba6b457acb37f
io.github.vigoo	zio-aws-macie2_3	3.16.79.3		1c90c1e4c2fba2671b8b28b4a023fdcbbde9b4f5
io.github.vigoo	zio-aws-macie2_3	3.16.87.1		5a4add3c44af7d105084bd2cc8630d810639db2b
io.github.vigoo	zio-aws-macie2_3	3.16.88.1		0570cf065c678cb683ef5cf2bbcef8b2bf272e3c
io.github.vigoo	zio-aws-macie2_3	3.16.89.1		be794fbf492d80b3ac3ad640fdf3a05551ecb97f
io.github.vigoo	zio-aws-macie2_3	3.16.90.1		1c36db1020b414046a37c82f70e8cc0616eb4876
io.github.vigoo	zio-aws-macie2_3	3.16.91.1		a23b4d4a1a28e393cb8b90351a5f9029bd4ff6d6
io.github.vigoo	zio-aws-macie2_3	3.16.92.1		4ed4ef27366d75d95e7b7336d598ba7dd7131d0b
io.github.vigoo	zio-aws-macie2_3	3.16.92.2		c3c866c5a5eb5095a0d03ba3d2982059f3b701fc
io.github.vigoo	zio-aws-macie2_3	3.16.94.1		b8882e474e49d7d1fc876ff8bbbc5127b27bb336
io.github.vigoo	zio-aws-macie2_3	3.16.95.1		aded97213b89eb165c8cdbab639e9213f0e84e47
io.github.vigoo	zio-aws-macie2_3	3.16.95.2		e557668a3e8519cc3498a460163eac542325a98c
io.github.vigoo	zio-aws-macie2_3	3.16.96.1		b496af0802bc57f172cfeaf57f1aec628d5e8fbe
io.github.vigoo	zio-aws-macie2_3	3.16.97.1		904a9f83c8933bfb0ec77dd90f4de23d75cd33bf
io.github.vigoo	zio-aws-macie2_3	3.16.97.2		38c506979eefb1079d085c9ec354302a1bf05d9f
io.github.vigoo	zio-aws-macie2_3	3.16.97.3		ee94f3769573503ed8b8b3776dfb33870600b7a3
io.github.vigoo	zio-aws-macie2_3	3.16.99.1		e66fac03ae7b4d52b7eb85b7d533086f80efb203
io.github.vigoo	zio-aws-macie2_3	3.17.1.1		f4b97ff2231ed44ce55fe53b7bbccc1fcb121a14
io.github.vigoo	zio-aws-macie2_3	3.17.100.1		fd406288616a61b25c437b2dc0727f3d36ee19be
io.github.vigoo	zio-aws-macie2_3	3.17.100.3		9d92cbfef42ed677cbdb3209ae2ade28998f9146
io.github.vigoo	zio-aws-macie2_3	3.17.101.1		9b5f8b82227344975caf0342a41ff0a2535ce95d
io.github.vigoo	zio-aws-macie2_3	3.17.102.4		92be829ba946231c0ade2e0e2d3460ded849ce40
io.github.vigoo	zio-aws-macie2_3	3.17.102.5		7325122cdb4f301239671189ed80585db15cda67
io.github.vigoo	zio-aws-macie2_3	3.17.102.6		359c58cf5ecd1137fad8a5de7aeda7eecfa0d604
io.github.vigoo	zio-aws-macie2_3	3.17.103.1		edec276c399ab5e5d4ff7081cabcb7e071631ec7
io.github.vigoo	zio-aws-macie2_3	3.17.104.1		58243f384d195e8be3c6f021f40914f61731d6f7
io.github.vigoo	zio-aws-macie2_3	3.17.104.2		974ec68f8c6bc89803887bc994af2c0982a869a8
io.github.vigoo	zio-aws-macie2_3	3.17.104.3		880d7afa390c434734704df19b258c63cb2b6851
io.github.vigoo	zio-aws-macie2_3	3.17.104.4		0b6ccadb01d018e510914bb75dd2aa78bef59412
io.github.vigoo	zio-aws-macie2_3	3.17.104.5		840ac8710f72b2ae7738916195c35124b2e09ab9
io.github.vigoo	zio-aws-macie2_3	3.17.104.7		46d404c1d5a838f177d781cee2bdc8a7fbf48458
io.github.vigoo	zio-aws-macie2_3	3.17.11.1		29d167423120a7306626bc4a0769a51cab38ac4f
io.github.vigoo	zio-aws-macie2_3	3.17.12.1		f5b0ea1f0400eb2f447df051ce7449cf2e09b32b
io.github.vigoo	zio-aws-macie2_3	3.17.12.2		df8a36d40d5744188beb1419c9292eaad4bfa0c6
io.github.vigoo	zio-aws-macie2_3	3.17.12.3		71108f6207a918c6b0e5b58b98cd8dbc53af596c
io.github.vigoo	zio-aws-macie2_3	3.17.19.1		18cf7fdbb26c5c40e1128a2d366c6ee3357ba0d8
io.github.vigoo	zio-aws-macie2_3	3.17.2.1		6fcb606ef0db507d015cdd1b9f9b47c753159560
io.github.vigoo	zio-aws-macie2_3	3.17.20.1		cd9afdbec1256ef1e67319e69739f369ac9a79a6
io.github.vigoo	zio-aws-macie2_3	3.17.21.1		a71c5545def39c23f0b68a4a38b6f82b5bd9546f
io.github.vigoo	zio-aws-macie2_3	3.17.21.2		26eba14e892d9db7be83d9870022e7fad0c6e429
io.github.vigoo	zio-aws-macie2_3	3.17.22.1		aebe577a473b277b0f8453bfa32698c4882b9571
io.github.vigoo	zio-aws-macie2_3	3.17.23.1		fdd4cef89e0b7f986dac4ab39573809b925273f8
io.github.vigoo	zio-aws-macie2_3	3.17.24.1		0c3c526911c26e64983c032eb3e496e9a7e9e674
io.github.vigoo	zio-aws-macie2_3	3.17.24.2		148bfa38ea95887d033a5cc1f2bc8b4e61a30cc6
io.github.vigoo	zio-aws-macie2_3	3.17.25.1		cf7984b249f32f4f02b0bc4f89e8a9fbd1b2cfad
io.github.vigoo	zio-aws-macie2_3	3.17.26.1		37654b1ae8e31bf9686654bc301ff2a342867a1d
io.github.vigoo	zio-aws-macie2_3	3.17.26.2		45cf465c94a716518ff16cc37d79398886ae2b39
io.github.vigoo	zio-aws-macie2_3	3.17.27.1		8806aa71f736b4b04cefa9244bc1490632624d1e
io.github.vigoo	zio-aws-macie2_3	3.17.27.2		b4da2ff59dc9e4c7286fdd3740e0a0e38044f465
io.github.vigoo	zio-aws-macie2_3	3.17.29.1		41b5cbf33527e4a89cae8cc8c194360c902a4c4d
io.github.vigoo	zio-aws-macie2_3	3.17.30.1		470d884812eebf3d1704f2f1ea22dc236bb75671
io.github.vigoo	zio-aws-macie2_3	3.17.31.1		0606e0093ea7519dffdafc5e9f8311bece55a08e
io.github.vigoo	zio-aws-macie2_3	3.17.31.2		348d56a119ed1db78eadee22944044ffdbba3321
io.github.vigoo	zio-aws-macie2_3	3.17.33.1		4d3a207c7d369e57a206485c197f07d17d8a186e
io.github.vigoo	zio-aws-macie2_3	3.17.34.1		4619da8decdaf6a82784d76028e0cc1805183ba6
io.github.vigoo	zio-aws-macie2_3	3.17.35.1		f36c0c85a1a520b94a16dbf1ff3b7dd311b117d3
io.github.vigoo	zio-aws-macie2_3	3.17.36.1		04691d44828a31feba1bf5fa2d3dba6c4adee2de
io.github.vigoo	zio-aws-macie2_3	3.17.37.1		e67cccb7b225e840d5229ce8acbed3e4caba9d57
io.github.vigoo	zio-aws-macie2_3	3.17.38.1		392f78f96d4fef19cea8c7afd5227de9983047b1
io.github.vigoo	zio-aws-macie2_3	3.17.39.1		7d69664991235bdbb5787a01611b5b0bf7c7a11c
io.github.vigoo	zio-aws-macie2_3	3.17.40.1		50b35574e96b02c42666ae20ca358c61fb8fef61
io.github.vigoo	zio-aws-macie2_3	3.17.41.1		50c86fba5051e386e94c5d04316c99fccf75145b
io.github.vigoo	zio-aws-macie2_3	3.17.41.2		a8e24410f942cdf89513f8fcbc37645a90cfcc0b
io.github.vigoo	zio-aws-macie2_3	3.17.42.1		319690a8cb6b28059f183a5132d0e463f5bbf518
io.github.vigoo	zio-aws-macie2_3	3.17.42.2		8ec85957ee209d63ac252f8182da76affdaf651e
io.github.vigoo	zio-aws-macie2_3	3.17.42.3		244cb2f29b8f758b9d626a949be8e64327cb1b3f
io.github.vigoo	zio-aws-macie2_3	3.17.42.4		de0e804288f370494c5ecaf3dd65777ab18246cb
io.github.vigoo	zio-aws-macie2_3	3.17.42.5		48bd16a19e490633a90dd722d456418d668383b0
io.github.vigoo	zio-aws-macie2_3	3.17.42.6		9678ec4329bd393f6e5fb3efd68e7d7c82452ad6
io.github.vigoo	zio-aws-macie2_3	3.17.42.7		cb9aad8227abad5aa90e53a6bbbbc91a3cb27a55
io.github.vigoo	zio-aws-macie2_3	3.17.42.8		7a13b51a05d8067bdc2918b7db5027a92b5b85e2
io.github.vigoo	zio-aws-macie2_3	3.17.42.9		f75648f793be9cc9e3fe332688160392a18f081b
io.github.vigoo	zio-aws-macie2_3	3.17.5.1		031238ebfc836c46b7d1627863a6e3f85b8d7954
io.github.vigoo	zio-aws-macie2_3	3.17.56.1		3cd6bd44b8b94ec19a18ba517e2a9b6bcfd2202c
io.github.vigoo	zio-aws-macie2_3	3.17.57.1		790906f78ac307cd69f1340e787b2cdb0e6a1bd1
io.github.vigoo	zio-aws-macie2_3	3.17.57.2		e56f1837856556461e58b4dcbff587b5b4d1e0ab
io.github.vigoo	zio-aws-macie2_3	3.17.58.1		507873f7dfe3158f33100171193f8c65d07e7c60
io.github.vigoo	zio-aws-macie2_3	3.17.59.1		1d9a2efc6adc8da987671a13747a22fd7150a817
io.github.vigoo	zio-aws-macie2_3	3.17.61.1		15f766c4ccf33536aa41c00e10ba61e3b0afcb71
io.github.vigoo	zio-aws-macie2_3	3.17.61.2		62506c4971b30d272a5b4f9e5879451e7bfa0a87
io.github.vigoo	zio-aws-macie2_3	3.17.62.1		d26da62a4034cfd7b7e5852ff85115711dd0942e
io.github.vigoo	zio-aws-macie2_3	3.17.63.1		4846b1b014bd6b1910cb45ceffaf295d54d204e8
io.github.vigoo	zio-aws-macie2_3	3.17.63.2		44d49010b5d8e24c7c04c3fd8f7fbebbcc2e1cc5
io.github.vigoo	zio-aws-macie2_3	3.17.64.1		5fe2ed4c1ce142d2703ae82ed4b00fb28da61b36
io.github.vigoo	zio-aws-macie2_3	3.17.65.1		294e167a73e1e594c88677bd649b032332d6a455
io.github.vigoo	zio-aws-macie2_3	3.17.68.1		bb98458bc06c1bfdb806e37a3a5c0ff635150847
io.github.vigoo	zio-aws-macie2_3	3.17.70.1		38acd5c86a24cda3aa0bd78ac209f2d007e4da60
io.github.vigoo	zio-aws-macie2_3	3.17.71.1		060249bee54499b67e76770fedbe8a5fc7f9f25a
io.github.vigoo	zio-aws-macie2_3	3.17.71.2		2d731995412145b7b55399da4421ac87eb393803
io.github.vigoo	zio-aws-macie2_3	3.17.71.3		6b0653dc1c84871d1133fa50464ecf4917777f98
io.github.vigoo	zio-aws-macie2_3	3.17.74.1		2b5b098e5738fc8b94ad6b2cab6403c132acfed5
io.github.vigoo	zio-aws-macie2_3	3.17.75.1		56a43922c82654a27aeac6cd640a43cee761897b
io.github.vigoo	zio-aws-macie2_3	3.17.76.1		39f008e4f91729d767350a8abb302defdf52fecd
io.github.vigoo	zio-aws-macie2_3	3.17.77.1		52ac1231579923812c6ab015b339873c26cd03ae
io.github.vigoo	zio-aws-macie2_3	3.17.78.1		7358456388612fddc2650a6c276a34ff9d8815b1
io.github.vigoo	zio-aws-macie2_3	3.17.79.1		479001b175dd86ffbb0ea57c6b378916da2ec907
io.github.vigoo	zio-aws-macie2_3	3.17.8.1		c451f930ee900a7f4a8ce439d58af0903ea11e04
io.github.vigoo	zio-aws-macie2_3	3.17.8.2		658c8c6c290d9c672d281614390486416e39afec
io.github.vigoo	zio-aws-macie2_3	3.17.8.3		ac6c839c845d3554f27479669f78830eaccf4582
io.github.vigoo	zio-aws-macie2_3	3.17.8.4		4934b7d6e299cef779cf327c144a131ae2e1c8ff
io.github.vigoo	zio-aws-macie2_3	3.17.8.5		a2a4bbd26b07f5df7d1bc6ff2e1dd2622800de12
io.github.vigoo	zio-aws-macie2_3	3.17.80.1		dc6933a4330aeaca1ecd7c6d5bcf82d6a0306ef3
io.github.vigoo	zio-aws-macie2_3	3.17.81.1		ca9961bf64abbb03db6da996898ca49c623e1105
io.github.vigoo	zio-aws-macie2_3	3.17.87.2		34759d9da6b4d6d0626c0e82961c2c2366f5a106
io.github.vigoo	zio-aws-macie2_3	3.17.88.1		93c69095ffc77f9a36e3c309b74283efc81d84ad
io.github.vigoo	zio-aws-macie2_3	3.17.9.1		1fcd2359d73168dcf7dad8a96139b8a34264ebaf
io.github.vigoo	zio-aws-macie2_3	3.17.90.1		b2c983e3cf65636e4e5120011a69dda94331cfd8
io.github.vigoo	zio-aws-macie2_3	3.17.94.1		2d4310222aeb1ddb798a7a7620f75d2da9597be1
io.github.vigoo	zio-aws-macie2_3	3.17.94.2		6eef4beab74c1aa5534774d1c9bf9b3fa6cac920
io.github.vigoo	zio-aws-macie2_3	3.17.97.1		34965a8804a21dae9dd9e6c949d475706484bf07
io.github.vigoo	zio-aws-macie2_3	3.17.98.1		064ab39265cf9746cfcf03b8b9133100cf43926a
io.github.vigoo	zio-aws-macie2_3	3.17.99.1		6ab4876376cdce87961ac891812cc99cd23f52dc
io.github.vigoo	zio-aws-macie2_3	4.0.2		470b6905aa02788887c1ce05f04c607b71985087
io.github.vigoo	zio-aws-macie2_3	4.0.4		c4c91d862173f35c437fd33fb793f15a40124546
io.github.vigoo	zio-aws-macie2_3	4.0.5		a6b331be1e90a615a982ff898d439a29d9c0731b
io.github.vigoo	zio-aws-macie2_3	4.17.104.1		cc7ad96ecd7acabecb93b5f234bba569ec5e953e
io.github.vigoo	zio-aws-macie2_3	4.17.104.2		28d1bdf35c3746d53abca5a9b12b34ddc88c185c
io.github.vigoo	zio-aws-macie2_3	4.17.280.4		b9f238adee2e998f1effc95882c63a6387f7af1d
io.higherkindness	mu-rpc-prometheus_3	0.29.0		47b1d9a1075fa33b7b6cefc32ec4aa5ff681a5a8
io.higherkindness	mu-rpc-prometheus_3	0.29.1		0f56c4e511611925f2074fe3a4015185ca6076a2
io.higherkindness	mu-rpc-prometheus_3	0.30.0		1bdbadb9d9adf09932fba57ef85ec1a2e33c48b2
io.higherkindness	mu-rpc-prometheus_3	0.30.1		752051b38588d709c1eaa2e49b9d5a9c09ae5455
io.higherkindness	mu-rpc-prometheus_3	0.30.2		d95b494b21f84f2cc31e27ce5127182d89c161f9
io.higherkindness	mu-rpc-prometheus_3	0.30.3		2054329a91a6ad887d67847992d4c267d9e429d6
io.higherkindness	mu-rpc-prometheus_3	0.31.0		141302fa551aba66214b009441217b3d6c84e37c
io.higherkindness	mu-rpc-prometheus_3	0.31.1		0f7a7e31c9a2e151f01e9199ea5e1412cbf34ed8
io.higherkindness	mu-rpc-prometheus_3	0.32.0		f6264d71b821d9a4f88df9cf2ec8c0ccc4158ce8
io.higherkindness	mu-rpc-prometheus_3	0.33.0		8c1d07a5e6525046784e54e439d39c406d2d4877
io.higherkindness	mu-rpc-prometheus_3	0.34.0		be36dec11ec409c7fb90632c9f46cac6451e8588
io.knotx	knotx-example-action-adapter-http	1.0.0		34282bee8706d800a7185d3036a10b3a0d5dbd77
io.knotx	knotx-example-action-adapter-http	1.0.1		76333cced638dbdfebfe18a4824614049b882b9e
io.knotx	knotx-example-action-adapter-http	1.1.0		8a78fe2ad91be1918d6d4832316b698f92e7db47
io.knotx	knotx-example-action-adapter-http	1.1.1		bc38851e90e4fcba2ae59d41e459773cb23aa04e
io.knotx	knotx-example-action-adapter-http	1.1.2		cbf7bbafd5cf92bf6afd1da04004b9eacfd299ab
io.knotx	knotx-example-action-adapter-http	1.2.0		9c51766f4af619b9d6e6991a270ff90c9ae4e7ba
io.knotx	knotx-example-action-adapter-http	1.2.1		34c20633078dfd3768a715da910c4d47245833b3
io.knotx	knotx-example-action-adapter-http	1.2.2		030ac96eb99b57dd49e72f33204550c5ebbaa455
io.maryk	maryk-rocksdb-iosarm64	0.6.0		N/A
io.maryk	maryk-rocksdb-iosarm64	0.6.0	metadata	2ad14aed781c4a73ed4dbb421966d408a0a06686
io.nstream	nstream-adapter-jms	4.10.18		c967aceb462cc8b1b94af8a7b0bfa4cd01112b36
io.nstream	nstream-adapter-jms	4.11.19		386cd3ca2bae3e68cb003858040a9e107a61406b
io.nstream	nstream-adapter-jms	4.12.20		f303e0e8e3bc5c0f3e992a56ceecab4ef86704bb
io.nstream	nstream-adapter-jms	4.13.21		ac9474fb2ab74296567494641b7f2ce211d73142
io.nstream	nstream-adapter-jms	4.14.22		81824d780e5e467477d21cc09b8a645af872a4cb
io.nstream	nstream-adapter-jms	4.15.23		1fbbb34c9c6036a65678f0a87a3d37553ffd7de4
io.nstream	nstream-adapter-jms	4.2.0.4		d9870ee16e907833a6a3fc2fa2193a415c23a589
io.nstream	nstream-adapter-jms	4.2.0.5		631bb3c79c092c7ef1f1a928d48f678bc4d41f78
io.nstream	nstream-adapter-jms	4.3.6		0650b874aa06ab9036b8d95394f285b812f783bc
io.nstream	nstream-adapter-jms	4.4.7		d6feb18fc19328e759cb05d58ef83ec7d61330fc
io.nstream	nstream-adapter-jms	4.5.8		66fb080e015aa0fe6e4707b28c4e565085755f2d
io.nstream	nstream-adapter-jms	4.6.9		984cf30eb424be474a8abf747317c38035d1c10c
io.nstream	nstream-adapter-jms	4.7.10		e6d7a1b30a674cb8d070827703d78b5e233ed394
io.nstream	nstream-adapter-jms	4.7.12		4172b1557f4fc8d9c694895fd1b17a7bf981e64b
io.nstream	nstream-adapter-jms	4.8.15		97e9ba11fb094f579ed265887a11954ec48950f0
io.nstream	nstream-adapter-jms	4.9.16		fdd3b5fbcd37568b702128c6ac63f54f424f7c67
io.nstream	nstream-adapter-jms	4.9.17		84b29c13545106626f4fdeac5ac841845ff2ad96
io.staminaframework	parent	1		N/A
io.staminaframework	parent	2		N/A
io.syncrasy.dynamic	design-system-iossimulatorarm64	0.0.7		N/A
io.syncrasy.dynamic	design-system-iossimulatorarm64	0.0.7	metadata	e8b07d8e7133b6fb66b822f06e3128838fdb488d
io.syncrasy.dynamic	design-system-iossimulatorarm64	0.1.0		N/A
io.syncrasy.dynamic	design-system-iossimulatorarm64	0.1.0	metadata	39e6bdbc4e2c1ec921b8dc3e0a87c781cb290dd9
io.zipkin.brave	brave-instrumentation-p6spy	4.10.0		1f2ff65934e56ebd21f44e2e2d20d7d85fde152d
io.zipkin.brave	brave-instrumentation-p6spy	4.10.1		163386f0273ed2ca02e9223f3238a653a26b08ec
io.zipkin.brave	brave-instrumentation-p6spy	4.11.0		62c5626d707cca60283abce471b3ac945da31a74
io.zipkin.brave	brave-instrumentation-p6spy	4.12.0		8057295b8120352c19073ff341d39fceafcab231
io.zipkin.brave	brave-instrumentation-p6spy	4.13.0		6e14d05d486d89402fd11768b16824a95042cbe0
io.zipkin.brave	brave-instrumentation-p6spy	4.13.1		08f4747e0628092fc1fcba90ef3145918a35c36a
io.zipkin.brave	brave-instrumentation-p6spy	4.13.2		cf1231b9de6e1ef58aec44899e8485c823c0302b
io.zipkin.brave	brave-instrumentation-p6spy	4.13.3		49e53669facbd510ccfd1ba85db87ede197256d8
io.zipkin.brave	brave-instrumentation-p6spy	4.13.4		d44b214d9f9c0e732f33560e6e2b2ef6ab05f82e
io.zipkin.brave	brave-instrumentation-p6spy	4.13.5		3140934918934cfda89dd5bcaa440938494c141a
io.zipkin.brave	brave-instrumentation-p6spy	4.13.6		aa9f16fc0258e0d46967b73469efd8e8bff80ba9
io.zipkin.brave	brave-instrumentation-p6spy	4.14.0		b4ea4897c312c7cca687bb957a9a59314ebcd0e9
io.zipkin.brave	brave-instrumentation-p6spy	4.14.1		adef1fa35a910176906247aa007a71e76f9c7c2b
io.zipkin.brave	brave-instrumentation-p6spy	4.14.2		1c3e7b726f818d3516035aaceb813f78d8ca6c39
io.zipkin.brave	brave-instrumentation-p6spy	4.14.3		5ef800fe1872d3e25f6c8370968237723409e14b
io.zipkin.brave	brave-instrumentation-p6spy	4.15.0		9f2f4b3f49a40e4007a305899028305c51373f00
io.zipkin.brave	brave-instrumentation-p6spy	4.15.1		fc992dd7879f8d43e1664e9057a08715dc6d511c
io.zipkin.brave	brave-instrumentation-p6spy	4.16.0		b2015548cede1da0a60cb3d3eaa2db7c40f4285f
io.zipkin.brave	brave-instrumentation-p6spy	4.16.1		45bb58d01debd3fa6cfff27735567e734cad447c
io.zipkin.brave	brave-instrumentation-p6spy	4.16.2		325238a682a976301f65220df4747fce830d879d
io.zipkin.brave	brave-instrumentation-p6spy	4.17.0		0b0faba96dadd0be0ec4a66a421455d2de7f376b
io.zipkin.brave	brave-instrumentation-p6spy	4.17.1		0fe349c60f13f2d5ef8374b48533c512a8cbb4f0
io.zipkin.brave	brave-instrumentation-p6spy	4.17.2		e588b9ea1bb5e93ae09f3246137bdd057e1b1837
io.zipkin.brave	brave-instrumentation-p6spy	4.18.0		9c829e7aa313271664bc182321009fb96dcb2031
io.zipkin.brave	brave-instrumentation-p6spy	4.18.1		7cbf78a5da66235112aa7cf51b5dec037588aad7
io.zipkin.brave	brave-instrumentation-p6spy	4.18.2		f1b80f4339d4d558347f5565e1a36656283ad3d5
io.zipkin.brave	brave-instrumentation-p6spy	4.19.0		174effc74620fd95c61b46dd21b7963ff8102d83
io.zipkin.brave	brave-instrumentation-p6spy	4.19.1		04e7747942186b7184a533bd7eb9935bd6e9f2c6
io.zipkin.brave	brave-instrumentation-p6spy	4.19.2		6af68bdda432892ea7d65939780423d899eef1cb
io.zipkin.brave	brave-instrumentation-p6spy	4.19.3		e15546b32a4844e2632dec07f399c779c4f0a07b
io.zipkin.brave	brave-instrumentation-p6spy	4.3.0		95c435401431977e95355cbe4ac13ccbe154c3c4
io.zipkin.brave	brave-instrumentation-p6spy	4.3.1		33cea52553c83fc2585dbbc588abc5eac8a6eb29
io.zipkin.brave	brave-instrumentation-p6spy	4.3.2		cae48a9d0d4639ec9ae6b336dd4566b5d0452b51
io.zipkin.brave	brave-instrumentation-p6spy	4.3.3		1a66c350a008128bf8dcbff06b47d41a761016e0
io.zipkin.brave	brave-instrumentation-p6spy	4.3.4		8a81eff4bb4a56bcb54b68bffd4655c782847bbe
io.zipkin.brave	brave-instrumentation-p6spy	4.4.0		2d993dac37068b5a7d29dcac542231ab747e8a07
io.zipkin.brave	brave-instrumentation-p6spy	4.5.0		ab757c5b8707a632ab968ce0705b23f741439c0f
io.zipkin.brave	brave-instrumentation-p6spy	4.5.1		8a867863e81a0635ac090b099d068ca17007f6e9
io.zipkin.brave	brave-instrumentation-p6spy	4.5.2		60dc3e7b133e78efcd2fc0da6ff5c6ce11ae50a0
io.zipkin.brave	brave-instrumentation-p6spy	4.6.0		0c7e5e5e3c560c7827dc93a777c0f95bcadfe768
io.zipkin.brave	brave-instrumentation-p6spy	4.7.0		41c1aea1123883dd9b898b0af7eceaaceb4931de
io.zipkin.brave	brave-instrumentation-p6spy	4.7.1		96cb17e9f3bebebf2d96e3f2361602d04670fa48
io.zipkin.brave	brave-instrumentation-p6spy	4.7.2		3f4d111e9cfa6ece6300cc202c842687bde96184
io.zipkin.brave	brave-instrumentation-p6spy	4.8.0		c3df4b25d38a88ff85e920eda891a5050a215a79
io.zipkin.brave	brave-instrumentation-p6spy	4.8.1		2c97cbfe0ea1c6102cc42b79e4d055ab7a4d53a4
io.zipkin.brave	brave-instrumentation-p6spy	4.9.0		0d5f639990a8ff9b08e580ab6cbe5ca03953b593
io.zipkin.brave	brave-instrumentation-p6spy	4.9.1		204f63dee0cdfc09d5f190b6f8ba459fe4fc3840
io.zipkin.brave	brave-instrumentation-p6spy	4.9.2		eb28dbac7e72b48055bed556e94ecfcb159775c0
io.zipkin.brave	brave-instrumentation-p6spy	5.0.0		ed24c5e6370550dedec33d720cedad38ce3169af
io.zipkin.brave	brave-instrumentation-p6spy	5.1.0		f253054767c5792ef82fd5cdf27dd01a82a344da
io.zipkin.brave	brave-instrumentation-p6spy	5.1.1		77fda199b666a4fc002bd40b32684c7b40349d8e
io.zipkin.brave	brave-instrumentation-p6spy	5.1.2		c723fba5d50e9b1e8150e71b6c97304307a0d550
io.zipkin.brave	brave-instrumentation-p6spy	5.1.3		9dbe35946c8981bde8fa9eb63d6fd9c003a4d45a
io.zipkin.brave	brave-instrumentation-p6spy	5.1.4		81d566402488539f307d1af180da4102ded8324f
io.zipkin.brave	brave-instrumentation-p6spy	5.1.5		4833b29c1612d04ee5da026d688842bc630ab5d0
io.zipkin.brave	brave-instrumentation-p6spy	5.10.0		535dba1ca3aa7bcc5a362cfaf4c933e5e08cf531
io.zipkin.brave	brave-instrumentation-p6spy	5.10.1		e12aae60193e2afc32de94733f2a2e08850548e5
io.zipkin.brave	brave-instrumentation-p6spy	5.10.2		5211a252654f99fbbad609361c64030cfe358e3f
io.zipkin.brave	brave-instrumentation-p6spy	5.11.0		22f7c9c54540354917714c0836439c6a47c7f96e
io.zipkin.brave	brave-instrumentation-p6spy	5.11.1		83bcfddbbf4c121b9342b6a5b0cbd7d17ab35fd6
io.zipkin.brave	brave-instrumentation-p6spy	5.11.2		52e5b7d28a66236a8144bcb6b56bb182decc6df4
io.zipkin.brave	brave-instrumentation-p6spy	5.12.0		95296b35efa56a6bc634d4bdd97ff03c650db818
io.zipkin.brave	brave-instrumentation-p6spy	5.12.1		d6b96130a8903bb7d0947e19bd95728554bfb15d
io.zipkin.brave	brave-instrumentation-p6spy	5.12.2		2b379bf4716c43bfbe14a79c51667e5e83515b14
io.zipkin.brave	brave-instrumentation-p6spy	5.12.3		bc014e64f56a87522c9cc673f60e345cc69be0a2
io.zipkin.brave	brave-instrumentation-p6spy	5.12.4		d41e4a608ee7019555de4e815c0e9682efbf74b1
io.zipkin.brave	brave-instrumentation-p6spy	5.12.5		40ef8c4220469c15572cef7d3fee7b2778097a3d
io.zipkin.brave	brave-instrumentation-p6spy	5.12.6		bf96b299aab48ab46fb7e3bc4ef32c977d65516e
io.zipkin.brave	brave-instrumentation-p6spy	5.12.7		d943848435db1d51b4a17a06be232e784b8e2df4
io.zipkin.brave	brave-instrumentation-p6spy	5.13.0		a724d9fc9753c1e1737bb6123dc419846b5ba82a
io.zipkin.brave	brave-instrumentation-p6spy	5.13.1		72e04d0d943585a8ea87f4cd4ae98861f6035540
io.zipkin.brave	brave-instrumentation-p6spy	5.13.10		5e36db1230fe1e516fa5c9f44b491274993819b1
io.zipkin.brave	brave-instrumentation-p6spy	5.13.11		8813707703b04a8f75694e25b298d01117989263
io.zipkin.brave	brave-instrumentation-p6spy	5.13.2		fff441678d9be3900513bffeff54fab946464239
io.zipkin.brave	brave-instrumentation-p6spy	5.13.3		c0b3fbe3eb661897230210bf5ab2248f7e0f8f71
io.zipkin.brave	brave-instrumentation-p6spy	5.13.4		d27b6bfa3a05d89189578d030369ae73eb595aea
io.zipkin.brave	brave-instrumentation-p6spy	5.13.5		1d7965c69bb7748fdd0d63b6f8d864a1e50d47e4
io.zipkin.brave	brave-instrumentation-p6spy	5.13.6		233d5dd4b241dfc63382dcc6fc1077edeaf251a3
io.zipkin.brave	brave-instrumentation-p6spy	5.13.7		f984d88aba98302aa5ecf7de7a6b2ba9bd9363ab
io.zipkin.brave	brave-instrumentation-p6spy	5.13.8		1e1e319769c4718fc7516090e9d76b621cae8103
io.zipkin.brave	brave-instrumentation-p6spy	5.13.9		52f5ae0d7866b17568586c35de6bd96358af4aa9
io.zipkin.brave	brave-instrumentation-p6spy	5.14.0		18643e528d0ea9b706944685adf4e435cdd7220c
io.zipkin.brave	brave-instrumentation-p6spy	5.14.1		129f23e899a3c29f0e9f934d5e76465f54372ef0
io.zipkin.brave	brave-instrumentation-p6spy	5.15.0		81be7da9199c4ee97041bf86bb8f126a06fcefd1
io.zipkin.brave	brave-instrumentation-p6spy	5.15.1		8220e9a3f27516da67c1188893db831a733a77b2
io.zipkin.brave	brave-instrumentation-p6spy	5.16.0		59f2547e21acb27094e0f16f1392c4ef8b3371f7
io.zipkin.brave	brave-instrumentation-p6spy	5.17.0		a3a3513f57253346d83447805265f7bb8f7bb7c6
io.zipkin.brave	brave-instrumentation-p6spy	5.17.1		da108b68a44cffe2749ca12ded884c8a9cfdad07
io.zipkin.brave	brave-instrumentation-p6spy	5.18.0		319574e33fe09b4815b286882581f6dc1fb32728
io.zipkin.brave	brave-instrumentation-p6spy	5.18.1		8b8521c0e325c08b2072bd4a03197c3d6c0f67f6
io.zipkin.brave	brave-instrumentation-p6spy	5.2.0		57106998c83aba2562b317e7755928459b438c47
io.zipkin.brave	brave-instrumentation-p6spy	5.3.0		50b9d7944851a463b513907fafb52a3de2fed70d
io.zipkin.brave	brave-instrumentation-p6spy	5.3.1		e29db02b3d8c7c71d7ab117cba2fd28b98c6f87f
io.zipkin.brave	brave-instrumentation-p6spy	5.3.2		377e19b193f4194d932b09fe408539faeced2caf
io.zipkin.brave	brave-instrumentation-p6spy	5.3.3		f2bfb9e8bbc6d9670668da4d7f049c3355bf13a3
io.zipkin.brave	brave-instrumentation-p6spy	5.4.0		81169c509b92340523b21422204800f152c12688
io.zipkin.brave	brave-instrumentation-p6spy	5.4.1		92eb7ee9187eb0e660fc22504b9272f441f9b517
io.zipkin.brave	brave-instrumentation-p6spy	5.4.2		95c2a0c9a3de51752148f19d679519fb892ebdbb
io.zipkin.brave	brave-instrumentation-p6spy	5.4.3		450b9a72ca4751ab1cbb82fa4e35019783028226
io.zipkin.brave	brave-instrumentation-p6spy	5.4.4		23434826669270d44d66ba34cfa6cc0e08827426
io.zipkin.brave	brave-instrumentation-p6spy	5.5.0		f2f3288d89b9651339a8db73541aa0c68b138607
io.zipkin.brave	brave-instrumentation-p6spy	5.5.1		28cf5e0b25a67fe537767ad6923615e146611a87
io.zipkin.brave	brave-instrumentation-p6spy	5.5.2		aa415ff4f9dd602b246831e9a3ce5a893cdc1028
io.zipkin.brave	brave-instrumentation-p6spy	5.6.0		c4d1733d38d1644fd24d8c9697ca80904b8dee66
io.zipkin.brave	brave-instrumentation-p6spy	5.6.1		220b5950c2ea5a634be285ade6b250c2255a9a31
io.zipkin.brave	brave-instrumentation-p6spy	5.6.10		8563fc6727a856c2a9608ab6329bf51fb9b381f3
io.zipkin.brave	brave-instrumentation-p6spy	5.6.11		f04a0a2c3e8493509e2bee57d96ba90092018cfa
io.zipkin.brave	brave-instrumentation-p6spy	5.6.2		6422a049f9507db0c0ad832e4371554d663e7828
io.zipkin.brave	brave-instrumentation-p6spy	5.6.3		b14d1dedab8f0fe01403ea7d2d91625dc4db2f1f
io.zipkin.brave	brave-instrumentation-p6spy	5.6.4		1fa709a487ed49ae633bcc7578bd91a44ca0c656
io.zipkin.brave	brave-instrumentation-p6spy	5.6.5		1d359a78035c337e303ba42b2b867423c3a08721
io.zipkin.brave	brave-instrumentation-p6spy	5.6.6		16a268b564508f72da1893e5e7e1fe7eedf2528f
io.zipkin.brave	brave-instrumentation-p6spy	5.6.7		c3f2763b3565b976ac919204e4d67303cc37c7d2
io.zipkin.brave	brave-instrumentation-p6spy	5.6.8		0c95da79be08b1936cf617487b7b6fea9e922482
io.zipkin.brave	brave-instrumentation-p6spy	5.6.9		0622d4cd8f9ea92598f117df19584d21e6a686aa
io.zipkin.brave	brave-instrumentation-p6spy	5.7.0		b4acfbd5f1a05b2ab5c879ecf71db4c7f5da2676
io.zipkin.brave	brave-instrumentation-p6spy	5.8.0		24581effa662e2e017ab97ed35b158b637de9b83
io.zipkin.brave	brave-instrumentation-p6spy	5.9.0		e7c069380b30e5cd7049ba60482510fbeb4d63d8
io.zipkin.brave	brave-instrumentation-p6spy	5.9.1		d6b4b748141a1f93612ca144a93184a469bc7341
io.zipkin.brave	brave-instrumentation-p6spy	5.9.2		f9c5d15233370839c4ad335ddb07a8cb850db0cd
io.zipkin.brave	brave-instrumentation-p6spy	5.9.3		122e458d5ae5825a2db12f90c42f8f1c7df70e9d
io.zipkin.brave	brave-instrumentation-p6spy	5.9.4		ac59e5db2e188fb35fa6a8e1a83da48d528aa377
io.zipkin.brave	brave-instrumentation-p6spy	5.9.5		845692d6a777d523a619e11ed6647a3f3096b8fb
me.hsgamer	minigamecore-bukkit-simple	2.2.0		7dab024809ad02b12a37ffb9cc74a4798d7389f0
me.hsgamer	minigamecore-bukkit-simple	2.2.1		7cc36e9f6148518e2645b48c579af4b932f334d6
me.hsgamer	minigamecore-bukkit-simple	2.2.2		cdfa899f45d4e49edd962955d6eb4ee8d7c0564f
me.hsgamer	minigamecore-bukkit-simple	3.0.0		eb6c99adf8ecf5f7d465135b4bf7c1c4f486021c
me.hsgamer	minigamecore-bukkit-simple	3.1.0		abe15b0ae1fadc3dc4999d3e817169fada75cb9e
me.hsgamer	minigamecore-bukkit-simple	3.2.0		f02eea47e7b2cdea2e0992bf8156062250f166d9
me.hsgamer	minigamecore-bukkit-simple	3.3.0		f54ca74251b477ac017857f0033de1be4956bae3
me.hsgamer	minigamecore-bukkit-simple	3.4.0		af8be0a46df905dc2a6c13169e65d56e05ab81c8
me.hsgamer	minigamecore-bukkit-simple	3.4.1		e0d4a7d49aad56a678efdbb88fdad4050ea2d116
me.hsgamer	minigamecore-bukkit-simple	3.4.2		8a4d3d6b64de94e13c4f21e1e75f9ed4f847c77c
me.hsgamer	minigamecore-bukkit-simple	3.5.0		c95f8ad302ec206493bc8a58ee4cbf7e583bdc9f
me.hsgamer	minigamecore-bukkit-simple	3.6.0		f61f65df107f0ce75b6a3364b85a9cb30ec03693
net.admin4j	admin4j	1.0.3		dafa13138183f37333d7f4d5cc18fb5044dcc2dd
net.admin4j	admin4j	1.0.4-rc1		3282c87c7ff7c310ccb3dc0c64133d90ccd0e303
net.admin4j	admin4j	1.0.4-rc2		627ecb937f09116a8368d85b6d79190d3b1116b4
net.colesico.framework	colesico-bundle-mix	2.0.0		ea0add60913106175aef59420973d0e7da8555ba
net.colesico.framework	colesico-bundle-mix	2.1.0		8faa7f8e0255cc1546a0f19884d511f064dec440
net.colesico.framework	colesico-bundle-mix	2.2.0		73bd72366e74cebbd8ea7d54951647023ade5d14
net.colesico.framework	colesico-bundle-mix	2.2.1		12f2f6c5e90dfca04a2b1b9f659ce172bd5842b3
net.colesico.framework	colesico-bundle-mix	2.2.2		9d85eb55409835090d84792f3e3222f23e3cf30b
net.colesico.framework	colesico-bundle-mix	2.2.3		4ce93836fdf86441d7305d8534475402981aade9
net.colesico.framework	colesico-bundle-mix	2.3.0		bd6a6e1fbb34fbbe600b0293e9bc47a42688d107
net.colesico.framework	colesico-bundle-mix	2.3.1		2005ef73e2428d60059ce6afeb338cba848fad8a
net.colesico.framework	colesico-bundle-mix	2.4.0		c1948accccb67d869428923b09eafbaaf6eb18e0
net.colesico.framework	colesico-bundle-mix	2.4.1		258f4c4194097391f5d3e6603bc188695272fe7c
net.colesico.framework	colesico-bundle-mix	2.4.2		5a56594d1c06332f79d558416817b489c2d26088
net.colesico.framework	colesico-bundle-mix	2.4.4		4d354e86c5b05933202db907180d8d1a9884ce9c
net.colesico.framework	colesico-bundle-mix	2.5.1		af5edce2033388e5d5dc050aed8d93c55518f3d5
net.colesico.framework	colesico-bundle-mix	3.1.1		b8384b5554265596d9c1e642be74bcd7294bcdfe
net.colesico.framework	colesico-bundle-mix	3.1.2		15339eddd6c00708bdd16cd3ff75096996bea5a6
net.colesico.framework	colesico-bundle-mix	3.2.0		f20be260c25caa9946523d0d84509942ae5d99df
net.colesico.framework	colesico-bundle-mix	3.3.0		dac1da3eab2e51ed282163e0e5758e57c409f7d4
net.colesico.framework	colesico-bundle-mix	3.3.1		1e9b60b2eac4d14f28aad50620d5d85afa67e052
net.colesico.framework	colesico-bundle-mix	3.4.0		c03313847c15efb631c6e19cb19aba9aa69af500
net.colesico.framework	colesico-bundle-mix	3.5.0		0e0e606214345bc8afadf56a165f95b65d2dc2b3
net.colesico.framework	colesico-bundle-mix	3.5.1		f84760029fc0ad2df79cde2fd9a50e0a1b40244f
net.colesico.framework	colesico-bundle-mix	3.6.0		dea20b842985d1f1ff9b73d343ff30fafca10f1a
net.colesico.framework	colesico-bundle-mix	3.7.0		eb62c38b1a88c2dbbae990259467805459af677f
net.colesico.framework	colesico-bundle-mix	3.8.0		96ed334a958b9887ec0ac5f2d12056ccc617023d
net.colesico.framework	colesico-bundle-mix	3.8.1		54b7ea30669838f6b3b41984941674b4ef9dbdc2
net.colesico.framework	colesico-bundle-mix	3.9.0		8570afda015131de216db75ff6e2707f0bdc5fe5
net.colesico.framework	colesico-bundle-mix	3.9.1		6962e3021c9c243fc207bc59686bfc9b54d04f34
net.colesico.framework	colesico-bundle-mix	3.9.2		0c3227d4c5260140e4a5468488ccdf2b8482d0ed
net.colesico.framework	colesico-bundle-mix	4.0.0		092863c881f0cda048ea170b27b78f3c18f734fc
net.colesico.framework	colesico-bundle-mix	4.1.0		8e7af09e6985108d255e126a3cca1d1f59e46775
net.colesico.framework	colesico-bundle-mix	4.1.1		87840b66c30f632fd1d2ef84b3350ddf22204146
net.gfxmonk	foperator-backend-kubernetes-client_3	2.0.0		22a22d46f2368e43e417e4796c0d87512e76a8ad
net.gfxmonk	foperator-backend-kubernetes-client_3	2.1.0		3dac56e2576335550f9d5267e36f677e154d123b
net.gfxmonk	foperator-backend-kubernetes-client_3	2.2.0		d6e2bc7da71a2c9e92c80b4ed94b85a9762856b3
net.gfxmonk	foperator-backend-kubernetes-client_3	2.3.0		a2cdd5da463ca07d1a814f17656e6cd142b7e8bb
net.humans.kmm.arch	di-iosx64	2023.07.08		N/A
net.humans.kmm.arch	di-iosx64	2023.07.08	metadata	79e000b67cd860767d22fe39cb59ab2bdbf56f52
net.humans.kmm.arch	di-iosx64	2023.07.08-TEST		N/A
net.humans.kmm.arch	di-iosx64	2023.07.08-TEST	metadata	62b749e240f9c9f34a8e6648aedc6336afd1ddd1
net.sf.phat	phat-demos	1.0.0		b781cbc1c7fc80584b994657006a1f863c4628d4
net.sf.phat	phat-demos	1.0.1		e5ac9a945e0b2653e088eba067bcf655f75d42ca
org.apache.activemq.examples.amqp	proton-ruby	1.1.0		bc9c6881db09c8c6ddc9e76b1aa191d62135b804
org.apache.activemq.examples.amqp	proton-ruby	1.2.0		1a15bdbaa46c8c8431640f29559b97adbafaec64
org.apache.activemq.examples.amqp	proton-ruby	1.3.0		02cd375401afa7e4da21cec0c136130982eff7c7
org.apache.activemq.examples.amqp	proton-ruby	1.4.0		39b75cf8ac8bc4131309b115f9dac8b1ae3469f5
org.apache.activemq.examples.amqp	proton-ruby	1.5.0		11c2c14ae1e2e0fd931ce590e4c0a2784e6ac839
org.apache.activemq.examples.amqp	proton-ruby	1.5.1		b64bc40f4f26bdbfa0882a8194b6d1ebcabc6e83
org.apache.activemq.examples.amqp	proton-ruby	1.5.2		2cc4b2d346e68e98688f058e9b57e9ce7d03ef33
org.apache.activemq.examples.amqp	proton-ruby	1.5.3		ab89ded2babacc4c9d5b8144f2e7ab20aa58aa3c
org.apache.activemq.examples.amqp	proton-ruby	1.5.4		ab365ca5b216abc6ab7837636ceb5ffd28b962a5
org.apache.activemq.examples.amqp	proton-ruby	1.5.5		7ea3a0af6b674fc37fbcfa2755994e2ce5e3d12c
org.apache.activemq.examples.amqp	proton-ruby	1.5.6		0430b95db876e83578aef86e4fe7632f3cd6cad1
org.apache.activemq.examples.amqp	proton-ruby	2.0.0		11e9557595c90112a871bd271e73b6c87ab62af6
org.apache.activemq.examples.amqp	proton-ruby	2.1.0		19c1a0be6512acd04ec144b0563a74c7c06f52ff
org.apache.activemq.examples.amqp	proton-ruby	2.10.0		11a20fddd88021cb9e3c7380c08fd09b2a705a49
org.apache.activemq.examples.amqp	proton-ruby	2.10.1		75efd0afe4f900a19a14fc4aeda092009bfe9108
org.apache.activemq.examples.amqp	proton-ruby	2.11.0		0a768cfcc624d8eceb5feaf4c94f0a87def3c801
org.apache.activemq.examples.amqp	proton-ruby	2.12.0		6cfcd275f6f390701be0cf5cab005a45b831f4a3
org.apache.activemq.examples.amqp	proton-ruby	2.13.0		db2b9ac0004737aac46bcf57592c18f71f584470
org.apache.activemq.examples.amqp	proton-ruby	2.14.0		6796b0922e415927e5e02b686dae60ae2898342c
org.apache.activemq.examples.amqp	proton-ruby	2.15.0		4375105a55b8f61419d63cdaa675826eb97d96c1
org.apache.activemq.examples.amqp	proton-ruby	2.16.0		51463e134ec9bbef3271dbddee7293f22b91e500
org.apache.activemq.examples.amqp	proton-ruby	2.17.0		ea623ea3bdd97cba5e377a21070724fff9d5c6b5
org.apache.activemq.examples.amqp	proton-ruby	2.18.0		ccd03cfaf1f226c748e6deff8ba305d62751bb0b
org.apache.activemq.examples.amqp	proton-ruby	2.19.0		1e908d5dfe871628c0136e9e73650e4c2a32848c
org.apache.activemq.examples.amqp	proton-ruby	2.19.1		b0c241e354be8a522022c951f41d71eb4e40f8a7
org.apache.activemq.examples.amqp	proton-ruby	2.2.0		0b64b36081c3f40cb086391d73dd1004e534138e
org.apache.activemq.examples.amqp	proton-ruby	2.20.0		385f7402b32eb8700f81c1dcda4e6eb01c969113
org.apache.activemq.examples.amqp	proton-ruby	2.21.0		620c6a336ee36243d208af2b767abd99f9975170
org.apache.activemq.examples.amqp	proton-ruby	2.22.0		dc6dae0c959061b22b8b833e7a2652044d2d7525
org.apache.activemq.examples.amqp	proton-ruby	2.23.0		6c9923502fd04941e9574fba2ac024500672bb88
org.apache.activemq.examples.amqp	proton-ruby	2.23.1		c6e9326ef33e99e9c49abc8b4209ad6691296f82
org.apache.activemq.examples.amqp	proton-ruby	2.24.0		4dca6413d2e23eada2cb191f940900c2a4df40b7
org.apache.activemq.examples.amqp	proton-ruby	2.25.0		d700b2592663bd4674f15f0d04769ad3584065cc
org.apache.activemq.examples.amqp	proton-ruby	2.26.0		f96ab95402adbf4bd3c51d8662cbbfc25a693d71
org.apache.activemq.examples.amqp	proton-ruby	2.27.0		ec48c265781311c5c8a284615f65d3855eee0660
org.apache.activemq.examples.amqp	proton-ruby	2.27.1		a53d15864f040f16dc03cfdf223f8c4df81ec90d
org.apache.activemq.examples.amqp	proton-ruby	2.28.0		5a89055d22e5d54d00442889e00487f285a3d037
org.apache.activemq.examples.amqp	proton-ruby	2.29.0		e1c8736e2c91c3bba3fcf49de0cc73bc656b474c
org.apache.activemq.examples.amqp	proton-ruby	2.3.0		697658e84844d5476520bdf78847113154ab3742
org.apache.activemq.examples.amqp	proton-ruby	2.30.0		b91265ba24b3d6c80923f6b6236cf503194809dd
org.apache.activemq.examples.amqp	proton-ruby	2.31.0		515f725c13edf0cdd10d4668eb2729a4ac7ec85e
org.apache.activemq.examples.amqp	proton-ruby	2.31.1		946f977c9cb7c7555c43c4f96aec4a04758767c5
org.apache.activemq.examples.amqp	proton-ruby	2.31.2		f3671342cd9d689b181c212155ff44b06c1e5eef
org.apache.activemq.examples.amqp	proton-ruby	2.4.0		0aacbabd17c9af82ab44b39c070067ffa158ec38
org.apache.activemq.examples.amqp	proton-ruby	2.5.0		325bdbd83aff542e60324ebff02afd229ec96930
org.apache.activemq.examples.amqp	proton-ruby	2.6.0		68deb1c3ae09141d66771e256ad87d75e72393cb
org.apache.activemq.examples.amqp	proton-ruby	2.6.1		80d988c2f1a42faedf8a3aeb8e0a95bcf67db0d4
org.apache.activemq.examples.amqp	proton-ruby	2.6.2		0b83a57f0d732e80b89db4c292c462d19ac36d98
org.apache.activemq.examples.amqp	proton-ruby	2.6.3		9fbac33c6fc0b2cdd83393c0069c79931c3646f3
org.apache.activemq.examples.amqp	proton-ruby	2.6.4		2f896a290d6a65b791f9da807aafc3bd5724f759
org.apache.activemq.examples.amqp	proton-ruby	2.7.0		d183318e95c795e637dfa9a1f254040928dd5365
org.apache.activemq.examples.amqp	proton-ruby	2.8.0		b77c0f18a54b54e8a68d39a80bc3c7d73c658019
org.apache.activemq.examples.amqp	proton-ruby	2.8.1		de3c1a60cfc08a82cd148b113efbd355896c09f6
org.apache.activemq.examples.amqp	proton-ruby	2.9.0		644b94fa26160baebde016ff8488463328f2d623
org.apache.camel.quarkus	camel-quarkus-support-aws2	1.0.0		6f70db644c1b7ed76572428a3bb2aef537c1fc6f
org.apache.camel.quarkus	camel-quarkus-support-aws2	1.0.0-CR2		88015a05ebb5b661cc25a2905ccb90ce55c9ce4a
org.apache.camel.quarkus	camel-quarkus-support-aws2	1.0.0-CR3		e1c0f7d7f639fdfa679169ef74a5cecb34cebacf
org.apache.camel.quarkus	camel-quarkus-support-aws2	1.0.0-M7		814dbd6fed3cac239596755e11227afc15a79fbd
org.apache.camel.quarkus	camel-quarkus-support-aws2	1.0.1		4684481c5ac2c722504fb7fc3239439181e0718d
org.apache.camel.quarkus	camel-quarkus-support-aws2	1.1.0		721a50df5206889841f0bb53be417a62a1ec5070
org.apache.camel.quarkus	camel-quarkus-support-aws2	1.2.0		6a7db3bd150db3d329a97e572ef1c29ac85462be
org.apache.camel.quarkus	camel-quarkus-support-aws2	1.3.0		86725fb4844be54dfe3ea141ce4b41ffbadd86b1
org.apache.camel.quarkus	camel-quarkus-support-aws2	1.4.0		d2452c0f0e48ff4b2a692e6ecee077d26959e69f
org.apache.camel.quarkus	camel-quarkus-support-aws2	1.5.0		e2e997f9e2386fca4134c5ab482e30ab2f9368dc
org.apache.camel.quarkus	camel-quarkus-support-aws2	1.6.0		c0d6e98f49160f7b020d8a82a018d26ec652b28a
org.apache.camel.quarkus	camel-quarkus-support-aws2	1.7.0		e854b302030ee6e76a2720412e3df2d25ec0e61c
org.apache.camel.quarkus	camel-quarkus-support-aws2	1.8.0		cd3e107c3817b0b2eafa56ca21b7269e6e989016
org.apache.camel.quarkus	camel-quarkus-support-aws2	1.8.1		20a22817f54320e5d2ed7f642a92779afb828a89
org.apache.camel.quarkus	camel-quarkus-support-aws2	2.0.0		a2a49afa53d6e244d19ca8ff21683a0955f0aa7a
org.apache.camel.quarkus	camel-quarkus-support-aws2	2.0.0-M1		1a5adc306cdbdc5a612fdc64d6211f8684c9db66
org.apache.camel.quarkus	camel-quarkus-support-aws2	2.0.0-M2		8a38772f92f265f27f86b8d7a11a00635618ec57
org.apache.camel.quarkus	camel-quarkus-support-aws2	2.1.0		10ae40c463a9ff301d63b961efa7ccb99297450c
org.apache.camel.quarkus	camel-quarkus-support-aws2	2.10.0		42afad7e6e6bb46a57e933d8f1ee2a655ab8ab56
org.apache.camel.quarkus	camel-quarkus-support-aws2	2.11.0		954c3af643c987df53ed90ccda8e20273ab8d612
org.apache.camel.quarkus	camel-quarkus-support-aws2	2.12.0		15c3e431ca1a56d6d8dfc6c175be9c90844be0ef
org.apache.camel.quarkus	camel-quarkus-support-aws2	2.13.0		2d627f6dbafb01b12216272904a4535ec9e6ebbe
org.apache.camel.quarkus	camel-quarkus-support-aws2	2.13.1		fe5b981305c6932c685fafbd43ddaa5141543aa8
org.apache.camel.quarkus	camel-quarkus-support-aws2	2.13.2		54bb65a48429a31446d3f2a235dfb39bdf6a57b7
org.apache.camel.quarkus	camel-quarkus-support-aws2	2.13.3		3c6e800c732b947d47873c18189e20e74e4e766b
org.apache.camel.quarkus	camel-quarkus-support-aws2	2.14.0		114f144b1c01d849c502c0f63f2ab366ebd1f1f2
org.apache.camel.quarkus	camel-quarkus-support-aws2	2.15.0		bd0900c40cdef30e522729de87ea79dd9f5f29c5
org.apache.camel.quarkus	camel-quarkus-support-aws2	2.16.0		dded1af1753ebb87f0a6901613249a38f7e72b75
org.apache.camel.quarkus	camel-quarkus-support-aws2	2.2.0		343293993a380b1b724205f9a56cc43691ea5896
org.apache.camel.quarkus	camel-quarkus-support-aws2	2.2.1		e88add7ddebd62248179214ef12e6d72a0ad4939
org.apache.camel.quarkus	camel-quarkus-support-aws2	2.3.0		5b9777d3541df9e76dd9bfea8d554ad77cc86490
org.apache.camel.quarkus	camel-quarkus-support-aws2	2.4.0		9deda77a66e9d9907b13713c589a39209b6fb90c
org.apache.camel.quarkus	camel-quarkus-support-aws2	2.5.0		0202777d3706c476527d4de59717246a4d918e8b
org.apache.camel.quarkus	camel-quarkus-support-aws2	2.6.0		4b25dda2b5f1a5aea9f96f26e347523b056a7ebe
org.apache.camel.quarkus	camel-quarkus-support-aws2	2.7.0		d8c475ea663ca39d5c706feb673d47acf4db8be0
org.apache.camel.quarkus	camel-quarkus-support-aws2	2.7.1		2d0727dcaf336f79aa031bb988e7d451ef0052de
org.apache.camel.quarkus	camel-quarkus-support-aws2	2.7.2		c1be0ccb8189a208887ef0378071413352a9e973
org.apache.camel.quarkus	camel-quarkus-support-aws2	2.8.0		0e18e58ffd9ef0d3cf733a0ae15af4b7ec6d8f26
org.apache.camel.quarkus	camel-quarkus-support-aws2	2.8.0-M1		86f2af852d7fdb6516ffcd291cc921267d9c8369
org.apache.camel.quarkus	camel-quarkus-support-aws2	2.9.0		14fd7369ab4f32afc12aaa402ddfc046d4634b04
org.apache.camel.quarkus	camel-quarkus-support-aws2	3.0.0-M1		dd4bcfe3330bacbe8d8ebd286db3fca0503861ed
org.apache.camel.quarkus	camel-quarkus-support-aws2	3.0.0-M2		68986dc23452f08f15912a1ea915d133854fc698
org.apache.camel.quarkus	camel-quarkus-support-aws2	3.0.0-RC1		5067460b76020328cf7c742452ba0384204d863d
org.apache.camel.quarkus	camel-quarkus-support-aws2	3.0.0-RC2		1884c2d154f0f9ef2294d38790cff52146c509da
org.apache.camel.quarkus	camel-quarkus-support-aws2	3.10.0		a94d3e8e0e983b5ba946b7c091db704434724dce
org.apache.camel.quarkus	camel-quarkus-support-aws2	3.11.0		2b41db7f5f0acb234abe2e0752a4e0d72cb098d9
org.apache.camel.quarkus	camel-quarkus-support-aws2	3.12.0		3af93e306607b54ce811c99f577b110d587bb03d
org.apache.camel.quarkus	camel-quarkus-support-aws2	3.13.0		4f32786a5923876a3787a73bdd8a86eeecfd8ffe
org.apache.camel.quarkus	camel-quarkus-support-aws2	3.14.0		07de30aaf825d574f12aabf07cab9aed9634f9c0
org.apache.camel.quarkus	camel-quarkus-support-aws2	3.15.0		119115379fbfa15ddf4fe31c1f2756aaee557aa8
org.apache.camel.quarkus	camel-quarkus-support-aws2	3.15.1		24ee9b7cbb9c207d34b24adf4b4e08d5c0da08a1
org.apache.camel.quarkus	camel-quarkus-support-aws2	3.15.2		b796fff8dcaf4f914628e548bd534c4797d8c968
org.apache.camel.quarkus	camel-quarkus-support-aws2	3.15.3		1b3f00af37f6b335f5c3dc4f8137f2e95f8b4047
org.apache.camel.quarkus	camel-quarkus-support-aws2	3.16.0		e6723bf9316246495e1aead24fe220632b425748
org.apache.camel.quarkus	camel-quarkus-support-aws2	3.17.0		2d0ca8e863752388f7fc6184da0b35a16ce477d5
org.apache.camel.quarkus	camel-quarkus-support-aws2	3.18.0		e55b176ea16e55ef8ed22501941e2123e5ca3ad4
org.apache.camel.quarkus	camel-quarkus-support-aws2	3.19.0		4c48f5149301010aeb358a7a4640aa0d83c81b8e
org.apache.camel.quarkus	camel-quarkus-support-aws2	3.2.0		62b280a9fb62e9978bf77672ec4f5fcbb48ccfef
org.apache.camel.quarkus	camel-quarkus-support-aws2	3.2.1		fbcbc64aafcf095ab61715d4c82132e05b4382f6
org.apache.camel.quarkus	camel-quarkus-support-aws2	3.2.2		ea88ff0371719bd4419193a350574722041ebe3e
org.apache.camel.quarkus	camel-quarkus-support-aws2	3.2.3		58a0b1044ed2127f73374fb3d63f895d29eee82f
org.apache.camel.quarkus	camel-quarkus-support-aws2	3.20.0		e18b050fbc3fe30785c7b8dd25a31919eb8237ca
org.apache.camel.quarkus	camel-quarkus-support-aws2	3.20.1		9cb8cb1e84f1b53c56a27d624f8cfc56428ba3d8
org.apache.camel.quarkus	camel-quarkus-support-aws2	3.22.0		0a7fe80c8288fa85f54db1dc7e0ee30b39b5f448
org.apache.camel.quarkus	camel-quarkus-support-aws2	3.4.0		f13ba45a31faf156d391c0f3ab55305dc9da9387
org.apache.camel.quarkus	camel-quarkus-support-aws2	3.5.0		51f97bdd3f1a7c0c1ad28168347124f52efdd233
org.apache.camel.quarkus	camel-quarkus-support-aws2	3.6.0		2f242ae57c6ca1f137542954fd014614c609b062
org.apache.camel.quarkus	camel-quarkus-support-aws2	3.7.0		8efa3cb16db0c7393b886a02c9074a6006511309
org.apache.camel.quarkus	camel-quarkus-support-aws2	3.8.0		b2e2afad8a6d37d2898a8bc8231a30670c7cdc6a
org.apache.camel.quarkus	camel-quarkus-support-aws2	3.8.1		1a38b4c5c4e207a17ec8ee708ec2bec4f392e1f3
org.apache.camel.quarkus	camel-quarkus-support-aws2	3.8.2		e3d9a59088cf7c8ecd1a4b489698d37b60e68c48
org.apache.camel.quarkus	camel-quarkus-support-aws2	3.8.3		18c4d9d00b9ed51ea51abb114b3c9a2028fae128
org.apache.camel.quarkus	camel-quarkus-support-aws2	3.8.4		c56ec2ae23e333d531cfe0fdec29ae3c79e16736
org.apache.camel.quarkus	camel-quarkus-support-aws2	3.9.0		2fbc57778ee7eea40cbdaa4558b07a13bb788acb
org.apache.cxf.fediz.examples	webservice	1.0.0		N/A
org.apache.tomcat.maven	tomcat6-maven-plugin	2.0		e47dfe4165337f3597fba9d4e947a23dd297ae8a
org.apache.tomcat.maven	tomcat6-maven-plugin	2.0-beta-1		af3f96df47630453ae2be1e498cd3bb7e7906d51
org.apache.tomcat.maven	tomcat6-maven-plugin	2.1		54ed5a9f7880c9178feef204b9f9f4594849cc6e
org.apache.tomcat.maven	tomcat6-maven-plugin	2.2		0919fe16cfe045dc81b53f13951540ab0862b815
org.appfuse	appfuse-modular-spring	1.0-m2		ce1191c1d9cda87af38410e932e50d81a1aa871f
org.appfuse	appfuse-modular-spring	1.0-m3		13526c03d874b9027e1e3d9ec7902eafb464b164
org.appfuse	appfuse-modular-spring	2.0-m4		92ddd24f3660c3375559100b5c5f75fc35d9d0cd
org.appfuse	appfuse-modular-spring	2.0-m5		eadae2319a56552f1598bf4e23322ae7dd5cc1f4
org.biopax.validator	obo-fetcher	4.0.0		6c13a1a0d7da6faaf0ba50f457af82c1d59fce68
org.biopax.validator	obo-fetcher	5.1.0		2f961001409cd6610f11130798f1e418674cc7e4
org.biopax.validator	obo-fetcher	6.0.0		9d3fbab7990b69f3d51c0bec95cead15c060e2c8
org.bitbucket.unaszole.xsdnormaliser	xmlstreameditor	0.1.0		d7ac39b7cf1d81184aea4d7527e2a3701c063966
org.cometd.java	cometd-java-annotation-common	5.0.0		d06aa4001468e113506f04b78ab1b1b41dc0da15
org.cometd.java	cometd-java-annotation-common	5.0.0-BETA0		aba2977b07f717015746161f34a123a5f66ff51d
org.cometd.java	cometd-java-annotation-common	5.0.0-BETA1		b4aa132c7d53ab3e3d0e34d95499feefc64a4c80
org.cometd.java	cometd-java-annotation-common	5.0.1		de628b40cef72e69705ea37b112dc14d5464d1e7
org.cometd.java	cometd-java-annotation-common	5.0.10		58c838ebc2fc34fbeb1cb4ce6253de5c9c31eb1d
org.cometd.java	cometd-java-annotation-common	5.0.11		55b6516eb0de9a53b1e87a923d29e82c88e4bcd4
org.cometd.java	cometd-java-annotation-common	5.0.12		660dece7b320f1e21640b998e4496f3f9d8be631
org.cometd.java	cometd-java-annotation-common	5.0.13		3ea3eb0e731d35c15ed1c327444fe0d5ee6796a1
org.cometd.java	cometd-java-annotation-common	5.0.14		d7a299996b78fb00206871c305add4240f2774b2
org.cometd.java	cometd-java-annotation-common	5.0.15		729c78cd1c83d45beee042c2221cc0d27721cd18
org.cometd.java	cometd-java-annotation-common	5.0.16		b7f21908d299d6726ea5035b170750723b9a93ca
org.cometd.java	cometd-java-annotation-common	5.0.17		6d27e17b1ada4fd13cc8777ed282d8a6e6e570b2
org.cometd.java	cometd-java-annotation-common	5.0.18		355db630396a325f4eb15baced5c82f90ef33aba
org.cometd.java	cometd-java-annotation-common	5.0.19		388a8afec210f91fcb3fe1502ff7ab4984a21349
org.cometd.java	cometd-java-annotation-common	5.0.2		6997ae1ec47e51f59b3e3d555c33e0057ce2e8b0
org.cometd.java	cometd-java-annotation-common	5.0.20		ca8d5022fcf6d71742559caa65c3ba098a1f54d6
org.cometd.java	cometd-java-annotation-common	5.0.21		0aba6fc3b6dc2a601ac83b66ef9e443f53a7bc09
org.cometd.java	cometd-java-annotation-common	5.0.3		cf057e4bc703471b59738282dfe457538f33ef35
org.cometd.java	cometd-java-annotation-common	5.0.4		46b420eaf3c76a4d376555a2b31d2b11feb5d72c
org.cometd.java	cometd-java-annotation-common	5.0.5		07d4a2eb6b4605f8772280ea2ae3acc4008da906
org.cometd.java	cometd-java-annotation-common	5.0.6		77f8b560945409eda5b407e16020adcbc5010ec3
org.cometd.java	cometd-java-annotation-common	5.0.7		bca8bf8894ef11ec80a8ab13b5848cdf38872b14
org.cometd.java	cometd-java-annotation-common	5.0.8		3ec0168f5a80759112a3828eea925e91f4fa4b3e
org.cometd.java	cometd-java-annotation-common	5.0.9		b6acd632c9f0fc8681dde34d30540223c94caca7
org.cometd.java	cometd-java-annotation-common	6.0.0		206390c0ef34e8959b9532fe5ce56dc759d10a24
org.cometd.java	cometd-java-annotation-common	6.0.1		35218fadd2a24bd0384bbf01228a18f9391d1795
org.cometd.java	cometd-java-annotation-common	6.0.10		a6b87a6c12e4a711b5503cb611f722f1dc14688c
org.cometd.java	cometd-java-annotation-common	6.0.11		83ce78be5963ed29aa4205af9ee244bdcc169348
org.cometd.java	cometd-java-annotation-common	6.0.12		8740a80575394c2fae1bdb564a89b4d3ecb1f54d
org.cometd.java	cometd-java-annotation-common	6.0.13		4b21f3a384c966c7f9afb7c4e833340cc848c3ea
org.cometd.java	cometd-java-annotation-common	6.0.14		5b3afc1b4e22659a237ae5e56c62db0056cb94f2
org.cometd.java	cometd-java-annotation-common	6.0.15		de4bf80c8e75eff68ce06679f1f3c7dec6a50322
org.cometd.java	cometd-java-annotation-common	6.0.16		9d41395af74e2aa50aa6979d5e10eff5fb7e63a9
org.cometd.java	cometd-java-annotation-common	6.0.17		ca907f57617c5b95c29a1ce1107bcc426dc11538
org.cometd.java	cometd-java-annotation-common	6.0.2		7115bdc1d999f3485c184974434d3b72871d30e2
org.cometd.java	cometd-java-annotation-common	6.0.3		ea2b80ab81cb890eeb89d0d5d893a19c26a5723e
org.cometd.java	cometd-java-annotation-common	6.0.4		e8681487488bb3d4cac4ae92e061121b5680a8ea
org.cometd.java	cometd-java-annotation-common	6.0.5		8454d5e02b39417751fda7e4475c549685842a81
org.cometd.java	cometd-java-annotation-common	6.0.6		b29b79f79174313f99ba85a5fe1ad096ccc0e9d3
org.cometd.java	cometd-java-annotation-common	6.0.7		5df7178234cc5c25b506515a9965e7521f0ee269
org.cometd.java	cometd-java-annotation-common	6.0.8		9911ae02d834dfd7dbf2be75f2dff47866fb7909
org.cometd.java	cometd-java-annotation-common	6.0.9		55b3240494952a067a2909dbbecd09b2454ec024
org.cometd.java	cometd-java-annotation-common	7.0.0		8e117ea30eae8ff14b513e5b29df9eb925173899
org.cometd.java	cometd-java-annotation-common	7.0.1		1398a1d174ad1a6cfcae2c72e0a4b5d219705eaa
org.cometd.java	cometd-java-annotation-common	7.0.10		4a007fe2e46001c7d2172142a3d88d74639fe6e9
org.cometd.java	cometd-java-annotation-common	7.0.11		ef1ea14311a73955260e7927e6db22513f3cd450
org.cometd.java	cometd-java-annotation-common	7.0.12		461957b99fe40ec4c7d04c6d38b414bca8b8952c
org.cometd.java	cometd-java-annotation-common	7.0.13		399c8565a7b4a67dc123cf83ac4c1084b9435c34
org.cometd.java	cometd-java-annotation-common	7.0.14		b381e9368ef55a22509b93e5626e9d5adeda26fc
org.cometd.java	cometd-java-annotation-common	7.0.15		2bcad30ea87589546e114f1499036e3ebcf36007
org.cometd.java	cometd-java-annotation-common	7.0.16		a043012a5ba156769016ac00f3ec0c8a8988e8c0
org.cometd.java	cometd-java-annotation-common	7.0.17		8d884da5d665db9b9435d2848914737d7d3a7745
org.cometd.java	cometd-java-annotation-common	7.0.2		40ef82e085b8cd1fce5c45079604bd2c8fd131b4
org.cometd.java	cometd-java-annotation-common	7.0.3		8741e87f3b55d9e6e9ae2d0994c2f67fbd22ba2d
org.cometd.java	cometd-java-annotation-common	7.0.4		2e0494cb59febdcec9531bef189f52242c87933d
org.cometd.java	cometd-java-annotation-common	7.0.5		25a88f35be1a05fb2eab2d9eb9583f4ee3d73c17
org.cometd.java	cometd-java-annotation-common	7.0.6		59dfe0aedc4f265de50fd2bf0877e18fc455a548
org.cometd.java	cometd-java-annotation-common	7.0.7		5a371e90f111089393256f02a7e54ab13b3d0d16
org.cometd.java	cometd-java-annotation-common	7.0.8		ab0d1d10138c2a5be56d811241674a24f057ea37
org.cometd.java	cometd-java-annotation-common	7.0.9		05ac5b4020d8dd75f21adcf57eb692f20542f6e0
org.cometd.java	cometd-java-annotation-common	8.0.0		ac2ad20be42bf7358ac11b23c708e39f705571a1
org.cometd.java	cometd-java-annotation-common	8.0.0.beta0		3dc2a337ddf03467fe69f0bf764e04808162c04b
org.cometd.java	cometd-java-annotation-common	8.0.0.beta1		2fc48bab0517a76fc921df31f5b2f4726ace0cc7
org.cometd.java	cometd-java-annotation-common	8.0.0.beta2		6cec161257fcaaa6caaf00196747b4ed50181d5d
org.cometd.java	cometd-java-annotation-common	8.0.0.beta3		7e8bce7de31e12091fab84cf4fd12cfa9556899e
org.cometd.java	cometd-java-annotation-common	8.0.1		eb7f04ab7afa508d01bcc6d533eff819cee15948
org.cometd.java	cometd-java-annotation-common	8.0.2		4c360948b3c9c20589ae26fe18d806fcd376f423
org.cometd.java	cometd-java-annotation-common	8.0.3		N/A
org.cometd.java	cometd-java-annotation-common	8.0.4		32c98d223b12ee49ca3d5c641c94da7fb55e60d0
org.cometd.java	cometd-java-annotation-common	8.0.5		ac6780fdc0f1c1e3c083beb271f3f67036cd4b82
org.cometd.java	cometd-java-annotation-common	8.0.6		8bc187d3fe2abcdc49d08e6576d2c3a2c54e7727
org.cometd.java	cometd-java-annotation-common	8.0.7		75f362ed54ecee54bc5872965c0ab0c0c8cb2c16
org.cometd.jquery	cometd-jquery-examples	1.0.beta8		N/A
org.commonjava.aprox	aprox-subsys-vertx	0.10.0		1f8832a2e41eaecc7037037fee8f79834cf34dad
org.commonjava.aprox	aprox-subsys-vertx	0.11.0		26113e70094b63e3442f5376c044128baf069f34
org.commonjava.aprox	aprox-subsys-vertx	0.11.1		8d01c5efc1962243c9d47559190fc2ec03df4593
org.commonjava.aprox	aprox-subsys-vertx	0.11.2		91f5e9c0254ab8b4a997e6476537f3970ae9ebbe
org.commonjava.aprox	aprox-subsys-vertx	0.11.3		55a56c6d0a3840690565f7f51d84e6f4e47c3057
org.commonjava.aprox	aprox-subsys-vertx	0.12.0		3b1eca282cdf1ed3022985e8ab2871fbb9859e9a
org.commonjava.aprox	aprox-subsys-vertx	0.12.1		bff0d8bb9b8d895de01034cf7cf9574e1fb53236
org.commonjava.aprox	aprox-subsys-vertx	0.12.2		c1cdc9f30950525f4542c4bb3b55205b42504c9a
org.commonjava.aprox	aprox-subsys-vertx	0.13.0		5757353d5dc24681bd5b4e91976d1b2d0ee94aed
org.commonjava.aprox	aprox-subsys-vertx	0.13.1		a9967e8d6767479b0e041111878321ab07cd6d11
org.commonjava.aprox	aprox-subsys-vertx	0.13.2		b79c25fd0b92fefc1751307ea763b36915ed34d3
org.commonjava.aprox	aprox-subsys-vertx	0.14.0		1df3f2584ee7f86cd0f9f0ce57571bc1885d3dd9
org.commonjava.aprox	aprox-subsys-vertx	0.14.1		85a694b667e9fefc3abdd0f0f09d853702b525ec
org.commonjava.aprox	aprox-subsys-vertx	0.14.2		3e0821be4d4f93c0e7bf8813492d2437cade3365
org.commonjava.aprox	aprox-subsys-vertx	0.14.3		95e7f4267e89b2859fc1d482b685741931918e54
org.commonjava.aprox	aprox-subsys-vertx	0.14.4		5419a674ef71997b0133dfc198bd937e5e49228c
org.commonjava.aprox	aprox-subsys-vertx	0.14.5		da8e2135744e7f7173a1b439a0f0e531989e58c2
org.commonjava.aprox	aprox-subsys-vertx	0.14.6		35076b468c660722f339438feb953564eeca21a8
org.commonjava.aprox	aprox-subsys-vertx	0.14.7		89becf2096f16c0025413a471f1cbfc26d97c0d2
org.commonjava.aprox	aprox-subsys-vertx	0.15.0		81faf19da28caf613a01ea49fff10619f164d0fe
org.commonjava.aprox	aprox-subsys-vertx	0.15.1		c987003c49ed7da61290c0e26e31a17605860f62
org.commonjava.aprox	aprox-subsys-vertx	0.15.2		b9d66ab94f4d70c4afccb97a8d1499efc6d49b41
org.commonjava.aprox	aprox-subsys-vertx	0.15.3		a2d8b8a4f74850e68842a91b2baf398d5f7e0caf
org.commonjava.aprox	aprox-subsys-vertx	0.16.0		bc14fed2fb1334e37e15a01dc66c393706e75346
org.commonjava.aprox	aprox-subsys-vertx	0.16.1		cb721622eec5b967ae3f45e2609db4bf1a45ccd6
org.commonjava.aprox	aprox-subsys-vertx	0.16.2		4a8192c487417e15c4c5ddc6e7aa21c487bef385
org.commonjava.aprox	aprox-subsys-vertx	0.16.3		3c47877ceafca8d639d3e1ac90c384fca1b9c862
org.commonjava.aprox	aprox-subsys-vertx	0.16.4		21d06eff1e7531ed971b55e435282ea322fe828b
org.commonjava.aprox	aprox-subsys-vertx	0.17.0		a1379129f9cc3712e62bb264aeca8ee5bf6df813
org.commonjava.aprox	aprox-subsys-vertx	0.18.0		9ee8e311fb9f3bf9342ec9cced050c662d82d918
org.commonjava.aprox	aprox-subsys-vertx	0.18.1		7aa5ed1996ccaa37eb36d38157ce2b7a441cfe57
org.commonjava.aprox	aprox-subsys-vertx	0.18.2		db8ad177446c3b64c687d584a7b0c3c2a0c79db8
org.commonjava.aprox	aprox-subsys-vertx	0.18.3		388a419997029554c01301beafcb26e5d334d978
org.commonjava.aprox	aprox-subsys-vertx	0.18.4		05391fcb4721f3d15991ef063aa04df052380b69
org.commonjava.aprox	aprox-subsys-vertx	0.18.5		24c7b6ab0153a9cfbf96afa451a08c8cbaa45079
org.danbrough.kotlinx	atomicfu-iosarm64	0.17.3		N/A
org.danbrough.kotlinx	atomicfu-iosarm64	0.17.3	metadata	0091af3f61fee0a47cbdd2a7617b212f6a5747ad
org.danbrough.kotlinx	atomicfu-iosarm64	0.18.3		N/A
org.danbrough.kotlinx	atomicfu-iosarm64	0.18.3	metadata	09b376e7993ae20fb9153c6b9414094529e47856
org.danbrough.kotlinx	atomicfu-iosarm64	0.19.0		N/A
org.danbrough.kotlinx	atomicfu-iosarm64	0.19.0	metadata	a561d29958fce60adf0f88fab0d64b677eca8b24
org.danbrough.kotlinx	atomicfu-iosarm64	0.19.0a		N/A
org.danbrough.kotlinx	atomicfu-iosarm64	0.19.0a	metadata	ed64b0d46f7a7a067d75165d1b2e950fe1fab79f
org.dishevelled	dsh-identify	1.0		6a0d363955d08c6a189e821809cad0f03fac9cca
org.dishevelled	dsh-identify	1.1		a3d9669fd548a991b81ccaf1ca9d616fe29091cf
org.dishevelled	dsh-identify	1.2		b3bcfce5c5dbc49ece668d7c63d0c89e64a7e862
org.dishevelled	dsh-identify	1.3		c75701ec77699d18ac34d9e02177c554b7119d3d
org.eclipse.dataspaceconnector	data-plane-selector-core	0.0.1-milestone-4		d9ebc0703dc668e6b819923f9119761b71b03f95
org.eclipse.dataspaceconnector	data-plane-selector-core	0.0.1-milestone-5		ade6e35043eb92355520e77c0e5a97c65ac117d6
org.eclipse.dataspaceconnector	data-plane-selector-core	0.0.1-milestone-5.1		1e2112f216341cd77bc438df244a2743084cccab
org.eclipse.dataspaceconnector	data-plane-selector-core	0.0.1-milestone-6		31edec6fe0530956ef2e3bd5b2821d7178c3a3c8
org.geomajas.plugin	geomajas-client-gwt-widget-featureinfo-parent	1.15.0-M1		N/A
org.geomajas.plugin	geomajas-client-gwt-widget-featureinfo-parent	1.15.0-M2		N/A
org.geomajas.plugin	geomajas-client-gwt-widget-featureinfo-parent	1.15.0-M3		N/A
org.geomajas.plugin	geomajas-client-gwt-widget-featureinfo-parent	1.15.1		N/A
org.geomajas.plugin	geomajas-client-gwt-widget-featureinfo-parent	1.15.2		N/A
org.geomajas.plugin	geomajas-client-gwt-widget-featureinfo-parent	1.16.0		N/A
org.jacoco	org.jacoco.agent	0.5.10.201208310627		35e4285aa19920984fa383a78d3f1d9894eac905
org.jacoco	org.jacoco.agent	0.5.10.201208310627	runtime	b20086d5af67a5c8db9e994b305689e9b5ed4336
org.jacoco	org.jacoco.agent	0.5.3.201107060350		624bf9b27009d07ab589490385c3cd83b9add98c
org.jacoco	org.jacoco.agent	0.5.3.201107060350	runtime	8eae81f308c33ec453c5b5b2fe3d962e9d55b302
org.jacoco	org.jacoco.agent	0.5.4.201111111111		6606eed3ab3731d6eec50e11a68b0e018f90727b
org.jacoco	org.jacoco.agent	0.5.4.201111111111	runtime	c85c8c82eb2e41ac27896f0d1a249b1c6938b532
org.jacoco	org.jacoco.agent	0.5.5.201112152213		97f848c29742edb987a3fa5c9368899c4f64c559
org.jacoco	org.jacoco.agent	0.5.5.201112152213	runtime	aba49edbe8e20063c5b7c224bd49187b6524b3eb
org.jacoco	org.jacoco.agent	0.5.6.201201232323		6abd56b088bc27cda3e9d6eed31dc82a924dc9bf
org.jacoco	org.jacoco.agent	0.5.6.201201232323	runtime	83255b4f68412180c28be705ffb32f68a3459c0c
org.jacoco	org.jacoco.agent	0.5.7.201204190339		4a3ef59f80a646d0529968919d48f9b8019e8724
org.jacoco	org.jacoco.agent	0.5.7.201204190339	runtime	d5a1ad80a09e8b07fbf59910964202aa22260141
org.jacoco	org.jacoco.agent	0.5.8.201207111220		7328206520a1761e138cbe3f67cbc772f319576e
org.jacoco	org.jacoco.agent	0.5.8.201207111220	runtime	0c16a1beb5734acf8a2cce7ff310c1d27ca2c01b
org.jacoco	org.jacoco.agent	0.5.9.201207300726		0984beb51db48c6a972fe8323e630e361c636c93
org.jacoco	org.jacoco.agent	0.5.9.201207300726	runtime	8c36c0bdb7160fb55cbda22383a3de97e968c2b0
org.jacoco	org.jacoco.agent	0.6.0.201210061924		a452a1af148a98b581da5d0e8a92079008f09728
org.jacoco	org.jacoco.agent	0.6.0.201210061924	runtime	5a87abb4cd5d740df25806b5d2d56dfb1a1ce6ee
org.jacoco	org.jacoco.agent	0.6.1.201212231917		1f7d3ad55ced44c0a4016c9e7ad826520ad319eb
org.jacoco	org.jacoco.agent	0.6.1.201212231917	runtime	c669554df7fdfb93ffbc4fe9b30a1ed416f6d2ca
org.jacoco	org.jacoco.agent	0.6.2.201302030002		4261aa79d35d5a8c06386fa745cf4447b1deb259
org.jacoco	org.jacoco.agent	0.6.2.201302030002	runtime	43d5e00b1340f626efc4e39ed30d32f0869e0e43
org.jacoco	org.jacoco.agent	0.6.3.201306030806		c2b6d72355096d034699e4e40e64f2ae26c24353
org.jacoco	org.jacoco.agent	0.6.3.201306030806	runtime	a168dbe7cd5c85e27599633572717b2e39e226e3
org.jacoco	org.jacoco.agent	0.6.4.201312101107		7296ab128e063fc17a01021ea064dd0d581c6e9c
org.jacoco	org.jacoco.agent	0.6.4.201312101107	runtime	79073966982a55a33994645fa938b84182fe6f2d
org.jacoco	org.jacoco.agent	0.6.5.201403032054		9d312c6cc8ace027ba850c99854766886f459af0
org.jacoco	org.jacoco.agent	0.6.5.201403032054	runtime	c2a27607b833fdffa059a827314a8f1099cb8327
org.jacoco	org.jacoco.agent	0.7.0.201403182114		fe590b2d1ed3fc9bb2ce1d4c8f175413b08b331f
org.jacoco	org.jacoco.agent	0.7.0.201403182114	runtime	0639922900177e7fbaa20aa0655e263dee99ed5d
org.jacoco	org.jacoco.agent	0.7.1.201405082137		e1b1c97041a0a92f87ab265b6b977c7d409ead40
org.jacoco	org.jacoco.agent	0.7.1.201405082137	runtime	c091264fe0bce59aea1cc65541fd1008bb2e44ea
org.jacoco	org.jacoco.agent	0.7.2.201409121644		f407597fcb7b8a6aac18e51b93029099ddd352ea
org.jacoco	org.jacoco.agent	0.7.2.201409121644	runtime	2a10d827753bc54f57108dcf320fa89da0de0c44
org.jacoco	org.jacoco.agent	0.7.3.201502191951		2ce3dbd7e063a495b728c5cdb2105a31bc7eed79
org.jacoco	org.jacoco.agent	0.7.3.201502191951	runtime	7d52228c89a2893a5ea1b157e5af42f8c0ed71e0
org.jacoco	org.jacoco.agent	0.7.4.201502262128		a579ae4cde66201b73266bfd78fdb50158d179f1
org.jacoco	org.jacoco.agent	0.7.4.201502262128	runtime	598f6a57eccac09ae0c586df901afb92d6f8ae6a
org.jacoco	org.jacoco.agent	0.7.5.201505241946		2f0308aaf7b3f2e133d410de8af49739cb0964aa
org.jacoco	org.jacoco.agent	0.7.5.201505241946	runtime	129ffc571efbc9319f46be21ee37fe333ce34b70
org.jacoco	org.jacoco.agent	0.7.6.201602180812		7cf4f41f6c1f2e47c7f620721374a5169ed8e1ac
org.jacoco	org.jacoco.agent	0.7.6.201602180812	runtime	4205019e7f7cd429b1b35090cd14aa6c8444ba31
org.jacoco	org.jacoco.agent	0.7.7.201606060606		69cfefd72ddf224525e887e69f79ecc4b1dc0c4d
org.jacoco	org.jacoco.agent	0.7.7.201606060606	runtime	c4078f3612c1edde1d9b8a74ecf3dcd46c36c806
org.jacoco	org.jacoco.agent	0.7.8		b10f1ea58d4ef88e1b488a61726659ea73e89e29
org.jacoco	org.jacoco.agent	0.7.8	runtime	ddb79549fea942ed573d45f506335bab7999319d
org.jacoco	org.jacoco.agent	0.7.9		4a936caab50b117a14d9ca3a725fc9b54d0cc3d1
org.jacoco	org.jacoco.agent	0.7.9	runtime	a6ac9cca89d889222a40dab9dd5039bfd22a4cff
org.jacoco	org.jacoco.agent	0.8.0		f2748b949b5fc661e089e2eeef39891dfd10a7e5
org.jacoco	org.jacoco.agent	0.8.0	runtime	8bbf98a3d4b6daf533331d1e02edff5f8927eae4
org.jacoco	org.jacoco.agent	0.8.1		af7041102cb6811cc4d73de0f43852980b2896d1
org.jacoco	org.jacoco.agent	0.8.1	runtime	9aa64427abccf89cfc44a72acaf9d288d80deb8b
org.jacoco	org.jacoco.agent	0.8.10		ffdd953dfe502cd7678743c75905bc3304ae2eb7
org.jacoco	org.jacoco.agent	0.8.10	runtime	bba3e2904ca2c57e30b7c8802f73362447d8560a
org.jacoco	org.jacoco.agent	0.8.11		699ee14f7f0f3ae66dc76e7591799bb97c753155
org.jacoco	org.jacoco.agent	0.8.11	runtime	d5287cced3d0afd0cfa0be7f84773ea811836f21
org.jacoco	org.jacoco.agent	0.8.12		4f24f7fc6d471fcbad4ce0c9bf3f5ea8f79675d6
org.jacoco	org.jacoco.agent	0.8.12	runtime	2bec6efe140e3a38a81607181476a4016ef2c613
org.jacoco	org.jacoco.agent	0.8.13		67f868b464f1e619d81cc398c9f19a91802253e5
org.jacoco	org.jacoco.agent	0.8.13	runtime	850ba9544f357712728f89fe3e1fd51b265a0192
org.jacoco	org.jacoco.agent	0.8.2		1402427761df5c7601ff6e06280764833ed727b5
org.jacoco	org.jacoco.agent	0.8.2	runtime	4806883004063feb978b8811f00d5ea2138750bb
org.jacoco	org.jacoco.agent	0.8.3		b2ab9a76ecf256e55046a3b3acc75c4dc406c3b6
org.jacoco	org.jacoco.agent	0.8.3	runtime	edd294e541c8176d55768ba4b8bcb1bb267d18f4
org.jacoco	org.jacoco.agent	0.8.4		ef23c1c9c84aded1e8dfe24ce3c3f384386b7b59
org.jacoco	org.jacoco.agent	0.8.4	runtime	869021a6d90cfb008b12e83fccbe42eca29e5355
org.jacoco	org.jacoco.agent	0.8.5		0fd03a8ab78af3dd03b27647067efa72690d4922
org.jacoco	org.jacoco.agent	0.8.5	runtime	7b6c7f676d78f988b01e9841ab18d389886ffa26
org.jacoco	org.jacoco.agent	0.8.6		6f11077dfb32885c89e8d15e3a24febc40c6f667
org.jacoco	org.jacoco.agent	0.8.6	runtime	dc49f68f604f21737a58cf405623e36183228c46
org.jacoco	org.jacoco.agent	0.8.7		e7a0e1e605965e2fd8e92d8ddc9d4a29800c1cb7
org.jacoco	org.jacoco.agent	0.8.7	runtime	37df187b76888101ecd745282e9cd1ad4ea508d6
org.jacoco	org.jacoco.agent	0.8.8		6ee1de41e73bc9480d23970262d2b00d2a4ed97b
org.jacoco	org.jacoco.agent	0.8.8	runtime	819fa4951ab75fba23be23f9f2793ced7fc423d7
org.jacoco	org.jacoco.agent	0.8.9		9af6e948fe6611437a691c4052cc7ff59cfa9a87
org.jacoco	org.jacoco.agent	0.8.9	runtime	ad836d1c585c7e1dbf5cf828efa34528d9700303
org.jetbrains.kotlinx	kotlinx-io-native_debug_mingw_x64	0.1.0		N/A
org.jetbrains.kotlinx	kotlinx-io-native_debug_mingw_x64	0.1.0-beta-4		N/A
org.jetbrains.kotlinx	kotlinx-io-native_debug_mingw_x64	0.1.1		N/A
org.json4s	json4s-native_2.13.0-M2	3.5.3		5f32d64f59052fd84f8b9ee93b9403496f2bc3f5
org.json4s	json4s-native_2.13.0-M2	3.6.0-M1		54db35df2fd508b01f63c15656a74c3037cd1fef
org.json4s	json4s-native_2.13.0-M2	3.6.0-M2		c50accef41ff97bad535e55e46e44d031eb8d45b
org.kotlincrypto.macs	hmac-sha2-linuxmips32	0.2.0		N/A
org.kotlincrypto.macs	hmac-sha2-linuxmips32	0.2.1		N/A
org.kotlincrypto.macs	hmac-sha2-linuxmips32	0.2.3		N/A
org.kotlincrypto.macs	hmac-sha2-linuxmips32	0.2.4		N/A
org.kotlincrypto.macs	hmac-sha2-linuxmips32	0.2.5		N/A
org.kotlincrypto.macs	hmac-sha2-linuxmips32	0.2.6		N/A
org.kotlincrypto.macs	hmac-sha2-linuxmips32	0.2.7		N/A
org.kotlincrypto.macs	hmac-sha2-linuxmips32	0.3.0		N/A
org.n52.sensorweb-server.helgoland-adapters	helgoland-adapters-app	2.0.0		2ff94f63edf7c28ba4e6bb8740296bbe9f67b9bf
org.n52.sensorweb-server.helgoland-adapters	helgoland-adapters-app	2.0.0	exec	dcdd038909081adc503bae865c9ffe39163d0707
org.n52.sensorweb-server.helgoland-adapters	helgoland-adapters-app	2.0.0-PR.10		b0e0e481507cdcfbe50d5f78c4747885b61cc989
org.n52.sensorweb-server.helgoland-adapters	helgoland-adapters-app	2.0.0-PR.10	exec	c78eddee074d5e80d6714760120021d383b5b09e
org.n52.sensorweb-server.helgoland-adapters	helgoland-adapters-app	2.0.0-PR.11		1472a586479ef33a6154a577cb5279667d04b8d9
org.n52.sensorweb-server.helgoland-adapters	helgoland-adapters-app	2.0.0-PR.11	exec	63a0743e34f2e5dba557d1a2fd5b080d1ae6d772
org.n52.sensorweb-server.helgoland-adapters	helgoland-adapters-app	2.0.0-PR.2		afa507013f890933047a6fa24e519a54dad74ba9
org.n52.sensorweb-server.helgoland-adapters	helgoland-adapters-app	2.0.0-PR.2	exec	a6958ce571f64eec3022358deab2253aeea7ad1e
org.n52.sensorweb-server.helgoland-adapters	helgoland-adapters-app	2.0.0-PR.3		e379ec1bff1a0578bd85353c123a9931e16d5549
org.n52.sensorweb-server.helgoland-adapters	helgoland-adapters-app	2.0.0-PR.3	exec	00c73e8407af02d1ba643392b2a3ba7eb70bfe84
org.n52.sensorweb-server.helgoland-adapters	helgoland-adapters-app	2.0.0-PR.4		4b6ac152a1ac9b0f6e5e4556d33de5df196df930
org.n52.sensorweb-server.helgoland-adapters	helgoland-adapters-app	2.0.0-PR.4	exec	41211afa5efde31afbfce9f8ebebba662e6bac32
org.n52.sensorweb-server.helgoland-adapters	helgoland-adapters-app	2.0.0-PR.5		a0d238dba092e666ab45141351854640283ec29c
org.n52.sensorweb-server.helgoland-adapters	helgoland-adapters-app	2.0.0-PR.5	exec	bced6a5c56c28da234c9158033b865be63c3c3f7
org.n52.sensorweb-server.helgoland-adapters	helgoland-adapters-app	2.0.0-PR.6		ea879f17223ad13d61ba5036677bb6d353e3d77f
org.n52.sensorweb-server.helgoland-adapters	helgoland-adapters-app	2.0.0-PR.6	exec	f5b2781478ef63bdc01aee122f8307c106f21d3d
org.n52.sensorweb-server.helgoland-adapters	helgoland-adapters-app	2.0.0-PR.7		57a0d1d6c29e5cb95520718cb7ddecc159da61cd
org.n52.sensorweb-server.helgoland-adapters	helgoland-adapters-app	2.0.0-PR.7	exec	e46c83be6e6e368628869696b7b1de9ac1bddef9
org.n52.sensorweb-server.helgoland-adapters	helgoland-adapters-app	2.0.0-PR.8		4265bd3e2e728ada2606bc690cf6f973742f489c
org.n52.sensorweb-server.helgoland-adapters	helgoland-adapters-app	2.0.0-PR.8	exec	2a5a40e6693bdd86f609df0dc951eefbb2130648
org.n52.sensorweb-server.helgoland-adapters	helgoland-adapters-app	2.0.0-PR.9		4d5e4a58fac581dcffa7689d327661a4f9e90c11
org.n52.sensorweb-server.helgoland-adapters	helgoland-adapters-app	2.0.0-PR.9	exec	43860fd0a063bbb624d933603231b1e83d53c82f
org.n52.sensorweb-server.helgoland-adapters	helgoland-adapters-app	2.0.1		9cb35d267958b0878a787927654bf2fc7198371a
org.n52.sensorweb-server.helgoland-adapters	helgoland-adapters-app	2.0.1	exec	7d11ae582311eb37f2fccd2158e5d792b0fbab18
org.n52.sensorweb-server.helgoland-adapters	helgoland-adapters-app	2.0.2		c074cd5cfe49737f7a3accf1a1abcab8e6e90dd0
org.n52.sensorweb-server.helgoland-adapters	helgoland-adapters-app	2.0.2	exec	f9b1bf5502041608c7c5976b4d28f06d8e3584cd
org.n52.sensorweb-server.helgoland-adapters	helgoland-adapters-app	2.0.4		b659efa3bff1fc3819deeb4f23e8e24656a2f9d5
org.n52.sensorweb-server.helgoland-adapters	helgoland-adapters-app	2.0.4	exec	8b61550979af7bcf6433aa18fd8956cb3a205b7f
org.objectweb.think.minus.examples.helloworld	helloworld-parent	1.1-alpha-2		N/A
org.objectweb.think.minus.examples.helloworld	helloworld-parent	1.1-alpha-5		N/A
org.openidentityplatform.opendj	opendj-legacy	4.4.10		1816d13938b971fd62fcac261bf01975b2fb3ded
org.openidentityplatform.opendj	opendj-legacy	4.4.11		f124f88540116356da3d7827b8a8f8d04aec4043
org.openidentityplatform.opendj	opendj-legacy	4.4.12		e3e71734eed2e4779a98a9119db17f6559a6cf3c
org.openidentityplatform.opendj	opendj-legacy	4.4.13		6366ede5af5c30241bc96af8cf835824beabf588
org.openidentityplatform.opendj	opendj-legacy	4.4.14		e0a371a8ce7c03ad9c27d2c9eb0bb88583d9104b
org.openidentityplatform.opendj	opendj-legacy	4.4.15		bd308d4efb48e18d86960f55401d9515cc952e34
org.openidentityplatform.opendj	opendj-legacy	4.4.7		a489cc9c94ad56512054e6aac0fc0ab3b874b572
org.openidentityplatform.opendj	opendj-legacy	4.4.8		7a0ad65f63c6b48ff2cecd8db6fad352a9e906bb
org.openidentityplatform.opendj	opendj-legacy	4.4.9		30b67ebedb5e291fbbb79a5ffffb3b71beed7e0f
org.openidentityplatform.opendj	opendj-legacy	4.5.0		a0c380a5e451e84610afb0e63a7aad6e974f5460
org.openidentityplatform.opendj	opendj-legacy	4.5.1		8f010b363124e7a910a0cb48fb3a3281d45478a9
org.openidentityplatform.opendj	opendj-legacy	4.5.2		e6d5e5d12ddb7df31e8bccfe5c09d55855914881
org.openidentityplatform.opendj	opendj-legacy	4.5.3		8c9df6cbae42fbd3c0eb589ac782d727e4f5a764
org.openidentityplatform.opendj	opendj-legacy	4.5.4		a6c84f3e9a5325f5f719cebadf9307da592cc649
org.openidentityplatform.opendj	opendj-legacy	4.5.5		a7d3dc1befd00686b008b53ae06d9ab3126f2905
org.openidentityplatform.opendj	opendj-legacy	4.5.6		e01163196d890b412195d944156860d4b24b588a
org.openidentityplatform.opendj	opendj-legacy	4.5.7		4965b41c6302a2acc94d53b99d04d37580d813d7
org.openidentityplatform.opendj	opendj-legacy	4.5.8		0310fa8ca741b5d51da6fcbd3640ccdfe2ae036a
org.openidentityplatform.opendj	opendj-legacy	4.5.9		42194a03b443f83eba90eb86ad94d5c10c6c497a
org.openidentityplatform.opendj	opendj-legacy	4.6.1		277637f20a215eae7aacbbb2c00256fa2e90ec46
org.openidentityplatform.opendj	opendj-legacy	4.6.2		f68a4095b2d520c150af0e22e809f79504c987e0
org.openidentityplatform.opendj	opendj-legacy	4.6.3		9c5275a2c079a568a8a479e430e1660df8491182
org.openidentityplatform.opendj	opendj-legacy	4.6.4		c2b9f44d639ec745565f40e7a1bae2960e95f423
org.openidentityplatform.opendj	opendj-legacy	4.6.5		315b2b1398ebd398bfb2c312409d98029708123d
org.openidentityplatform.opendj	opendj-legacy	4.7.0		7465b7269952a0b0851669d6b2adb4c7aa2f4e63
org.openidentityplatform.opendj	opendj-legacy	4.8.0		ab496a333765827993be39c80279bfb12f18051d
org.openidentityplatform.opendj	opendj-legacy	4.8.1		45f5c4009d17a09485a8fcca9c981c451d765624
org.openidentityplatform.opendj	opendj-legacy	4.8.2		b7faf70be5802a510225ab8e760252ee9c3b15c3
org.openidentityplatform.opendj	opendj-legacy	4.9.0		d6a54ef5b56f3b3eae0df67fab73e5f378cefa58
org.openidentityplatform.opendj	opendj-legacy	4.9.1		26aec317c71199a8d7c3611aa72e867092355e19
org.openidentityplatform.opendj	opendj-legacy	4.9.2		fe648f7cd71bad9a04b2c155ce66ff8894ef88ae
org.openidentityplatform.opendj	opendj-legacy	4.9.3		0ac03a848739effe971ce90d29f4e498752556b6
org.openidentityplatform.opendj	opendj-legacy	4.9.4		6cdf8d69105b4a2daf8ab21011c8328f7dc056c3
org.scalameta	mtags_3.2.1-RC1-bin-20220805-e560c2d-NIGHTLY	0.11.8		9bbaf244b2b22637b27f8cc2520d81cf50d1072e
org.scalameta	mtags_3.3.0-RC1-bin-20221229-805dda8-NIGHTLY	0.11.10		fa4cf8a8a4c6bc954eb6d3dcdace83aa597969ea
org.sonarsource.scm.git	sonar-scm-git	1.10.0.1898		N/A
org.sonarsource.scm.git	sonar-scm-git	1.11.0.11		N/A
org.sonarsource.scm.git	sonar-scm-git	1.11.1.2008		N/A
org.sonarsource.scm.git	sonar-scm-git	1.12.1.2064		N/A
org.sonarsource.scm.git	sonar-scm-git	1.2		N/A
org.sonarsource.scm.git	sonar-scm-git	1.3.0.863		N/A
org.sonarsource.scm.git	sonar-scm-git	1.3.0.869		N/A
org.sonarsource.scm.git	sonar-scm-git	1.4.0.1037		N/A
org.sonarsource.scm.git	sonar-scm-git	1.4.1.1128		N/A
org.sonarsource.scm.git	sonar-scm-git	1.6.0.1349		N/A
org.sonarsource.scm.git	sonar-scm-git	1.7.0.1491		N/A
org.sonarsource.scm.git	sonar-scm-git	1.8.0.1574		N/A
org.sonarsource.scm.git	sonar-scm-git	1.9.0.1725		N/A
org.sonarsource.scm.git	sonar-scm-git	1.9.1.1834		N/A
org.sonatype.spice.inject	guice-bean-containers	1.2.0		fb730123618d00821ff6992a244ff7ae76b88d70
org.sonatype.spice.inject	guice-bean-containers	1.3.0		ab5ebbbb5b2b420d9f4a8ab64f5c605f6b63574f
org.sonatype.spice.inject	guice-bean-containers	1.3.1		1d3fcbc2e5339e0e796c5fb6362dbc040149bc98
org.sonatype.spice.inject	guice-bean-containers	1.3.2		8a50141abc886d95cb1f64f1e88fbe0772058caa
org.sonatype.spice.inject	guice-bean-containers	1.3.3		346a9d4ab31eb65839847e0c3e0ec87d038e953b
org.sonatype.spice.inject	guice-bean-containers	1.3.4		857625b426f63e8f4d4f31ad9035536e596b30f9
org.tatools	sunshine-testng	0.4.1		4054026c2d1d2dbeafd835b2acf289a453d748e5
org.tatools	sunshine-testng	0.4.2		f4ec8d72fdbb3d5a07224061659ca240f20de31d
org.tatools	sunshine-testng	0.5.0		178616e120ae376d1941ea546c102a21229c72d1
org.tatools	sunshine-testng	0.6.0		119fb89801def6dad8aaefc29bd2531b90f34dff
org.tatools	sunshine-testng	0.7.0		7ebcb3799ac62ee82a1ff516da24da97464a98ce
org.truenewx.tnxjee	tnxjee-repo-redis	3.0.0		bc00ad9fd0e604fc7084117a4918ce2597e83c01
org.webjars.bower	csv-js	1.1.1		8f6e1347e246292a93b6284a82f773d6216c5147
org.webjars.npm	storage-engine	2.0.1		622b56e420b2c9f4180909b37dc5830bdd4a0b8a
org.wso2.orbit.io.swagger.parser.v3	swagger-parser-v3	2.0.24.wso2v1		5bbf29219675c1dc2a0c419ac5b84eda4f7d8ba0
pl.iterators	baklava-specs2_2.13	0.1.0		e72eeeb12b9abde85d1b4c72fa662126223e5d36
pl.iterators	baklava-specs2_2.13	0.1.1		87152c80fabad5c603e2520b8aec74d1738718db
pl.iterators	baklava-specs2_2.13	0.2.0		cd08d598d0daacdb08dcd04a201c74848c889287
pl.iterators	baklava-specs2_2.13	0.2.1		8733d783845db6e1640c906589b186b6274279ab
pl.iterators	baklava-specs2_2.13	0.3.0		bd91b874634f61fc183bf4cd2612053ccefef961
pl.iterators	baklava-specs2_2.13	0.3.1		5aa32207779437ce88d4643856029837f75bf91b
pl.iterators	baklava-specs2_2.13	0.4.0		da30168fb4207bc9709d3deb46080277e64d84a4
pl.iterators	baklava-specs2_2.13	0.4.1		51bdec064d58f49bea7fdfcd04a75933fc4843de
pl.iterators	baklava-specs2_2.13	0.5.0		50483d7abf65cc20945c21b4dbe2b6a8d75b09ac
pl.iterators	baklava-specs2_2.13	0.6.0		cd01baf336f0427fe57b2aec06dddbd4ccc1cdc9
pl.iterators	baklava-specs2_2.13	1.0.0		0e4e3f3fa2e480f51b07dbd272856780f50eb59e
pl.iterators	baklava-specs2_2.13	1.0.1		8295822b1a9afff8676b3e662d2256941fd4c313
ru.saidgadjiev.ormnext.support	benchmark	1.0		326838713d3a6c8d7d8a2027e1d795a9f124eced
wang.ramboll	ramboll-extend-data-signature-spring-boot-starter	1.0.0-Alpha.2		d370ff8544e8f613d7ec4278c21284a88540f69c
wang.ramboll	ramboll-extend-data-signature-spring-boot-starter	1.0.0-Alpha.3		51ca3f0f5fd11144b52f14aee5b45490053b64b7
wang.ramboll	ramboll-extend-data-signature-spring-boot-starter	1.0.1-RC		4e1ee032a5648abc0b3403fd418a89d5d8743b30
wang.ramboll	ramboll-extend-data-signature-spring-boot-starter	1.0.1-RC.2		cbccc0b43a2a9345d0906c0c6223200e4b53eb3d
wang.ramboll	ramboll-extend-data-signature-spring-boot-starter	1.0.1-RC.4		8f50265f908251a2d715c07dcc47121f31e1b21a
wang.ramboll	ramboll-extend-data-signature-spring-boot-starter	1.0.1-RELEASE		f829c0e01c809a87ec73ee4151e7edd58520155b
wang.ramboll	ramboll-extend-data-signature-spring-boot-starter	1.0.2-RC.1		61b73824703cbde95caf3a84c1c905403ca765e3
wang.ramboll	ramboll-extend-data-signature-spring-boot-starter	1.0.3-RC.1		d54e8abafe07e579feaa193b64eadee5eb0cb2c2
wang.ramboll	ramboll-extend-data-signature-spring-boot-starter	1.0.4-RC.1		69438aca18bf2b40d3355113e9b6f643cf5d1455
