cafe.adriel.voyager	voyager-screenmodel-android-debug	1.0.0		N/A
cafe.adriel.voyager	voyager-screenmodel-android-debug	1.0.1		N/A
cafe.adriel.voyager	voyager-screenmodel-android-debug	1.1.0-alpha01		N/A
cafe.adriel.voyager	voyager-screenmodel-android-debug	1.1.0-alpha02		N/A
cafe.adriel.voyager	voyager-screenmodel-android-debug	1.1.0-alpha03		N/A
cloud.oneentry	sdk-locales-tvosx64	1.1.1		N/A
cloud.oneentry	sdk-locales-tvosx64	1.1.1	metadata	be64af35283b11dd142b104bf5a4ebb5971b567d
cloud.oneentry	sdk-locales-tvosx64	1.2.0		N/A
cloud.oneentry	sdk-locales-tvosx64	1.2.0	metadata	d3afd9cbd064d0a85b60e72bb2963d3fb128ddb7
cloud.oneentry	sdk-locales-tvosx64	1.2.2		N/A
cloud.oneentry	sdk-locales-tvosx64	1.2.2	metadata	98701e74c549f142aaf44422e56325f238d5a8c4
cloud.oneentry	sdk-locales-tvosx64	1.2.4		N/A
cloud.oneentry	sdk-locales-tvosx64	1.2.4	metadata	a34b00849b4c63189641bba9d4f7c97eaeac441d
cloud.oneentry	sdk-locales-tvosx64	1.2.5		N/A
cloud.oneentry	sdk-locales-tvosx64	1.2.5	metadata	f0b044b96989f28cd86a1df22f1d5a57a666a714
cloud.oneentry	sdk-locales-tvosx64	1.2.6		N/A
cloud.oneentry	sdk-locales-tvosx64	1.2.6	metadata	fae7cb155fac34a8df54baa6b77e053ce2fc2ff9
cloud.tianai.csv	csv-template	1.0.0-alpha		db5e63cc728fd429cda64a3d6b60ea9a6201c2ea
cn.com.antcloud.api	antcloud-api-provider-mpaasfaceverify	1.1.0		791b16203ca32b2a63b6a7c90ac55936389314f7
cn.com.antcloud.api	antcloud-api-provider-mpaasfaceverify	1.1.10		17edc247f6d5cf65d4347ec8c03eb1dec7b557ba
cn.com.antcloud.api	antcloud-api-provider-mpaasfaceverify	1.1.11		403a8bc71c4b6d3be0c4a3b9a74c725e29ee2133
cn.com.antcloud.api	antcloud-api-provider-mpaasfaceverify	1.1.12		a690381158d6a23f62762babe3ea06bb2da98301
cn.com.antcloud.api	antcloud-api-provider-mpaasfaceverify	1.1.13		a305b551cba10be630470c77d0ccbacc8d055866
cn.com.antcloud.api	antcloud-api-provider-mpaasfaceverify	1.1.14		ed13b53a13937ece53045d79eed491176a20838e
cn.com.antcloud.api	antcloud-api-provider-mpaasfaceverify	1.1.15		d47714169ebee1b100d15d093cd0473df09cce1e
cn.com.antcloud.api	antcloud-api-provider-mpaasfaceverify	1.1.5		9e606f1d2812739d4be28ff8e30313060365c56d
cn.com.antcloud.api	antcloud-api-provider-mpaasfaceverify	1.1.6		3b47d149e4f24a0d66e2bf5385adc3c62fb22b54
cn.com.antcloud.api	antcloud-api-provider-mpaasfaceverify	1.1.7		3083cb5aefabad19983b4f2728791b11be90c2d0
cn.com.antcloud.api	antcloud-api-provider-mpaasfaceverify	1.1.8		6f206ac6afdf95eb51db67bf7e4f9802fe3343ea
cn.com.antcloud.api	antcloud-api-provider-mpaasfaceverify	1.1.9		eebdbaf4f8c214c30980b5f2e81e88bd5b8eac7d
cn.com.antcloud.api	antcloud-api-provider-mpaasfaceverify	1.2.10		f5931980823a00b381d98ce277f45e9539c30e9d
cn.fox-tech	fox-edge-server-common-tags	1.0.8		7fd5aaec186aed73a8025c28d90bf19303e9ecd4
cn.fox-tech	fox-edge-server-common-tags	1.0.9		05e56594b94f2f1eebdea94f66548f6b59739932
cn.fox-tech	fox-edge-server-common-tags	1.1.0		17891cf2510b7f1170c2a23afc58ee4db54ca8d3
cn.fox-tech	fox-edge-server-common-tags	1.1.1		a92eee6bc003cb826c5152d5eb059ff762bd31ed
cn.fox-tech	fox-edge-server-common-tags	1.1.2		69f27867ba777fd57cfe441fb247aa61fe8acfa2
cn.fox-tech	fox-edge-server-common-tags	1.1.3		40c00d93c7824b8a1af6c427209c13e3f5bc6c6c
cn.fox-tech	fox-edge-server-common-tags	1.1.4		02cddf182987e3d9d03fb127aca7dc0c3c3ec5ce
cn.fox-tech	fox-edge-server-common-tags	1.1.5		2809bb37e3ada860de3b78ca8c8030140f76623a
cn.fox-tech	fox-edge-server-common-tags	1.1.6		f514e3b87fa8de7c1e54afb9ede48933ebf42e36
cn.fox-tech	fox-edge-server-common-tags	1.1.7		4ee51faf745fb9aa7944c7f062d4c09b7a9f92b6
cn.fox-tech	fox-edge-server-common-tags	1.1.8		02100888b2481176372bf38ba624ce83ef9b9bc0
cn.fox-tech	fox-edge-server-common-tags	1.1.9		1beddee5aa2c2cba829e4a6b4d9a7383c882f88a
cn.fox-tech	fox-edge-server-common-tags	1.2.0		1fe13817f9432c81993b98444b80c89c0d678041
cn.fox-tech	fox-edge-server-common-tags	1.2.1		3f19a7ec71fce275c2124af7378a8b9b8ad02679
cn.fox-tech	fox-edge-server-common-tags	1.2.3		b06db77026a83c929a9edd3c11e2e1a66c804b79
com.aallam.openai	openai-client-tvosx64	2.1.1		N/A
com.aallam.openai	openai-client-tvosx64	2.1.1	metadata	11614a21316fc83ecf9f143e19832ab7aecdd12d
com.aallam.openai	openai-client-tvosx64	2.1.2		N/A
com.aallam.openai	openai-client-tvosx64	2.1.2	metadata	11614a21316fc83ecf9f143e19832ab7aecdd12d
com.aallam.openai	openai-client-tvosx64	2.1.3		N/A
com.aallam.openai	openai-client-tvosx64	2.1.3	metadata	ba5b9d6acf4529e1f9d9babc7f7b4549220fc484
com.aallam.openai	openai-client-tvosx64	3.0.0		N/A
com.aallam.openai	openai-client-tvosx64	3.0.0	metadata	659031d3ac07cb87211d21c69a33795db073f6bb
com.aallam.openai	openai-client-tvosx64	3.0.0-alpha01		N/A
com.aallam.openai	openai-client-tvosx64	3.0.0-alpha01	metadata	11614a21316fc83ecf9f143e19832ab7aecdd12d
com.aallam.openai	openai-client-tvosx64	3.0.0-beta01		N/A
com.aallam.openai	openai-client-tvosx64	3.0.0-beta01	metadata	176a4b4bd912df032071408800bfea215a4e1b16
com.aallam.openai	openai-client-tvosx64	3.0.0-beta02		N/A
com.aallam.openai	openai-client-tvosx64	3.0.0-beta02	metadata	659031d3ac07cb87211d21c69a33795db073f6bb
com.aallam.openai	openai-client-tvosx64	3.1.0		N/A
com.aallam.openai	openai-client-tvosx64	3.1.0	metadata	659031d3ac07cb87211d21c69a33795db073f6bb
com.aallam.openai	openai-client-tvosx64	3.1.1		N/A
com.aallam.openai	openai-client-tvosx64	3.1.1	metadata	659031d3ac07cb87211d21c69a33795db073f6bb
com.aallam.openai	openai-client-tvosx64	3.2.0		N/A
com.aallam.openai	openai-client-tvosx64	3.2.0	metadata	659031d3ac07cb87211d21c69a33795db073f6bb
com.aallam.openai	openai-client-tvosx64	3.2.1		N/A
com.aallam.openai	openai-client-tvosx64	3.2.1	metadata	95a685541ee3976cff2e74c03c01af0bba503353
com.aallam.openai	openai-client-tvosx64	3.2.2		N/A
com.aallam.openai	openai-client-tvosx64	3.2.2	metadata	025e52c40b03036ae9a94f5ce9de9e8c97177f79
com.aallam.openai	openai-client-tvosx64	3.2.3		N/A
com.aallam.openai	openai-client-tvosx64	3.2.3	metadata	025e52c40b03036ae9a94f5ce9de9e8c97177f79
com.aallam.openai	openai-client-tvosx64	3.2.4		N/A
com.aallam.openai	openai-client-tvosx64	3.2.4	metadata	2d473a0982afe930f9a7a6f41cd9bb3cc673971f
com.aallam.openai	openai-client-tvosx64	3.2.5		N/A
com.aallam.openai	openai-client-tvosx64	3.2.5	metadata	29c855c4292530419386505b364ee421f6220aba
com.aallam.openai	openai-client-tvosx64	3.3.0		N/A
com.aallam.openai	openai-client-tvosx64	3.3.0	metadata	32c02b0140adccc7081b6c1b11a98431eb67c58e
com.aallam.openai	openai-client-tvosx64	3.3.1		N/A
com.aallam.openai	openai-client-tvosx64	3.3.1	metadata	39ff99f158f8bb773498668f1fac1ab67defd4f8
com.aallam.openai	openai-client-tvosx64	3.3.2		N/A
com.aallam.openai	openai-client-tvosx64	3.3.2	metadata	7eb6fd12b152a5fd634c197073f7879f2130af53
com.aallam.openai	openai-client-tvosx64	3.4.0		N/A
com.aallam.openai	openai-client-tvosx64	3.4.0	metadata	675e179d63ffd07037aba693cae210876745aa45
com.aallam.openai	openai-client-tvosx64	3.4.1		N/A
com.aallam.openai	openai-client-tvosx64	3.4.1	metadata	d0073081030364cb9516e4dac1cbcefecf21479c
com.aallam.openai	openai-client-tvosx64	3.4.2		N/A
com.aallam.openai	openai-client-tvosx64	3.4.2	metadata	01f2e721fa5da43051c6d204b0f5bdf15a7dcf6f
com.aallam.openai	openai-client-tvosx64	3.5.0		N/A
com.aallam.openai	openai-client-tvosx64	3.5.0	metadata	cc8abff1c41ac488c1337bcff4542f244c7d4eb8
com.aallam.openai	openai-client-tvosx64	3.5.1		N/A
com.aallam.openai	openai-client-tvosx64	3.5.1	metadata	99556dae0034ff5b410003185658c3ab13585255
com.aallam.openai	openai-client-tvosx64	3.6.0		N/A
com.aallam.openai	openai-client-tvosx64	3.6.0	metadata	e7d7e47a6be861312f416bf80142e35d5886fe4a
com.aallam.openai	openai-client-tvosx64	3.6.1		N/A
com.aallam.openai	openai-client-tvosx64	3.6.1	metadata	7b2acd89221763653c98d3f9dceedd656622bd69
com.aallam.openai	openai-client-tvosx64	3.6.2		N/A
com.aallam.openai	openai-client-tvosx64	3.6.2	metadata	ad5354474d6d9a37d174421078838c734345bf54
com.aallam.openai	openai-client-tvosx64	3.6.3		N/A
com.aallam.openai	openai-client-tvosx64	3.6.3	metadata	9874b86ab74b8cbac2256244b43e88014178bb7e
com.aallam.openai	openai-client-tvosx64	3.7.0		N/A
com.aallam.openai	openai-client-tvosx64	3.7.0	metadata	29dc38479078ca2f857c3fd0b042508f9e3b3912
com.aallam.openai	openai-client-tvosx64	3.7.1		N/A
com.aallam.openai	openai-client-tvosx64	3.7.1	metadata	dd7225195672a725763275196b35b7cde08ef054
com.aallam.openai	openai-client-tvosx64	3.7.2		N/A
com.aallam.openai	openai-client-tvosx64	3.7.2	metadata	260f4ad0154bc23192b764daa18327ff320d22dd
com.aallam.openai	openai-client-tvosx64	3.8.0		N/A
com.aallam.openai	openai-client-tvosx64	3.8.0	metadata	9b8d46317e532a08ced869d2e0021ac835a6366f
com.aallam.openai	openai-client-tvosx64	3.8.1		N/A
com.aallam.openai	openai-client-tvosx64	3.8.1	metadata	9b4edecaf3298377cc3fa7f86d9e3cefa93fa60e
com.aallam.openai	openai-client-tvosx64	3.8.2		N/A
com.aallam.openai	openai-client-tvosx64	3.8.2	metadata	7a5aab7d4c52301b98f9d37942b781a911578052
com.aallam.openai	openai-client-tvosx64	4.0.0		N/A
com.aallam.openai	openai-client-tvosx64	4.0.0	metadata	3dea1e0009792ffdd6b1922eb1e67cc99557ed81
com.aallam.openai	openai-client-tvosx64	4.0.0-beta01		N/A
com.aallam.openai	openai-client-tvosx64	4.0.0-beta01	metadata	c102140803e9c20722b4234a70cf3dd6ad95463f
com.aallam.openai	openai-client-tvosx64	4.0.1		N/A
com.aallam.openai	openai-client-tvosx64	4.0.1	metadata	5d4b5b6b1aac34c58104948d7e4c4b0436a9fcfc
com.aol.cyclops	cyclops-scala	8.4.0		7e7cbc4b68649d4b0f4b0081b27a910253cea681
com.aol.cyclops	cyclops-scala	8.4.1		70d8b3f2b2f9cdf4e11f82aaf58d099ae1b3d219
com.aol.cyclops	cyclops-scala	8.4.2		f2af3af61a6deacb8c0efc064008458263614062
com.aol.cyclops	cyclops-scala	9.0.0-FINAL		e62d1e3be85b4993ff601eacbd9f60d8036e6d88
com.aol.cyclops	cyclops-scala	9.0.0-MI1		99ddcdf2a19d3b9650fb875d52b53f38eb106908
com.aol.cyclops	cyclops-scala	9.0.0-MI2		59a34aed8ec128035956e9196d18c2585fa4fb97
com.aol.cyclops	cyclops-scala	9.0.0-MI3		8f3cfe752a89a8d926f936d68666ff52a7580a8c
com.aol.cyclops	cyclops-scala	9.0.0-MI4		e09725bf0f087cae999cf6ef7bde0d479aa9b1c3
com.aol.cyclops	cyclops-scala	9.0.0-MI6		12573dcbd5640f0c2301c3a0132b28190d85ab92
com.aol.cyclops	cyclops-scala	9.0.0-MI7		ca48bd21e1341c72923d98db32e2f7cdd5932310
com.attafitamim.file.picker	core-data-android	0.1.0-alpha01		N/A
com.attafitamim.file.picker	core-data-android	0.1.0-alpha02		N/A
com.attafitamim.file.picker	core-data-android	0.1.0-alpha03		N/A
com.attafitamim.file.picker	core-data-android	0.1.0-alpha04		N/A
com.attafitamim.file.picker	core-data-android	0.1.0-alpha05		N/A
com.attafitamim.file.picker	core-data-android	0.1.0-alpha06		N/A
com.attafitamim.file.picker	core-data-android	0.1.0-alpha07		N/A
com.attafitamim.file.picker	core-data-android	0.1.0-alpha08		N/A
com.attafitamim.file.picker	core-data-android	0.1.0-alpha09		N/A
com.attafitamim.file.picker	core-data-android	0.1.0-alpha10		N/A
com.attafitamim.file.picker	core-data-android	0.1.0-alpha11		N/A
com.attafitamim.file.picker	core-data-android	0.1.0-alpha12		N/A
com.attafitamim.file.picker	core-data-android	0.1.0-alpha13		N/A
com.azure.spring	spring-cloud-azure-native-reachability	5.0.0-beta.1		989d73023c9a12f974b90675e6cce58e61843df9
com.bbossgroups.pdp	pdp-sms	5.0.2		007340ed4652fdb46f874207835226d45872defa
com.bbossgroups.pdp	pdp-sms	5.0.2.1		5f95da2cf07dffa1041627148145151e2af383e7
com.bbossgroups.pdp	pdp-sms	5.0.2.3		06fedbf983a88158d95c38a987a65aa32b547d8f
com.bbossgroups.pdp	pdp-sms	5.0.2.4		27153c72282ca9b63a613053c16334de59350731
com.bbossgroups.pdp	pdp-sms	5.0.3.6		4d2b362d6264885b029cc5308292a6feb2e5a243
com.bbossgroups.pdp	pdp-sms	5.0.3.9		f4a355a854723ece6f6cbcdfa4b4102556af30ac
com.bbossgroups.pdp	pdp-sms	5.0.3.9.1		a14dbbe1689c242c2762a2d7463bc3afb9165962
com.bbossgroups.pdp	pdp-sms	5.0.3.9.2		9d715dd59f8299610508ae387d27c9b8d7eb1025
com.bbossgroups.pdp	pdp-sms	5.0.9		bab71f7afe5aca8f2175a94ca1528a0dc1bb832b
com.bbossgroups.pdp	pdp-sms	5.6.2		f10a7a03ebc89e43c3fe38df3676ffe41951c114
com.bbossgroups.pdp	pdp-sms	5.6.4		3f63378c6393d0338f0835060724ca90f20e631f
com.boozallen.aissemble	aissemble-vault	1.7.0		N/A
com.boozallen.aissemble	aissemble-vault	1.7.0-rc2		N/A
com.boozallen.aissemble	aissemble-vault	1.7.0-rc3		N/A
com.boozallen.aissemble	aissemble-vault	1.7.0-rc4		N/A
com.dimafeng	testcontainers-scala-redpanda_2.13	0.40.12		1955ae274d58c6e9e310583f4bf9b5c830265d15
com.dimafeng	testcontainers-scala-redpanda_2.13	0.40.13		a2cbbb5394752d64bbb2992fb8a8189479a04bd5
com.dimafeng	testcontainers-scala-redpanda_2.13	0.40.14		5f8efc92df9e003562ad19e428a9f85c45b118d5
com.dimafeng	testcontainers-scala-redpanda_2.13	0.40.15		58f271d3cbfaca099773391e840e5fb50d78e2bd
com.dimafeng	testcontainers-scala-redpanda_2.13	0.40.16		4a58e4543b7a72934ebea97b92387cf47d956905
com.dimafeng	testcontainers-scala-redpanda_2.13	0.40.17		930d852421b5d970ba87c05ef94375a5f1077376
com.dimafeng	testcontainers-scala-redpanda_2.13	0.41.0		f4ed87f9fb344904983ee8f48127e00abea2db57
com.dimafeng	testcontainers-scala-redpanda_2.13	0.41.1		c0864ec6635ee23e05fb909658a5a785ca85944b
com.dimafeng	testcontainers-scala-redpanda_2.13	0.41.2		5590aad1193f5c7a3f261cc76962fd9389744b12
com.dimafeng	testcontainers-scala-redpanda_2.13	0.41.3		4bd15aed2fb0e3309a1b614ace3b855cf351a1a7
com.dimafeng	testcontainers-scala-redpanda_2.13	0.41.4		d2d1c63ab8f84a60e1b25f49cdab0ca309014cdd
com.dimafeng	testcontainers-scala-redpanda_2.13	0.41.5		4de8d4b159b258cf27106261035fc3edd3530ba5
com.dimafeng	testcontainers-scala-redpanda_2.13	0.41.8		e8ac73643fb20746f1d324ca28b7d33fd78b8024
com.dimafeng	testcontainers-scala-redpanda_2.13	0.43.0		679f92422568a8aece9e2e6d79d559a72dc6461d
com.esotericsoftware	minlog	1.3		8d2b87348c82b82e69ac2039ddbbc9d36dc69c9a
com.esotericsoftware	minlog	1.3-SNAPHOT		17cbe3174a55c8e047a7debcb1239e5eb7f49a5e
com.esotericsoftware	minlog	1.3.0		ff07b5f1b01d2f92bb00a337f9a94873712f0827
com.esotericsoftware	minlog	1.3.1		a406e29d3a44d5f020d7b3218aee6d0952db4f73
com.exactpro.th2.gradle.grpc	com.exactpro.th2.gradle.grpc.gradle.plugin	0.0.4		76bd0b2e8fda27231d5305236b96f03411df6d3c
com.exactpro.th2.gradle.grpc	com.exactpro.th2.gradle.grpc.gradle.plugin	0.0.5		312730a0e4beeda67e887b559314931ef6c0c381
com.exactpro.th2.gradle.grpc	com.exactpro.th2.gradle.grpc.gradle.plugin	0.0.6		45226a6ca32f218efa78f57822a2c92f01f77c29
com.exactpro.th2.gradle.grpc	com.exactpro.th2.gradle.grpc.gradle.plugin	0.0.7		369e8c3eee8e3086b90e1bf7b606d5a7bec8ac9d
com.exactpro.th2.gradle.grpc	com.exactpro.th2.gradle.grpc.gradle.plugin	0.0.8		389d805e4f38d7b857946d9690bd8de8159c851a
com.exactpro.th2.gradle.grpc	com.exactpro.th2.gradle.grpc.gradle.plugin	0.1.0		c9d44abe74e767ea36ba3abc011cebd92392443c
com.exactpro.th2.gradle.grpc	com.exactpro.th2.gradle.grpc.gradle.plugin	0.1.1		f4945fe3379263a675041271a722c984197d69be
com.exactpro.th2.gradle.grpc	com.exactpro.th2.gradle.grpc.gradle.plugin	0.1.2		f1034a9d8510db9f89721d7bba35e4d49333cebe
com.exactpro.th2.gradle.grpc	com.exactpro.th2.gradle.grpc.gradle.plugin	0.1.3		588d6c0961f7e6215e910ab9c94ea54f29f162ff
com.exactpro.th2.gradle.grpc	com.exactpro.th2.gradle.grpc.gradle.plugin	0.1.4		f56856d9fc5c935862a015a84ec8c9799f1050a8
com.exactpro.th2.gradle.grpc	com.exactpro.th2.gradle.grpc.gradle.plugin	0.1.5		3338b31ce819e3bb210871a6ca8579567b6626c5
com.exactpro.th2.gradle.grpc	com.exactpro.th2.gradle.grpc.gradle.plugin	0.1.6		9c80877df0cc922421a8fd9c8d8d8d4190c92803
com.exactpro.th2.gradle.grpc	com.exactpro.th2.gradle.grpc.gradle.plugin	0.1.7		c5fcb6fefc3f5a59ddea8075a341e6e251e2e89f
com.exactpro.th2.gradle.grpc	com.exactpro.th2.gradle.grpc.gradle.plugin	0.1.8		5daf9c0b8ea6f0de641de44206b869b9567fdec6
com.exactpro.th2.gradle.grpc	com.exactpro.th2.gradle.grpc.gradle.plugin	0.1.9		ee6fc199764e24e5d3fd54fa5d6f9bab291c9d16
com.exactpro.th2.gradle.grpc	com.exactpro.th2.gradle.grpc.gradle.plugin	0.2.0		3772cf0e9dcb782da5a2cddc79db2d038656395e
com.exactpro.th2.gradle.grpc	com.exactpro.th2.gradle.grpc.gradle.plugin	0.2.1		c61714c7ca5fc9139ace6be723d061b1fb4323c8
com.exactpro.th2.gradle.grpc	com.exactpro.th2.gradle.grpc.gradle.plugin	0.2.2		31ff19b5dc50cbe26c5d8f0c58f5f7171b833802
com.exactpro.th2.gradle.grpc	com.exactpro.th2.gradle.grpc.gradle.plugin	0.2.3		6146110f1a25d6d3f5fd4711bd61133871c70922
com.exactpro.th2.gradle.grpc	com.exactpro.th2.gradle.grpc.gradle.plugin	0.2.4		98d989fa877d40940e7e5e557e99cfbce6c2f56b
com.eygraber	compose-placeholder-material-iosarm64	1.0.0		N/A
com.eygraber	compose-placeholder-material-iosarm64	1.0.0	metadata	c518ce1fe1bae92de18ceab7b078d28c480c001b
com.eygraber	compose-placeholder-material-iosarm64	1.0.1		N/A
com.eygraber	compose-placeholder-material-iosarm64	1.0.1	metadata	4fe4b40160a892f447d6987fb2ad87a919c8114a
com.eygraber	compose-placeholder-material-iosarm64	1.0.10		N/A
com.eygraber	compose-placeholder-material-iosarm64	1.0.10	metadata	ca64e724c485feb69aa01011bc198907532b45bb
com.eygraber	compose-placeholder-material-iosarm64	1.0.11	metadata	ad1c07c438f233fdd4edc26d82e0e645022d586f
com.eygraber	compose-placeholder-material-iosarm64	1.0.2		N/A
com.eygraber	compose-placeholder-material-iosarm64	1.0.2	metadata	2263051c815e46cd1974b7e65f20cd73b0166fe4
com.eygraber	compose-placeholder-material-iosarm64	1.0.3		N/A
com.eygraber	compose-placeholder-material-iosarm64	1.0.3	metadata	7055fee7a77dde8ece1646b5b486b209ed11cd6b
com.eygraber	compose-placeholder-material-iosarm64	1.0.4		N/A
com.eygraber	compose-placeholder-material-iosarm64	1.0.4	metadata	fa5056979f0ea38c13fbbcbd5b9accc0f67755bf
com.eygraber	compose-placeholder-material-iosarm64	1.0.5		N/A
com.eygraber	compose-placeholder-material-iosarm64	1.0.5	metadata	7cf9daebed618eb176d26f6299c295f505b23fe1
com.eygraber	compose-placeholder-material-iosarm64	1.0.6		N/A
com.eygraber	compose-placeholder-material-iosarm64	1.0.6	metadata	8145b2c7d734e992243ca037039ab6e7a24cccb7
com.eygraber	compose-placeholder-material-iosarm64	1.0.7		N/A
com.eygraber	compose-placeholder-material-iosarm64	1.0.7	metadata	c91a3e6de9099f55007a3ad227843f08effb374a
com.eygraber	compose-placeholder-material-iosarm64	1.0.8		N/A
com.eygraber	compose-placeholder-material-iosarm64	1.0.8	metadata	8d6f265c372ab103fc0f9585ab29733f809210ab
com.eygraber	compose-placeholder-material-iosarm64	1.0.9		N/A
com.eygraber	compose-placeholder-material-iosarm64	1.0.9	metadata	ed6b644fdc0077e7d2d7f08cfd92f4705bbae90f
com.factern	factern-java-client	1.0.0		dd40dd906a3a165421bb6bdcb431aa0452bf9b03
com.factern	factern-java-client	1.0.1		7a5ddbafc1fc8f055ec1f9dcc69f3749624765ba
com.factern	factern-java-client	1.0.21		42a2a2425a18801ab9336cda4d6290875e990615
com.factern	factern-java-client	1.0.32		d2be9445bcac47df20305b24582869232e48db21
com.factern	factern-java-client	1.0.39		89feec645fd50a1464236107df3fbb8bc9a1324d
com.factern	factern-java-client	1.0.46		7fee445ee2e8a77de7b439f705221fb091b66215
com.github.alonsodomin.cron4s	cron4s-testkit_native0.4_2.12	0.7.0		83f478fe47f6fc5b3b1fe882957d16dc86fd27d7
com.github.alonsodomin.cron4s	cron4s-testkit_native0.4_2.12	0.8.0		1b301c5c77276bf391aaaef305e632aeb138b1b9
com.github.alonsodomin.cron4s	cron4s-testkit_native0.4_2.12	0.8.1		d1aebc6a0461ccb1544eb74c791c1ee9d20ee469
com.github.alonsodomin.cron4s	cron4s-testkit_native0.4_2.12	0.8.2		a9637e878863d15e23efca48d305876b1791b004
com.github.eikek	bitpeace-core_3	0.9.0-M1		317091ed514bcabc9fd7750a8ec1873a7bddfcc1
com.github.eikek	bitpeace-core_3	0.9.0-M2		f2f25186fdfa75bcdc10175dc1e4b44bd174f605
com.github.eikek	bitpeace-core_3	0.9.0-M3		b7a11a170a0a32e1ee96bc8343f4a62c32916c37
com.github.emc-mongoose	mongoose-storage-driver-coop-nio-fs	4.0.0		aa05839db529db20f8d43293a622f90a066f0dbb
com.github.emc-mongoose	mongoose-storage-driver-coop-nio-fs	4.0.1		dc498988b5ea8c8febc32736b76fe3944358386a
com.github.emc-mongoose	mongoose-storage-driver-coop-nio-fs	4.0.2		77c46671c8afbaca6cbaf1e1dfdbf0b7cdb0a8cb
com.github.emc-mongoose	mongoose-storage-driver-coop-nio-fs	4.1.0		8be3d938899d749dbf8dfb578d192d92ff23a29d
com.github.emc-mongoose	mongoose-storage-driver-coop-nio-fs	4.1.1		e7536704e09366140f3a99f21493b8721e005692
com.github.emc-mongoose	mongoose-storage-driver-coop-nio-fs	4.1.4		9b4bf1fe6ac12e662b529c73f1c32111b8711418
com.github.gianttreelp.proguardservicesmapper	proguard-services-mapper-cli	1.0		9c2d90fc577cd1ad53d129ea0b45cda4f6b66085
com.github.gianttreelp.proguardservicesmapper	proguard-services-mapper-cli	1.1		e1ae6c9cd0d693c0d701575e6b7998ff18e65fc6
com.github.houbb	logstash4j-plugins-all	0.1.0		38ba55c1f0868360e756ed551333d8d3a3d14d67
com.github.houbb	logstash4j-plugins-all	0.2.0		53c90418312849a0dfb7da679583edd615dabb19
com.github.houbb	logstash4j-plugins-all	0.3.0		601a112f51e86415fb5f033b1868915389764e34
com.github.houbb	logstash4j-plugins-all	0.4.0		be8324f0d31e0a7f729bd9a4fde6cb8f47a6cee5
com.github.houbb	logstash4j-plugins-all	0.5.0		7a2e22d11f955de3e79596f4cab993a630a7ade7
com.github.houbb	logstash4j-plugins-all	0.6.0		3836e958e266600737cb6fb5a6278da84230566e
com.github.houbb	logstash4j-plugins-all	0.7.0		7e0e7d1c7439196b4635201356b43171e8f4e6bb
com.github.ik024	calendar-lib	2.0.2		N/A
com.github.lyjaeho	jizcode	1.0.10-BETA		N/A
com.github.lyjaeho	jizcode	1.0.11-BETA		N/A
com.github.lyjaeho	jizcode	1.0.12-BETA		N/A
com.github.lyjaeho	jizcode	1.0.14-BETA		N/A
com.github.lyjaeho	jizcode	1.0.9-BETA		N/A
com.github.uscexp	grappa.extension	0.1.0-Beta		454397b34368c1ed397e30877f7c247a1dc0e1c4
com.github.uscexp	grappa.extension	0.2.0-Beta		dbdf9ff3045a0435a89b5e8eee9f99de2a7bc28b
com.github.uscexp	grappa.extension	0.3.0		749d61833c3da5acc26db99cf1987cc262c5ad1d
com.github.uscexp	grappa.extension	0.4.0-Beta		5cd507cd4a7f6313aa6d2dfd10d5dbed89d87ee3
com.gu.identity	identity-auth-core_2.12	0.1.1		306d832f28b7c6b43fb0ee723eb3edb8f778b7b6
com.gu.identity	identity-auth-core_2.12	3.184		8c68c5ad04201c676e202eb208cfe3456e725c9d
com.gu.identity	identity-auth-core_2.12	3.184-M4		8ecf4d079a740812168416228125e776edede9f7
com.gu.identity	identity-auth-core_2.12	3.184-M5		12c7a16374ef4d68eba21e88dba9692692884504
com.gu.identity	identity-auth-core_2.12	3.184-M6		f04b68934808ffe1c74800f6dbcaafd128858232
com.gu.identity	identity-auth-core_2.12	3.184-M7		aa667acac9ade436f0901ce78a0365a328c8968d
com.gu.identity	identity-auth-core_2.12	3.185		d9532584ea41cff0dda97cdf664737094ea9d037
com.gu.identity	identity-auth-core_2.12	3.186		3233223b97299a05285fc51da937a53ed545a25f
com.gu.identity	identity-auth-core_2.12	3.187		97313b128c2fe49dcf72d76d16385123bbb330ac
com.gu.identity	identity-auth-core_2.12	3.188		7ad69a6f440d8763eb1d14cf563c5734f7bc76e3
com.gu.identity	identity-auth-core_2.12	3.189		4da7b08764f4fa7c881f24d4d33e856273558af3
com.gu.identity	identity-auth-core_2.12	3.189-M1		b88dbe334cf8b8c7d27f197ea807eca6a2ea505a
com.gu.identity	identity-auth-core_2.12	3.190		ecfd3727b2680f207ce5a78551001f8732eaac3b
com.gu.identity	identity-auth-core_2.12	3.191		d85aadbe061544faad248e370ac3570739664c9f
com.gu.identity	identity-auth-core_2.12	3.192		d6b112c77d01a526ea9cb2b22002947908524e7a
com.gu.identity	identity-auth-core_2.12	3.193		d04cecd833e7e70eb0285dbccb8a90c4e1f9b305
com.gu.identity	identity-auth-core_2.12	3.194		b22b54bc4c0e0a73f3ae36fc984d0c63a16943d7
com.gu.identity	identity-auth-core_2.12	3.195		6787b32a29561b606c6ce6914a0a56565e265e2c
com.gu.identity	identity-auth-core_2.12	3.196		b96b319805dd68188953e7155ad7fe55d1c83aca
com.gu.identity	identity-auth-core_2.12	3.197		c500af51b26c813100a6d7d2e8a1142a29e6f328
com.gu.identity	identity-auth-core_2.12	3.198		1001ff043f369653fdc257eb5b85130a0689c034
com.gu.identity	identity-auth-core_2.12	3.199		5bb582f47adbe0888bb1b79feb3066c9eb51703b
com.gu.identity	identity-auth-core_2.12	3.200		e2a3857ce303844ef65ab08b5e1dcbf076e1945b
com.gu.identity	identity-auth-core_2.12	3.201		85f3dd8c496705c9a0547f3d66676f4486c1c281
com.gu.identity	identity-auth-core_2.12	3.202		db13eac3ea05070803003c3b64583c5c6b44f307
com.gu.identity	identity-auth-core_2.12	3.202-M1		c955c5dd36aca4f0841461a4b8999ef9d08bdfe5
com.gu.identity	identity-auth-core_2.12	3.203		67189374c8acf55943d328833bb3b2ab87aa1999
com.gu.identity	identity-auth-core_2.12	3.204		4ab0c89197d857ab882bc4efde9c7480258a7a75
com.gu.identity	identity-auth-core_2.12	3.205		ea58edfe09d3366271d4c06a1a772a2a2508a7fb
com.gu.identity	identity-auth-core_2.12	3.206		9d6bf5dd1a0c60e04a8bf0e884dfd8b156cd084f
com.gu.identity	identity-auth-core_2.12	3.207		cbafdab14f3c395371015d6d5d8449dd92a5f0ec
com.gu.identity	identity-auth-core_2.12	3.208		2433194aa6b9bac6086b276eb76c4576976852bc
com.gu.identity	identity-auth-core_2.12	3.209		5097712b638978c9ddb00c8b95cbf39ed19ba4fa
com.gu.identity	identity-auth-core_2.12	3.216		f80371f9b0f181fe6eb0a76ad4dbbd7fc5ae0a74
com.gu.identity	identity-auth-core_2.12	3.217		40cfef8026478cd8c5ab181a4255328c56131e54
com.gu.identity	identity-auth-core_2.12	3.221		958348b81122e85cdfe715f7b79b838429ad403c
com.gu.identity	identity-auth-core_2.12	3.222		c3c2950578f7a4fff4ace405fc99fa78a59c9fc3
com.gu.identity	identity-auth-core_2.12	3.224		d491f69f7e40786b6fa3c47f080d392c3f91b1a8
com.gu.identity	identity-auth-core_2.12	3.225		66f35a0e4fca61467c3ad245fe6a895c9df4d65f
com.gu.identity	identity-auth-core_2.12	3.226		ebbcf8122c242ecd9db0192dad5dde6e29ed1132
com.gu.identity	identity-auth-core_2.12	3.227		d857ac450cc6307fda6786526fba51ebb4ec9e1b
com.gu.identity	identity-auth-core_2.12	3.228		0e8696145e09056002d54e7efc07d03d051bf9f5
com.gu.identity	identity-auth-core_2.12	3.229		ae245e316d6874fb4bfd9f35d122ce168df12c16
com.gu.identity	identity-auth-core_2.12	3.230		e76c9c89a4c93869d77d9f0cdc4fc509a6848619
com.gu.identity	identity-auth-core_2.12	3.231		a2f8834c3a41b88f7d02e45c315fa8898cf99d56
com.gu.identity	identity-auth-core_2.12	3.232		ee613b2f5cb627a7400544c012a3d0a2772ea6ed
com.gu.identity	identity-auth-core_2.12	3.233		615e19ec0e94fb3fa8d32b6fa65a01df427e9dbd
com.gu.identity	identity-auth-core_2.12	3.234		fbce3c9e88affc124c04b86e697dab5e2e8fd84e
com.gu.identity	identity-auth-core_2.12	3.235		50923160eaffda4d3f539adf2959980a7e866866
com.gu.identity	identity-auth-core_2.12	3.236		22f652dbe0d72dd1b910d93fe0852aa156b9a483
com.gu.identity	identity-auth-core_2.12	3.237		7c7ec69a0c34a70c817a9c3a8a4d5e3aedec2c62
com.gu.identity	identity-auth-core_2.12	3.239		266e4a1af01d4cf46ca7aeb77e41324b0832e582
com.gu.identity	identity-auth-core_2.12	3.239-C1		14a40d92357a6ff84aa7b7f0bbe3df36d58fcad6
com.gu.identity	identity-auth-core_2.12	3.239-C2		b291f209557f4c8778f5b0ac33f9da7974bd7f8d
com.gu.identity	identity-auth-core_2.12	3.239-C3		b9d8b733479b6aa4d11004d09f7cba2b1109e4a6
com.gu.identity	identity-auth-core_2.12	3.239-M1		331ba244072ebf36826f011c2d09019dcdfd85cc
com.gu.identity	identity-auth-core_2.12	3.240-C4		1b90687972be53e839a7916d10cd888b846d615f
com.gu.identity	identity-auth-core_2.12	3.240-C5		bbc7d67552cb21c6e69fa08389edf89f43aa5ba0
com.gu.identity	identity-auth-core_2.12	3.240-C6		19cc67fea1cf1e8aa9af91c7dde7579339681209
com.gu.identity	identity-auth-core_2.12	3.246		91f857e83244ec37a9492f442b529d1c80d01af5
com.gu.identity	identity-auth-core_2.12	3.246-M1		3ed912e349d25134f3922326fa4dae13be746652
com.gu.identity	identity-auth-core_2.12	3.247		8b3a57d94990783d27d5619d6ef5048d72baa3cd
com.gu.identity	identity-auth-core_2.12	3.248		1ab38c92ce7be0b24f5f785cca5db093716d6240
com.gu.identity	identity-auth-core_2.12	3.249		320504c84f357928843e869d0339eedd3f62df43
com.gu.identity	identity-auth-core_2.12	3.250		02b23df55ffe8c4806a58c36f9a31cb101113171
com.gu.identity	identity-auth-core_2.12	3.251		230a1ee04eb09020636398a36e83a302bdcdce99
com.gu.identity	identity-auth-core_2.12	3.252		d19025f4e11c8dd6b3a82750306e6daf58f1dae9
com.gu.identity	identity-auth-core_2.12	3.253		bace52b0ee175412aacda2297048c5a93deec015
com.gu.identity	identity-auth-core_2.12	3.254		d44c187a8ec77f67161c45d3ec734d334d152ba0
com.gu.identity	identity-auth-core_2.12	3.255		c5d3fbaa4d13a6741989b8233e7511a205814fea
com.gu.identity	identity-auth-core_2.12	4.0		27398269ce7f54e2b9f815fd53696dac82ec82e7
com.gu.identity	identity-auth-core_2.12	4.1		9a450057d5b66a7577841b7cc9e80cfcf7327c2b
com.gu.identity	identity-auth-core_2.12	4.10		51f75efd8e31b75742dfa515c50d4797bffffb80
com.gu.identity	identity-auth-core_2.12	4.11		b5eba114785032341dac6fc0cad12d16a246d47c
com.gu.identity	identity-auth-core_2.12	4.11+6-afc6cb27		e17a9fda60803eaebdc50ece5162612512370d37
com.gu.identity	identity-auth-core_2.12	4.12		5cc0edc4853b7cd29dc6d7b39956575ab5a439b5
com.gu.identity	identity-auth-core_2.12	4.13		d28f1af2f9aed84fa7f8106440880b3b2f06b70a
com.gu.identity	identity-auth-core_2.12	4.14		afaf7941808d559c46f1cf7adcc9d1b0040d1d95
com.gu.identity	identity-auth-core_2.12	4.15		53f2945c0a407d8b826c31745d98f56603dde857
com.gu.identity	identity-auth-core_2.12	4.16		b66ca37925a31e1622f229b2711fce7a54191eab
com.gu.identity	identity-auth-core_2.12	4.17		11f578d4607264af4f45b1a0b4a97fba5a319d92
com.gu.identity	identity-auth-core_2.12	4.18		6c062f508bb2a67448fdcf8fc8b9fedfd22bade2
com.gu.identity	identity-auth-core_2.12	4.19		316fb26b6a4fc537a321e85dc651b1fb8953a6fe
com.gu.identity	identity-auth-core_2.12	4.2		f2842f03ca1fd4359c15d10752906e7523276718
com.gu.identity	identity-auth-core_2.12	4.20		d83d6a09ce57cb07e74f4401f5e6506863c9d7e9
com.gu.identity	identity-auth-core_2.12	4.21		45ad65c4c90b1db68c9c62d2eb824228fef3f900
com.gu.identity	identity-auth-core_2.12	4.22		ed67f27a3c2016c1405eb701b3f4ba72ea29f812
com.gu.identity	identity-auth-core_2.12	4.23		af154d9ef3c341d8eb6348b222b3163b1beb3849
com.gu.identity	identity-auth-core_2.12	4.24		055c0660ffe850aa0989851ac12bd10e9baa0222
com.gu.identity	identity-auth-core_2.12	4.25		01f98d2c46dfe6ec2261f9a542a4a08d3773008e
com.gu.identity	identity-auth-core_2.12	4.3		454860183292d988c5cd0982a006bad163bc95f7
com.gu.identity	identity-auth-core_2.12	4.31		58505a8c42dadf1fe2310d98f2a6aa1f411fb624
com.gu.identity	identity-auth-core_2.12	4.32		a1612c9896ccb449015a698627f121f77a54b542
com.gu.identity	identity-auth-core_2.12	4.33		b6c7a4a82c4e228ebcab8cf162ec8586c9292e0f
com.gu.identity	identity-auth-core_2.12	4.34		418e39421d44269906162607a5091287d1c85ff9
com.gu.identity	identity-auth-core_2.12	4.35		1373b2058f1aa93fce1f7ca2d7894d323ebf85c6
com.gu.identity	identity-auth-core_2.12	4.35.0-PREVIEW.kcrelease.2024-10-11T1529.2dd6c209		8b1f29b348fac6599a8bd80ee101673ee61ac226
com.gu.identity	identity-auth-core_2.12	4.36		44c12c99d30d467704ca912be2b1eb9c06e5a855
com.gu.identity	identity-auth-core_2.12	4.37.0		529a0753a0a0c94a05c43eb83848228b2664e79c
com.gu.identity	identity-auth-core_2.12	4.37.0-PREVIEW.kcrelease.2024-11-01T1542.8fb4ec6a		0299981f4dca81532c19ae06e775943eab351e51
com.gu.identity	identity-auth-core_2.12	4.37.0-PREVIEW.kcrelease.2024-11-01T1610.49e661fb		f90dbcb184edbd54062d23e9b3ba66450ed714ab
com.gu.identity	identity-auth-core_2.12	4.37.0-PREVIEW.kcrelease.2024-11-01T1706.cfc667b5		b8c1930cd1aaf98dceb6b0014f037f7b5393cf6d
com.gu.identity	identity-auth-core_2.12	4.4		8ac3790d43170c3c56eed6a0c080f98fa83ff625
com.gu.identity	identity-auth-core_2.12	4.5		3755431f75fcfd958de24a908e8a44db8661120b
com.gu.identity	identity-auth-core_2.12	4.6		c210cffad721d98443235e581ae98e15664d8efd
com.gu.identity	identity-auth-core_2.12	4.7		8f289d54b490f15ea7d1bcf069cc56559d46d81b
com.gu.identity	identity-auth-core_2.12	4.8		c4ec8696acaa71994de38815b52edf6358b01ba1
com.gu.identity	identity-auth-core_2.12	4.9		4478b2ff14aab1c698fa88f3e4e51790d264c206
com.kitakkun.backintime	compiler-cli	2.0.0-0.0.1-alpha01		fea3b05c59a9042351f85f8bba05033316af6ecc
com.kitakkun.backintime	compiler-cli	2.0.0-0.0.1-alpha02		0dab9993dd1a40aa171ca16475ca141ab9bccfc2
com.kitakkun.backintime	compiler-cli	2.0.0-0.0.1-alpha03		1af6847d56817888ee1b089b71d842b613cc4712
com.kitakkun.backintime	compiler-cli	2.0.10-0.0.1-alpha01		9ce9a4f3465ab746c6a8f5a85a1ddfb07a0755c5
com.kitakkun.backintime	compiler-cli	2.0.10-0.0.1-alpha02		ff51867ce7f6bb14fbac4d58a9650839a711eaa1
com.kitakkun.backintime	compiler-cli	2.0.10-0.0.1-alpha03		82408241f4f20ac9191cd3f58a8f6fdd8bcf370c
com.kitakkun.backintime	compiler-cli	2.0.20-0.0.1-alpha01		e523bed80c72493e3fa940399badcf3bdeeddb2b
com.kitakkun.backintime	compiler-cli	2.0.20-0.0.1-alpha02		32f661df44127dc7ed3fc8f62827dfad263862b7
com.kitakkun.backintime	compiler-cli	2.0.20-0.0.1-alpha03		8c3749fc41375d0ed1a48911b632ef8a2b3e1d17
com.kitakkun.backintime	compiler-cli	2.0.21-0.0.1-alpha01		c41eb76dfc5d86d5ddd796666b76483f49889b9f
com.kitakkun.backintime	compiler-cli	2.0.21-0.0.1-alpha02		6748f670c5511b7b70ac8ec0aa103347b12292fa
com.kitakkun.backintime	compiler-cli	2.0.21-0.0.1-alpha03		69fd5f0356fc5ea3d67711cd892885cc490e2540
com.kitakkun.backintime	compiler-cli	2.1.0-0.0.1-alpha01		2bec5937cd44759eb15fd6d8633a94b64a2b125e
com.kitakkun.backintime	compiler-cli	2.1.0-0.0.1-alpha02		40802a1919340ffab7666905151a2c2c97e8c078
com.kitakkun.backintime	compiler-cli	2.1.0-0.0.1-alpha03		13a2e8481afa18e5df830342e9c337e338da44bb
com.kitakkun.backintime	compiler-cli	2.1.20-0.0.1-alpha03		e02ab27cedfc8bf71fcd990e66bd67ecb9bc8389
com.lihaoyi	pprint_sjs0.6_2.13.0-M5	0.5.4		2596b4b5f13c12b062797d6b7bec089a794bfdaa
com.okta.jwt	okta-jwt-verifier-impl	0.4.0		09321c02c341d7e2f9de7934151f3230d7ecd1e7
com.okta.jwt	okta-jwt-verifier-impl	0.4.1		ca538e84a13cf416dd9d6390bbcf87ea0604aa02
com.okta.jwt	okta-jwt-verifier-impl	0.5.0		d6cb3fdcb4ee886d79b8c482134d4cd55ab31e3c
com.okta.jwt	okta-jwt-verifier-impl	0.5.1		6821da3c288765b1e65592e4be655974ab8f20dc
com.okta.jwt	okta-jwt-verifier-impl	0.5.10		c67a1c4da43d9be7343d630aca3dcbc5acf8032b
com.okta.jwt	okta-jwt-verifier-impl	0.5.11		36ef5d9730c0aa640765c74949aecb15c722b0ec
com.okta.jwt	okta-jwt-verifier-impl	0.5.12		611cc50ed17ffe7a44873dee41f7d2ed07461d3a
com.okta.jwt	okta-jwt-verifier-impl	0.5.2		9d5d8fa96d2a307276ffad6bccba843f1754dcb3
com.okta.jwt	okta-jwt-verifier-impl	0.5.3		0517fb54b5fa857cad456e95878d538855d7bd4c
com.okta.jwt	okta-jwt-verifier-impl	0.5.4		6bebfb2f1ae4ef3cae986b98ecdd958eae866567
com.okta.jwt	okta-jwt-verifier-impl	0.5.5		eb90b4e577a50f8bc82e2cc9e8a21fe65fa20cc3
com.okta.jwt	okta-jwt-verifier-impl	0.5.6		05a888c5a5ab41395dc82af0d31b2de86993cf29
com.okta.jwt	okta-jwt-verifier-impl	0.5.7		075f2c5e42e8dc13f4e35e9b3343333864a6c8b4
com.okta.jwt	okta-jwt-verifier-impl	0.5.8		e28eb1f7c7b47982eee2c1f5411b67f51bb607f6
com.okta.jwt	okta-jwt-verifier-impl	0.5.9		0ddd5bb395e4566a4fc9dce25d75a1c96bc2999f
com.paoapps.fifi	fifi-framework-iosarm64	0.0.1		N/A
com.paoapps.fifi	fifi-framework-iosarm64	0.0.1	metadata	897ec50b4f0235311428087c56bbbc1fd6505ae1
com.paoapps.fifi	fifi-framework-iosarm64	0.0.10		N/A
com.paoapps.fifi	fifi-framework-iosarm64	0.0.10	metadata	aef7107dcb400e08542d466c395c50e1cb64b165
com.paoapps.fifi	fifi-framework-iosarm64	0.0.11		N/A
com.paoapps.fifi	fifi-framework-iosarm64	0.0.11	metadata	d82dc466d2dcf1d9ff37fc567ce09acb8634a76d
com.paoapps.fifi	fifi-framework-iosarm64	0.0.12		N/A
com.paoapps.fifi	fifi-framework-iosarm64	0.0.12	metadata	940fe724b6ca025ae7c96720df3e650ae859a95b
com.paoapps.fifi	fifi-framework-iosarm64	0.0.13		N/A
com.paoapps.fifi	fifi-framework-iosarm64	0.0.13	metadata	4b233807c51c8ed6719aa6a04cbf21cb505c8338
com.paoapps.fifi	fifi-framework-iosarm64	0.0.14		N/A
com.paoapps.fifi	fifi-framework-iosarm64	0.0.14	metadata	9d3c937e3eb405bcb38b4951bfc82f9adf526498
com.paoapps.fifi	fifi-framework-iosarm64	0.0.15		N/A
com.paoapps.fifi	fifi-framework-iosarm64	0.0.15	metadata	05c7ea17aa1075d776a7454e251de8a9d67ac773
com.paoapps.fifi	fifi-framework-iosarm64	0.0.16		N/A
com.paoapps.fifi	fifi-framework-iosarm64	0.0.16	metadata	af53d984c9f45daf496e9cae7152466b21652559
com.paoapps.fifi	fifi-framework-iosarm64	0.0.17		N/A
com.paoapps.fifi	fifi-framework-iosarm64	0.0.17	metadata	e0d88e23d1abc93161cbef4ebca57b6eeca975d6
com.paoapps.fifi	fifi-framework-iosarm64	0.0.18		N/A
com.paoapps.fifi	fifi-framework-iosarm64	0.0.18	metadata	2dfda6c63d9f7346566ab22a1d607e943c671cde
com.paoapps.fifi	fifi-framework-iosarm64	0.0.19		N/A
com.paoapps.fifi	fifi-framework-iosarm64	0.0.19	metadata	50e0a48830205ae286be34a5951b9bc2db836cbf
com.paoapps.fifi	fifi-framework-iosarm64	0.0.2		N/A
com.paoapps.fifi	fifi-framework-iosarm64	0.0.2	metadata	e636eaa70682dd58092802bb8ee6312e4269171e
com.paoapps.fifi	fifi-framework-iosarm64	0.0.20		N/A
com.paoapps.fifi	fifi-framework-iosarm64	0.0.20	metadata	bf8f336faa3eef67312f8e6349d9baac74d73d9f
com.paoapps.fifi	fifi-framework-iosarm64	0.0.21		N/A
com.paoapps.fifi	fifi-framework-iosarm64	0.0.21	metadata	4cbe09cc9c15ddf3a7d661ded3c379efd2251e55
com.paoapps.fifi	fifi-framework-iosarm64	0.0.23		N/A
com.paoapps.fifi	fifi-framework-iosarm64	0.0.23	metadata	2ca58d0d643ad489e4970e050d2609a75c80a248
com.paoapps.fifi	fifi-framework-iosarm64	0.0.24		N/A
com.paoapps.fifi	fifi-framework-iosarm64	0.0.24	metadata	fb5c6d2cb7dbc4669c69def9db66a9c12f15c411
com.paoapps.fifi	fifi-framework-iosarm64	0.0.25		N/A
com.paoapps.fifi	fifi-framework-iosarm64	0.0.25	metadata	7add45b9c3b01b5378805317c64c664eee41ac72
com.paoapps.fifi	fifi-framework-iosarm64	0.0.26		N/A
com.paoapps.fifi	fifi-framework-iosarm64	0.0.26	metadata	33ab241f285d856ee424fa5c454aeb368f027b42
com.paoapps.fifi	fifi-framework-iosarm64	0.0.27		N/A
com.paoapps.fifi	fifi-framework-iosarm64	0.0.27	metadata	1f711df652ea28208781cefbfdb69f06a3853ed3
com.paoapps.fifi	fifi-framework-iosarm64	0.0.28		N/A
com.paoapps.fifi	fifi-framework-iosarm64	0.0.28	metadata	077a040cf0946272e3eea7664f22757d69c31208
com.paoapps.fifi	fifi-framework-iosarm64	0.0.29		N/A
com.paoapps.fifi	fifi-framework-iosarm64	0.0.29	metadata	3427ef3fede13d92be9518a55c1527b684ebe1fb
com.paoapps.fifi	fifi-framework-iosarm64	0.0.3		N/A
com.paoapps.fifi	fifi-framework-iosarm64	0.0.3	metadata	4d6c4c771ae44694f232f0dfb08cc229bcf1285e
com.paoapps.fifi	fifi-framework-iosarm64	0.0.30		N/A
com.paoapps.fifi	fifi-framework-iosarm64	0.0.30	metadata	ef8a227fd967eff2d7f500020d600d6d45c20fdf
com.paoapps.fifi	fifi-framework-iosarm64	0.0.31		N/A
com.paoapps.fifi	fifi-framework-iosarm64	0.0.31	metadata	46ac4619f1a9df308f575bfc4889e227227af2cf
com.paoapps.fifi	fifi-framework-iosarm64	0.0.32		N/A
com.paoapps.fifi	fifi-framework-iosarm64	0.0.32	metadata	169e07a25c808b7fdc3f56930308d99847b6f400
com.paoapps.fifi	fifi-framework-iosarm64	0.0.34		N/A
com.paoapps.fifi	fifi-framework-iosarm64	0.0.34	metadata	fc16155f8b8999f3bbc0a29d81f0d48770fc5bcf
com.paoapps.fifi	fifi-framework-iosarm64	0.0.35		N/A
com.paoapps.fifi	fifi-framework-iosarm64	0.0.35	metadata	a63d9ee2e07b85e659c648fee7608e2db496b267
com.paoapps.fifi	fifi-framework-iosarm64	0.0.36		N/A
com.paoapps.fifi	fifi-framework-iosarm64	0.0.36	metadata	da61a937ba226d3fa166599aa47c9fc4ec72c25e
com.paoapps.fifi	fifi-framework-iosarm64	0.0.5		N/A
com.paoapps.fifi	fifi-framework-iosarm64	0.0.5	metadata	c381be7e1097e7c46eaca06624a95976efb0304c
com.paoapps.fifi	fifi-framework-iosarm64	0.0.6		N/A
com.paoapps.fifi	fifi-framework-iosarm64	0.0.6	metadata	7a37d4b6add266035e7a086fa46acf9f0321b5df
com.paoapps.fifi	fifi-framework-iosarm64	0.0.7		N/A
com.paoapps.fifi	fifi-framework-iosarm64	0.0.7	metadata	5e3acea7f67ae331c14634f9fae5b1b2abca5d7c
com.paoapps.fifi	fifi-framework-iosarm64	0.0.8		N/A
com.paoapps.fifi	fifi-framework-iosarm64	0.0.8	metadata	bc2fe8ab12ee5c51dcdfd239c85a877249d35f0e
com.paoapps.fifi	fifi-framework-iosarm64	0.0.9		N/A
com.paoapps.fifi	fifi-framework-iosarm64	0.0.9	metadata	d2053521b1535fc84421ff8a7c140a4ccce22355
com.soywiz.korlibs.korte	korte	2.0.7		d97fbf17d03fd8dbe91464b47f3486e7d63dbc8d
com.soywiz.korlibs.korte	korte	2.0.8		04bea04c27e8b74b89a90c6c787d810203bc3bc1
com.soywiz.korlibs.korte	korte	2.1.1		aa8103c0cd40aab7b8daa412d3c8aea7e0dfcc8b
com.soywiz.korlibs.korte	korte	2.2.0		1b9f886b22bcb204694c23416c66dd3003f39d55
com.soywiz.korlibs.korte	korte	2.3.0		4f39a5e525913cceb82148b73cac5ca3410ec103
com.soywiz.korlibs.korte	korte	2.3.0	all	326d5d448b31acb12cc63f89284220710755e3a7
com.soywiz.korlibs.korte	korte	2.3.0-M1		42a25109d942f01475527151e2c6cc8ea10eb6eb
com.soywiz.korlibs.korte	korte	2.3.0-M1	all	4bcdeaffa3ddb52ae751fa768ee92ac00f27e7f2
com.soywiz.korlibs.korte	korte	2.3.0-M2		1b16bb04b8ac887b5c7740a60a0e02969743ee81
com.soywiz.korlibs.korte	korte	2.3.0-M2	all	584cd5520f904b3e2f5cd71fd686cd45d1975eb2
com.soywiz.korlibs.korte	korte	2.3.0-M5		e9cfc9ce072dd0856f3a5f967ef3ccd06f61db1c
com.soywiz.korlibs.korte	korte	2.3.0-M5	all	88d1b84549d04cd7dcaa9ec5df58f8adeccf69b0
com.soywiz.korlibs.korte	korte	2.3.1		2b07bd4ab1b933da3a79ea030db0e2d2cd343d42
com.soywiz.korlibs.korte	korte	2.3.1	all	d64f8ba12f423e83f22c88104984181f93d731bd
com.soywiz.korlibs.korte	korte	2.3.2		56fc3bfb80e9a812b73b1175c691f77ab3c327a3
com.soywiz.korlibs.korte	korte	2.3.2	all	3a1c39b8955db680a03bbc30fc4fda86ec208692
com.soywiz.korlibs.korte	korte	2.3.3		3917056576eda01473b444b679b9d758cee15d27
com.soywiz.korlibs.korte	korte	2.3.3	all	faeabe2a5486018fa54f8947b5c0432b44c6f84a
com.soywiz.korlibs.korte	korte	2.3.4		70a750b4714c7ca5862dc8c2cab12b938d24e9e9
com.soywiz.korlibs.korte	korte	2.3.4	all	268b838dfad5aa2cf49c1b81d4ea88aa52a51606
com.soywiz.korlibs.korte	korte	2.4.0		3276877572a8c0431d269abc23402eaf43e9c27e
com.soywiz.korlibs.korte	korte	2.4.0	all	185bfc12119907d378284ff294c726865a9325a2
com.soywiz.korlibs.korte	korte	2.4.1		4f064ca76c07033e88f9a578a0be688ea919d7a0
com.soywiz.korlibs.korte	korte	2.4.1	all	f6d380a898a5f69f775ac6f31ad3e11b8456af65
com.soywiz.korlibs.korte	korte	2.4.10		cb7d1fe633894acc0653da379b99c20a312ff5e3
com.soywiz.korlibs.korte	korte	2.4.10	all	4269ec05066337bf2ffc2fb7f61a57c836a81a8b
com.soywiz.korlibs.korte	korte	2.4.11		651d1799f6efd5af21f9383104cab8af775f7889
com.soywiz.korlibs.korte	korte	2.4.11	all	a7c87aaff64fc8b6739e1e937857fba1c7d5363a
com.soywiz.korlibs.korte	korte	2.4.12		192fc8466dde8e14631e15c63c6e6303fe9887a2
com.soywiz.korlibs.korte	korte	2.4.2		53a1fd74175369a6c9a68b852589f7857e4df7fa
com.soywiz.korlibs.korte	korte	2.4.2	all	e303ca3bc08250d70b454a821f40311d0a289038
com.soywiz.korlibs.korte	korte	2.4.3		84d22ec0dcd64721081b73032cf8d6c3ca47e5d0
com.soywiz.korlibs.korte	korte	2.4.3	all	5072763c79fbad039fdb1ba2a713c9151cf79edb
com.soywiz.korlibs.korte	korte	2.4.4		9255f7b9c07483a5eab34e4de39f4eb46c4b937b
com.soywiz.korlibs.korte	korte	2.4.4	all	dff48bd6e07f85283beb4eea43f452e7b6307a64
com.soywiz.korlibs.korte	korte	2.4.5		a36e6e2362ee604cdf49880a3fd011d806ab2a6b
com.soywiz.korlibs.korte	korte	2.4.5	all	8d77095993b6ef3b0730f5055577e222ef3e54da
com.soywiz.korlibs.korte	korte	2.4.6		8e2e885916abcdb88ef63e4ea354f3fd25b6695e
com.soywiz.korlibs.korte	korte	2.4.6	all	ccaf7581198d454f344dd05a0d97594351e34751
com.soywiz.korlibs.korte	korte	2.4.7		659cf33fee895fe14fbdd52820084f006767652d
com.soywiz.korlibs.korte	korte	2.4.7	all	a86e4694e0f6a47b50906925422cbb8221183d02
com.soywiz.korlibs.korte	korte	2.4.8		ff7c824b8b27996d869b44ef7e2d50f60fe9f3c7
com.soywiz.korlibs.korte	korte	2.4.8	all	da55a4990be310094c5067958dbd48368e5559fa
com.soywiz.korlibs.korte	korte	2.4.9		4ca1d0e3e7f1ea3a1405534d97dc729a74b67a4a
com.soywiz.korlibs.korte	korte	2.4.9	all	403ee1f3a324da8da0b45c03aa077f897613eda1
com.soywiz.korlibs.korte	korte	2.5.0		62ad416108265451dee2940dfd8a396d43751d04
com.soywiz.korlibs.korte	korte	2.5.0	all	5634ec518889d007afdbe2ef6993a767893973f4
com.soywiz.korlibs.korte	korte	2.5.1		2a5529787be6cc38ac8d089b1a0280c0e5db9a67
com.soywiz.korlibs.korte	korte	2.5.1	all	046a5c17dfabb8ccf705a6c8a3f9512d7a460b32
com.soywiz.korlibs.korte	korte	2.5.2		270b0685c6eaa708f8326bcb669ac4e8b8434997
com.soywiz.korlibs.korte	korte	2.5.2	all	4d4c7ff8f1e7407d60e1d278a81da6f568f7e2fe
com.soywiz.korlibs.korte	korte	2.5.3		80f343d23379ef3d11555277cfb16600419f6ac5
com.soywiz.korlibs.korte	korte	2.5.3	all	5ec7f3d909293f65a0a2afe94f5f314104f02a1f
com.soywiz.korlibs.korte	korte	2.6.0		86b377bc512c1ffe144a4fa2e2051328eb63f35a
com.soywiz.korlibs.korte	korte	2.6.0	all	65d87e9c4b7dadedb07b30624a61a4ebb655724f
com.soywiz.korlibs.korte	korte	2.6.1		3ab680883ba92db8cc8e9e16f38069741fac01ef
com.soywiz.korlibs.korte	korte	2.6.1	all	2c6287efa5bd36b922069c22a437d35c79adf446
com.soywiz.korlibs.korte	korte	2.6.2		8ae37936d5c914fd7e65807f3bd37ced8b579cef
com.soywiz.korlibs.korte	korte	2.6.2	all	b39290e049be9d3d91298c4ed0c91356f0d6b9d7
com.soywiz.korlibs.korte	korte	2.6.3		74d7f06799dac8d2466b055d10cd9b46adbd8d36
com.soywiz.korlibs.korte	korte	2.6.3	all	4b52f7a065623a3f57e9534ffbaa14cd11822e9c
com.soywiz.korlibs.korte	korte	2.7.0		9770f75cb4d41f7dc0ab56784bbe870d7996f947
com.soywiz.korlibs.korte	korte	2.7.0	all	ea02cbce660b5f1d08c9891c2e8626d2486a7fc2
com.soywiz.korlibs.korte	korte	3.0.0		51727fdd99b9ba445999115707dd99322ce51dc4
com.soywiz.korlibs.korte	korte	3.0.0-Beta		6110857122f14ba8d7edf1a1913b72ac41aa9496
com.soywiz.korlibs.korte	korte	3.0.0-Beta2		7b2b5f2efb8aa1195f08971eb0c5c21a0a1b3b9c
com.soywiz.korlibs.korte	korte	3.0.0-Beta3		a961c18411d34f13e6418771f34cff310f35ebc4
com.soywiz.korlibs.korte	korte	3.0.0-Beta4		368501bb72f2f5b88c1b686b3e7226b2070afa69
com.soywiz.korlibs.korte	korte	3.0.0-Beta5		2895e41d92273a6d00c1a787a35d76fcca42d141
com.soywiz.korlibs.korte	korte	3.0.0-Beta6		51ea304a6fb78ffc95862cb9078840bde079eb61
com.soywiz.korlibs.korte	korte	3.0.0-Beta7		47cdd7e33cb91451e62ecd9543a79b4aa35228c3
com.soywiz.korlibs.korte	korte	3.0.1		d47fff413c7185478ed97616a9fa70b4fa86b0db
com.soywiz.korlibs.korte	korte	3.1.0		4f90c30519dff75ac6895925241e0b97c923765a
com.soywiz.korlibs.korte	korte	3.2.0		93728f21b6e68f9f4d4afb87081907059c476926
com.soywiz.korlibs.korte	korte	3.3.0		93728f21b6e68f9f4d4afb87081907059c476926
com.soywiz.korlibs.korte	korte	3.3.1		93728f21b6e68f9f4d4afb87081907059c476926
com.soywiz.korlibs.korte	korte	3.4.0		ffd5c3590f28a3b2f310c7ba452bd9e4d0a03ea2
com.soywiz.korlibs.korte	korte	4.0.0		67a6ae85f851775262089c82b07f8bbe0ba76cb5
com.soywiz.korlibs.korte	korte	4.0.0-alpha-1		ffd5c3590f28a3b2f310c7ba452bd9e4d0a03ea2
com.soywiz.korlibs.korte	korte	4.0.0-alpha-2		eef04e6cee978258b54bf150e0577015661f4be8
com.soywiz.korlibs.korte	korte	4.0.0-alpha-3		a712ea8dfab4e9b0d0dab29b1488f04cae254a41
com.soywiz.korlibs.korte	korte	4.0.0-alpha-4		100b6d9251ea1fb2c24907fb51fe0d232dc2c3e8
com.soywiz.korlibs.korte	korte	4.0.0-alpha-6		e887149e89ac79cc05041379df2f85e6a02cebad
com.soywiz.korlibs.korte	korte	4.0.0-beta		deef131759db58f8b991d31108ad05024c1dae11
com.soywiz.korlibs.korte	korte	4.0.0-beta2		7b75248257c9de7608defef0863bf4598638d498
com.soywiz.korlibs.korte	korte	4.0.0-beta3		7b75248257c9de7608defef0863bf4598638d498
com.soywiz.korlibs.korte	korte	4.0.0-rc		7b75248257c9de7608defef0863bf4598638d498
com.soywiz.korlibs.korte	korte	4.0.0-rc2		67a6ae85f851775262089c82b07f8bbe0ba76cb5
com.soywiz.korlibs.korte	korte	4.0.0-rc3		67a6ae85f851775262089c82b07f8bbe0ba76cb5
com.soywiz.korlibs.korte	korte	4.0.0-rc4		67a6ae85f851775262089c82b07f8bbe0ba76cb5
com.soywiz.korlibs.korte	korte	4.0.0-rc5		67a6ae85f851775262089c82b07f8bbe0ba76cb5
com.soywiz.korlibs.korte	korte	4.0.0-rc6		67a6ae85f851775262089c82b07f8bbe0ba76cb5
com.soywiz.korlibs.korte	korte	4.0.1		48054064406c9c16a0033dd9c41e2e158f60bb67
com.soywiz.korlibs.korte	korte	4.0.10		f81fb2a0770beea24d679a2b3243d86c8edf0c33
com.soywiz.korlibs.korte	korte	4.0.2		48054064406c9c16a0033dd9c41e2e158f60bb67
com.soywiz.korlibs.korte	korte	4.0.3		48054064406c9c16a0033dd9c41e2e158f60bb67
com.soywiz.korlibs.korte	korte	4.0.4-dev-1.9.20-2914		3cd7e65674b3a533ff251f42dd0e9566f576d63f
com.soywiz.korlibs.korte	korte	4.0.5		48054064406c9c16a0033dd9c41e2e158f60bb67
com.soywiz.korlibs.korte	korte	4.0.6		650ef3472c83e70efb5d1fcdf63c29b44f276d75
com.soywiz.korlibs.korte	korte	4.0.7		650ef3472c83e70efb5d1fcdf63c29b44f276d75
com.soywiz.korlibs.korte	korte	4.0.8		5946b0d374f0211acfac2023a051fa3780aaff5b
com.soywiz.korlibs.korte	korte	4.0.9		67515c2395921a1a87ba509df9c7fd9ec80b0c81
com.stripe	brushfire-training_2.11	0.7.3		594b1cef14224ee9554964cd46e55c52f24d6168
com.stripe	brushfire-training_2.11	0.7.4		b582afede17deeb19afb3faf765e8ac10366782e
com.stripe	brushfire-training_2.11	0.7.5		fa5bd49923f7e127b4d31a107164894cbb95ded9
com.stripe	brushfire-training_2.11	0.8.0		d0ab89cc076dab0ccdec67f0e6e51cf5a86b1d6b
com.xemantic.ai	anthropic-sdk-kotlin-linuxx64	0.12		N/A
com.xemantic.ai	anthropic-sdk-kotlin-linuxx64	0.13		N/A
com.xemantic.ai	anthropic-sdk-kotlin-linuxx64	0.15		N/A
com.xemantic.ai	anthropic-sdk-kotlin-linuxx64	0.17.0		N/A
com.xemantic.ai	anthropic-sdk-kotlin-linuxx64	0.17.1		N/A
com.xemantic.ai	anthropic-sdk-kotlin-linuxx64	0.18.1		N/A
com.xemantic.ai	anthropic-sdk-kotlin-linuxx64	0.18.2		N/A
com.xemantic.ai	anthropic-sdk-kotlin-linuxx64	0.19.0		N/A
com.xkyss	xkyss-jsql	1.24.1		9d99d01ef5f4b0661c740e536ce9cd57838dec80
com.yomahub	liteflow-script-common	2.6.0		b930e21894042c9a7cb2a7353b79e796d5e48aca
com.yomahub	liteflow-script-common	2.6.0-BETA1		ebd5d64ffc6f436eeb1f825b443153862310e6b8
com.yomahub	liteflow-script-common	2.6.1		f2e5655f06b1fe5b87d0ec6dd60a76c545ecd1bf
com.yomahub	liteflow-script-common	2.6.10		20f100f85d454d179d5f9428efd54cc9d54a1055
com.yomahub	liteflow-script-common	2.6.11		8c7c9e387b2957dde3f9e4794996c58844ad6bc1
com.yomahub	liteflow-script-common	2.6.12		89077015ce12ea1408a033c3f6e1612a7a6a9c7c
com.yomahub	liteflow-script-common	2.6.13		304db78ceab66246f2946b0fa18bab6650bebaa1
com.yomahub	liteflow-script-common	2.6.14		4854a1f2a2f1eda08e4d5b777ffb84710a859d40
com.yomahub	liteflow-script-common	2.6.2		b83f07029b059660a6a9c16ad4de201a9f1643f7
com.yomahub	liteflow-script-common	2.6.3		501a4b9c7c53447e36e2e0d4212c253f5cb71f09
com.yomahub	liteflow-script-common	2.6.4		72b716b891f96f37597b4dbcacfb71a920e9c00f
com.yomahub	liteflow-script-common	2.6.5		88ed117d5d68e4036267113d87e54e4a20cc8072
com.yomahub	liteflow-script-common	2.6.6-BETA		ae6e8591d0831dba062d3421676cf9243d7d9aec
com.yomahub	liteflow-script-common	2.6.7		c589de6e88e1e362756a80a89fc3d7710513b1e9
com.yomahub	liteflow-script-common	2.6.8		ad6f01be22e72e29c81962b311e54431e4f6dd91
com.yomahub	liteflow-script-common	2.6.9		9a8cca75f011093bfe3bf43f5e425426f23af67b
com.yomahub	liteflow-script-common	2.7.0		06ef968eb900bafa06e2cbeb287fa9b87e51d57c
com.yomahub	liteflow-script-common	2.7.1		6b07b35ad4d2d8a01ff9a67562d3e123a558ae12
com.yomahub	liteflow-script-common	2.7.2		dabd7c322410afce259e856b47aad2285cfe8a13
com.yomahub	liteflow-script-common	2.7.3		12abd1030e05f53949e0e352659a6b23a3ef8b46
com.yomahub	liteflow-script-common	2.8.0		7468b780ad00bcbf7f561daae8fcc480860e6d4c
com.yomahub	liteflow-script-common	2.8.1		d4b44c17903a801cb064181697b18877778ec583
com.yomahub	liteflow-script-common	2.8.2		446c3f753a513a0d38d222e06590938154d49e5c
com.yomahub	liteflow-script-common	2.8.3		f89c4d19c2d2eb9769f5de3bfd9fe15210bf172a
com.yomahub	liteflow-script-common	2.8.4		66ddbf6085c6515f0a279c975706fc0f48aea364
com.yomahub	liteflow-script-common	2.8.5		ede4012fdc65a1e4730acc8671394620ea3af3df
com.yomahub	liteflow-script-common	2.8.5-BETA		bfd9a96f0be4b00c2b0f541b1d7c71f3638d61cf
com.yomahub	liteflow-script-common	2.8.6-BETA		3efb88e80bd9f8a53a63eefe479976654d4d5200
dev.hnaderi	scala-k8s-http4s-blaze_2.12	0.11.0		87e734abed51ca75dc90ef86f116f1d3e369f564
dev.hnaderi	scala-k8s-http4s-blaze_2.12	0.11.1		e631e830fda632e3764702fb52f807932e2bf8ee
dev.hnaderi	scala-k8s-http4s-blaze_2.12	0.12.0		834b6ea7668c6139c671202e9de63a80f0b206d8
dev.hnaderi	scala-k8s-http4s-blaze_2.12	0.12.1		11d788a4e1ec54ce0a8334a199105a61a32e5209
dev.hnaderi	scala-k8s-http4s-blaze_2.12	0.13.0		055708e27e7ae8df09b74121a1700aedb152706f
dev.hnaderi	scala-k8s-http4s-blaze_2.12	0.13.1		47f931e29af5149248912bcfdc08927648b208e8
dev.hnaderi	scala-k8s-http4s-blaze_2.12	0.14.0		02e1882a7a818f88986bdf6b81735801bede8297
dev.hnaderi	scala-k8s-http4s-blaze_2.12	0.15.0		e45788d251bef738eff6ac5dba4045c109c45fdf
dev.hnaderi	scala-k8s-http4s-blaze_2.12	0.15.1		001d0d499053ed03a804f608ec07608b5326dda9
dev.hnaderi	scala-k8s-http4s-blaze_2.12	0.15.2		db595dcf3d128a0c3f93560d98cf812181b86c6d
dev.hnaderi	scala-k8s-http4s-blaze_2.12	0.15.3		2317f6bfd847976938df4bf530ac0d5230ddfaf3
dev.hnaderi	scala-k8s-http4s-blaze_2.12	0.16.0		456cb4910e2e95f0a7a8728a4df4f76a6ff927bd
dev.hnaderi	scala-k8s-http4s-blaze_2.12	0.16.1		419ee0b8a65085952e307ba1f3aa155350c59490
dev.hnaderi	scala-k8s-http4s-blaze_2.12	0.16.2		b12e6ddba3d90087aa97a009a0d0584a91b4a6c0
dev.hnaderi	scala-k8s-http4s-blaze_2.12	0.16.3		a526004a3b56e06525a20b1b92f785369b71762b
dev.hnaderi	scala-k8s-http4s-blaze_2.12	0.16.4		736604340e3b0ef178fd6c8bd7bb6d16a7cd8f7b
dev.hnaderi	scala-k8s-http4s-blaze_2.12	0.17.0		11f26e561152071b402fabdb75edba2fce79b788
dev.hnaderi	scala-k8s-http4s-blaze_2.12	0.18.0		a41044d92bd335ee897dbb998945a8e80b4cc6e7
dev.hnaderi	scala-k8s-http4s-blaze_2.12	0.19.0		da49d2bf70e08b4b7ef1ce0d2a4f31d8ec6b3064
dev.hnaderi	scala-k8s-http4s-blaze_2.12	0.20.0		f7d10b63a8b493c8002264d77cdc2c35ac959f57
dev.hnaderi	scala-k8s-http4s-blaze_2.12	0.20.1		2257ec66e8ab831b402997947af80e9cf6891484
dev.hnaderi	scala-k8s-http4s-blaze_2.12	0.20.2		c3e329d381a6b2d45bd46ef922d291b30234d970
dev.hnaderi	scala-k8s-http4s-blaze_2.12	0.20.3		f3aaa31215301c60c12bb3092eeefcdb39ad8d5d
dev.hnaderi	scala-k8s-http4s-blaze_2.12	0.21.0		f8099e0d0496650a1d750fc28f0dee5daf06de23
dev.hnaderi	scala-k8s-http4s-blaze_2.12	0.22.0		87d08d9204462ae2b51f6e12721d61dc32555369
dev.hnaderi	scala-k8s-http4s-blaze_2.12	0.23.0		c2862fb42e390e9149c234b77d67ab1963e54b62
dev.jordond.compass	autocomplete-geocoder-googlemaps-wasm-js	0.1.10		N/A
dev.jordond.compass	autocomplete-geocoder-googlemaps-wasm-js	1.0.0		N/A
dev.jordond.compass	autocomplete-geocoder-googlemaps-wasm-js	1.1.0		N/A
dev.jordond.compass	autocomplete-geocoder-googlemaps-wasm-js	1.2.0		N/A
dev.jordond.compass	autocomplete-geocoder-googlemaps-wasm-js	1.2.1		N/A
dev.jordond.compass	autocomplete-geocoder-googlemaps-wasm-js	1.2.2		N/A
dev.jordond.compass	autocomplete-geocoder-googlemaps-wasm-js	1.2.3		N/A
dev.jordond.compass	autocomplete-geocoder-googlemaps-wasm-js	1.2.4		N/A
dev.jordond.compass	autocomplete-geocoder-googlemaps-wasm-js	2.0.0		N/A
dev.jordond.compass	autocomplete-geocoder-googlemaps-wasm-js	2.0.1		N/A
dev.nokee.jni-library	dev.nokee.jni-library.gradle.plugin	0.1.0		N/A
dev.nokee.jni-library	dev.nokee.jni-library.gradle.plugin	0.2.0		N/A
dev.nokee.jni-library	dev.nokee.jni-library.gradle.plugin	0.3.0		N/A
dev.nokee.jni-library	dev.nokee.jni-library.gradle.plugin	0.4.0		N/A
dev.programadorthi.routing	compose	0.0.10		130b808a8d0aa640c59e7240d7589dd5f80d118a
dev.programadorthi.routing	compose	0.0.11		3c49e774a82d3d983217c49efb8e075c89660825
dev.programadorthi.routing	compose	0.0.12		d1ef6449b66d5261d0bc04c15c742f8e5ea976c9
dev.programadorthi.routing	compose	0.0.13		d713381afee918235ed3e0e657920e53ef5eda2e
dev.programadorthi.routing	compose	0.0.14		d713381afee918235ed3e0e657920e53ef5eda2e
dev.programadorthi.routing	compose	0.0.15		7e161cb78639df7bf0e8f345b31c13a70f20789d
dev.programadorthi.routing	compose	0.0.16		7e161cb78639df7bf0e8f345b31c13a70f20789d
dev.programadorthi.routing	compose	0.0.17		6a6567a3ef9bd00cea10de679a5255a0c71828bf
dev.programadorthi.routing	compose	0.0.18		6a6567a3ef9bd00cea10de679a5255a0c71828bf
dev.programadorthi.routing	compose	0.0.19		6a6567a3ef9bd00cea10de679a5255a0c71828bf
dev.programadorthi.routing	compose	0.0.20		6a6567a3ef9bd00cea10de679a5255a0c71828bf
dev.programadorthi.routing	compose	0.0.21		6a6567a3ef9bd00cea10de679a5255a0c71828bf
dev.programadorthi.routing	compose	2.0.0-alpha01		5e4c8fd5463312864b29d1f210a3ce8daa3d038e
dev.programadorthi.routing	compose	2.0.0-alpha02		5e4c8fd5463312864b29d1f210a3ce8daa3d038e
dev.programadorthi.routing	compose	2.0.0-alpha03		b3eaa4a19dd0611432b83c949822d10a5fecd5e1
dev.zio	root_2.13	0.2.6		66d50f431f7ab91bf319bd26d8e9cd9fdb21a589
dev.zio	root_2.13	0.2.7		11ac10db07f06d851d0a02585ec9db785a0acb71
dev.zio	root_2.13	0.2.8		6134175394a8b2609cfc08c9256bcda7270e6eeb
dev.zio	root_2.13	0.2.9-M01		f443ff18294ae80963b3dc032e602617c87a0277
dev.zio	root_2.13	0.3.0-M01		0d1144cc748162e2980c1080214e68ae1a77f2a0
dev.zio	root_2.13	0.3.0-M02		5a04f28ac6b698785e2ba6e297cb14482b3b15a2
dev.zio	root_2.13	0.4.0		ae8ac186eac9aa977576df7c6fa9f0632f70ac1d
dev.zio	root_2.13	0.5.0		4589950c7b42ba1ed71fc0b8ab2fd962c2d0efca
dev.zio	root_2.13	1.0.11		d31cd98e7b17fcd28b069eb45e9f4b9d675cfe44
dev.zio	root_2.13	1.0.12		dba8aed49a4e420d26d649ca30d135bf8e5f7d10
dev.zio	root_2.13	1.0.13		561ab7ee891c18bcee1b40bd5933e5cfc11e87f1
dev.zio	root_2.13	1.0.14		228b25897d8b33751bc51e30934e51853f97f15e
dev.zio	root_2.13	2.0.0		65348fca2ad5e40deecbd2e312419b993a7dea25
dev.zio	root_2.13	2.0.0-RC6		9b9d5f21cb22a471127c36c638ea905e752f7917
dev.zio	root_2.13	2.0.1		bd5e1b3af3504effc2226ea0043bc792f4a2a876
eu.codlab	kotlin-permissions-notifications-android	1.17.0-alpha1		N/A
hu.perit.spvitamin	spvitamin-spring-data	1.3.10-RELEASE		1f79288870c1c7dcb66c454a59e370a5955863fe
hu.perit.spvitamin	spvitamin-spring-data	1.3.11-RELEASE		0770f90cb9f6b285a7cf50b723efbb7481c009ba
hu.perit.spvitamin	spvitamin-spring-data	1.3.12-RELEASE		4dad1ffa338f434d1136870b34addfcb762200df
hu.perit.spvitamin	spvitamin-spring-data	1.3.13-RELEASE		82b6ba830185f8eb0324af7e9c41a0835b734c44
hu.perit.spvitamin	spvitamin-spring-data	1.3.4-RELEASE		e01abd29011bf98e30e54fe1101ec455b9111ba7
hu.perit.spvitamin	spvitamin-spring-data	1.3.5-RELEASE		c8008d6c67302582568185f9c963eb58a4539c57
hu.perit.spvitamin	spvitamin-spring-data	1.3.6-RELEASE		2222ddade753555a13304d533600151289c7042d
hu.perit.spvitamin	spvitamin-spring-data	1.3.7-RELEASE		7cc462cefd19359f05516782e8eac0c2b032b410
hu.perit.spvitamin	spvitamin-spring-data	1.3.8-RELEASE		1edf301f1045d9ad8c50e5f6850bc4a2128f900f
hu.perit.spvitamin	spvitamin-spring-data	1.3.9-RELEASE		fb352fb30a906729aca4ea43d564d75c61c08c95
hu.perit.spvitamin	spvitamin-spring-data	1.4.0-RELEASE		98753d9261225fe9f74283ec05b4ad8a78278ccd
hu.perit.spvitamin	spvitamin-spring-data	1.4.1-RELEASE		08adf9b100d651aee420641cd61483ab43958cf8
hu.perit.spvitamin	spvitamin-spring-data	1.4.2-RELEASE		ddea0bf2307a5d7b1331c9bf0a5aaa37cd3e7469
hu.perit.spvitamin	spvitamin-spring-data	1.5.0-RELEASE		31aea4dcebf08028866c3ee8de4db8e2e9c90aac
hu.perit.spvitamin	spvitamin-spring-data	1.6.0-RELEASE		90f99663db9b2f66e17966f7ef74d1df44221487
hu.perit.spvitamin	spvitamin-spring-data	1.7.0-RELEASE		b381fede3fd546510869ca12f94c300e59a94271
hu.perit.spvitamin	spvitamin-spring-data	1.7.1-RELEASE		8eb80771b7eccf9de265c415bb343661ac75c053
hu.perit.spvitamin	spvitamin-spring-data	1.7.2-RELEASE		94bb09a5578afab5d1476a6ff589cfc944d85477
hu.perit.spvitamin	spvitamin-spring-data	1.8.0-RELEASE		8a5a895151f9f9fec61a642776bd48fa91e644e2
hu.perit.spvitamin	spvitamin-spring-data	1.9.0-RELEASE		248c792fecb3502c88fe16a1e7bfc91ddf35e390
hu.perit.spvitamin	spvitamin-spring-data	1.9.1-RELEASE		f481d279e49fb2188220136085ec8dc39c0076e4
hu.perit.spvitamin	spvitamin-spring-data	2.0.0-RELEASE		N/A
hu.perit.spvitamin	spvitamin-spring-data	2.0.0-RELEASE	plain	09b3a3bbcc8bfb6f2b1e6d64ef9082caefc79817
hu.perit.spvitamin	spvitamin-spring-data	2.0.1-RELEASE		N/A
hu.perit.spvitamin	spvitamin-spring-data	2.0.1-RELEASE	plain	1cbbc86ad63ae90bd77601410f7d104574a00eee
hu.perit.spvitamin	spvitamin-spring-data	2.0.2-RELEASE		N/A
hu.perit.spvitamin	spvitamin-spring-data	2.0.2-RELEASE	plain	c27674be2d7eabec3561b93dfc51b743d1d91bbe
hu.perit.spvitamin	spvitamin-spring-data	3.0.4-1-RELEASE		N/A
hu.perit.spvitamin	spvitamin-spring-data	3.0.4-1-RELEASE	plain	fe734dd04a114cbb567a0376a6c9436fd205605f
hu.perit.spvitamin	spvitamin-spring-data	3.0.4-2-RELEASE		e61cfa58c4fb1a1689f8f8ad731d4e78e2bd7142
hu.perit.spvitamin	spvitamin-spring-data	3.0.4-3-RELEASE		9fb5eb7cfcbdaf7f0a43eaa33ff68e622f0ea44b
hu.perit.spvitamin	spvitamin-spring-data	3.0.4-4-RELEASE		46824a0e9bae1fa9c7faafa1f523d568300bea56
hu.perit.spvitamin	spvitamin-spring-data	3.0.4-5-RELEASE		3611b86f45dcf676ca23cd0f9e894e5a22035181
hu.perit.spvitamin	spvitamin-spring-data	3.1.5-1-RELEASE		4e2a640d2823aa773ecc867732f784362e3268e4
hu.perit.spvitamin	spvitamin-spring-data	3.1.5-2-RELEASE		c1f01e07df427ffd29e2c6e6cc9d01d746240ab3
info.javaspec	javaspec	0.4.0		192da3ebb3413c4ec6a108ef2aeb7894ed69c74c
info.javaspec	javaspec	0.4.1		04510b19141274ce63ebf487c3297728f0c52bde
info.javaspec	javaspec	0.4.2		ea3a00e5909236a895573b7f26745de1a7118fbb
info.javaspec	javaspec	0.5		3f1592b494444233ff4f89894736e1ecdaafcc25
info.javaspec	javaspec	1.0		N/A
info.javaspec	javaspec	1.0.1		N/A
io.dekorate	kubernetes-annotations	0.10.0		723b710e75b0b00e9892d368cf02d594736eb41f
io.dekorate	kubernetes-annotations	0.10.0	annotations	f4b3f2073541fe62b20da680d835c8898ab524b8
io.dekorate	kubernetes-annotations	0.10.0	noapt	0e4d03cb7c749a20ba0d14a9cebe9891bba4977e
io.dekorate	kubernetes-annotations	0.10.0	processors	ef0f283915a788735dbca3489c37fc6e27c506fb
io.dekorate	kubernetes-annotations	0.10.1		130b521c79584004b0b63411a8015a71644df80d
io.dekorate	kubernetes-annotations	0.10.1	annotations	4b566cc052b2f9477ebe000af80e41cf826f28f2
io.dekorate	kubernetes-annotations	0.10.1	noapt	27d23fd6aad5e74195f091a721838eb130671e76
io.dekorate	kubernetes-annotations	0.10.1	processors	617a2837785c5e97d99272961ab2fdddc6aee0d1
io.dekorate	kubernetes-annotations	0.10.10		431011e62ac6c1f2859f96464593cd7249e27089
io.dekorate	kubernetes-annotations	0.10.10	annotations	e4f8ecea37434e50fa8e1e833eed6a5bec63ccb3
io.dekorate	kubernetes-annotations	0.10.10	noapt	6861271994d6c225889e37442bef3941f5bb8f6d
io.dekorate	kubernetes-annotations	0.10.10	processors	8334a76ab755f45e3c76914311b5b8c5bfb2a875
io.dekorate	kubernetes-annotations	0.10.11		a1f76a341ed552f28a2c3b2dcde42bf2f727e385
io.dekorate	kubernetes-annotations	0.10.11	annotations	b85f6fc8a9f58789b3cced2aa870a3810376a997
io.dekorate	kubernetes-annotations	0.10.11	noapt	aae06f6b933be7d6e32fb306bd1af8b889360cdd
io.dekorate	kubernetes-annotations	0.10.11	processors	0c19e7da9ab50429afa8a1242f21b656b368517b
io.dekorate	kubernetes-annotations	0.10.2		c1d8799c171babc1af89ba71b01dcd053b7b7bf3
io.dekorate	kubernetes-annotations	0.10.2	annotations	f9fbbd84d59b06a97e19b9b8ce21fa36e254877a
io.dekorate	kubernetes-annotations	0.10.2	noapt	67e172e0375f7309916cf2a3b24ecd74c1c21790
io.dekorate	kubernetes-annotations	0.10.2	processors	fe0c9ae844dd63bc3e773e57c0fd183a8f954618
io.dekorate	kubernetes-annotations	0.10.3		f6cb5cc198291fe1da71ef205fb27a30c3c7185c
io.dekorate	kubernetes-annotations	0.10.3	annotations	f25221c8fede65b0a1e2d348a4ad01c1ed3c083b
io.dekorate	kubernetes-annotations	0.10.3	noapt	07ad46beaa3b26adb7238b9ef732c804eb0cb145
io.dekorate	kubernetes-annotations	0.10.3	processors	a8bc216a6110bd4f21839ca7cdf1a831589feb64
io.dekorate	kubernetes-annotations	0.10.4		9ade83aae17faa955030b9a2957658158a37ce58
io.dekorate	kubernetes-annotations	0.10.4	annotations	68da7e2f592d69ebbfba0d3f684c79e585f50d19
io.dekorate	kubernetes-annotations	0.10.4	noapt	f6370b1dedcdd1b4427c42ce09e22659ac062973
io.dekorate	kubernetes-annotations	0.10.4	processors	a784d6589712f5c4ac778b696a510d678f3db675
io.dekorate	kubernetes-annotations	0.10.5		18ee962e7d8a8b3e24e58fbaec595d0a36af4cc4
io.dekorate	kubernetes-annotations	0.10.5	annotations	8f76fc409a7801a6a403dc43f2ba5f66f9f6c4ce
io.dekorate	kubernetes-annotations	0.10.5	noapt	12694b24bd11a4fcfaa86eca861d9591fdbb9ef5
io.dekorate	kubernetes-annotations	0.10.5	processors	0fb89802f48f5574da10f3cbf10b53ea8b7e7af7
io.dekorate	kubernetes-annotations	0.10.6		2e956c277f685c0365c6bf39991551e9a7a072fa
io.dekorate	kubernetes-annotations	0.10.6	annotations	b82ac5fbc57ff12bf6d517239bfbf550848d4612
io.dekorate	kubernetes-annotations	0.10.6	noapt	0827cd2049cd8e20e9ee6d2a05c25008a496cf59
io.dekorate	kubernetes-annotations	0.10.6	processors	1e5b016b38ca2e24d4680343e6404d56dcc5056d
io.dekorate	kubernetes-annotations	0.10.7		7f6dec97efdea86a1848ac524ffa00d050371002
io.dekorate	kubernetes-annotations	0.10.7	annotations	951d3a28c85c036188c2b41eda4e349fb8f19a5b
io.dekorate	kubernetes-annotations	0.10.7	noapt	e8ce724982b8d2415e6bbe06d6b0f861e2c03d93
io.dekorate	kubernetes-annotations	0.10.7	processors	9f2c70ebd079e833643a2a9eae81ce2d7eb76878
io.dekorate	kubernetes-annotations	0.10.8		13dd89c0f77e2c9be3f844d493b6a91bbcf65ff1
io.dekorate	kubernetes-annotations	0.10.8	annotations	d91cde7978dc5a508353cdac749556db7c3da0d7
io.dekorate	kubernetes-annotations	0.10.8	noapt	407051e278b4d4483904628c015ac4870cc0af67
io.dekorate	kubernetes-annotations	0.10.8	processors	8c88421f210e7c8a6f8e88e0d4dcccd435f8c26b
io.dekorate	kubernetes-annotations	0.10.9		2dec973d6a35ba5d0e56543ed6a5e0aba59806d6
io.dekorate	kubernetes-annotations	0.10.9	annotations	8e11541c15cd5e5ec31e02dbb0ed6a7e80a8392f
io.dekorate	kubernetes-annotations	0.10.9	noapt	52a07e9ff411adf4873b1a1afc645739919f0c88
io.dekorate	kubernetes-annotations	0.10.9	processors	6cd264263bb98d7a1d96429e9fb7f5426a15eb35
io.dekorate	kubernetes-annotations	0.11.1		316092903ef1549ef966caa55e8058cfa9b6a9d9
io.dekorate	kubernetes-annotations	0.11.1	annotations	ef31c9212da52caa7495928420771bd5638fee5c
io.dekorate	kubernetes-annotations	0.11.1	noapt	d5d6a5e7a304931aa6d5c548a78af8e32950b75b
io.dekorate	kubernetes-annotations	0.11.1	processors	320575d9595b6a7251078b0029a4a907aa2c12ff
io.dekorate	kubernetes-annotations	0.11.2		a034773fa80480f8c70b92cf543b8cb2eef22e6c
io.dekorate	kubernetes-annotations	0.11.2	annotations	a54b55febdb155a968efcf9dc8a22fbd11a3b0ad
io.dekorate	kubernetes-annotations	0.11.2	noapt	4554995f0047794e30c9370eb6eadeb30f12d4bf
io.dekorate	kubernetes-annotations	0.11.2	processors	a3f5f024ae141f32c36279d48ea6bb8e08108071
io.dekorate	kubernetes-annotations	0.11.3		9cb7bdb463b424bab6f702f49140177abee6a9e0
io.dekorate	kubernetes-annotations	0.11.3	annotations	ef8b71d01de5ed0d160b132903b5abd288cf2aa7
io.dekorate	kubernetes-annotations	0.11.3	noapt	7fccee1c0cb040cea8fb0acee29efc65777f6603
io.dekorate	kubernetes-annotations	0.11.3	processors	04075fe21a4b1e54d89fc3a048406bcd6a7c92ed
io.dekorate	kubernetes-annotations	0.11.4		f3c1d72daa568c9da952203ec05943d0d2473e31
io.dekorate	kubernetes-annotations	0.11.4	annotations	4d936d6234a3a52dea8695ba78126ef0977169c4
io.dekorate	kubernetes-annotations	0.11.4	noapt	b8e14d75737b4b899158097ce4c4c27827891b4c
io.dekorate	kubernetes-annotations	0.11.4	processors	dc5f42d232f8eaa745833e6b0463e47f14fe67e1
io.dekorate	kubernetes-annotations	0.11.5		4c21e3610a2256e6ca193280806c5f405cffb813
io.dekorate	kubernetes-annotations	0.11.5	annotations	8e78381e04c0658582da3e3018ce155929e91a88
io.dekorate	kubernetes-annotations	0.11.5	noapt	cf99c00840e8590c44f678768ec3bdfe336de843
io.dekorate	kubernetes-annotations	0.11.5	processors	27aba4aea423b43efb235db60c7ad69669df078a
io.dekorate	kubernetes-annotations	0.11.6		1c6791e9ce7c63898d0be313efaa2b90618d17a6
io.dekorate	kubernetes-annotations	0.11.6	annotations	cfbb4d670e6f26b678137dedd2d9933d39ed1305
io.dekorate	kubernetes-annotations	0.11.6	noapt	71f19b3520bda87e9dbe2bd2348047ff4decad4c
io.dekorate	kubernetes-annotations	0.11.6	processors	845a2d2f1cfa191e65efc2fddf7fe08579614252
io.dekorate	kubernetes-annotations	0.11.7		b0f9deef4a9f2459e5a3199600b68ee3e381a076
io.dekorate	kubernetes-annotations	0.11.7	annotations	9616d1819e6a0a0028978a2bb3e2a43093b77778
io.dekorate	kubernetes-annotations	0.11.7	noapt	0def15229409627f5bb9a927da56284ce6e16b24
io.dekorate	kubernetes-annotations	0.11.7	processors	1b13fef05cf3b7e0910b7f52621320dfb536d72a
io.dekorate	kubernetes-annotations	0.11.8		8a4ba611f0bd6a5a18aeb630fd30f3fe64fb68d7
io.dekorate	kubernetes-annotations	0.11.8	annotations	7391fa1c99d947a3c50647570a4408b6b7c3c5bf
io.dekorate	kubernetes-annotations	0.11.8	noapt	2f647dc6591ff6064e02c43aa5ace750d1673b88
io.dekorate	kubernetes-annotations	0.11.8	processors	e4ade86e2c238845cd5852de1464925c2782ce03
io.dekorate	kubernetes-annotations	0.11.9		5e74627d414768f6f63e2c1b3e30ed679bf61a7a
io.dekorate	kubernetes-annotations	0.11.9	annotations	a03549dcdfe533a74949f85026b44c2bd8623058
io.dekorate	kubernetes-annotations	0.11.9	noapt	6208c9bcbc5d83071ead53e4dfc971aa799f66a9
io.dekorate	kubernetes-annotations	0.11.9	processors	cd316fb6d20417539107c6d00f80d5ae8f8a4921
io.dekorate	kubernetes-annotations	0.12.0		a895704d10666abd162ee1a138eea179fb627abc
io.dekorate	kubernetes-annotations	0.12.0	annotations	4212e568703c0342934585ef334619142941df97
io.dekorate	kubernetes-annotations	0.12.0	noapt	58586ba5a43bf85b149e95ee09f79ae9a7d79612
io.dekorate	kubernetes-annotations	0.12.0	processors	247b4abb2ff0625028fe830b5d63446b20fb1d70
io.dekorate	kubernetes-annotations	0.12.1		aebb4707669fa64a13b528dd01409765b7fc93fa
io.dekorate	kubernetes-annotations	0.12.1	annotations	bebd3f20013d4f32be1e18e75266617760aeffdc
io.dekorate	kubernetes-annotations	0.12.1	noapt	a4ffd0adc49c7e2c2d04b42352cabe3f38d29d64
io.dekorate	kubernetes-annotations	0.12.1	processors	e50b49e382f720a0c43273bf6f1d799265c1e6d3
io.dekorate	kubernetes-annotations	0.12.10		8d6d19452de5c175fd9d791e7c81214f8624e365
io.dekorate	kubernetes-annotations	0.12.10	annotations	966fa4b2e86840972c19b46e80167ceac0ab55ab
io.dekorate	kubernetes-annotations	0.12.10	noapt	309d953cea01674978dea69105617b5a8c6e27d1
io.dekorate	kubernetes-annotations	0.12.10	processors	b6c94c2621a22c29b57064b6aa16634833672ac8
io.dekorate	kubernetes-annotations	0.12.11		68edab6053f962ef0178905ba822c9697f51be2c
io.dekorate	kubernetes-annotations	0.12.11	annotations	3d57d39bddf887804b2ab71971871caca26f2050
io.dekorate	kubernetes-annotations	0.12.11	noapt	d4501be9ac3ed8ec31e4de6c09718952a25532bf
io.dekorate	kubernetes-annotations	0.12.11	processors	ade17c7e1e8421b2109b06caaf8c610a266954ce
io.dekorate	kubernetes-annotations	0.12.2		a60dafc7834ab8a3119988a0144dd81d1e8655a8
io.dekorate	kubernetes-annotations	0.12.2	annotations	643cb06c122755ec70c9ff6fe9e039211f105a68
io.dekorate	kubernetes-annotations	0.12.2	noapt	77b7896696889c9b85a70a642b35138e0563f927
io.dekorate	kubernetes-annotations	0.12.2	processors	6ee49fe88ff4a57637842eff87bf4bf8e4ef8ed1
io.dekorate	kubernetes-annotations	0.12.3		14ccdb6d832791a0fa665a625c53fb61e93eec19
io.dekorate	kubernetes-annotations	0.12.3	annotations	aa2aa4bac74bfd0624208f02b68c7c29b6a4ec67
io.dekorate	kubernetes-annotations	0.12.3	noapt	fa75580ee37c77c8281876308440b500fa80a3ee
io.dekorate	kubernetes-annotations	0.12.3	processors	148321096cc7f9b5239b8cf771fa1ca6b2715019
io.dekorate	kubernetes-annotations	0.12.4		469ec78cd7f270b4333a3f244a77ff051ebe7f70
io.dekorate	kubernetes-annotations	0.12.4	annotations	a7e149f233581da1677a1ede7723b7b01ce1f40e
io.dekorate	kubernetes-annotations	0.12.4	noapt	9d1295e2699bbb5daf46ed72bc8ecca6bd5f21f4
io.dekorate	kubernetes-annotations	0.12.4	processors	e6ac1fed34c8fe63296cea4c31f4088c37e6ae1e
io.dekorate	kubernetes-annotations	0.12.5		d76275b7e46920b1273d323192b195f9ef29b983
io.dekorate	kubernetes-annotations	0.12.5	annotations	fa5a8bbc6c38976db26c1edaa0baa3bee8a95acc
io.dekorate	kubernetes-annotations	0.12.5	noapt	bf39a1f87c354853c04ff5c9bfbdcebd3211b50a
io.dekorate	kubernetes-annotations	0.12.5	processors	0a9e2310254c095792be9d6c0f42c89c8795212c
io.dekorate	kubernetes-annotations	0.12.6		be2bcf34d3d38fb875d90d38dcdaa85781fce343
io.dekorate	kubernetes-annotations	0.12.6	annotations	1aac9d0aa9911877ea2248fc62fcdd89c93c11ad
io.dekorate	kubernetes-annotations	0.12.6	noapt	852aed3e11ddfbe70851ad6741dc8929f7f7f9ff
io.dekorate	kubernetes-annotations	0.12.6	processors	6fe9ba3f5a6b28e2a2c34e877c732be3dcccc593
io.dekorate	kubernetes-annotations	0.12.7		f54d1047350129c97f215f32e53b47a5656933b5
io.dekorate	kubernetes-annotations	0.12.7	annotations	6a3d4b21a89b24f2369c90bbe0a35b837745eabe
io.dekorate	kubernetes-annotations	0.12.7	noapt	632b6e7b16c8cb6c575d5f72941a941899dc10ae
io.dekorate	kubernetes-annotations	0.12.7	processors	5ca57876e03b43f4fa7eab0b114f62e87915c26b
io.dekorate	kubernetes-annotations	0.12.8		c5ee98ff97898a1913b540cc2f0fd7060eace215
io.dekorate	kubernetes-annotations	0.12.8	annotations	a6edf5915f99c54fe3d8abcc4fcae07e696a20bd
io.dekorate	kubernetes-annotations	0.12.8	noapt	bb87b4608435e9d5eb844a13a98d1c7a377555ea
io.dekorate	kubernetes-annotations	0.12.8	processors	dbd77522b925d871a02a7ab0075eefe531424a19
io.dekorate	kubernetes-annotations	0.12.9		df94a1d059dc80f2b8748606de8f42dfd3d7534d
io.dekorate	kubernetes-annotations	0.12.9	annotations	6d9aed05c4071933f6e90ebe56ff2193fc4d2df1
io.dekorate	kubernetes-annotations	0.12.9	noapt	d7f4b3ffdac8194d25f4187bafc5db1adbeedd62
io.dekorate	kubernetes-annotations	0.12.9	processors	27f2a57ca117e3183f83a39f3acf6c97aad04c1b
io.dekorate	kubernetes-annotations	0.13.0		f82ba132d72f2cfdf7e6727a525582b457868ec1
io.dekorate	kubernetes-annotations	0.13.0	annotations	821092403b613d7855df00b484082f6f7250883a
io.dekorate	kubernetes-annotations	0.13.0	noapt	c38cd82e7e462cc1b9d3bfb6bcc36029fdff8655
io.dekorate	kubernetes-annotations	0.13.0	processors	1f1e8a6a89be7fde7c8d5ae3c8625b41f0c2b9cf
io.dekorate	kubernetes-annotations	0.13.1		ede092ec0616d7da10fa29418fbd3ffe0789ae27
io.dekorate	kubernetes-annotations	0.13.1	annotations	770515a2c0ea305028e16b00bf63f32a520f21a6
io.dekorate	kubernetes-annotations	0.13.1	noapt	7bc1385fc52f8d820895677a51d25dc68e9b049f
io.dekorate	kubernetes-annotations	0.13.1	processors	6cfdce1bc15e4e4e315ef28f119dadeb032a5185
io.dekorate	kubernetes-annotations	0.13.2		66a81a713f60a1750f9e8763d872b971031544f2
io.dekorate	kubernetes-annotations	0.13.2	annotations	97589a229248f904c48d322bd179f4916e1d043c
io.dekorate	kubernetes-annotations	0.13.2	noapt	f1e470abe5f7bd27efc9e6b5c48f634383190fc2
io.dekorate	kubernetes-annotations	0.13.2	processors	28763131cd8624fe58b80886ab077b4f3b8c0c73
io.dekorate	kubernetes-annotations	0.13.3		b2f1bce5756b86afe53705e2141d353a1642b04e
io.dekorate	kubernetes-annotations	0.13.3	annotations	1f4b327275f92bc27192bfba5cf254296a920994
io.dekorate	kubernetes-annotations	0.13.3	noapt	94c6bb73c61e6741bd22d56e766ad6a87bc3f78b
io.dekorate	kubernetes-annotations	0.13.3	processors	76faeb4c7e3408884951b70ca7afaa1a7274ba09
io.dekorate	kubernetes-annotations	0.13.4		a03f52bc2f1abd77487969f6adb145ab3aeaafef
io.dekorate	kubernetes-annotations	0.13.4	annotations	c73c79d9321c295d9c15815875041487aea7898d
io.dekorate	kubernetes-annotations	0.13.4	noapt	9dcc5b2f3ebd302ef5ff61c1fe539578dc35cb13
io.dekorate	kubernetes-annotations	0.13.4	processors	11d14b16c02a86fe87bf8d219aad932ad1361dad
io.dekorate	kubernetes-annotations	0.13.5		d3510a6ff736e56baefd116e987f11246d77e813
io.dekorate	kubernetes-annotations	0.13.5	annotations	bdcc735e57112a9280c87febae6a945397ec02aa
io.dekorate	kubernetes-annotations	0.13.5	noapt	7a3372517715a121aaa41bfdf20e38c17f60233f
io.dekorate	kubernetes-annotations	0.13.5	processors	6f5dfc06701730ccd0ba8e02334740ccc349d4ef
io.dekorate	kubernetes-annotations	0.13.6		4f61c00b43ceb3344d446daf2e2b9d7b8f6d2573
io.dekorate	kubernetes-annotations	0.13.6	annotations	346d13abfb500a38ab45179102f948c31674e655
io.dekorate	kubernetes-annotations	0.13.6	noapt	794026a30ebb050360cafee9973e443e71ab52a8
io.dekorate	kubernetes-annotations	0.13.6	processors	9b70cd6be9ac37b13ad8dad5c2d36bc79a4b4728
io.dekorate	kubernetes-annotations	0.14.0		56c8ddf5bf8b7a3b4c37ba99bd83c010f79a15c1
io.dekorate	kubernetes-annotations	0.14.0	annotations	1396e147a7ed0ed53b747c4624fb372a78df9bc4
io.dekorate	kubernetes-annotations	0.14.0	noapt	22f328e80335172640c1808718d9b476558f9cca
io.dekorate	kubernetes-annotations	0.14.0	processors	70537623fa9c030a609129a2920f7a46273fe3b6
io.dekorate	kubernetes-annotations	0.14.1		62ade38e17b4cf13d1250b59c8e76025c6eed665
io.dekorate	kubernetes-annotations	0.14.1	annotations	4a91103dea802b61827d0cf208f2efcf1d80d00d
io.dekorate	kubernetes-annotations	0.14.1	noapt	407ecbfb4efff001a15866290b3ec89a73a61850
io.dekorate	kubernetes-annotations	0.14.1	processors	882acef6d9c2e4c9352d59b18826ffafd1f0dce4
io.dekorate	kubernetes-annotations	0.14.2		915caa05c9f3b53f70ffcec42fe95b979eb93397
io.dekorate	kubernetes-annotations	0.14.2	annotations	859d888abcacf48d57ab31124d88ba6400d65d07
io.dekorate	kubernetes-annotations	0.14.2	noapt	4fa0ab096e2cd96c85d7fd1a39e9b1fbeab405e9
io.dekorate	kubernetes-annotations	0.14.2	processors	de8deea43d9a5bd95fba7d063d221b781d758014
io.dekorate	kubernetes-annotations	0.14.3		3baa666407bbb44496e5edc0400dcb52f9558d30
io.dekorate	kubernetes-annotations	0.14.3	annotations	e4a14d7a042272c3b912387837f49d2a5f3146d8
io.dekorate	kubernetes-annotations	0.14.3	noapt	712d5312f4177bbfbace548b38ef88f81c24f9a9
io.dekorate	kubernetes-annotations	0.14.3	processors	f8ea267430526d644413db11c82cd587322840e3
io.dekorate	kubernetes-annotations	0.15.0		28960c001b552987d55e35f4d037b0de5cad9bd1
io.dekorate	kubernetes-annotations	0.15.0	annotations	087035e9976210f5d3956c6b955562f6a39db5a6
io.dekorate	kubernetes-annotations	0.15.0	noapt	a83deb546b4b5ccacb98efeb29ba8edb427a67cb
io.dekorate	kubernetes-annotations	0.15.0	processors	9ae07741cbdba73c17f5a06d69be384c0f74a8f2
io.dekorate	kubernetes-annotations	0.6.0		7016a9490700b25327107e7fffcc1afd33cb87a9
io.dekorate	kubernetes-annotations	0.6.0	annotations	802728cf2b190616526be7fd0e15d861cb031eb5
io.dekorate	kubernetes-annotations	0.6.0	noapt	58cc9fe719f0493b14cf635841ae6505b9ea8a5b
io.dekorate	kubernetes-annotations	0.6.0	processors	247f845c9a78fd9b87f7fff4a29f880a61f3ad7d
io.dekorate	kubernetes-annotations	0.6.1		961c4c3e7153be4a162be6cbd843100515b7d626
io.dekorate	kubernetes-annotations	0.6.1	annotations	06f13fd93175131ceb00d8be9b5583669701cbfc
io.dekorate	kubernetes-annotations	0.6.1	noapt	4707cfbea85707b3a9085158cb5111050c66e9ea
io.dekorate	kubernetes-annotations	0.6.1	processors	8a585f9663d9835c87fb93a0d66672ac2a6ef775
io.dekorate	kubernetes-annotations	0.7.1		558f7f56b866ed4a0e14558621f5aa55925ac483
io.dekorate	kubernetes-annotations	0.7.1	annotations	23c8162e6939039a34730a989423529badcc36d8
io.dekorate	kubernetes-annotations	0.7.1	noapt	9a8acb67f0bddf804f752d139f42b84b7789fb6d
io.dekorate	kubernetes-annotations	0.7.1	processors	2b8cd0c0a2f557fdacb72c94c6f21cd9bd66adad
io.dekorate	kubernetes-annotations	0.7.2		e4c2fff5b2dd0e99cf99a1994a3fab275fc3a215
io.dekorate	kubernetes-annotations	0.7.2	annotations	14acbd82e7f15f323497107bf28e1951417e0829
io.dekorate	kubernetes-annotations	0.7.2	noapt	5379a813837dde26e6141af98d53e47b6b09624c
io.dekorate	kubernetes-annotations	0.7.2	processors	de87b90c6f0cdd480526b66aa0468ec0cac422c2
io.dekorate	kubernetes-annotations	0.7.3		88c3e3bc98b769dd57bf2d0d763be8c2b5b8f67c
io.dekorate	kubernetes-annotations	0.7.3	annotations	d8028c172ffa0dbd5808b0e6d153dd85cfdf79dc
io.dekorate	kubernetes-annotations	0.7.3	noapt	f7909dbbe26813d494195065b8e20d2ed6ef3a9a
io.dekorate	kubernetes-annotations	0.7.3	processors	c63e33086b6f407c6bee5067e880698b006872f8
io.dekorate	kubernetes-annotations	0.7.4		119e4ff07a55d94ae8e2a477909efd274f895e41
io.dekorate	kubernetes-annotations	0.7.4	annotations	b65b198fc33fd595e363ae1cf78f4a366ee04cde
io.dekorate	kubernetes-annotations	0.7.4	noapt	95b4fc61f0e84cc2b6b804f7287b72244bc75b50
io.dekorate	kubernetes-annotations	0.7.4	processors	4c25ac9b75d8001528539a9ffea22389f845a29d
io.dekorate	kubernetes-annotations	0.7.5		fc450fc0fca942c3b5200157a055070ea8b81d98
io.dekorate	kubernetes-annotations	0.7.5	annotations	85f0ced1703b16b3e9d20fe8cf15c67e13e4f5a2
io.dekorate	kubernetes-annotations	0.7.5	noapt	d4dea95fc6198275fba4d464be6862f5074fd580
io.dekorate	kubernetes-annotations	0.7.5	processors	684a4dfb9739d3b1574355620692517f0a108559
io.dekorate	kubernetes-annotations	0.8.0		99266fd9f7afd5e4510f43ba51b204602e964c85
io.dekorate	kubernetes-annotations	0.8.0	annotations	5e1652f4b71ec905953f780e02b9c38786d7681d
io.dekorate	kubernetes-annotations	0.8.0	noapt	0a00db314166a98acead3af5e611a20d1fc3496e
io.dekorate	kubernetes-annotations	0.8.0	processors	16f981fa07a9e39a843b2bb5a216fdc2e2223f7b
io.dekorate	kubernetes-annotations	0.8.1		7bf9f7dd4679d9972d3fba9fdb85d71e819bc443
io.dekorate	kubernetes-annotations	0.8.1	annotations	e898bc7a013907af584376fc39e3822ccce931d1
io.dekorate	kubernetes-annotations	0.8.1	noapt	5c64b4f5523d7cf0dddc397bcf51a03ab8428991
io.dekorate	kubernetes-annotations	0.8.1	processors	00a32006caf17ddd024aeb991c3420f3ab37f962
io.dekorate	kubernetes-annotations	0.8.2		99c2bacdfd63bb9e0cb83b2b108d251744e26e2e
io.dekorate	kubernetes-annotations	0.8.2	annotations	2725a64f768bf78616f34d319d166a476f51dda3
io.dekorate	kubernetes-annotations	0.8.2	noapt	82b00e25029a766281381224122da1f8a5b27312
io.dekorate	kubernetes-annotations	0.8.2	processors	8bb8b4cdc5340978a62f4708d861e475f829fb19
io.dekorate	kubernetes-annotations	0.9.0		5c37713ac546ad10793394e72ce683b407c6662c
io.dekorate	kubernetes-annotations	0.9.0	annotations	577a5f65bd4e65d8b45c4fdfc01695032fd34d3b
io.dekorate	kubernetes-annotations	0.9.0	noapt	1fc0669f602e06f846cb71333caef3ccb7b6c462
io.dekorate	kubernetes-annotations	0.9.0	processors	b44ab765aff49b1d221fdbb907ac4ca0b12c3240
io.dekorate	kubernetes-annotations	0.9.1		7e012071123c4edc7beae5c789c9a431b76c6af4
io.dekorate	kubernetes-annotations	0.9.1	annotations	643f2e9e22587b8b6abb30ac54fd9cc20afac70c
io.dekorate	kubernetes-annotations	0.9.1	noapt	0cc63f8df2691eb51dad9a74221b9abc5f002b1f
io.dekorate	kubernetes-annotations	0.9.1	processors	6d4ffdf2cd8f8955779aa9b6cb03eab826878552
io.dekorate	kubernetes-annotations	0.9.2		0519b2daa538e0916aeab27457434419c1538abf
io.dekorate	kubernetes-annotations	0.9.2	annotations	bbf11c62e5f60db9f70ef3286a173f94ee70e5e8
io.dekorate	kubernetes-annotations	0.9.2	noapt	f5be6068620c15887e834dfbddebbf5bd335b517
io.dekorate	kubernetes-annotations	0.9.2	processors	0d6ffddd4d64ba03745c7e795095d932017d348a
io.dekorate	kubernetes-annotations	0.9.3		312506c2f196497a6cc5fb59eafb045b4f9cefe2
io.dekorate	kubernetes-annotations	0.9.3	annotations	470699781e8ca4eaf59e3df3204469bac82d4cd1
io.dekorate	kubernetes-annotations	0.9.3	noapt	cb1780610eb8bfd4bf754f390c3d0584a5e1a0b6
io.dekorate	kubernetes-annotations	0.9.3	processors	65891020a7140ed9105ad320a132d42e2f90f25a
io.dekorate	kubernetes-annotations	0.9.4		45ca0abe9384ea344e7f31a1da03f191bd677361
io.dekorate	kubernetes-annotations	0.9.4	annotations	02abff6ef0addab0728af745b30da7f8a298148f
io.dekorate	kubernetes-annotations	0.9.4	noapt	11a4bc3c167003946d7a9552a0acc8eb405db765
io.dekorate	kubernetes-annotations	0.9.4	processors	19beb24edd2169af031479833abc13fdcf5624b4
io.dekorate	kubernetes-annotations	0.9.8		5a77beccf1c98d00526e0ab5992f569dd9d1ecc5
io.dekorate	kubernetes-annotations	0.9.8	annotations	3395402f268261b3562ac3f9fdbf8a9074de2cff
io.dekorate	kubernetes-annotations	0.9.8	noapt	d84253a5fc8aa0ee26b723751733b77958a8fef9
io.dekorate	kubernetes-annotations	0.9.8	processors	42f7f8869efb8869572bc2333c2a4f0f4c3ce6be
io.dekorate	kubernetes-annotations	0.9.9		563e79234e5e3be704dbb3b99ecd7652c63b7817
io.dekorate	kubernetes-annotations	0.9.9	annotations	71ec6f7b5a3e32ecd78e37cd7b34a1c85ffe0f97
io.dekorate	kubernetes-annotations	0.9.9	noapt	b9562331a83f27583ad03f72cc2384e72c111ef9
io.dekorate	kubernetes-annotations	0.9.9	processors	573e3a18484ae3443e231c40ec4c3db1cdc1ad09
io.dekorate	kubernetes-annotations	1.0.0		55037490ae4c1b23667b42ea69a64afe6b5c05af
io.dekorate	kubernetes-annotations	1.0.0	annotations	b296cfec4269dd07101866d63e5d4c4a2f38a0d2
io.dekorate	kubernetes-annotations	1.0.0	noapt	b859cde4b27c56f6ae74fca055b5b23104f256a9
io.dekorate	kubernetes-annotations	1.0.0	processors	addeeedd69f4b7a502304607f18e4e69c2705879
io.dekorate	kubernetes-annotations	1.0.1		ffb8a42a412ef61dbb35cccffff495fe9a844c12
io.dekorate	kubernetes-annotations	1.0.1	annotations	00dbd0d3f814cdcdca997adf94fef5533daca3ff
io.dekorate	kubernetes-annotations	1.0.1	noapt	6b0bd9a6b1c9b19866310f25260a3b804a57c62c
io.dekorate	kubernetes-annotations	1.0.1	processors	c0a2830101857cdccf985194c1bf8bbfeacc2818
io.dekorate	kubernetes-annotations	1.0.2		4445ad4f3ae2aacd0a8f4d3a0d866b091d90e988
io.dekorate	kubernetes-annotations	1.0.2	annotations	c7f6125513275817858d22019e3bd172b51a4140
io.dekorate	kubernetes-annotations	1.0.2	noapt	471809554d98448660c506932cf65904b1db8dfb
io.dekorate	kubernetes-annotations	1.0.2	processors	cd80ae3ae3831a85c48f0df1657c52c0466456ec
io.dekorate	kubernetes-annotations	1.0.3		5915d54e408a07a7a2a1aa44b385895839a5a09e
io.dekorate	kubernetes-annotations	1.0.3	annotations	8094f469ac954e1efed193cf86788042fb24ccd3
io.dekorate	kubernetes-annotations	1.0.3	noapt	5eb748e9956ca7a35bf32bab2a1e673eb0fc1743
io.dekorate	kubernetes-annotations	1.0.3	processors	2492b2aa61b2b5ee511378937498be68cfa9d036
io.dekorate	kubernetes-annotations	2.0.0		687d210cffa127d9ff44e09679f40fc13f93559e
io.dekorate	kubernetes-annotations	2.0.0	annotations	69ee8d036fbdc79574d5c8a987dc8aed40264790
io.dekorate	kubernetes-annotations	2.0.0	noapt	9a40bed39dc2c323027b1067b4a01b3064281fe2
io.dekorate	kubernetes-annotations	2.0.0	processors	82641f87e14301a500e6708574961e0dd03f76fc
io.dekorate	kubernetes-annotations	2.0.0-alpha-1		b3913be108851c5c0254f8e134844ec51c24417c
io.dekorate	kubernetes-annotations	2.0.0-alpha-1	annotations	06e8aecaca16fd6fd6d259dfb6b1e0f8d357c973
io.dekorate	kubernetes-annotations	2.0.0-alpha-1	noapt	091ac2a90671e5bdefbae81d95097e8552e9e199
io.dekorate	kubernetes-annotations	2.0.0-alpha-1	processors	b722ed4b6f9d9b9487e361f1fcc116d0681c3f6e
io.dekorate	kubernetes-annotations	2.0.0.beta1		8e1c5848f922a53c37ec1c309fca61b578ec3d63
io.dekorate	kubernetes-annotations	2.0.0.beta1	annotations	bfd55f012f6714dc4e2085b16a01aeb2fc3b1fe2
io.dekorate	kubernetes-annotations	2.0.0.beta1	noapt	c7abf37b18ecdf0811dc59ef2bf0ff2b3e7aa656
io.dekorate	kubernetes-annotations	2.0.0.beta1	processors	a55af146fca8157c44827e4502b9aef3dd415be0
io.dekorate	kubernetes-annotations	2.0.0.beta2		33b330a0097ea56703addf8463109ab62d4c0318
io.dekorate	kubernetes-annotations	2.0.0.beta2	annotations	22cd3533e3d276e11db96c20939542fd8371b98a
io.dekorate	kubernetes-annotations	2.0.0.beta2	noapt	49978d40a2006ff622994a2aa61de3254e0e7012
io.dekorate	kubernetes-annotations	2.0.0.beta2	processors	d0b05ece28e3c7bd339b3a6cd05d0b67dfa7493a
io.dekorate	kubernetes-annotations	2.0.0.beta3		2ffe5233f1b7f856a7e85b512656bb1059998705
io.dekorate	kubernetes-annotations	2.0.0.beta3	annotations	4fe59a0691fc6292536d11a82e56dc6c863624c7
io.dekorate	kubernetes-annotations	2.0.0.beta3	noapt	67fd6f05e196eb0df35c42e5e8f611060c154239
io.dekorate	kubernetes-annotations	2.0.0.beta3	processors	8815cad1c01f58254879e782063d43bc7e2638c4
io.dekorate	kubernetes-annotations	2.0.0.beta4		e7f763dd2abeaa1a2bd7f4a3dd123c1a5f4917b3
io.dekorate	kubernetes-annotations	2.0.0.beta4	annotations	d265a7ff29bd67177afdb6789d877be729a6f052
io.dekorate	kubernetes-annotations	2.0.0.beta4	noapt	ca4ca938f908382697b15e2f6b0d2f8c2bac08bc
io.dekorate	kubernetes-annotations	2.0.0.beta4	processors	f4f3533e0c4e1add408d2aa6fc02d859a40db3e0
io.dekorate	kubernetes-annotations	2.0.0.beta5		b10d2ed48047ef1c166033fdacd64877a8ac372f
io.dekorate	kubernetes-annotations	2.0.0.beta5	annotations	c7d1faa8213a14c6e4edb2a24d315f1bd56c8ca5
io.dekorate	kubernetes-annotations	2.0.0.beta5	noapt	54513b9d3c02ac0bc8f5a84721fc7eb1efab56e9
io.dekorate	kubernetes-annotations	2.0.0.beta5	processors	304600434665342bf5701b67bad8ea852977f7c7
io.dekorate	kubernetes-annotations	2.0.0.beta6		e7badd8443dc54ea0dae9fd77ce715026f1bd8c2
io.dekorate	kubernetes-annotations	2.0.0.beta6	annotations	446db2c1142d07dd321d0c9b96560e754d255350
io.dekorate	kubernetes-annotations	2.0.0.beta6	noapt	f6925ab15e64b8c2916d77b61f5ff0867fee7976
io.dekorate	kubernetes-annotations	2.0.0.beta6	processors	41c3697497c1a84c0f6384294940de1c0de044f5
io.dekorate	kubernetes-annotations	2.0.0.beta7		5b0909d670bff85f08a8b0afaf6aaa4fe5655d3e
io.dekorate	kubernetes-annotations	2.0.0.beta7	annotations	381f7ec6c7006c0480619a3de51d235feda053bc
io.dekorate	kubernetes-annotations	2.0.0.beta7	noapt	9e97f11c48eeb1951d171bb9b1968778f33b582f
io.dekorate	kubernetes-annotations	2.0.0.beta7	processors	c9b6b24011b548664dd7bd194d28f0bee4191b39
io.dekorate	kubernetes-annotations	2.0.0.beta8		852651d39eda8a51d276ed60d56cc70e453214d6
io.dekorate	kubernetes-annotations	2.0.0.beta8	annotations	aaf55b4dbf9d12cc12beb903d91f01acd459d7db
io.dekorate	kubernetes-annotations	2.0.0.beta8	noapt	9131a43ed08b24e26f3c9a95ebc04a5c4e200d02
io.dekorate	kubernetes-annotations	2.0.0.beta8	processors	668f2363c77f62a36e87727b621120b9ac2284a9
io.dekorate	kubernetes-annotations	2.0.0.rc-1		7ba3c13215b63dd90ddbcc70c381e6bf3a83d668
io.dekorate	kubernetes-annotations	2.0.0.rc-1	annotations	74a03c022f3f470de76c53730d6c4191f3d952b4
io.dekorate	kubernetes-annotations	2.0.0.rc-1	noapt	39aadde187795de88007ce262f06f3a9fe1bbd88
io.dekorate	kubernetes-annotations	2.0.0.rc-1	processors	31f049d2e1f5e26d30fa3276841e018920cff12f
io.dekorate	kubernetes-annotations	2.1.0		9a15dfa07bd27bb6c8b555a4697e1bf9f3ceda45
io.dekorate	kubernetes-annotations	2.1.0	annotations	d0d43a6081f95f8dd2bc6b5d139fb3592959fc19
io.dekorate	kubernetes-annotations	2.1.0	noapt	8690cade5cdc91e624fe1d95413e933f57b585cb
io.dekorate	kubernetes-annotations	2.1.0	processors	a24b2704856d6c63db677048920d16d521f1965f
io.dekorate	kubernetes-annotations	2.1.1		2fab369458b4c431281fd91427d2f4f4adadad4e
io.dekorate	kubernetes-annotations	2.1.1	annotations	00df192986f5612257ed450ed68d8c6631853e47
io.dekorate	kubernetes-annotations	2.1.1	noapt	03cb971b577f0bed682b17dfb1a55444c3046326
io.dekorate	kubernetes-annotations	2.1.1	processors	1e572dada15799f4db2cd205f48bdebd6296c9f9
io.dekorate	kubernetes-annotations	2.1.2		dcd54b9c192c02035357e21c9ba221b04ad414be
io.dekorate	kubernetes-annotations	2.1.2	annotations	b8578724d590e53f5fc1179606ed41c6d7abe2bd
io.dekorate	kubernetes-annotations	2.1.2	noapt	1ed55cf184350aedbb47f11e3580928ad987ab14
io.dekorate	kubernetes-annotations	2.1.2	processors	039202df25225042a3e50c44ac808b03a894e063
io.dekorate	kubernetes-annotations	2.1.3		1e1666c4a1ee27f73f54172f81367b1762cb3021
io.dekorate	kubernetes-annotations	2.1.3	annotations	642cb9eec3e0872b7fee7aef2351937c2d81ec6f
io.dekorate	kubernetes-annotations	2.1.3	noapt	907c5ffd139428deece1422d4d0f505a641a42ad
io.dekorate	kubernetes-annotations	2.1.3	processors	1fd97b93ab0207aab6518d9d319dddeddbea401b
io.dekorate	kubernetes-annotations	2.1.4		6b78cfa71153170906cf36df00ee0923bf4e0c25
io.dekorate	kubernetes-annotations	2.1.4	annotations	c632a7fb2c3278b48feeafd76afa01871033de34
io.dekorate	kubernetes-annotations	2.1.4	noapt	d35e480360f9266de38e4dcbd5859240b388c64b
io.dekorate	kubernetes-annotations	2.1.4	processors	cdbcd1847d8f5823eb72646fe6f1f189cbd09963
io.dekorate	kubernetes-annotations	2.10.0		035c6c3337d92f86bb9a15e1bb6d6d462e006605
io.dekorate	kubernetes-annotations	2.10.0	annotations	39a01bdd0be4504261b74d01cbe5d43075c0b909
io.dekorate	kubernetes-annotations	2.10.0	noapt	fd9619072e894223127c3037cbfebb97dac68b6b
io.dekorate	kubernetes-annotations	2.10.0	processors	4bfc5873dc7ef855e69e7087199877116b1ca6dc
io.dekorate	kubernetes-annotations	2.11.0		ff33af5daa6abbd91a93798e63900e40bd2d4f62
io.dekorate	kubernetes-annotations	2.11.0	annotations	02e9c20b46e6c25b67f310b30b092b5f903b1ea3
io.dekorate	kubernetes-annotations	2.11.0	noapt	3cc9608cb06172b114e61a1971c8fbab54c19704
io.dekorate	kubernetes-annotations	2.11.0	processors	9ac10f0a1cf64ab4e69b4494d01f773da164e33b
io.dekorate	kubernetes-annotations	2.11.1		57db61bcbce0feb0e8156164c30d67180ebedfad
io.dekorate	kubernetes-annotations	2.11.1	annotations	c74943339817fe4cd7d2ceab8fe7168d39fda25f
io.dekorate	kubernetes-annotations	2.11.1	noapt	7a8daad3e2faddfc9b46c52f784afeffbcdd1ee4
io.dekorate	kubernetes-annotations	2.11.1	processors	7eebd0b40418da5a27122b56146110de2a191724
io.dekorate	kubernetes-annotations	2.11.2		9676e4868cc8ffd756b4e393ce1e7df2366730c2
io.dekorate	kubernetes-annotations	2.11.2	annotations	c8d686bf9758e0165c7f9513625192447bcf9121
io.dekorate	kubernetes-annotations	2.11.2	noapt	bc162976a51e0ed4934bd9668343cfa9335e0b14
io.dekorate	kubernetes-annotations	2.11.2	processors	0fc42d3e3fd61b622229786e992c6fb3940949ae
io.dekorate	kubernetes-annotations	2.11.3		15f30b118976209053e2a584bd7a5f86e6613d4a
io.dekorate	kubernetes-annotations	2.11.3	annotations	dd4c666b02506c3b0d0bba96cd5ee5a5dea60e2a
io.dekorate	kubernetes-annotations	2.11.3	noapt	3285cde5d8d3ed0d7f883e0ba2ffbdbcf824deb4
io.dekorate	kubernetes-annotations	2.11.3	processors	db88c5324d5dd0b140435471b301688e4ad99f00
io.dekorate	kubernetes-annotations	2.11.4		cb530adbf2f143fcab8d7f3400697a79033cd0ee
io.dekorate	kubernetes-annotations	2.11.4	annotations	eab707ca1198d116227959330c3fe6872eeb1d32
io.dekorate	kubernetes-annotations	2.11.4	noapt	0359b2546c1fc5ffa8d3a865b28d73fff6e26ba7
io.dekorate	kubernetes-annotations	2.11.4	processors	317d1a56d0ce3e716660ef5cfbd52e90546a8ce9
io.dekorate	kubernetes-annotations	2.11.5		6f09bf2e3efd3de3167e92679bd75835d7d7b5a6
io.dekorate	kubernetes-annotations	2.11.5	annotations	7231f60119e3ea163a535ff462ee7930c90b9eb6
io.dekorate	kubernetes-annotations	2.11.5	noapt	34696ec513ac5370e985db30daa8ed73a5e26117
io.dekorate	kubernetes-annotations	2.11.5	processors	5f62ac6df5d407a4f4381609074ec76ae307994b
io.dekorate	kubernetes-annotations	2.11.6		5f3d30c309f3f5e6d80ca783bf84531094b2f3b2
io.dekorate	kubernetes-annotations	2.11.6	annotations	4714b0dd17c806c891153e4a3db97960a034b97a
io.dekorate	kubernetes-annotations	2.11.6	noapt	ff4ca3c9f5af08431a6fe6707e73944a57829576
io.dekorate	kubernetes-annotations	2.11.6	processors	89087afaf421136e686b7bf2c13bfd8b43e19d8a
io.dekorate	kubernetes-annotations	2.2.0		5105a7bffa43c9c1d05362545bce0b089500c366
io.dekorate	kubernetes-annotations	2.2.0	annotations	0d91fee71485767d55cc29515fc991bd78963666
io.dekorate	kubernetes-annotations	2.2.0	noapt	9b0f67c142d6d3731889e7e8fed2cd127d8f6dee
io.dekorate	kubernetes-annotations	2.2.0	processors	890067dd33c39828c3d466b7125c678aabebaec0
io.dekorate	kubernetes-annotations	2.2.1		003d7a8476a1c68ceaf08d991a57c14cc1ee2f2a
io.dekorate	kubernetes-annotations	2.2.1	annotations	b6e7012e2a29e19dfb43e02198c1fe215eda5925
io.dekorate	kubernetes-annotations	2.2.1	noapt	07e5876af50112c2273e394b2ee7d386d5fdd141
io.dekorate	kubernetes-annotations	2.2.1	processors	bd9a18a99695927cb2650816b6c2d7ff2e57f129
io.dekorate	kubernetes-annotations	2.2.2		408c6dca45a9a654a6db0799cb56a4e6ea3f754e
io.dekorate	kubernetes-annotations	2.2.2	annotations	cf53d59e10f475f6f35431825d16f997e76a9293
io.dekorate	kubernetes-annotations	2.2.2	noapt	eb52bb569e880c21a8ff7696aa560473c3735e21
io.dekorate	kubernetes-annotations	2.2.2	processors	9d7067c717c15c2c1a5e2a072529a5a5b77a41ba
io.dekorate	kubernetes-annotations	2.3.0		29ac62453aa052c4a0eb91525107e5bf6eb3bd9e
io.dekorate	kubernetes-annotations	2.3.0	annotations	8eb2d67b52e436502d2c484f1afa2f914b440405
io.dekorate	kubernetes-annotations	2.3.0	noapt	d9383073dbb542f4798ce194ac545b6210ffbf33
io.dekorate	kubernetes-annotations	2.3.0	processors	9582ef464f97ed7c3a931bbc4dc8fb304e0c5349
io.dekorate	kubernetes-annotations	2.3.1		2aa596ca21e5735d774d33ac52736ad40cadd07d
io.dekorate	kubernetes-annotations	2.3.1	annotations	076090f833839e6dd2fe6194776aebd7cd29dc8b
io.dekorate	kubernetes-annotations	2.3.1	noapt	cf69ab4a463a731aaf914830337f8da940555513
io.dekorate	kubernetes-annotations	2.3.1	processors	2b3108d0181825a594e608a365533dcd625ef3f5
io.dekorate	kubernetes-annotations	2.3.2		0e4e98c9a9fb2577eb8b8117651e7c8ba4a01d80
io.dekorate	kubernetes-annotations	2.3.2	annotations	b886090f9873a68b03248b4621c7e11de2ee6b67
io.dekorate	kubernetes-annotations	2.3.2	noapt	fbb53135fef8b25538cc38dc6f503ae190d1ea44
io.dekorate	kubernetes-annotations	2.3.2	processors	4148ce376e039326669848db49b2f5e45369661f
io.dekorate	kubernetes-annotations	2.3.3		26069afdf400c0dc83605dbc6f87a8621ac876c4
io.dekorate	kubernetes-annotations	2.3.3	annotations	771ca60ce07f5c7cfdca8ff2b778ccc9c66a076d
io.dekorate	kubernetes-annotations	2.3.3	noapt	82f1517fa5512b537effd453c252f4d2766a91cf
io.dekorate	kubernetes-annotations	2.3.3	processors	24de675270636e4dbca273fb9d9355b300725fe3
io.dekorate	kubernetes-annotations	2.4.1		8f2b276d7eea762fe57382b804c94887dd93f31a
io.dekorate	kubernetes-annotations	2.4.1	annotations	7d8a80fc77d63c523a3d347992dcd91a32e7b590
io.dekorate	kubernetes-annotations	2.4.1	noapt	a02a823468d0806b71ac1894c14ce10a7cee3ace
io.dekorate	kubernetes-annotations	2.4.1	processors	875b84e61f81247e99cf110a4a71ab022d39b3e6
io.dekorate	kubernetes-annotations	2.5.0		a7bfb5e7b50c0f545333df5f713ec3153517343f
io.dekorate	kubernetes-annotations	2.5.0	annotations	f76bd5c60c4fd1ab61e85623c70fd135a412f3a8
io.dekorate	kubernetes-annotations	2.5.0	noapt	8a4381bb068e483062fa89f062e0d54638a6983f
io.dekorate	kubernetes-annotations	2.5.0	processors	b4c793f0582e9a06d79b1ac7cbe8d0ad8cd65898
io.dekorate	kubernetes-annotations	2.6.0		0875896a653e63e0e76fc97583222fe94428f1a4
io.dekorate	kubernetes-annotations	2.6.0	annotations	9ae5516eb10418230497632979d6dfe6385083e6
io.dekorate	kubernetes-annotations	2.6.0	noapt	d935ecf6407908d7d34b70d3c0de568c9863ea18
io.dekorate	kubernetes-annotations	2.6.0	processors	08c0ddb63d8ea3c0d3727449d632184b178b7358
io.dekorate	kubernetes-annotations	2.7.0		c0e806c8747944e5d9c8483aebfb9f87c3899b4c
io.dekorate	kubernetes-annotations	2.7.0	annotations	090e2cab8238a3c540e9fb4235cf14d285efb503
io.dekorate	kubernetes-annotations	2.7.0	noapt	3a28f316ae4187d4491f1be0cbb6a96672618ad4
io.dekorate	kubernetes-annotations	2.7.0	processors	27257f82a01a1e6c41edaed012fe753532f4aed8
io.dekorate	kubernetes-annotations	2.8.0		efc61ec99b805a1139b368e4de3d0f1892287702
io.dekorate	kubernetes-annotations	2.8.0	annotations	92472a9fcd9a273103e010e06c9257a5a303abe0
io.dekorate	kubernetes-annotations	2.8.0	noapt	cfd73f93584c9bad74d764d6fda4af41fb219990
io.dekorate	kubernetes-annotations	2.8.0	processors	d34c4e51237c086198451b5364be642b8ab02633
io.dekorate	kubernetes-annotations	2.8.1		8705b58ed6a865679cdebe059646e136a40655e5
io.dekorate	kubernetes-annotations	2.8.1	annotations	dd9e9a80d43a28dd41344318e847dcaf15b7877c
io.dekorate	kubernetes-annotations	2.8.1	noapt	016932dc64a2050ebb6c0edae892d55250417dcb
io.dekorate	kubernetes-annotations	2.8.1	processors	90e899fb13fd6bfa67496a710e69704f664204da
io.dekorate	kubernetes-annotations	2.9.0		9ed884412baec715dd6929415b87cf2aff2b1fb9
io.dekorate	kubernetes-annotations	2.9.0	annotations	afa73381628a87d1d50df00f55001ae637b5eee1
io.dekorate	kubernetes-annotations	2.9.0	noapt	413cab020ba5391aa7205de62312d24b40c264f3
io.dekorate	kubernetes-annotations	2.9.0	processors	f99dd83304c717f840119c9aa2e604f18f49b7d6
io.dekorate	kubernetes-annotations	2.9.1		8b801b1636398274770d0a0996a760ec60b4bdcd
io.dekorate	kubernetes-annotations	2.9.1	annotations	bc9a8dcbeb071642f54a1da9ba75aca3b1492de2
io.dekorate	kubernetes-annotations	2.9.1	noapt	c7899d942b0d7f5b2bed8a36c358132050c93e51
io.dekorate	kubernetes-annotations	2.9.1	processors	7f8d4fcd4b947c67f99ec61ad5168561ee85de9f
io.dekorate	kubernetes-annotations	2.9.2		a320fd4217654e4beff1934e48bc4f804b6d2443
io.dekorate	kubernetes-annotations	2.9.2	annotations	bf44627a8d90f9a1fd3deda9c623c68ab50619f0
io.dekorate	kubernetes-annotations	2.9.2	noapt	6b4c8931803eb3e933dc89d05c39558932bdf898
io.dekorate	kubernetes-annotations	2.9.2	processors	f34ca8ad806a664ed2415f4f1905ebb9515ec0db
io.dekorate	kubernetes-annotations	2.9.3		b8e5e92a4b9bc9ded6e25e7736370f4724e4e12c
io.dekorate	kubernetes-annotations	2.9.3	annotations	d4fe41ae71023a232ed7425ab94c7253929cf533
io.dekorate	kubernetes-annotations	2.9.3	noapt	e8e51a30b569ed07c6f960c79d772b69d2a96ea4
io.dekorate	kubernetes-annotations	2.9.3	processors	668e685483b586b59f04d311b8b441ff4446a7e1
io.dekorate	kubernetes-annotations	3.0.0		f6a968cbb7611498a72d49bbbf1f5b808b7e43ae
io.dekorate	kubernetes-annotations	3.0.0	annotations	f83af0ec5b64bc097b23187812ad97cd1eb6b730
io.dekorate	kubernetes-annotations	3.0.0	noapt	44523b86744a0db814e52cddc9a32962a42138fe
io.dekorate	kubernetes-annotations	3.0.0	processors	e25b4315c8b3ad18c5459d1463969f00a34308c4
io.dekorate	kubernetes-annotations	3.0.1		818e1fb5640a13b6bc861cffab778207b07fc7cd
io.dekorate	kubernetes-annotations	3.0.1	annotations	c1c4954f4b743570b007f769cfb74d756fcb40af
io.dekorate	kubernetes-annotations	3.0.1	noapt	0c171a25cc56af079ff4945698dcad226fa30023
io.dekorate	kubernetes-annotations	3.0.1	processors	1ab3b0cf36dbebfe41d80d195b01e2ee055a506d
io.dekorate	kubernetes-annotations	3.0.2		d695e1cf2dc79ccfba2d0632d882e442e4234f15
io.dekorate	kubernetes-annotations	3.0.2	annotations	9c97955903bd7ed2065f74385ba5cdf6185aa482
io.dekorate	kubernetes-annotations	3.0.2	noapt	0f80aa3a265d2f5d1f3991dfafc42aa07a3e8dde
io.dekorate	kubernetes-annotations	3.0.2	processors	9c9dc141456c681d3a99871960622159cd34e11c
io.dekorate	kubernetes-annotations	3.1.0		e0e274fef4e27a6def97608f45814c8a6cdcca3a
io.dekorate	kubernetes-annotations	3.1.0	annotations	ba0d09fbd2b25a85bf746772e74a7826ea1c5d5f
io.dekorate	kubernetes-annotations	3.1.0	noapt	873686755bdaa2101f3a8b4ceec2e57e0c6973ed
io.dekorate	kubernetes-annotations	3.1.0	processors	12ba404dcefab8b0ea21319078d7cbbba7b73cdc
io.dekorate	kubernetes-annotations	3.1.1		0a1a83e3b12ac0b32aa87f8c7947bce46e5ec91c
io.dekorate	kubernetes-annotations	3.1.1	annotations	ab99f08853324fc6e3f600c035df184cd7d926c9
io.dekorate	kubernetes-annotations	3.1.1	noapt	2d0d8f6529215b0b798523e791fb12bbfdc4031f
io.dekorate	kubernetes-annotations	3.1.1	processors	aca8fc48a37f7ccd4891b7c262c3eb2e5ee200b7
io.dekorate	kubernetes-annotations	3.1.2		e6c4391167c0b84f85e00ba8f5ea3f77f4393797
io.dekorate	kubernetes-annotations	3.1.2	annotations	8b4943489826b779fa66a419872b4f4ae1fe6e1e
io.dekorate	kubernetes-annotations	3.1.2	noapt	1a5a5ae0d7e75600865a477996944859df18cdbb
io.dekorate	kubernetes-annotations	3.1.2	processors	ca24959e34002e2f07e469d4f0ddfe8fe1f9be4e
io.dekorate	kubernetes-annotations	3.1.3		697976d14c78bf401ad0c0750554cb385f41bd38
io.dekorate	kubernetes-annotations	3.1.3	annotations	4fed30bfbede5d9ea8a9745ec35e3596a749966e
io.dekorate	kubernetes-annotations	3.1.3	noapt	19a842285ae7b215cdc18e0abb39ed3c0ec02abf
io.dekorate	kubernetes-annotations	3.1.3	processors	376d80696a5b9e431e434bb9e3f7b2796a00f383
io.dekorate	kubernetes-annotations	3.2.0		999776eb255824610f03f6ae2b62879f162252cf
io.dekorate	kubernetes-annotations	3.2.0	annotations	8558657b1ab6eb7688b17a57c658cc23bdb11088
io.dekorate	kubernetes-annotations	3.2.0	noapt	0efa3cf77ba6510abff0edae94e23a144686dff9
io.dekorate	kubernetes-annotations	3.2.0	processors	e656d3f2380bfb9d81e9e5d18d92264820b84e68
io.dekorate	kubernetes-annotations	3.2.1		afe873c10103c02b0b336c1cd246ce3f3030f12e
io.dekorate	kubernetes-annotations	3.2.1	annotations	d15504bd3941142408ca358a1f2a4648c35fc390
io.dekorate	kubernetes-annotations	3.2.1	noapt	9f977f07fd489f4d3310b387fc599a54abc81b1b
io.dekorate	kubernetes-annotations	3.2.1	processors	4deb61cec8a3c5d7f69eaa5bb74cca426ed8dc10
io.dekorate	kubernetes-annotations	3.3.0		544433d59211e4978008fa411b16a67fd1f68729
io.dekorate	kubernetes-annotations	3.3.0	annotations	1fb6805f6d39a307f6a7a37c14895b3af086d6e1
io.dekorate	kubernetes-annotations	3.3.0	noapt	375efdf37558ca2c6ae9595f6f49b357f58ad392
io.dekorate	kubernetes-annotations	3.3.0	processors	582044f8cd20f908651aa3a675b95422e7c1baef
io.dekorate	kubernetes-annotations	3.3.1		0f6806cec5c3b6cbb4a41b0cb28edc88af368967
io.dekorate	kubernetes-annotations	3.3.1	annotations	37f71fcafa3cf9658423f7aedd20f4812c998f02
io.dekorate	kubernetes-annotations	3.3.1	noapt	10210e2b6e28d2027c7659b8bddf6a6242b4d4d8
io.dekorate	kubernetes-annotations	3.3.1	processors	fddee5088a1cd92f69e3741a2f8f2c7cba1bab6c
io.dekorate	kubernetes-annotations	3.4.0		c5e56eac89ebdf6f64a6305c5b99ffa9e8d46c2f
io.dekorate	kubernetes-annotations	3.4.0	annotations	f2a641eb31b06d7a84b211a8e486196d52b4174c
io.dekorate	kubernetes-annotations	3.4.0	noapt	05c88bd61588c0fe554e9fa0062470c0fbfda720
io.dekorate	kubernetes-annotations	3.4.0	processors	85b168cede46370d4841868c84e5827f50b95e92
io.dekorate	kubernetes-annotations	3.4.1		bb65fb905d2074ab577d1b51ea53306ed5d406ab
io.dekorate	kubernetes-annotations	3.4.1	annotations	5ad2043e9dbb43db40a96fa107a9b7bad7ad887e
io.dekorate	kubernetes-annotations	3.4.1	noapt	83d712421c17fcdf4c679f04ddb468c14a546e96
io.dekorate	kubernetes-annotations	3.4.1	processors	4de403c5f2f0bb4802e2c8cd54879390ea95f88e
io.dekorate	kubernetes-annotations	3.5.0		293e651e40981aa059d567b1c4eea66975c9d73a
io.dekorate	kubernetes-annotations	3.5.0	annotations	2b1191090cecb26eb28acbf85fee94e47b6f53e9
io.dekorate	kubernetes-annotations	3.5.0	noapt	c8daf44cf3124da794b4758c66e9bc49ab481735
io.dekorate	kubernetes-annotations	3.5.0	processors	2063cae89731590df73886cb4899401088322c91
io.dekorate	kubernetes-annotations	3.5.1		0b0ee0009aae166ab5b8dd838e615e45a4e518de
io.dekorate	kubernetes-annotations	3.5.1	annotations	f42cfc2f607bf9fc19f726c31f9b03464949e838
io.dekorate	kubernetes-annotations	3.5.1	noapt	8ca14f2a4eef9343d7730acab36d88f70e3c32cc
io.dekorate	kubernetes-annotations	3.5.1	processors	224c0cdc342114a5e983810f897173df78fed1e4
io.dekorate	kubernetes-annotations	3.5.2		9f125203f9cb000e0961a79fc61f73b41c75c2f5
io.dekorate	kubernetes-annotations	3.5.2	annotations	d1f3d4c2951e7826ab9f37ec16ab108e959e7be1
io.dekorate	kubernetes-annotations	3.5.2	noapt	74d50b7b6b1211579f2b1dbed0c24a0fcf9dda6b
io.dekorate	kubernetes-annotations	3.5.2	processors	27293ff355ada96b0b89cb9c540797a4545bb496
io.dekorate	kubernetes-annotations	3.5.3		2de71ef05f7d2922422f31dfdc51d76817630f47
io.dekorate	kubernetes-annotations	3.5.3	annotations	9de6056dc36a94291a36288bf949f967376ff025
io.dekorate	kubernetes-annotations	3.5.3	noapt	96c740bc1747724fb1fb1719f3ee76c223282043
io.dekorate	kubernetes-annotations	3.5.3	processors	0d6950f3c248c1856aa87feed7cacb4886cec6d1
io.dekorate	kubernetes-annotations	3.5.4		b8088b4968db5cfc1e1cb430881d2e58a341ee06
io.dekorate	kubernetes-annotations	3.5.4	annotations	a434c1ce81ebbb01c7d57dbb344c252708c99c0b
io.dekorate	kubernetes-annotations	3.5.4	noapt	d4ce14e61aff0b2bf316f519961e56e307187693
io.dekorate	kubernetes-annotations	3.5.4	processors	c9e8674d3113e75d560f53c3328c8f0648c3a6b3
io.dekorate	kubernetes-annotations	3.5.5		b3128a005bfc57a58f63b2fa95f1db689a6a15a7
io.dekorate	kubernetes-annotations	3.5.5	annotations	5fafef603b3fa76be0c907a4cd24ccef9b7cd017
io.dekorate	kubernetes-annotations	3.5.5	noapt	6116dccbac2c532d436ea63fd8694b5d6349ed08
io.dekorate	kubernetes-annotations	3.5.5	processors	1b19d5a38ff301bae94b0b71dfbc159899a46f62
io.dekorate	kubernetes-annotations	3.6.0		a84bb6d45a73484dbcffa55b8d1b1fe58518966f
io.dekorate	kubernetes-annotations	3.6.0	annotations	fb44160f61683b7c67ec102eda5dd5c5bb520bcf
io.dekorate	kubernetes-annotations	3.6.0	noapt	d989ba791dce03a1808aef9a6217547d37861d20
io.dekorate	kubernetes-annotations	3.6.0	processors	f631bc0da1cf5ba548756dd319bc47b4c3ac056f
io.dekorate	kubernetes-annotations	3.6.1		a5c06793dbc24adf1ac4fdb519b2f1ea454dfd8d
io.dekorate	kubernetes-annotations	3.6.1	annotations	3143148f65e5d47cb7fc53b9d517501503a8505c
io.dekorate	kubernetes-annotations	3.6.1	noapt	b3b54712f24bf1d03b69bcd00b8eac2593809c2d
io.dekorate	kubernetes-annotations	3.6.1	processors	9668db7c9dde13a37860b68dc10da62dcc6d540e
io.dekorate	kubernetes-annotations	3.7.0		727d8daaf5707e5e5c3a26414c0f4a4ab01c688b
io.dekorate	kubernetes-annotations	3.7.0	annotations	6c99b44ec44191acbb0f4f7b9126bf3c61f19abb
io.dekorate	kubernetes-annotations	3.7.0	noapt	abc87a352650c6fb96994dd6613591c5f8c6c8f4
io.dekorate	kubernetes-annotations	3.7.0	processors	5c16330ded7367d04c9a75e46dbd2d99896fa215
io.dekorate	kubernetes-annotations	3.7.3		7ce3ee48693c270dd8f4cb4db0602778809e1907
io.dekorate	kubernetes-annotations	3.7.3	annotations	72e4411b12be3d8f78e8f308e462d0f31dfab9f0
io.dekorate	kubernetes-annotations	3.7.3	noapt	5b2f2f1922e9da4d7f9d6888114deb5d0f8421de
io.dekorate	kubernetes-annotations	3.7.3	processors	24beb33200fe2e0dcdef2eee758fb8e3d39e70b5
io.dekorate	kubernetes-annotations	3.7.4		a968e9a146cf5ae1418b317426864acd679a07a2
io.dekorate	kubernetes-annotations	3.7.4	annotations	cb4aa362aa97777c3cb16f778506642200ff3dd4
io.dekorate	kubernetes-annotations	3.7.4	noapt	b23d539c1b88d36a997c9f2fea32971b0cb2abe2
io.dekorate	kubernetes-annotations	3.7.4	processors	39f57c1af943970f568881dad5cc2d21ef7ad765
io.dekorate	kubernetes-annotations	3.7.5		3c81a54b2c5b5d931e37ef8187533bc72abad939
io.dekorate	kubernetes-annotations	3.7.5	annotations	6696afbfdcc4ab5cc0cfb871af38e3bdaab3fc7e
io.dekorate	kubernetes-annotations	3.7.5	noapt	bf019743e7ca9a1ded45bcb2f6066916d948a37f
io.dekorate	kubernetes-annotations	3.7.5	processors	c7de27a7fed983314309a806fa0e9ed85ba8c658
io.dekorate	kubernetes-annotations	3.7.6		26be5161303f332100b89d755ef71ae631662085
io.dekorate	kubernetes-annotations	3.7.6	annotations	c6a49914e330cfb316a75c4301395094d16f9192
io.dekorate	kubernetes-annotations	3.7.6	noapt	d42aa84d8b7f23bf6ba87849d3d6f0ec96c2eeae
io.dekorate	kubernetes-annotations	3.7.6	processors	5bf65be5d2a40f488e1d6ff9ae659915f0b8cdf8
io.dekorate	kubernetes-annotations	4.0.0		4d6228495c8e81348a83abea69ca91993a48e182
io.dekorate	kubernetes-annotations	4.0.0	annotations	67385287a7228c7c03728e42c01ca40640c1b95c
io.dekorate	kubernetes-annotations	4.0.0	noapt	c97af90f6e5f379e0209872628e6cd38945ec35f
io.dekorate	kubernetes-annotations	4.0.0	processors	a8a707cacef5cc36b5a1fc45ad9ad63d9e97d170
io.dekorate	kubernetes-annotations	4.0.1		2c349a9a9ef99289cf724e63270aeff5bd6e0de7
io.dekorate	kubernetes-annotations	4.0.1	annotations	b4be0b0dce3bcc018574ec2ebdf2970ee676b12f
io.dekorate	kubernetes-annotations	4.0.1	noapt	7f0db9d34a645d48455bbc5eea62ad2dba70a4cf
io.dekorate	kubernetes-annotations	4.0.1	processors	3e12ec359e66aab47fb37443a4d943069569db8f
io.dekorate	kubernetes-annotations	4.0.2		703727c97f936862b91bd624493badb2aa0eaae9
io.dekorate	kubernetes-annotations	4.0.2	annotations	a88d6ad421b7c3b8c5cca435a100cce4443063c9
io.dekorate	kubernetes-annotations	4.0.2	noapt	adf15fe71b2fa1655301381f40ebac70d3c54e98
io.dekorate	kubernetes-annotations	4.0.2	processors	74ba9e5e97f91fd3737489865933b56ea8365004
io.dekorate	kubernetes-annotations	4.0.3		93ff6a8a5684f04fdf7b17503aaa8996cfa2d683
io.dekorate	kubernetes-annotations	4.0.3	annotations	ca3b31ee221bd3dd2176d6dc008393f8a3853c64
io.dekorate	kubernetes-annotations	4.0.3	noapt	6e3efe8957cff678f9b25125176c66c6f2e57956
io.dekorate	kubernetes-annotations	4.0.3	processors	0aad64a174351f574549558fb60102cf5c2bf468
io.dekorate	kubernetes-annotations	4.1.0		263d95f83cc0e8b6f7a853bd5ab91f3fe877d831
io.dekorate	kubernetes-annotations	4.1.0	annotations	a1ca940e5eccf26a587cb77228e657bc55a0a801
io.dekorate	kubernetes-annotations	4.1.0	noapt	860caf6775d50ffff72c244978e9d9f1932d575a
io.dekorate	kubernetes-annotations	4.1.0	processors	ce79e74da8a0e74ffcf5dfd36d31d3da0408d4da
io.dekorate	kubernetes-annotations	4.1.1		ad36f261e338b4b16f2b54bd9aa3234f783558fa
io.dekorate	kubernetes-annotations	4.1.1	annotations	9b805ebabd826918a71aa14bb66831bad24e735c
io.dekorate	kubernetes-annotations	4.1.1	noapt	186be1f5488ac1c22115b6d6629c9102f4567b76
io.dekorate	kubernetes-annotations	4.1.1	processors	c6641d3bd61b4248660f30cf48df25c2322b559e
io.dekorate	kubernetes-annotations	4.1.2		305d12d959aeccbfa327edc44af3150ade48b2c3
io.dekorate	kubernetes-annotations	4.1.2	annotations	b44c7c816eb6c92b2db2cee8aaf71d966535947d
io.dekorate	kubernetes-annotations	4.1.2	noapt	d6b1444ce43d5bed402021bb96d8e363d2a6356f
io.dekorate	kubernetes-annotations	4.1.2	processors	a089fa61d479fb4388a444e5b134ec6d9b8d0176
io.dekorate	kubernetes-annotations	4.1.3		38ead52857f2df96127626371f8982de1ea29261
io.dekorate	kubernetes-annotations	4.1.3	annotations	8c693b40ba130e0ea9cae70f9b9643126c16f209
io.dekorate	kubernetes-annotations	4.1.3	noapt	7d51af8bef1b398923a360b47ed2e7274e1f3b19
io.dekorate	kubernetes-annotations	4.1.3	processors	52b2bbf8361522dec474532d77f7ac33084d6213
io.dekorate	kubernetes-annotations	4.1.4		d0dd9b40277b684996ad1a6e7ba1989e63326d68
io.dekorate	kubernetes-annotations	4.1.4	annotations	672639ce873d240afad283b8bc75f18716699e69
io.dekorate	kubernetes-annotations	4.1.4	noapt	a54846ff827df3b1c7e41d24ffb3592415f90c3d
io.dekorate	kubernetes-annotations	4.1.4	processors	2a0dcd2962e7718e84f171b6564212a8438eb34c
io.github.Caratacus	mybatis-plus-annotation	1.0.9		f8c4ffde31ff85cf13eb6d06d7d7ac201574cce9
io.github.Caratacus	mybatis-plus-annotation	1.2.1		2a744b82546ab2c41a23a877d2504f18e5c803a9
io.github.Caratacus	mybatis-plus-annotation	1.2.2		f045bc3df56d13b6c8d85c85a8f1e1ffbf21f4fe
io.github.Caratacus	mybatis-plus-annotation	1.3.2		905a5cb403b97d8543ad2dc9b57a05ef521b9659
io.github.amayaframework	amaya-tree-router	1.0.0		bfb921c7760f1411588c26f297203d35c62f13d3
io.github.gustiks	Resources	0.2.1-alpha		117d75b031cd3cf2957ec655d97b0e73bdf2c195
io.github.gustiks	Resources	0.2.1-alpha	jar-with-dependencies	ba020686c5150f109f94f62b49cbf765848dbf70
io.github.gustiks	Resources	0.3.0		0fc4613d0ea2857d98db802b0ea6ced28b3151fe
io.github.gustiks	Resources	0.3.0	jar-with-dependencies	9c38937fcae3b79fb74a9f50526ebee65505baf1
io.github.mshdabiola	model-android-debug	0.0.12		N/A
io.github.mshdabiola	model-android-debug	0.0.13		N/A
io.github.mshdabiola	model-android-debug	0.0.14		N/A
io.github.scalapb-json	scalapb-json-macros-java_3	0.10.0		8e515d4e08e7313efa02ac63c4d2ee0bcd975e47
io.github.scalapb-json	scalapb-json-macros-java_3	0.8.5		632a1b92b8e7e4aae3c093bd76108e960fca5b65
io.github.scalapb-json	scalapb-json-macros-java_3	0.8.6		166827b8684e328aeadf76507c11e6121e716fc1
io.github.scalapb-json	scalapb-json-macros-java_3	0.8.7		5154dc9b1e8dbb1aabd9194b60e8a9009dda444f
io.github.scalapb-json	scalapb-json-macros-java_3	0.8.8		1c5b177376841f9f91d19d6940680131b66aa4b6
io.github.scalapb-json	scalapb-json-macros-java_3	0.8.9		38e699b1340bd3bb17815eafebe4f6922dd9abbb
io.github.scalapb-json	scalapb-json-macros-java_3	0.9.0		cf3e0095e33366fd1696df141da0dc17d78ba1cd
io.github.whiliang	spring-boot-starter-fastdfs	1.2.7.RELEASE		2a6641c67d1e7bcd600ee4815c3aafffba215ac2
io.github.whiliang	spring-boot-starter-fastdfs	1.2.8.RELEASE		aa1d9b6e1b0de2b4323380fa91776e110514604c
io.github.zeqky	krigadier-api	1.0.0		5947cdc1b8aaa61d3099b020002572adce71b2e8
io.github.zeqky	krigadier-api	1.0.1		fad6d1d9285969c78f8f9e8f902378b634abb31a
io.ktor	ktor-jvm	2.0.0		ad7f0c0eb29fa7a3ee288bb5521267d81ca25f84
io.ktor	ktor-jvm	2.0.0-beta-1		e89b85a321001bfaaf58de5ad9f0ce4772e44ac8
io.ktor	ktor-jvm	2.0.0-rc-1		6bd65bb0138f82123a6bbaa0a1cddbb2dcdf3c0b
io.ktor	ktor-jvm	2.0.1		af5ff9d62c2ddb81206149a5bc1e579682f2f0ca
io.ktor	ktor-jvm	2.0.2		a22631b767764495d628221adc8c2f0eee71d4cb
io.ktor	ktor-jvm	2.0.3		abfbfe589d64b467e49d7448af48a1211585e477
io.ktor	ktor-jvm	2.1.0		509d997b7ebd879fe7a581bcbd9d41b0288baff5
io.ktor	ktor-jvm	2.1.1		f0a39f1999bd2246dce72296dfac917461ffd4ae
io.ktor	ktor-jvm	2.1.2		32821dd9031be959c50e5596b3e98094e93cda46
io.ktor	ktor-jvm	2.1.3		376ecc74aca6bef141ab05c90b210566252737b9
io.ktor	ktor-jvm	2.2.0		c4820072716630ef11daa630004ec472d2a02ce4
io.ktor	ktor-jvm	2.2.1		d7ac7f2ae31673601abd05f9d2b506422b85bad2
io.ktor	ktor-jvm	2.2.2		684da68c1a9997c28836c625a0a18f5e6c7335a2
io.ktor	ktor-jvm	2.2.3		fad4649805415e7675e876765a2804a73ddb725f
io.ktor	ktor-jvm	2.2.4		1c3943b638707e927ce3792fcfe229cd072b7a6a
io.ktor	ktor-jvm	2.3.0		c1cac8e1d6ced6fe3c0b0a407ccc17bf3c617248
io.ktor	ktor-jvm	2.3.1		ac2e64d58b59a87c3e5940ab2800b27318a53a91
io.ktor	ktor-jvm	2.3.10		c6ccc823a6b4cade5d002fef6ff2b1eb5c23905b
io.ktor	ktor-jvm	2.3.11		a1854413953b7b38dea4528623dd91270b246af6
io.ktor	ktor-jvm	2.3.12		ea30d7f43f781531511ebe146d5ba39a31c6bb29
io.ktor	ktor-jvm	2.3.13		017eaf318d6f57af5efd8bb68350e7bdaa6d5b9d
io.ktor	ktor-jvm	2.3.2		a0078c42b4ae92fc7a3bf7bb13f8f6bc207c8324
io.ktor	ktor-jvm	2.3.3		01786e3347ada681ee78f19b567661a7e70608e5
io.ktor	ktor-jvm	2.3.4		8781836bcee52e5b3cd93c54a9d546e1e56bcc1c
io.ktor	ktor-jvm	2.3.5		4853bbc731b875d9570e6be4f64f53c96be86569
io.ktor	ktor-jvm	2.3.6		4d7e8bca8f6b0426c0a408554571acfea5b8cda3
io.ktor	ktor-jvm	2.3.7		86154e3d63dc50000e07f22d25401606474540c5
io.ktor	ktor-jvm	2.3.8		25b16a7c413fc31d4afce9d54f4ee15f2a19cc6c
io.ktor	ktor-jvm	2.3.9		7c21201cfc75a447fa6bcaa2c37c83337e13de8c
io.ktor	ktor-jvm	3.0.0-beta-1		ec3e3b7cea5b126849c2b1e023e51735e6d28a80
io.ktor	ktor-jvm	3.0.0-beta-2		c781a04d64427383a0dde165e11c236b5a6e7c3d
io.ktor	ktor-jvm	3.0.0-rc-1		4273f249db331eb96264a263625ce7010864c861
io.provenance.coroutines	pb-coroutines-kafka-retry	0.4.0		9d9b56c6afd784501db5383b32e52fb118bb8956
io.quarkus	quarkus-container-image-buildpack	2.10.0.CR1		21cd41c111906ab6163ee1b9357aedd6383f3bda
io.quarkus	quarkus-container-image-buildpack	2.10.0.Final		c8400b18fa4ffcf09cf116f1f355fb2df17a1425
io.quarkus	quarkus-container-image-buildpack	2.10.1.Final		2459b473ab1a214e0d3de0fcb6ffa849d172860e
io.quarkus	quarkus-container-image-buildpack	2.10.2.Final		6e4068da960bd9552310b53dcdfdf514ba805d5c
io.quarkus	quarkus-container-image-buildpack	2.10.3.Final		5c11daa1d1f63174876570ce7c1612abb39c4aee
io.quarkus	quarkus-container-image-buildpack	2.10.4.Final		64371ea6d475b3bf442ae35cb335e9be5f9bb1ea
io.quarkus	quarkus-container-image-buildpack	2.11.0.CR1		a4d9ba4f8aea28386eeb918582e6ecc1a0a62ee9
io.quarkus	quarkus-container-image-buildpack	2.11.0.Final		77a2b3d4c7d478b0ae10ea25e41630a84964abb5
io.quarkus	quarkus-container-image-buildpack	2.11.1.Final		e9f2520f83e0f1a1e555f7e7f5e913eda5a416c4
io.quarkus	quarkus-container-image-buildpack	2.11.2.Final		431d3f51b6e31074c1075c8704c57fc2ca1688bc
io.quarkus	quarkus-container-image-buildpack	2.11.3.Final		3efc6f443a86fc7345ea865ddbe310c9f3e50926
io.quarkus	quarkus-container-image-buildpack	2.12.0.CR1		11ec598e447f5370acce0442f46df4e919ca6e9c
io.quarkus	quarkus-container-image-buildpack	2.12.0.Final		b7da7cbf633f1301866c6c55550c400f2853c460
io.quarkus	quarkus-container-image-buildpack	2.12.1.Final		a5d9ac1e1aa855923e75c620b0d65703f5990c64
io.quarkus	quarkus-container-image-buildpack	2.12.2.Final		4abf2ecf2488921392194daa207d568ed05b3b3e
io.quarkus	quarkus-container-image-buildpack	2.12.3.Final		80658f039ec09636d2e0132fdbb140d5ee78e140
io.quarkus	quarkus-container-image-buildpack	2.13.0.CR1		7ab11f316d9bf2e09c95cf470f194b2a63adc159
io.quarkus	quarkus-container-image-buildpack	2.13.0.Final		f9c42c238ae1082fec220628be671a37d230fd82
io.quarkus	quarkus-container-image-buildpack	2.13.1.Final		6db83d7fa7b66a574b9b856a83b066d9f3e35832
io.quarkus	quarkus-container-image-buildpack	2.13.2.Final		c06f583c96fa813eb3de1c63463679fba01d3b1c
io.quarkus	quarkus-container-image-buildpack	2.13.3.Final		2c633b7c45ef7dcece338e87b6354b5cfc3efb59
io.quarkus	quarkus-container-image-buildpack	2.13.4.Final		abba154e65295a47ea7e1a67af8654a65f2088a6
io.quarkus	quarkus-container-image-buildpack	2.13.5.Final		d699d074b5ffcd83e34ed568c7dd37c9b1dd2a3f
io.quarkus	quarkus-container-image-buildpack	2.13.6.Final		d3e81b77cc651f1fcc9c92a0e233ba185ab37e08
io.quarkus	quarkus-container-image-buildpack	2.13.7.Final		06e4014b618e615d2d51b20741df9649a2f7040d
io.quarkus	quarkus-container-image-buildpack	2.13.8.Final		9e81324b02587c91caa2417aec2bab0a99dd1f8d
io.quarkus	quarkus-container-image-buildpack	2.13.9.Final		c17217b147e589b3509a0734867644f6c0b50963
io.quarkus	quarkus-container-image-buildpack	2.14.0.CR1		caec7e8cb43afe9b40a6989a47baabc5c66464d3
io.quarkus	quarkus-container-image-buildpack	2.14.0.Final		23188641fe011011e99b57d58eed86383365456d
io.quarkus	quarkus-container-image-buildpack	2.14.1.Final		26a3d88a89d94e2182f254455a297fa65e508c9b
io.quarkus	quarkus-container-image-buildpack	2.14.2.Final		1496d598ff99c658144a2b95c156ac712ab61c84
io.quarkus	quarkus-container-image-buildpack	2.14.3.Final		c592e585b1510d0771e9db6e4a53dc2201d24cb4
io.quarkus	quarkus-container-image-buildpack	2.15.0.CR1		685fb758591d89f37d67fa8bcaafa5c5839c494d
io.quarkus	quarkus-container-image-buildpack	2.15.0.Final		3f612694570b3657d92f017c81608fca283c26ed
io.quarkus	quarkus-container-image-buildpack	2.15.1.Final		c7aea5e9a30ffb5449de13791ccf929ab5f9e3cd
io.quarkus	quarkus-container-image-buildpack	2.15.2.Final		7fe6013b099842a252313d7507765bb2b37cc4fa
io.quarkus	quarkus-container-image-buildpack	2.15.3.Final		dc0d6ccbf3c965397d68277d85f97f4a4980309a
io.quarkus	quarkus-container-image-buildpack	2.16.0.CR1		94b9dd01e8aee219a5c0efd0bf922d45d41c0d6c
io.quarkus	quarkus-container-image-buildpack	2.16.0.Final		c9597c6c3b5b3aeeae03e9dfd1db1ed98aae4da0
io.quarkus	quarkus-container-image-buildpack	2.16.1.Final		d728ba04ddf679b383950c377c8b628fd5473a46
io.quarkus	quarkus-container-image-buildpack	2.16.10.Final		51846c67e6b23180da475e15dd69af27a7559e0b
io.quarkus	quarkus-container-image-buildpack	2.16.11.Final		00a01d512b08d724c18a60e155e0ed71d3e5920c
io.quarkus	quarkus-container-image-buildpack	2.16.12.Final		82a98f90618238969f5e27e46df9f4bf77eae7b6
io.quarkus	quarkus-container-image-buildpack	2.16.2.Final		33111a17d3d128cfa9b1d011d0f9418a5a619df6
io.quarkus	quarkus-container-image-buildpack	2.16.3.Final		3553a5a252eb77dc6d8aa9c54015695f4e981201
io.quarkus	quarkus-container-image-buildpack	2.16.4.Final		e9849e7a1c7008efa9af0167617e3805f964dd17
io.quarkus	quarkus-container-image-buildpack	2.16.5.Final		0849be006ee0155c00f73d76b37aa32536909279
io.quarkus	quarkus-container-image-buildpack	2.16.6.Final		99468ed3574dec6f5ef17bcdb9c38a291e431a83
io.quarkus	quarkus-container-image-buildpack	2.16.7.Final		4b17ac2b14cc198c86af7d526275f437f2c4fb5f
io.quarkus	quarkus-container-image-buildpack	2.16.8.Final		5ac67c66b85fc117a09941ea4e122343d8521159
io.quarkus	quarkus-container-image-buildpack	2.16.9.Final		b1baaa9bcfe71b843309969cae6e2f37ae9de002
io.quarkus	quarkus-container-image-buildpack	2.7.0.CR1		c0849bd631a3acd3668394f7df7a2cec092b149d
io.quarkus	quarkus-container-image-buildpack	2.7.0.Final		973442c5f6a140994a11ecafad539c6b94868661
io.quarkus	quarkus-container-image-buildpack	2.7.1.Final		f9c28e2ee26313636a114e039855e1239b70f978
io.quarkus	quarkus-container-image-buildpack	2.7.2.Final		8371d475c45a4c97b7b8d99dbcee14cdc5efbe09
io.quarkus	quarkus-container-image-buildpack	2.7.3.Final		742a18c4e50cfa728ab23c3e230ee071215017b5
io.quarkus	quarkus-container-image-buildpack	2.7.4.Final		d8727e5b1786443f4ad493c40585200f12072c99
io.quarkus	quarkus-container-image-buildpack	2.7.5.Final		5cd950786c14565ac75624cc4405e69c96476679
io.quarkus	quarkus-container-image-buildpack	2.7.6.Final		e3c4f85b99cbb01ed14136e729e001567bbbba15
io.quarkus	quarkus-container-image-buildpack	2.7.7.Final		35ac7643714f96de8cf4243b0b455a34362cb0b5
io.quarkus	quarkus-container-image-buildpack	2.8.0.CR1		ec016993c13d0d85ca90ae714553e2838f9267f7
io.quarkus	quarkus-container-image-buildpack	2.8.0.Final		93f71603b58f0df8c545a882fbd2ac7d9a04e1f4
io.quarkus	quarkus-container-image-buildpack	2.8.1.Final		839d538e66f7eb56183e2f2b70fcd03b1892f665
io.quarkus	quarkus-container-image-buildpack	2.8.2.Final		a71f8ab14c23e6f751de401f8a892df92ae1fb50
io.quarkus	quarkus-container-image-buildpack	2.8.3.Final		446f7044a767ebbb52ad1aabcd4894606de7605d
io.quarkus	quarkus-container-image-buildpack	2.9.0.CR1		e56606730ec8ce6d768adc9e89a3713c8cb0598d
io.quarkus	quarkus-container-image-buildpack	2.9.0.Final		c9c4a15abba11e4cdf043a7bbb1b0329f8ae3311
io.quarkus	quarkus-container-image-buildpack	2.9.1.Final		807757e23805944f317573766f893b36d849cf05
io.quarkus	quarkus-container-image-buildpack	2.9.2.Final		d40b3a2d3adf79160400da97b7194d84be63790b
io.quarkus	quarkus-container-image-buildpack	3.0.0.Alpha1		145350ee93174d5e944802ffca9fd212ba3a39c3
io.quarkus	quarkus-container-image-buildpack	3.0.0.Alpha2		053ad1963f15525e60c3938c6bbeaaa5668c1a3e
io.quarkus	quarkus-container-image-buildpack	3.0.0.Alpha3		35b15bc37a0ea7aa7ab05571508a04e40ffc02cf
io.quarkus	quarkus-container-image-buildpack	3.0.0.Alpha4		93925db0a6ffc7b07bbfe4b022b3b4f67ec86f76
io.quarkus	quarkus-container-image-buildpack	3.0.0.Alpha5		266257e61c4a15d02616ab8c2d3be88b235e7a86
io.quarkus	quarkus-container-image-buildpack	3.0.0.Alpha6		6dcf350dbc06632908407a36955d8e3ecb360860
io.quarkus	quarkus-container-image-buildpack	3.0.0.Beta1		a48116f73c1727f59865e22dcbfd6776fd7f6c4d
io.quarkus	quarkus-container-image-buildpack	3.0.0.CR1		ee0346bea28f4c4f8e88403269c771b6819b7ae3
io.quarkus	quarkus-container-image-buildpack	3.0.0.CR2		3afb892914b5741850473c6e413265fd29d9d7e2
io.quarkus	quarkus-container-image-buildpack	3.0.0.Final		01ab1eb3193758a1d8ea2f1b0e4224434f8f669e
io.quarkus	quarkus-container-image-buildpack	3.0.1.Final		b86c7d47d9beaee31a37bdf5f2124dc928137577
io.quarkus	quarkus-container-image-buildpack	3.0.2.Final		c52dc15eb7e01d68ace50e6d814a2e662306cfec
io.quarkus	quarkus-container-image-buildpack	3.0.3.Final		6d6676471c9393d434985746d07978035a77a826
io.quarkus	quarkus-container-image-buildpack	3.0.4.Final		f4c3cb87f9695712647ae664766ba275997c4c6d
io.quarkus	quarkus-container-image-buildpack	3.1.0.CR1		de6b87342e60df7b097f108ee93c760ed470700c
io.quarkus	quarkus-container-image-buildpack	3.1.0.Final		9285f464db411ac6dbff654594cd9664fae4891d
io.quarkus	quarkus-container-image-buildpack	3.1.1.Final		0a857b3f12ca01bb5d7f22f747b3a0642282703d
io.quarkus	quarkus-container-image-buildpack	3.1.2.Final		90016ea660889d79c040bb559bbfd3dd32a2d29d
io.quarkus	quarkus-container-image-buildpack	3.1.3.Final		fca53e6dc82f6cfc6713bdb552170c87fe77dd8a
io.quarkus	quarkus-container-image-buildpack	3.10.0		3a580c4aa3b972323b5493bae46810c43b769026
io.quarkus	quarkus-container-image-buildpack	3.10.0.CR1		fc790f18075e4f4d885dd70dd437d3a1b4f659ab
io.quarkus	quarkus-container-image-buildpack	3.10.1		69c08e3483aec039004206f73077aebeb24e1eda
io.quarkus	quarkus-container-image-buildpack	3.10.2		2205abcebfa5221a500383d5635461f8bf7af80a
io.quarkus	quarkus-container-image-buildpack	3.11.0		9ddf72c79f0c842ff34aa102b5d9d47958e9e7d1
io.quarkus	quarkus-container-image-buildpack	3.11.0.CR1		7f71d4498e1a1071f961aa7dbed00804924c42c9
io.quarkus	quarkus-container-image-buildpack	3.11.1		ebb754645b6d7c09dbffc0f158a6c00b9af6c6ee
io.quarkus	quarkus-container-image-buildpack	3.11.2		510f4688cd0ee32cfdaa590bc401cc98d15996e1
io.quarkus	quarkus-container-image-buildpack	3.11.3		9b7fcf7c3718982ef80353ed60c28196c47e4456
io.quarkus	quarkus-container-image-buildpack	3.12.0		291c8c15c80c109bbaee6b121da930bc57c533ca
io.quarkus	quarkus-container-image-buildpack	3.12.0.CR1		11f98b91e5180ab38535daebb809eb0a9dbbc0d3
io.quarkus	quarkus-container-image-buildpack	3.12.1		4a48086aeb6a91faf0cfb6f0b2c71773a995313f
io.quarkus	quarkus-container-image-buildpack	3.12.2		2026139f7515c969870de070da8fb760f23611f5
io.quarkus	quarkus-container-image-buildpack	3.12.3		386539e2ede594787463dd0ede292d9d0a4c187e
io.quarkus	quarkus-container-image-buildpack	3.13.0		cfcae3bc2cfff3a35f53c3a892d2f6b9b031323a
io.quarkus	quarkus-container-image-buildpack	3.13.0.CR1		07b66f64e2fdf9685bca370be74b7e74756171ac
io.quarkus	quarkus-container-image-buildpack	3.13.1		55c2a81ac0e157a25e376f2417feee1002357d3d
io.quarkus	quarkus-container-image-buildpack	3.13.2		4b174cf54a06e1432199cfd88c7abbe0333964ef
io.quarkus	quarkus-container-image-buildpack	3.13.3		84900bd67de92300519f2cad57058f5312711e5e
io.quarkus	quarkus-container-image-buildpack	3.14.0		62c3c81144409911430c669286ec457e2e9c87f0
io.quarkus	quarkus-container-image-buildpack	3.14.0.CR1		e3a0c96d9978384422f925a040c995d3c81cc53a
io.quarkus	quarkus-container-image-buildpack	3.14.1		1d13618a5e2e976a64b8d9f3e9eab9b13c947255
io.quarkus	quarkus-container-image-buildpack	3.14.2		53f726148f9a5f8e8fe4508893e0af0c886630a4
io.quarkus	quarkus-container-image-buildpack	3.14.3		650681146e16e15e9f85b46275a662432811da15
io.quarkus	quarkus-container-image-buildpack	3.14.4		5f2313c492ab7c141dab88e175f41fa0da556fe0
io.quarkus	quarkus-container-image-buildpack	3.15.0		47b86352d56268b4b70b56735ffee4845005aed4
io.quarkus	quarkus-container-image-buildpack	3.15.0.CR1		70d975ed29dcbd95ed696909c7582348ff8d3b0e
io.quarkus	quarkus-container-image-buildpack	3.15.1		99b3203ee71738b8a7db1dac0dec7e2d499ddf4c
io.quarkus	quarkus-container-image-buildpack	3.15.2		5619d3c83ab8b00cf4c155e0ad52517bec4d2541
io.quarkus	quarkus-container-image-buildpack	3.15.3		df05370a96fdfc12b5ab92d8267d50ed47ed1b23
io.quarkus	quarkus-container-image-buildpack	3.15.3.1		81ad98830d30f9f383f6288a32aba90f7d1fb82e
io.quarkus	quarkus-container-image-buildpack	3.15.4		f9fc808f547911be1e85392b7bd9134da4c65cbe
io.quarkus	quarkus-container-image-buildpack	3.15.5		8e89cf2f1206634af30921f8b18667497de6be13
io.quarkus	quarkus-container-image-buildpack	3.16.0		1c6a7c0659c59d73a71eb0e3f884e9afc94de8ed
io.quarkus	quarkus-container-image-buildpack	3.16.0.CR1		74c2705f8ab5ed0568fdc304ca42c4d3ea6dc09f
io.quarkus	quarkus-container-image-buildpack	3.16.1		e7efa6b181460bead21ccf223dbfe3c9ffa82e2b
io.quarkus	quarkus-container-image-buildpack	3.16.2		00a9e031dd0b005cf8d710b0f96aa4cb8943bc3b
io.quarkus	quarkus-container-image-buildpack	3.16.3		347e7c837f69eaee81da37ab497409fe22778a49
io.quarkus	quarkus-container-image-buildpack	3.16.4		8f4b53f614fe945dd15f935b5389e5acdfcdb833
io.quarkus	quarkus-container-image-buildpack	3.17.0		4ee43079e2a3c44df247a0e40b47ad4f5d098a39
io.quarkus	quarkus-container-image-buildpack	3.17.0.CR1		809901c3a2874304461c027f0ac0ae24e0ba63d4
io.quarkus	quarkus-container-image-buildpack	3.17.1		c241c5083ec65d044b113d7c163a7ec477c0f786
io.quarkus	quarkus-container-image-buildpack	3.17.2		a578613576ec97d72f21625ed3ddf863ce2371e7
io.quarkus	quarkus-container-image-buildpack	3.17.3		36008d57f6510a0a5063d84777d7841d22adae22
io.quarkus	quarkus-container-image-buildpack	3.17.4		3f7a45c07f5450846046f16ff9101ec1598a4c89
io.quarkus	quarkus-container-image-buildpack	3.17.5		68b02bd7d152bb7cdae801acd29db78e8faf4548
io.quarkus	quarkus-container-image-buildpack	3.17.6		f8dbf4c37295037389a47fb08a3d326acdd2f60a
io.quarkus	quarkus-container-image-buildpack	3.17.7		ada2fe852113edbb9236f6c1d311391dac848e67
io.quarkus	quarkus-container-image-buildpack	3.17.8		3b1944721af508625c64785834cbd0c76e8feb6b
io.quarkus	quarkus-container-image-buildpack	3.18.0		38402ebdd0914c9a3f92d27c4387f2539e999ce8
io.quarkus	quarkus-container-image-buildpack	3.18.0.CR1		95a8cd8732d3272d5e9d5d69399644ffa710ea0c
io.quarkus	quarkus-container-image-buildpack	3.18.1		1c7fa299d4fc2152b7ecf1c03be3f19cf16661f4
io.quarkus	quarkus-container-image-buildpack	3.18.2		a27411f1c9e0ded4adfc03d0579420b971a79650
io.quarkus	quarkus-container-image-buildpack	3.18.3		b3e80fb93d0d664db72083325cfc2873eb686356
io.quarkus	quarkus-container-image-buildpack	3.18.4		b17ccc50fa88641103394acc5cb8335e2ddb6192
io.quarkus	quarkus-container-image-buildpack	3.19.0		4ecb16db781d0f4ee716ff909092dfe289046e60
io.quarkus	quarkus-container-image-buildpack	3.19.0.CR1		8ea10df7aaa8bec8a97146cc2a44b2dcf6c1c985
io.quarkus	quarkus-container-image-buildpack	3.19.1		282f205c6d44f97ef467a614607db09d05c02abb
io.quarkus	quarkus-container-image-buildpack	3.19.2		fef7aec713e23f68d072181a5fae703dadfd7880
io.quarkus	quarkus-container-image-buildpack	3.19.3		e97fca5ce965cedc7e0ababd51cac483d175e296
io.quarkus	quarkus-container-image-buildpack	3.19.4		ac919fac76b7d08b52bb508c10c6b04c95a65bbb
io.quarkus	quarkus-container-image-buildpack	3.2.0.CR1		5e2659724fb8fc5f165ec0be33f6f6d66ecf1e4a
io.quarkus	quarkus-container-image-buildpack	3.2.0.Final		d5ee0535059c5adb583ee12ab0e58b7206edc22c
io.quarkus	quarkus-container-image-buildpack	3.2.1.Final		99688b397861bba70b40851215d2db857bc8ee37
io.quarkus	quarkus-container-image-buildpack	3.2.10.Final		114d37d7c247240433e13085013ce1de30aa33ff
io.quarkus	quarkus-container-image-buildpack	3.2.11.Final		84b4e03abe2d56e612bfea2ed17ba05e9d65d21a
io.quarkus	quarkus-container-image-buildpack	3.2.12.Final		1d5bd1d6b1b8ae6916e13093177392d65a4a6375
io.quarkus	quarkus-container-image-buildpack	3.2.2.Final		70e3b7c9ae88540a39ca2fb9208823bc74fc7e26
io.quarkus	quarkus-container-image-buildpack	3.2.3.Final		5d194537193436d252e41153938e7d59ff4c8912
io.quarkus	quarkus-container-image-buildpack	3.2.4.Final		9f777c15bd4ad56d851ddf9d584d71b3f1eac909
io.quarkus	quarkus-container-image-buildpack	3.2.5.Final		22781c90bf37c58e9e1c49b1a7bbdb704be8f55b
io.quarkus	quarkus-container-image-buildpack	3.2.6.Final		4a449834ab4e79216a8cae1cb6b6a7d471610022
io.quarkus	quarkus-container-image-buildpack	3.2.7.Final		e6b3e9a2ec5aa6c865dba60398d29e41858d8106
io.quarkus	quarkus-container-image-buildpack	3.2.8.Final		c7220277d914227652039edd0954c40b52445a8d
io.quarkus	quarkus-container-image-buildpack	3.2.9.Final		60e627c3c5ccc12da7cf3ab419d86d018b9dc572
io.quarkus	quarkus-container-image-buildpack	3.20.0		36b3029aa5e005b40db8424070eaf4dbff00f333
io.quarkus	quarkus-container-image-buildpack	3.20.0.CR1		1dab856799f1a8b81a3aa6e846cfc7d0e87653bf
io.quarkus	quarkus-container-image-buildpack	3.20.1		43970cba4043c927102c73a93450d93aa30f64c4
io.quarkus	quarkus-container-image-buildpack	3.21.0		9cade9f06d022e34b4adf5e447f4a0ccc8e08943
io.quarkus	quarkus-container-image-buildpack	3.21.0.CR1		10c28e59af76200acfd3b14f99ee8e1cb626cb74
io.quarkus	quarkus-container-image-buildpack	3.21.1		2ddafb07ecb38121bc59062b0c69857d07f2986c
io.quarkus	quarkus-container-image-buildpack	3.21.2		4a4441c3de14db20b6beb923d70cf1dff00fd34a
io.quarkus	quarkus-container-image-buildpack	3.21.3		344cb95702723a140ad4f4c5711efced622630ac
io.quarkus	quarkus-container-image-buildpack	3.21.4		3d54f93fc783bf6532ed9717ddb895e7dd344ec5
io.quarkus	quarkus-container-image-buildpack	3.22.0		516a7e9729d7365614d2c8cca0337ed6a0134fbf
io.quarkus	quarkus-container-image-buildpack	3.22.0.CR1		34617dbcc8d97623a99ff2fc5d44ea1d710adeec
io.quarkus	quarkus-container-image-buildpack	3.22.1		7156c2f3e40be748c82028502b1646aca763a5ea
io.quarkus	quarkus-container-image-buildpack	3.22.2		ba0dc603c57465eab08f7b97816761cceb7643e2
io.quarkus	quarkus-container-image-buildpack	3.22.3		e0aa1876eaa8ed9aad91ed1dc1e7bd5099918de2
io.quarkus	quarkus-container-image-buildpack	3.23.0.CR1		8a0c70a2829da879b749dc90ee41efdf7ed1f183
io.quarkus	quarkus-container-image-buildpack	3.3.0		b9fcd15a02efc6eb59402ee268059461066cf31c
io.quarkus	quarkus-container-image-buildpack	3.3.0.CR1		2f0d8597b3c61a4c5c588ee95dca4013ef281e25
io.quarkus	quarkus-container-image-buildpack	3.3.1		4d00017c7c02b565258dae653befa4fa7510e3ef
io.quarkus	quarkus-container-image-buildpack	3.3.2		cdcbfa1e3b2d75825caa803734f53ae2f8cdb514
io.quarkus	quarkus-container-image-buildpack	3.3.3		c9c5208c7660df908dd3e070330b7f41884e6655
io.quarkus	quarkus-container-image-buildpack	3.4.0		0688102a3884da33f8989b2a258aa1a8225a102a
io.quarkus	quarkus-container-image-buildpack	3.4.0.CR1		00556e681b6ba1eb3a4bf42014ef319ab4abfaa4
io.quarkus	quarkus-container-image-buildpack	3.4.1		7d074be27aaec9c834edb644c02b0f17a9ba8f5f
io.quarkus	quarkus-container-image-buildpack	3.4.2		570dfe93321f7541db4aea2a8586a5259176851b
io.quarkus	quarkus-container-image-buildpack	3.4.3		3feee966b5dae21170050f7f95a43b65a73a452f
io.quarkus	quarkus-container-image-buildpack	3.5.0		edbd1223b9e72ed2bdd93d8341bc2dd64cf34953
io.quarkus	quarkus-container-image-buildpack	3.5.0.CR1		63438f93e8f7f633adc36c2244b57d10bd399697
io.quarkus	quarkus-container-image-buildpack	3.5.1		969eae69e044db7edc08c39967bd223aa5649157
io.quarkus	quarkus-container-image-buildpack	3.5.2		f152e6ad3a3573ea065162c14103ceb288e82cfa
io.quarkus	quarkus-container-image-buildpack	3.5.3		2d68a9aae7bf12040bca209705d43b096831465b
io.quarkus	quarkus-container-image-buildpack	3.6.0		06577a42c24550871d47cd7e9d639aacad65b860
io.quarkus	quarkus-container-image-buildpack	3.6.0.CR1		6af14437106e8b7394c5b5217b48483d312c7c55
io.quarkus	quarkus-container-image-buildpack	3.6.1		dead1411fc06c67ee713b3055a4488387051fc2e
io.quarkus	quarkus-container-image-buildpack	3.6.2		fd36ae79cd3a0fc8723f3bf06ed3a869dc52ce3d
io.quarkus	quarkus-container-image-buildpack	3.6.3		e4cba08d1b3d8e85c7dcfc007ad9f89b032bd1fb
io.quarkus	quarkus-container-image-buildpack	3.6.4		54779c7360bb945449b89ee206f06bbebb3f62ad
io.quarkus	quarkus-container-image-buildpack	3.6.5		1a2452da106b745f4a3a868f795316cfa525bc49
io.quarkus	quarkus-container-image-buildpack	3.6.6		3bd6b99ef2a64236eb1871e4e4a251673dc3a316
io.quarkus	quarkus-container-image-buildpack	3.6.7		b2f9edd86bcefeb2943960364a08d453b5ccaf43
io.quarkus	quarkus-container-image-buildpack	3.6.8		e79c4d732cffa30d71497726d6dc2eeaac187b20
io.quarkus	quarkus-container-image-buildpack	3.6.9		1d98fcfc763ea206fde40a64638da820a990c84c
io.quarkus	quarkus-container-image-buildpack	3.7.0		a6db16eca973f2f35e3b551e273266bc4c636160
io.quarkus	quarkus-container-image-buildpack	3.7.0.CR1		02a26860dcbfb3df82f07c0d34729ce0099b023f
io.quarkus	quarkus-container-image-buildpack	3.7.1		f0351c8da5532a73d6d88bb94ab8d8237714f67e
io.quarkus	quarkus-container-image-buildpack	3.7.2		ce6b10bf57653653218c14d39aed5487ae71858f
io.quarkus	quarkus-container-image-buildpack	3.7.3		1716cbac33cc1538436f012055f71934e61af554
io.quarkus	quarkus-container-image-buildpack	3.7.4		c720efb0783c82b446a159e3f930beb58b0df082
io.quarkus	quarkus-container-image-buildpack	3.8.0		fae657e0bb89e65d5e3011f57d54e73c4df15e58
io.quarkus	quarkus-container-image-buildpack	3.8.0.CR1		12e85cdcd2845db1fc811edc621906446dbe3843
io.quarkus	quarkus-container-image-buildpack	3.8.1		95841972cc194be1ae2c31cb9b5e60a0c5b63f8d
io.quarkus	quarkus-container-image-buildpack	3.8.2		c9772350b7413fe9031908a135f8069fd13a084e
io.quarkus	quarkus-container-image-buildpack	3.8.3		0ced239fdce045afbabcc935833f0f50500c5774
io.quarkus	quarkus-container-image-buildpack	3.8.4		eafcc5d4b720d0ba3b45a1e7fe869e4deeb2fa90
io.quarkus	quarkus-container-image-buildpack	3.8.5		a6e7e3a5995cc9221b9302724063340bf0420c02
io.quarkus	quarkus-container-image-buildpack	3.8.6		1991b26a193a6b854a46194c0977266ac67ecd6c
io.quarkus	quarkus-container-image-buildpack	3.8.6.1		0fd514173a5b166cd5a2c077bf70ef64ef636816
io.quarkus	quarkus-container-image-buildpack	3.9.0		81e3f37dd1524c0238d7c15d8ef032949aebf582
io.quarkus	quarkus-container-image-buildpack	3.9.0.CR1		28e569789b82466e0b1bf4647ca2fc2ac4f3651f
io.quarkus	quarkus-container-image-buildpack	3.9.0.CR2		1b5fa84108bacc4226e72adfe915d6c6e9a17bd0
io.quarkus	quarkus-container-image-buildpack	3.9.1		4edaed9f7e425c25f951cbb77198dc0ef9f855d3
io.quarkus	quarkus-container-image-buildpack	3.9.2		20e924bdcfec5e0afd24601ddee9dce0fe2d529a
io.quarkus	quarkus-container-image-buildpack	3.9.3		1390388f83880a9465c4187206fa517d16435033
io.quarkus	quarkus-container-image-buildpack	3.9.4		3484419ea351e01ff7f7dd6a184f5980ab58c990
io.quarkus	quarkus-container-image-buildpack	3.9.5		81caaf1368ce00943463ea5cc133dae7cb0c614a
io.reinert.requestor.core	requestor-core	1.1.0		065889df4e1ba3cceae72e665be704c642e68ac9
io.reinert.requestor.core	requestor-core	1.1.0-rc1		cce75e9ba265fe00f533d96e8d8045a8e5d3dbdc
io.reinert.requestor.core	requestor-core	1.1.0-rc2		9d987c06921039032bcbd415f68aa498d7f94975
io.reinert.requestor.core	requestor-core	1.1.0-rc3		95a093d35e44b4664e34b19abcaa8bbcbe437898
io.reinert.requestor.core	requestor-core	1.2.0		c50c7496435e4475db5172f2cc221b96e83d7562
io.reinert.requestor.core	requestor-core	1.2.1		daaa190abfd60f0460cddc95ad643a50e6c77372
io.reinert.requestor.core	requestor-core	1.4.0		a56a5e15f7e35108792356659c012b855506f58f
io.rsocket.kotlin	rsocket-transport-ktor-websocket-server	0.15.4		52b27723c3bae0f04a5ef75f62602c2ca1ccd28d
io.rsocket.kotlin	rsocket-transport-ktor-websocket-server	0.16.0		413965b7fa4936f5fee83a7ca03345f5abe13ef9
io.rsocket.kotlin	rsocket-transport-ktor-websocket-server	0.20.0		72b552d7e70394035e6b405e33a6ed73ebf7137a
io.streamlayer	sl-protofiles	1.100.0		debd6b81144a4e9d4686a6993a0e2c433227b395
io.streamlayer	sl-protofiles	1.101.0		1470f0e3ab6febcfdea780157f3012151e70d183
io.streamlayer	sl-protofiles	1.102.0		215778beedeb1db368e52e6b104b623dfd5b9318
io.streamlayer	sl-protofiles	1.107.0		755b52f4f70e8548ac9d4d9fa9ad094c425e9670
io.streamlayer	sl-protofiles	1.107.1		1c10c159a68a73aaf779fa501c4dc3050dcfef29
io.streamlayer	sl-protofiles	1.108.0		d94230eafdd2d438803bbd4ca8e395c0b48a922c
io.streamlayer	sl-protofiles	1.108.1		aecf74f98fe571e156207d46ae8349ea29016266
io.streamlayer	sl-protofiles	1.108.2		8ee9ece1dc50ba8a753c20db3c40f55ad0f75809
io.streamlayer	sl-protofiles	1.109.1		ed5dd65a525d5d1687762f9406e4785184865bc1
io.streamlayer	sl-protofiles	1.110.0		b006e338bbecef85e03925d378058358f5ab2a09
io.streamlayer	sl-protofiles	1.111.0		0e0b7ca0c9430fe5a9f8bde80f3e7a0f662ae8f4
io.streamlayer	sl-protofiles	1.111.1		3b6f6b4124a87e8c6eafd083f639ee0649318f47
io.streamlayer	sl-protofiles	1.112.0		4b7e93b9b65b6f3f48915ccdbebb7a347923e7cc
io.streamlayer	sl-protofiles	1.112.1		56f8ac2aa734e603bf0ab4432bfb6cd4f46a1157
io.streamlayer	sl-protofiles	1.113.0		45551b32dabc7d9c8b33a4565075cfb1d4dfefc1
io.streamlayer	sl-protofiles	1.114.0		2d938c30e97097d45827b130b86a2536400c565c
io.streamlayer	sl-protofiles	1.115.0		f6e7dbd427603acc0ef82e7bfb77a87e57126277
io.streamlayer	sl-protofiles	1.115.1		9f0713df4c1e307030aa4f965747278040d87de8
io.streamlayer	sl-protofiles	1.116.0		091c8296970138bb2ba1ebe04b1eac4670875e4d
io.streamlayer	sl-protofiles	1.117.0		4bdf9371bac603a4010e30008012b15b5ca2372e
io.streamlayer	sl-protofiles	1.118.0		90e0a782917fec7f876dc305f2d2ecb9f6c3f976
io.streamlayer	sl-protofiles	1.118.1		8a9b78f8c0a1c7d1662107e0d140910997fa8f62
io.streamlayer	sl-protofiles	1.119.0		4bb6e1fbe90042085255d4ec423daee9bc61f5df
io.streamlayer	sl-protofiles	1.119.1		11723f0901025710513e60f5b07f1fa89fa64dc7
io.streamlayer	sl-protofiles	1.119.2		6561bb85678b1ee3f0895e0a98989b9e4c0e0de2
io.streamlayer	sl-protofiles	1.74.0		N/A
io.streamlayer	sl-protofiles	1.74.5		1fbfbc0823b5faaa0a8bc940b7cea33b09edc234
io.streamlayer	sl-protofiles	1.74.6		2519c525cc4b9a2931201e759ca76e2b832ce6e5
io.streamlayer	sl-protofiles	1.74.7		9c9de25094c35a4831088903f99e7213febcf986
io.streamlayer	sl-protofiles	1.74.8		c63e7285e939408954681aa0c695a946de7a589e
io.streamlayer	sl-protofiles	1.78.3		b2004d33e40da76c876608e553fbe81873649ce1
io.streamlayer	sl-protofiles	1.79.2		42618510d801b8e05f02bcb457763a2c884d989b
io.streamlayer	sl-protofiles	1.79.3		5ab280167afcfe2d80e18bd58848872d8cae191f
io.streamlayer	sl-protofiles	1.79.4-SNAPSHOT.1		40f987c811edaecc5f9dffcbc8e5e5e401506812
io.streamlayer	sl-protofiles	1.81.0		905b91dbc0982883804e230d30361f6aba9ea2b1
io.streamlayer	sl-protofiles	1.83.1		02c9f41b0cb04089f71294b4ecd5561f4838156c
io.streamlayer	sl-protofiles	1.83.2		b168c3e4527d9ba87918b14483148d675e840e78
io.streamlayer	sl-protofiles	1.83.3		e8342f6ff105103578dd1d74c9a2da660f716633
io.streamlayer	sl-protofiles	1.84.0		d2bdd66f1e70cb179a220f6de20b1b83ec7a81e0
io.streamlayer	sl-protofiles	1.84.1		ce40eb1af6393f4f31b8e7c0f80562448257f1e0
io.streamlayer	sl-protofiles	1.85.0		36349a909b3e7555f75f306185fb747f44242b98
io.streamlayer	sl-protofiles	1.86.0		53f298bf99e681b68f72292b3be0c04d85810393
io.streamlayer	sl-protofiles	1.87.0		fed4de40ee5679d8735adebe0c6beaa2a9c5426b
io.streamlayer	sl-protofiles	1.87.1		8f9ffb09755b7203837ea5ace4cc6f3738e8799a
io.streamlayer	sl-protofiles	1.88.0		2fedab7d7aad423319d1db34ce154da03fff27ab
io.streamlayer	sl-protofiles	1.88.1		bd6ac72d7dd3e46f8362c68d0fd3bb1dc4332ac1
io.streamlayer	sl-protofiles	1.89.0		50e28429ce6ca721d336d602dfe22e60965c575d
io.streamlayer	sl-protofiles	1.90.0		7733925fe0796f401abb9a5538936304ff0c8cee
io.streamlayer	sl-protofiles	1.90.1		b7263e1b46d0a75194132e8942656adbd59524ba
io.streamlayer	sl-protofiles	1.90.10		4ead799575f49326640cee07d8bc959ffc9d0685
io.streamlayer	sl-protofiles	1.90.2		6bbc84e7c86c873b953e8e77096f38d73e71868d
io.streamlayer	sl-protofiles	1.90.3		572b972df4b2ba2c7fd123e3557d193c53cbcf31
io.streamlayer	sl-protofiles	1.90.4		9d64347e50bc8fdeb70f60d10c9a43b2c15944d6
io.streamlayer	sl-protofiles	1.91.0		e710ffdf7c08b096c235326e7618ab1e2fa2b017
io.streamlayer	sl-protofiles	1.92.0		f4e9d83580d4f5e1f177010fb436a175bbcf8d10
io.streamlayer	sl-protofiles	1.93.1		5df0d7f9caf2cc90ca8329a22dd782fe604c3021
io.streamlayer	sl-protofiles	1.94.0		b8e5d3b5aa1b5c1cf37b9358da6fa876301bddac
io.streamlayer	sl-protofiles	1.95.0		e3f03a504ec21046c7e74652685ba566f15ae9dd
io.streamlayer	sl-protofiles	1.95.1		932a0ec168e6d484d32a61d9289cd8aa371389c6
io.streamlayer	sl-protofiles	1.95.2		272c09a0d007424a0f725bedb5309ab1f2902661
io.streamlayer	sl-protofiles	1.95.3		0db79e0786d4e4090f9532840eeca5d488ad46f5
io.streamlayer	sl-protofiles	1.95.4		a3f801859216585dce4252ad60bb88305b675bcc
io.streamlayer	sl-protofiles	1.95.5		dab9424cce7c29ef45d1be16aa88d6094e8decf7
io.streamlayer	sl-protofiles	1.95.6		3817cedae9e502855e637f03a82d0d6b80c1cfc8
io.streamlayer	sl-protofiles	1.96.0		806c0a227eaa6925a15c0f8d55c40ec5af2682a4
io.streamlayer	sl-protofiles	1.96.1		eb90ec201a6095623b55c24451d9ca96e0fcdec2
io.streamlayer	sl-protofiles	1.96.2		ebc1c4a4a863e1f0b4ccc691e5e823255e758961
io.streamlayer	sl-protofiles	1.97.0		6367dd50b8e68b25ff1a5ac9c6f4d629734834ce
io.streamlayer	sl-protofiles	1.98.0		7668b46a6b8a02cb153990af70244638b33a23fc
io.streamlayer	sl-protofiles	1.98.1		6df049eee83797344bbd5178295df09a2515352c
io.streamlayer	sl-protofiles	1.98.2		0b7e9e5973fdab6d226011a100ee7b2b70db0d85
io.streamlayer	sl-protofiles	1.98.3		34a70e04b5634320c54412035ecb7c9cfccc4576
io.streamlayer	sl-protofiles	1.98.4		daacd840338a47c17b7cead7cbd5c0ee40d919f5
io.streamlayer	sl-protofiles	1.99.0		f5b138bcd81c3dc36a1abebaf71e6e57cb5d6f68
io.streamlayer	sl-protofiles	1.99.1		3c465e2e7d641767c5230ba6dd5fa4f461fab06a
io.streamlayer	sl-protofiles	2.0.0		732a3ead03fce31bb21e9f13e42dba280a52a3b9
io.streamlayer	sl-protofiles	2.0.0-next.1		94243723492935125c3be93e470769362eee174f
io.streamlayer	sl-protofiles	2.0.0-next.2		6e7e5ed02adddb4fe357c6fda288bd190c907d72
io.streamlayer	sl-protofiles	2.0.0-next.3		4488e585894b09e6b8281729f678fa883cb2e9ad
io.streamlayer	sl-protofiles	2.0.0-next.4		8841362ea707c76593a60a60db7d20cc11b86d49
io.streamlayer	sl-protofiles	2.0.1		79d8af29c389bdaa419baa3f00bd74d76d081da0
io.streamlayer	sl-protofiles	2.1.0		3928d103d4bc99419cb3497e2aaf2058851af8de
io.streamlayer	sl-protofiles	2.2.0		cabc31b0ae986a90aee2dbc4d28342fd0e30c28f
io.streamlayer	sl-protofiles	2.4.5		2bdc6398c9b14348fa0f8e5ace6b4d704ab3111b
io.streamlayer	sl-protofiles	2.5.0		b68dc09a49b16b394f16946c671e1aa1a8ac64f2
io.streamlayer	sl-protofiles	2.7.1		1464bd5afd788ccf889db7bff07ea14d42cda34f
io.streamlayer	sl-protofiles	2.8.0		5f6686557edebafefdfbab9c6206813b4cd05b23
io.streamlayer	sl-protofiles	2.8.1		a337dd1aa5da8fa6b9013cab8d0895da9b25936b
io.streamlayer	sl-protofiles	3.0.10		b44be5f05bc684ab1a55f3e042b9ed72b75f2acf
io.streamlayer	sl-protofiles	3.0.11		04aeb7109245a389833b68bb615f9fadaadbaceb
io.streamlayer	sl-protofiles	3.0.12		a95148cc3e4e2cb1672e2263c8ee1f146a7b8ae5
io.streamlayer	sl-protofiles	3.0.4		79afc03ff2a3b3964bc88f40b2cd3dc6aff37a1e
io.streamlayer	sl-protofiles	3.0.5		2b4cac8b09825487d8eb54ea5db2f46774c9b1f3
io.streamlayer	sl-protofiles	3.0.6		f1a1534cbbf2e5d08657db078ab3eefe4c26f0ca
io.streamlayer	sl-protofiles	3.0.7		236a00f07726b42bfa3beeadade91e9500d4d38b
io.streamlayer	sl-protofiles	3.0.8		d55d2cb8faf7a791a05a5c4319a75d18c88e813b
io.streamlayer	sl-protofiles	3.0.9		0114291461696ecd94842ca0f942de82406a5b92
io.streamlayer	sl-protofiles	3.1.0		e90413848f4513c3c132434478d16d627b01b730
io.streamlayer	sl-protofiles	3.10.0		ee740f4c14eb29a03295c9901782041c5fcaec22
io.streamlayer	sl-protofiles	3.10.1		74b4e6ee397fc7d6146785d6be2b66a122f1f8c3
io.streamlayer	sl-protofiles	3.10.2		b4c76c79b2891a5515d67fc4155d0c5fad81d7d7
io.streamlayer	sl-protofiles	3.10.3		cff1703240e8e43c1e436f9dd02dc6fdd90a02c4
io.streamlayer	sl-protofiles	3.10.4		540776a3138d1b54564b199921188d278e2bed26
io.streamlayer	sl-protofiles	3.100.0		07dca063a692e34245b48b9d6e08990fc50633a8
io.streamlayer	sl-protofiles	3.101.0		b3bcff9ef301d3e87385fd7a618ec16e97680271
io.streamlayer	sl-protofiles	3.102.0		76cdcaf011782d2ae2617aa2d7eb52697b6da5bf
io.streamlayer	sl-protofiles	3.103.0		b6afe9b9a9263648254c460450f83b4364088d21
io.streamlayer	sl-protofiles	3.104.0		6b57e2875bdc7f86afe3a71fdd2a5cceff01c91b
io.streamlayer	sl-protofiles	3.104.1		26855e1438ee273f46a05596f96eb86cc0665aff
io.streamlayer	sl-protofiles	3.104.2		4f44140bdca1cf3223305d0d4999dbf5bff1b14a
io.streamlayer	sl-protofiles	3.105.0		3e973d9275fec061b99fd26f0a385c2220860466
io.streamlayer	sl-protofiles	3.105.1		5af587a437e4b498b3ab9e6760a12cb7c4d92798
io.streamlayer	sl-protofiles	3.105.2		6759fdbbd7fea873e0cbc5cfaae6ff6f669f551e
io.streamlayer	sl-protofiles	3.105.3		acc4e5d4f7bee71121561f22315ddda80d6bf801
io.streamlayer	sl-protofiles	3.105.4		2f639d35b7ea56801158f22703c8d98b8c7045af
io.streamlayer	sl-protofiles	3.105.5		8e6fbf202ad62628b376a9d7c0d05313f2ed9074
io.streamlayer	sl-protofiles	3.106.0		4720f620ed86e2000da651f1b1f5337d0146b83e
io.streamlayer	sl-protofiles	3.107.0		d8598477c78366bca747f345303db06303655d8a
io.streamlayer	sl-protofiles	3.108.0		4626ee6e7b20810a8b0b560c0e3425e22e26f027
io.streamlayer	sl-protofiles	3.108.1		afc7dfa27f7c774c6bcb473b3378797ff9b689b2
io.streamlayer	sl-protofiles	3.108.2		410cde8f8ed534f7e3092a5a413945bdac86d62c
io.streamlayer	sl-protofiles	3.109.0		97cde998de55a9edb3be5258b51999faf1bcd5e7
io.streamlayer	sl-protofiles	3.109.1		a7502944d1143b7603093e8e9995c4d9329a3af8
io.streamlayer	sl-protofiles	3.109.2		8c176f4244d6ff2e29eb5c1ee392294c4b26837c
io.streamlayer	sl-protofiles	3.109.3		6dc65fa03bd357341c199faedb208ba920b91dad
io.streamlayer	sl-protofiles	3.11.1		402441eac36cb61e383d101b984d373b3161fee3
io.streamlayer	sl-protofiles	3.11.2		f2538085e918ad2ab59fa664170f2f869288e9a6
io.streamlayer	sl-protofiles	3.11.3		0b594755938556872ee33a738be6797fcfdc81b8
io.streamlayer	sl-protofiles	3.11.4		54753e7168db6295fbb9fea731d558f20cd77a8e
io.streamlayer	sl-protofiles	3.11.5		105159840df73299149d4884305154b1ae95bcbb
io.streamlayer	sl-protofiles	3.11.6		d52b061969f347881c8833a0ee0086b3e3e2a56f
io.streamlayer	sl-protofiles	3.11.7		01701681cd6e6d09f68f4f9e60f94375698c0284
io.streamlayer	sl-protofiles	3.11.8		05aa4dfa2281788407ebd18ae60a24fe837e6198
io.streamlayer	sl-protofiles	3.110.0		cf4f6b303d2139a7b8d3211ed0e2302bc7e15b80
io.streamlayer	sl-protofiles	3.111.0		ff4258149fdad442d76057a6839ad46174eb89fd
io.streamlayer	sl-protofiles	3.112.0		6e3f1969c74ec79075fcecd51e685153ec3f79b4
io.streamlayer	sl-protofiles	3.112.1		20c74614aaf1f2a40d9871a2972f4238edb41194
io.streamlayer	sl-protofiles	3.113.0		fa82d9c9af5d307f328ac4faad94fa1cfcaaf15f
io.streamlayer	sl-protofiles	3.113.1		acb3c57bc0564b693df5968d6a1f99a7f6471bad
io.streamlayer	sl-protofiles	3.113.2		4627bd743cf38ef63f1ff2d25d2eb942d780a83b
io.streamlayer	sl-protofiles	3.113.3		4804de5d7939fa18e9550e5bf16a240339ee5cc1
io.streamlayer	sl-protofiles	3.113.4		fe0e51c73ab8d256109dc6d68247ab952d3bb1ca
io.streamlayer	sl-protofiles	3.113.5		b6107628c101d3f4579e8a23f18b5bc283cb5809
io.streamlayer	sl-protofiles	3.113.6		0df2f87515a5a4f184d51a1d5c3f3c5dc9ac2324
io.streamlayer	sl-protofiles	3.113.7		7e7a23724f8a977243757b3712a3bd18cd3efd67
io.streamlayer	sl-protofiles	3.113.8		514b3e59690842f0905272c4eeafd5de91bbc95c
io.streamlayer	sl-protofiles	3.113.9		a09ae8f02d32d9135bab0ab33b703e5bcbe4ca44
io.streamlayer	sl-protofiles	3.114.0		fb6d52ef8438a3ef21c591ce7cbcd63432e218de
io.streamlayer	sl-protofiles	3.114.1		e864323eec6e41cf3afefd25105deee392627a44
io.streamlayer	sl-protofiles	3.115.0		eede40c08e200d528b12a4ea1427a2e6a488722a
io.streamlayer	sl-protofiles	3.115.1		1cc2c5f19153c9f40aba9496d6de4dd8d316857e
io.streamlayer	sl-protofiles	3.115.10		da8273ab6459c0338fad3b1fc545b0009eefd400
io.streamlayer	sl-protofiles	3.115.11		2097b76f13f2ffa3c82c563ae6800b7094e15102
io.streamlayer	sl-protofiles	3.115.12		ef985c30c2cfaca19eecd7f91f4815c4dcb46c1c
io.streamlayer	sl-protofiles	3.115.13		650d73eebf28bceedf0e8b4e77bc028721f675ab
io.streamlayer	sl-protofiles	3.115.14		744c6bb2bf2457c4256d1dd4318d33fdce77b156
io.streamlayer	sl-protofiles	3.115.2		1d8b90ecc0cc852fe945d7ad6d2a9153e6eaaa1c
io.streamlayer	sl-protofiles	3.115.3		69f629caff83c75eff7365fec83fb93038452452
io.streamlayer	sl-protofiles	3.115.5		a982912ff48226f05c7213a531656c2bfd368b80
io.streamlayer	sl-protofiles	3.115.6		216845612b44cff8c8fc8e8f397dce5a53cbe087
io.streamlayer	sl-protofiles	3.115.7		5472ba39a9adcc4abb83f81a01eeab4331b68eea
io.streamlayer	sl-protofiles	3.115.8		4a4ace6e319e88fddfc2907a58cd889ff918fdd9
io.streamlayer	sl-protofiles	3.115.9		6df8b997e9e566f41f873166b1472629a1158439
io.streamlayer	sl-protofiles	3.116.0		25321019a7246a650f73bd44bcba282b3eb2cd17
io.streamlayer	sl-protofiles	3.117.0		e9ea3aa7a864cd183adf7929c88d220a6360b09c
io.streamlayer	sl-protofiles	3.118.0		ed7c70a45f08b60f43d3f71088d9393abdf23141
io.streamlayer	sl-protofiles	3.119.0		1e7cf83ba6fc3d9fb325953fce17b85199b0e243
io.streamlayer	sl-protofiles	3.12.0		6e61d8e211d0996bbedb315a6be021cf4841b268
io.streamlayer	sl-protofiles	3.120.0		ceb6337e86eaf803769a5a9efa32553d4ff1b3aa
io.streamlayer	sl-protofiles	3.120.1		f057358b2886a6f6f7ae37273c0c44051ab2f68f
io.streamlayer	sl-protofiles	3.121.0		f09bb82cf0a515dad53dfaa957f396ddba5ec26b
io.streamlayer	sl-protofiles	3.121.1		82aa32dddbd680be7ec5039b9e5b2e5b44baef13
io.streamlayer	sl-protofiles	3.121.2		7095c8481e3a229e4afbc130121a0a92613e0fbf
io.streamlayer	sl-protofiles	3.121.3		453a918fd6edb614085a6b1a8b088411f13fe02f
io.streamlayer	sl-protofiles	3.121.4		b4839789a17c243b4a88b56b65e30c5b101a12e7
io.streamlayer	sl-protofiles	3.121.5		cf496f734c68c97a2992a941ebddb122b93dfca5
io.streamlayer	sl-protofiles	3.121.6		c2cdccee284c6e9a747b48cc94b8744b11686de5
io.streamlayer	sl-protofiles	3.121.7		e5b7d0c6b2c3e43edc2e6c5875c3d754db0153d2
io.streamlayer	sl-protofiles	3.121.8		6f6b47e8a9ae7654733243328625d13d7ddbf877
io.streamlayer	sl-protofiles	3.121.9		09a323daf45fda83979bd506c08d108f4504dd9b
io.streamlayer	sl-protofiles	3.122.0		0a3ec5a95ba7d8561844bee9eca40c64cead3166
io.streamlayer	sl-protofiles	3.122.1		c235d2eebc96b5b290ea773a1201e0289a8e9219
io.streamlayer	sl-protofiles	3.123.0		fcacc65547182e69d567ea281fd4941fd638917f
io.streamlayer	sl-protofiles	3.124.0		e1017a038592acae6af7d560d438e27fdab43c8c
io.streamlayer	sl-protofiles	3.124.1		49ad7c3290cd7c48def4f016492e8bda8d214d70
io.streamlayer	sl-protofiles	3.125.0		14357eacbcce6c84329dbe988d0035c359b05955
io.streamlayer	sl-protofiles	3.125.1		a529bce4b19ff26212015b679d9229f959339718
io.streamlayer	sl-protofiles	3.125.2		0e7a68ea0d748147bbf236064fc01436633f311b
io.streamlayer	sl-protofiles	3.125.3		fc9aa264e2c34279ce6a098064ca741ce71de090
io.streamlayer	sl-protofiles	3.126.0		944e9571792f75c7da2c7f3ea9676d95732e9d8b
io.streamlayer	sl-protofiles	3.126.1		f7dd29df93007e8b3f9a77debc8e20204cfe83ad
io.streamlayer	sl-protofiles	3.127.0		d3d8b84410daf694d8f6eb4e738f63942cb999e3
io.streamlayer	sl-protofiles	3.128.0		19df956b9370a83da90fbc54acf0bb52fc879e30
io.streamlayer	sl-protofiles	3.128.1		8e29faacdc02e2328a275cccfe4f88eb75632b56
io.streamlayer	sl-protofiles	3.129.0		e0063d5ef82dd1cc191b57fe7b97c3e042596f6a
io.streamlayer	sl-protofiles	3.129.1		0a3255f8b1c2016b7d4d33c9a37a46234eb8bb3f
io.streamlayer	sl-protofiles	3.129.2		d81376896e5fd039e282f248525d19136728d802
io.streamlayer	sl-protofiles	3.129.3		e5433f6d931aa6fb6d2e92acfc8f974dc4045eeb
io.streamlayer	sl-protofiles	3.13.0		4ea715e167b02b86f1716913378a4dce90076c09
io.streamlayer	sl-protofiles	3.130.0		0a12d27bd15f007cb95250fdf341877e90f900f0
io.streamlayer	sl-protofiles	3.130.1		7842c7f7725bda74ef31a2398299200272eb065d
io.streamlayer	sl-protofiles	3.131.0		09270f152b093963293b5449f688585f759eb9f9
io.streamlayer	sl-protofiles	3.131.1		65e3c39747a76f9a725661b3db5b88e6a414e9a7
io.streamlayer	sl-protofiles	3.131.2		cd6204a967af4f6783c1ee0dbd4aaa2367921b2e
io.streamlayer	sl-protofiles	3.131.3		84f8c3efd5f00ee462bfe7f247bba11a827635fb
io.streamlayer	sl-protofiles	3.132.0		d6566118cc2a085e65e6cb5fe23457e80343cf69
io.streamlayer	sl-protofiles	3.133.0		07452f9b786d5bcfd8b8663699f738caa72df177
io.streamlayer	sl-protofiles	3.134.0		8e71494d0191edcc2408a52191561d9b341af791
io.streamlayer	sl-protofiles	3.134.1		7577b692ca524097027af5a5b2d4b6caeb09912f
io.streamlayer	sl-protofiles	3.134.10		d8ec43c718e8051fb314941d478697daaf7d8d3c
io.streamlayer	sl-protofiles	3.134.11		1255ec6a0ecba00b2728f3cb20f2f2ed6deba7ef
io.streamlayer	sl-protofiles	3.134.12		8228c9b7ca8d9d5d692b07158a0e32f8dfce17de
io.streamlayer	sl-protofiles	3.134.13		c65852412861edff9800819c6788e1a353484c4f
io.streamlayer	sl-protofiles	3.134.14		5d63514b88ac3d3fbbff0c3c2d5e75623a1097c0
io.streamlayer	sl-protofiles	3.134.15		8a3d838302541a98063236100ce61f21c6d97d11
io.streamlayer	sl-protofiles	3.134.16		e737dc770042995f812290dffa1b064a9c4ca8e9
io.streamlayer	sl-protofiles	3.134.17		5fc94b8ae24f9b0caa59f81111b5826d9e5ab32e
io.streamlayer	sl-protofiles	3.134.18		6e089c2a2652380baf9ae3eb61882b689f3208f6
io.streamlayer	sl-protofiles	3.134.19		07e1b51d78ed829a9f24eb0ede2784a2a78bda11
io.streamlayer	sl-protofiles	3.134.2		008d6b4b465f7d882901a88ab5cb5b86259c3b14
io.streamlayer	sl-protofiles	3.134.20		220a099eea379072feee5e3f9363dcf00026eefe
io.streamlayer	sl-protofiles	3.134.21		213e3930d3251ff9f6c340aaa0d12238f897a9d3
io.streamlayer	sl-protofiles	3.134.22		5c1e97694172472decc62d146bd26e4a8987b669
io.streamlayer	sl-protofiles	3.134.23		9215a83d75b9d759c7126740237ab82b79b26148
io.streamlayer	sl-protofiles	3.134.24		a94dde571a101d64f0eec1bfe4d817287274354a
io.streamlayer	sl-protofiles	3.134.25		76ef2e3076296cb5e379e96a51046b338f291210
io.streamlayer	sl-protofiles	3.134.26		d635b6dab035f1f36a79cd07553a45bc2c8231d3
io.streamlayer	sl-protofiles	3.134.27		078b106d9d185006d8c08be77a3fb106a619fae6
io.streamlayer	sl-protofiles	3.134.3		701f2073fe228a419a89b6d624db15791ac2e9c5
io.streamlayer	sl-protofiles	3.134.5		7dcabf7cbc66a2229c07b739821e4d47e9c42a60
io.streamlayer	sl-protofiles	3.134.6		4abdd588d0a8c99ab3db4427e9ff6953b7c95de9
io.streamlayer	sl-protofiles	3.134.7		22252671f03d6ceda1d7982016b0afd928331768
io.streamlayer	sl-protofiles	3.134.8		e906d7a440c9d3ede07fb3e05a2e0c06f8ec79e9
io.streamlayer	sl-protofiles	3.134.9		9fa241a5b27008988d579af6f888e9c37b3fc6d9
io.streamlayer	sl-protofiles	3.135.0		2642a675449d7f64432eff1e67207ddc985a6d0e
io.streamlayer	sl-protofiles	3.135.1		cf21b58fb75c243c63e14e3f404b5bfcf770d1c3
io.streamlayer	sl-protofiles	3.136.0		e35e16479400200a4d072159627b69ea6b2790d2
io.streamlayer	sl-protofiles	3.136.1		4c6c585e8b83078afac1e17efca35d4c3d9bd000
io.streamlayer	sl-protofiles	3.136.10		193fa5c18c332ccd6b1c180335ededc67345e47b
io.streamlayer	sl-protofiles	3.136.11		2598684095a5f5afd35f0cfb5b2a1c844a92ff97
io.streamlayer	sl-protofiles	3.136.12		1140ef964f4305584c86e18006e5477cbdf34bf8
io.streamlayer	sl-protofiles	3.136.13		435ee89231503d2717c599a64202b14f7ddfc65c
io.streamlayer	sl-protofiles	3.136.2		9c4872378f6ebd104835b5e4948398c880a9b43c
io.streamlayer	sl-protofiles	3.136.3		28a6d10270ba9b885303833d7e422d2ec74e644d
io.streamlayer	sl-protofiles	3.136.4		2a6c57efa0ee75ffbbf330c0432ba4f4200e1bdf
io.streamlayer	sl-protofiles	3.136.5		f6016b5ffd96cfa18d4a6e3eaa2af36ff53ef1c9
io.streamlayer	sl-protofiles	3.136.6		0f64a10934697afff1ea324f76f29baf7c91f0ac
io.streamlayer	sl-protofiles	3.136.7		297630816af2024b238403f4c0fb8eb8d0b98a6a
io.streamlayer	sl-protofiles	3.136.8		95c9a26b1b85695939765075809bb992a446cb36
io.streamlayer	sl-protofiles	3.136.9		a5c2128ab773ae390aaa20c2787775525720bdb3
io.streamlayer	sl-protofiles	3.137.0		5582592c4259be0440274ecc6562ac7efaffe312
io.streamlayer	sl-protofiles	3.137.1		c7b94307e97e6383fe1e76e65691903a6461f12e
io.streamlayer	sl-protofiles	3.138.0		7eeb4d1f3efe29146d5d17b8fd44bb4f757eae20
io.streamlayer	sl-protofiles	3.138.1		537fa65277637175335ceb3beeae55aa109b59e2
io.streamlayer	sl-protofiles	3.138.2		480c9514894e0ba410ad536511ed32dc3efae5bc
io.streamlayer	sl-protofiles	3.138.3		0cce0131b99f7d0a1338d0f0bdc1045759d048fd
io.streamlayer	sl-protofiles	3.139.0		67dd8bc3c32ac54b4ccb45e2cf64924c44b17126
io.streamlayer	sl-protofiles	3.14.1		9b8326948ccbedcc5b245726ed73355221b0c9b5
io.streamlayer	sl-protofiles	3.14.2		2f829a41e5e42aaf76360817fcc6a093576ca5f8
io.streamlayer	sl-protofiles	3.14.3		76da355b93c6a42936e3d782537d4d8e7acd303a
io.streamlayer	sl-protofiles	3.14.4		e2056fb3e2a4810ac4c85b2c6da03e4b30af4f9a
io.streamlayer	sl-protofiles	3.140.0		a0ca693e5e63cb6ba0e094cdf81288b97a3df6b4
io.streamlayer	sl-protofiles	3.141.0		95c4535dc5a73579ca8990a2af40cf10ab196307
io.streamlayer	sl-protofiles	3.142.0		71497a6eea6d3a2ab5fda10bdc1ed816a7109bbe
io.streamlayer	sl-protofiles	3.142.1		b6df5db9a3d2874a9b10b317d9ba153b84925503
io.streamlayer	sl-protofiles	3.142.10		240ef1b3f84905726dd216b790a15cf70c9ed351
io.streamlayer	sl-protofiles	3.142.11		9c4502a60ad2f5ac3bce4e1a7bdcfc6eb4fd0e88
io.streamlayer	sl-protofiles	3.142.12		7483fd5f31b0cf95c2afb62c7e6c32207a8c1c83
io.streamlayer	sl-protofiles	3.142.13		302cb010bac8370a4085d8d5d06eaa745a532872
io.streamlayer	sl-protofiles	3.142.14		e9fa69fb3af71aa31cf67df0f048f93491e949da
io.streamlayer	sl-protofiles	3.142.15		7c8cac2aff70f7e47005ae51602a6841d0d28828
io.streamlayer	sl-protofiles	3.142.16		5f7c22c5507d0fbeee3a4b891ab8f278000e3e3b
io.streamlayer	sl-protofiles	3.142.17		a8c58bb4a6ef250ca5429b72e0196fd1f579f2ce
io.streamlayer	sl-protofiles	3.142.18		61c908d1f31a79c568f04c24e824df42a5517448
io.streamlayer	sl-protofiles	3.142.19		9f13470b72b713fe1f10bdbd9613a5a86afba60c
io.streamlayer	sl-protofiles	3.142.2		58e1cfc73338a7c47a58e3fd6bd09311cfc529b0
io.streamlayer	sl-protofiles	3.142.20		42dbdae809c6fc9d5f573f01e3d24e78dce7efe9
io.streamlayer	sl-protofiles	3.142.21		da75292ca94084973173a7de8a148baef45e09fc
io.streamlayer	sl-protofiles	3.142.22		41fb90e8c6aefc045571420b052c1b7c4684f63c
io.streamlayer	sl-protofiles	3.142.23		d0ce9ae9fb536fa7c60410e504dbd9238ada808b
io.streamlayer	sl-protofiles	3.142.3		69071e3dcac65edc678a81dcb3b51adb6f4a35cc
io.streamlayer	sl-protofiles	3.142.4		10591546080d21f1f3eb66a42d43045b2e481db9
io.streamlayer	sl-protofiles	3.142.5		49f08026314c85175747d7cbdacbb982b2f67d32
io.streamlayer	sl-protofiles	3.142.6		cf249f18b3f0251c10dbf6c2a2762ab5313f0f14
io.streamlayer	sl-protofiles	3.142.9		59fe17a082db3bbd086fe34444c9dfe7daee48f3
io.streamlayer	sl-protofiles	3.143.0		5a435a547063a5949d064b3120a716321b75b4b7
io.streamlayer	sl-protofiles	3.143.1		42920b6a7f8d0ffa6906b7a5ae3a4cecfd401dd0
io.streamlayer	sl-protofiles	3.143.2		bad9916cc6aebdfa8b3c684643a3c89b193aa151
io.streamlayer	sl-protofiles	3.144.0		25c45d6133497d1acc6e8d1f40230daf59e4e377
io.streamlayer	sl-protofiles	3.144.1		f22a3ddd67cd1fd6ce45b4a4c072083fb8cd391a
io.streamlayer	sl-protofiles	3.145.0		dab1358e8bbde8b8495e4010cc841b2a45c10b21
io.streamlayer	sl-protofiles	3.146.0		c5eb04de49dab594add0d7c1fab56949beece8d6
io.streamlayer	sl-protofiles	3.146.1		b62c0cccf6fdb13af17cd9b91f9061106f35c6d3
io.streamlayer	sl-protofiles	3.147.0		5447ccfc67131b29638dd0a57aa9a55f35746c8a
io.streamlayer	sl-protofiles	3.148.0		b8ebedfab43b98db01aea25300540c450f42f2cf
io.streamlayer	sl-protofiles	3.148.1		748435e77ff6f0dae84788908918f2ff79d7dd7b
io.streamlayer	sl-protofiles	3.149.0		673a6a1792c66976b8ba48c13ede0e36aa2a602e
io.streamlayer	sl-protofiles	3.15.0		3f332c29ad54a3f7ad78639939f52ec756c98d23
io.streamlayer	sl-protofiles	3.15.1		19c40a4df2e1408726fca9ab416dd7114de6fee7
io.streamlayer	sl-protofiles	3.15.2		8cf501759f70aa0d0ab3b11818069a4de18d13f6
io.streamlayer	sl-protofiles	3.150.0		63a3b11effb9f44ae6f0ab25538cd8e995cf6a01
io.streamlayer	sl-protofiles	3.150.1		75c86250336f15b5b4c9c30e9a5505f2d25cc415
io.streamlayer	sl-protofiles	3.151.0		abff45b314d3598ac9c94e5e5bd10ca582fe9aba
io.streamlayer	sl-protofiles	3.151.1		f802a6a975edd120596d0197bfae5cce53242103
io.streamlayer	sl-protofiles	3.151.2		b7c19ae771e2f260add8355a20edff96d627daaa
io.streamlayer	sl-protofiles	3.151.3		cce4e09f6da5d5640eb75f23aa8ab14280e1d8db
io.streamlayer	sl-protofiles	3.151.4		6c9452f26a64705ebc13c28135b8ac1a4bccb783
io.streamlayer	sl-protofiles	3.151.5		00d955ec9258e90bc42e3316ab7d61ca96788fb4
io.streamlayer	sl-protofiles	3.152.0		2fd57e30b492f76e0b307990b36085d3324940c8
io.streamlayer	sl-protofiles	3.153.0		26c46fdae619094b3b379a493edfc275a8877661
io.streamlayer	sl-protofiles	3.154.0		8d40ec0453773aef44ccd4c63c7050946ad8b61c
io.streamlayer	sl-protofiles	3.154.1		48571fea40aff314f39f020655eb579ed0fb1c59
io.streamlayer	sl-protofiles	3.155.0		bca321c540addbfc36194c1f10884b25c24cd6e9
io.streamlayer	sl-protofiles	3.155.1		ee317b460733ab4728283a9a50f02ee77d4a49a5
io.streamlayer	sl-protofiles	3.155.2		9aacada00d74a45e1ffe761b1214271e8ff0b52c
io.streamlayer	sl-protofiles	3.155.3		7d97d8d7aad80ebc4eafb393056557c97d662a54
io.streamlayer	sl-protofiles	3.155.4		166c0419643bc1892456f789b29acf6688069401
io.streamlayer	sl-protofiles	3.155.5		dca3642da2ee0ed529bf4fb63427c4cdf169a0a8
io.streamlayer	sl-protofiles	3.155.6		12518dbfa51007a21693a88127b8d151bfc8bcbb
io.streamlayer	sl-protofiles	3.155.7		cba324202ea5cb29336b3cb77bf47213a924d645
io.streamlayer	sl-protofiles	3.155.8		d2044d5eb8979e837384ef7120520227e4d2e7ba
io.streamlayer	sl-protofiles	3.155.9		20c44ab6643989e5b3be273c1c055657eb50133a
io.streamlayer	sl-protofiles	3.156.0		b6123ab689843868677c607a936eee3c1eb9bcb2
io.streamlayer	sl-protofiles	3.16.0		9bf691d29f864383dc0707b3f5df37a58dc846af
io.streamlayer	sl-protofiles	3.16.1		995ceac4a61ea38eb73f91893db9951490f6db80
io.streamlayer	sl-protofiles	3.17.0		27a632a3048f85a32ce23216354c66353bcdb9d1
io.streamlayer	sl-protofiles	3.18.0		7d81ae3e4207012463eb2745571b8c76d990486c
io.streamlayer	sl-protofiles	3.19.0		c65cd08ec1858f9fafa07bf47c521de60f02a92b
io.streamlayer	sl-protofiles	3.2.0		32ec2954a7d4471c81b0f72091cdd013bce6a2c8
io.streamlayer	sl-protofiles	3.2.2		d633f0ba641dcafefb9770b869b2497a87352d85
io.streamlayer	sl-protofiles	3.2.4		e029967261fb7eac61b48e72c8dbdf6e3dca8c3c
io.streamlayer	sl-protofiles	3.2.5		c9c1dab52dc36c293ef1680843f925d8244d44ce
io.streamlayer	sl-protofiles	3.2.6		e295290b424b266e436e8c05b3785abc28ace9e0
io.streamlayer	sl-protofiles	3.20.0		e136242639fe61ccca3ee5dc5d9f3739a624e26a
io.streamlayer	sl-protofiles	3.20.1		917b4c900e2138bb2a8b3490cea6899c2641ae7b
io.streamlayer	sl-protofiles	3.21.0		a3d52ff30e692e222416d8f7c49c03421b20871c
io.streamlayer	sl-protofiles	3.21.1		4be8db7cd4017daffc388ab90bbe449181d24bf3
io.streamlayer	sl-protofiles	3.21.2		92c61d3667f7d74404672dd7d4bea65b24e4576d
io.streamlayer	sl-protofiles	3.21.3		ecc3e8edb9cd4847d6a1f30de67ef0799e5c0788
io.streamlayer	sl-protofiles	3.22.0		1d73be816728f5305843f2ec196afafa2112ca2d
io.streamlayer	sl-protofiles	3.22.1		d4d1f5cc0fad9f50c9489e302514b55821e75a84
io.streamlayer	sl-protofiles	3.23.0		c4412067d75e05077ccf0ba103bdf6643f19f9c6
io.streamlayer	sl-protofiles	3.26.0		8f54ccaaf02cb79e90250cefbb5399e0760ccc12
io.streamlayer	sl-protofiles	3.26.2		e8f63ff3fcafa2f48b83cca41ce51a6df6333638
io.streamlayer	sl-protofiles	3.26.3		5feeaaef93c3754871e295c7314716f6f1741c53
io.streamlayer	sl-protofiles	3.27.0		cbdc25d14f48ca1bc564cc8b9db94c20e71a3e71
io.streamlayer	sl-protofiles	3.28.0		ccca58dbdcc4eec830a6797b637ea6123f75fbfb
io.streamlayer	sl-protofiles	3.29.0		1824e087ee00332f8daf23c9c0292338ebff6c2d
io.streamlayer	sl-protofiles	3.29.1		6bddcdf5087b20cbdc9d87b6fbfd7ccf597d9298
io.streamlayer	sl-protofiles	3.3.0		c1838fe8e7f7859f713b5434f8e32aab4f6a6cb9
io.streamlayer	sl-protofiles	3.30.0		231d16b93b472e051adb107c2e6ba550d28b96a6
io.streamlayer	sl-protofiles	3.31.0		5a18355be87331a5cb18bbb6a3ef4107064f538f
io.streamlayer	sl-protofiles	3.35.3		d07017f49312da70d4bdfa0ddc4ea04f8275a8b4
io.streamlayer	sl-protofiles	3.35.4		edfbcbe564b2665cb99f43e4ca91fa329b4bff13
io.streamlayer	sl-protofiles	3.35.5		a74d1cd61f40d411783ed6260511fb7c7ef43900
io.streamlayer	sl-protofiles	3.36.0		e6874c235ea43ec18e882570ce7baa0735dbd5a7
io.streamlayer	sl-protofiles	3.36.1		505fa028fa877c4b883b99bc553767112c5c2a4c
io.streamlayer	sl-protofiles	3.36.2		089f802200e3de477a581a832d032728d6f6acee
io.streamlayer	sl-protofiles	3.37.0		dbaff458e07d55aba4821bb360bc616f33cbad6a
io.streamlayer	sl-protofiles	3.37.1		60947ea47809d6f322aadd8fd3afff5f6beb5d6f
io.streamlayer	sl-protofiles	3.37.2		b352fd24f8340c3efb4f620feb24924879682cbf
io.streamlayer	sl-protofiles	3.38.0		9625995aa9264cdc9f606333d0cd6fe7d625a02a
io.streamlayer	sl-protofiles	3.38.1		2b233ceee13eb7cb2b5502fdba8a6c9aad857390
io.streamlayer	sl-protofiles	3.39.0		5516eeed78efe017a2e6f59daeaea2f50088201b
io.streamlayer	sl-protofiles	3.39.1		427f4025732ea9df71489140ae267e513570ac5d
io.streamlayer	sl-protofiles	3.39.2		36a8d32c5263cb7abf20300fca54e89038cdced0
io.streamlayer	sl-protofiles	3.4.0		a6d946857e001d8274b8d547de0a4b7b454cae39
io.streamlayer	sl-protofiles	3.4.1		7cd8d3c48d9d43545f5ffc0ccb770a9a9a9cc949
io.streamlayer	sl-protofiles	3.40.0		4b0d3172e096cd2c27d71872246167238e488ec8
io.streamlayer	sl-protofiles	3.41.0		d6789e0c01f3f3d382cee06ef10f2b0901019bf0
io.streamlayer	sl-protofiles	3.42.1		a13fbdaa145efd90939acf0ecc41c1af8512126b
io.streamlayer	sl-protofiles	3.42.2		87316b73b0bafbf7db182d5f7c795632877c36e7
io.streamlayer	sl-protofiles	3.43.0		2df3510b3e3b70920ee12b40647ad4f052651672
io.streamlayer	sl-protofiles	3.44.0		22efdf4806d606df2310265971c77cd9a9cdd895
io.streamlayer	sl-protofiles	3.44.1		9600f75a2c4293940852da6d5632980a533ce867
io.streamlayer	sl-protofiles	3.46.0		b17489563796aeff1b77dab5f29a8b1b0a845a71
io.streamlayer	sl-protofiles	3.46.1		a18e5d87e9890debcef9f8e092e1f923f6136429
io.streamlayer	sl-protofiles	3.47.0		681818c851982b2e1c8ce7300784e14280dab3cf
io.streamlayer	sl-protofiles	3.47.1		a930383b15152ec453ba16b1805d99a82c509d5c
io.streamlayer	sl-protofiles	3.47.2		485e2ee902f9c8d3ec53594c9084925a79f24595
io.streamlayer	sl-protofiles	3.47.3		f04cb3c50226c9adadc6937003cb6584b938c089
io.streamlayer	sl-protofiles	3.48.0		01a82e62868752acd76a5b58a8b541a05a01d0b9
io.streamlayer	sl-protofiles	3.49.0		5620ed074af90d5007f877f1fe7bc57b17c94a64
io.streamlayer	sl-protofiles	3.5.0		d9e0e51befeef833a1b588820aa5e4ce4630dab8
io.streamlayer	sl-protofiles	3.50.0		89d8a5beff2c0a8af103e93f1e81e13ef2abd9b0
io.streamlayer	sl-protofiles	3.51.0		908f1177da223db81ffd22284cdd0968d7254b97
io.streamlayer	sl-protofiles	3.51.1		5dc8cae97b2916c44d1bde4a5ca8f2759386ed56
io.streamlayer	sl-protofiles	3.52.0		86b3d705523317823c7d3c7a396bc72a08d4428c
io.streamlayer	sl-protofiles	3.52.1		2cca3f8f429d4277dd339445dd4c1aa5f1d86d12
io.streamlayer	sl-protofiles	3.52.2		445a4c72eca9aef49f7fd347716eb8b0766a560a
io.streamlayer	sl-protofiles	3.53.0		7ee91f568b1f60dfe1d8d1cc42842294007cced7
io.streamlayer	sl-protofiles	3.54.0		d920f3dffc1a33b13985692851ba4f120acdf2fa
io.streamlayer	sl-protofiles	3.54.1		0a9b244b39d4a1333a38de548a16d1840f0a4b48
io.streamlayer	sl-protofiles	3.54.2		28ac02e8184d082ef749c043c5c042dc683815fb
io.streamlayer	sl-protofiles	3.55.0		c454a9e9247a35541ec45ae1ba01e853e3c72c49
io.streamlayer	sl-protofiles	3.55.1		c0fcef09d5bec70fd6f3c86ca728a90d88becfeb
io.streamlayer	sl-protofiles	3.55.2		9a2e048e237d70255ea3fed204cb39f9b88d4730
io.streamlayer	sl-protofiles	3.55.3		d8fccd1dc0a1f08f0b9f267a5183bf914e6d3c66
io.streamlayer	sl-protofiles	3.56.0		b4a4e2d6a5c75ad03f4e2761a94acd8607aad371
io.streamlayer	sl-protofiles	3.56.1		22f682ebfc671757677a39d56eab29f89e83f56d
io.streamlayer	sl-protofiles	3.57.0		e9d38180a5426a8da16cf64dc52f01289a8b8eb2
io.streamlayer	sl-protofiles	3.57.1		404736ba8c6c5df0a775fca01b4fd71c6a1d2b79
io.streamlayer	sl-protofiles	3.57.2		9803fa211d323e86946e713f710cb3a47aceb506
io.streamlayer	sl-protofiles	3.57.4		a68bb81d39e9329b6a6a98cdae93eb435bb991db
io.streamlayer	sl-protofiles	3.57.5		a8a5d3bfaecfd59abbef58e226e4fca10a7153d0
io.streamlayer	sl-protofiles	3.58.0		b5f12c7c113a882d3cb87b1bc8fde2d781e5f50d
io.streamlayer	sl-protofiles	3.59.0		9b6f3ca74656c18c171dc5ba3ffa026cb3ab1f95
io.streamlayer	sl-protofiles	3.59.1		570311f0aec44ad8d0300252213561a4b1b13b56
io.streamlayer	sl-protofiles	3.59.2		cdff921904a6a1c24c43ee5e27c217533d4ff3eb
io.streamlayer	sl-protofiles	3.59.3		5fb97d84c38075563e44e278d732137dbad4adc4
io.streamlayer	sl-protofiles	3.59.4		f287ea25e5384bfa46df3b18476c4d319935255b
io.streamlayer	sl-protofiles	3.6.1		d380a5e876f4edb600a959c07ff2f4c2cce4ebf5
io.streamlayer	sl-protofiles	3.6.2		d8d8e300bd4a83f5d82ff84a68e7c5f289e9f429
io.streamlayer	sl-protofiles	3.60.0		4e61703836ad8612603d2d3903f04facfad5e5c1
io.streamlayer	sl-protofiles	3.60.1		9a160a4e7c3adc772d68296d9c3d110214e8cd96
io.streamlayer	sl-protofiles	3.60.2		4402bc5f9acef0e9dd4f83ac3ce2692c16cee0c6
io.streamlayer	sl-protofiles	3.60.3		12ef76a51c822013946651f51605fec5c0b86ea1
io.streamlayer	sl-protofiles	3.61.0		5d4daafd83ccd05d391bbc5f2e2da612e1b50b25
io.streamlayer	sl-protofiles	3.61.1		fe4c2a09d9397330e7f8fe6822bca3bede9a2ff4
io.streamlayer	sl-protofiles	3.61.2		bf7d3f23a7b0001ef702e21b5731da18d9be6131
io.streamlayer	sl-protofiles	3.62.0		887e7e71ce4690d0603c47cfdee791b36afbdc17
io.streamlayer	sl-protofiles	3.62.1		c5c8ddf76b4f94400dbb86650f08e16a233fb80c
io.streamlayer	sl-protofiles	3.62.2		eee1cf3618caba6f921b4cc8cbb3208ee80f870b
io.streamlayer	sl-protofiles	3.62.3		8e336dc87507028fc427148e1229d4a9d152e66f
io.streamlayer	sl-protofiles	3.62.4		ada941499c78aae77903ae87fef0e9024a8da5da
io.streamlayer	sl-protofiles	3.63.0		6215a77b0434b9048814f52a8a080daa5d762ced
io.streamlayer	sl-protofiles	3.63.1		8a023cf5b5f8786b306e5f77e9f2e79d7c472b94
io.streamlayer	sl-protofiles	3.64.0		137885c6dbd03008e1cbd2c5d2afd57e33573ba3
io.streamlayer	sl-protofiles	3.64.1		875095b98c922ad259cd8a84aab2dae619d761a4
io.streamlayer	sl-protofiles	3.64.2		fc282b4404537744ae468c09b62eebe6773e4314
io.streamlayer	sl-protofiles	3.64.4		0230028001cbcaf4eb2036e3b4a2534c95d62024
io.streamlayer	sl-protofiles	3.65.0		d9ada6e2b046b5cf8a85cb52b02ef41138db957c
io.streamlayer	sl-protofiles	3.65.1		0ae026e47cddbd62a947bf6371286a8e26341298
io.streamlayer	sl-protofiles	3.65.2		58d40d1429755fa6dd30936f2d5565d9234e5aaa
io.streamlayer	sl-protofiles	3.65.3		e53895206687345b118b3cf496e9bbd91f296567
io.streamlayer	sl-protofiles	3.66.0		3dcd6d45f040526ea29a8f223ede6fcb609cf9ae
io.streamlayer	sl-protofiles	3.67.0		ee0e757245c0a03cb55ba8bcc4b8c6468a0fa649
io.streamlayer	sl-protofiles	3.67.1		4c7c32542ea4a74209beef2dadca858e6e5e9803
io.streamlayer	sl-protofiles	3.67.2		7e1059045e81a35297f48380adb40e94187c7836
io.streamlayer	sl-protofiles	3.67.3		600405db6408f3cfdea547e1707e4a907565b2bc
io.streamlayer	sl-protofiles	3.67.4		4eef64c0e1ace8f5072f31318ea79a7ad66615f3
io.streamlayer	sl-protofiles	3.67.5		9f045334114baf545d7a70e24543909095136e5c
io.streamlayer	sl-protofiles	3.67.6		c3d6565605066898d1c5199097fc521597825d65
io.streamlayer	sl-protofiles	3.68.0		4a0a8a27c4e2b6f02c61c25c3009429b13a1836d
io.streamlayer	sl-protofiles	3.68.1		88bada381e9853791147219e88ef6cdad4880892
io.streamlayer	sl-protofiles	3.68.2		c07dba859e19b7008bbfd2b2dc0a0732396d82ee
io.streamlayer	sl-protofiles	3.69.0		99b34fb043ab0cf3c414ccd031c5197e452fd40e
io.streamlayer	sl-protofiles	3.69.1		07c7ddf75336e8d35e6350a226b0aeb8c7b22159
io.streamlayer	sl-protofiles	3.7.0		d5b3744f22df60266c23390e6d7a5399eaae1394
io.streamlayer	sl-protofiles	3.7.1		33bbf95e1f776edbc95b5f5110bc5b235d006189
io.streamlayer	sl-protofiles	3.7.2		4778b4685dc2f221d4b86fbd3309cf2d92fb5d8a
io.streamlayer	sl-protofiles	3.7.3		b00a74b7a3f9ff7cbf68a225d5e28bb66dbb7095
io.streamlayer	sl-protofiles	3.70.0		a69eef1f2515455ebf05ea4c37d98645be1698ad
io.streamlayer	sl-protofiles	3.70.1		51754ed6d82ee897a4f167e90d3ceea386fb7e59
io.streamlayer	sl-protofiles	3.70.2		bad4e20239ea0834c93184183c5065b5de46b972
io.streamlayer	sl-protofiles	3.71.0		e53e362aba3180ad85403208544fbc884000030c
io.streamlayer	sl-protofiles	3.72.0		27728a4c6047842ea68c5b7f05d9e44220101b66
io.streamlayer	sl-protofiles	3.72.1		cd9576f2bd1e33318032bc10ed3e36e37fb956f9
io.streamlayer	sl-protofiles	3.72.2		f6eab5cde241775c31cb8d7b11c7ed38eec627e1
io.streamlayer	sl-protofiles	3.72.3		83e47fb0ad8a193711fbdac2cfb162cddde4dde3
io.streamlayer	sl-protofiles	3.72.4		16720ad9d08a86de18765d420a216a2c077e1a3f
io.streamlayer	sl-protofiles	3.72.5		ef35f55982765c1595975c5f15bbde81eb471796
io.streamlayer	sl-protofiles	3.72.6		8de3b664fb69a1837eeec0c107160f9cb2627b9e
io.streamlayer	sl-protofiles	3.73.0		fbb2abc7d5d2883368f62e1814d1c96065d7fd86
io.streamlayer	sl-protofiles	3.73.1		95ff3fdc6cdd4ecb2aa6eea9084ff19d1d4a2f06
io.streamlayer	sl-protofiles	3.74.0		9862bd8b311dddea9db8834cf289c3d33564cf89
io.streamlayer	sl-protofiles	3.75.0		666a68234e5a284333dcca3e57b147813a02171b
io.streamlayer	sl-protofiles	3.75.1		14ef36facb600b26b602a4672692ec4fbdd88c6f
io.streamlayer	sl-protofiles	3.76.0		f5a1eccb1c4685c5131433896defe4481f733f23
io.streamlayer	sl-protofiles	3.76.1		2b48786d34d338856760a027ac0ec8bff4f8eb34
io.streamlayer	sl-protofiles	3.76.2		cf9695714309b35a19f5b814f24daa61e7f97603
io.streamlayer	sl-protofiles	3.76.3		6768b6d779cfe227021493f17bc0d37e8fd1f5a0
io.streamlayer	sl-protofiles	3.77.0		d7233cd56723c3f75fd1bd90da19ae155f95ff38
io.streamlayer	sl-protofiles	3.77.1		3e92c229b689e0371760baa303b575bf3e6ef30d
io.streamlayer	sl-protofiles	3.78.0		d94cede15d7b1f5a9b353442dad0fff2c8e47a54
io.streamlayer	sl-protofiles	3.78.1		185267cb848c07490d3b839a2b944ee0cf9ff817
io.streamlayer	sl-protofiles	3.79.0		33f0f3e64847587f5816381457af9a300f8013f3
io.streamlayer	sl-protofiles	3.8.0		43dfc1c28b1ef0f82250a46da321e41dd8c927c1
io.streamlayer	sl-protofiles	3.80.0		1b2e2abe83e520b5e9f8559a4c2cb01f77633fe8
io.streamlayer	sl-protofiles	3.84.0		315e3aa07096e91150c02c48d0a488251f92643c
io.streamlayer	sl-protofiles	3.85.0		a1ea160fa14d876e235f143fb1b9167a4d956b97
io.streamlayer	sl-protofiles	3.86.0		f450c40ac4833c90606f5e369ef8bdf03531de43
io.streamlayer	sl-protofiles	3.86.1		6f9286258c3a07d87e2ab6a72ef961a6157bcac1
io.streamlayer	sl-protofiles	3.87.0		91070462528d8b1e469660d0e96ec07e581383e1
io.streamlayer	sl-protofiles	3.87.1		6ad696bb72eacf804b09e9ede5d25e2f56dc97b0
io.streamlayer	sl-protofiles	3.87.2		65fb02b2e89ecec69e06618063bddd6801565aa1
io.streamlayer	sl-protofiles	3.88.0		075136cb7742c12c6cc9a5732287ac270dada085
io.streamlayer	sl-protofiles	3.89.0		c68da74b70107fded41c347dc88934d94f272315
io.streamlayer	sl-protofiles	3.89.1		f43a0061702ae1c91ac814a97e60d4a5613a59f9
io.streamlayer	sl-protofiles	3.89.2		ecaff4cd7980a4af061ddb044ddf16c455b73183
io.streamlayer	sl-protofiles	3.89.3		82f1908fe2d5f193eacb8973c372dee3be4da898
io.streamlayer	sl-protofiles	3.9.0		ef81342d11678c511221666b1eaa90a4f7a420a8
io.streamlayer	sl-protofiles	3.90.0		632213fc77848b853bb395e6f581969727b25291
io.streamlayer	sl-protofiles	3.90.1		69625bbbcfc2a2b55f31aebdba65811a5a0eca96
io.streamlayer	sl-protofiles	3.91.0		b297551dcd427b6b175fa3044ba351d02e54ecc9
io.streamlayer	sl-protofiles	3.91.1		cb8b1dd3996e7d6e88c6d576de3ff403e1ea020a
io.streamlayer	sl-protofiles	3.93.0		5d1a4691a1e9419d2e06fd1bdb30191f37ab60af
io.streamlayer	sl-protofiles	3.94.0		6128da079c2a78fe88cfac4fe445f09e92cf45db
io.streamlayer	sl-protofiles	3.95.0		24528dd4288eb4c4ebcc620f899b596938b34503
io.streamlayer	sl-protofiles	3.95.1		8ad205a1547fce2b5cd2dffd011b9b0d5df6f628
io.streamlayer	sl-protofiles	3.95.2		1a40b03423b5df6026813989dcfa76f93a50cd19
io.streamlayer	sl-protofiles	3.95.3		05e131ad472f7e5921c97d8703d9f7d9ba97ff07
io.streamlayer	sl-protofiles	3.95.4		c3391e68997a2a7af728fb0702460768f7ac19f1
io.streamlayer	sl-protofiles	3.95.5		0363b7839f1aa07ed532ca134871a4ea985ee320
io.streamlayer	sl-protofiles	3.95.6		aab4ead686e5d83ad2f10fddadcbde0e5ba886c5
io.streamlayer	sl-protofiles	3.95.7		e57106af3ac8366005c1da7da0450ce0938d67ff
io.streamlayer	sl-protofiles	3.95.8		7430c35640a633869242cf7fbb7b411c26f6d06c
io.streamlayer	sl-protofiles	3.96.0		3baa9dface47e9f23e928b784e0bb4ec3a274c1b
io.streamlayer	sl-protofiles	3.97.0		4f80c5dc97a9f049d33c8179d09ec2bc8c578967
io.streamlayer	sl-protofiles	3.98.0		56c6b66ee5c99a958c4a6ee36269c30a80542406
io.streamlayer	sl-protofiles	3.98.1		7c71a9df11a2bc2e177e94d5bca67c9ecbf93cb9
io.streamlayer	sl-protofiles	3.99.0		f29abac6bd8f93d0889b734b18dd1104a0c239eb
io.streamlayer	sl-protofiles	3.99.1		10587ba1c6c3f69f116f5c918ac5b2fc59d35509
io.streamlayer	sl-protofiles	3.99.2		381045bad97c8fe8d4abe7be1811c8d20e700811
io.streamlayer	sl-protofiles	3.99.3		7acb34da7f790619f68376c86c0e1bbd4152b470
io.streamlayer	sl-protofiles	3.99.4		9ea3164f99d5292f4d00fa9fae701fd6168d3459
io.streamlayer	sl-protofiles	3.99.5		2ac94ccf148084febcca58e7ea17b15bd998c9ea
io.streamlayer	sl-protofiles	3.99.6		db0d3834c339851d2f15ff4ce4e7eb0ae74e5d8c
io.streamlayer	sl-protofiles	3.99.7		cc218bfa1e73360525bc4df2740dbd10ea4fd47a
io.streamlayer	sl-protofiles	3.99.8		461b216775feeb25326d3a10e1e3fb9e5cea09ac
io.streamlayer	sl-protofiles	3.99.9		4870aa44655e74f16b762c32233c7fb4155cb976
io.streamlayer	sl-protofiles	4.0.0		a0d946ed0dd55fa6d568dbbe253988fc5885d474
io.streamlayer	sl-protofiles	4.0.0-next.1		ded9dc503a401270d36b3d084a2787c899421de7
io.streamlayer	sl-protofiles	4.0.0-next.2		a4a94fd51eb9d8ed1574649b39c366e5a8d89a80
io.streamlayer	sl-protofiles	4.0.0-next.3		897b5bbe750d420cf4c585dd2519a7b98baf48e2
io.streamlayer	sl-protofiles	4.0.0-next.4		6d81021ff8be7f008e975627007dff3721ebace0
io.streamlayer	sl-protofiles	4.1.0		bb1cc35bbc6bdb2c7d928fd71655a9df4211eb48
io.streamlayer	sl-protofiles	4.1.1		b2aa571e54982a8e8b8bac7632b7393905b681f0
io.streamlayer	sl-protofiles	4.1.2		c8eca11389575e02580a2419bfaebdd7e5926fe1
io.streamlayer	sl-protofiles	4.1.3		7580c68a136a3bedb1f21acc4dca7cb509e51350
io.streamlayer	sl-protofiles	4.1.4		062639144c201623694500f85fa963db0007e06a
io.streamlayer	sl-protofiles	4.10.0		0e59b596a40f8ad162a11fb0dd06c359e5289bfd
io.streamlayer	sl-protofiles	4.10.1		81cb5911965a995b3c9e5da3e8bce08f35eefed9
io.streamlayer	sl-protofiles	4.10.2		db71703e0aa9fe62f937926e618a90609e2312e9
io.streamlayer	sl-protofiles	4.10.3		b7a11c5360e0837ae9893a1349efe1c08649e954
io.streamlayer	sl-protofiles	4.10.4		c69e0b6cc871df2d14bb6c98691451ef8874ad7b
io.streamlayer	sl-protofiles	4.10.5		fec3673b89cf63cf9aca3c3aeff130eeee93f6d5
io.streamlayer	sl-protofiles	4.11.0		e2fc4ad5450711d87d8d50c8aa90cd9641bdfb36
io.streamlayer	sl-protofiles	4.12.0		acac7c58cd8525ce99d42d6cbd49ac8b3e69c0e3
io.streamlayer	sl-protofiles	4.12.1		184bfd6863432f894c7de378ef2714452ee4eae0
io.streamlayer	sl-protofiles	4.13.0		d31b682fc9c6ab47750ae601f873dd895710adbd
io.streamlayer	sl-protofiles	4.14.0		704087956df4265a56bf5d0a4ccd34016ab87e08
io.streamlayer	sl-protofiles	4.14.1		562c1c735d2dd97e439eb32a901c4756f74a462c
io.streamlayer	sl-protofiles	4.14.2		78b0bbcb04298a321cd04bf2162c76db09598693
io.streamlayer	sl-protofiles	4.15.0		74c32993a121540a075f6f4392b8ecaa4b828192
io.streamlayer	sl-protofiles	4.16.0		4c2477f8362ec2051750bf88f1cb7bf64fef052f
io.streamlayer	sl-protofiles	4.17.0		e7f47b3582ab0ade5f26583f3e524261ac2bc647
io.streamlayer	sl-protofiles	4.18.0		1ed4d51d0769d4dc52900115fc615851d986f531
io.streamlayer	sl-protofiles	4.19.0		db698bb9ece6010224a79148ce4f67f4a0f54b9e
io.streamlayer	sl-protofiles	4.2.0		68e767054557c27eee12d68d9ffb708203528779
io.streamlayer	sl-protofiles	4.2.1		b79cf7634362d5487f5dd0bade0357eb2f7d5ac6
io.streamlayer	sl-protofiles	4.2.2		44606914315f07afd4e39577f031c00785112973
io.streamlayer	sl-protofiles	4.20.0		203cf855c532fb22dc8d116fc63d7d8e9402289b
io.streamlayer	sl-protofiles	4.20.1		66a33511602fc07c5f8d0c65bb4e4b2d721d2b3f
io.streamlayer	sl-protofiles	4.21.0		5128778d5c8df178edab0e129026eb6ddd369cf7
io.streamlayer	sl-protofiles	4.21.1		2610cd6fce96e37d84df6932c5ac4bcf69a6814f
io.streamlayer	sl-protofiles	4.21.2		f83592994821faf6a846c9c7f8ef11fe7033300f
io.streamlayer	sl-protofiles	4.21.3		cd12f98db86033968d570a3661497ceac0361840
io.streamlayer	sl-protofiles	4.21.4		3377cef54ec1e74931e46510e398f1bd780f2bcc
io.streamlayer	sl-protofiles	4.22.0		92f319d9c1cc2829116c35e6c1f82d5a78dee854
io.streamlayer	sl-protofiles	4.22.1		550d9aea35649f31d1d80f973b4569a67551add9
io.streamlayer	sl-protofiles	4.22.2		2e10928132b762d7255c2bf780c1dc4d0f89cd10
io.streamlayer	sl-protofiles	4.23.0		51cc4b03df2a039146075e2ee03a5d53caa60b69
io.streamlayer	sl-protofiles	4.24.0		661efa75d57b1b4c6e4bf847214de5ec22451fb9
io.streamlayer	sl-protofiles	4.24.1		43e269b9553516ffa32c1d59db10a624da0d031a
io.streamlayer	sl-protofiles	4.25.0		ac56fef6adfbc1858c352acab411e29a428cee39
io.streamlayer	sl-protofiles	4.26.0		9c6d7b1fc2409144ace0599272d8696bdf1ef412
io.streamlayer	sl-protofiles	4.26.1		58703367206bb3d8a523dddfb822368e8d9a37a5
io.streamlayer	sl-protofiles	4.27.0		0e6a0969bcd003fdf6fd14cd74b09428585851c8
io.streamlayer	sl-protofiles	4.27.1		cf14c6d40ec1913a1ccef9610808ce141f2308cf
io.streamlayer	sl-protofiles	4.27.2		b4402ce9b6ff3d617a40fca0dfbf6080fdb46ffa
io.streamlayer	sl-protofiles	4.27.3		10ca12fd32aa721c4adcfe206f868bcfa2ebf2c1
io.streamlayer	sl-protofiles	4.28.0		a942800a64f65f7cd51258dbe1c0aa468f4ab904
io.streamlayer	sl-protofiles	4.29.0		38b8c058b01309b976e440da8542c46305b920e9
io.streamlayer	sl-protofiles	4.29.1		92fd3edf3a17036a703a905cb2231e3f31288d06
io.streamlayer	sl-protofiles	4.29.3		645995b51232403f390c4b02c0bc45432c1a9560
io.streamlayer	sl-protofiles	4.29.4		f6f05bd67e0f74dea9a85c6375938571335d7f16
io.streamlayer	sl-protofiles	4.29.5		e5894f8815ec677ea8b9010f0c0fe2de24fe8e10
io.streamlayer	sl-protofiles	4.3.0		85763a79a7edb90ff6669b1cf1385eed9da97398
io.streamlayer	sl-protofiles	4.30.0		329008db32f29097a2e162567028ee9535c7575f
io.streamlayer	sl-protofiles	4.30.1		3760ed2be9d0342d7462efd70fb3722b84da0273
io.streamlayer	sl-protofiles	4.4.0		4a45248a5f9c4138dc2bd3ada962ef76eeb49bc0
io.streamlayer	sl-protofiles	4.5.0		2f535200805e61cd4f1b3e117a5effe903818477
io.streamlayer	sl-protofiles	4.6.0		8a67dcd33bb2914e41f97c02e32e8ca10eb83215
io.streamlayer	sl-protofiles	4.7.0		9e20bb1814b4381ca16734b73643754ad7fb6e78
io.streamlayer	sl-protofiles	4.8.0		b2154060ed10e81856201e2b3ed9609ad490e496
io.streamlayer	sl-protofiles	4.9.0		cb121011f7b4901d134d5a50acd1ab5c4771f1bc
io.streamlayer	sl-protofiles	5.0.0		1f2c823be47b4bf6f361ee53198d19b186ec27ac
io.streamlayer	sl-protofiles	5.0.0-next.1		1d51b684d3310f4a700295c0053336309832f1b3
io.streamlayer	sl-protofiles	5.0.0-next.16		14b0d16a353370c6f21bf194ee3a84b29fd0a1dc
io.streamlayer	sl-protofiles	5.0.0-next.17		621c17febde03db1a0a7580e6d6a7710a29d5f12
io.streamlayer	sl-protofiles	5.0.0-next.18		120799f9dd0475597ce0f10a808628f03b8185ef
io.streamlayer	sl-protofiles	5.0.0-next.20		9eb99abc117ef86f859ace617fa3c6cc78c2c518
io.streamlayer	sl-protofiles	5.0.0-next.22		2b3dbcf12611be19b234556ec3b30440d73d5ad5
io.streamlayer	sl-protofiles	5.0.0-next.23		f4f370cdd746602862b1857d5b28a919de65aa05
io.streamlayer	sl-protofiles	5.0.0-next.24		f800b2177fd59ff2bcf52a20e921eed8f2c5bf32
io.streamlayer	sl-protofiles	5.0.0-next.25		cd48672a1f8b9511025511a8c547f1d155119f18
io.streamlayer	sl-protofiles	5.0.0-next.26		08d65818db892d47e09b5c2c5f075374db22f5ea
io.streamlayer	sl-protofiles	5.0.0-next.27		58e242a249010dd78a91468afa5a1a872e52324d
io.streamlayer	sl-protofiles	5.0.0-next.28		15b3cdba1c1a1ae6f55ec62d4eee826992600e55
io.streamlayer	sl-protofiles	5.0.0-next.29		33a6079741443d08b933592e0c04665bd7da3bd6
io.streamlayer	sl-protofiles	5.0.0-next.30		0ab573207ec500d67799ec015a2bb255038d091e
io.streamlayer	sl-protofiles	5.0.0-next.31		df8afe97df5c5c62b657413e2bad50ebbf87e09f
io.streamlayer	sl-protofiles	5.0.0-next.32		ae2bcd8612818a9ca61293d67c2889965a796ee9
io.streamlayer	sl-protofiles	5.0.0-next.35		e511a32e5e9468e165c5860e8e112768d8aa99c3
io.streamlayer	sl-protofiles	5.0.0-next.36		67d69d72cd6431aead4645b68632d795b9fcf2bf
io.streamlayer	sl-protofiles	5.0.0-next.37		ad5b8be78431622360e81752d6a15744e9a41d0e
io.streamlayer	sl-protofiles	5.0.0-next.38		fe41ad925602ef7a8d0d4030fdf46deb4777dc3a
io.streamlayer	sl-protofiles	5.0.0-next.39		02828c65719cbcab8f095511bfb89d71216c26e7
io.streamlayer	sl-protofiles	5.0.0-next.40		527270827aa6fe887a51e3c7cbc0e49d61caf7a4
io.streamlayer	sl-protofiles	5.0.0-next.43		07ef226f2215ca64b5eb6aa98454806b52435932
io.streamlayer	sl-protofiles	5.0.0-next.46		d39262d407366d6bbebad29d7f3175e6ac53ea9c
io.streamlayer	sl-protofiles	5.0.0-next.47		cfb622e0884eca33029c1b55a17aca601267d92c
io.streamlayer	sl-protofiles	5.10.0		635884ba8bcc9e6793dba9dc3c1714a5313df7a8
io.streamlayer	sl-protofiles	5.10.1		a794bd690fce4298620a3530320e07ffbde5ae7d
io.streamlayer	sl-protofiles	5.100.0		313eafd6ce1cdc090301a218265262540a0424e5
io.streamlayer	sl-protofiles	5.100.1		40da2dcaa251b67ab1d2be7a59e85a3020439450
io.streamlayer	sl-protofiles	5.100.2		d83b6de0246949e7e78ec46b2b5341e6d07b2e26
io.streamlayer	sl-protofiles	5.101.0		df688c57da835e0ae25881c9ae249d075fb52e37
io.streamlayer	sl-protofiles	5.102.0		2b1863423165e66871a648af2ae0601542fbe1ab
io.streamlayer	sl-protofiles	5.102.1		a2feee91f7a0ebe698187d88e526e9742cd54451
io.streamlayer	sl-protofiles	5.103.0		fe257e868c3f0d2deb6cea80584efb8df78525ac
io.streamlayer	sl-protofiles	5.104.1		2c3e2fb2c0b545b24ae54daee2be74a4f3add222
io.streamlayer	sl-protofiles	5.104.2		8804b24b1943704ee48ec14f0ae46aba36b308e9
io.streamlayer	sl-protofiles	5.105.0		654ab4fcb77ecb5feb427db3b3a110587826a4c0
io.streamlayer	sl-protofiles	5.106.0		0f010346eef1424b4ad41f2deb4154e7d22520bb
io.streamlayer	sl-protofiles	5.106.1		ada3f397be0a4bdf11a0388167e184e6ebc3606e
io.streamlayer	sl-protofiles	5.107.0		2edeb32aa1173899865723e3241e281097825a7a
io.streamlayer	sl-protofiles	5.107.1		27b1d339f0d9ed57c35fd8023a02e1fcb4038d99
io.streamlayer	sl-protofiles	5.107.2		0b41f2554220167e7f46fbeefa2148237fc7732b
io.streamlayer	sl-protofiles	5.107.3		951bf1cfb5e128a72c1692457e12eb272afba6ca
io.streamlayer	sl-protofiles	5.107.4		0858fb79f600246d735d012461340ee2e6fd8a2c
io.streamlayer	sl-protofiles	5.108.0		9b48544d767d1e93508e09771c1f9f9a95197b43
io.streamlayer	sl-protofiles	5.108.1		afce7deda913b0548ae03c02c008ee38cfaeef71
io.streamlayer	sl-protofiles	5.109.0		db62e96d2b4dea461521baa60d25dc285ca1f805
io.streamlayer	sl-protofiles	5.11.0		f82b2e5fce42d8dae9d632700bd502c7e91d2ef8
io.streamlayer	sl-protofiles	5.11.1		b7ed2f4e3f50cba6cde49dd2ab8d9c741b946a6d
io.streamlayer	sl-protofiles	5.11.2		441c6065c6b8962c18d28b90c443a88bde3cd1bd
io.streamlayer	sl-protofiles	5.110.0		2610179272ef272e1ec32eeffb45af6ee29f70aa
io.streamlayer	sl-protofiles	5.111.0		512adc942eb3514b5d5c74b7ea8e66ac11cabecb
io.streamlayer	sl-protofiles	5.111.1		3ba0a547a0500c1c37b62e6e54433d64f4da8829
io.streamlayer	sl-protofiles	5.112.0		5f2abe5bcc02fb65c4280aee160ba061e6e55fa5
io.streamlayer	sl-protofiles	5.115.0		8ba630d0e9127951c7793cd1bc3ec9a7daee36a3
io.streamlayer	sl-protofiles	5.116.2		b20dd49aee216aec741b61616772ea73cd542599
io.streamlayer	sl-protofiles	5.117.0		d5747ba84b1bd74c8996fc1af76cba76630f4ee1
io.streamlayer	sl-protofiles	5.118.0		8778fb99a7abacd1a4d7fae7123ac89602529b21
io.streamlayer	sl-protofiles	5.118.1		c99f37a3ce91d0e541f5e71b4b96fadb8a1b8b47
io.streamlayer	sl-protofiles	5.12.0		e427266e4570b0c080e939a3857716993fb6f2d1
io.streamlayer	sl-protofiles	5.12.1		9006fdc0fed79c1341b93441f9c300169dd17f53
io.streamlayer	sl-protofiles	5.12.2		c91eeff9e6b17f8ed809d812b0a1708c3c5743c5
io.streamlayer	sl-protofiles	5.12.3		bf0253fe0bf16c44b10b80f78ab518d73f253977
io.streamlayer	sl-protofiles	5.120.0		7acdf57843ccd005d91e393c2a2dc101b47912f0
io.streamlayer	sl-protofiles	5.120.1		0fa5e1d045e0c3ce48493853c3e8f272ccd5c2d2
io.streamlayer	sl-protofiles	5.120.2		7bc96ed32f3e5971a6377021cc0b052765d89981
io.streamlayer	sl-protofiles	5.121.0		ce209128f6a7e62603db90f2a76c4395e7ae79ae
io.streamlayer	sl-protofiles	5.122.0		4998a919e8daa8149ea53fe5a7c56fecbfc13af8
io.streamlayer	sl-protofiles	5.123.0		f4eaca71211e998050532e08f35dca75089b14ca
io.streamlayer	sl-protofiles	5.123.1		3b31b9de29d88837c5bad11136e3ed00e164ea89
io.streamlayer	sl-protofiles	5.124.0		9c5efb8c62f70c8a8b68ee8a6a78c0e07ee1c9cf
io.streamlayer	sl-protofiles	5.125.0		c0356c2e19925d5e33f8c5ebd408032aa70eed75
io.streamlayer	sl-protofiles	5.127.0		21c6f0d0746c574821ceb1eaff1fcf4a3de84ed8
io.streamlayer	sl-protofiles	5.128.0		e64b864631e836f83400ff3fcb0edd9c7d86b509
io.streamlayer	sl-protofiles	5.128.1		f49a31d042295862c1545ab6db67a57dce29c3b1
io.streamlayer	sl-protofiles	5.129.0		fd074dd34486d17aef3b9d164f7e07a0d01eea93
io.streamlayer	sl-protofiles	5.13.0		5ed445c102dfee068e1e614068700ba91318a7c7
io.streamlayer	sl-protofiles	5.130.0		b2453571e877870bd18e529374a469ec1f7e5d1a
io.streamlayer	sl-protofiles	5.131.1		2abd347c3166f9610a9486456a809a12dcac2b43
io.streamlayer	sl-protofiles	5.133.0		b40d032db11de5ef26e655541064aa54bc4b5de0
io.streamlayer	sl-protofiles	5.133.1		b664f237b75cd0e82bc2d438c63d5d54a441de75
io.streamlayer	sl-protofiles	5.135.0		8d71c143c11979e286b5518f546f35d7f1397d34
io.streamlayer	sl-protofiles	5.136.0		d374b7643eff4ffcfebf2f70bce36bee4b271a0c
io.streamlayer	sl-protofiles	5.137.0		7f2eedaf901fbf35d91e531bcd41b2675737bbe2
io.streamlayer	sl-protofiles	5.138.0		9e401f89a7e6be211be2713b5c9ecce6a5355b42
io.streamlayer	sl-protofiles	5.139.0		9bb78b5029100f9712b3e7dd193e9819ac21d421
io.streamlayer	sl-protofiles	5.139.1		86d996e9f1e141fa054ddc8c7914953d28994ebb
io.streamlayer	sl-protofiles	5.139.2		a3f77d42fdf9490829fa062b598c4a3ba6570399
io.streamlayer	sl-protofiles	5.139.3		7750fe73e0b29f2aa4d4c61a6c8944b7212d2924
io.streamlayer	sl-protofiles	5.14.0		e4036624ffe6bce5614974acebdbc2da6b4dfe6f
io.streamlayer	sl-protofiles	5.140.0		f8eeecd3aff185320f301f29b101ecdd0e64b948
io.streamlayer	sl-protofiles	5.141.0		d3f98058468e07c3f38f0fba2ac5d822c8fa9374
io.streamlayer	sl-protofiles	5.142.0		50e023835c8dd9a4cda68c3dbd3c7064cdabe6b4
io.streamlayer	sl-protofiles	5.143.0		b1aa0cce1cd6fd5b782a232aff7847f1820cf91f
io.streamlayer	sl-protofiles	5.144.0		f78b4221eb1eaf99c475fc8a17303976f6587be1
io.streamlayer	sl-protofiles	5.145.3		a3d276ff10164e3ab00c6ef6e3a46f55c9f84f52
io.streamlayer	sl-protofiles	5.145.4		7392488f6e23c7c953a98966c5020e0eb070b2ac
io.streamlayer	sl-protofiles	5.145.5		4d9c4a1b66cf2c9e825ffe9dba756ac8d244486b
io.streamlayer	sl-protofiles	5.145.6		741df5fb7684012ece03a023ad117b811a0e0b1a
io.streamlayer	sl-protofiles	5.146.0		77dd0c84a1a9634759f5e735c7e4c22e10909756
io.streamlayer	sl-protofiles	5.147.0		481e5525c6583d5efd2852e4b3e3f14d248373f1
io.streamlayer	sl-protofiles	5.148.0		2421de3d936e30a1aa752b15b349c1142c77c6cf
io.streamlayer	sl-protofiles	5.148.1		a9096c5dbe50cbe85b003005fb80b0cbd525bf25
io.streamlayer	sl-protofiles	5.148.2		92129c8d9775e04a7253d37ee11645f7e742876c
io.streamlayer	sl-protofiles	5.148.3		e47449a9df1384da983fc99908b8a5f89c432574
io.streamlayer	sl-protofiles	5.149.0		37d403d55ffda4f76ddccaff83bc48acae897ed3
io.streamlayer	sl-protofiles	5.149.1		684f1f87e76c26dfbcf16d456f088e11cb1db312
io.streamlayer	sl-protofiles	5.149.2		1d6e862bd6b61498c9642e945ca4a930bffc5538
io.streamlayer	sl-protofiles	5.149.3		3af4a3e3c0fc9b7155fdce5bcab05f76e3ab3f22
io.streamlayer	sl-protofiles	5.149.4		859185cdd900aa1703c6b7d3ceb021feab9a6736
io.streamlayer	sl-protofiles	5.15.0		d4749ff43b2d274c642f4c825508e310d6dd5a0a
io.streamlayer	sl-protofiles	5.150.0		3c54b588f2e0f312ec0c0e7af974f2d3eab08deb
io.streamlayer	sl-protofiles	5.151.0		91b9a261b2b1aaba913ed421e57678d07fb04ea9
io.streamlayer	sl-protofiles	5.152.0		2b7ed9c85507c283553842678916f705ab966524
io.streamlayer	sl-protofiles	5.153.0		decaff75705402e77356ebc5a7df0fb25bbb39a4
io.streamlayer	sl-protofiles	5.153.1		928a53a37e9f3f45530bd9a71e4217d6460f93e1
io.streamlayer	sl-protofiles	5.154.0		edcde2e48d42a75d5d8da2988ef836ac65762c37
io.streamlayer	sl-protofiles	5.155.0		98491a062223199d517d4fffbad8b960676397fc
io.streamlayer	sl-protofiles	5.155.1		0de89c1cb7b2048de451ae146b856cfbc310a199
io.streamlayer	sl-protofiles	5.156.0		49ab0836614bc185f1b232f278c6a0e52382cc0f
io.streamlayer	sl-protofiles	5.157.0		274eaf10319ca94aec95edc2bfe49d99ec2c201f
io.streamlayer	sl-protofiles	5.157.1		0b7846c340a045e0b9c5630247dc3ece5ec1d8c8
io.streamlayer	sl-protofiles	5.158.0		1747d331b745fb9ff76d67b35a576f05ac7f0602
io.streamlayer	sl-protofiles	5.159.0		426b666f6d49dca98b345b4db16e137f22f4c838
io.streamlayer	sl-protofiles	5.16.0		39b3cddb6b7f897a8476b4efd1cda6e886006462
io.streamlayer	sl-protofiles	5.160.0		a1aacbf2ca21118553c5927af8d0a693eea68ddf
io.streamlayer	sl-protofiles	5.17.0		77eb6fe66186afc87a3125d5dba6946ff0a6a4ec
io.streamlayer	sl-protofiles	5.17.1		63bd7cbdfdc5f748d6acc38ce9736f2b60b68c47
io.streamlayer	sl-protofiles	5.17.2		aafd04adfc1150a3574d4401afb6ca639632c48f
io.streamlayer	sl-protofiles	5.17.3		67dc07ee082f6ac1a49b0796419aaa87f9d44000
io.streamlayer	sl-protofiles	5.17.4		f56738e9b52afa01076910b96e3d2b63cdfd9264
io.streamlayer	sl-protofiles	5.17.5		ccf2e5e4fc168747b36e9ea4c306ec0beb6ab10c
io.streamlayer	sl-protofiles	5.17.6		fa06cf9202c683f3e13572888486aa2cc0c82b59
io.streamlayer	sl-protofiles	5.17.7		a915788366c86470640e9a27f236d77b3f26df9d
io.streamlayer	sl-protofiles	5.18.0		e3198c9478d93f6fa8ef54e25be292330829f691
io.streamlayer	sl-protofiles	5.18.1		d6a43b596daf6cc08e792207926f8efc0a5079aa
io.streamlayer	sl-protofiles	5.18.2		835a5040c281990a4133677774268b6a9a26c28f
io.streamlayer	sl-protofiles	5.18.3		94288e83eba95169f9bd6e5a389b0dbcb8a81581
io.streamlayer	sl-protofiles	5.19.0		f95f0465ccea7dc36b60b0ec02e0449d54dd7aef
io.streamlayer	sl-protofiles	5.19.1		9a7eebba46ac2322d96e2d05c00df494218615ec
io.streamlayer	sl-protofiles	5.19.2		81288a05a7e4b6ba2f6b6ae34c483d2ae64e3220
io.streamlayer	sl-protofiles	5.20.0		cc9e7d7b22ca5e881d669f5b26de0c8e9db81a4b
io.streamlayer	sl-protofiles	5.20.1		e0e1976a96945a2ffd714f50f1683cbd85da8738
io.streamlayer	sl-protofiles	5.21.0		3c36e365432820124d24873a9c9a11a9840cbb9d
io.streamlayer	sl-protofiles	5.22.0		841e8fd92323fe20a1690ac3417104a4ff5ad7d3
io.streamlayer	sl-protofiles	5.22.1		15f9efbffcc191575fa18523e8bc031106b1170a
io.streamlayer	sl-protofiles	5.22.2		47e42771bf12d10310b794c48ae1f5c57a834822
io.streamlayer	sl-protofiles	5.22.3		b3c938235d60a4ddb5e9c6653e166d75b4d146bb
io.streamlayer	sl-protofiles	5.22.4		42a260e1ffd6cb9b458089dbb7a46001e042df7b
io.streamlayer	sl-protofiles	5.22.5		7b674d3a55e36b72966a9cbc9bf46d7f21277ec9
io.streamlayer	sl-protofiles	5.22.6		59c59ddfc37cf92ee7d741e07b8c8f3140ecf482
io.streamlayer	sl-protofiles	5.22.7		c74ad96551de951db752047cae8b3f4c573efda8
io.streamlayer	sl-protofiles	5.23.0		986c2784984fab7b4c6dbdb3da0bd4d2dc219d16
io.streamlayer	sl-protofiles	5.23.1		572cb4a90e9637732e5845245753e61c392446d6
io.streamlayer	sl-protofiles	5.23.2		4de4764d114ad0ea7582a550b50301640731b41b
io.streamlayer	sl-protofiles	5.24.0		b153b19635a2e675a57abf0e90f782f17cbebaec
io.streamlayer	sl-protofiles	5.24.1		666a5f04b8dfad165d969868980bbae473a24955
io.streamlayer	sl-protofiles	5.24.2		c7cf3116d1b7625b9b01639efc23ec211a009897
io.streamlayer	sl-protofiles	5.25.0		0e839999378c1245393e00a8a248693c17cd9b15
io.streamlayer	sl-protofiles	5.25.1		21487304c5e1991e8054ad60f284804b4c276a2a
io.streamlayer	sl-protofiles	5.26.0		35dbd2c8cdd9e46b7a5fd617e9a2c6c5d112bb1d
io.streamlayer	sl-protofiles	5.26.1		5b1108f1fba56d5fc45ec6ee60c6f860c245c5c3
io.streamlayer	sl-protofiles	5.26.2		2b3ef8a08890db910ee3b069d0d5f88aa67ae95a
io.streamlayer	sl-protofiles	5.26.3		a1ff04bc527f2bcfa5a7af144bd6193fe6725417
io.streamlayer	sl-protofiles	5.26.4		aaa61fc696258390f91878c8b8e1876d98db8ce9
io.streamlayer	sl-protofiles	5.27.0		c173d08ff61f3c2c76b0013d681128c8362fced5
io.streamlayer	sl-protofiles	5.28.0		4c1d77f85941f15ccdf01f4fe795ec23ec42a670
io.streamlayer	sl-protofiles	5.29.0		69c60162cfad81da8c8fabe4abf39209674195d8
io.streamlayer	sl-protofiles	5.29.1		2f8f7f316037bf5e51530f87480044defff8efbc
io.streamlayer	sl-protofiles	5.30.0		eb0febb611f3060599a55c5e600a792d1eb5d99a
io.streamlayer	sl-protofiles	5.31.0		c5526d3c580287ee4e5ac1e05afc88578cfdd220
io.streamlayer	sl-protofiles	5.32.0		5105f47b7ac34b1884d23b89d85610741bade99c
io.streamlayer	sl-protofiles	5.33.0		04e22816b5da7625145705c83c0990aa4afbff11
io.streamlayer	sl-protofiles	5.33.1		c8185393ccc710cc9959fc294f913b9ade810b55
io.streamlayer	sl-protofiles	5.33.2		2fc888c70c10f03b0eb41fa3daee59ef2bc19d30
io.streamlayer	sl-protofiles	5.34.0		01d8a3ac9090b61ec99c51db5310679a47b2c439
io.streamlayer	sl-protofiles	5.34.1		17dcc99506452c01363054d456720360d77099c3
io.streamlayer	sl-protofiles	5.34.2		f998c3147c41166f3fe8d0146fb31021bc889abd
io.streamlayer	sl-protofiles	5.34.3		cfc278ca3dfea471e20630cc884960c88880a4f5
io.streamlayer	sl-protofiles	5.34.4		4c42348acf85243bb2886fa577f76afb75610221
io.streamlayer	sl-protofiles	5.34.5		d079f1e8cb238867c231d3972b8cb3ab0995cc93
io.streamlayer	sl-protofiles	5.35.0		0f2c2afc0f487b0ec577f417f9559452facc30b1
io.streamlayer	sl-protofiles	5.36.0		9a4d0962d7a77ca48f3aee6504364dbbb28628b0
io.streamlayer	sl-protofiles	5.37.0		5466462a494fc09753a8e3240f60d5297f43626c
io.streamlayer	sl-protofiles	5.37.1		046c755265e2a348f236924708bb58c24f032ee0
io.streamlayer	sl-protofiles	5.38.0		d07a80932c9601b1e41bb3d8669b257456d7e48e
io.streamlayer	sl-protofiles	5.38.1		ccf9c8c8794dceb75a02b53ecbf199c48d0c1df5
io.streamlayer	sl-protofiles	5.39.0		c13ca603b05b3677b7514af35571d484dc458211
io.streamlayer	sl-protofiles	5.4.0		e4f428f60376c32c31114d76766549112fdc0a32
io.streamlayer	sl-protofiles	5.40.0		28e1fc47f1e7eeffc285e5f5380ba4bd7bc4260c
io.streamlayer	sl-protofiles	5.40.1		5bd17ed7596fdd1207491f407895000580b6c19a
io.streamlayer	sl-protofiles	5.41.0		17140a0ef5bbf81f5c21a726ef867616f807a8e3
io.streamlayer	sl-protofiles	5.42.0		f3c4b35e1c5f7c2c254ffa83479ce94a3af8d3f2
io.streamlayer	sl-protofiles	5.43.0		ac6d9d08053e7b2ec3c63f7addb9acdbce910c9f
io.streamlayer	sl-protofiles	5.43.1		efb0285831a9004354d46300e4b1cbbbe718ba49
io.streamlayer	sl-protofiles	5.43.2		1693518a3f59c13503fec1f1d3a9d458f560166d
io.streamlayer	sl-protofiles	5.43.3		0c3fff844c579fdbb336f9d8fd3adcfb7aab1b29
io.streamlayer	sl-protofiles	5.44.0		b5d84dfb619ae27981f6e3c031fabd59557e53c5
io.streamlayer	sl-protofiles	5.44.1		64b7d40ae89f244c721347729cee643a11b44696
io.streamlayer	sl-protofiles	5.45.0		761f740628161dc0a248f9c4cdaadc44ee1b7653
io.streamlayer	sl-protofiles	5.45.1		893181081c1b3f5e860ca9bf2a7dc584a8433787
io.streamlayer	sl-protofiles	5.46.0		f6fda45cee3d4311bcc541fdc97fc153e047eacb
io.streamlayer	sl-protofiles	5.47.0		1b811093f3f07ee1abc62e9e99b6a55818bc0e6b
io.streamlayer	sl-protofiles	5.48.0		74dc2dce5be462b54c6dceda8b277a496c1dd731
io.streamlayer	sl-protofiles	5.49.0		2e1a44f5a7ceb298360ee259b272cdcede82ad2b
io.streamlayer	sl-protofiles	5.5.0		024bf7b514721ffbbd49ccf3cc910343e64c2f23
io.streamlayer	sl-protofiles	5.50.0		93c7d8d88b955319f6bc28295848f8d46c799d6e
io.streamlayer	sl-protofiles	5.51.0		23dff9630803122ae0cb1d7a6be024d9ecb4b101
io.streamlayer	sl-protofiles	5.52.0		6f04e84ca560fa79c0a0d369129f3dcc5bbbf52c
io.streamlayer	sl-protofiles	5.53.0		10318430aa5125caf19738c90defdae6cd26b439
io.streamlayer	sl-protofiles	5.53.1		dd11a4b506766312276b51951e32943fb6149ea5
io.streamlayer	sl-protofiles	5.53.2		adb71156100f83df60434501f0c162798100e0cd
io.streamlayer	sl-protofiles	5.53.3		430f30c41793f723f7d26f17b9e44b2439c54876
io.streamlayer	sl-protofiles	5.53.4		91251498b0b90e588d3b2eeb9d5270fc33d7f447
io.streamlayer	sl-protofiles	5.53.5		3b086dc369e7918d8b7f3311735a942be4e780d7
io.streamlayer	sl-protofiles	5.53.6		12e16f668fd4f35ec653b92df837708643f0cd60
io.streamlayer	sl-protofiles	5.54.0		75bdf709a7bf8385546280e94055f698a0b8f616
io.streamlayer	sl-protofiles	5.55.0		172e01be507ca71c99c910bb316fe23bd2b41f14
io.streamlayer	sl-protofiles	5.56.0		d8d6c65d64533b7421bcefae22f6d0f550415101
io.streamlayer	sl-protofiles	5.57.0		cffbf0e330204a7d4179e57802e15af99e6ba976
io.streamlayer	sl-protofiles	5.57.1		1256fb2c4e9c26a69733d169ebded6ee5053613e
io.streamlayer	sl-protofiles	5.57.2		cdb0332b5d43c732a4c43252184c12fc3c0dd461
io.streamlayer	sl-protofiles	5.57.3		6141ab5a56056613ed7c1174680d8b34849e8946
io.streamlayer	sl-protofiles	5.57.4		bb07871e48f40198807a5e034ff5147525cf2faa
io.streamlayer	sl-protofiles	5.57.5		4fa07e54d2bc2453c94d8cd653223675022b9a7a
io.streamlayer	sl-protofiles	5.58.0		a98f6978648e0e839d913e7804b4345cd3661528
io.streamlayer	sl-protofiles	5.58.1		2845ff42a7160590df4d5fc9475e657178c367cb
io.streamlayer	sl-protofiles	5.58.2		0f3a1532704f62972caf45a34f01d34e8689431d
io.streamlayer	sl-protofiles	5.58.3		6dec561a0ecd3930961c98058165d70ad05f7feb
io.streamlayer	sl-protofiles	5.58.4		dfdfe2939dbedd77b87cef8231c00b5a424df944
io.streamlayer	sl-protofiles	5.58.5		a333918af88b3d835a1d7b0ec17c243730dc0c1d
io.streamlayer	sl-protofiles	5.59.0		560ef6bc5ed11c7000586fec1b91bdd90f46a5da
io.streamlayer	sl-protofiles	5.6.0		56c01be42f2395a0958de82465d404e9ab3f4218
io.streamlayer	sl-protofiles	5.60.0		7aafe11eb158d93d0801b6c7ca4801efe5701815
io.streamlayer	sl-protofiles	5.61.0		19179a73a42b8dd735883e7aab2e4a7a6e740023
io.streamlayer	sl-protofiles	5.61.1		38b191b5c414394b7ab31adebd12c71f3db2b7f4
io.streamlayer	sl-protofiles	5.62.0		94e4fe685e58c9518ec093858c8b7dd999fad33a
io.streamlayer	sl-protofiles	5.63.0		4e7b65b4a0b51d700132374af83cec04254cd0d6
io.streamlayer	sl-protofiles	5.63.0-next.1		5a80b6211b1234e87e89000b38e428179e2dc2fd
io.streamlayer	sl-protofiles	5.63.0-next.2		66c70ef46fd6bfd07c074922528163d92ed60d9c
io.streamlayer	sl-protofiles	5.63.0-next.3		2caf02a97735d91280c7d72c92668f89e9def3d2
io.streamlayer	sl-protofiles	5.63.0-next.4		ca5e48d0cb167112ceefc43910ff45db901a0fc4
io.streamlayer	sl-protofiles	5.63.0-next.5		6510a7efdecd48845e868c66b79647136ccc8b0c
io.streamlayer	sl-protofiles	5.63.0-next.6		47f90e02ee75e16a9ab2517f3d1d956a0c4c96a8
io.streamlayer	sl-protofiles	5.63.0-next.7		0f83b42b686be68b6c99fb74e9e3b4fefbd4aee5
io.streamlayer	sl-protofiles	5.63.0-next.8		ae7663e9ac11264f4c582246b466cd5442baa392
io.streamlayer	sl-protofiles	5.63.0-next.9		df2c008e36c70f94a929a4552dd0f174c02d6721
io.streamlayer	sl-protofiles	5.63.1		e6026a16781c9a921d012cdda58755bd99990a01
io.streamlayer	sl-protofiles	5.63.2		d747ce7e674ea0abecc36174d683b6ad1da04868
io.streamlayer	sl-protofiles	5.63.3		c2ebc12e86f2e8d4c6b94f857b8d4e6e256f7e8e
io.streamlayer	sl-protofiles	5.63.4		87b024a6cd95355b16d6ccc706bc1b9b33ba270b
io.streamlayer	sl-protofiles	5.63.5		2f27e58e09516bd5db7fb0d98e856481b43a8106
io.streamlayer	sl-protofiles	5.63.5-next.1		387510da22772513d3b2626c7d8d78d855d6e7f4
io.streamlayer	sl-protofiles	5.64.0		b43b95fcc1f95598d98b42d3d25d47679e9d86a3
io.streamlayer	sl-protofiles	5.64.1		0cf8c6ff6292ce972467f3a28dc7bf9f7bb7b4c9
io.streamlayer	sl-protofiles	5.65.0		eb3c33706436f68118c86b03c1e1f6c28c8ef964
io.streamlayer	sl-protofiles	5.66.0		5a0e7b1bde4dd0a40c99b5cfeba43a38b1dbda91
io.streamlayer	sl-protofiles	5.67.0		df119d481e3c59250c3a1cbf913a04d6bb73798f
io.streamlayer	sl-protofiles	5.68.0		b3a3ba4046faaecc062cbbb38d6285e6cfd65f28
io.streamlayer	sl-protofiles	5.69.0		640989bab5cbaafcb60befb4a9778e385f7c2c2f
io.streamlayer	sl-protofiles	5.7.0		95e27ed6b2c0d2265c52500f2b5fd55bcbad73f0
io.streamlayer	sl-protofiles	5.70.0		dd995fbfcbf85e26541732a16a0ee652b20178cf
io.streamlayer	sl-protofiles	5.70.1		acfe38caa63bcf962e0411529cb3e4ab76cf5872
io.streamlayer	sl-protofiles	5.71.0		031827a59bb2609b316d5258b50722998726fe42
io.streamlayer	sl-protofiles	5.72.0		50ad2054e0cf2f529de9606c8f8368569d002083
io.streamlayer	sl-protofiles	5.73.0		6da58365ff14f5f965a577bb503999737dba4e6c
io.streamlayer	sl-protofiles	5.74.0		a952c54da77f8bb4a6d740f0001e998552226cdb
io.streamlayer	sl-protofiles	5.75.0		f1c6dc39e00362034333bf0a38ac9a4465073634
io.streamlayer	sl-protofiles	5.76.0		b978fff8176fcd5d24fa7c5db045d3005b3f6136
io.streamlayer	sl-protofiles	5.77.0		84bf32969487edc760bc976dd89fc13e90cd6ab0
io.streamlayer	sl-protofiles	5.78.0		8165eaa0f92bddf4eb7860c838c5b6d9c523b10a
io.streamlayer	sl-protofiles	5.78.1		d47a59b939d160289b1d6941f29682582a3e98c6
io.streamlayer	sl-protofiles	5.79.1		2abf12c0075fd2add05f78754ecbd9a1c3542995
io.streamlayer	sl-protofiles	5.79.2		71170b689fc372117a4ca03d1474db96ca6fc10f
io.streamlayer	sl-protofiles	5.8.0		f74600176146b11e7626998d46819854a59333ac
io.streamlayer	sl-protofiles	5.80.0		af6ca4c9895a4961bc4d63b55435be913a7cd497
io.streamlayer	sl-protofiles	5.81.0		b70f9456e51a35f2b95f413870ba93bff9847d59
io.streamlayer	sl-protofiles	5.81.1		5fb0e1d4f3ee6f4c360f4adc00a8d061e8e58071
io.streamlayer	sl-protofiles	5.81.2		55a1247c39ab2f8d20a1100445074cce5452ab09
io.streamlayer	sl-protofiles	5.81.3		953a4910c4855190f3c994540d6ca405f16e2fd2
io.streamlayer	sl-protofiles	5.82.0		bb6361a74ddd7c4f87687dad59a3e78d3fd42d59
io.streamlayer	sl-protofiles	5.82.1		98d07f1c7bb5ada5f67972a3753e8b8ec5f1346b
io.streamlayer	sl-protofiles	5.83.0		40797fa244134cac13d45095eca0c34eed511f7d
io.streamlayer	sl-protofiles	5.83.1		547db09ca17163bdd88a8afbb330e0c5ab395138
io.streamlayer	sl-protofiles	5.84.0		a3d45e8d7a019d4307cf458efd378a4e2d98e502
io.streamlayer	sl-protofiles	5.85.0		c30cd412045355e47167790fc894e9a71989c0b4
io.streamlayer	sl-protofiles	5.85.1		9e360175701b2cd3f1720d37a5d7e6f25aa1e39e
io.streamlayer	sl-protofiles	5.85.2		48b1145f896b394bb06a2d72999f64e940a295d8
io.streamlayer	sl-protofiles	5.86.0		5a0ce2d7f05fa4994720c9562fe95957aea9ba30
io.streamlayer	sl-protofiles	5.87.0		f5619ced12617b02e05b5960cc5385af95dbe239
io.streamlayer	sl-protofiles	5.88.0		468f428b57e336815b3c60f4de50a1a98252558d
io.streamlayer	sl-protofiles	5.88.1		0518380b765d4c7dbc171facad0b5325cf65f134
io.streamlayer	sl-protofiles	5.88.2		78c6de65efb2152507551ae298e423bf2bb3f181
io.streamlayer	sl-protofiles	5.89.0		9dc4baf2216e30d0b50d2b1a1879bedc60a3fad2
io.streamlayer	sl-protofiles	5.89.1		4c064953847cae3be615148c0f3804984261eacf
io.streamlayer	sl-protofiles	5.89.2		c3336e85802439b10e31d99841292fa1e224c64f
io.streamlayer	sl-protofiles	5.89.3		15d7bbdfa873764088ddd8df61d2e63e1e70431d
io.streamlayer	sl-protofiles	5.9.0		df68a7d1ae46a8b7f3d68211bc1f610f27adf33c
io.streamlayer	sl-protofiles	5.9.1		4e9eb60a615ea816af8010d1c6ec62f7003dd891
io.streamlayer	sl-protofiles	5.90.0		39b245006172cd41802a80fc7e2e6aae1dba19c4
io.streamlayer	sl-protofiles	5.90.1		acc8a1088a7c83ffabf3edaa3efe2a6a9a7e7fd1
io.streamlayer	sl-protofiles	5.91.0		69f6aec8c65edcffe6afd710ef7db04913a46d9b
io.streamlayer	sl-protofiles	5.92.0		86d120dd14dd5984117d92c95c0338e3a84b1e53
io.streamlayer	sl-protofiles	5.93.0		512f7fc5071b74700d82683e2c3f440926bedb65
io.streamlayer	sl-protofiles	5.94.0		f2d2d274e80dec00fb93689f8417fbc5f226829a
io.streamlayer	sl-protofiles	5.95.0		2cd78bd690faeab81bfa015d46cf8a71e74fcaf7
io.streamlayer	sl-protofiles	5.96.0		044a947d3f5a4464e2a26de0e145f3712eee64d6
io.streamlayer	sl-protofiles	5.96.1		253ebd526e82da297dc1379788b7b5852781dcb7
io.streamlayer	sl-protofiles	5.99.0		5e6e9e982e4a2a6359fba6d36ef19bf947b585e8
io.streamlayer	sl-protofiles	5.99.1		7eee34e76e11ce8587136c4263f5b8dca8a3a47e
io.streamlayer	sl-protofiles	5.99.2		91c1e9f7e5d1f2c90e4642f62f2e44a1d5daa435
io.streamlayer	sl-protofiles	5.99.3		e13b69941de28af96e8d8d586b8c24a6a83a7ac4
io.streamlayer	sl-protofiles	5.99.4		f26e17685437f79aa96111a234d244533f95728d
io.streamlayer	sl-protofiles	5.99.5		64a43f2547b9efc7679531a1e1a7508eae7c8fea
io.streamlayer	sl-protofiles	5.99.6		f17e67a660b077fadf2eece35faa48397ff9c772
io.streamlayer	sl-protofiles	5.99.7		f7f2add9591d512e35050ce61b77b019b9686006
io.streamlayer	sl-protofiles	5.99.8		e3d269ee02a7ef581b102fac99cd32c638dd9346
io.syndesis.connector	connector-sftp	1.10.0		c17a3d271cac4fb294bfc346ffde0e2a3d538377
io.syndesis.connector	connector-sftp	1.11.0		b25d407611889981e7c1cce33818ea1bd9dbb04e
io.syndesis.connector	connector-sftp	1.12.0		2c4b09a65a7ae9e2b93f972ccdd1c00d5b9d82d2
io.syndesis.connector	connector-sftp	1.12.1		340be520e6e7b7be1386022b20a35530ec006749
io.syndesis.connector	connector-sftp	1.13.0		3f5e7fb936d396ed62526cb7b1ded7f9c916bac3
io.syndesis.connector	connector-sftp	1.13.1		7f1570f00519223825f406df161c5c9c3ba6de55
io.syndesis.connector	connector-sftp	1.13.2		a421c1598ccb382eadd79dc6dde6949692b9c11f
io.syndesis.connector	connector-sftp	1.3.0		323ff46bb4e80badcdf4d8f4e70e5e26ebc5f61f
io.syndesis.connector	connector-sftp	1.3.0-20180301		f9028612adde25af850652fdc5f68a8998fba6dc
io.syndesis.connector	connector-sftp	1.3.0-20180302		720a1a4979071931b9d3ae47e270f3a0c56f98c3
io.syndesis.connector	connector-sftp	1.3.0-20180303		43e8a252db7325928b76b06b695cb460b3b6362d
io.syndesis.connector	connector-sftp	1.3.0-20180304		345bdd6fe5f101b1036227cfe24faf0812dfabdb
io.syndesis.connector	connector-sftp	1.3.0-20180306		91d3a697cd10d79359e0796654f128f24798111c
io.syndesis.connector	connector-sftp	1.3.0-20180307		c15095655281d15e6d444fe02173c073c1e40b81
io.syndesis.connector	connector-sftp	1.3.0-20180308		ef9619371cb813f5e254fb164c6c5429ccc0a618
io.syndesis.connector	connector-sftp	1.3.0-20180312		c558773ad762bcc9508a3bec8532de1e35fa862a
io.syndesis.connector	connector-sftp	1.3.1		b8e59efdb8d927ab81512aaa2af6124b7bccebd1
io.syndesis.connector	connector-sftp	1.3.10		48157c5dac9bdb97782549b91122e288b866d589
io.syndesis.connector	connector-sftp	1.3.10-20180515		9ee7cb0bf77154098310aed7095c892d55f56637
io.syndesis.connector	connector-sftp	1.3.12		59d00f00ec8e6f0db51785eb6ff6ed97e67925c7
io.syndesis.connector	connector-sftp	1.3.2		9c64c4f2675fbf7223bcd1e965b5f2c3910826b9
io.syndesis.connector	connector-sftp	1.3.3		e49ca66e0831772e172399e0ef51fc7acab9a1ae
io.syndesis.connector	connector-sftp	1.3.4		9d410956917e73cfdf8c7ae612b4ea2c8aa206b9
io.syndesis.connector	connector-sftp	1.3.5		4d3a58bf320c4170be7e57f36b989245f8387a0b
io.syndesis.connector	connector-sftp	1.3.5-20180405		b6da3d67283295619dc95067ab20d2fb84fbcc82
io.syndesis.connector	connector-sftp	1.3.6		afa68f3b0986f28d938f0b439807cb89e1dc9516
io.syndesis.connector	connector-sftp	1.3.7		559b91ab2faf37744b81168073fee3ab33e168ad
io.syndesis.connector	connector-sftp	1.3.8		2eaf24021abed37d0501c6183dc4ecca1124c06a
io.syndesis.connector	connector-sftp	1.3.9		da3911ca9034d0291cbd33ef8a1e92dd7630b5c2
io.syndesis.connector	connector-sftp	1.4.0-20180720		b4f7515117f5faae115cbcfe91b22620192512d9
io.syndesis.connector	connector-sftp	1.4.10		2aca13e6891e6294d138ff683fd90ec9dd3bbe6d
io.syndesis.connector	connector-sftp	1.4.2		07714d0bdcb3b2a827a99e9e5844bad453f2aa0f
io.syndesis.connector	connector-sftp	1.4.3		aca21da9ee6e5687854c6abf6e3f7be139d02865
io.syndesis.connector	connector-sftp	1.4.4		3029bd1499488942e64495df0458b5aabe21395c
io.syndesis.connector	connector-sftp	1.4.5		83cfe8fdace0fe5c5f767ced03e0fb987bf88460
io.syndesis.connector	connector-sftp	1.4.6		0576e9f1934bd71b97b441af7880e1cdf48f76e0
io.syndesis.connector	connector-sftp	1.4.7		4aff64f2947a37d60989374e31f55be96023714e
io.syndesis.connector	connector-sftp	1.4.8		2ee049ef357539c9adca0746aaca75990f5dde12
io.syndesis.connector	connector-sftp	1.4.9		a52fa2bd1cc896f834537bacc4630dc2f7b9c942
io.syndesis.connector	connector-sftp	1.5.1		e74fdf304f4a07a9e09267c71a4c9cd43589aee8
io.syndesis.connector	connector-sftp	1.5.10		ea88c7b8e32e26fdbee1148c6a69e672cc4059af
io.syndesis.connector	connector-sftp	1.5.2		b9de5351b86acb1d4007c7f98dbb18306a021e3a
io.syndesis.connector	connector-sftp	1.5.3		a80f48c3512459e46316c7e71802eabc90d72a2f
io.syndesis.connector	connector-sftp	1.5.5		52fc3d4b3b22c00488230aead4c162e4e5a1d14c
io.syndesis.connector	connector-sftp	1.5.6		d494c6f298071bd42b0800aaf240802f2eb49bcf
io.syndesis.connector	connector-sftp	1.5.7		01d5fd666fbff92d897eed3094fe40efb05f0d84
io.syndesis.connector	connector-sftp	1.5.8		d2894a34f36e3fb11d539ab5711f3c2cdbc209d9
io.syndesis.connector	connector-sftp	1.5.9		f0ba2145ed135915552cd8ef04de3ed2e989f8f8
io.syndesis.connector	connector-sftp	1.6.0		036ae7963a8814812785dd0791bf1a0dbf393c63
io.syndesis.connector	connector-sftp	1.6.1		1bc303f13c6e7ab4f8eb144eb9839fd8f38afd98
io.syndesis.connector	connector-sftp	1.6.10		5560f887b8716c7dd0a627575e28716bb312a604
io.syndesis.connector	connector-sftp	1.6.11		8dca5ef2531ab1ba9de0fecdd602aaed7a6a850e
io.syndesis.connector	connector-sftp	1.6.12		2755545b8c97defa4ba535266de8c66c17c3273d
io.syndesis.connector	connector-sftp	1.6.13		af5e205d4f68b2f004f6054b6afe233b022fce74
io.syndesis.connector	connector-sftp	1.6.2		090363df3e9772061e373372e1e49bc15d2b7309
io.syndesis.connector	connector-sftp	1.6.3		f8e87898e761afa7d29957a895a2a1bfc2620626
io.syndesis.connector	connector-sftp	1.6.4		f0535d2bb1b6bdf335540d2cc950464cd3687b4d
io.syndesis.connector	connector-sftp	1.6.5		70fc92bf33ee25259df42686bca833ef27296e0e
io.syndesis.connector	connector-sftp	1.6.6		ea2f6ebca077e1c0b309742619a1ab470eeb2cc5
io.syndesis.connector	connector-sftp	1.6.7		889f58bb7961d6f021bd010d885e6a6568ac0993
io.syndesis.connector	connector-sftp	1.6.8		529be862337faea69eb6eeb8fac8ff3dbbe5cdea
io.syndesis.connector	connector-sftp	1.6.9		7bbb58d3bcb4be9960c0163d08ccfc7bf3ea807c
io.syndesis.connector	connector-sftp	1.7.0		cbf67ebd17a0c7f24f439c5ae451319510f8739b
io.syndesis.connector	connector-sftp	1.7.1		4d2020a4f3b24f1f6213d005ca45aa9086d3dd1f
io.syndesis.connector	connector-sftp	1.7.10		e01e8698741005947fd125c610f3a6476c7a3e6b
io.syndesis.connector	connector-sftp	1.7.11		c83b4789410361c7e39354fbc0e7155dbaaef43e
io.syndesis.connector	connector-sftp	1.7.12		ec1c910bf07dce602611ac31f6b6fa9671a759d7
io.syndesis.connector	connector-sftp	1.7.13		6cf874249fe5d349f8cd2026ab7b9a21e5efedba
io.syndesis.connector	connector-sftp	1.7.2		e764979728ff25a84fb9fa18780128edf9cf6483
io.syndesis.connector	connector-sftp	1.7.3		18ad6b3abb915b219d60bf2d00eb6306afa975a4
io.syndesis.connector	connector-sftp	1.7.4		1167001e69b894384136fae2d07f7f37c6b678ab
io.syndesis.connector	connector-sftp	1.7.5		32111b2928943711b16387c54639b21ca513149c
io.syndesis.connector	connector-sftp	1.7.6		8d345bc6bae4ee4d4e918233f6006b8a70883342
io.syndesis.connector	connector-sftp	1.7.7		92fbf718f96598f98ad6fa192213c232e8c857d8
io.syndesis.connector	connector-sftp	1.7.8		f854c269e7236ff9fc55b5e3bfd0dedcb07d9e78
io.syndesis.connector	connector-sftp	1.7.9		1f8836d3465a3a08b63fe2913b6238514963e7d1
io.syndesis.connector	connector-sftp	1.8.0		1aa451f85bdf45f53688c82af9e826bac5dcc5ed
io.syndesis.connector	connector-sftp	1.8.1		d4d8b4fb425f30506dab5bc33232c1274c93922f
io.syndesis.connector	connector-sftp	1.8.12		5b54631439c70e838b7eb2f266602867b5b92f0b
io.syndesis.connector	connector-sftp	1.8.13		ea143e5923e7548b96c5f3c94fff42ed3e9dcd58
io.syndesis.connector	connector-sftp	1.8.2		8fcd4f0d25a0a27abf3d54c2fa78858bcba1c83d
io.syndesis.connector	connector-sftp	1.8.6		661db1144564ecb8cbfaeff99949288e00db4e47
io.syndesis.connector	connector-sftp	1.9.0		919f9e382f82ecf1789fc9c89d18901388ae367f
io.unlaunch.sdk	unlaunch-java-sdk	0.0.1		f905554c8f4a4c489e672d056535118b439fe855
io.unlaunch.sdk	unlaunch-java-sdk	0.0.2		53041ccfa4c5f16a777a83425fffd89ed39aa798
io.unlaunch.sdk	unlaunch-java-sdk	0.0.3		42e89d5a396a6819f7e7ebcbc7405f40970e86bf
io.unlaunch.sdk	unlaunch-java-sdk	0.0.4		474a9455cbc388a07b67c99f683e76b159894c6d
io.unlaunch.sdk	unlaunch-java-sdk	0.0.5		17ee52212a29347cd08686f1ef2225c64179ca37
io.unlaunch.sdk	unlaunch-java-sdk	0.0.6		46f2643e49b997b348756ca89b5b61c047052c9e
io.unlaunch.sdk	unlaunch-java-sdk	0.0.7		edcfdbdb9417549b78cf8e0c0a491d2f5839a854
io.unlaunch.sdk	unlaunch-java-sdk	0.0.8		26937116e63b8d923f329569bbc96c6e68c5791b
io.unlaunch.sdk	unlaunch-java-sdk	0.1.0		08a7643cc7808d3cbccfb4324ea28701bfdd6f3e
io.unlaunch.sdk	unlaunch-java-sdk	1.0.0		de2bb213bc0d977b8f07defb3876435a8a7e9cb6
io.unlaunch.sdk	unlaunch-java-sdk	unlaunch-java-sdk-0.0.1		d881242f809efdf8a9719c4eef20bac3ac8d3dfe
io.unlaunch.sdk	unlaunch-java-sdk	unlaunch-java-sdk-0.0.2		65906e26559b8e793fc0702657091fd0cae87790
jakarta.nosql.mapping	mapping-column	0.1.0.M1		5b4f49dd97770f9712057e46615bc2a9ecf721d9
jakarta.nosql.mapping	mapping-column	1.0.0-b1		6929d8c9c131acfa349cae141150fe32362a99e1
jakarta.nosql.mapping	mapping-column	1.0.0-b2		32a81ebc0afb8764a74e3c1350511b6cf802bd2a
jakarta.nosql.mapping	mapping-column	1.0.0-b3		3c8ffb608c559ad68f50b2f17019766868a30389
jakarta.nosql.mapping	mapping-column	1.0.0-b4		43e3bc8f3abb4dabef607f1f6b50164c0bcab6f3
jakarta.nosql.mapping	mapping-column	1.0.0-b5		a2d3c2438b79de83895374871fd79b59bc390a40
me.omico.consensus.r8	me.omico.consensus.r8.gradle.plugin	0.1.0		N/A
me.omico.consensus.r8	me.omico.consensus.r8.gradle.plugin	0.2.0		N/A
net.admixer.sdk.mediation	ironsource	0.0.1		N/A
net.admixer.sdk.mediation	ironsource	0.0.2		N/A
net.admixer.sdk.mediation	ironsource	0.0.3		N/A
net.admixer.sdk.mediation	ironsource	0.0.4		N/A
net.admixer.sdk.mediation	ironsource	1.1.2.0		N/A
net.admixer.sdk.mediation	ironsource	1.3.2.0		N/A
net.exoego	aws-sdk-scalajs-facade-acmpca-nodejs-v8_sjs0.6_2.13	0.26.1-v2-524.0		714cf2cca0f22ec2d2efb67d519d6ee8aa59128b
net.exoego	aws-sdk-scalajs-facade-acmpca-nodejs-v8_sjs0.6_2.13	0.26.1-v2.524.0		6662f8df1d8584f97535d87de37d2b5619db8ea9
net.stepniak	api	0.7		2288729b0f22f155df3013d99a73eb4d10bbf2c1
net.stepniak	api	0.8.8		8f82933a75e94ef8a1c80bfe4d78c506298c3364
org.apache.camel.quarkus	camel-quarkus-zipfile-parent	0.2.0		N/A
org.apache.camel.quarkus	camel-quarkus-zipfile-parent	0.3.0		N/A
org.apache.camel.quarkus	camel-quarkus-zipfile-parent	0.3.1		N/A
org.apache.camel.quarkus	camel-quarkus-zipfile-parent	0.4.0		N/A
org.apache.camel.quarkus	camel-quarkus-zipfile-parent	1.0.0		N/A
org.apache.camel.quarkus	camel-quarkus-zipfile-parent	1.0.0-CR2		N/A
org.apache.camel.quarkus	camel-quarkus-zipfile-parent	1.0.0-CR3		N/A
org.apache.camel.quarkus	camel-quarkus-zipfile-parent	1.0.0-M1		N/A
org.apache.camel.quarkus	camel-quarkus-zipfile-parent	1.0.0-M2		N/A
org.apache.camel.quarkus	camel-quarkus-zipfile-parent	1.0.0-M3		N/A
org.apache.camel.quarkus	camel-quarkus-zipfile-parent	1.0.0-M4		N/A
org.apache.camel.quarkus	camel-quarkus-zipfile-parent	1.0.0-M5		N/A
org.apache.camel.quarkus	camel-quarkus-zipfile-parent	1.0.0-M6		N/A
org.apache.camel.quarkus	camel-quarkus-zipfile-parent	1.0.0-M7		N/A
org.apache.camel.quarkus	camel-quarkus-zipfile-parent	1.0.1		N/A
org.apache.camel.quarkus	camel-quarkus-zipfile-parent	1.1.0		N/A
org.apache.camel.quarkus	camel-quarkus-zipfile-parent	1.2.0		N/A
org.apache.camel.quarkus	camel-quarkus-zipfile-parent	1.3.0		N/A
org.apache.camel.quarkus	camel-quarkus-zipfile-parent	1.4.0		N/A
org.apache.camel.quarkus	camel-quarkus-zipfile-parent	1.5.0		N/A
org.apache.camel.quarkus	camel-quarkus-zipfile-parent	1.6.0		N/A
org.apache.camel.quarkus	camel-quarkus-zipfile-parent	1.7.0		N/A
org.apache.camel.quarkus	camel-quarkus-zipfile-parent	1.8.0		N/A
org.apache.camel.quarkus	camel-quarkus-zipfile-parent	1.8.1		N/A
org.apache.camel.quarkus	camel-quarkus-zipfile-parent	2.0.0		N/A
org.apache.camel.quarkus	camel-quarkus-zipfile-parent	2.0.0-M1		N/A
org.apache.camel.quarkus	camel-quarkus-zipfile-parent	2.0.0-M2		N/A
org.apache.camel.quarkus	camel-quarkus-zipfile-parent	2.1.0		N/A
org.apache.camel.quarkus	camel-quarkus-zipfile-parent	2.10.0		N/A
org.apache.camel.quarkus	camel-quarkus-zipfile-parent	2.11.0		N/A
org.apache.camel.quarkus	camel-quarkus-zipfile-parent	2.12.0		N/A
org.apache.camel.quarkus	camel-quarkus-zipfile-parent	2.13.0		N/A
org.apache.camel.quarkus	camel-quarkus-zipfile-parent	2.13.1		N/A
org.apache.camel.quarkus	camel-quarkus-zipfile-parent	2.13.2		N/A
org.apache.camel.quarkus	camel-quarkus-zipfile-parent	2.13.3		N/A
org.apache.camel.quarkus	camel-quarkus-zipfile-parent	2.14.0		N/A
org.apache.camel.quarkus	camel-quarkus-zipfile-parent	2.15.0		N/A
org.apache.camel.quarkus	camel-quarkus-zipfile-parent	2.16.0		N/A
org.apache.camel.quarkus	camel-quarkus-zipfile-parent	2.2.0		N/A
org.apache.camel.quarkus	camel-quarkus-zipfile-parent	2.2.1		N/A
org.apache.camel.quarkus	camel-quarkus-zipfile-parent	2.3.0		N/A
org.apache.camel.quarkus	camel-quarkus-zipfile-parent	2.4.0		N/A
org.apache.camel.quarkus	camel-quarkus-zipfile-parent	2.5.0		N/A
org.apache.camel.quarkus	camel-quarkus-zipfile-parent	2.6.0		N/A
org.apache.camel.quarkus	camel-quarkus-zipfile-parent	2.7.0		N/A
org.apache.camel.quarkus	camel-quarkus-zipfile-parent	2.7.1		N/A
org.apache.camel.quarkus	camel-quarkus-zipfile-parent	2.7.2		N/A
org.apache.camel.quarkus	camel-quarkus-zipfile-parent	2.8.0		N/A
org.apache.camel.quarkus	camel-quarkus-zipfile-parent	2.8.0-M1		N/A
org.apache.camel.quarkus	camel-quarkus-zipfile-parent	2.9.0		N/A
org.apache.camel.quarkus	camel-quarkus-zipfile-parent	3.0.0-M1		N/A
org.apache.camel.quarkus	camel-quarkus-zipfile-parent	3.0.0-M2		N/A
org.apache.camel.quarkus	camel-quarkus-zipfile-parent	3.0.0-RC1		N/A
org.apache.camel.quarkus	camel-quarkus-zipfile-parent	3.0.0-RC2		N/A
org.apache.camel.quarkus	camel-quarkus-zipfile-parent	3.10.0		N/A
org.apache.camel.quarkus	camel-quarkus-zipfile-parent	3.11.0		N/A
org.apache.camel.quarkus	camel-quarkus-zipfile-parent	3.12.0		N/A
org.apache.camel.quarkus	camel-quarkus-zipfile-parent	3.13.0		N/A
org.apache.camel.quarkus	camel-quarkus-zipfile-parent	3.14.0		N/A
org.apache.camel.quarkus	camel-quarkus-zipfile-parent	3.15.0		N/A
org.apache.camel.quarkus	camel-quarkus-zipfile-parent	3.15.1		N/A
org.apache.camel.quarkus	camel-quarkus-zipfile-parent	3.15.2		N/A
org.apache.camel.quarkus	camel-quarkus-zipfile-parent	3.15.3		N/A
org.apache.camel.quarkus	camel-quarkus-zipfile-parent	3.16.0		N/A
org.apache.camel.quarkus	camel-quarkus-zipfile-parent	3.17.0		N/A
org.apache.camel.quarkus	camel-quarkus-zipfile-parent	3.18.0		N/A
org.apache.camel.quarkus	camel-quarkus-zipfile-parent	3.19.0		N/A
org.apache.camel.quarkus	camel-quarkus-zipfile-parent	3.2.0		N/A
org.apache.camel.quarkus	camel-quarkus-zipfile-parent	3.2.1		N/A
org.apache.camel.quarkus	camel-quarkus-zipfile-parent	3.2.2		N/A
org.apache.camel.quarkus	camel-quarkus-zipfile-parent	3.2.3		N/A
org.apache.camel.quarkus	camel-quarkus-zipfile-parent	3.20.0		N/A
org.apache.camel.quarkus	camel-quarkus-zipfile-parent	3.22.0		N/A
org.apache.camel.quarkus	camel-quarkus-zipfile-parent	3.4.0		N/A
org.apache.camel.quarkus	camel-quarkus-zipfile-parent	3.5.0		N/A
org.apache.camel.quarkus	camel-quarkus-zipfile-parent	3.6.0		N/A
org.apache.camel.quarkus	camel-quarkus-zipfile-parent	3.7.0		N/A
org.apache.camel.quarkus	camel-quarkus-zipfile-parent	3.8.0		N/A
org.apache.camel.quarkus	camel-quarkus-zipfile-parent	3.8.1		N/A
org.apache.camel.quarkus	camel-quarkus-zipfile-parent	3.8.2		N/A
org.apache.camel.quarkus	camel-quarkus-zipfile-parent	3.8.3		N/A
org.apache.camel.quarkus	camel-quarkus-zipfile-parent	3.8.4		N/A
org.apache.camel.quarkus	camel-quarkus-zipfile-parent	3.9.0		N/A
org.apache.james	apache-james-mpt-antlib	0.1		7e93ba05b953d7dc006ac089a6c8c0ae6c32534c
org.apache.james	apache-james-mpt-antlib	3.0.0		2aca24425ba95f509bf9b6dca050cd05662a8240
org.apache.james	apache-james-mpt-antlib	3.0.0-RC1		62104ba29888df1dc8791c5656845b678947d532
org.apache.james	apache-james-mpt-antlib	3.0.0-beta5		d5207cef2a73cb36f76f677c0abcc646a90c5c19
org.apache.james	apache-james-mpt-antlib	3.0.1		23a9631d327a3a44e383fd25e639eee045e0872b
org.apache.james	apache-james-mpt-antlib	3.1.0		24d25a46236af23d47aa4755a2038113a5940a01
org.apache.james	apache-james-mpt-antlib	3.2.0		b96fe92d2f3fc488c6036bc0fdc7c196391bb5bb
org.apache.james	apache-james-mpt-antlib	3.3.0		1b30e76c13584dd6bddd15d874a55ee9dcd8de53
org.apache.james	apache-james-mpt-antlib	3.4.0		22b31721fabf1603e91ce6c2c9bba611f27dbe55
org.apache.james	apache-james-mpt-antlib	3.5.0		47091703c4300b138d23c24d61d32fdf8049444a
org.apache.karaf.decanter.scheduler	org.apache.karaf.decanter.scheduler.simple	1.0.0		687e1c170654ae70311eec528f70a7391c373bb4
org.apache.karaf.decanter.scheduler	org.apache.karaf.decanter.scheduler.simple	1.0.1		19762251b47420cef6487c0ce7b604ca6e9979b8
org.apache.karaf.decanter.scheduler	org.apache.karaf.decanter.scheduler.simple	1.1.0		26aa1c79a00dcba0361753063ce1ce68bc42f217
org.apache.karaf.decanter.scheduler	org.apache.karaf.decanter.scheduler.simple	1.2.0		2a4f9d788b8cb0c294bca6adb482dbf1db0d0e77
org.apache.karaf.decanter.scheduler	org.apache.karaf.decanter.scheduler.simple	1.3.0		1b19a9259ab90b527940e7e8f8e3a25022a74fbf
org.apache.opennlp	opennlp-models-pos	1.0.0		N/A
org.apache.opennlp	opennlp-models-pos	1.0.1		N/A
org.apache.opennlp	opennlp-models-pos	1.1.0		N/A
org.apache.opennlp	opennlp-models-pos	1.2.0		N/A
org.apache.ozhera	ozhera-monitor-api	2.2.2-incubating		859d8be94e6af451f59520f2cb475db8a4d3e4e2
org.apache.ozhera	ozhera-monitor-api	2.2.3-incubating		c1e17177928732f2965e039d4da4c88e8f048905
org.apache.ozhera	ozhera-monitor-api	2.2.5-incubating		fcc8f11664601665d88808cbcc4be0928e998b55
org.apache.skywalking	apm-aerospike-plugin	9.0.0		438045598b2730730bc6ffd1ac161dcca15e22ef
org.apache.skywalking	apm-aerospike-plugin	9.1.0		4a76182a5d6e74d9f62fc7c2b3200f2068e518c8
org.apache.skywalking	apm-aerospike-plugin	9.2.0		92acc072e13b251884b0019e3708cd6f2946d863
org.apache.skywalking	apm-aerospike-plugin	9.3.0		541336e19a2029c56dc4ccdff9073468d816d368
org.apache.skywalking	apm-aerospike-plugin	9.4.0		214eaa8730626973ac95d82b2d972ab93c3a4c42
org.codehaus.fabric3	fabric3-container-web-jetty	0.5		db2b4ae910a7c56e739c1994077d231eadc32ce6
org.codehaus.fabric3	fabric3-container-web-jetty	0.5.1		e017221df58705293ee17cfe63ebc64c44d7e4f8
org.codehaus.fabric3	fabric3-container-web-jetty	0.5ALPHA2		9fad660cce015c4c71395ab4965774feea4c4a4d
org.codehaus.fabric3	fabric3-container-web-jetty	0.5BETA1		d1b0d343ca395e358402893773ec1880e752d8c7
org.codehaus.fabric3	fabric3-container-web-jetty	0.6		ed4470e450d8fa382786dca9b5fdc8754d06f1a1
org.codehaus.fabric3	fabric3-container-web-jetty	0.6.5		99153b379846ec3a2a8456aa9336538c9c8b09c7
org.codehaus.fabric3	fabric3-container-web-jetty	0.7		0b21419b6b3e34644b5fd7dc3a29b62eba49e831
org.codehaus.fabric3	fabric3-container-web-jetty	1.0		628094d67d49200f97b85ea435df02f27445cd3c
org.codehaus.fabric3	fabric3-container-web-jetty	1.1		5b50b97f97ebe7a548ec8bf070c05f7aa2612f6b
org.codehaus.fabric3	fabric3-container-web-jetty	1.2		6da8a16acd84310c91f134a2d73c609b2ccabe84
org.codehaus.fabric3	fabric3-container-web-jetty	1.3		23755db11b34cd46908b78c43c1980b03b830e16
org.codehaus.fabric3	fabric3-container-web-jetty	1.4		c5d8563eafbeeecd31daab3775770df0a390258d
org.codehaus.fabric3	fabric3-container-web-jetty	1.5		90e760466da570e8ad0d57a862260c7257e4b93f
org.codehaus.fabric3	fabric3-container-web-jetty	1.6		6b3edc5063cef275fc3d23831b3b37889bbce8c5
org.codehaus.fabric3	fabric3-container-web-jetty	1.7		a319b503aaae09e4320563185c124f483773cca8
org.codehaus.fabric3	fabric3-container-web-jetty	1.8		d6c3aff341c13a300799ae55a5c1a540b41e72c2
org.codehaus.fabric3	fabric3-container-web-jetty	1.8.1		26b919f4fa9dc8135c1fa9c45a1c088257fb67b7
org.codehaus.fabric3	fabric3-container-web-jetty	1.9		60292597238f0a5e545cb04056b1e58a934d4cb1
org.codehaus.fabric3	fabric3-container-web-jetty	1.9.5		aaf8537e1a2ec45fc5b9916c17f30871d14ec80b
org.codehaus.fabric3	fabric3-container-web-jetty	1.9.6		a38cebb51d90bf379ae229dcb0b297c46cba3e1a
org.codehaus.fabric3	fabric3-container-web-jetty	2.0.0		ab00bcdddd712df8a20282e0842259709fb16457
org.codehaus.fabric3	fabric3-container-web-jetty	2.0.1		f7624ab71c9f1c82a0c9bdc82efee53f1618bbd1
org.connectorio.openapi.generators	java-jaxrs-client	5.4.0		e1a17ccd4c44bbc70391de5b314506c5ea46c84c
org.eclipse.birt.runtime.3_7_1	org.apache.xml.serializer	2.7.1		a8508e22414c8e12cdfdc42b25a7c7efa4004556
org.endpoints4s	algebra-testkit_native0.4_2.12	3.0.0		b9ada17ca509e74bb30723de77dfe265c1884aaf
org.endpoints4s	algebra-testkit_native0.4_2.12	4.0.0		b39e00a161e7977103e48ee31eb0ef1cfebe8c9d
org.endpoints4s	algebra-testkit_native0.4_2.12	4.1.0		cce0480289a1af9e868004211bdbde497eed84c0
org.endpoints4s	algebra-testkit_native0.4_2.12	5.0.0		01f9049c11885a07a16cc27bc584d51dd9b5145d
org.endpoints4s	algebra-testkit_native0.4_2.12	6.0.0		7d443ece133abfc5b8c09459128d6ea10ebd36a9
org.endpoints4s	algebra-testkit_native0.4_2.12	7.0.0		bdff2d59d6a8edc5c0ea0e180c445300e18f8bb5
org.endpoints4s	algebra-testkit_native0.4_2.12	7.0.1		28439a9e32ecccac2f7891e4e716341a1a22d562
org.flowable	flowable-task-service	6.2.0		90c5c92ea53b94e26af3ee99e57dffde9285bfb1
org.flowable	flowable-task-service	6.2.1		61fd56aabe7c10a0a00c856b8a5f9774f57aa7b4
org.flowable	flowable-task-service	6.3.0		56bbf00baab2454ed31377375b6e89bb1162bbf0
org.flowable	flowable-task-service	6.3.1		f87fe601d4269ba0fb37625db8ed1420edd422ce
org.flowable	flowable-task-service	6.4.0		94fad13992a7a3ebdbc3928ed7ab3bbc3f891a69
org.flowable	flowable-task-service	6.4.1		81202470f82b46eab39e43d5c4e6ec18be86b239
org.flowable	flowable-task-service	6.4.2		24a84f1420c22863bbc5e8d10fd41cca88b0d80e
org.flowable	flowable-task-service	6.5.0		c52395986bdc69dc3915399071fa3b2777cfaf92
org.flowable	flowable-task-service	6.6.0		7f6b1456f6cbefa1c8645cfc331b9cf75db81a95
org.flowable	flowable-task-service	6.7.0		44fd7033589acf1cec2cb2c3303910dcb665eb4e
org.flowable	flowable-task-service	6.7.1		99932a2b688f45d1e0db60327670c0db3eecc974
org.flowable	flowable-task-service	6.7.2		69b5a014fd9d6294333374dd550143df8066eae6
org.flowable	flowable-task-service	6.8.0		2e1f57511aa1892d16ea46e9056bedc5e4cd6e7c
org.flowable	flowable-task-service	6.8.1		9c55dfcf4290c7dcb3c0afc11dc83387a50d6957
org.flowable	flowable-task-service	7.0.0		ef7c50e52da7d5fc2fde16367c8d1c71f22351b8
org.flowable	flowable-task-service	7.0.0.M1		9e507fbfbc981a8fc21331f164bff5e2b3261313
org.flowable	flowable-task-service	7.0.0.M2		23532380744311a22ee0024774a5cded8435e56f
org.flowable	flowable-task-service	7.0.1		ad4dc54b0ac61914f8b154cf88fcc2071835ecbb
org.flowable	flowable-task-service	7.1.0		dfe0b0a24da13663e696d4dc8d863be610e4b09b
org.flywaydb.pro	flyway-parent	6.4.1		N/A
org.flywaydb.pro	flyway-parent	6.4.2		N/A
org.flywaydb.pro	flyway-parent	6.4.3		N/A
org.flywaydb.pro	flyway-parent	6.4.4		N/A
org.flywaydb.pro	flyway-parent	6.5.0		N/A
org.flywaydb.pro	flyway-parent	6.5.1		N/A
org.flywaydb.pro	flyway-parent	6.5.2		N/A
org.flywaydb.pro	flyway-parent	6.5.3		N/A
org.flywaydb.pro	flyway-parent	6.5.4		N/A
org.flywaydb.pro	flyway-parent	6.5.5		N/A
org.flywaydb.pro	flyway-parent	6.5.6		N/A
org.flywaydb.pro	flyway-parent	6.5.7		N/A
org.flywaydb.pro	flyway-parent	7.0.0-beta1		N/A
org.jetbrains.kotlin-wrappers	kotlin-null-writable	2.0.1-pre.810		b3b8bf147a210c2f0912cf8f759f1daa4e93153b
org.jetbrains.kotlin-wrappers	kotlin-null-writable	2.0.1-pre.811		b3b8bf147a210c2f0912cf8f759f1daa4e93153b
org.jetbrains.kotlin-wrappers	kotlin-null-writable	2.0.1-pre.812		b3b8bf147a210c2f0912cf8f759f1daa4e93153b
org.jetbrains.kotlin-wrappers	kotlin-null-writable	2.0.1-pre.814		b3b8bf147a210c2f0912cf8f759f1daa4e93153b
org.jetbrains.kotlin-wrappers	kotlin-null-writable	2.0.1-pre.815		b3b8bf147a210c2f0912cf8f759f1daa4e93153b
org.jetbrains.kotlin-wrappers	kotlin-null-writable	2.0.1-pre.816		b3b8bf147a210c2f0912cf8f759f1daa4e93153b
org.jetbrains.kotlin-wrappers	kotlin-null-writable	2.0.1-pre.817		b3b8bf147a210c2f0912cf8f759f1daa4e93153b
org.jetbrains.kotlin-wrappers	kotlin-null-writable	2.0.1-pre.818		b3b8bf147a210c2f0912cf8f759f1daa4e93153b
org.jetbrains.kotlin-wrappers	kotlin-null-writable	2.0.1-pre.819		b3b8bf147a210c2f0912cf8f759f1daa4e93153b
org.jetbrains.kotlin-wrappers	kotlin-null-writable	2.0.1-pre.820		b3b8bf147a210c2f0912cf8f759f1daa4e93153b
org.jetbrains.kotlin-wrappers	kotlin-null-writable	2.0.1-pre.821		b3b8bf147a210c2f0912cf8f759f1daa4e93153b
org.jetbrains.kotlin-wrappers	kotlin-null-writable	2.0.1-pre.822		b3b8bf147a210c2f0912cf8f759f1daa4e93153b
org.jetbrains.kotlin-wrappers	kotlin-null-writable	2.0.1-pre.823		b3b8bf147a210c2f0912cf8f759f1daa4e93153b
org.jetbrains.kotlin-wrappers	kotlin-null-writable	2.0.1-pre.824		b3b8bf147a210c2f0912cf8f759f1daa4e93153b
org.jetbrains.kotlin-wrappers	kotlin-null-writable	2.0.1-pre.825		b3b8bf147a210c2f0912cf8f759f1daa4e93153b
org.jetbrains.kotlin-wrappers	kotlin-null-writable	2.0.1-pre.826		b3b8bf147a210c2f0912cf8f759f1daa4e93153b
org.jetbrains.kotlin-wrappers	kotlin-null-writable	2.0.1-pre.827		b3b8bf147a210c2f0912cf8f759f1daa4e93153b
org.jetbrains.kotlin-wrappers	kotlin-null-writable	2.0.1-pre.828		b3b8bf147a210c2f0912cf8f759f1daa4e93153b
org.jetbrains.kotlin-wrappers	kotlin-null-writable	2.0.1-pre.829		b3b8bf147a210c2f0912cf8f759f1daa4e93153b
org.jetbrains.kotlin-wrappers	kotlin-null-writable	2.0.1-pre.830		b3b8bf147a210c2f0912cf8f759f1daa4e93153b
org.jetbrains.kotlin-wrappers	kotlin-null-writable	2.0.1-pre.831		b3b8bf147a210c2f0912cf8f759f1daa4e93153b
org.jetbrains.kotlin-wrappers	kotlin-null-writable	2.0.1-pre.832		b3b8bf147a210c2f0912cf8f759f1daa4e93153b
org.jetbrains.kotlin-wrappers	kotlin-null-writable	2.0.1-pre.833		b3b8bf147a210c2f0912cf8f759f1daa4e93153b
org.jetbrains.kotlin-wrappers	kotlin-null-writable	2.0.1-pre.834		b3b8bf147a210c2f0912cf8f759f1daa4e93153b
org.jetbrains.kotlin-wrappers	kotlin-null-writable	2.0.1-pre.835		b3b8bf147a210c2f0912cf8f759f1daa4e93153b
org.jetbrains.kotlin-wrappers	kotlin-null-writable	2.0.1-pre.836		b3b8bf147a210c2f0912cf8f759f1daa4e93153b
org.jetbrains.kotlin-wrappers	kotlin-null-writable	2.0.1-pre.837		b3b8bf147a210c2f0912cf8f759f1daa4e93153b
org.jetbrains.kotlin-wrappers	kotlin-null-writable	2.0.1-pre.838		b3b8bf147a210c2f0912cf8f759f1daa4e93153b
org.jetbrains.kotlin-wrappers	kotlin-null-writable	2.0.1-pre.839		b3b8bf147a210c2f0912cf8f759f1daa4e93153b
org.jetbrains.kotlin-wrappers	kotlin-null-writable	2.0.1-pre.840		b3b8bf147a210c2f0912cf8f759f1daa4e93153b
org.jetbrains.kotlin-wrappers	kotlin-null-writable	2.0.1-pre.841		b3b8bf147a210c2f0912cf8f759f1daa4e93153b
org.jetbrains.kotlin-wrappers	kotlin-null-writable	2.0.1-pre.842		b3b8bf147a210c2f0912cf8f759f1daa4e93153b
org.jetbrains.kotlin-wrappers	kotlin-null-writable	2.0.1-pre.843		b3b8bf147a210c2f0912cf8f759f1daa4e93153b
org.jetbrains.kotlin-wrappers	kotlin-null-writable	2.0.1-pre.844		b3b8bf147a210c2f0912cf8f759f1daa4e93153b
org.jetbrains.kotlin-wrappers	kotlin-null-writable	2.0.1-pre.845		b3b8bf147a210c2f0912cf8f759f1daa4e93153b
org.jetbrains.kotlin-wrappers	kotlin-null-writable	2.0.1-pre.846		b3b8bf147a210c2f0912cf8f759f1daa4e93153b
org.jetbrains.kotlin-wrappers	kotlin-null-writable	2.0.1-pre.847		b3b8bf147a210c2f0912cf8f759f1daa4e93153b
org.jetbrains.kotlin-wrappers	kotlin-null-writable	2.0.1-pre.848		b3b8bf147a210c2f0912cf8f759f1daa4e93153b
org.jetbrains.kotlin-wrappers	kotlin-null-writable	2.0.1-pre.849		b3b8bf147a210c2f0912cf8f759f1daa4e93153b
org.jetbrains.kotlin-wrappers	kotlin-null-writable	2.0.1-pre.850		b3b8bf147a210c2f0912cf8f759f1daa4e93153b
org.jetbrains.kotlin-wrappers	kotlin-null-writable	2.0.1-pre.851		b3b8bf147a210c2f0912cf8f759f1daa4e93153b
org.jetbrains.kotlin-wrappers	kotlin-null-writable	2.0.1-pre.852		b3b8bf147a210c2f0912cf8f759f1daa4e93153b
org.jetbrains.kotlin-wrappers	kotlin-null-writable	2.0.1-pre.853		b3b8bf147a210c2f0912cf8f759f1daa4e93153b
org.jetbrains.kotlin-wrappers	kotlin-null-writable	2.0.1-pre.854		b3b8bf147a210c2f0912cf8f759f1daa4e93153b
org.jetbrains.kotlin-wrappers	kotlin-null-writable	2.0.1-pre.855		b3b8bf147a210c2f0912cf8f759f1daa4e93153b
org.jetbrains.kotlin-wrappers	kotlin-null-writable	2.0.1-pre.856		b3b8bf147a210c2f0912cf8f759f1daa4e93153b
org.jetbrains.kotlin-wrappers	kotlin-null-writable	2.0.1-pre.857		b3b8bf147a210c2f0912cf8f759f1daa4e93153b
org.jetbrains.kotlin-wrappers	kotlin-null-writable	2.0.1-pre.858		b3b8bf147a210c2f0912cf8f759f1daa4e93153b
org.jetbrains.kotlin-wrappers	kotlin-null-writable	2.0.1-pre.859		b3b8bf147a210c2f0912cf8f759f1daa4e93153b
org.jetbrains.kotlin-wrappers	kotlin-null-writable	2.0.1-pre.860		b3b8bf147a210c2f0912cf8f759f1daa4e93153b
org.jetbrains.kotlin-wrappers	kotlin-null-writable	2025.1.0-2.0.1		b3b8bf147a210c2f0912cf8f759f1daa4e93153b
org.jetbrains.kotlin-wrappers	kotlin-null-writable	2025.1.1-2.0.1		b3b8bf147a210c2f0912cf8f759f1daa4e93153b
org.jetbrains.kotlin-wrappers	kotlin-null-writable	2025.1.10-2.0.1		b3b8bf147a210c2f0912cf8f759f1daa4e93153b
org.jetbrains.kotlin-wrappers	kotlin-null-writable	2025.1.11-2.0.1		b3b8bf147a210c2f0912cf8f759f1daa4e93153b
org.jetbrains.kotlin-wrappers	kotlin-null-writable	2025.1.2-2.0.1		b3b8bf147a210c2f0912cf8f759f1daa4e93153b
org.jetbrains.kotlin-wrappers	kotlin-null-writable	2025.1.3-2.0.1		b3b8bf147a210c2f0912cf8f759f1daa4e93153b
org.jetbrains.kotlin-wrappers	kotlin-null-writable	2025.1.4-2.0.1		b3b8bf147a210c2f0912cf8f759f1daa4e93153b
org.jetbrains.kotlin-wrappers	kotlin-null-writable	2025.1.5-2.0.1		b3b8bf147a210c2f0912cf8f759f1daa4e93153b
org.jetbrains.kotlin-wrappers	kotlin-null-writable	2025.1.6-2.0.1		b3b8bf147a210c2f0912cf8f759f1daa4e93153b
org.jetbrains.kotlin-wrappers	kotlin-null-writable	2025.1.7-2.0.1		b3b8bf147a210c2f0912cf8f759f1daa4e93153b
org.jetbrains.kotlin-wrappers	kotlin-null-writable	2025.1.8-2.0.1		b3b8bf147a210c2f0912cf8f759f1daa4e93153b
org.jetbrains.kotlin-wrappers	kotlin-null-writable	2025.1.9-2.0.1		b3b8bf147a210c2f0912cf8f759f1daa4e93153b
org.jetbrains.kotlin-wrappers	kotlin-null-writable	2025.2.0-2.0.1		b3b8bf147a210c2f0912cf8f759f1daa4e93153b
org.jetbrains.kotlin-wrappers	kotlin-null-writable	2025.2.1-2.0.1		b3b8bf147a210c2f0912cf8f759f1daa4e93153b
org.jetbrains.kotlin-wrappers	kotlin-null-writable	2025.2.10-2.0.1		b3b8bf147a210c2f0912cf8f759f1daa4e93153b
org.jetbrains.kotlin-wrappers	kotlin-null-writable	2025.2.11-2.0.1		b3b8bf147a210c2f0912cf8f759f1daa4e93153b
org.jetbrains.kotlin-wrappers	kotlin-null-writable	2025.2.12-2.0.1		b3b8bf147a210c2f0912cf8f759f1daa4e93153b
org.jetbrains.kotlin-wrappers	kotlin-null-writable	2025.2.2-2.0.1		b3b8bf147a210c2f0912cf8f759f1daa4e93153b
org.jetbrains.kotlin-wrappers	kotlin-null-writable	2025.2.3-2.0.1		b3b8bf147a210c2f0912cf8f759f1daa4e93153b
org.jetbrains.kotlin-wrappers	kotlin-null-writable	2025.2.4-2.0.1		b3b8bf147a210c2f0912cf8f759f1daa4e93153b
org.jetbrains.kotlin-wrappers	kotlin-null-writable	2025.2.5-2.0.1		b3b8bf147a210c2f0912cf8f759f1daa4e93153b
org.jetbrains.kotlin-wrappers	kotlin-null-writable	2025.2.6-2.0.1		b3b8bf147a210c2f0912cf8f759f1daa4e93153b
org.jetbrains.kotlin-wrappers	kotlin-null-writable	2025.2.7-2.0.1		b3b8bf147a210c2f0912cf8f759f1daa4e93153b
org.jetbrains.kotlin-wrappers	kotlin-null-writable	2025.2.8-2.0.1		b3b8bf147a210c2f0912cf8f759f1daa4e93153b
org.jetbrains.kotlin-wrappers	kotlin-null-writable	2025.2.9-2.0.1		b3b8bf147a210c2f0912cf8f759f1daa4e93153b
org.jetbrains.kotlin-wrappers	kotlin-null-writable	2025.3.0-2.0.1		b3b8bf147a210c2f0912cf8f759f1daa4e93153b
org.jetbrains.kotlin-wrappers	kotlin-null-writable	2025.3.1-2.0.1		b3b8bf147a210c2f0912cf8f759f1daa4e93153b
org.jetbrains.kotlin-wrappers	kotlin-null-writable	2025.3.10-2.0.1		b3b8bf147a210c2f0912cf8f759f1daa4e93153b
org.jetbrains.kotlin-wrappers	kotlin-null-writable	2025.3.11-2.0.1		b3b8bf147a210c2f0912cf8f759f1daa4e93153b
org.jetbrains.kotlin-wrappers	kotlin-null-writable	2025.3.12-2.0.1		b3b8bf147a210c2f0912cf8f759f1daa4e93153b
org.jetbrains.kotlin-wrappers	kotlin-null-writable	2025.3.13-2.0.1		b3b8bf147a210c2f0912cf8f759f1daa4e93153b
org.jetbrains.kotlin-wrappers	kotlin-null-writable	2025.3.14-2.0.1		b3b8bf147a210c2f0912cf8f759f1daa4e93153b
org.jetbrains.kotlin-wrappers	kotlin-null-writable	2025.3.15-2.0.1		b3b8bf147a210c2f0912cf8f759f1daa4e93153b
org.jetbrains.kotlin-wrappers	kotlin-null-writable	2025.3.16-2.0.1		b3b8bf147a210c2f0912cf8f759f1daa4e93153b
org.jetbrains.kotlin-wrappers	kotlin-null-writable	2025.3.17-2.0.1		b3b8bf147a210c2f0912cf8f759f1daa4e93153b
org.jetbrains.kotlin-wrappers	kotlin-null-writable	2025.3.18-2.0.1		4a2b0530c6748a26507ba65dad6b356852a4267b
org.jetbrains.kotlin-wrappers	kotlin-null-writable	2025.3.19-2.0.1		4a2b0530c6748a26507ba65dad6b356852a4267b
org.jetbrains.kotlin-wrappers	kotlin-null-writable	2025.3.2-2.0.1		b3b8bf147a210c2f0912cf8f759f1daa4e93153b
org.jetbrains.kotlin-wrappers	kotlin-null-writable	2025.3.20-2.0.1		4a2b0530c6748a26507ba65dad6b356852a4267b
org.jetbrains.kotlin-wrappers	kotlin-null-writable	2025.3.21-2.0.1		4a2b0530c6748a26507ba65dad6b356852a4267b
org.jetbrains.kotlin-wrappers	kotlin-null-writable	2025.3.22-2.0.1		4a2b0530c6748a26507ba65dad6b356852a4267b
org.jetbrains.kotlin-wrappers	kotlin-null-writable	2025.3.23-2.0.1		4a2b0530c6748a26507ba65dad6b356852a4267b
org.jetbrains.kotlin-wrappers	kotlin-null-writable	2025.3.24-2.0.1		4a2b0530c6748a26507ba65dad6b356852a4267b
org.jetbrains.kotlin-wrappers	kotlin-null-writable	2025.3.25-2.0.1		4a2b0530c6748a26507ba65dad6b356852a4267b
org.jetbrains.kotlin-wrappers	kotlin-null-writable	2025.3.26-2.0.1		4a2b0530c6748a26507ba65dad6b356852a4267b
org.jetbrains.kotlin-wrappers	kotlin-null-writable	2025.3.3-2.0.1		b3b8bf147a210c2f0912cf8f759f1daa4e93153b
org.jetbrains.kotlin-wrappers	kotlin-null-writable	2025.3.4-2.0.1		b3b8bf147a210c2f0912cf8f759f1daa4e93153b
org.jetbrains.kotlin-wrappers	kotlin-null-writable	2025.3.5-2.0.1		b3b8bf147a210c2f0912cf8f759f1daa4e93153b
org.jetbrains.kotlin-wrappers	kotlin-null-writable	2025.3.6-2.0.1		b3b8bf147a210c2f0912cf8f759f1daa4e93153b
org.jetbrains.kotlin-wrappers	kotlin-null-writable	2025.3.7-2.0.1		b3b8bf147a210c2f0912cf8f759f1daa4e93153b
org.jetbrains.kotlin-wrappers	kotlin-null-writable	2025.3.8-2.0.1		b3b8bf147a210c2f0912cf8f759f1daa4e93153b
org.jetbrains.kotlin-wrappers	kotlin-null-writable	2025.3.9-2.0.1		b3b8bf147a210c2f0912cf8f759f1daa4e93153b
org.jetbrains.kotlin-wrappers	kotlin-null-writable	2025.4.0-2.0.1		4a2b0530c6748a26507ba65dad6b356852a4267b
org.jetbrains.kotlin-wrappers	kotlin-null-writable	2025.4.1-2.0.1		4a2b0530c6748a26507ba65dad6b356852a4267b
org.jetbrains.kotlin-wrappers	kotlin-null-writable	2025.4.10-2.0.1		4a2b0530c6748a26507ba65dad6b356852a4267b
org.jetbrains.kotlin-wrappers	kotlin-null-writable	2025.4.11-2.0.1		4a2b0530c6748a26507ba65dad6b356852a4267b
org.jetbrains.kotlin-wrappers	kotlin-null-writable	2025.4.12-2.0.1		4a2b0530c6748a26507ba65dad6b356852a4267b
org.jetbrains.kotlin-wrappers	kotlin-null-writable	2025.4.13-2.0.1		4a2b0530c6748a26507ba65dad6b356852a4267b
org.jetbrains.kotlin-wrappers	kotlin-null-writable	2025.4.14-2.0.1		4a2b0530c6748a26507ba65dad6b356852a4267b
org.jetbrains.kotlin-wrappers	kotlin-null-writable	2025.4.15-2.0.1		4a2b0530c6748a26507ba65dad6b356852a4267b
org.jetbrains.kotlin-wrappers	kotlin-null-writable	2025.4.16-2.0.1		4a2b0530c6748a26507ba65dad6b356852a4267b
org.jetbrains.kotlin-wrappers	kotlin-null-writable	2025.4.17-2.0.1		4a2b0530c6748a26507ba65dad6b356852a4267b
org.jetbrains.kotlin-wrappers	kotlin-null-writable	2025.4.18-2.0.1		4a2b0530c6748a26507ba65dad6b356852a4267b
org.jetbrains.kotlin-wrappers	kotlin-null-writable	2025.4.2-2.0.1		4a2b0530c6748a26507ba65dad6b356852a4267b
org.jetbrains.kotlin-wrappers	kotlin-null-writable	2025.4.3-2.0.1		4a2b0530c6748a26507ba65dad6b356852a4267b
org.jetbrains.kotlin-wrappers	kotlin-null-writable	2025.4.4-2.0.1		4a2b0530c6748a26507ba65dad6b356852a4267b
org.jetbrains.kotlin-wrappers	kotlin-null-writable	2025.4.5-2.0.1		4a2b0530c6748a26507ba65dad6b356852a4267b
org.jetbrains.kotlin-wrappers	kotlin-null-writable	2025.4.6-2.0.1		4a2b0530c6748a26507ba65dad6b356852a4267b
org.jetbrains.kotlin-wrappers	kotlin-null-writable	2025.4.7-2.0.1		4a2b0530c6748a26507ba65dad6b356852a4267b
org.jetbrains.kotlin-wrappers	kotlin-null-writable	2025.4.8-2.0.1		4a2b0530c6748a26507ba65dad6b356852a4267b
org.jetbrains.kotlin-wrappers	kotlin-null-writable	2025.4.9-2.0.1		4a2b0530c6748a26507ba65dad6b356852a4267b
org.jetbrains.kotlin-wrappers	kotlin-null-writable	2025.5.0-2.0.1		4a2b0530c6748a26507ba65dad6b356852a4267b
org.jetbrains.kotlin-wrappers	kotlin-null-writable	2025.5.1-2.0.1		4a2b0530c6748a26507ba65dad6b356852a4267b
org.jetbrains.kotlin-wrappers	kotlin-null-writable	2025.5.2-2.0.1		4a2b0530c6748a26507ba65dad6b356852a4267b
org.jetbrains.kotlin-wrappers	kotlin-null-writable	2025.5.3-2.0.1		4a2b0530c6748a26507ba65dad6b356852a4267b
org.jetbrains.kotlin-wrappers	kotlin-null-writable	2025.5.4-2.0.1		4a2b0530c6748a26507ba65dad6b356852a4267b
org.jetbrains.kotlin-wrappers	kotlin-null-writable	2025.5.5-2.0.1		4a2b0530c6748a26507ba65dad6b356852a4267b
org.jetbrains.kotlin-wrappers	kotlin-null-writable	2025.5.6-2.0.1		4a2b0530c6748a26507ba65dad6b356852a4267b
org.jetbrains.kotlin-wrappers	kotlin-null-writable	2025.5.7-2.0.1		4a2b0530c6748a26507ba65dad6b356852a4267b
org.jetbrains.kotlin-wrappers	kotlin-null-writable	2025.5.8-2.0.1		4a2b0530c6748a26507ba65dad6b356852a4267b
org.jnosql.artemis	cassandra-extension	0.0.2		2ddc25eacb1d99868c8dc18db2ba6ec191e50163
org.jnosql.artemis	cassandra-extension	0.0.3		9528064a387875898e0513af566ded289f3d0a81
org.jnosql.artemis	cassandra-extension	0.0.4		51344e29ca6ef5f72d78678d56f547b5e90e787d
org.jnosql.artemis	cassandra-extension	0.0.5		1df97924492f0631e6d9c11a3b1ae305a795fe10
org.jnosql.artemis	cassandra-extension	0.0.6		b567bfa9aff7fdb91188740de53a034b702066ce
org.jnosql.artemis	cassandra-extension	0.0.7		e8bf414f90a364768a2e4f080cf05c49c5114998
org.jnosql.artemis	cassandra-extension	0.0.8		62fbc2f6ea9c5a8f61f5866cdfcb787239390321
org.jnosql.artemis	cassandra-extension	0.0.9		22563af0121d601d5278410dfc1688fd7b9a9292
org.jvnet.hudson.plugins	unity-asset-server	1.1.0		5e612047556163d343372bdf00047bbc3ad80993
org.jvnet.hudson.plugins	unity-asset-server	1.1.1		f6e8e877c9ab554018faa7ce01f8c2359875c1fa
org.logging4s	logging4s-upickle_3	0.5.0		89c6ccd80607dce5dffafe74027aac04bd5184ce
org.logging4s	logging4s-upickle_3	0.5.1		7018eb4a58d0ca53ef429032898d5bdfc7c58196
org.logging4s	logging4s-upickle_3	0.5.3		55918ec6e962cc09f0fb382f291e0306232ce2f4
org.logging4s	logging4s-upickle_3	0.6.0		ffe8fede1611cf8876e94c37ea3182a2f8cc40f4
org.logging4s	logging4s-upickle_3	0.6.1		7b680f01284ef3f39b9406305e63ca0144e79d6f
org.logging4s	logging4s-upickle_3	0.6.2		1722699d94728010224bcd3365ab04fa574d938a
org.logging4s	logging4s-upickle_3	0.6.3		34b3fa66731a1f2c0c9711edd981993066b03917
org.logging4s	logging4s-upickle_3	0.6.4		f30d43a4cf40dd35b9425d42d5e00abc438b2bb0
org.logging4s	logging4s-upickle_3	0.6.6		d26ea8e643fb317862d1a9d31a92f4379152b02c
org.logging4s	logging4s-upickle_3	0.6.7		96e952aeb77d6cdd43434a3ff15bc2ea0e563248
org.logging4s	logging4s-upickle_3	0.7.0		8216bd8427035a6a60e66be33586e6312a42197c
org.logging4s	logging4s-upickle_3	0.8.0		c9fe55292bea11d8e967efca11e9cd948380ae75
org.logging4s	logging4s-upickle_3	0.8.1		a767dd9a503f6de3a7986809d5bc790198391eff
org.logging4s	logging4s-upickle_3	0.8.2		d1d38bd0a35aa1648587563954a4f92fa9e656d5
org.logging4s	logging4s-upickle_3	0.8.3		580e9cb0e1e4be2c886be521cde4b4263053246f
org.logging4s	logging4s-upickle_3	0.9.0		6a48672760db846bf78945f9bc805692f450fbb4
org.logging4s	logging4s-upickle_3	0.9.1		409b4bc26be01bf0a8c75d37c31bf4dab7e4d1a8
org.mvnpm	p-limit	1.3.0		44ec1411abc4e4337bc8c457a9260a320142bc75
org.mvnpm	p-limit	2.3.0		434cf81d74ff51d8e74c3e3cb66b004d00ba3496
org.mvnpm	p-limit	3.1.0		512bf1c06a08cdca80596ec88c7f97401b72bbd1
org.mvnpm	p-limit	4.0.0		5305a1adbd417ace28d802281ae197092b8558b3
org.mvnpm	p-limit	6.2.0		ffe74d7bcaaa978db15c52230606a6ae420b32a4
org.openehealth.ipf.oht.mdht	ipf-oht-mdht-uml-cda-ccd	1.2.0.201212201425		efdd35bb3faadd7760dbf5671bf3a73761bec149
org.opensourcebim	Shared	1.5.6		60d7b30ea090f4acd5822298e433be78030777f0
org.opensourcebim	Shared	1.5.7		3964126b70e84ff847d61e294b540f4e20ff1f1a
org.opensourcebim	Shared	1.5.8		66268f291cf3dc81fbc122c22fef975286517a5f
org.opensourcebim	Shared	1.5.9		6c4c4e8778fe69eaae6bd1a219d32a5539207502
org.opentcs	opentcs-plantoverview-themes-default	5.10.0		585ab7978eafdf5f6b7b0be92f90e54ff80ea4b2
org.opentcs	opentcs-plantoverview-themes-default	5.11.0		8341ca249f75481480d587474f5067aeee0bb72f
org.opentcs	opentcs-plantoverview-themes-default	5.12.0		2f4c32588561c2708d2d8d7daefa913328f95ff0
org.opentcs	opentcs-plantoverview-themes-default	5.13.0		de39f92775583fe47397b60844a7c5856965ded7
org.opentcs	opentcs-plantoverview-themes-default	5.14.0		2169bdcc21509f9fd840fe14d4a8aeb4fc613e74
org.opentcs	opentcs-plantoverview-themes-default	5.15.0		2bd56b4c52ba3aa8f43bc3ded2f34747ab66920d
org.opentcs	opentcs-plantoverview-themes-default	5.16.0		f3c75e160f5cd1b4a5389751e682d09f75fcb02a
org.opentcs	opentcs-plantoverview-themes-default	5.17.0		057a54659ce99fcc39910e9fde5422c8590a1b36
org.opentcs	opentcs-plantoverview-themes-default	5.17.1		e21371ab211452beb46edfad5a2686412a2638d3
org.opentcs	opentcs-plantoverview-themes-default	5.3.0		46b4a6317dcc53bd364d00c075caf339873ff785
org.opentcs	opentcs-plantoverview-themes-default	5.4.0		eaadbc34db280cae5025c104e578f508408316c2
org.opentcs	opentcs-plantoverview-themes-default	5.5.0		9a411f0b1ff5e1c8b43993ed9ad81e2e64a2ef9a
org.opentcs	opentcs-plantoverview-themes-default	5.6.0		27e013f48593f7373c588418f948a119795e7207
org.opentcs	opentcs-plantoverview-themes-default	5.7.0		5e15fa897cf20c6b0594a7dfc88cf9013c1633d8
org.opentcs	opentcs-plantoverview-themes-default	5.8.0		62cc224c254c374e93f40dd45da0677d8844236d
org.opentcs	opentcs-plantoverview-themes-default	5.8.0-b1135		1513c92fcef27d9ac1e04541653d108a645eec2d
org.opentcs	opentcs-plantoverview-themes-default	5.8.0-b884		0615369f8edee6d46d3d78047d6a298683c642f2
org.opentcs	opentcs-plantoverview-themes-default	5.8.0-b892		27f5697fc1491d5be631e9ac4f8a38f9aedaba69
org.opentcs	opentcs-plantoverview-themes-default	5.8.0-b982		cf7f6d0c34bf3ad0d79704403ef9972e566fbb53
org.opentcs	opentcs-plantoverview-themes-default	5.8.1		b59be8edd597e51e41946512238f9ef47e6b5f00
org.opentcs	opentcs-plantoverview-themes-default	5.8.2		29a0db3da9a1916dadf738c9da5f61ec0be6ac57
org.opentcs	opentcs-plantoverview-themes-default	5.9.0		54307e4f2ee7b84ca97f9d0f8f39722211cc6c68
org.opentcs	opentcs-plantoverview-themes-default	6.0.0		ed172d392c2d887dda46fddfce1aba774ce8750c
org.opentcs	opentcs-plantoverview-themes-default	6.1.0		1189e04d93a27848f192a63365cfe289a708e446
org.opentcs	opentcs-plantoverview-themes-default	6.1.1		8343715de661280c291c8b05c7a44d219237f91c
org.opentcs	opentcs-plantoverview-themes-default	6.1.2		169ae65221318013fd5be32ba40f5279b921f539
org.opentcs	opentcs-plantoverview-themes-default	6.2.0		adf560cc34c51707240834ed80bc7f2b40a1eff7
org.opentcs	opentcs-plantoverview-themes-default	6.3.0		80cc0e84bbc373fe593cfaed31e2cedc008ae6ab
org.opentcs	opentcs-plantoverview-themes-default	6.4.0		399949e30f0e2022a6f82a0a887f3551a44a4c2f
org.ow2.easybeans	easybeans-component-remotejndiresolver	1.1.0		d70069a450c4bc656dc416c6781eaea263087ff4
org.ow2.easybeans	easybeans-component-remotejndiresolver	1.1.0-M1		72b450d172f5e789056d83cf15a65c34e633b0bf
org.ow2.easybeans	easybeans-component-remotejndiresolver	1.1.0-M2		a3cdb29fe034c49371086154c6c76b5e17596e15
org.ow2.easybeans	easybeans-component-remotejndiresolver	1.1.0-M3		f3dd8fd965556f127f7be9aee30eeb6370b2988a
org.ow2.easybeans	easybeans-component-remotejndiresolver	1.1.0-M3-JONAS		c1d60be32ab0afe66b6fde33f81055ae2b1cf16c
org.ow2.easybeans	easybeans-component-remotejndiresolver	1.1.0-RC1		937011ff98223560afc4dbebea6e6f6734cabf6f
org.ow2.easybeans	easybeans-component-remotejndiresolver	1.1.0-RC2		b3fb2aeb8aba3c18361d0b99ec9d68197d26f18b
org.ow2.easybeans	easybeans-component-remotejndiresolver	1.1.0-RC2_JONAS		d58b630231c72d1068419a32ef98407cc3d8a220
org.ow2.easybeans	easybeans-component-remotejndiresolver	1.1.1		b12028800499db52d740c0656d15ea05023b4e30
org.ow2.easybeans	easybeans-component-remotejndiresolver	1.2.0		062348c44e95848d7dbcca90e69e55abd7e040b1
org.ow2.easybeans	easybeans-component-remotejndiresolver	1.2.0-M1		f96f4bef34936c63badccea4defa5b9b0d0dc77b
org.ow2.easybeans	easybeans-component-remotejndiresolver	1.2.0-M2		f82ffe1860a2e2f951507c83f25aa60170b87040
org.ow2.easybeans	easybeans-component-remotejndiresolver	1.2.0-M3		a63ac01bedf61baaccf86b9bbc1054e4b0b46e70
org.ow2.easybeans	easybeans-component-remotejndiresolver	1.2.0-M3-JOnAS		8b3b33418dc4a896ee07f397bf83ac6850bf9216
org.ow2.easybeans	easybeans-component-remotejndiresolver	1.2.0-M4		39f13da19f65e011ca688f5023302e860ae405db
org.ow2.easybeans	easybeans-component-remotejndiresolver	1.2.0-M5		c15420c77969b8e4a60f353e51432f18451896b8
org.ow2.easybeans	easybeans-component-remotejndiresolver	1.2.1		2f85653b2ca9e2c44131d0c7c6d3bd068cb35fa1
org.ow2.easybeans	easybeans-component-remotejndiresolver	1.2.2		62c1a29862803a45e13ea3a7955da9be5b1e2683
org.ow2.easybeans	easybeans-component-remotejndiresolver	1.2.3		9492552fc0f31013ea98e0980088acea4adbe433
org.ow2.easybeans	easybeans-component-remotejndiresolver	1.2.4		773a920c73802d0d56f64e32deca232cd9537829
org.ow2.easybeans	easybeans-component-remotejndiresolver	2.0.0		e780192600b124ee5f2a0b76d4438c99de9129de
org.ow2.easybeans	easybeans-component-remotejndiresolver	2.0.0-M1		10f0e40557338d4f14301f422006e4b0de574672
org.ow2.easybeans	easybeans-component-remotejndiresolver	2.0.0-M2		fa8cae9d4ce549c39a6f431f038f498bd94a4c28
org.ow2.easybeans	easybeans-component-remotejndiresolver	2.0.0-RC1		08b549429f8a172efc963f117e6f19a29998bee0
org.ow2.easybeans	easybeans-component-remotejndiresolver	3.0.0-M1		390ba8f550c5d814488af6d77aaa4d94d3a526c9
org.ow2.fractal.juliac.scala	juliac-scala	2.6		0f215a4631a4992bdb645e9d079c04e6f36a85da
org.picketlink	picketlink-fed-webapps-assembly	1.0.3.CR1		N/A
org.picketlink	picketlink-fed-webapps-assembly	1.0.3.CR2		N/A
org.picketlink	picketlink-fed-webapps-assembly	1.0.3.CR3		N/A
org.picketlink	picketlink-fed-webapps-assembly	1.0.3.CR4		N/A
org.picketlink	picketlink-fed-webapps-assembly	1.0.3.SP1		N/A
org.picketlink	picketlink-fed-webapps-assembly	1.0.3.final		N/A
org.picketlink	picketlink-fed-webapps-assembly	1.0.4.final		N/A
org.picketlink	picketlink-fed-webapps-assembly	2.0.0.final		N/A
org.picketlink	picketlink-fed-webapps-assembly	2.0.1.1.final		N/A
org.picketlink	picketlink-fed-webapps-assembly	2.0.1.final		N/A
org.picketlink	picketlink-fed-webapps-assembly	2.0.2.Final		N/A
org.picketlink	picketlink-fed-webapps-assembly	2.0.3.Final		N/A
org.polyvariant	better-tostring_2.13.14	0.3.17		4ebeae6f91b7a7e9c7345c9a6cafd24e884ad601
org.scalameta	mtags_3.1.1-RC1-bin-20211013-3b5ff7a-NIGHTLY	0.11.8		9fbea52b1ff17413d4b85539513e505e444f73a1
org.smooks.cartridges.edi	service-edifact-binding	2.0.0		6019318eac4cb96766f5c7d63beb31be6ee4832e
org.smooks.cartridges.edi	service-edifact-binding	2.0.0-M2		51dee84de3b11868f9c86ac4630d89b3480411bf
org.smooks.cartridges.edi	service-edifact-binding	2.0.0-M3		352e9991c34505c5ac3264755d81fdac637e1db8
org.smooks.cartridges.edi	service-edifact-binding	2.0.0-RC1		3f501e8d7085e47692d67f8a8cf19e86c26b5173
org.smooks.cartridges.edi	service-edifact-binding	2.0.0-RC2		ffa80c10b492a36a5a61fa7b2424f95a9ce3398b
org.smooks.cartridges.edi	service-edifact-binding	2.0.0-RC3		42c5292b7e000758782feb6056bdf120b21d1eed
org.smooks.cartridges.edi	service-edifact-binding	2.0.0-RC4		dd6e75dfd3601b94246af86574bc844bfc0fbed4
org.smooks.cartridges.edi	service-edifact-binding	2.0.1		bd0d905a9a2389d6bddb9677ed39eaed44c8b9cc
org.smooks.cartridges.edi	service-edifact-binding	2.0.2		611f9067fc10d66ea3293d20bef85917cd0e93c5
org.smooks.cartridges.edi	service-edifact-binding	2.1.0		8c681bdcaee8caf8515d9a330442eda262597b96
org.springframework.cloud.fn	spring-aws-s3-common	5.0.0		2509d1cbd51d7501a1d384b8fc12c88b02346135
org.springframework.cloud.fn	spring-aws-s3-common	5.0.1		e97d50b369c05eb6200bc95e428bd193672c6902
org.springframework.cloud.fn	spring-aws-s3-common	5.0.2		c5d577b01f766d74af840c421c92d23ec3c5f8f9
org.springframework.cloud.fn	spring-aws-s3-common	5.1.0		cdb8a64987964b78869931f7a7b4561f23ff5d6b
org.terracotta	offheap-store	2.0.0		90848930107a6cd42f69ac852df93a8b207d8aca
org.terracotta	offheap-store	2.1.0		3eb049c8e26d8216810561be022eb63fae96caf0
org.terracotta	offheap-store	2.1.1		b779e5d047c10fc5bcd5b0096a8c8330eeff6d14
org.terracotta	offheap-store	2.1.2		62beac8f8c9497a5e2b622ffef755f0b15cca1b7
org.terracotta	offheap-store	2.2.0		f27525e4b6c54a4ae3f58be614b63c77cd0f813b
org.terracotta	offheap-store	2.2.1		1eb167baad2763a541614735f189c24d0f9bbe02
org.terracotta	offheap-store	2.2.2		5f93060a9f06a9bb162fb406a08fc43d531cb24c
org.terracotta	offheap-store	2.3.0		e95b3d082975fedc5ece959fbc1e37c7d22dfa50
org.terracotta	offheap-store	2.3.1		1ff55e107425dd9fe0aa188e8a9d818b20df23ee
org.terracotta	offheap-store	2.3.2		4cb0626b072961ff8a84ac6e9d84e4f717c3b468
org.terracotta	offheap-store	2.4.0		50a1dcd225b94abc60b36ae7266590878d78885a
org.terracotta	offheap-store	2.4.1		0b247c56dfddec1d5bba18b3a671fe311099dcce
org.terracotta	offheap-store	2.4.2		58694e71915b04e2d4dc4df139e207e0c9dc16b4
org.terracotta	offheap-store	2.4.3		18298c5a1c1d31513a3d3e829ed59efe3372b7ff
org.terracotta	offheap-store	2.5.0		84733ee865f264e8a568d1d503e1aa549d78c8ba
org.terracotta	offheap-store	2.5.1		f6da367f5a1380a41260528094188ce8b6557120
org.terracotta	offheap-store	2.5.2		bbe03d912201e8461674ec5d6acc6b5d91d8df03
org.terracotta	offheap-store	2.5.3		1f5cce9acf4b68693b7a3c142e033ae4f7f66102
org.terracotta	offheap-store	2.5.4		5fb062d6347a3e338ef1dabb5c795111d320482e
org.terracotta	offheap-store	2.5.5		c85fa91c7754a32587101ebd7577b35af2e1b6f8
org.terracotta	offheap-store	2.5.6		72d8405e76bcfb73289adea1163f0e5f024267f6
org.webjars.bower	masonry	3.2.0		ca98fd7f13ac6ecda19cb2fec04f95977aa63403
org.webjars.bower	masonry	3.3.0		97a6e04db27b1ca53f82deb9956837f9b9fed53c
org.webjars.bower	masonry	3.3.2		4c8f18af83de409bec477564db1e0aed0ca3a8a3
org.webjars.bower	masonry	4.0.0		eea075293488c4d6650f495025b89bc356ef2d8b
org.webjars.bower	masonry	4.1.0		610892949bcdc6dfff01a913edd03f1c67e757c4
org.webjars.bower	masonry	4.1.1		5d0c0d10edceeab829fc03b0c76004104883c8ab
org.webjars.bower	masonry	4.2.2		ab431da3b213e50f802a909a8ecef22b90158dad
org.webjars.bowergithub.kurento	kurento-utils-bower	6.8.0		f38248992254029c1f0935376d2a8a96514b9034
org.webjars.bowergithub.kurento	kurento-utils-bower	6.9.0		e28128291b104a3f5681e9f989ee9b12dba11cc0
org.webjars.npm	react-error-boundary	1.2.5		038c80a06ca7837763cc64a754240cbbb84e50b1
org.webjars.npm	react-error-boundary	4.0.13		a05e0d87583106701c76edbf3734055aa2f64709
org.webjars.npm	react-error-boundary	4.1.2		5f0f3fead9b127f7a9a942489913e109b1e22a9a
org.webjars.npm	react-error-boundary	5.0.0		8c4ee0f73f9f12d1c047257a04d8d1f7b669fec9
org.webjars.npm	timeshift-js	1.0.0		ed3300519f8d4c692488b39750e585a50dfc3243
ru.icbcom.aistdap	aistdap-sdk-java	1.0		27f978e87b1e104c1a95ef3a2957d0816f94b02f
ru.mipt.npm.gradle.project	ru.mipt.npm.gradle.project.gradle.plugin	0.10.2		N/A
ru.mipt.npm.gradle.project	ru.mipt.npm.gradle.project.gradle.plugin	0.11.1-kotlin-1.6.10		N/A
ru.mipt.npm.gradle.project	ru.mipt.npm.gradle.project.gradle.plugin	0.8.0		N/A
ru.mipt.npm.gradle.project	ru.mipt.npm.gradle.project.gradle.plugin	0.9.0		N/A
ru.mipt.npm.gradle.project	ru.mipt.npm.gradle.project.gradle.plugin	0.9.10		N/A
ru.mipt.npm.gradle.project	ru.mipt.npm.gradle.project.gradle.plugin	0.9.5		N/A
ru.noties	prism4j	1.0.0		8da58a258a78d437c9f49c9bf6a023e0ff846669
ru.noties	prism4j	1.1.0		e39a1bd2d5149e387a33f2c47f08674280a3dfb9
za.co.absa.spline	spark-agent-bundle-2.4	0.4.0		3052fd2db6265a52fea5a92eb0f47aa7ed4dfdd9
za.co.absa.spline	spark-agent-bundle-2.4	0.4.1		dd0d9a63ef458a5688006dea02723e466773d37c
za.co.absa.spline	spark-agent-bundle-2.4	0.4.2		d6cb5e2e83ad619e0a83d3f26ede28a601077c1e
