ch.epfl.scala	scalafix-testkit_2.12.19	0.12.0	-	8100294b83ffd5948b169334514000885d43d5b0
ch.epfl.scala	scalafix-testkit_2.12.19	0.12.1	-	c21ec54625e6b0710be51d5d0594f2e53d9c0296
cloud.piranha.feature	piranha-feature-exitonstop	23.10.0	-	5be7557a449dac0e7cc2c3ae3c8d13fc898e8967
cloud.piranha.feature	piranha-feature-exitonstop	23.11.0	-	5b02c6f2d5c04fd45a2131c74c957f81fcc539be
cloud.piranha.feature	piranha-feature-exitonstop	23.12.0	-	f1676beb135e0937bfb0d674171cf31fec3067e7
cloud.piranha.feature	piranha-feature-exitonstop	23.8.0	-	a48bcfdb40af0d08c11ebbd7720556c6111e41d8
cloud.piranha.feature	piranha-feature-exitonstop	23.9.0	-	c5fa9d5383df71af16865745ac152fd5abed37f0
cloud.piranha.feature	piranha-feature-exitonstop	24.1.0	-	8872756611fb2331af0806b0691ef3f21f9833ff
cloud.piranha.feature	piranha-feature-exitonstop	24.10.0	-	1574a7cd1c7d749435a0e3a93e4f70e1ae472611
cloud.piranha.feature	piranha-feature-exitonstop	24.11.0	-	3a83a6dcda2c77770fba086fdab6749a336dafb7
cloud.piranha.feature	piranha-feature-exitonstop	24.12.0	-	1b65ef9405655d713b42f342ee64d4706afb4582
cloud.piranha.feature	piranha-feature-exitonstop	24.2.0	-	63ce5dcab1959b1cc767f6f87767026a39a806ec
cloud.piranha.feature	piranha-feature-exitonstop	24.3.0	-	b263d40d81cd2e950819c58f22882b213e1b2d32
cloud.piranha.feature	piranha-feature-exitonstop	24.4.0	-	0269c29bd5a43adedd5cf0fba7c7199fa795b5e3
cloud.piranha.feature	piranha-feature-exitonstop	24.5.0	-	f8cb538c3dce8f889703f537ad4babcb76ff14b3
cloud.piranha.feature	piranha-feature-exitonstop	24.6.0	-	f9c030af2238fa2c76dd403f27cf4890adc12da7
cloud.piranha.feature	piranha-feature-exitonstop	24.7.0	-	7bfbe09e5c17dd862aaab33df3edc8823063e301
cloud.piranha.feature	piranha-feature-exitonstop	24.8.0	-	70097be2241bcf8c3d61aef35b6b93f06a9cfff8
cloud.piranha.feature	piranha-feature-exitonstop	24.9.0	-	41642f7db95e6c467f0312f37702502be607f7f7
cloud.piranha.feature	piranha-feature-exitonstop	25.1.0	-	c1a5d376481bde3db3e6a03d17eb364afe75b449
cloud.piranha.feature	piranha-feature-exitonstop	25.2.0	-	b24332dfc16ddecaadb9815eaca3026fee0af1c2
cloud.piranha.feature	piranha-feature-exitonstop	25.3.0	-	efb19b9abd99c5644c1004d1d4c551c97b0bcd68
cloud.piranha.feature	piranha-feature-exitonstop	25.4.0	-	f6aeb3a29fa59214fb4023ff4e3d25daab2a731e
com.appcrossings.config	appconfig-client	1.0.0	-	b8a2d10a33e102568b8bb2f2637978fdfe96415e
com.appcrossings.config	appconfig-client	1.0.1	-	406a17a025e341fbd9a7ea708d936f9388d62a85
com.appcrossings.config	appconfig-client	1.1.0	-	6e322402b8b7cdff3ac3675c3b2fd3aa854ba0a7
com.appcrossings.config	appconfig-client	2.0.0	-	3868211c94808c70e5a1ec070b1dd4b78b6d91cc
com.asyncant.aws.lambda	runtime	0.8	-	4c225b2e09a2254f180f476467ad76610ca6c77d
com.asyncant.aws.lambda	runtime	0.8.1	-	a1b589b8c0925d913b8ef94cf3d59b449e4378d0
com.asyncant.aws.lambda	runtime	0.8.2	-	1be89d79a5478db8be31a78bfd7fa1ac5476a6cd
com.bybutter.sisyphus.middleware	sisyphus-retrofit	0.0.1	-	27f47bfb61f0287b150448edb59fcce275c9cdb7
com.bybutter.sisyphus.middleware	sisyphus-retrofit	0.0.1-M5	-	8373f4f142df9c45810015344892f307fa5d279d
com.bybutter.sisyphus.middleware	sisyphus-retrofit	0.0.1-M6	-	38063c1f41e6e4246571f8032e29b3835148a3b5
com.bybutter.sisyphus.middleware	sisyphus-retrofit	0.0.11	-	7e61adb610c565d40a39ce4a0d422a71d0c62e0e
com.bybutter.sisyphus.middleware	sisyphus-retrofit	0.0.12	-	d7ba6a6078fd61e02fd112c3a6662d5a832d857b
com.bybutter.sisyphus.middleware	sisyphus-retrofit	0.0.12-M1	-	e8de4db974d0679a0e0f1c9ac442e8c665236ca2
com.bybutter.sisyphus.middleware	sisyphus-retrofit	0.0.12-M2	-	228d333437900a37631a2923f157cce24cbca6fd
com.bybutter.sisyphus.middleware	sisyphus-retrofit	0.0.12-M3	-	96fef3d3fcedd8885c6d50d6c31eaa544cb745a4
com.bybutter.sisyphus.middleware	sisyphus-retrofit	0.0.13	-	dad701102fb8127f5b8114c2ed43f9d2fea9af67
com.bybutter.sisyphus.middleware	sisyphus-retrofit	0.0.14	-	d2d6b7194747176081949be1d8de60e773cdc78d
com.bybutter.sisyphus.middleware	sisyphus-retrofit	0.0.15	-	49870020250d4b508b02bd3ee24f1690ff5ed641
com.bybutter.sisyphus.middleware	sisyphus-retrofit	0.0.16	-	9a6d762831c844b3f40942aabc62303d69a9c33b
com.bybutter.sisyphus.middleware	sisyphus-retrofit	0.0.17	-	e17f67784a13d6c54bcaea4b46d821435d8d888c
com.bybutter.sisyphus.middleware	sisyphus-retrofit	0.0.18	-	9067aef5d5acb9f428ff8dfeae14dab4bbc7b194
com.bybutter.sisyphus.middleware	sisyphus-retrofit	0.0.19	-	46ca9b3f5603ddc3605bfb26a233dd4a8ed2b79c
com.bybutter.sisyphus.middleware	sisyphus-retrofit	0.0.2	-	03645ed59d313e9cb4b60504411fbf24b97782f0
com.bybutter.sisyphus.middleware	sisyphus-retrofit	0.0.20	-	9e054f479a3faba3aa84ae7aadd411567af59a22
com.bybutter.sisyphus.middleware	sisyphus-retrofit	0.0.21	-	f3bb87654ee959876440de13506d07af0e4679a2
com.bybutter.sisyphus.middleware	sisyphus-retrofit	0.0.22	-	e6726c9dbee6dc3146fe51d715bfddf8b12328c9
com.bybutter.sisyphus.middleware	sisyphus-retrofit	0.0.23	-	7286c252049664966d8cf3e2335de3ad2dcb6edb
com.bybutter.sisyphus.middleware	sisyphus-retrofit	0.0.24	-	dc125d28e74b90828d69183d6ba3b16f3dfa8ce6
com.bybutter.sisyphus.middleware	sisyphus-retrofit	0.0.3	-	ee81f94db691371258e3a7ae213a6bfe726122c2
com.bybutter.sisyphus.middleware	sisyphus-retrofit	0.0.4	-	6870e8cc96a05d8e27e8fdb46ed86c8236b4946f
com.bybutter.sisyphus.middleware	sisyphus-retrofit	0.0.4-M0	-	9a6494c99b2071afbb176a200e05752977231a6a
com.bybutter.sisyphus.middleware	sisyphus-retrofit	0.0.5	-	297acc0eb3fbfba342286ff4fc514009e9e3190a
com.bybutter.sisyphus.middleware	sisyphus-retrofit	0.0.6	-	f1ac6a77ca27be5469b62c272b50d448ecba627d
com.bybutter.sisyphus.middleware	sisyphus-retrofit	0.0.6-M0	-	a0090201eff875f295729ad578e7b639809503ba
com.bybutter.sisyphus.middleware	sisyphus-retrofit	0.0.6-M1	-	555e3f1b1743737fced0b3235c7baad1466df3ff
com.bybutter.sisyphus.middleware	sisyphus-retrofit	0.0.6-M2	-	9129199b5d6c869f982630d49a5a9770713c7282
com.bybutter.sisyphus.middleware	sisyphus-retrofit	0.0.6-M3	-	fa90e6493b96ea84f21e2a947dd239edba8dc634
com.bybutter.sisyphus.middleware	sisyphus-retrofit	0.0.7	-	764be47fb6f52cce94008bf78b27811a7366a60f
com.bybutter.sisyphus.middleware	sisyphus-retrofit	0.0.8	-	8874769b18e3512e82f3fa4b0098c5674740f31e
com.bybutter.sisyphus.middleware	sisyphus-retrofit	0.0.9	-	4b5cd455c7801acf0426b6f1b4df0547fa2d5fcb
com.bybutter.sisyphus.middleware	sisyphus-retrofit	0.0.9-M1	-	c75a5827e2898701cd23108b45e83571c4656bb1
com.bybutter.sisyphus.middleware	sisyphus-retrofit	0.0.9-M2	-	edddcb37cab3c5f690bb732aafb360fea43a29d6
com.bybutter.sisyphus.middleware	sisyphus-retrofit	1.0.0	-	1aed93283864783b5c04d35a59c79a41dbba12b4
com.bybutter.sisyphus.middleware	sisyphus-retrofit	1.0.1	-	728152ab9146f5f8005bf6db0f52535b066c0f6e
com.bybutter.sisyphus.middleware	sisyphus-retrofit	1.0.2	-	696a55c717dd85b959ecc80d509a2961eb31b88c
com.bybutter.sisyphus.middleware	sisyphus-retrofit	1.1.0	-	990d433cacbf2b4666685b94b8667e42d19e1c35
com.bybutter.sisyphus.middleware	sisyphus-retrofit	1.1.1	-	a94feb77d235f7f634a70d96b3ee8e523cb1335a
com.bybutter.sisyphus.middleware	sisyphus-retrofit	1.1.2	-	4eca167d802ada5862daf648bc4ff5cab149ecf6
com.bybutter.sisyphus.middleware	sisyphus-retrofit	1.1.3	-	88d6f634dbc2843f2332c7c93cb8aa7c92d053bd
com.bybutter.sisyphus.middleware	sisyphus-retrofit	1.1.4	-	0568a3b9770a7e0e7e84ccba180bfda5473b95a3
com.bybutter.sisyphus.middleware	sisyphus-retrofit	1.2.0	-	0cf706ecddbcc6c0569a2d38657dec4d01eb565b
com.bybutter.sisyphus.middleware	sisyphus-retrofit	1.2.1	-	f0f12cf0ea2826bacb6e0b454ecef482a4599d15
com.bybutter.sisyphus.middleware	sisyphus-retrofit	1.2.10	-	9260bdc53939c5dfbdbd9077f83819e4221e4c2f
com.bybutter.sisyphus.middleware	sisyphus-retrofit	1.2.11	-	f5f782245da1af910c8f3ca5dc1536204c3ae859
com.bybutter.sisyphus.middleware	sisyphus-retrofit	1.2.12	-	f0def3140b09a51187a1d6463845904f75551ea4
com.bybutter.sisyphus.middleware	sisyphus-retrofit	1.2.2	-	22e460c0deae83a58cb8b01339e04d3e1374b621
com.bybutter.sisyphus.middleware	sisyphus-retrofit	1.2.3	-	f762ce9d9ef474ef8877ac229e2b6944d4ff8d76
com.bybutter.sisyphus.middleware	sisyphus-retrofit	1.2.4	-	ecd7aebd37ee816dbefddc06ac7e7ede901e5649
com.bybutter.sisyphus.middleware	sisyphus-retrofit	1.2.5	-	7136098a87f09a9d63c1743743e103afd878d353
com.bybutter.sisyphus.middleware	sisyphus-retrofit	1.2.6	-	d9199618597a011919c87743f89e92e62462bf77
com.bybutter.sisyphus.middleware	sisyphus-retrofit	1.2.7	-	62526db54c37dd8258b25d78ac3b80653af0a56d
com.bybutter.sisyphus.middleware	sisyphus-retrofit	1.2.8	-	408265a8874e874ccb1de4d01a57534cdb75baf7
com.bybutter.sisyphus.middleware	sisyphus-retrofit	1.2.9	-	4c37f52ca232ce8e92f78d6b4ecefe73b733dc74
com.bybutter.sisyphus.middleware	sisyphus-retrofit	1.3.0	-	2c9a1141e0987da46628817b0d89177caaef2e93
com.bybutter.sisyphus.middleware	sisyphus-retrofit	1.3.10	-	7cce352095aac564f599e1d4a4f1362d871c6329
com.bybutter.sisyphus.middleware	sisyphus-retrofit	1.3.11	-	974a87966bb8bb940659a724ae17040c8ee77f8c
com.bybutter.sisyphus.middleware	sisyphus-retrofit	1.3.20	-	f2888ab6814f61726e4465e5ec4d836d6c1870eb
com.bybutter.sisyphus.middleware	sisyphus-retrofit	1.3.21	-	6132f3d2ce781e5fc1543f202c35bc82ff08cda3
com.bybutter.sisyphus.middleware	sisyphus-retrofit	1.3.22	-	541aa351d74d455c9f1ac709e40ecc162e8f0193
com.bybutter.sisyphus.middleware	sisyphus-retrofit	1.3.23	-	12329303dec1d74cb21e8bc89b6af9061a159e31
com.bybutter.sisyphus.middleware	sisyphus-retrofit	1.3.30	-	01837d7774a793f0e3f82d8da5af79ca0d24558e
com.bybutter.sisyphus.middleware	sisyphus-retrofit	1.3.31	-	9b9f3c0192f6ed4c87877193b8a9e8ccbb0e7790
com.bybutter.sisyphus.middleware	sisyphus-retrofit	1.3.32	-	db62c912de0894f5d3cf96c76ac25bcb942f1f8c
com.bybutter.sisyphus.middleware	sisyphus-retrofit	1.3.33	-	a5f73c15a76e82e78bd992c4964164c00e4f7333
com.bybutter.sisyphus.middleware	sisyphus-retrofit	1.3.34	-	b331e4558e2aa8a75dccf3bade2757d9c3839555
com.bybutter.sisyphus.middleware	sisyphus-retrofit	1.3.35	-	7884f9b38c298d7f3cec6aceb83e630d19314621
com.bybutter.sisyphus.middleware	sisyphus-retrofit	1.3.40	-	4fc2db61c688aa9ca8602563e85ebd343f4c5d89
com.bybutter.sisyphus.middleware	sisyphus-retrofit	1.3.41	-	55bb597531c2ca0899e5a147d05032d3a360df92
com.bybutter.sisyphus.middleware	sisyphus-retrofit	1.3.42	-	284e57fc73eb3a7a4692ff8e5dd74627f60ef79c
com.bybutter.sisyphus.middleware	sisyphus-retrofit	1.3.50	-	f2d1be3c90dae50ed11885c0618d400cf2c3f431
com.bybutter.sisyphus.middleware	sisyphus-retrofit	1.4.0	-	59c952c1e35d88f7d29535b317cd2a53f6afcfb8
com.bybutter.sisyphus.middleware	sisyphus-retrofit	1.4.10	-	1061931d62155a76812e8701dedcc5fadf2683fa
com.bybutter.sisyphus.middleware	sisyphus-retrofit	1.4.11	-	d9365d8a8359cc884212981f59c18c52e4370845
com.bybutter.sisyphus.middleware	sisyphus-retrofit	1.5.0	-	b4148398192c707b186a1a262c688f4ed18394af
com.bybutter.sisyphus.middleware	sisyphus-retrofit	1.5.11	-	1045c77a619f717544087f7afa7435e4877be679
com.bybutter.sisyphus.middleware	sisyphus-retrofit	1.5.20	-	c915dbc3c951c3cd8429e1edb77663427eccd262
com.bybutter.sisyphus.middleware	sisyphus-retrofit	1.5.21	-	e22f383518f636cfbd2e233d329da4cb10432529
com.bybutter.sisyphus.middleware	sisyphus-retrofit	1.5.22	-	f171739415bd7779ca83fdba98192245bd6ca420
com.bybutter.sisyphus.middleware	sisyphus-retrofit	1.5.23	-	4023ce47d162b81eb057fa9b3bd49aba068f525e
com.bybutter.sisyphus.middleware	sisyphus-retrofit	1.5.30	-	ed3f5e1f67e668d6a8d7f8ebc1e5f3393a5ea617
com.bybutter.sisyphus.middleware	sisyphus-retrofit	1.5.31	-	d5e5502982f35e9da95a3d2920535ec8f8f7371b
com.bybutter.sisyphus.middleware	sisyphus-retrofit	1.6.0	-	1e7d6ceff2caf7f04afb00ea43f7cdf0c3ddcb9a
com.bybutter.sisyphus.middleware	sisyphus-retrofit	1.6.10	-	8924c379833c919ad42c3fe6016106cc584b5240
com.bybutter.sisyphus.middleware	sisyphus-retrofit	1.7.0	-	15ddc3a457d0b79e30ba74754cae82afe5ea933d
com.bybutter.sisyphus.middleware	sisyphus-retrofit	1.7.10	-	0caebfda8488af8c172448666ba5156b20252c75
com.bybutter.sisyphus.middleware	sisyphus-retrofit	1.7.11	-	9447fa2a8d755b8e681191721f9e75728ee5e584
com.bybutter.sisyphus.middleware	sisyphus-retrofit	1.7.12	-	bd48fdba76cfc6758ea026c5ee6f280e73cde9c1
com.bybutter.sisyphus.middleware	sisyphus-retrofit	1.7.13	-	5c900555e152a84e3d20a5cb63bf3276a8f43a71
com.bybutter.sisyphus.middleware	sisyphus-retrofit	1.7.14	-	270e2f3f165c3b57d3a8436b26524c973e02f964
com.bybutter.sisyphus.middleware	sisyphus-retrofit	1.7.15	-	47808a8e05705fd3c5f050bf6ded61b7f64ad57d
com.bybutter.sisyphus.middleware	sisyphus-retrofit	1.7.20	-	63c99832ee9fc35a9c3e19f764fb2e0ec04e3ca5
com.bybutter.sisyphus.middleware	sisyphus-retrofit	1.7.21	-	8a9b457f26fd03a25c53a37c9ac8213a4a72c5ec
com.bybutter.sisyphus.middleware	sisyphus-retrofit	2.0.0	-	09d569ecfe5553ca82ee71ae003ada03c2af665f
com.bybutter.sisyphus.middleware	sisyphus-retrofit	2.0.10	-	b4744f4811a347c9038afe2da971fece74d78fd3
com.bybutter.sisyphus.middleware	sisyphus-retrofit	2.0.11	-	1608d344e8153052bb7869a87b4f9562d91bef46
com.bybutter.sisyphus.middleware	sisyphus-retrofit	2.1.0	-	4942fc0ac4ebbfeeea6330adeca089086fcf31de
com.bybutter.sisyphus.middleware	sisyphus-retrofit	2.1.10	-	27ae628e6e7f500f687f9797d02781f083be251e
com.bybutter.sisyphus.middleware	sisyphus-retrofit	2.1.20	-	6fbff4a9bc9496baad8f71e7a953562509b697d3
com.bybutter.sisyphus.middleware	sisyphus-retrofit	2.1.21	-	cd3159c25df708b9f025b713a60f967727cf725a
com.bybutter.sisyphus.middleware	sisyphus-retrofit	2.1.22	-	d055bdfed3dd8e3d21f3d2b6d01f9f5cbeafc7df
com.daml	timer-utils_2.12	0.13.56-snapshot.20200403.3814.0.47541e70	-	05e0c398216bd035fd82a34cf38cf2176b7dab04
com.daml	timer-utils_2.12	0.13.56-snapshot.20200404.3816.0.30f2c742	-	05e0c398216bd035fd82a34cf38cf2176b7dab04
com.daml	timer-utils_2.12	0.13.56-snapshot.20200407.3843.0.10bac143	-	3ce090ded2ba8f8e8704fb00ecaf14a5192dfff7
com.daml	timer-utils_2.12	0.13.56-snapshot.20200407.3859.0.b488b353	-	3ce090ded2ba8f8e8704fb00ecaf14a5192dfff7
com.daml	timer-utils_2.12	0.13.56-snapshot.20200408.3871.0.b3ccacc0	-	3ce090ded2ba8f8e8704fb00ecaf14a5192dfff7
com.daml	timer-utils_2.12	0.13.56-snapshot.20200408.3877.0.1ddcd3c0	-	3ce090ded2ba8f8e8704fb00ecaf14a5192dfff7
com.daml	timer-utils_2.12	0.13.56-snapshot.20200411.3905.0.f050da78	-	3ce090ded2ba8f8e8704fb00ecaf14a5192dfff7
com.daml	timer-utils_2.12	1.0.0	-	3ce090ded2ba8f8e8704fb00ecaf14a5192dfff7
com.daml	timer-utils_2.12	1.0.1	-	3ce090ded2ba8f8e8704fb00ecaf14a5192dfff7
com.daml	timer-utils_2.12	1.0.1-snapshot.20200417.3908.1.722bac90	-	3ce090ded2ba8f8e8704fb00ecaf14a5192dfff7
com.daml	timer-utils_2.12	1.0.1-snapshot.20200424.3917.0.16093690	-	3ce090ded2ba8f8e8704fb00ecaf14a5192dfff7
com.daml	timer-utils_2.12	1.1.0	-	3ce090ded2ba8f8e8704fb00ecaf14a5192dfff7
com.daml	timer-utils_2.12	1.1.0-snapshot.20200422.3991.0.6391ee9f	-	3ce090ded2ba8f8e8704fb00ecaf14a5192dfff7
com.daml	timer-utils_2.12	1.1.0-snapshot.20200430.4057.0.681c862d	-	3ce090ded2ba8f8e8704fb00ecaf14a5192dfff7
com.daml	timer-utils_2.12	1.1.0-snapshot.20200506.4107.0.7e448d81	-	b133d5a2692767cf5a74abbdcca5c65c5c202afc
com.daml	timer-utils_2.12	1.1.1	-	b133d5a2692767cf5a74abbdcca5c65c5c202afc
com.daml	timer-utils_2.12	1.10.0	-	6feb7d117bb0bf4ebd8466bb8944cada8529d5ec
com.daml	timer-utils_2.12	1.10.0-snapshot.20210120.6106.0.58ef725a	-	6feb7d117bb0bf4ebd8466bb8944cada8529d5ec
com.daml	timer-utils_2.12	1.10.0-snapshot.20210125.6143.0.550aa48f	-	6feb7d117bb0bf4ebd8466bb8944cada8529d5ec
com.daml	timer-utils_2.12	1.10.0-snapshot.20210201.6207.0.7cf1914d	-	6feb7d117bb0bf4ebd8466bb8944cada8529d5ec
com.daml	timer-utils_2.12	1.10.0-snapshot.20210202.6218.0.c0573678	-	6feb7d117bb0bf4ebd8466bb8944cada8529d5ec
com.daml	timer-utils_2.12	1.10.0-snapshot.20210208.6257.0.61feb5bf	-	6feb7d117bb0bf4ebd8466bb8944cada8529d5ec
com.daml	timer-utils_2.12	1.10.0-snapshot.20210209.6265.0.19bf4031	-	6feb7d117bb0bf4ebd8466bb8944cada8529d5ec
com.daml	timer-utils_2.12	1.10.1	-	6feb7d117bb0bf4ebd8466bb8944cada8529d5ec
com.daml	timer-utils_2.12	1.10.2	-	6feb7d117bb0bf4ebd8466bb8944cada8529d5ec
com.daml	timer-utils_2.12	1.11.0	-	6feb7d117bb0bf4ebd8466bb8944cada8529d5ec
com.daml	timer-utils_2.12	1.11.0-snapshot.20210212.6300.0.ad161d7f	-	6feb7d117bb0bf4ebd8466bb8944cada8529d5ec
com.daml	timer-utils_2.12	1.11.0-snapshot.20210217.6338.0.ba6ba901	-	6feb7d117bb0bf4ebd8466bb8944cada8529d5ec
com.daml	timer-utils_2.12	1.11.0-snapshot.20210224.6385.0.dba114a2	-	cf65fdbef00c9eaae36070f66dd74eadc210c96a
com.daml	timer-utils_2.12	1.11.0-snapshot.20210225.6390.0.0617fbde	-	6feb7d117bb0bf4ebd8466bb8944cada8529d5ec
com.daml	timer-utils_2.12	1.11.0-snapshot.20210303.6421.0.145ddaa8	-	6feb7d117bb0bf4ebd8466bb8944cada8529d5ec
com.daml	timer-utils_2.12	1.11.0-snapshot.20210304.6422.0.d3d5042a	-	6feb7d117bb0bf4ebd8466bb8944cada8529d5ec
com.daml	timer-utils_2.12	1.11.1	-	6feb7d117bb0bf4ebd8466bb8944cada8529d5ec
com.daml	timer-utils_2.12	1.11.1-snapshot.20210312.6429.0.7cd6380e	-	6feb7d117bb0bf4ebd8466bb8944cada8529d5ec
com.daml	timer-utils_2.12	1.11.1-snapshot.20210312.6429.1.7cd6380e	-	6feb7d117bb0bf4ebd8466bb8944cada8529d5ec
com.daml	timer-utils_2.12	1.11.2	-	6feb7d117bb0bf4ebd8466bb8944cada8529d5ec
com.daml	timer-utils_2.12	1.11.2-snapshot.20210610.6432.0.ac4a2848	-	6feb7d117bb0bf4ebd8466bb8944cada8529d5ec
com.daml	timer-utils_2.12	1.11.2-snapshot.20210610.6433.0.a08f6ea2	-	6feb7d117bb0bf4ebd8466bb8944cada8529d5ec
com.daml	timer-utils_2.12	1.11.2-snapshot.20210610.6433.1.a08f6ea2	-	6feb7d117bb0bf4ebd8466bb8944cada8529d5ec
com.daml	timer-utils_2.12	1.11.3	-	6feb7d117bb0bf4ebd8466bb8944cada8529d5ec
com.daml	timer-utils_2.12	1.11.3-snapshot.20211110.6439.0.632ba5a7	-	6feb7d117bb0bf4ebd8466bb8944cada8529d5ec
com.daml	timer-utils_2.12	1.11.3-snapshot.20211111.6441.0.eed4ad32	-	6feb7d117bb0bf4ebd8466bb8944cada8529d5ec
com.daml	timer-utils_2.12	1.11.3-snapshot.20211123.6448.0.c679b4ab	-	6feb7d117bb0bf4ebd8466bb8944cada8529d5ec
com.daml	timer-utils_2.12	1.12.0	-	6feb7d117bb0bf4ebd8466bb8944cada8529d5ec
com.daml	timer-utils_2.12	1.12.0-snapshot.20210309.6463.0.f7abca91	-	6feb7d117bb0bf4ebd8466bb8944cada8529d5ec
com.daml	timer-utils_2.12	1.12.0-snapshot.20210311.6483.0.5cb857d9	-	6feb7d117bb0bf4ebd8466bb8944cada8529d5ec
com.daml	timer-utils_2.12	1.12.0-snapshot.20210311.6490.0.8e25227c	-	6feb7d117bb0bf4ebd8466bb8944cada8529d5ec
com.daml	timer-utils_2.12	1.12.0-snapshot.20210312.6493.0.9a7e2465	-	6feb7d117bb0bf4ebd8466bb8944cada8529d5ec
com.daml	timer-utils_2.12	1.12.0-snapshot.20210312.6498.0.707c86aa	-	6feb7d117bb0bf4ebd8466bb8944cada8529d5ec
com.daml	timer-utils_2.12	1.12.0-snapshot.20210316.6523.0.b382fc45	-	6feb7d117bb0bf4ebd8466bb8944cada8529d5ec
com.daml	timer-utils_2.12	1.12.0-snapshot.20210317.6528.0.493e2154	-	6feb7d117bb0bf4ebd8466bb8944cada8529d5ec
com.daml	timer-utils_2.12	1.12.0-snapshot.20210323.6567.0.90c5ce70	-	6feb7d117bb0bf4ebd8466bb8944cada8529d5ec
com.daml	timer-utils_2.12	1.12.0-snapshot.20210330.6619.0.007b8674	-	6feb7d117bb0bf4ebd8466bb8944cada8529d5ec
com.daml	timer-utils_2.12	1.12.0-snapshot.20210330.6622.0.eef158d6	-	6feb7d117bb0bf4ebd8466bb8944cada8529d5ec
com.daml	timer-utils_2.12	1.12.0-snapshot.20210331.6626.0.29a68134	-	6feb7d117bb0bf4ebd8466bb8944cada8529d5ec
com.daml	timer-utils_2.12	1.12.0-snapshot.20210331.6634.0.b98a3881	-	6feb7d117bb0bf4ebd8466bb8944cada8529d5ec
com.daml	timer-utils_2.12	1.12.0-snapshot.20210331.6640.0.4b807899	-	6feb7d117bb0bf4ebd8466bb8944cada8529d5ec
com.daml	timer-utils_2.12	1.12.0-snapshot.20210406.6646.0.631db446	-	6feb7d117bb0bf4ebd8466bb8944cada8529d5ec
com.daml	timer-utils_2.12	1.13.0	-	6feb7d117bb0bf4ebd8466bb8944cada8529d5ec
com.daml	timer-utils_2.12	1.13.0-snapshot.20210413.6706.0.2dc09ba2	-	6feb7d117bb0bf4ebd8466bb8944cada8529d5ec
com.daml	timer-utils_2.12	1.13.0-snapshot.20210419.6730.0.8c3a8c04	-	6feb7d117bb0bf4ebd8466bb8944cada8529d5ec
com.daml	timer-utils_2.12	1.13.0-snapshot.20210426.6770.0.ca66061b	-	6feb7d117bb0bf4ebd8466bb8944cada8529d5ec
com.daml	timer-utils_2.12	1.13.0-snapshot.20210503.6809.0.ca012c3b	-	6feb7d117bb0bf4ebd8466bb8944cada8529d5ec
com.daml	timer-utils_2.12	1.13.0-snapshot.20210504.6833.0.9ae787d0	-	6feb7d117bb0bf4ebd8466bb8944cada8529d5ec
com.daml	timer-utils_2.12	1.13.1	-	6feb7d117bb0bf4ebd8466bb8944cada8529d5ec
com.daml	timer-utils_2.12	1.13.1-snapshot.20210512.6834.0.5f532380	-	6feb7d117bb0bf4ebd8466bb8944cada8529d5ec
com.daml	timer-utils_2.12	1.13.1-snapshot.20210512.6834.1.5f532380	-	6feb7d117bb0bf4ebd8466bb8944cada8529d5ec
com.daml	timer-utils_2.12	1.14.0	-	6feb7d117bb0bf4ebd8466bb8944cada8529d5ec
com.daml	timer-utils_2.12	1.14.0-snapshot.20210511.6892.0.ca9e89b3	-	6feb7d117bb0bf4ebd8466bb8944cada8529d5ec
com.daml	timer-utils_2.12	1.14.0-snapshot.20210518.6953.0.a6c7b86a	-	6feb7d117bb0bf4ebd8466bb8944cada8529d5ec
com.daml	timer-utils_2.12	1.14.0-snapshot.20210526.7024.0.aedb9a82	-	6feb7d117bb0bf4ebd8466bb8944cada8529d5ec
com.daml	timer-utils_2.12	1.14.0-snapshot.20210601.7081.0.7d716e6d	-	6feb7d117bb0bf4ebd8466bb8944cada8529d5ec
com.daml	timer-utils_2.12	1.14.0-snapshot.20210602.7086.0.f36f556b	-	6feb7d117bb0bf4ebd8466bb8944cada8529d5ec
com.daml	timer-utils_2.12	1.14.0-snapshot.20210608.7123.0.3cb8d5c2	-	6feb7d117bb0bf4ebd8466bb8944cada8529d5ec
com.daml	timer-utils_2.12	1.14.0-snapshot.20210615.7124.0.d1b54ff0	-	6feb7d117bb0bf4ebd8466bb8944cada8529d5ec
com.daml	timer-utils_2.12	1.14.0-snapshot.20210615.7169.0.adeba206	-	6feb7d117bb0bf4ebd8466bb8944cada8529d5ec
com.daml	timer-utils_2.12	1.14.1	-	6feb7d117bb0bf4ebd8466bb8944cada8529d5ec
com.daml	timer-utils_2.12	1.14.1-snapshot.20210706.7133.0.8ec16e94	-	6feb7d117bb0bf4ebd8466bb8944cada8529d5ec
com.daml	timer-utils_2.12	1.14.2	-	6feb7d117bb0bf4ebd8466bb8944cada8529d5ec
com.daml	timer-utils_2.12	1.14.2-snapshot.20210708.7135.0.aa297840	-	6feb7d117bb0bf4ebd8466bb8944cada8529d5ec
com.daml	timer-utils_2.12	1.15.0	-	6feb7d117bb0bf4ebd8466bb8944cada8529d5ec
com.daml	timer-utils_2.12	1.15.0-snapshot.20210615.7169.0.adeba206	-	6feb7d117bb0bf4ebd8466bb8944cada8529d5ec
com.daml	timer-utils_2.12	1.15.0-snapshot.20210623.7217.0.5b73813d	-	6feb7d117bb0bf4ebd8466bb8944cada8529d5ec
com.daml	timer-utils_2.12	1.15.0-snapshot.20210630.7261.0.84e1f3a7	-	6feb7d117bb0bf4ebd8466bb8944cada8529d5ec
com.daml	timer-utils_2.12	1.15.0-snapshot.20210705.7286.0.62aabcc4	-	6feb7d117bb0bf4ebd8466bb8944cada8529d5ec
com.daml	timer-utils_2.12	1.16.0	-	6feb7d117bb0bf4ebd8466bb8944cada8529d5ec
com.daml	timer-utils_2.12	1.16.0-snapshot.20210713.7343.0.1f35db17	-	6feb7d117bb0bf4ebd8466bb8944cada8529d5ec
com.daml	timer-utils_2.12	1.16.0-snapshot.20210720.7404.0.b7cf42d1	-	6feb7d117bb0bf4ebd8466bb8944cada8529d5ec
com.daml	timer-utils_2.12	1.16.0-snapshot.20210727.7476.0.b5e9d861	-	6feb7d117bb0bf4ebd8466bb8944cada8529d5ec
com.daml	timer-utils_2.12	1.16.0-snapshot.20210802.7499.0.5157ad6d	-	6feb7d117bb0bf4ebd8466bb8944cada8529d5ec
com.daml	timer-utils_2.12	1.16.0-snapshot.20210805.7501.0.48050ad7	-	6feb7d117bb0bf4ebd8466bb8944cada8529d5ec
com.daml	timer-utils_2.12	1.17.0	-	507d28c09cbe1bdbf51900bd6d1992920209a1b9
com.daml	timer-utils_2.12	1.17.0-snapshot.20210811.7565.0.f1a55aa4	-	507d28c09cbe1bdbf51900bd6d1992920209a1b9
com.daml	timer-utils_2.12	1.17.0-snapshot.20210817.7604.0.0c187853	-	507d28c09cbe1bdbf51900bd6d1992920209a1b9
com.daml	timer-utils_2.12	1.17.0-snapshot.20210824.7647.0.640fb683	-	507d28c09cbe1bdbf51900bd6d1992920209a1b9
com.daml	timer-utils_2.12	1.17.0-snapshot.20210831.7702.0.f058c2f1	-	507d28c09cbe1bdbf51900bd6d1992920209a1b9
com.daml	timer-utils_2.12	1.17.0-snapshot.20210907.7759.0.35a853fd	-	507d28c09cbe1bdbf51900bd6d1992920209a1b9
com.daml	timer-utils_2.12	1.17.0-snapshot.20210910.7786.0.976ca400	-	507d28c09cbe1bdbf51900bd6d1992920209a1b9
com.daml	timer-utils_2.12	1.17.0-snapshot.20210915.7841.0.b4328b3d	-	507d28c09cbe1bdbf51900bd6d1992920209a1b9
com.daml	timer-utils_2.12	1.17.0-snapshot.20210922.7849.0.49a75801	-	507d28c09cbe1bdbf51900bd6d1992920209a1b9
com.daml	timer-utils_2.12	1.17.1	-	507d28c09cbe1bdbf51900bd6d1992920209a1b9
com.daml	timer-utils_2.12	1.17.1-snapshot.20211006.7852.0.fbc4bc00	-	507d28c09cbe1bdbf51900bd6d1992920209a1b9
com.daml	timer-utils_2.12	1.17.1-snapshot.20211006.7853.0.e05be365	-	507d28c09cbe1bdbf51900bd6d1992920209a1b9
com.daml	timer-utils_2.12	1.17.2-snapshot.20211124.7857.0.b33b94b8	-	507d28c09cbe1bdbf51900bd6d1992920209a1b9
com.daml	timer-utils_2.12	1.18.0	-	6f6b4f0dd133ca4ca751582f3ac4cb7f10db4fde
com.daml	timer-utils_2.12	1.18.0-snapshot.20210921.7889.0.1b473c2b	-	507d28c09cbe1bdbf51900bd6d1992920209a1b9
com.daml	timer-utils_2.12	1.18.0-snapshot.20210921.7889.1.1b473c2b	-	507d28c09cbe1bdbf51900bd6d1992920209a1b9
com.daml	timer-utils_2.12	1.18.0-snapshot.20210922.7908.0.ced4a272	-	507d28c09cbe1bdbf51900bd6d1992920209a1b9
com.daml	timer-utils_2.12	1.18.0-snapshot.20210928.7948.0.b4d00317	-	507d28c09cbe1bdbf51900bd6d1992920209a1b9
com.daml	timer-utils_2.12	1.18.0-snapshot.20211006.8003.0.cfcdc13c	-	507d28c09cbe1bdbf51900bd6d1992920209a1b9
com.daml	timer-utils_2.12	1.18.0-snapshot.20211013.8071.0.514e8b50	-	507d28c09cbe1bdbf51900bd6d1992920209a1b9
com.daml	timer-utils_2.12	1.18.0-snapshot.20211019.8113.0.8ff347d8	-	507d28c09cbe1bdbf51900bd6d1992920209a1b9
com.daml	timer-utils_2.12	1.18.0-snapshot.20211026.8179.0.e474b2d1	-	507d28c09cbe1bdbf51900bd6d1992920209a1b9
com.daml	timer-utils_2.12	1.18.0-snapshot.20211102.8257.0.7391a3cd	-	507d28c09cbe1bdbf51900bd6d1992920209a1b9
com.daml	timer-utils_2.12	1.18.0-snapshot.20211109.8328.0.92181161	-	507d28c09cbe1bdbf51900bd6d1992920209a1b9
com.daml	timer-utils_2.12	1.18.0-snapshot.20211110.8337.0.c5a1f0bb	-	507d28c09cbe1bdbf51900bd6d1992920209a1b9
com.daml	timer-utils_2.12	1.18.0-snapshot.20211111.8349.0.d938a44c	-	6f6b4f0dd133ca4ca751582f3ac4cb7f10db4fde
com.daml	timer-utils_2.12	1.18.0-snapshot.20211117.8399.0.a05a40ae	-	6f6b4f0dd133ca4ca751582f3ac4cb7f10db4fde
com.daml	timer-utils_2.12	1.18.0-snapshot.20211124.8419.0.39d9afcd	-	6f6b4f0dd133ca4ca751582f3ac4cb7f10db4fde
com.daml	timer-utils_2.12	1.18.0-snapshot.20211206.8423.0.2c945fcb	-	6f6b4f0dd133ca4ca751582f3ac4cb7f10db4fde
com.daml	timer-utils_2.12	1.18.1	-	6f6b4f0dd133ca4ca751582f3ac4cb7f10db4fde
com.daml	timer-utils_2.12	1.18.1-snapshot.20220106.8429.0.ea344666	-	6f6b4f0dd133ca4ca751582f3ac4cb7f10db4fde
com.daml	timer-utils_2.12	1.18.1-snapshot.20220110.8433.0.e8e25a11	-	6f6b4f0dd133ca4ca751582f3ac4cb7f10db4fde
com.daml	timer-utils_2.12	1.18.1-snapshot.20220113.8434.0.1724373f	-	6f6b4f0dd133ca4ca751582f3ac4cb7f10db4fde
com.daml	timer-utils_2.12	1.18.1-snapshot.20220113.8434.1.1724373f	-	6f6b4f0dd133ca4ca751582f3ac4cb7f10db4fde
com.daml	timer-utils_2.12	1.18.2	-	6f6b4f0dd133ca4ca751582f3ac4cb7f10db4fde
com.daml	timer-utils_2.12	1.18.2-snapshot.20220310.8437.1.5221a5d1	-	6f6b4f0dd133ca4ca751582f3ac4cb7f10db4fde
com.daml	timer-utils_2.12	1.18.2-snapshot.20220324.8440.0.5cfb1a21	-	6f6b4f0dd133ca4ca751582f3ac4cb7f10db4fde
com.daml	timer-utils_2.12	1.18.3	-	6f6b4f0dd133ca4ca751582f3ac4cb7f10db4fde
com.daml	timer-utils_2.12	1.18.3-snapshot.20220620.8442.0.c7424302	-	6f6b4f0dd133ca4ca751582f3ac4cb7f10db4fde
com.daml	timer-utils_2.12	1.2.0	-	b133d5a2692767cf5a74abbdcca5c65c5c202afc
com.daml	timer-utils_2.12	1.2.0-snapshot.20200513.4172.0.021f4af3	-	b133d5a2692767cf5a74abbdcca5c65c5c202afc
com.daml	timer-utils_2.12	1.2.0-snapshot.20200520.4224.0.2af134ca	-	b133d5a2692767cf5a74abbdcca5c65c5c202afc
com.daml	timer-utils_2.12	1.2.0-snapshot.20200520.4228.0.595f1e27	-	b133d5a2692767cf5a74abbdcca5c65c5c202afc
com.daml	timer-utils_2.12	1.2.0-snapshot.20200527.4268.0.acc5a21c	-	b133d5a2692767cf5a74abbdcca5c65c5c202afc
com.daml	timer-utils_2.12	1.2.0-snapshot.20200528.4309.0.f619dea3	-	b133d5a2692767cf5a74abbdcca5c65c5c202afc
com.daml	timer-utils_2.12	1.2.0-snapshot.20200602.4310.0.1c18058f	-	b133d5a2692767cf5a74abbdcca5c65c5c202afc
com.daml	timer-utils_2.12	1.3.0	-	b133d5a2692767cf5a74abbdcca5c65c5c202afc
com.daml	timer-utils_2.12	1.3.0-snapshot.20200603.4345.0.1386abc0	-	b133d5a2692767cf5a74abbdcca5c65c5c202afc
com.daml	timer-utils_2.12	1.3.0-snapshot.20200610.4412.0.0544323d	-	b133d5a2692767cf5a74abbdcca5c65c5c202afc
com.daml	timer-utils_2.12	1.3.0-snapshot.20200610.4413.0.11b5c362	-	b133d5a2692767cf5a74abbdcca5c65c5c202afc
com.daml	timer-utils_2.12	1.3.0-snapshot.20200617.4474.0.53bddb54	-	b133d5a2692767cf5a74abbdcca5c65c5c202afc
com.daml	timer-utils_2.12	1.3.0-snapshot.20200617.4484.0.7e0a6848	-	b133d5a2692767cf5a74abbdcca5c65c5c202afc
com.daml	timer-utils_2.12	1.3.0-snapshot.20200623.4546.0.4f68cfc4	-	b133d5a2692767cf5a74abbdcca5c65c5c202afc
com.daml	timer-utils_2.12	1.3.0-snapshot.20200701.4616.0.bdbefd11	-	b133d5a2692767cf5a74abbdcca5c65c5c202afc
com.daml	timer-utils_2.12	1.3.0-snapshot.20200706.4664.0.5db06051	-	b133d5a2692767cf5a74abbdcca5c65c5c202afc
com.daml	timer-utils_2.12	1.3.0-snapshot.20200708.4686.0.95dfa18e	-	b133d5a2692767cf5a74abbdcca5c65c5c202afc
com.daml	timer-utils_2.12	1.3.0-snapshot.20200714.4687.0.8e10c7a7	-	b133d5a2692767cf5a74abbdcca5c65c5c202afc
com.daml	timer-utils_2.12	1.4.0	-	b133d5a2692767cf5a74abbdcca5c65c5c202afc
com.daml	timer-utils_2.12	1.4.0-snapshot.20200715.4733.0.d6e58626	-	b133d5a2692767cf5a74abbdcca5c65c5c202afc
com.daml	timer-utils_2.12	1.4.0-snapshot.20200722.4796.0.28ab504b	-	b133d5a2692767cf5a74abbdcca5c65c5c202afc
com.daml	timer-utils_2.12	1.4.0-snapshot.20200722.4800.0.21a16eef	-	b133d5a2692767cf5a74abbdcca5c65c5c202afc
com.daml	timer-utils_2.12	1.4.0-snapshot.20200724.4812.0.818a52b0	-	b133d5a2692767cf5a74abbdcca5c65c5c202afc
com.daml	timer-utils_2.12	1.4.0-snapshot.20200729.4851.0.224ab362	-	b133d5a2692767cf5a74abbdcca5c65c5c202afc
com.daml	timer-utils_2.12	1.5.0	-	4a4aab373ce9bcbb4c6e7fbd40c94560cedc8dcd
com.daml	timer-utils_2.12	1.5.0-snapshot.20200804.4902.0.de2fef6b	-	b133d5a2692767cf5a74abbdcca5c65c5c202afc
com.daml	timer-utils_2.12	1.5.0-snapshot.20200811.4959.0.bbc2fe56	-	a06f69ba3fbb23affb1bdbe638bed138f1083e82
com.daml	timer-utils_2.12	1.5.0-snapshot.20200818.5027.0.1b33d374	-	a06f69ba3fbb23affb1bdbe638bed138f1083e82
com.daml	timer-utils_2.12	1.5.0-snapshot.20200825.5071.0.d33e130f	-	4a4aab373ce9bcbb4c6e7fbd40c94560cedc8dcd
com.daml	timer-utils_2.12	1.5.0-snapshot.20200902.5118.0.2b3cf1b3	-	4a4aab373ce9bcbb4c6e7fbd40c94560cedc8dcd
com.daml	timer-utils_2.12	1.5.0-snapshot.20200907.5151.0.eb68e680	-	4a4aab373ce9bcbb4c6e7fbd40c94560cedc8dcd
com.daml	timer-utils_2.12	1.6.0	-	4a4aab373ce9bcbb4c6e7fbd40c94560cedc8dcd
com.daml	timer-utils_2.12	1.6.0-snapshot.20200908.5166.0.1623baec	-	4a4aab373ce9bcbb4c6e7fbd40c94560cedc8dcd
com.daml	timer-utils_2.12	1.6.0-snapshot.20200915.5208.0.09014dc6	-	4a4aab373ce9bcbb4c6e7fbd40c94560cedc8dcd
com.daml	timer-utils_2.12	1.6.0-snapshot.20200922.5258.0.cd4a06db	-	4a4aab373ce9bcbb4c6e7fbd40c94560cedc8dcd
com.daml	timer-utils_2.12	1.6.0-snapshot.20200930.5312.0.b9a1905d	-	4a4aab373ce9bcbb4c6e7fbd40c94560cedc8dcd
com.daml	timer-utils_2.12	1.6.0-snapshot.20201007.5314.0.b4a47d0b	-	4a4aab373ce9bcbb4c6e7fbd40c94560cedc8dcd
com.daml	timer-utils_2.12	1.6.0-snapshot.20201012.5316.0.d21cb496	-	4a4aab373ce9bcbb4c6e7fbd40c94560cedc8dcd
com.daml	timer-utils_2.12	1.6.1	-	4a4aab373ce9bcbb4c6e7fbd40c94560cedc8dcd
com.daml	timer-utils_2.12	1.6.1-snapshot.20201021.5317.0.aafe46a5	-	4a4aab373ce9bcbb4c6e7fbd40c94560cedc8dcd
com.daml	timer-utils_2.12	1.6.1-snapshot.20201215.5318.0.547abc97	-	4a4aab373ce9bcbb4c6e7fbd40c94560cedc8dcd
com.daml	timer-utils_2.12	1.7.0	-	fe32c61f89dc3f88fe5d032a643ccacda2f33e75
com.daml	timer-utils_2.12	1.7.0-snapshot.20201006.5358.0.0c1cadcf	-	4a4aab373ce9bcbb4c6e7fbd40c94560cedc8dcd
com.daml	timer-utils_2.12	1.7.0-snapshot.20201012.5405.0.af92198d	-	4a4aab373ce9bcbb4c6e7fbd40c94560cedc8dcd
com.daml	timer-utils_2.12	1.7.0-snapshot.20201013.5418.0.bda13392	-	fe32c61f89dc3f88fe5d032a643ccacda2f33e75
com.daml	timer-utils_2.12	1.7.0-snapshot.20201020.5481.0.03a03957	-	fe32c61f89dc3f88fe5d032a643ccacda2f33e75
com.daml	timer-utils_2.12	1.7.0-snapshot.20201023.5508.0.9dec6689	-	fe32c61f89dc3f88fe5d032a643ccacda2f33e75
com.daml	timer-utils_2.12	1.7.0-snapshot.20201027.5530.0.bdbf8977	-	fe32c61f89dc3f88fe5d032a643ccacda2f33e75
com.daml	timer-utils_2.12	1.7.0-snapshot.20201103.5565.0.e75d42dd	-	fe32c61f89dc3f88fe5d032a643ccacda2f33e75
com.daml	timer-utils_2.12	1.7.0-snapshot.20201103.5565.1.e75d42dd	-	fe32c61f89dc3f88fe5d032a643ccacda2f33e75
com.daml	timer-utils_2.12	1.8.0	-	fe32c61f89dc3f88fe5d032a643ccacda2f33e75
com.daml	timer-utils_2.12	1.8.0-snapshot.20201110.5615.0.b35c9fcb	-	fe32c61f89dc3f88fe5d032a643ccacda2f33e75
com.daml	timer-utils_2.12	1.8.0-snapshot.20201117.5661.0.76fae40c	-	fe32c61f89dc3f88fe5d032a643ccacda2f33e75
com.daml	timer-utils_2.12	1.8.0-snapshot.20201124.5709.0.dabd55d0	-	fe32c61f89dc3f88fe5d032a643ccacda2f33e75
com.daml	timer-utils_2.12	1.8.0-snapshot.20201201.5776.0.4b91f2a6	-	fe32c61f89dc3f88fe5d032a643ccacda2f33e75
com.daml	timer-utils_2.12	1.8.0-snapshot.20201208.5840.0.38455e8c	-	fe32c61f89dc3f88fe5d032a643ccacda2f33e75
com.daml	timer-utils_2.12	1.8.0-snapshot.20201214.5841.0.a8ae8e4a	-	fe32c61f89dc3f88fe5d032a643ccacda2f33e75
com.daml	timer-utils_2.12	1.8.0-snapshot.20210303.5843.0.d443707c	-	fe32c61f89dc3f88fe5d032a643ccacda2f33e75
com.daml	timer-utils_2.12	1.8.1	-	fe32c61f89dc3f88fe5d032a643ccacda2f33e75
com.daml	timer-utils_2.12	1.8.1-snapshot.20210115.5842.0.59f5d407	-	fe32c61f89dc3f88fe5d032a643ccacda2f33e75
com.daml	timer-utils_2.12	1.9.0	-	6feb7d117bb0bf4ebd8466bb8944cada8529d5ec
com.daml	timer-utils_2.12	1.9.0-snapshot.20201215.5907.0.a6ed34c5	-	396daaa816256fa25dcf63fe4e5f509f6afe2a92
com.daml	timer-utils_2.12	1.9.0-snapshot.20210106.5986.0.c6995a9c	-	396daaa816256fa25dcf63fe4e5f509f6afe2a92
com.daml	timer-utils_2.12	1.9.0-snapshot.20210111.6034.0.7855b023	-	6feb7d117bb0bf4ebd8466bb8944cada8529d5ec
com.daml	timer-utils_2.12	1.9.0-snapshot.20210112.6040.0.7171cb38	-	6feb7d117bb0bf4ebd8466bb8944cada8529d5ec
com.daml	timer-utils_2.12	1.9.0-snapshot.20210113.6060.0.9ed787cb	-	6feb7d117bb0bf4ebd8466bb8944cada8529d5ec
com.daml	timer-utils_2.12	1.9.0-snapshot.20210119.6062.0.5b3663a5	-	6feb7d117bb0bf4ebd8466bb8944cada8529d5ec
com.dimafeng	testcontainers-scala-db2_2.12	0.35.0	-	f2787a7a1b4b1cf2ec7241567aa80dbbc1bdeaeb
com.dimafeng	testcontainers-scala-db2_2.12	0.35.1	-	ca38f6f0ff026749d36719210ba6091b48d85098
com.dimafeng	testcontainers-scala-db2_2.12	0.35.2	-	331d2189f469f573e9b43cbe3f6ffb37f7fd5d79
com.dimafeng	testcontainers-scala-db2_2.12	0.36.0	-	3a690c6a1ce595e4537f320a2c637aa5e1cf08d8
com.dimafeng	testcontainers-scala-db2_2.12	0.36.1	-	ffad2f4af618492c9e27c955703ab247f43056c7
com.dimafeng	testcontainers-scala-db2_2.12	0.37.0	-	b06d0e4ac28cb481ec116be60d34dcc3c223a0d5
com.dimafeng	testcontainers-scala-db2_2.12	0.38.0	-	acb05c6be380a8b99a1514cb6d4eb12f79486623
com.dimafeng	testcontainers-scala-db2_2.12	0.38.1	-	79181fc824b969922343750e09831b9e1ee1d3fd
com.dimafeng	testcontainers-scala-db2_2.12	0.38.3	-	518f98612b8b020456cad15df29ef306a2e26266
com.dimafeng	testcontainers-scala-db2_2.12	0.38.4	-	299cfbc411eca6d1277fab6d05e337d5e576d462
com.dimafeng	testcontainers-scala-db2_2.12	0.38.5	-	a7967a15c90eab7101ff293f2af5905c7e76e20b
com.dimafeng	testcontainers-scala-db2_2.12	0.38.6	-	4f18138cc436e08e2fbf770a4112964e2fbd5cab
com.dimafeng	testcontainers-scala-db2_2.12	0.38.7	-	2e93f86f6e0870ace17dff6ad45e8d7fb665f6ec
com.dimafeng	testcontainers-scala-db2_2.12	0.38.8	-	1615dbdf9a8add91ce4a65530fb137aa6a6b7809
com.dimafeng	testcontainers-scala-db2_2.12	0.38.9	-	03e0997e332e2570e09765ff72a9a8e3bfa3c7f7
com.dimafeng	testcontainers-scala-db2_2.12	0.39.0	-	9806e436b51edbfd719b89f90bc5b156c702f0f0
com.dimafeng	testcontainers-scala-db2_2.12	0.39.1	-	9932336cbb38418960721e9b69b53f379658504b
com.dimafeng	testcontainers-scala-db2_2.12	0.39.10	-	95d65b79276c025182906b4db80bfdf129e5eb9c
com.dimafeng	testcontainers-scala-db2_2.12	0.39.11	-	06e2ffc8ba51f39e82aedd9809c6a38d75913b53
com.dimafeng	testcontainers-scala-db2_2.12	0.39.12	-	ad5191e78b2ea872b5208df8c0169d8de8a62d1d
com.dimafeng	testcontainers-scala-db2_2.12	0.39.2	-	8e1f4ed5f2c0346e84e93f050e46735af0ab5e3f
com.dimafeng	testcontainers-scala-db2_2.12	0.39.3	-	40a4aa6a31e71490e7536737840af64919b40546
com.dimafeng	testcontainers-scala-db2_2.12	0.39.4	-	f872fb522d3fdeaa373d83d11c34eb7f5fb944b3
com.dimafeng	testcontainers-scala-db2_2.12	0.39.5	-	0f4e82f7edf3f6f7fe5b322e424b14cf373252b0
com.dimafeng	testcontainers-scala-db2_2.12	0.39.6	-	0b5ebf9d75d8dba223154af40b10a1d50def437c
com.dimafeng	testcontainers-scala-db2_2.12	0.39.7	-	1693c958c1c861ba4576b6261947b2541c69fa38
com.dimafeng	testcontainers-scala-db2_2.12	0.39.8	-	335ce9f67be1d6dbf615516624fa3c0ebfffe691
com.dimafeng	testcontainers-scala-db2_2.12	0.39.9	-	d1eb57b88723c5a3a7013621845f87f0950078b6
com.dimafeng	testcontainers-scala-db2_2.12	0.40.0	-	1838819d6a1303c41aea973661fb065fcb615ea4
com.dimafeng	testcontainers-scala-db2_2.12	0.40.1	-	3efd9da785d0b456a940d04acf7257a98ba94a68
com.dimafeng	testcontainers-scala-db2_2.12	0.40.10	-	f9e30e7c4523246d961039f6206765384c387cf8
com.dimafeng	testcontainers-scala-db2_2.12	0.40.11	-	5b34269c507dcece9f811120e6d447aa9c5104e7
com.dimafeng	testcontainers-scala-db2_2.12	0.40.12	-	ca6a6df5fc94827cee3347a9b9e679b85cebe875
com.dimafeng	testcontainers-scala-db2_2.12	0.40.13	-	34ab76db6b72cd23c8ea0a7458050edc09dacbfa
com.dimafeng	testcontainers-scala-db2_2.12	0.40.14	-	c03ead34aa1f0a660712f3f78098d176ee600c34
com.dimafeng	testcontainers-scala-db2_2.12	0.40.15	-	82b57f3cde07bac55b1681f9124b9707dc98f195
com.dimafeng	testcontainers-scala-db2_2.12	0.40.16	-	277b0d26ba6cd04d456081505d57acbcbfe6f8d7
com.dimafeng	testcontainers-scala-db2_2.12	0.40.17	-	d282af21e02b3d9c68e17121c68c92153091dea4
com.dimafeng	testcontainers-scala-db2_2.12	0.40.2	-	947cece44b74d42823b38e0fd23336cda2c5bfdd
com.dimafeng	testcontainers-scala-db2_2.12	0.40.3	-	7a9d8e1543ce8c82e11ce085c40eff3b4b6adc52
com.dimafeng	testcontainers-scala-db2_2.12	0.40.4	-	efcf2fe45125642eea8b4d0998e17b9e4bbf6d07
com.dimafeng	testcontainers-scala-db2_2.12	0.40.5	-	8cc58c48e0e81259ac4d6a14b2a9b87387f90321
com.dimafeng	testcontainers-scala-db2_2.12	0.40.6	-	e015d546f4f1a19bda2a71f9c0776e52dcc306db
com.dimafeng	testcontainers-scala-db2_2.12	0.40.7	-	7bf3ee607d082473fef19f0464995f1480689d29
com.dimafeng	testcontainers-scala-db2_2.12	0.40.8	-	cb649949358ee196ca38b981204d9881b0a61abc
com.dimafeng	testcontainers-scala-db2_2.12	0.40.9	-	2a108b89ce8d2c81e6d72e84e97507ccd46602ac
com.dimafeng	testcontainers-scala-db2_2.12	0.41.0	-	9272f45781d64bb6976f197b41213003aac61587
com.dimafeng	testcontainers-scala-db2_2.12	0.41.1	-	a67a2ca211b299e76d57f84d8ab98dc8459457cb
com.dimafeng	testcontainers-scala-db2_2.12	0.41.2	-	3ed0a2b27f56b779c366a7fb5043c87ae5a76fd8
com.dimafeng	testcontainers-scala-db2_2.12	0.41.3	-	4dd509e6be59431dd0c7080d5cc585d0b0fa75aa
com.dimafeng	testcontainers-scala-db2_2.12	0.41.4	-	12240ae45350e7ee0c2fb0dabd4b385fd51a9c65
com.dimafeng	testcontainers-scala-db2_2.12	0.41.5	-	356ffda07e17222467d20cf7cc3c304bee341ada
com.dimafeng	testcontainers-scala-db2_2.12	0.41.8	-	78941669e56294c2c58bc446e870caa2fa517760
com.dimafeng	testcontainers-scala-db2_2.12	0.43.0	-	8a55e8120ea7ab75abac5d760e8af3e53628e773
com.dimajix.flowman	flowman-spark-extensions	0.19.0	-	cec4c85ed880d69b3dc02ebdc90d5c003214e7f9
com.dimajix.flowman	flowman-spark-extensions	0.19.0-cdh6-spark2.4-hadoop3.0	-	9a31abcb9ab8fec0d4ed5c0be4ab903a9d4c937a
com.dimajix.flowman	flowman-spark-extensions	0.19.0-cdp7-spark2.4-hadoop3.1	-	e1a742e669eb74f92cd8acc23562678a8d1b8c3c
com.dimajix.flowman	flowman-spark-extensions	0.19.0-oss-spark2.4-hadoop2.6	-	b53a2ad329b1f94e7e632f30a6a664597f2652e3
com.dimajix.flowman	flowman-spark-extensions	0.19.0-oss-spark2.4-hadoop2.7	-	11a05da2607a9cea0cfaf41171fce2bc9b50a82f
com.dimajix.flowman	flowman-spark-extensions	0.19.0-oss-spark3.0-hadoop2.7	-	0e59a2c02db232409b92ab27c3fcd87d9246edb6
com.dimajix.flowman	flowman-spark-extensions	0.19.0-oss-spark3.0-hadoop3.2	-	5990af045b5387d4f525eb2ba331400554d8edae
com.dimajix.flowman	flowman-spark-extensions	0.19.0-oss-spark3.1-hadoop2.7	-	ac673e1b96926e01632ea165de8ed91faf45c57a
com.dimajix.flowman	flowman-spark-extensions	0.19.0-oss-spark3.1-hadoop3.2	-	f1a034b2992061af5dbaf4649b5967784aa527da
com.dimajix.flowman	flowman-spark-extensions	0.19.0-oss-spark3.2-hadoop2.7	-	554c2808f78de90202ecfee8e180aa8ac780ab94
com.dimajix.flowman	flowman-spark-extensions	0.19.0-oss-spark3.2-hadoop3.3	-	3d8d1721b92030d8433f92797ce75ccddac64eb1
com.dimajix.flowman	flowman-spark-extensions	0.20.0	-	56fc91b2db7b9c916d7de45c9bb04987118cde85
com.dimajix.flowman	flowman-spark-extensions	0.20.0-cdh6-spark2.4-hadoop3.0	-	90afffb0d787c179a4b7b901b5e7b0e130fcbfc3
com.dimajix.flowman	flowman-spark-extensions	0.20.0-cdp7-spark2.4-hadoop3.1	-	702e8e82d6c81f6eb447a7f5141072f963fa9c88
com.dimajix.flowman	flowman-spark-extensions	0.20.0-oss-spark2.4-hadoop2.6	-	ce25aab7a1f5d00d85631a2b9e21d3d98d970126
com.dimajix.flowman	flowman-spark-extensions	0.20.0-oss-spark2.4-hadoop2.7	-	359e1444ffd153a96ada57f7ecae507fc953e701
com.dimajix.flowman	flowman-spark-extensions	0.20.0-oss-spark3.0-hadoop2.7	-	7dd4b2f998ee0a9478e09eed284688f1e81b4416
com.dimajix.flowman	flowman-spark-extensions	0.20.0-oss-spark3.0-hadoop3.2	-	22ea9db374cb5eb12b9e9bba5809331ab8f8ce76
com.dimajix.flowman	flowman-spark-extensions	0.20.0-oss-spark3.1-hadoop2.7	-	2e9cb0de951fa559b4646730527377a2f001a30a
com.dimajix.flowman	flowman-spark-extensions	0.20.0-oss-spark3.1-hadoop3.2	-	8ee53ae473a8ff0c46502a5f481c04e18e9c3815
com.dimajix.flowman	flowman-spark-extensions	0.20.0-oss-spark3.2-hadoop2.7	-	f3891b2891796bc5063629ab85d5ac6c6d04a768
com.dimajix.flowman	flowman-spark-extensions	0.20.0-oss-spark3.2-hadoop3.3	-	fe8efbffad8d3cca5d8173de7499624108a673ac
com.dimajix.flowman	flowman-spark-extensions	0.20.1	-	98302d37af5181bc27f4a6f80fee648b598f5112
com.dimajix.flowman	flowman-spark-extensions	0.20.1-cdh6-spark2.4-hadoop3.0	-	6912d28a9d09634ec714ee0942da55c622cddf38
com.dimajix.flowman	flowman-spark-extensions	0.20.1-cdp7-spark2.4-hadoop3.1	-	7c36d1dd1a44e1fba47ad31518bcccf5bb604efa
com.dimajix.flowman	flowman-spark-extensions	0.20.1-oss-spark2.4-hadoop2.6	-	8ddeb44ab3bca44b01b59e24904007b62352fa98
com.dimajix.flowman	flowman-spark-extensions	0.20.1-oss-spark2.4-hadoop2.7	-	0957c89f9c2e7b5fb664234bcccd9522cf974fd5
com.dimajix.flowman	flowman-spark-extensions	0.20.1-oss-spark3.0-hadoop2.7	-	4b8805831f56af19cf529ade2b174fd2c5fc64c6
com.dimajix.flowman	flowman-spark-extensions	0.20.1-oss-spark3.0-hadoop3.2	-	b30abc003b42a63a707c4fea0c92ed7bf408d4ab
com.dimajix.flowman	flowman-spark-extensions	0.20.1-oss-spark3.1-hadoop2.7	-	20765a4d067f4280d5818579e74fd9a5d6b22b5c
com.dimajix.flowman	flowman-spark-extensions	0.20.1-oss-spark3.1-hadoop3.2	-	69ec5ad3c96ba19dfb9e50c9da5e14857c52a847
com.dimajix.flowman	flowman-spark-extensions	0.20.1-oss-spark3.2-hadoop2.7	-	fd283992ff6d7824497a3c6c114ce50ecdbcc95e
com.dimajix.flowman	flowman-spark-extensions	0.20.1-oss-spark3.2-hadoop3.3	-	18021f797c740fa9ec99d1a5f01753dd0e03198a
com.dimajix.flowman	flowman-spark-extensions	0.21.0	-	dfceba69409e8dd58b032fe324890fd99d94d061
com.dimajix.flowman	flowman-spark-extensions	0.21.0-cdh6-spark2.4-hadoop3.0	-	75399758826457911dca5a31ad8221fa4767a3a2
com.dimajix.flowman	flowman-spark-extensions	0.21.0-cdp7-spark2.4-hadoop3.1	-	fbff9fc1f077c62a9dca771f79079edca2f41e8b
com.dimajix.flowman	flowman-spark-extensions	0.21.0-oss-spark2.4-hadoop2.6	-	1f9520fffb316f262a2203a1b2d08cff2bd0f2d0
com.dimajix.flowman	flowman-spark-extensions	0.21.0-oss-spark2.4-hadoop2.7	-	d08534f56a282296232b2fb07eb33f6b44804ed8
com.dimajix.flowman	flowman-spark-extensions	0.21.0-oss-spark3.0-hadoop2.7	-	acff96f0ac08e3ce3e79557f43f94adb1f2e69a6
com.dimajix.flowman	flowman-spark-extensions	0.21.0-oss-spark3.0-hadoop3.2	-	3129928af2b84bce2128ec798b64b3023ba81833
com.dimajix.flowman	flowman-spark-extensions	0.21.0-oss-spark3.1-hadoop2.7	-	5a3d4231d16354f939abb46e211a9c1bb8e14d5e
com.dimajix.flowman	flowman-spark-extensions	0.21.0-oss-spark3.1-hadoop3.2	-	d3d2c48eea6be1f15ae45b5e000f8aa5a6b2988f
com.dimajix.flowman	flowman-spark-extensions	0.21.0-oss-spark3.2-hadoop2.7	-	4d3356a336eb1a172570d9e9d6a2f3a1ba201173
com.dimajix.flowman	flowman-spark-extensions	0.21.0-oss-spark3.2-hadoop3.3	-	101c40d4e4925b44a1eda4aed482149d69c6157b
com.dimajix.flowman	flowman-spark-extensions	0.22.0	-	cfb3171c9116f6492e1d4e7903882bfa28231164
com.dimajix.flowman	flowman-spark-extensions	0.22.0-cdh6-spark2.4-hadoop3.0	-	6ebcc9526ff5a20b87b8f5aa1f7a1297bf3a5576
com.dimajix.flowman	flowman-spark-extensions	0.22.0-cdp7-spark2.4-hadoop3.1	-	f4fb9a304546be61f08821799a08f7d10e3ce1d3
com.dimajix.flowman	flowman-spark-extensions	0.22.0-oss-spark2.4-hadoop2.6	-	0492d62a0b84190b0d018bdbc2da2006ed59e938
com.dimajix.flowman	flowman-spark-extensions	0.22.0-oss-spark2.4-hadoop2.7	-	daac5ef2881cca7e0104ac164b0f2596c7508adb
com.dimajix.flowman	flowman-spark-extensions	0.22.0-oss-spark3.0-hadoop2.7	-	6a3aa75912b0591921db257e83c0ffe975ff50b0
com.dimajix.flowman	flowman-spark-extensions	0.22.0-oss-spark3.0-hadoop3.2	-	3bfb675f0af8828b8dc2860768edf5d084580d7f
com.dimajix.flowman	flowman-spark-extensions	0.22.0-oss-spark3.1-hadoop2.7	-	069bce8c56e48f3cdc6c388beea7555124b26767
com.dimajix.flowman	flowman-spark-extensions	0.22.0-oss-spark3.1-hadoop3.2	-	fa0f2f8ce9a0bd4607339b9b672cff97c11e437f
com.dimajix.flowman	flowman-spark-extensions	0.22.0-oss-spark3.2-hadoop2.7	-	0c77ed60a254d423036db9c40a2fd864932e4983
com.dimajix.flowman	flowman-spark-extensions	0.22.0-oss-spark3.2-hadoop3.3	-	5831d2519db1d679b0ce1edacb4eb2ac107af0ff
com.dimajix.flowman	flowman-spark-extensions	0.23.0	-	48f2abaa45e80c47b41d7be9e6e5f5e5f49041b8
com.dimajix.flowman	flowman-spark-extensions	0.23.0-cdh6-spark2.4-hadoop3.0	-	a4a7608ef6ea2294e67fcfa939cb102562832e9c
com.dimajix.flowman	flowman-spark-extensions	0.23.0-cdp7-spark2.4-hadoop3.1	-	c5d2914bfe0a4ce571a7782ff5d2d562a43c3215
com.dimajix.flowman	flowman-spark-extensions	0.23.0-oss-spark2.4-hadoop2.6	-	f6c1389b86e4dc14d866c986e9789f7bffcbef0a
com.dimajix.flowman	flowman-spark-extensions	0.23.0-oss-spark2.4-hadoop2.7	-	000dc7ac2401c4a98ba3e241c42272bb68fc7797
com.dimajix.flowman	flowman-spark-extensions	0.23.0-oss-spark3.0-hadoop2.7	-	ac2a309ba300d24c2ae8d33d4a6c336b8d8c280b
com.dimajix.flowman	flowman-spark-extensions	0.23.0-oss-spark3.0-hadoop3.2	-	f216ed83b004298c958efd4820e1ebf89974b1e2
com.dimajix.flowman	flowman-spark-extensions	0.23.0-oss-spark3.1-hadoop2.7	-	9064f7098e520ea5f9fb087a8f3674910dc476c3
com.dimajix.flowman	flowman-spark-extensions	0.23.0-oss-spark3.1-hadoop3.2	-	ee4b704fdb087343df77e05ce1eae660ec182bcc
com.dimajix.flowman	flowman-spark-extensions	0.23.0-oss-spark3.2-hadoop2.7	-	49238edb7c2851cb0bc38e88afc8a289b48f285b
com.dimajix.flowman	flowman-spark-extensions	0.23.0-oss-spark3.2-hadoop3.3	-	ac55276388b4f5c34f3ebc5c0b93510aa119906a
com.dimajix.flowman	flowman-spark-extensions	0.23.1	-	770332ea629ebfa01177767c7768d4f25ef12120
com.dimajix.flowman	flowman-spark-extensions	0.23.1-cdh6-spark2.4-hadoop3.0	-	959442fae5c43017e290e957e966adb5854973b4
com.dimajix.flowman	flowman-spark-extensions	0.23.1-cdp7-spark2.4-hadoop3.1	-	5f163a2cb49f64774ac99f3d984a3842f38fa19b
com.dimajix.flowman	flowman-spark-extensions	0.23.1-oss-spark2.4-hadoop2.6	-	6e26cdbb4c7653eaa87f07aa0ec927ae9b1de87d
com.dimajix.flowman	flowman-spark-extensions	0.23.1-oss-spark2.4-hadoop2.7	-	53143949c6c030c3491b782b39e4f1b714d6effb
com.dimajix.flowman	flowman-spark-extensions	0.23.1-oss-spark3.0-hadoop2.7	-	92a2ddedebdcbeb0dd02bc9db360be405c3ad66b
com.dimajix.flowman	flowman-spark-extensions	0.23.1-oss-spark3.0-hadoop3.2	-	4d3a00d04fb3b17a7d9c8357a9298f9705b00365
com.dimajix.flowman	flowman-spark-extensions	0.23.1-oss-spark3.1-hadoop2.7	-	ea858bdd757346a2392a379e17745dda456ba1aa
com.dimajix.flowman	flowman-spark-extensions	0.23.1-oss-spark3.1-hadoop3.2	-	adbf850e6ee9da299618cb935256d1686ad24a9a
com.dimajix.flowman	flowman-spark-extensions	0.23.1-oss-spark3.2-hadoop2.7	-	b1fb9e0adf9d9eda56c99bcf459f0983c52c8ccf
com.dimajix.flowman	flowman-spark-extensions	0.23.1-oss-spark3.2-hadoop3.3	-	e403bbb2204e67c51261532cd18f18eaad004f67
com.dimajix.flowman	flowman-spark-extensions	0.24.0	-	282f7a86a39385a7b53d7a8387e87426bb0742f3
com.dimajix.flowman	flowman-spark-extensions	0.24.0-cdh6-spark2.4-hadoop3.0	-	b6e4d3d0db49cd5212f2f452bb24fd6e3aa0a890
com.dimajix.flowman	flowman-spark-extensions	0.24.0-cdp7-spark2.4-hadoop3.1	-	740303d3f7b14277524a7e9ab1f2aebc2c445af8
com.dimajix.flowman	flowman-spark-extensions	0.24.0-oss-spark2.4-hadoop2.6	-	78dcca35c3b8477ef98a5a24740198dd78923dbc
com.dimajix.flowman	flowman-spark-extensions	0.24.0-oss-spark2.4-hadoop2.7	-	9b43deeb65f960d9f52ce09a061669992dce7b0f
com.dimajix.flowman	flowman-spark-extensions	0.24.0-oss-spark3.0-hadoop2.7	-	d714ef469f5a4702956615e8a0a239b168438ecb
com.dimajix.flowman	flowman-spark-extensions	0.24.0-oss-spark3.0-hadoop3.2	-	baea55eaa76d461420810ad5a371ee82ed408964
com.dimajix.flowman	flowman-spark-extensions	0.24.0-oss-spark3.1-hadoop2.7	-	6880f23d05dd8ab745b36d740817d86ebbcfd9bd
com.dimajix.flowman	flowman-spark-extensions	0.24.0-oss-spark3.1-hadoop3.2	-	a86645ee0647c77acac60d4c1ec7470a22151e81
com.dimajix.flowman	flowman-spark-extensions	0.24.0-oss-spark3.2-hadoop2.7	-	ed104c7669869d63194619f8d006262e9d928571
com.dimajix.flowman	flowman-spark-extensions	0.24.0-oss-spark3.2-hadoop3.3	-	131b6a22ad3b5e8441735731f539cf7dedfd0e5c
com.dimajix.flowman	flowman-spark-extensions	0.24.1	-	032c36db630c64b071709931964d6a5c2a9867cc
com.dimajix.flowman	flowman-spark-extensions	0.24.1-cdh6-spark2.4-hadoop3.0	-	2e97aa95277f724fa645fe689eca54b55e92f4f9
com.dimajix.flowman	flowman-spark-extensions	0.24.1-cdp7-spark2.4-hadoop3.1	-	f9e60e52503ab2a53d79914b0c081e530a0d0f4d
com.dimajix.flowman	flowman-spark-extensions	0.24.1-oss-spark2.4-hadoop2.6	-	e5fed3cd9ecd7e5de7088ed4edd796977b11e6ed
com.dimajix.flowman	flowman-spark-extensions	0.24.1-oss-spark2.4-hadoop2.7	-	90a99129ed54deadcc8a59c324f5a13dc1db886e
com.dimajix.flowman	flowman-spark-extensions	0.24.1-oss-spark3.0-hadoop2.7	-	09647cd391a1cd4bff7848d58e76d365b739d449
com.dimajix.flowman	flowman-spark-extensions	0.24.1-oss-spark3.0-hadoop3.2	-	b22669c055e8c9613eb763c2863e5479823c3be5
com.dimajix.flowman	flowman-spark-extensions	0.24.1-oss-spark3.1-hadoop2.7	-	ff39e6cff0d598f54d7716866983a77ddfe65111
com.dimajix.flowman	flowman-spark-extensions	0.24.1-oss-spark3.1-hadoop3.2	-	77e1d7024f6d201117a2584b457dec0ccaa947c4
com.dimajix.flowman	flowman-spark-extensions	0.24.1-oss-spark3.2-hadoop2.7	-	0018bec26a3612b69d18fda2cdf06383694d9d17
com.dimajix.flowman	flowman-spark-extensions	0.24.1-oss-spark3.2-hadoop3.3	-	cd57161b98db2e762ee03d8014af7dd961cf361f
com.dimajix.flowman	flowman-spark-extensions	0.25.0	-	18f240db95a84389fc2f3ed9f8a625b94676f853
com.dimajix.flowman	flowman-spark-extensions	0.25.0-cdh6-spark2.4-hadoop3.0	-	522c4cbea076767e10bab507ef7504d7f97111b5
com.dimajix.flowman	flowman-spark-extensions	0.25.0-cdp7-spark2.4-hadoop3.1	-	afa9a19159e9c75260a4165a0f57814b37d28690
com.dimajix.flowman	flowman-spark-extensions	0.25.0-oss-spark2.4-hadoop2.6	-	03e3693fcc20fa8e6b1c267149fed7043be6b32d
com.dimajix.flowman	flowman-spark-extensions	0.25.0-oss-spark2.4-hadoop2.7	-	f2029d44378d064eea62b3e92b0b436f0bdf901c
com.dimajix.flowman	flowman-spark-extensions	0.25.0-oss-spark3.0-hadoop2.7	-	2bea555aee4a30663f481b21052e132c0b7b99cd
com.dimajix.flowman	flowman-spark-extensions	0.25.0-oss-spark3.0-hadoop3.2	-	002b7d7af39cd4d96ffcc693270ff6639cf3bade
com.dimajix.flowman	flowman-spark-extensions	0.25.0-oss-spark3.1-hadoop2.7	-	84352d1f06c88cc04ae9675a3a8b37a6cfdd9c61
com.dimajix.flowman	flowman-spark-extensions	0.25.0-oss-spark3.1-hadoop3.2	-	2f2497e196165c2ba316603f210765f8a8a69385
com.dimajix.flowman	flowman-spark-extensions	0.25.0-oss-spark3.2-hadoop2.7	-	2dbf8f8e9e87c8e30c816ce10a0c3b9374f7a626
com.dimajix.flowman	flowman-spark-extensions	0.25.0-oss-spark3.2-hadoop3.3	-	867791b4902a0da19c6fecbf86a13f351b8cd618
com.dimajix.flowman	flowman-spark-extensions	0.26.0-cdh6-spark2.4-hadoop3.0	-	c58de9cd76ea2dfd263018de43b24d524bd566e7
com.dimajix.flowman	flowman-spark-extensions	0.26.0-cdp7-spark2.4-hadoop3.1	-	acc50ab71fa003ae71a3b360e388be054f0983b9
com.dimajix.flowman	flowman-spark-extensions	0.26.0-oss-spark2.4-hadoop2.6	-	4d42caad7cd71e8c0f0f8f514705b9a5a283ca32
com.dimajix.flowman	flowman-spark-extensions	0.26.0-oss-spark2.4-hadoop2.7	-	be06db18401495e8cd04501ab6bfc3d61eaa2fe3
com.dimajix.flowman	flowman-spark-extensions	0.26.0-oss-spark3.0-hadoop2.7	-	35cd9f828843a6840642d91c8a0b0aca0fd3db7b
com.dimajix.flowman	flowman-spark-extensions	0.26.0-oss-spark3.0-hadoop3.2	-	48c3ea178578f3360973a46917cd49ffb0bb844d
com.dimajix.flowman	flowman-spark-extensions	0.26.0-oss-spark3.1-hadoop2.7	-	b01c89f82c16be34b7c43270d774b026200f01d1
com.dimajix.flowman	flowman-spark-extensions	0.26.0-oss-spark3.1-hadoop3.2	-	7f6e41d4337722b080e0111819f52bb971ba4aa8
com.dimajix.flowman	flowman-spark-extensions	0.26.0-oss-spark3.2-hadoop2.7	-	f6efffdf50a5302ffe2d64726ee0e93a3946e17e
com.dimajix.flowman	flowman-spark-extensions	0.26.0-oss-spark3.2-hadoop3.3	-	96f99ff4206a7eda24ae5aaa614623a01e056a99
com.dimajix.flowman	flowman-spark-extensions	0.26.0-oss-spark3.3-hadoop2.7	-	0a0358ca85808280560d71384791d3d1f0056bd4
com.dimajix.flowman	flowman-spark-extensions	0.26.0-oss-spark3.3-hadoop3.3	-	2aa3d80dc46c309749b9d5cb1fabe31d79bf8b8d
com.dimajix.flowman	flowman-spark-extensions	0.27.0	-	d3e18ca196ccfc86c6099ac43574c8d412c12eeb
com.dimajix.flowman	flowman-spark-extensions	0.27.0-cdh6-spark2.4-hadoop3.0	-	a39910607f79cd09aba878129c7ad5437b8cc50b
com.dimajix.flowman	flowman-spark-extensions	0.27.0-cdp7-spark2.4-hadoop3.1	-	f786ea5089593fc3cabaf5b715d5b30aaf757681
com.dimajix.flowman	flowman-spark-extensions	0.27.0-oss-spark2.4-hadoop2.6	-	68dbdb9978d56de44e7f6f3e0a31ba10abaac441
com.dimajix.flowman	flowman-spark-extensions	0.27.0-oss-spark2.4-hadoop2.7	-	5f5c5e2a04e6838dc1f2c25e6344de050d0fb273
com.dimajix.flowman	flowman-spark-extensions	0.27.0-oss-spark3.0-hadoop2.7	-	1a12da4e3bf060fc015ed7145e70d4f2bd9e8eab
com.dimajix.flowman	flowman-spark-extensions	0.27.0-oss-spark3.0-hadoop3.2	-	b957d0df2b88383ecb8f02fd1741712c094b14a3
com.dimajix.flowman	flowman-spark-extensions	0.27.0-oss-spark3.1-hadoop2.7	-	75b0e6a06f67bfdb8cebfe8f3af9f9493baf18c0
com.dimajix.flowman	flowman-spark-extensions	0.27.0-oss-spark3.1-hadoop3.2	-	5d7cf03f798a1a2ec94cf4a2de9b2ff23a0f5b2e
com.dimajix.flowman	flowman-spark-extensions	0.27.0-oss-spark3.2-hadoop2.7	-	334bba5c23b67f46e3e2c12f9a69fb240b04df0a
com.dimajix.flowman	flowman-spark-extensions	0.27.0-oss-spark3.2-hadoop3.3	-	1a9d1dc09117441e7116d6fff5b619b70b0fe365
com.dimajix.flowman	flowman-spark-extensions	0.27.0-oss-spark3.3-hadoop2.7	-	c2a860695347994f7d666702df289910cc815550
com.dimajix.flowman	flowman-spark-extensions	0.27.0-oss-spark3.3-hadoop3.3	-	12687c606b51383e6f08332162ea653e2e4da018
com.dimajix.flowman	flowman-spark-extensions	0.28.0	-	c718ae1c9e91a0d2c8312ba24bd2fdafc1ed7b51
com.dimajix.flowman	flowman-spark-extensions	0.28.0-cdh6-spark2.4-hadoop3.0	-	802fc4f204c785d48d417b17c1414cdd2cdacf30
com.dimajix.flowman	flowman-spark-extensions	0.28.0-cdp7-spark2.4-hadoop3.1	-	5b6c3a5dfb507633bb3a322b4618c8e5b4da9425
com.dimajix.flowman	flowman-spark-extensions	0.28.0-oss-spark2.4-hadoop2.6	-	0cfa37141c5c33102b8616811594dffbc19d504d
com.dimajix.flowman	flowman-spark-extensions	0.28.0-oss-spark2.4-hadoop2.7	-	af9195cfe13b52b5c2d12b3ce01e4be6394b965c
com.dimajix.flowman	flowman-spark-extensions	0.28.0-oss-spark3.0-hadoop2.7	-	14aee35d891fb4097f017a8033ecfd1f28386409
com.dimajix.flowman	flowman-spark-extensions	0.28.0-oss-spark3.0-hadoop3.2	-	0941bf4c4e6fe7870eeef6915314374e95bc1754
com.dimajix.flowman	flowman-spark-extensions	0.28.0-oss-spark3.1-hadoop2.7	-	7e7b5a37012650ae626b80b4435565bf4b508b4c
com.dimajix.flowman	flowman-spark-extensions	0.28.0-oss-spark3.1-hadoop3.2	-	efbccf5f3dec080346e007a845011d195cb058c1
com.dimajix.flowman	flowman-spark-extensions	0.28.0-oss-spark3.2-hadoop2.7	-	4f85a2ef3b698a9db01080aacb27c6ad9919a403
com.dimajix.flowman	flowman-spark-extensions	0.28.0-oss-spark3.2-hadoop3.3	-	035c3bdbc6e0c1c777b30c5d596e62bcb6cd597c
com.dimajix.flowman	flowman-spark-extensions	0.28.0-oss-spark3.3-hadoop2.7	-	073cecd12445cb0180b6d0b09aefad93adf9eeaa
com.dimajix.flowman	flowman-spark-extensions	0.28.0-oss-spark3.3-hadoop3.3	-	997c78ce22ea15748e2e9338a1d1d0fb6b8edee0
com.dimajix.flowman	flowman-spark-extensions	0.29.0	-	c2ed10575dbfb20780d050a3af795d4a2bd3bdde
com.dimajix.flowman	flowman-spark-extensions	0.29.0-cdh6-spark2.4-hadoop3.0	-	4f707975c69772ca75d64429d8b606caa28113b9
com.dimajix.flowman	flowman-spark-extensions	0.29.0-cdp7-spark2.4-hadoop3.1	-	4be3ac1e8a9626ae747f093787a6444f4026c587
com.dimajix.flowman	flowman-spark-extensions	0.29.0-emr6.8-spark3.3-hadoop3.2	-	f393a5df4f9725c83e65c83daec505cdc7fd6a94
com.dimajix.flowman	flowman-spark-extensions	0.29.0-oss-spark2.4-hadoop2.6	-	93127ae12a6f88f6ed6e74ec78f916431baa7bb9
com.dimajix.flowman	flowman-spark-extensions	0.29.0-oss-spark2.4-hadoop2.7	-	6f009306b0fcbb2e152995fdbfe963c902ba54f0
com.dimajix.flowman	flowman-spark-extensions	0.29.0-oss-spark3.0-hadoop2.7	-	a487ec2ccaf68658bfa6183457ae4a1f49c5ed13
com.dimajix.flowman	flowman-spark-extensions	0.29.0-oss-spark3.0-hadoop3.2	-	35b35b5cfd95ca93ffc4b4dd7e203e3b637f9f2f
com.dimajix.flowman	flowman-spark-extensions	0.29.0-oss-spark3.1-hadoop2.7	-	0f592ac9e3bbe3132c4bdeb5c4c1a8303268ab9f
com.dimajix.flowman	flowman-spark-extensions	0.29.0-oss-spark3.1-hadoop3.2	-	bd6f931b0e14c635993148308b71155c2c35f06e
com.dimajix.flowman	flowman-spark-extensions	0.29.0-oss-spark3.2-hadoop2.7	-	a2a666dd63655cfa049fb13c8e68c973dc7aa681
com.dimajix.flowman	flowman-spark-extensions	0.29.0-oss-spark3.2-hadoop3.3	-	e1f261d7ae16e409069f09a89c10802a90b739ed
com.dimajix.flowman	flowman-spark-extensions	0.29.0-oss-spark3.3-hadoop2.7	-	eca13afbd0128a3eeec0afb1a4d3a7608866296f
com.dimajix.flowman	flowman-spark-extensions	0.29.0-oss-spark3.3-hadoop3.3	-	3782f8f785b5efa681ebdf0bfd746d6178467380
com.dimajix.flowman	flowman-spark-extensions	0.30.0	-	f54212cf2d1b674314c1150ae836f0c3a555701c
com.dimajix.flowman	flowman-spark-extensions	0.30.0-cdh6-spark2.4-hadoop3.0	-	9ff095f2c5539d647e8b60cec4bc29c18f199242
com.dimajix.flowman	flowman-spark-extensions	0.30.0-cdp7-spark2.4-hadoop3.1	-	bfe31a2f2238b44968dce372c35f4d8ded8b0b7a
com.dimajix.flowman	flowman-spark-extensions	0.30.0-cdp7-spark3.2-hadoop3.1	-	cbe149dbd7e118843bce1260b9f5ecf6c84915d4
com.dimajix.flowman	flowman-spark-extensions	0.30.0-emr6.9-spark3.3-hadoop3.3	-	89fae01434e77ea3b2736a6e2dff2a34333c383c
com.dimajix.flowman	flowman-spark-extensions	0.30.0-oss-spark2.4-hadoop2.6	-	d3d9467e6265b4c813d2f095cc3649ad4083eb15
com.dimajix.flowman	flowman-spark-extensions	0.30.0-oss-spark2.4-hadoop2.7	-	581f35784d1a2b0c0a8a7264ff30205b64a2ad1a
com.dimajix.flowman	flowman-spark-extensions	0.30.0-oss-spark3.0-hadoop2.7	-	49be10766b42abdd0d4ff3a8ffd2958f7ecb8688
com.dimajix.flowman	flowman-spark-extensions	0.30.0-oss-spark3.0-hadoop3.2	-	b9e0bdd838b323b7fe0392471f67471573dc4581
com.dimajix.flowman	flowman-spark-extensions	0.30.0-oss-spark3.1-hadoop2.7	-	091bada54955b5ecd52895a6470a1623d4e8e655
com.dimajix.flowman	flowman-spark-extensions	0.30.0-oss-spark3.1-hadoop3.2	-	0480fe7299afaf1f83af4d52caeac16641f57ec0
com.dimajix.flowman	flowman-spark-extensions	0.30.0-oss-spark3.2-hadoop2.7	-	4ca39920da41b80a141519ad07c92832f8032ec6
com.dimajix.flowman	flowman-spark-extensions	0.30.0-oss-spark3.2-hadoop3.3	-	68a4ffe7db55f0a57c57dc18999b7e448a361595
com.dimajix.flowman	flowman-spark-extensions	0.30.0-oss-spark3.3-hadoop2.7	-	c8dedcb175e6e24542bc10f5fdaba1d9f196ef06
com.dimajix.flowman	flowman-spark-extensions	0.30.0-oss-spark3.3-hadoop3.3	-	040efe1d415e84387418de1db48cce9b88e4aa3b
com.dimajix.flowman	flowman-spark-extensions	1.0.0	-	934a17a82842f6c8f4b7437d23f3a3f2268c12c4
com.dimajix.flowman	flowman-spark-extensions	1.0.0-cdh6-spark2.4-hadoop3.0	-	db14261ebe4f694c11ac4ea5aef5bda3909db138
com.dimajix.flowman	flowman-spark-extensions	1.0.0-cdp7-spark2.4-hadoop3.1	-	71adaa3e0b45a4a66d26079ce4620fe4c18c1ace
com.dimajix.flowman	flowman-spark-extensions	1.0.0-cdp7-spark3.2-hadoop3.1	-	5b315d597ec2edf568635b21b82f1fbb3da859b1
com.dimajix.flowman	flowman-spark-extensions	1.0.0-cdp7-spark3.3-hadoop3.1	-	abe02a54f2428bc51ae81c7383af6e3aaa36c0fe
com.dimajix.flowman	flowman-spark-extensions	1.0.0-emr6.10-spark3.3-hadoop3.3	-	1ebadca38824e92f8a41927ad90b264d85dae393
com.dimajix.flowman	flowman-spark-extensions	1.0.0-oss-spark2.4-hadoop2.6	-	7fb31eb5cf904d40b3b32edb75cbceac273ac9ca
com.dimajix.flowman	flowman-spark-extensions	1.0.0-oss-spark2.4-hadoop2.7	-	d3b49c7b2881861b457af265e62811b7901b499c
com.dimajix.flowman	flowman-spark-extensions	1.0.0-oss-spark3.0-hadoop2.7	-	fb4c90c46199df6d4b4ab43f36854db8e9322eb3
com.dimajix.flowman	flowman-spark-extensions	1.0.0-oss-spark3.0-hadoop3.2	-	6a22bf7a8560a8f66bbdc593eccd557e46fa523c
com.dimajix.flowman	flowman-spark-extensions	1.0.0-oss-spark3.1-hadoop2.7	-	edf8ab5aa3f88289b2ea5956ed0cc42b2c0f3438
com.dimajix.flowman	flowman-spark-extensions	1.0.0-oss-spark3.1-hadoop3.2	-	8ffb673cb64266cdc22e76cb2accd8e81fe3a68f
com.dimajix.flowman	flowman-spark-extensions	1.0.0-oss-spark3.2-hadoop2.7	-	fd2639e2e6032cef2988d031bad36de73199b33c
com.dimajix.flowman	flowman-spark-extensions	1.0.0-oss-spark3.2-hadoop3.3	-	fa9b1a6df694caaf150f2e0efb1e26e0721d9148
com.dimajix.flowman	flowman-spark-extensions	1.0.0-oss-spark3.3-hadoop2.7	-	14f645690a1ddd2919c7623d030db8b29aa34792
com.dimajix.flowman	flowman-spark-extensions	1.0.0-oss-spark3.3-hadoop3.3	-	6ab8157dd08309246da2576d002f91bcbfa7dee3
com.dimajix.flowman	flowman-spark-extensions	1.0.0-synapse3.3-spark3.3-hadoop3.3	-	140f8f581d1f0280ab3d8538bd832978d8d8b908
com.dimajix.flowman	flowman-spark-extensions	1.1.0	-	c8d3920d4a46f322e3a05bdaefa316bb1aacaf67
com.dimajix.flowman	flowman-spark-extensions	1.1.0-cdh6-spark2.4-hadoop3.0	-	b4d433db03ab9867c70e88bc7a1b5f86e3b2d538
com.dimajix.flowman	flowman-spark-extensions	1.1.0-cdp7-spark2.4-hadoop3.1	-	6790f0ef3021176a7251bdb32cfe461b2720e55f
com.dimajix.flowman	flowman-spark-extensions	1.1.0-cdp7-spark3.2-hadoop3.1	-	94d3e9cb320e0b1b4eeeaef25d08ad565e6a11f9
com.dimajix.flowman	flowman-spark-extensions	1.1.0-cdp7-spark3.3-hadoop3.1	-	cb63a4f55c7da957f7f293793a370903cb227ad9
com.dimajix.flowman	flowman-spark-extensions	1.1.0-emr6.12-spark3.4-hadoop3.3	-	7d03242e96ee5fe6a3f9393a6f93044efbb3b862
com.dimajix.flowman	flowman-spark-extensions	1.1.0-oss-spark2.4-hadoop2.6	-	63ba5742e5236b6f170375fea0c467011a81943f
com.dimajix.flowman	flowman-spark-extensions	1.1.0-oss-spark2.4-hadoop2.7	-	0f8cb1c71205f5f39e023e1b41a54d28782e216f
com.dimajix.flowman	flowman-spark-extensions	1.1.0-oss-spark3.0-hadoop2.7	-	890744cb86480f46536cec7ac951fff8433bb79c
com.dimajix.flowman	flowman-spark-extensions	1.1.0-oss-spark3.0-hadoop3.2	-	b3df43cb5a43177312b4cccf653cc4ddeb683381
com.dimajix.flowman	flowman-spark-extensions	1.1.0-oss-spark3.1-hadoop2.7	-	8223ffe5b72f9a7936de341cc3107fe0bab7122a
com.dimajix.flowman	flowman-spark-extensions	1.1.0-oss-spark3.1-hadoop2.7-oss-spark3.1-hadoop2.7-oss-spark3.1-hadoop2.7	-	7237dffc5af51b03f83d2eab6a323f391768a798
com.dimajix.flowman	flowman-spark-extensions	1.1.0-oss-spark3.1-hadoop3.2	-	f2b152813f645facc2bc2a2d784ffa3e0ba962d2
com.dimajix.flowman	flowman-spark-extensions	1.1.0-oss-spark3.2-hadoop2.7	-	e2db3485b462e222f06d2a5ac56ab714148a5221
com.dimajix.flowman	flowman-spark-extensions	1.1.0-oss-spark3.2-hadoop3.3	-	24bbd41e329d09fa25e5ecb82d46d225779daabb
com.dimajix.flowman	flowman-spark-extensions	1.1.0-oss-spark3.3-hadoop2.7	-	7f6ea304f4449642e30feee7ecb3f3027b884482
com.dimajix.flowman	flowman-spark-extensions	1.1.0-oss-spark3.3-hadoop3.3	-	510a4417eea1df0b71129091d5afdd61faef8e04
com.dimajix.flowman	flowman-spark-extensions	1.1.0-oss-spark3.4-hadoop3.3	-	e2082b602a97848620b59af1e7e59ae73a2639b8
com.dimajix.flowman	flowman-spark-extensions	1.1.0-synapse3.3-spark3.3-hadoop3.3	-	a3672df1d3f1cf85464933254cc2d717d2a8595f
com.dimajix.flowman	flowman-spark-extensions	1.2.0	-	ef0a5a33aeebe99a5a98bf2ef5a65d06dd044cac
com.dimajix.flowman	flowman-spark-extensions	1.2.0-cdh6-spark2.4-hadoop3.0	-	0d11396442c6538545b2454016a68a493fb96bf0
com.dimajix.flowman	flowman-spark-extensions	1.2.0-cdp7-spark2.4-hadoop3.1	-	57ed03a50192cdd988ad401b2c5b5f155bd4630d
com.dimajix.flowman	flowman-spark-extensions	1.2.0-cdp7-spark3.2-hadoop3.1	-	0d771ec8a5f01f2617ac20020f92c09e2f3b451e
com.dimajix.flowman	flowman-spark-extensions	1.2.0-cdp7-spark3.3-hadoop3.1	-	18d049ff74de1a1af4453324b9ed861aeb8d9426
com.dimajix.flowman	flowman-spark-extensions	1.2.0-emr6.12-spark3.4-hadoop3.3	-	8fba8fe5c38daa78c583441e98dff8f6f8904ac0
com.dimajix.flowman	flowman-spark-extensions	1.2.0-oss-spark2.4-hadoop2.6	-	e35d2f34ab80ab3b84e94c59fbe853e51f599132
com.dimajix.flowman	flowman-spark-extensions	1.2.0-oss-spark2.4-hadoop2.7	-	fdbeac4f8c30b7f4e9c5c7b6421b0284cd14f9fb
com.dimajix.flowman	flowman-spark-extensions	1.2.0-oss-spark3.0-hadoop2.7	-	243760e83a0d7de940dcdbd98c9e018e3551e5db
com.dimajix.flowman	flowman-spark-extensions	1.2.0-oss-spark3.0-hadoop3.2	-	f9fd3b2b1a2ad304f6528e99eea3122d910ed81f
com.dimajix.flowman	flowman-spark-extensions	1.2.0-oss-spark3.1-hadoop2.7	-	da739a8f956a7c2cfdfc8c32b19e92fc7927c521
com.dimajix.flowman	flowman-spark-extensions	1.2.0-oss-spark3.1-hadoop3.2	-	5be43e2f593269eaf83586147d7a4458882ceefd
com.dimajix.flowman	flowman-spark-extensions	1.2.0-oss-spark3.2-hadoop2.7	-	a1a7bf19db8bd780d378194bf839c9373b4e552e
com.dimajix.flowman	flowman-spark-extensions	1.2.0-oss-spark3.2-hadoop3.3	-	e8d759d8b2c38e8264ed2fe6995fde0a76a34405
com.dimajix.flowman	flowman-spark-extensions	1.2.0-oss-spark3.3-hadoop2.7	-	a3e2efc8e6261c3c5e8034b2d9af51960d852330
com.dimajix.flowman	flowman-spark-extensions	1.2.0-oss-spark3.3-hadoop3.3	-	d9db4b424a1fe986c6267ba435799d27029a8b73
com.dimajix.flowman	flowman-spark-extensions	1.2.0-oss-spark3.4-hadoop3.3	-	c6ff9c582eda158b70fde2a75d2acbb01ac9f6a1
com.dimajix.flowman	flowman-spark-extensions	1.2.0-oss-spark3.5-hadoop3.3	-	9f2447b4c4baecc399b28107bc093bc7dc88f46a
com.dimajix.flowman	flowman-spark-extensions	1.2.0-synapse3.3-spark3.3-hadoop3.3	-	d0cb56bce9088bfab3342e5772671895ffabe45c
com.git-floater	Kommand-jvm	0.0.1	-	cddc5044c7f03e77d1f78bca997e60ba24c64f8e
com.git-floater	Kommand-jvm	0.1.1	-	25ae177600033040036996f0f40f72557e5f1130
com.github.atomashpolskiy	bt-core	1.0	-	3111c00ae00c2222bd72ddb85ca2c8ada49db944
com.github.atomashpolskiy	bt-core	1.1	-	7f07ba2d13d375abb8155fae773e15f515d45d58
com.github.atomashpolskiy	bt-core	1.10	-	e54434338dfeaa45bff64839a0bd9c65601748f3
com.github.atomashpolskiy	bt-core	1.2	-	ef84b920069461b83f839e11ef175a1830cc765c
com.github.atomashpolskiy	bt-core	1.3	-	9b58d5f81e832cb784aff29b2b1a786f20b13751
com.github.atomashpolskiy	bt-core	1.3.1	-	17bb03da7a69390a8931bdf156903f01e7d6f8c5
com.github.atomashpolskiy	bt-core	1.4	-	9cf240c7c1cfafd55a90123ea2a66951ff7048e1
com.github.atomashpolskiy	bt-core	1.4.1	-	740675bbe53e38ffdf0dd0cfaba8f8e1797b38e9
com.github.atomashpolskiy	bt-core	1.5	-	d92b288e8ddc5cceff6ba17098f762f987c39462
com.github.atomashpolskiy	bt-core	1.6	-	ad77454ea65d4b1ce55b98b005891402368cb318
com.github.atomashpolskiy	bt-core	1.7	-	eae8de585db804f438e814d53e1b31091a65b135
com.github.atomashpolskiy	bt-core	1.8	-	8d27763c7365e9a26784d2f81b07ec809b5bd2a7
com.github.atomashpolskiy	bt-core	1.9	-	5184890baab488c670a0fcb4bc8500a8d824948f
com.github.claremontqualitymanagement	ParallelJUnit	1.0.2	-	cea6d6b90499f64f293137e113d2aecb3a38451f
com.github.j5ik2o	reactive-aws-s3-core_2.12	1.1.0	-	c003ae4ccca45f0c9154e03d3678da0ee07768b4
com.github.j5ik2o	reactive-aws-s3-core_2.12	1.1.1	-	c3fb0cd1e01e64742ee81228d5a79091897a0116
com.github.j5ik2o	reactive-aws-s3-core_2.12	1.1.3	-	74ed85f1ea5b8721bc9ba5a64667b88ac61ae6ea
com.github.j5ik2o	reactive-aws-s3-core_2.12	1.1.4	-	5be8d67251ecfb00369e32dc883892c2237149dd
com.github.j5ik2o	reactive-aws-s3-core_2.12	1.1.5	-	0d03f86cb0338ef31f17f6f19f599f2d9ceb7b6f
com.github.j5ik2o	reactive-aws-s3-core_2.12	1.1.6	-	61cad8c35bea70705ac8e11ea1543c22a6dda0fd
com.github.j5ik2o	reactive-aws-s3-core_2.12	1.1.7	-	198b9392272886cabc35d38ce6edb51cbfdf84fc
com.github.j5ik2o	reactive-aws-s3-core_2.12	1.1.8	-	d0e199b4b15cfcb0d000f788cab73fda0fd31d6e
com.github.j5ik2o	reactive-aws-s3-core_2.12	1.2.0	-	4651cc6a666d117356cbd78aa910fef81ab8d414
com.github.j5ik2o	reactive-aws-s3-core_2.12	1.2.1	-	4340d4e78f50704e28c954a9d99920c6d5bbadb1
com.github.j5ik2o	reactive-aws-s3-core_2.12	1.2.3	-	3cbe19967b86299bbd1ae15bd082078600291f29
com.github.j5ik2o	reactive-aws-s3-core_2.12	1.2.6	-	dd57fbc84ced3a784918a37d2e0de7f935989e63
com.github.judoole	monitorino	0.1	-	562d5d98d29fac090d69ce1c19a06dc3aa95e67b
com.github.virusdave	zio-macros_2.13	1.0.5b	-	a193fbcaac505db491ed07e9bbcc474d3683bb32
com.google.api.grpc	grpc-google-cloud-alloydb-v1alpha	0.1.0	-	c5f787dde54655cc31c29afa0310ab06441777a9
com.google.api.grpc	grpc-google-cloud-alloydb-v1alpha	0.10.0	-	b1e04780740b6ab79ef8ffc07b3c2acfe7971fab
com.google.api.grpc	grpc-google-cloud-alloydb-v1alpha	0.11.0	-	4ce0fa62e356b3171287df85b8aea7507358031e
com.google.api.grpc	grpc-google-cloud-alloydb-v1alpha	0.12.0	-	e4484e4964a44d56e7db8d973aeda132f248ec98
com.google.api.grpc	grpc-google-cloud-alloydb-v1alpha	0.13.0	-	1dc8d391f0ab579a715cf3c33ceaf1876866cf99
com.google.api.grpc	grpc-google-cloud-alloydb-v1alpha	0.16.0	-	9df88c57aebb68617742f3b2098407b2255c224a
com.google.api.grpc	grpc-google-cloud-alloydb-v1alpha	0.17.0	-	7aece825a78cf70b0be24f86e69c51022439ed59
com.google.api.grpc	grpc-google-cloud-alloydb-v1alpha	0.18.0	-	b0f2fae1914e397e22fed45891335000ed8a0473
com.google.api.grpc	grpc-google-cloud-alloydb-v1alpha	0.19.0	-	5492f4f8bf6f3c2a6b8f867df9696183cca88c5a
com.google.api.grpc	grpc-google-cloud-alloydb-v1alpha	0.2.0	-	91c9adbfa595c7adf73cfe9a55a400e7dca5d7fd
com.google.api.grpc	grpc-google-cloud-alloydb-v1alpha	0.20.0	-	6429175dfb15698a5099f122a0d2a3a1eea31860
com.google.api.grpc	grpc-google-cloud-alloydb-v1alpha	0.21.0	-	3eb184fbbd0fdd025ca62de8c05586fb568c2160
com.google.api.grpc	grpc-google-cloud-alloydb-v1alpha	0.22.0	-	551195eac08d2337dfd1091742f4c93fffbeb8f5
com.google.api.grpc	grpc-google-cloud-alloydb-v1alpha	0.23.0	-	804d339fa7fed88d5c2a24fa6687d6dc01ae584d
com.google.api.grpc	grpc-google-cloud-alloydb-v1alpha	0.24.0	-	1a821ea147509aa3894cdba4ae621b9bd5b75bdd
com.google.api.grpc	grpc-google-cloud-alloydb-v1alpha	0.25.0	-	1cc267dee4fc2a9434d0904d2cf64a04396f2673
com.google.api.grpc	grpc-google-cloud-alloydb-v1alpha	0.26.0	-	d79716e1a1287cfa1b6bd099ceff71e28da4168c
com.google.api.grpc	grpc-google-cloud-alloydb-v1alpha	0.27.0	-	92b3c48db986350f8795c69942871e116b661b50
com.google.api.grpc	grpc-google-cloud-alloydb-v1alpha	0.28.0	-	38752e5cd7c486177fdb00aa3bed03daaacbe6f1
com.google.api.grpc	grpc-google-cloud-alloydb-v1alpha	0.29.0	-	53796cb78093e643a45bd20e72e6e937e3391d22
com.google.api.grpc	grpc-google-cloud-alloydb-v1alpha	0.3.0	-	30b50914ce7e8b8054ca18d506a33e384a44bf57
com.google.api.grpc	grpc-google-cloud-alloydb-v1alpha	0.30.0	-	1498538b334b36b2a59a8f53965459e867b9a7d9
com.google.api.grpc	grpc-google-cloud-alloydb-v1alpha	0.31.0	-	7834a550f8b214983a3ad252b6a26422d85ba402
com.google.api.grpc	grpc-google-cloud-alloydb-v1alpha	0.32.0	-	0183f4a86dd6a6cab1acb06e6f846fcc37cd5eb6
com.google.api.grpc	grpc-google-cloud-alloydb-v1alpha	0.33.0	-	3f5e82565d32bd66a71a0b8d881a47b452e0fb8c
com.google.api.grpc	grpc-google-cloud-alloydb-v1alpha	0.34.0	-	79edf3d24cb0108c38d9a82eb0fb1b148cc13626
com.google.api.grpc	grpc-google-cloud-alloydb-v1alpha	0.35.0	-	98fa9da79ae30f4aee6ced5bfe577698734d8246
com.google.api.grpc	grpc-google-cloud-alloydb-v1alpha	0.36.0	-	cb3c4aa4c5f69184a5d57c0540e05d575b546001
com.google.api.grpc	grpc-google-cloud-alloydb-v1alpha	0.37.0	-	88c6ee9c880ac143fe34c9fdaf1efeb089002d01
com.google.api.grpc	grpc-google-cloud-alloydb-v1alpha	0.38.0	-	e79bee704a165f5138921409a1d72716b4ec88ff
com.google.api.grpc	grpc-google-cloud-alloydb-v1alpha	0.4.0	-	62479f3835aa95a933b2af84869dd5ccf2ed4346
com.google.api.grpc	grpc-google-cloud-alloydb-v1alpha	0.40.0	-	5830b3ca00992d845c6fd9de68a3851545544c8a
com.google.api.grpc	grpc-google-cloud-alloydb-v1alpha	0.41.0	-	de43078bb802f11df466e04f4519af391a172ade
com.google.api.grpc	grpc-google-cloud-alloydb-v1alpha	0.42.0	-	c839ff80ff790406e2b4260751f706b21a14df24
com.google.api.grpc	grpc-google-cloud-alloydb-v1alpha	0.43.0	-	57daa7e4f6d3a15f80fd5d9dde1da528622b1775
com.google.api.grpc	grpc-google-cloud-alloydb-v1alpha	0.44.0	-	90fee6bcbf356e7bc5fd5a3b0377d8edc4db3d33
com.google.api.grpc	grpc-google-cloud-alloydb-v1alpha	0.45.0	-	1cb2507df5fa8826718dde8765a41b802e5c8417
com.google.api.grpc	grpc-google-cloud-alloydb-v1alpha	0.46.0	-	c9639fbf054baf5fc2b13f94e6556c424029fc34
com.google.api.grpc	grpc-google-cloud-alloydb-v1alpha	0.47.0	-	7204bda1823edbc3f45dae4dc4e03781a10609e5
com.google.api.grpc	grpc-google-cloud-alloydb-v1alpha	0.48.0	-	10a79c141cb6c1fc5b8dbc00086a9737d517b4cb
com.google.api.grpc	grpc-google-cloud-alloydb-v1alpha	0.49.0	-	156783462ddd09c96bb1ee732c37a43fdf92e96f
com.google.api.grpc	grpc-google-cloud-alloydb-v1alpha	0.5.0	-	3f4ab3659e704986540fd9198ae344aab05cfb95
com.google.api.grpc	grpc-google-cloud-alloydb-v1alpha	0.50.0	-	7f53a0f53e5182bfa88b656694fc22c76f5519e3
com.google.api.grpc	grpc-google-cloud-alloydb-v1alpha	0.51.0	-	d1e0a43e5bd98d9a5cccc4cc66e75652548a89fc
com.google.api.grpc	grpc-google-cloud-alloydb-v1alpha	0.6.0	-	6ecdf7b22d1fad3aa5ceba96eedc220cd8cdba96
com.google.api.grpc	grpc-google-cloud-alloydb-v1alpha	0.7.0	-	37de6f88cca79f661831ce622a8a35053718cece
com.google.api.grpc	grpc-google-cloud-alloydb-v1alpha	0.8.0	-	bd97cd9ee8c4a80ff3eb004024ba30c7786e4d2a
com.google.api.grpc	grpc-google-cloud-alloydb-v1alpha	0.9.0	-	93edb97497dc6d668753a2c51a087c73d91a6ee7
com.madgag	use-newer-java_2.12	1.0.0	-	5ecd7b8a6e9760d8c8fb5a5fbc35c25d53bd800a
com.madgag	use-newer-java_2.12	1.0.1	-	dea821372cb34fcb33938f8d661fbc6dd4a32155
com.madgag	use-newer-java_2.12	1.0.1-PREVIEW.try-to-compile-with-older-version-of-java.2025-01-17T2233.e5d40666	-	651712f97fadddb0b5ecb6e3cd3aa774948ff55a
com.madgag	use-newer-java_2.12	1.0.2-PREVIEW.see-if-sbt-version-policy-works-with-a-simple-java-project.2025-01-17T2314.48e6c2dd	-	0fa2b6551fda76699533fb38af0cd9d21f45921b
com.madgag	use-newer-java_2.12	1.0.2-PREVIEW.see-if-sbt-version-policy-works-with-a-simple-java-project.2025-01-17T2321.c23226bc	-	4fad2226b3144222c1e1e9c72769bb57b4c4901d
com.markgrand	cryptoshuffle	0.4	-	1b7de96bd1170914245e3b8274049452772d64be
com.markgrand	cryptoshuffle	0.4.1	-	73baee2c7c1e17add7dc2787f70ad774ef8d7894
com.markgrand	cryptoshuffle	0.5	-	3e974f488c1164cc813336898857165b8f7b4661
com.markgrand	cryptoshuffle	0.6	-	2b504495ca5d3224d9894de632ce98533d42ab9a
com.nbsaas.boot	quartz-front	1.0.1-2024	-	a63491634aa26512b08d2ea7fd621d92d92e1339
com.netcetera.girders	girders-logging	5.0.18	-	7a5eb1b06fc649ba9ea348c50983e1248e580620
com.netcetera.girders	girders-logging	5.0.19	-	be296df57e0497c959d3988fa350d416506b0a73
com.netcetera.girders	girders-logging	5.0.20	-	1662e10b0612528e8b446003bd687662c4604d6e
com.netcetera.girders	girders-logging	5.0.21	-	bc1ca107438a3133011684a16db1943afee4a4d2
com.netcetera.girders	girders-logging	5.0.22	-	00ac79653c261b3c52872ac55afe79d5b0e28208
com.netcetera.girders	girders-logging	5.0.23	-	0366e243f0d8cb2e2b99ab8d41af73ca8820d1a7
com.netcetera.girders	girders-logging	5.1.0	-	6db2be31adc1231dceae1d8acbbe16889c141135
com.netcetera.girders	girders-logging	6.0.0	-	ae13f44ed5327cc84bc4efd5d16a31dc30988ce3
com.netcetera.girders	girders-logging	6.0.0-M2	-	50f63acedf553c7d8d0e3e0790841c17ce542f51
com.netcetera.girders	girders-logging	6.0.0-M3	-	55288c01c6ec6484aa20effc871d5c5bd8b1c50e
com.netcetera.girders	girders-logging	6.0.0-RC1	-	cf27f4d58efafa18359cdd47ba668914ed300dc8
com.netcetera.girders	girders-logging	6.0.0-RC3	-	bd21e3b919433404ed86dcfa997c4a0e73a1454e
com.netcetera.girders	girders-logging	6.1.0	-	bbbdadbf0c6a45476371e1b2067a7d82924dbf00
com.netcetera.girders	girders-logging	6.2.0	-	008915c00e474d70f4545c0b2b8df2222055b4a8
com.netcetera.girders	girders-logging	6.2.1	-	a14239d0bcb430d560e27719fcdf5a22650fb097
com.netcetera.girders	girders-logging	6.2.2	-	40414092b59445d193ba0d8e63d9668c3c948e5a
com.netcetera.girders	girders-logging	6.3.0	-	826ec5cc080a838f9e12b30c6235011170bb9902
com.netcetera.girders	girders-logging	6.4.0	-	2939220637c4b4bb0a83869ed21cd3e67dd71ae5
com.netcetera.girders	girders-logging	6.5.0	-	5784c70e8600eb24059bf737de5909a0232d184a
com.softwaremill.sttp.model	core_native0.5_3	1.7.10	-	6faddb379050e645646c47ded681bb42f40104ae
com.softwaremill.sttp.model	core_native0.5_3	1.7.11	-	4c07d6f70f804cdfdd867084670dda117069a5c4
com.softwaremill.sttp.model	core_native0.5_3	1.7.12	-	196578cf7a1be671566722acfd1b01dbc36eb697
com.softwaremill.sttp.model	core_native0.5_3	1.7.13	-	2c8d8ec3a57e18a1baf24835de1f6c64141d6760
com.squareup.mortar	mortar-sample	0.10	-	c18108421ca7ee440c4e3d5fe1811f7952a2f671
com.squareup.mortar	mortar-sample	0.11	-	c8af9e497a527f8fe39f8105925dc598b441fca7
com.squareup.mortar	mortar-sample	0.12	-	6f96c1d1e2fff1aa9d809b2689bb58f9721d52f6
com.squareup.mortar	mortar-sample	0.13	-	836c912e58ddb1a505eb7ca0887b1bffc2f41d65
com.squareup.mortar	mortar-sample	0.14	-	dba62d11923c443e360d439ff96e57bf0ba976e3
com.squareup.mortar	mortar-sample	0.15	-	7a4f3ac3cb42005e904718139016345fe81d5cd6
com.squareup.mortar	mortar-sample	0.16	-	b916cabd17170e138e16863d0f8c216fad607d21
com.squareup.mortar	mortar-sample	0.17	-	37c96a82ebe13cb451c40278183e7fa0ca3e7f5b
com.squareup.mortar	mortar-sample	0.2	-	c5129b7cc6ffb25607554b580c86f245b90e69e7
com.squareup.mortar	mortar-sample	0.5	-	14c46e5a2e74220f03d369bda55eacd5c99635d2
com.squareup.mortar	mortar-sample	0.6	-	059d0b259373ca42f03513bece78914d17d25576
com.squareup.mortar	mortar-sample	0.7	-	f7b6642a6758121fbe627366bd4e6289cc144df1
com.squareup.mortar	mortar-sample	0.8	-	49de5b5f2552ffbf78ead1e266c8df022e871902
com.squareup.mortar	mortar-sample	0.9	-	05d55d8639e9d3c5dd46c606beec8b11ec7ce191
com.thoughtworks.deeplearning	differentiableany_2.12	1.0.0	-	0ed20150c7645edfae788838af24d380d0728b93
com.thoughtworks.deeplearning	differentiableany_2.12	1.0.0-RC10	-	3845000626b281e8b091b45224f06694d49afac0
com.thoughtworks.deeplearning	differentiableany_2.12	1.0.0-RC11	-	2c8fa7680185c2a4bf67073b41b2ed12b64ca18f
com.thoughtworks.deeplearning	differentiableany_2.12	1.0.0-RC3	-	980e67fc6f1a2f264ae451809c8d26f0b836270e
com.thoughtworks.deeplearning	differentiableany_2.12	1.0.0-RC4	-	cde853a9fd89c806f7f7aaa262a3449c44e74e05
com.thoughtworks.deeplearning	differentiableany_2.12	1.0.0-RC5	-	1405528c10a906e256cfcd3194bb59a009de9313
com.thoughtworks.deeplearning	differentiableany_2.12	1.0.0-RC6	-	7b6da4cab31bca38c94ec6f91b76a3aea8572ff9
com.thoughtworks.deeplearning	differentiableany_2.12	1.0.0-RC7	-	e354fc5e353c8217d42726664fcaf2c515cfc8ba
com.thoughtworks.deeplearning	differentiableany_2.12	1.0.0-RC8	-	ffabe5acfe27dff332e3c51eb6e6e4c838f11822
com.truward.orion	eolaire-model	1.0.0	-	0f8b8737995e558902f0cdbdc01c102561f31806
com.truward.orion	eolaire-model	1.0.1	-	08141478e935c57c9717b10768a3b2338a0d4a02
com.truward.orion	eolaire-model	1.0.2	-	fa80b746778ea3111f905939963a3dcda66d6b58
com.typesafe.akka	akka-http-caching_2.13	10.1.10	-	8c49ffc20c8f0763b4c694ed8bb0f957b96ab21d
com.typesafe.akka	akka-http-caching_2.13	10.1.11	-	d781accbc477f278b7cd95fb91cca7d4041d6b50
com.typesafe.akka	akka-http-caching_2.13	10.1.12	-	2362423c299af50b9971e8e0f8466cfef1a6fd9d
com.typesafe.akka	akka-http-caching_2.13	10.1.13	-	595178650cba7ca77dfeba332e9301eca6d1a62e
com.typesafe.akka	akka-http-caching_2.13	10.1.14	-	562ed51e294c2d0d67e5b406c2b0be4703522191
com.typesafe.akka	akka-http-caching_2.13	10.1.15	-	aaa3bf1d8c5c215ac4ec8cf9ba7bcc340615e719
com.typesafe.akka	akka-http-caching_2.13	10.1.8	-	496dfde13bbe5fda98e7c2525918c8d0046f0564
com.typesafe.akka	akka-http-caching_2.13	10.1.9	-	5ab0c2d591ba084b976736da74e468e1af9ab1fe
com.typesafe.akka	akka-http-caching_2.13	10.2.0	-	23b119e79d60e7c3e5668165413ce2a2aaf15f51
com.typesafe.akka	akka-http-caching_2.13	10.2.0-M1	-	d8034cf9fe9f19d72fdc7c83ce8dc39499d48875
com.typesafe.akka	akka-http-caching_2.13	10.2.0-RC1	-	534df64dca6b9a3639c48ccd7463c832a5ea9b90
com.typesafe.akka	akka-http-caching_2.13	10.2.0-RC2	-	ef79b1822cd662d7715bf3c62030d880b8d1f9b3
com.typesafe.akka	akka-http-caching_2.13	10.2.1	-	b0f71b96ba72ae017eaaa9731b5b3348fd56dc16
com.typesafe.akka	akka-http-caching_2.13	10.2.10	-	19d121a4fa2f9c10aabb572030f5cdcffa40f995
com.typesafe.akka	akka-http-caching_2.13	10.2.2	-	06d29cc7ed0945e6f431dd34e82afba09fbfe646
com.typesafe.akka	akka-http-caching_2.13	10.2.3	-	b9259f70c6f20f103056b0420cc381fdb01a1a91
com.typesafe.akka	akka-http-caching_2.13	10.2.4	-	657b4bda885ee4905df8016a6c38f0213e91247f
com.typesafe.akka	akka-http-caching_2.13	10.2.5	-	569cbbc9ccb3fd15bbae8c7ab8e98fd962a19a7a
com.typesafe.akka	akka-http-caching_2.13	10.2.5-M1	-	08dbd8a36d9b0c6d72eb16063c3796f6f18d0ee1
com.typesafe.akka	akka-http-caching_2.13	10.2.5-M2	-	2bc4574e428c697838993ec6c092b6703948beca
com.typesafe.akka	akka-http-caching_2.13	10.2.6	-	c4af1762a8b0e78c12e75d544f265f4a7f4df061
com.typesafe.akka	akka-http-caching_2.13	10.2.7	-	b5021e6aaa6aaec456f1e9a56de4b53848ff45a3
com.typesafe.akka	akka-http-caching_2.13	10.2.8	-	bd37eb975e285a8eacbcf2992a42281ddd2238f4
com.typesafe.akka	akka-http-caching_2.13	10.2.9	-	3d14603526327e8687633eaa747dcb142488642a
com.typesafe.akka	akka-http-caching_2.13	10.4.0	-	4752dfc76348d16c1be2622e25fd6054635b5870
com.typesafe.akka	akka-http-caching_2.13	10.4.0-M1	-	1e5b26b12a755c5366813a7d256730eaef0a2bf4
com.typesafe.akka	akka-http-caching_2.13	10.4.0-M2	-	6fbcb932719d4279c0fbff3286bf7a627db412aa
com.typesafe.akka	akka-http-caching_2.13	10.5.0	-	a572f2bf993ec9d3fb8c256b6432770962eddd51
com.typesafe.akka	akka-http-caching_2.13	10.5.0-M1	-	0ef61150f73e3a47f0552d849822dbfeea8adc4b
com.typesafe.akka	akka-http-caching_2.13	10.5.1	-	ba2d13e7b456a1915d2522654e6c2e7e4c03f2fa
com.typesafe.akka	akka-http-caching_2.13	10.5.2	-	e118ac5f1afc9fb69b9bb3be0954905cc4c97bc1
com.typesafe.akka	akka-http-caching_2.13	10.5.3	-	6bc454ec5a2a568b31b9508bc3a040662a052a6e
com.typesafe.akka	akka-http-caching_2.13	10.6.0-M1	-	f1bda2c3a562a5730fd98f7dfb8ff7bb19a20a11
data.com.davegurnell	bridges_2.12	0.12.0	-	50dd8aefd397a58016177a066f20310de6853be6
data.com.davegurnell	bridges_2.12	0.12.1	-	13c507ca91e8e2dff63716c68c6b3b94ab72d9e3
data.com.davegurnell	bridges_2.12	0.13.0	-	c0bc614eeedb82f82137f917cd187916970dd3c9
data.com.davegurnell	bridges_2.12	0.14.0	-	7a2b736a378131d40cf8b68776e9ff3d59923cd2
data.com.davegurnell	bridges_2.12	0.14.1	-	5e0cd8d65df1ef3a738e4ae12e1b1367ff8f190a
data.com.davegurnell	bridges_2.12	0.15.0	-	f9bad32f7429a552cc0e531992669ec2dae71bd3
data.com.davegurnell	bridges_2.12	0.15.1	-	823e43cc7ef6c2a1e50d1f44d9e8556d8f26e284
data.com.davegurnell	bridges_2.12	0.16.0	-	c329e7eb5957e4f622c70d50e658c33e0ddc052b
data.com.davegurnell	bridges_2.12	0.16.1	-	0153c935a723ece3d0b447db0732aa40b4473189
data.com.farao-community.farao	farao-flow-decomposition-afs-local	1.0.0	-	e8b2bd825b1356ec7c8218016ea1cb8cdb91c067
data.com.farao-community.farao	farao-flow-decomposition-afs-local	1.0.1	-	fc38e637e30cff3310161b1eea9a223915495a33
data.com.github.tsingjyujing	geo-library	2.8.9-2.10	-	c1b90b5cff7354e0290e42524246f92100e0fb9f
data.com.github.tsingjyujing	geo-library	2.8.9-2.11	-	53557741418137e70c9cbf2c11b2538eef2ccb12
data.com.jashmore	java-dynamic-sqs-listener-spring-integration-test-example	0.0.4	-	e9b172292e4e745d9d69ffd16fb0700b2afa095a
data.com.jashmore	java-dynamic-sqs-listener-spring-integration-test-example	0.0.5	-	66e867556af0093c3c0512d3275781767178defb
data.com.jashmore	java-dynamic-sqs-listener-spring-integration-test-example	1.0.0	-	996ac054690c65a50e68a7a65c168faefb6a1d84
data.com.jashmore	java-dynamic-sqs-listener-spring-integration-test-example	1.1.0	-	e7b74630196c8a577ec78264cf7216d5362f6bc7
data.com.jashmore	java-dynamic-sqs-listener-spring-integration-test-example	2.0.0	-	2efdbc02a3ced1b93d5eb98fc81af6450a129ca0
data.com.jashmore	java-dynamic-sqs-listener-spring-integration-test-example	2.1.0	-	88995bd051fb3a61565da776bfb5a2fdef0ee72f
data.com.jashmore	java-dynamic-sqs-listener-spring-integration-test-example	2.2.0	-	049759710af9d92eaeac8de8be778383425f0ec4
data.com.jashmore	java-dynamic-sqs-listener-spring-integration-test-example	2.3.0	-	5f62e43b29fda012ed055b7a1ad011d7b79ce6d0
data.com.jashmore	java-dynamic-sqs-listener-spring-integration-test-example	3.0.0-M1	-	58381ea1a62c70a24803dcb766bd313326afdaa1
data.com.jashmore	java-dynamic-sqs-listener-spring-integration-test-example	3.0.0-M2	-	3ece21b4851bb7f39e696f15fb6bbe81576ec091
data.com.liferay	com.liferay.portal.security.audit.storage.api	2.0.3	-	cbb71ea012051e57217364318c879c503cde9e74
data.com.liferay	com.liferay.portal.security.audit.storage.api	2.0.3	2.0.3-sources-commercial	c18ba2e6f43de2058ce20629687d65f18c976356
data.com.liferay	com.liferay.portal.security.audit.storage.api	2.0.4	-	5e235ed5fdc1ffd843554b7d90b28ccee95402da
data.com.liferay	com.liferay.portal.security.audit.storage.api	2.0.4	2.0.4-sources-commercial	ba794bd2a1feba4362e37ac3404ee39ca113e8fb
data.com.liferay	com.liferay.portal.security.audit.storage.api	2.0.5	-	3c2cd77bb0a4e3a36f89d75410f14cd167695fd3
data.com.liferay	com.liferay.portal.security.audit.storage.api	2.0.5	2.0.5-sources-commercial	bc179ede2e20a7987c48d9d9f7cf429f137cd6b7
data.com.liferay	com.liferay.portal.security.audit.storage.api	2.0.6	-	d56f16f9e9b143627094f07ca3abebdce6cbc0c2
data.com.liferay	com.liferay.portal.security.audit.storage.api	2.0.6	2.0.6-sources-commercial	e1aab9c6ae2d35d2c01c4b3aa4b3ab16eddc10e8
data.com.liferay	com.liferay.portal.security.audit.storage.api	3.0.4	-	f830d891f76ff49d74cf3451ee60733ea40ce002
data.com.liferay	com.liferay.portal.security.audit.storage.api	3.0.4	3.0.4-sources-commercial	090a80308ffc39688f77b72a651b678726fb7449
data.com.liferay	com.liferay.portal.security.audit.storage.api	3.0.5	-	638cd915782d72793b9ddf4686e8d3887ee81729
data.com.liferay	com.liferay.portal.security.audit.storage.api	3.0.5	3.0.5-sources-commercial	b0b9d9c9cb604a0a7fd40eec320bfe036e456e7e
data.com.liferay	com.liferay.portal.security.audit.storage.api	3.0.6	-	b06d1f35719e775b46e1faff847dadeb59eaec28
data.com.liferay	com.liferay.portal.security.audit.storage.api	3.0.6	3.0.6-sources-commercial	ae5282c9e47a5b43bd17e99dfd92fc5d80d30aa9
data.com.liferay	com.liferay.portal.security.audit.storage.api	4.0.0	-	8767326833abd0b08bd34ce2b8f8cb35d30e89da
data.com.liferay	com.liferay.portal.security.audit.storage.api	4.0.0	4.0.0-sources-commercial	b0a662f00068b93df2e268beb0ea0c535f371ef2
data.com.liferay	com.liferay.portal.security.audit.storage.api	4.0.1	-	d8604ef2ac175821f426a8f773f29a9c19a98d3e
data.com.liferay	com.liferay.portal.security.audit.storage.api	4.0.1	4.0.1-sources-commercial	3fad5c971776cf4ccfdc8e753b43d8e95c499f4a
data.com.liferay	com.liferay.portal.security.audit.storage.api	4.0.2	-	9d8e0131ae2eda32ada626a9d332b2caacd796df
data.com.liferay	com.liferay.portal.security.audit.storage.api	4.0.2	4.0.2-sources-commercial	f4d36aaf2cb8d6b133c46c56741fc51d2cca5f5c
data.com.strapdata.elasticsearch.plugin	analysis-kuromoji	6.2.3.11	-	8b51ab7d448bbb2100f7537a4881fda0339d5ad1
data.com.strapdata.elasticsearch.plugin	analysis-kuromoji	6.2.3.12	-	39935c41c0015a8cf607b5493a41fedbd7746d40
data.com.strapdata.elasticsearch.plugin	analysis-kuromoji	6.2.3.14	-	416d909ea67a4d9d47e94ddb85870321f7cf0494
data.com.strapdata.elasticsearch.plugin	analysis-kuromoji	6.2.3.15	-	05d40b5888029c4a868fd35d46f0717e8bf3a740
data.com.strapdata.elasticsearch.plugin	analysis-kuromoji	6.2.3.16	-	f5c25fb0cdb9163728f9643d2be499798cec4a27
data.com.strapdata.elasticsearch.plugin	analysis-kuromoji	6.2.3.17	-	4bb73f83202aea7fb553522aa15136c303a92a08
data.io.github.moacchain	moac	0.1.0	-	a29e08e685d81c8a49d051a59e57e1703f668cac
data.io.thorntail	tools	2.3.0.Final	-	e3a5cf4c908e13332405e757c86da49e7134c834
data.io.thorntail	tools	2.4.0.Final	-	3f0be9fcaaefb44a4c3f09bd2b375a31a18df94b
data.net.dreamlu	mica-launcher	0.0.1-RC1	-	bdedbf8fe8af4ad8330a1763a398540c772b7893
data.net.dreamlu	mica-launcher	0.0.1-RC2	-	6ce393bd3110189c0a091b7fde1b65103ad80ee5
data.net.dreamlu	mica-launcher	0.0.1-RC3	-	15dd068cc5c04605521fac9950d7b57cb0759eaf
data.net.dreamlu	mica-launcher	0.0.1-RC4	-	73131532418205c95d121b710ec747eca49788db
data.net.dreamlu	mica-launcher	1.0.0	-	b3dd7ce25d170bd7e52cfc97415dbca20ff7afb4
data.net.dreamlu	mica-launcher	1.0.1	-	307cecda41bc0ac179f86db94f6ee953f1bdc1be
data.net.dreamlu	mica-launcher	1.1.0	-	54089eef9197d3ef615835dae5660ffc40a77f99
data.net.dreamlu	mica-launcher	1.1.1	-	86bb3e483091b07834846609a857c665dec4c913
data.net.dreamlu	mica-launcher	1.1.2	-	14e3bba93895ada1f33b642e43074d5c79ad287d
data.net.dreamlu	mica-launcher	1.1.3	-	f904c2894bf247ce7230e4d377723362704685ff
data.net.dreamlu	mica-launcher	1.1.4	-	fa1c3ba601a67c30c922dce44f788000fe3fe403
data.org.eclipse.jgit	org.eclipse.jgit.pgm	4.11.6.201812241910-r	-	5f9785f2727a57aef3266a26fd4750b1a322a2aa
data.org.eclipse.jgit	org.eclipse.jgit.pgm	4.11.7.201903122105-r	-	487cf937b7f1a0b77d7ccbca938319ede419f825
data.org.eclipse.jgit	org.eclipse.jgit.pgm	4.11.8.201904181247-r	-	d7e156131cfc6b3bda3e30ca97534074dc0a6b9c
data.org.eclipse.jgit	org.eclipse.jgit.pgm	4.5.5.201812240535-r	-	f9814e387d3cb7e9720b49b90b68d62d5759bff2
data.org.eclipse.jgit	org.eclipse.jgit.pgm	4.5.6.201903121547-r	-	0256380e4bb9cb16b165e17ff72a87523eaf7d5f
data.org.eclipse.jgit	org.eclipse.jgit.pgm	4.5.7.201904151645-r	-	334e108a537d808cd3142bfb7e36fde542a12e3d
data.org.eclipse.jgit	org.eclipse.jgit.pgm	4.7.7.201812240805-r	-	b2f2dcb0366b6db67fa30e8a6b9f05b3d91e9024
data.org.eclipse.jgit	org.eclipse.jgit.pgm	4.7.8.201903121755-r	-	4eefbdedd855e3e199f847fe4bde28b389426e51
data.org.eclipse.jgit	org.eclipse.jgit.pgm	4.7.9.201904161809-r	-	87f89eb243b6d918837d5e392c36bb55c485e199
data.org.eclipse.jgit	org.eclipse.jgit.pgm	4.9.10.201904181027-r	-	a95757f6ff65dd475f692ff0eab02c85ee68393a
data.org.eclipse.jgit	org.eclipse.jgit.pgm	4.9.8.201812241815-r	-	2c889733516d3922f8bb1f0464aaf2ac3d1e465e
data.org.eclipse.jgit	org.eclipse.jgit.pgm	4.9.9.201903122025-r	-	1766dacba9c8d5a884c588c9869d3977bdfeb086
data.org.eclipse.jgit	org.eclipse.jgit.pgm	5.1.5.201812261915-r	-	5d41f11747c4f7510fa30b1c86ab083aa5db503f
data.org.eclipse.jgit	org.eclipse.jgit.pgm	5.1.6.201903130242-r	-	2c5e51ccd657e99537f9adcfd7192be3b740b941
data.org.eclipse.jgit	org.eclipse.jgit.pgm	5.1.7.201904200442-r	-	07bdc5cb121e62639e6a969d9b1fee25e48e68c9
data.org.eclipse.jgit	org.eclipse.jgit.pgm	5.1.8.201906050907-r	-	e769daf1b24bd86705e60a2129228cbe6ba440af
data.org.eclipse.jgit	org.eclipse.jgit.pgm	5.2.1.201812262042-r	-	1c4cfc6e398d3d32534908b347c821479c83a8f6
data.org.eclipse.jgit	org.eclipse.jgit.pgm	5.2.2.201904231744-r	-	aa75309fe7243029397b6b05db0735652b12c98e
data.org.eclipse.jgit	org.eclipse.jgit.pgm	5.3.0.201903130848-r	-	61b9235c4b81412909dd579d069cfb47cfae9760
data.org.eclipse.jgit	org.eclipse.jgit.pgm	5.3.1.201904271842-r	-	a7b68bcee8103f1299b2747be4a200384e548852
data.org.eclipse.jgit	org.eclipse.jgit.pgm	5.3.2.201906051522-r	-	8bfc09240e4efe1fc102131ab3b11317cfd3c182
data.org.eclipse.jgit	org.eclipse.jgit.pgm	5.4.0.201906121030-r	-	dcfb614ce8f6414f7a20802d0c5bd8f867687e55
data.org.wso2.carbon.analytics-common	org.wso2.carbon.event.application.deployer	1.0.0	-	69748bddab738e2b030237bafa953b9f0f42447e
data.org.wso2.carbon.analytics-common	org.wso2.carbon.event.application.deployer	2.0.0-alpha	-	b5872d0c61a7989f392308cb19d37d1e981b0b88
data.org.wso2.carbon.analytics-common	org.wso2.carbon.event.application.deployer	5.0.0	-	aceb7852fe25e7b613c340e9504b041bf405aa80
data.org.wso2.carbon.analytics-common	org.wso2.carbon.event.application.deployer	5.0.1	-	db574f935fb3fa33da51a8476d48a049ef8f659e
data.org.wso2.carbon.analytics-common	org.wso2.carbon.event.application.deployer	5.0.10	-	5dc1abd67014d5be582bde6b858f1c6ea19cd3ae
data.org.wso2.carbon.analytics-common	org.wso2.carbon.event.application.deployer	5.0.11	-	db444905889771f01ab916dd6da48ca854083eb5
data.org.wso2.carbon.analytics-common	org.wso2.carbon.event.application.deployer	5.0.12-alpha	-	715aba729ec7501c33dd667774d12cd4080b7fbc
data.org.wso2.carbon.analytics-common	org.wso2.carbon.event.application.deployer	5.0.12-alpha2	-	27f112bcd38890e12d1aa23f53e40b3c24186f41
data.org.wso2.carbon.analytics-common	org.wso2.carbon.event.application.deployer	5.0.12-beta	-	7b11784278601c87136c5cd72d055398c54ecdd3
data.org.wso2.carbon.analytics-common	org.wso2.carbon.event.application.deployer	5.0.12-beta2	-	3f4575c8bbd84d0c78f8549b26ed727dcfd9b771
data.org.wso2.carbon.analytics-common	org.wso2.carbon.event.application.deployer	5.0.2	-	437dc3b793d08e80227a7f993b0a8e06af4d2df0
data.org.wso2.carbon.analytics-common	org.wso2.carbon.event.application.deployer	5.0.3	-	e0b41a09f35425f77ee20be23417dbc71f339974
data.org.wso2.carbon.analytics-common	org.wso2.carbon.event.application.deployer	5.0.4	-	292ae71c0ad98b667385f10829c73c7be12aa3b1
data.org.wso2.carbon.analytics-common	org.wso2.carbon.event.application.deployer	5.0.5	-	6bae5c7f1ed72b7b27f42e1539e4bc1b52f53104
data.org.wso2.carbon.analytics-common	org.wso2.carbon.event.application.deployer	5.0.6	-	477f3537e9f30b964c44561d4008c4f3196766bc
data.org.wso2.carbon.analytics-common	org.wso2.carbon.event.application.deployer	5.0.7	-	31730ade1f2d68efe5b0e076ab8422545b1851ac
data.org.wso2.carbon.analytics-common	org.wso2.carbon.event.application.deployer	5.0.8	-	8a823769fa4fc17b7c9e1e5fb061d6b4f7565086
data.org.wso2.carbon.analytics-common	org.wso2.carbon.event.application.deployer	5.0.9	-	a18cd4c04ba3b6d66252ed4a3ad145ea459242c5
data.org.wso2.carbon.analytics-common	org.wso2.carbon.event.application.deployer	5.1.0	-	a1c4a0b6335d47715d6c99632d4fb2abcb5b4657
data.org.wso2.carbon.analytics-common	org.wso2.carbon.event.application.deployer	5.1.0-alpha	-	41a045fc208a1ba3f79933104de06ecdfa331eb5
data.org.wso2.carbon.analytics-common	org.wso2.carbon.event.application.deployer	5.1.0-beta	-	ce73ba994b4cf1e8b32a4e5c973617c59d41d56b
data.org.wso2.carbon.analytics-common	org.wso2.carbon.event.application.deployer	5.1.1	-	a92bc0461050586b022388eb30801748842b9411
data.org.wso2.carbon.analytics-common	org.wso2.carbon.event.application.deployer	5.1.11	-	332558def8b46ce5f52e7cf0adff0086870195b9
data.org.wso2.carbon.analytics-common	org.wso2.carbon.event.application.deployer	5.1.12	-	cda787ec865038fa6e467e4f60f1b95876b2cc97
data.org.wso2.carbon.analytics-common	org.wso2.carbon.event.application.deployer	5.1.13	-	c3d92b0dcf941cdceab76118aeb22be3174a69fa
data.org.wso2.carbon.analytics-common	org.wso2.carbon.event.application.deployer	5.1.14	-	7253405445637a02fe61aae0ce87efde5db33567
data.org.wso2.carbon.analytics-common	org.wso2.carbon.event.application.deployer	5.1.15	-	266e8b42891e2d26c51cf808cd10331c3a0382d8
data.org.wso2.carbon.analytics-common	org.wso2.carbon.event.application.deployer	5.1.16	-	15669d4c577e0adc6e1803d9ea28cc4edd44f7cd
data.org.wso2.carbon.analytics-common	org.wso2.carbon.event.application.deployer	5.1.17	-	5b9ae8471cfdc600fc4eba1de044605a9f64dcdc
data.org.wso2.carbon.analytics-common	org.wso2.carbon.event.application.deployer	5.1.18	-	70d2d4ebde70bea70890d822690a34f049bba9a5
data.org.wso2.carbon.analytics-common	org.wso2.carbon.event.application.deployer	5.1.19	-	2b58d898f066a5e441bcaf8672db38e9c43489f1
data.org.wso2.carbon.analytics-common	org.wso2.carbon.event.application.deployer	5.1.2	-	775adfcf3b74f038f5a3cd42d21c912444feaf2b
data.org.wso2.carbon.analytics-common	org.wso2.carbon.event.application.deployer	5.1.2-alpha	-	879aacfa12e06448da1685728d200947f7e2b492
data.org.wso2.carbon.analytics-common	org.wso2.carbon.event.application.deployer	5.1.20	-	bbf7209d1c023c8a506a0316c747e2844ea4cf23
data.org.wso2.carbon.analytics-common	org.wso2.carbon.event.application.deployer	5.1.3	-	1a96b1fbd68e2ea88862bc0dbc402a0ab17073d9
data.org.wso2.carbon.analytics-common	org.wso2.carbon.event.application.deployer	5.1.4	-	e0ac171537bcc0bf1d9aecfb6d3658abf07d6e95
data.org.wso2.carbon.analytics-common	org.wso2.carbon.event.application.deployer	5.1.5	-	42e180e22a1d4521a70812e232c0cf3699ab71ea
data.org.wso2.carbon.analytics-common	org.wso2.carbon.event.application.deployer	5.1.51	-	32ccec650d862cc7e4fe80e4ee5b3af7f65eb46b
data.org.wso2.carbon.analytics-common	org.wso2.carbon.event.application.deployer	5.1.52	-	29c2a3f4569d2976988b3075ff8b686133258a23
data.org.wso2.carbon.analytics-common	org.wso2.carbon.event.application.deployer	5.1.53	-	9bb87fd53bc0414bd70218183e3d712f38938da1
data.org.wso2.carbon.analytics-common	org.wso2.carbon.event.application.deployer	5.1.54	-	92e5886f13217b6cd2f2a64b3b3fbaf3d29a607f
data.org.wso2.carbon.analytics-common	org.wso2.carbon.event.application.deployer	5.1.55	-	d1a498e3651dd45397a670576a66231e6f48f8a2
data.org.wso2.carbon.analytics-common	org.wso2.carbon.event.application.deployer	5.1.56	-	eea3eac4d64a5c7ae5d36c0bbb8297102729cb6d
data.org.wso2.carbon.analytics-common	org.wso2.carbon.event.application.deployer	5.1.57	-	14a01383372d2d5a079b563118c6c89782b61e68
data.org.wso2.carbon.analytics-common	org.wso2.carbon.event.application.deployer	5.1.6	-	8b7a764d5f266a19662418e90f98dac2640c7a0d
data.org.wso2.carbon.analytics-common	org.wso2.carbon.event.application.deployer	5.1.7	-	60934bf80e28df0a3fb9ee9c2f0b9839781875b1
data.org.wso2.carbon.analytics-common	org.wso2.carbon.event.application.deployer	5.1.8	-	f636384d595e114acad1bcf5c485b69e73c54ca9
data.org.wso2.carbon.analytics-common	org.wso2.carbon.event.application.deployer	5.1.9	-	8f7b6041e8d2078c75ca7d9b355e5edc9194e2a7
data.uk.ac.gate	gate-core	8.6	-	0f9589357f517720dc568507f70c6543bc0cf6b2
de.pro-vision.maven	de.pro-vision.maven.build-tools.global-build-tools-mixin	1	-	bdd1e0d46a8f3005bd6ed283aba60fb428ef28e0
de.pro-vision.maven	de.pro-vision.maven.build-tools.global-build-tools-mixin	2	-	e0a1e26aa818ae56e50e7e10a98a7872f9b6ecb4
de.pro-vision.maven	de.pro-vision.maven.build-tools.global-build-tools-mixin	3	-	65f8c7d5034a1bcc6974a44ae2bfd6a0704b1a49
fr.velossity.osgi	ServiceProviderWB1	1.0.10	-	5e126cfb6421dbadec645b0e6115714b98be9ec5
fr.velossity.osgi	ServiceProviderWB1	1.0.11	-	89e115f8929fc46ae8c09bf50617b197b3b641ef
fr.velossity.osgi	ServiceProviderWB1	1.0.12	-	148bfcb1300e2f869172742e4373a22c155ea4a9
fr.velossity.osgi	ServiceProviderWB1	1.0.14	-	4f7dee9c2b29bd7e5cddaaa9364b80d28a254c6c
fr.velossity.osgi	ServiceProviderWB1	1.0.8	-	27e5c7525316dabacc8915b83f3c0fa2689af110
fr.velossity.osgi	ServiceProviderWB1	1.0.9	-	cb4ff4a909e25da80bf95e0b634ca154c6cc0557
in.abilng	ndjson	0.1	-	90491384ac30236da8f689aa76a93354bb217b1e
in.abilng	ndjson	0.3	-	75bf589f258e585e11251b117029a1bf14982847
in.abilng	ndjson	1.0.0	-	d51704fd3e4ac61aa871fc9f21a03c710be049fb
in.abilng	ndjson	1.0.1	-	a1dd1be1bfba3a3a96c8df527334cc8e9fb2fa83
in.abilng	ndjson	1.0.2	-	d48c61b0b24a0b32dbb2cb455e92238c28bdbb38
in.abilng	ndjson	1.0.3	-	722751b798e6669bed8390a12a111c46ef0e018f
io.acryl	datahub-spark-lineage	0.0.1	-	6bc60cf02314d1dfe5bf57ec388846047cbb4c6c
io.acryl	datahub-spark-lineage	0.0.2	-	361caf35e86236c96733363aafd69ec70bc9f7af
io.acryl	datahub-spark-lineage	0.10.0	-	46aafcd54b88e9d82070f15f33aa95f655c074bb
io.acryl	datahub-spark-lineage	0.10.0-1	-	81e440038e6c2ec3f3b776fbd52047d3c04a9bd6
io.acryl	datahub-spark-lineage	0.10.0-1rc1	-	6946ba15cd8fd399623bc1f1f0c9ecccdf94ed81
io.acryl	datahub-spark-lineage	0.10.0-1rc2	-	190e3801c318217f650c3c7203b9d60e357c48b9
io.acryl	datahub-spark-lineage	0.10.0-1rc3	-	668fd40f0c70ffbd781a446921f500297da04a5f
io.acryl	datahub-spark-lineage	0.10.0-1rc4	-	8c59e77b70b6c33cba4006ebc607be565dce694c
io.acryl	datahub-spark-lineage	0.10.0-1rc5	-	0fbe50885c3d582da503e91364529b0caea915a8
io.acryl	datahub-spark-lineage	0.10.0-1rc6	-	2ea9b6c603919b9c0f314989203d5cce1a54a3ae
io.acryl	datahub-spark-lineage	0.10.0-2	-	f9e5ac2920ae714e67461a77604275c820bcde4a
io.acryl	datahub-spark-lineage	0.10.0-2rc3	-	da56ad31712d74428e5cece44792b52407e84cf5
io.acryl	datahub-spark-lineage	0.10.0-3	-	e9e3c5894c4e98b3c8728d11bea8b2f440bff465
io.acryl	datahub-spark-lineage	0.10.0-3rc1	-	875ae65f390b3aa666a29f298c96107ef00def23
io.acryl	datahub-spark-lineage	0.10.0-3rc10	-	d4d8111a7f05b359ba18f0e69d703e77c491d03e
io.acryl	datahub-spark-lineage	0.10.0-3rc11	-	58207f7110110f59359331e25d11e4ef6d9ff58a
io.acryl	datahub-spark-lineage	0.10.0-3rc2	-	aa683cc60e65fa7829c8954c8e203d6102c79ae9
io.acryl	datahub-spark-lineage	0.10.0-3rc3	-	8d6e509c32eb7f6dfe781abc23951c33ae5bf5be
io.acryl	datahub-spark-lineage	0.10.0-3rc4	-	a61d38345a79be2ee417837ec5b0954457f33598
io.acryl	datahub-spark-lineage	0.10.0-3rc6	-	2b85df2c14deb1fb3a6f0c8f0dd55d41cb379ed8
io.acryl	datahub-spark-lineage	0.10.0-3rc7	-	c3daf76887aca105771923f11aa66f4eaf523449
io.acryl	datahub-spark-lineage	0.10.0-3rc8	-	edb1058e6374d30780df7470cc321d9589b52496
io.acryl	datahub-spark-lineage	0.10.0-3rc9	-	956c809dd078f9b4467672893ebc50e3352e7dd9
io.acryl	datahub-spark-lineage	0.10.0-4	-	0695c144936365499e01e1a2b6be82d097ee0223
io.acryl	datahub-spark-lineage	0.10.0-4rc1	-	8c7a562bd83a1069f81a699d9abec061dbdd2385
io.acryl	datahub-spark-lineage	0.10.0-4rc2	-	66ef2b05cbed9aaa0daf0a64d4e841894007be74
io.acryl	datahub-spark-lineage	0.10.0-4rc3	-	8d540f3db11d098595dbb9df981e846c08c06bae
io.acryl	datahub-spark-lineage	0.10.0-5	-	e7623bbd605ad16ef1f4d2d06b17cd8556111eb8
io.acryl	datahub-spark-lineage	0.10.0-5rc0	-	0a75ee3056dc974ac140f6d151acb522327122ee
io.acryl	datahub-spark-lineage	0.10.0-6	-	40dad6f5175fb1cab199cd99d04c5102c4bef9f9
io.acryl	datahub-spark-lineage	0.10.0-6rc0	-	b9f059fc4c1257dce8f25bdd719230459d0b1146
io.acryl	datahub-spark-lineage	0.10.0-6rc1	-	e1dd104dfc194d386e515d69de1ded3fca177a30
io.acryl	datahub-spark-lineage	0.10.0-6rc2	-	af820284829d1e3d5b78a07e96a846ab7eb59ba4
io.acryl	datahub-spark-lineage	0.10.0-7	-	6a00a76df1c4fdf96bde89f003eb37a0ceeaf428
io.acryl	datahub-spark-lineage	0.10.0-7rc1	-	06413acfdb42695de1407d00384cf1ef20cb110f
io.acryl	datahub-spark-lineage	0.10.0-7rc2	-	ed66d602fe047c1abaf5ba4221710d316def327d
io.acryl	datahub-spark-lineage	0.10.0rc1	-	ebb51210bce8d86152e1442a87a04271270a1231
io.acryl	datahub-spark-lineage	0.10.0rc2	-	674aa9027b24e493f609a11857f5343795c651b5
io.acryl	datahub-spark-lineage	0.10.0rc3	-	bfa48995860b5c55b14ffdabda836a72eac63d2e
io.acryl	datahub-spark-lineage	0.10.1	-	6ac19087f3ea7039292f36d95ca3a4e159a8e86e
io.acryl	datahub-spark-lineage	0.10.1-1	-	a14b0ba31b684367b03760749b8cc243a6a8ad2e
io.acryl	datahub-spark-lineage	0.10.1-1rc1	-	32444a69fb2232fe0dc913a30994e848ea7de58c
io.acryl	datahub-spark-lineage	0.10.1-1rc2	-	9da5cc71a1e7cafee2b5e7b2dabc8cd699e75734
io.acryl	datahub-spark-lineage	0.10.1-1rc3	-	cbaf0c80e7785113c05c4eed9b0722f1b7e952c8
io.acryl	datahub-spark-lineage	0.10.1-2	-	eedbeeabdbf2b6d3285b6fac05add31e4cfeca4d
io.acryl	datahub-spark-lineage	0.10.1-2rc1	-	286a94df7eb48f390bb393fc406bb818a2752628
io.acryl	datahub-spark-lineage	0.10.1-2rc10	-	59b812bf2112a208b48f3a2ad6d6926f082075e1
io.acryl	datahub-spark-lineage	0.10.1-2rc11	-	7aaac2ff7127c9d6c8c12ef84adc884bfecb86ce
io.acryl	datahub-spark-lineage	0.10.1-2rc12	-	04d3d07bba30efebe1f9a7c80b47c060e03a1260
io.acryl	datahub-spark-lineage	0.10.1-2rc2	-	ae98486e1ac75692431f3289b21b645e2f090a2e
io.acryl	datahub-spark-lineage	0.10.1-2rc3	-	3ebb1e6230a89a47f59cc7972b94e276d564b8b2
io.acryl	datahub-spark-lineage	0.10.1-2rc4	-	84a82256f351d8c7d112614be1ce5f7598d4f8c9
io.acryl	datahub-spark-lineage	0.10.1-2rc5	-	3339aff03f503a98407aada36853acb8eedac426
io.acryl	datahub-spark-lineage	0.10.1-2rc6	-	921358ffae870fc90283323406584eb8172f6348
io.acryl	datahub-spark-lineage	0.10.1-2rc7	-	5f2fd44244f3919ceb19620644374e3768387c35
io.acryl	datahub-spark-lineage	0.10.1-2rc8	-	9bcb915c0b8819e2be876f3650b68e9d68b64e6e
io.acryl	datahub-spark-lineage	0.10.1-2rc9	-	82131966cf5a6926c60ec931336bdc1b1a5cb03a
io.acryl	datahub-spark-lineage	0.10.1rc1	-	73170ff22633b737693d803fd91d9104947e5790
io.acryl	datahub-spark-lineage	0.10.1rc2	-	9d620ad4c0869d81b75f8b78bcb85762ae09b710
io.acryl	datahub-spark-lineage	0.10.1rc3	-	eeb74a1e057381e2017931bbb3cbe2b3b4dea565
io.acryl	datahub-spark-lineage	0.10.1rc4	-	30c3c327fb40153dfd6e4bee87e74ebb81a8c2a5
io.acryl	datahub-spark-lineage	0.10.2	-	8c83eba3dac3c65856db9876ab2b0c885b6998b4
io.acryl	datahub-spark-lineage	0.10.2-1	-	bfb576d57541b65f7eea18ae39d5f67c5c31348f
io.acryl	datahub-spark-lineage	0.10.2-1rc1	-	498224d6e156ceed818c4972075be81d56d69cf6
io.acryl	datahub-spark-lineage	0.10.2-2	-	3749cb0b4c973c945ab6cc3213549108b320e4aa
io.acryl	datahub-spark-lineage	0.10.2-2rc1	-	ee5456d5fa352532205a7f700ab2a5ccc6c7956b
io.acryl	datahub-spark-lineage	0.10.2-2rc2	-	77911c7c33089a6525fbbac5d47b7a6624e67651
io.acryl	datahub-spark-lineage	0.10.2-2rc3	-	722d36470fb47242c711ea3d8bdf374b7778d864
io.acryl	datahub-spark-lineage	0.10.2-3	-	4d7129d1c26235d733942b23ebf89dacd0139851
io.acryl	datahub-spark-lineage	0.10.2-3rc1	-	bbd31861211f0b904519418df6c055c7191c6eb1
io.acryl	datahub-spark-lineage	0.10.2-3rc2	-	5fdb2de0017283adf8243f66c2070d821de35b67
io.acryl	datahub-spark-lineage	0.10.2-3rc3	-	c4827343a47c36231395f2350e9295f327c9bf61
io.acryl	datahub-spark-lineage	0.10.2-3rc4	-	009db9e0b3dd499599a0cb3a0c9dbdb5744e3cd5
io.acryl	datahub-spark-lineage	0.10.2-3rc5	-	414cfd9f38b763b2ccb9134d7c9c88e3827151d6
io.acryl	datahub-spark-lineage	0.10.2-3rc6	-	aaacbd7f84e263cbe403748efab2f17bcb2594ce
io.acryl	datahub-spark-lineage	0.10.2-3rc7	-	d3fca0a51fdf1db45a61563192f28b3b19f1cf68
io.acryl	datahub-spark-lineage	0.10.2-3rc8	-	8f849185f9dec8d2c0791ab836add1c184459266
io.acryl	datahub-spark-lineage	0.10.2-3rc9	-	248d84b7641ada1339b58af181351cbb0ca6b7d1
io.acryl	datahub-spark-lineage	0.10.2-4rc1	-	cc5f3ff4c840140865d7da5df969e830399911c6
io.acryl	datahub-spark-lineage	0.10.2-4rc2	-	086613bfeefaa607417a782a0113887e19d08d09
io.acryl	datahub-spark-lineage	0.10.2-4rc3	-	ac97b589929db0280b8055c5658cdb67e96f43b0
io.acryl	datahub-spark-lineage	0.10.2-4rc4	-	ab00d07b2b33574313bc73579af42dc5cabcec68
io.acryl	datahub-spark-lineage	0.10.2-4rc6	-	f82512732c055822b81430aebccc3385f54c4614
io.acryl	datahub-spark-lineage	0.10.3	-	3719d7ac5653fc3e434c958a558c00e36693245f
io.acryl	datahub-spark-lineage	0.10.3-1	-	70af274c5698d19e98e80fdb6eb224597c7eac19
io.acryl	datahub-spark-lineage	0.10.3-1rc1	-	be45e47df836c190c85f3c402c9775126b173181
io.acryl	datahub-spark-lineage	0.10.3-1rc2	-	6933d244f85749612a12a274381f909498cf53d1
io.acryl	datahub-spark-lineage	0.10.3-1rc3	-	2c2fa0190935821c92a7395f703323971fb2ee3e
io.acryl	datahub-spark-lineage	0.10.3-2	-	aaf5c448d741d40d888d903de4bc32ea42f3b051
io.acryl	datahub-spark-lineage	0.10.3-2rc2	-	4386f28d6f4ef21dd8e75888d475d8f785217241
io.acryl	datahub-spark-lineage	0.10.3-2rc3	-	4b7f63e75994db2a5a18880111d5d3e50edba5a4
io.acryl	datahub-spark-lineage	0.10.3-2rc4	-	7a68f08ac5650d30ab2b02d7f00bf6fbef113cc0
io.acryl	datahub-spark-lineage	0.10.3-2rc5	-	e12f59cbe30c4a317275c74002953a60aaace40f
io.acryl	datahub-spark-lineage	0.10.3rc0	-	e05789bf6d910b4f8baa1a7953cf12a0278b920c
io.acryl	datahub-spark-lineage	0.10.3rc1	-	7d611e90204c95fa7a12d130cb0e1cce7a395b77
io.acryl	datahub-spark-lineage	0.10.4	-	cf5a0054c7765b79dc48982a74bdd1c8922d2ed9
io.acryl	datahub-spark-lineage	0.10.4-1	-	c2dec9f3dc456f77fbdc10f0f03354d7f92f1122
io.acryl	datahub-spark-lineage	0.10.4-1rc1	-	7205ece0d728349d8013f9ce35a55d23d44560ad
io.acryl	datahub-spark-lineage	0.10.4-2	-	936f0b6ddfcb0326d38bcd9e302739b25cdd80e2
io.acryl	datahub-spark-lineage	0.10.4-2rc1	-	ffd80d840dc133840a6a5b4ec623e728744f39d7
io.acryl	datahub-spark-lineage	0.10.4-2rc2	-	a1ca0d7cb444dfab9ef73e4affbe02ac8ce44db8
io.acryl	datahub-spark-lineage	0.10.4-3	-	df4a30968f09f257e614ef54fc827ae91e744a21
io.acryl	datahub-spark-lineage	0.10.4-3rc1	-	0cc0ef3ebc5314c2458bf361182c1baa05e6c7a1
io.acryl	datahub-spark-lineage	0.10.4-4rc1	-	3060b29788146b0f7c7889c66a36784e75143b31
io.acryl	datahub-spark-lineage	0.10.4rc1	-	89e0042704ae947ab39306f78c45244aba2b60cc
io.acryl	datahub-spark-lineage	0.10.4rc2	-	f4dec4c5a14c17025a7e6f5bbd7c538003715350
io.acryl	datahub-spark-lineage	0.10.5	-	96955beb7f202f970058f352b88c75aa41fa01da
io.acryl	datahub-spark-lineage	0.10.5-1	-	013ccbaf0ab1f65c970d3936d1ce6dd5dbb65f57
io.acryl	datahub-spark-lineage	0.10.5-1rc1	-	a4810ad17e92e93a3d071ed78f9cd1d244c1464b
io.acryl	datahub-spark-lineage	0.10.5-2rc1	-	caede31f8468ef235d49bf4f76266f7d32c3fdf8
io.acryl	datahub-spark-lineage	0.10.5-2rc2	-	1bc1604d19721b15008aa02b551acb46d93c74d0
io.acryl	datahub-spark-lineage	0.10.5-2rc3	-	dda537f6bdb62a1acbf86bf799b40cbfb770dc7a
io.acryl	datahub-spark-lineage	0.10.5-2rc5	-	a71f4442714ef03ffde2b85bfdf847a708ec3742
io.acryl	datahub-spark-lineage	0.10.5-2rc6	-	c155a1a54147ef5cf5d5047dd74ba8571ff28f93
io.acryl	datahub-spark-lineage	0.10.5-2rc7	-	f19080c226da09ffe9cf6f42ab87f28868dc802d
io.acryl	datahub-spark-lineage	0.10.5-2rc8	-	ca6bd61bde7c2da47fab10d8fa48fb78ed6d05f2
io.acryl	datahub-spark-lineage	0.10.5-3	-	e54d668d720dd1784527c4883216e5065b3e165c
io.acryl	datahub-spark-lineage	0.10.5-3rc1	-	a1396282c0486887f850a2a718ae40f8799ec42f
io.acryl	datahub-spark-lineage	0.10.5-4	-	f00ce22d9be1354c3173bd8794145d5deedf1f97
io.acryl	datahub-spark-lineage	0.10.5-4rc1	-	2b58e57be8806960a8a8e9a8ec7425c5dd136b1e
io.acryl	datahub-spark-lineage	0.10.5-5	-	3f298fa607d4c201bdbbbabeea15a40cc847c98e
io.acryl	datahub-spark-lineage	0.10.5-5rc1	-	b9a0c9ec0a7d43ea2ec1be4af048556f2f3f7109
io.acryl	datahub-spark-lineage	0.10.5-6rc1	-	47d1ab8041727c3f4fed0a522d40eb0323883eae
io.acryl	datahub-spark-lineage	0.10.5-6rc2	-	30a6d4c18a3504d781db3ce7b1244474002e7e1c
io.acryl	datahub-spark-lineage	0.10.5-6rc3	-	ee5d435a479cc1ce06423ce34fc0b91a2f51b1e9
io.acryl	datahub-spark-lineage	0.10.5-6rc4	-	aaec668b2ebeb7d356aac6f520a1cb54dc2410d3
io.acryl	datahub-spark-lineage	0.10.5rc1	-	05a82a2a84a7f2311ccda97a1f137eaa984afe59
io.acryl	datahub-spark-lineage	0.11.0	-	5c3a2a0f0dcdc2eadbe8c0952483f4b31e639a28
io.acryl	datahub-spark-lineage	0.11.0-1	-	fcf1f02803b302c9e4c5e2a8f496de09d2ee140b
io.acryl	datahub-spark-lineage	0.11.0-1rc1	-	bbc7ec2c4ae283095187d0e7c3beba2f6d055d7d
io.acryl	datahub-spark-lineage	0.11.0-2	-	d59bd4f9d737a5df00bcaaa4cd85d347ef1d87fb
io.acryl	datahub-spark-lineage	0.11.0-3	-	1a1eb67e6f28d69cd9417b8527e96f6b89a90298
io.acryl	datahub-spark-lineage	0.11.0-3rc1	-	36bcb0cc72c89052d3875e35c5e1f838a39bf35e
io.acryl	datahub-spark-lineage	0.11.0-3rc2	-	dc39dfc24dbb26e9d1676aa7a2c9f1f7df8fa43a
io.acryl	datahub-spark-lineage	0.11.0-4	-	267744e0b395070a0931d94fdb8dad0d4bb457cc
io.acryl	datahub-spark-lineage	0.11.0-4rc1	-	bb4111d6e33ca7b9cb5fa58b23293fe1e966a4ad
io.acryl	datahub-spark-lineage	0.11.0-5	-	ed6e3732bded5da8eca8056edb14139050e3951f
io.acryl	datahub-spark-lineage	0.11.0-5rc2	-	8637236d53ca03d17adab05751190d9c854bbb89
io.acryl	datahub-spark-lineage	0.11.0-5rc3	-	8b6fd7a32ca1dc6e8063200a7353788d694fe4fc
io.acryl	datahub-spark-lineage	0.11.0-5rc4	-	52c5c16830953598ea3e20ef7f4ced86267a29bd
io.acryl	datahub-spark-lineage	0.11.0-5rc5	-	d037dfc5517f52e1be6cd4e8c7084723e4102a17
io.acryl	datahub-spark-lineage	0.11.0-5rc6	-	20797a79227774fe76045c14842af41adbc7deda
io.acryl	datahub-spark-lineage	0.11.0-6rc1	-	65b42a508f2ebddf47765711637daff7880821c3
io.acryl	datahub-spark-lineage	0.11.0rc1	-	e57c90ab587335222824a449d24737f5f7ee6fe0
io.acryl	datahub-spark-lineage	0.12.0	-	1c41fafb36952c1b3066d88a4a2c334507111f0f
io.acryl	datahub-spark-lineage	0.12.0-1	-	8ba0103cc55e1e044ef9374cbabf6bd70fcc2385
io.acryl	datahub-spark-lineage	0.12.0-1rc1	-	1118ebea744b94fbeee3315fe8bf867013f1eed7
io.acryl	datahub-spark-lineage	0.12.0-1rc2	-	b76f69bc49b8315a80e9de8ffd0eb3b48c42f197
io.acryl	datahub-spark-lineage	0.12.0-2	-	90f2662eccc34e40548fb29fc0acf7d071009cb2
io.acryl	datahub-spark-lineage	0.12.0-4	-	f695a8b1e7f2f0369e99100d5c8ba0ef013556bb
io.acryl	datahub-spark-lineage	0.12.0-4rc1	-	15d21bf97ec24c540decb78951371de4cd0f22c7
io.acryl	datahub-spark-lineage	0.12.0-5	-	96658699370e34911cc330fa8cfb9ceccd15de5d
io.acryl	datahub-spark-lineage	0.12.0-5rc1	-	ebe6c38533cbc2c1e424ce75cfd57f264588b91e
io.acryl	datahub-spark-lineage	0.12.0-5rc2	-	79c6a8b96434b4f38e8fcec975caddc81b5e8fca
io.acryl	datahub-spark-lineage	0.12.0rc1	-	491128648902477f9e70a861e1c6522ff9965d38
io.acryl	datahub-spark-lineage	0.12.0rc2	-	95a80b3d4383c6ad3987be50ae822be977b98f07
io.acryl	datahub-spark-lineage	0.12.1	-	918b78a22dd6b18f7665bf3cefeeee1974963721
io.acryl	datahub-spark-lineage	0.12.1-1	-	ca319295456fe966276cf76338e313e07ae80819
io.acryl	datahub-spark-lineage	0.12.1-1rc1	-	cf88492238095a1c39bd45b849dbcd42c433186b
io.acryl	datahub-spark-lineage	0.12.1-1rc2	-	f8edbe47a974c80e1a1e5f9dea4db61ba1cc9ce8
io.acryl	datahub-spark-lineage	0.12.1-1rc3	-	0be94f26c352371fe2d091f76aad3d8b1b111c30
io.acryl	datahub-spark-lineage	0.12.1-5	-	6fe7510166eec810d2e4e82a4fa0b549a7434b6c
io.acryl	datahub-spark-lineage	0.12.1-5rc1	-	ea7bcfc6b459b132b42e350ddedf0dd055b5c40b
io.acryl	datahub-spark-lineage	0.12.1-5rc2	-	1265d3e9b39434616b69c2ed3fc0a27874115cfa
io.acryl	datahub-spark-lineage	0.12.1-5rc3	-	06fa3684d445b60ae7ac8217fc23fdf2e762e4ca
io.acryl	datahub-spark-lineage	0.12.1-5rc5	-	1eb1e2e8bbc9598afdb45242bedeeca3c3625dde
io.acryl	datahub-spark-lineage	0.12.1-6rc1	-	76e159b5b6ff5385dfe3d7e6a21a240e1f022e00
io.acryl	datahub-spark-lineage	0.12.1-6rc2	-	de0f6aaee5c79531fe11fea6bfda0ae3d6aa6b70
io.acryl	datahub-spark-lineage	0.12.1-6rc3	-	3f993c491df18c586a6ef3d66cb0bc63a734d025
io.acryl	datahub-spark-lineage	0.12.1-6rc4	-	0eea1ae1b5ce61572f99754653fc67723a2f6308
io.acryl	datahub-spark-lineage	0.12.1-6rc5	-	3a3df220f2f2a627161733c2dcaa1910a0019555
io.acryl	datahub-spark-lineage	0.12.1-6rc6	-	46d8bffe917b7a19bbac4afbd8642c23e7e73d62
io.acryl	datahub-spark-lineage	0.13.1-3	-	33421995912e248054ff7232f9b188905f0a821a
io.acryl	datahub-spark-lineage	0.13.1-3rc14	-	c198da08ad285191d39619648d28dd44bd45bcc0
io.acryl	datahub-spark-lineage	0.13.1-3rc15	-	e6ce47be2f35b42ce396f11824a243f11c837a91
io.acryl	datahub-spark-lineage	0.13.1-3rc16	-	bca6050400eeb858b1c00b519e63dd0e328d33e9
io.acryl	datahub-spark-lineage	0.13.1-3rc17	-	7c798c0153d8ab7e7a0ead1b32d3b525b49c2dfe
io.acryl	datahub-spark-lineage	0.13.1-4rc1	-	56fc2ebf47192c1fb81fd0700f00eec796d60efd
io.acryl	datahub-spark-lineage	0.13.1-4rc2	-	b7a7f17f821be9185b8121a86803d8c1616901f6
io.acryl	datahub-spark-lineage	0.13.1-4rc3	-	bd7620f42a1e856559dd15a3cd6a2d0081b56bd7
io.acryl	datahub-spark-lineage	0.13.1-4rc4	-	80930503cc3111141465664e57b1d06fdaf68c06
io.acryl	datahub-spark-lineage	0.13.2	-	f764b6d21631f37fb8b14f581aa70969b6825a38
io.acryl	datahub-spark-lineage	0.13.2-1	-	b0f6c118dcf116ab760fb1a96ff28fe18231d2f0
io.acryl	datahub-spark-lineage	0.13.2-1rc1	-	1fa265093dbe23b3d69d70225bb6efa35e9b7d19
io.acryl	datahub-spark-lineage	0.13.2-1rc2	-	00629f8444f22e4e6e7d6b7e2607cbf720b2220f
io.acryl	datahub-spark-lineage	0.13.2-1rc3	-	0d2ffd1c11e447cb73543fbc1841d6b6fd8c373f
io.acryl	datahub-spark-lineage	0.13.2-2	-	baec6a19f541894a4c3225d5d31909c5a36e7ff1
io.acryl	datahub-spark-lineage	0.13.2-2rc1	-	4f4d813faa0d634801839911e3f9c7daa73bd90f
io.acryl	datahub-spark-lineage	0.13.2-2rc2	-	343c5aa1e215ed75f5e5b8663584c4e1eae5fe33
io.acryl	datahub-spark-lineage	0.13.2-2rc3	-	0c15d47c6245c7c20fb6bad49176b616e76ad09c
io.acryl	datahub-spark-lineage	0.13.2-3	-	063a745bd6dd6739801aff442d6bdf947f87b552
io.acryl	datahub-spark-lineage	0.13.2-3rc1	-	5aa1f289f77b9a5adcc328d78c9389eb692b02f1
io.acryl	datahub-spark-lineage	0.13.2-4	-	d3e0e9bd6e855b451ee719734ab08872734150b9
io.acryl	datahub-spark-lineage	0.13.2-4rc1	-	5672dd596cf849b703c8abac30dbe6f67ed6de06
io.acryl	datahub-spark-lineage	0.13.2-4rc2	-	6648be99cad59bf9994cb9d8375cef0d8f9aa2b3
io.acryl	datahub-spark-lineage	0.13.2-5rc1	-	40e1a8671c2dc821b075ec00c83058362a289410
io.acryl	datahub-spark-lineage	0.13.2-5rc2	-	caae93eb2dc9473e2fc9212be6ef45cd46383801
io.acryl	datahub-spark-lineage	0.13.3	-	5bb5b204aaa669290679f15b40c6a6f26d6ef7ba
io.acryl	datahub-spark-lineage	0.13.3-1rc3	-	27b044c132f535172f2b95b68fb0d35ba83f3fca
io.acryl	datahub-spark-lineage	0.13.3-1rc4	-	cedacb88df26b78f947b7759b07b4dac38f4c502
io.acryl	datahub-spark-lineage	0.13.3-1rc5	-	dbf1304c26892d5d4b90d231b4058e8645862cbf
io.acryl	datahub-spark-lineage	0.13.3-3	-	b3d19d520fac45fd884599cdbd1500f207a0dbb3
io.acryl	datahub-spark-lineage	0.13.3-3rc3	-	a2d7a84769a89c7d875f0e7a39dd5e3a4e85be99
io.acryl	datahub-spark-lineage	0.13.3-3rc4	-	25ad27118a0149d9f430966febd543ef9317f64a
io.acryl	datahub-spark-lineage	0.13.3-4rc1	-	f72de71e62b161b5b0f90daa4e59a7233f29fb6e
io.acryl	datahub-spark-lineage	0.13.3-4rc3	-	e0f272f7da0500bdb4eccef4fa6bfeaee947c28d
io.acryl	datahub-spark-lineage	0.13.3-5	-	b6865c54e2dc8ea45718b21da514199ae6d233b4
io.acryl	datahub-spark-lineage	0.13.3-5rc1	-	f1fc196bb827422a7db3377a10e18da11f6ba795
io.acryl	datahub-spark-lineage	0.13.3-5rc2	-	d8b5c7eab065ee2873b38fe497c0931b4e7f55a8
io.acryl	datahub-spark-lineage	0.13.3-5rc3	-	252d897941a8452efc97fc4a804fd0bab64c1c72
io.acryl	datahub-spark-lineage	0.13.3-5rc4	-	6482618ee70865a3a55c1f52635503e956d8e409
io.acryl	datahub-spark-lineage	0.13.3-5rc5	-	e737b270677c1f58a37cd2d7c99b1ef3e50e9886
io.acryl	datahub-spark-lineage	0.13.3-5rc6	-	f7ee9f0f74c48995247598c553a1ea80bc54cd60
io.acryl	datahub-spark-lineage	0.13.3-6	-	3953542736fc9bb30e47e0f361ee5100505f1f00
io.acryl	datahub-spark-lineage	0.13.3-6rc1	-	6d9516dfc99a788a2d015f537fc675986d30fb79
io.acryl	datahub-spark-lineage	0.13.3-6rc2	-	01003bf7df1f3c5b7c265a4160ee0871fc9c183a
io.acryl	datahub-spark-lineage	0.13.3-6rc3	-	9960195bee45bd38a26b3b62fdacd4e2a1c3e9a2
io.acryl	datahub-spark-lineage	0.13.3-7rc1	-	edaa3472f642248376d0f5f48c4fe4b4c30ca2ef
io.acryl	datahub-spark-lineage	0.13.3-7rc2	-	83e816d95663bf11a0cc0fd3b6057cf499a78181
io.acryl	datahub-spark-lineage	0.13.3-7rc3	-	b7af0763138582fe13623fef3568e24a0fa864af
io.acryl	datahub-spark-lineage	0.13.3rc1	-	0ad3f4bb0a7270475e6e82877dae801f4144c37f
io.acryl	datahub-spark-lineage	0.13.3rc10	-	ede0928be491f721fbfcfbc2e95c8bd391e1aefc
io.acryl	datahub-spark-lineage	0.13.3rc11	-	a2df31b2433e11e50702f084185c4bb4e25a45ce
io.acryl	datahub-spark-lineage	0.13.3rc12	-	97fd3fa45208a82f276cb990c8e8e15fab52b44e
io.acryl	datahub-spark-lineage	0.13.3rc13	-	0515cab4c26d387fae26e4af8a0fb51214463942
io.acryl	datahub-spark-lineage	0.13.3rc14	-	b0f72d67ef8abefd6c5be5fbdef2eb0faf2ec3f0
io.acryl	datahub-spark-lineage	0.13.3rc15	-	5788c999a16129c2d969efa266b09d06d370372d
io.acryl	datahub-spark-lineage	0.13.3rc16	-	c4b62dea158d170341c39f425d89d190a16fb63d
io.acryl	datahub-spark-lineage	0.13.3rc17	-	ba2739681f101543ed3106163bcf82fd17700205
io.acryl	datahub-spark-lineage	0.13.3rc2	-	14139832da00cb58c5f3ce90baedbc76c402f68c
io.acryl	datahub-spark-lineage	0.13.3rc3	-	ff80e924fba281570a54ed287cf2754a69939402
io.acryl	datahub-spark-lineage	0.13.3rc4	-	578011bc577729a92eaa1cb1b83cef0d65cc9320
io.acryl	datahub-spark-lineage	0.13.3rc5	-	faed35de6bf064152646ee61cd8de22daf201729
io.acryl	datahub-spark-lineage	0.13.3rc6	-	abdceb4fdbc238c907daf1d778f501d89105f977
io.acryl	datahub-spark-lineage	0.13.3rc7	-	a19d959a98deb778cfd349373222d0b22b14ef3c
io.acryl	datahub-spark-lineage	0.13.3rc8	-	fa1ecfbb254e9cdac5725ef0078bd97682df9f77
io.acryl	datahub-spark-lineage	0.13.3rc9	-	e4371ece802c2493ac9d4c453d57179149112d37
io.acryl	datahub-spark-lineage	0.14.0	-	260b42ac63ab6f166cb99021eb7e2aea52f2c8fe
io.acryl	datahub-spark-lineage	0.14.0-1	-	31d028d2bed825fd6f160bb5e1d85d2873a6adc8
io.acryl	datahub-spark-lineage	0.14.0-1rc1	-	8957984ed97456b395c989bb28db38909cfd257c
io.acryl	datahub-spark-lineage	0.14.0-2	-	ef841bfa44d177ed2405374fba2dd17313e0bb50
io.acryl	datahub-spark-lineage	0.14.0-2rc1	-	22ecfff618bc64501231ace176fbd82bb48a5d22
io.acryl	datahub-spark-lineage	0.14.0-2rc2	-	dd553041cf29c4ab0925a8ff78f6573ac05b218e
io.acryl	datahub-spark-lineage	0.14.0-2rc3	-	934f401880cfb1b0d95cd26636df3c869f31efac
io.acryl	datahub-spark-lineage	0.14.0-3	-	62d9c85165decfae7f58142f91c26aba29064869
io.acryl	datahub-spark-lineage	0.14.0-3rc1	-	6cbcb80085a243d139c4d7320e677c478f7a77d3
io.acryl	datahub-spark-lineage	0.14.0-3rc2	-	a19ce4a40c04eefca7a5f93819e995367081d3bc
io.acryl	datahub-spark-lineage	0.14.0-3rc3	-	411572ef7091804fe7c6c958ec40b5854d802eb6
io.acryl	datahub-spark-lineage	0.14.0-3rc4	-	5b22a7f6d7c7d847876d63b7d1f7d442670e2a05
io.acryl	datahub-spark-lineage	0.14.0-4	-	9d0b3089a39ef184365d526a01660d4736d2590b
io.acryl	datahub-spark-lineage	0.14.0-5	-	b85217b601316e308b73eb1d2a4d11f5969f0c4d
io.acryl	datahub-spark-lineage	0.14.0-5rc1	-	76a74226da59a59ecb46844a87fa3ebd70934b3b
io.acryl	datahub-spark-lineage	0.14.0-5rc2	-	defc4f055219302eff988d2a8735083347ed9065
io.acryl	datahub-spark-lineage	0.14.0-5rc3	-	1c70af0929b2d61c134df469dd7f8c7f60b2b919
io.acryl	datahub-spark-lineage	0.14.0-5rc4	-	89ead50a5e090d24f3d3e596fc7c6246abb7326b
io.acryl	datahub-spark-lineage	0.14.0-5rc5	-	4f493b1ab2761e57f906eb9aa750f7615b725eba
io.acryl	datahub-spark-lineage	0.14.0-5rc6	-	722acd5a923548a50338eb56e5da7b961ee26051
io.acryl	datahub-spark-lineage	0.14.0-6rc1	-	d7032f74c6a64c1e1fb8d7f51dbc0af29721d85e
io.acryl	datahub-spark-lineage	0.14.0-6rc2	-	a61ff82ce78f4667f43638216f6ec81397f8b9e0
io.acryl	datahub-spark-lineage	0.14.0-6rc3	-	76f920b3be891647aeb4cfeef21ccfaa7a8a1d52
io.acryl	datahub-spark-lineage	0.14.0rc1	-	d19f9f12c00c08e8a514ec2325beaf9ed742911c
io.acryl	datahub-spark-lineage	0.14.1	-	af9eea826c6fb153a8ccea944eeac4cc98f84c9f
io.acryl	datahub-spark-lineage	0.14.1-1	-	f4ea45bf7aa7b3bc20ca7f11cd86e22f88b7798c
io.acryl	datahub-spark-lineage	0.14.1-10	-	125e9ffcc63ab835e36a500ca3b78fc669180ff6
io.acryl	datahub-spark-lineage	0.14.1-10rc1	-	8e2f844139e0fe481397b99f565fe24f4c121ca4
io.acryl	datahub-spark-lineage	0.14.1-11	-	2cbd179d06e846b0505edb34d09ed3b3f71f0c04
io.acryl	datahub-spark-lineage	0.14.1-11rc1	-	8e2bdf87a459d994bc8c90b53cdadf379ae697e8
io.acryl	datahub-spark-lineage	0.14.1-12	-	25bf5f7bc764cb7b51d94045726fe23f5d562603
io.acryl	datahub-spark-lineage	0.14.1-12rc1	-	e1d6f49dbdf5a31afd9bcd795cff747f6c8b8c7b
io.acryl	datahub-spark-lineage	0.14.1-12rc2	-	f852b9768a50c5876efa1fc96824d51d80355cb4
io.acryl	datahub-spark-lineage	0.14.1-12rc3	-	438d40145a361ea1f0718ce7b04c5f5188eac528
io.acryl	datahub-spark-lineage	0.14.1-12rc4	-	4ea1d37233bab8ed092adce32d78bae3b414e7e3
io.acryl	datahub-spark-lineage	0.14.1-12rc5	-	f9d0a1feef6045ea19b6161d167353ab1eb9b971
io.acryl	datahub-spark-lineage	0.14.1-13rc1	-	4fc45457de9b71bd133c07366438481eefb64f63
io.acryl	datahub-spark-lineage	0.14.1-13rc2	-	6209008a243909ddd6e269758ac8d06053804e1b
io.acryl	datahub-spark-lineage	0.14.1-13rc3	-	435ba8c4cd4ccbb349f8d446089ebeb8817f89a3
io.acryl	datahub-spark-lineage	0.14.1-13rc4	-	609916b3bdb57a4525e56f153a6019b095b9d3ad
io.acryl	datahub-spark-lineage	0.14.1-13rc5	-	b3631954197ae90ba0a14ab1867bbc796c03bb7f
io.acryl	datahub-spark-lineage	0.14.1-13rc6	-	d0f30590ca448b724e0eec65d334a4c3dfe3a5cc
io.acryl	datahub-spark-lineage	0.14.1-13rc7	-	ab508127e10052225d9a94e4552442bf18fdd418
io.acryl	datahub-spark-lineage	0.14.1-13rc8	-	a01ab5370dd8a8a20bd1c707198fa0666024e72c
io.acryl	datahub-spark-lineage	0.14.1-13rc9	-	511e1f661fa253e10d914644bf5242531e4d827e
io.acryl	datahub-spark-lineage	0.14.1-1rc1	-	6168c8d7ce0b1aade34ca512453415c655a7c742
io.acryl	datahub-spark-lineage	0.14.1-1rc2	-	ccc02d9d1b6e0559b0e7c4d257d1b3fd41159ff5
io.acryl	datahub-spark-lineage	0.14.1-1rc3	-	bc65cd8b1729959fbe944cc0b743c63ab82c75dc
io.acryl	datahub-spark-lineage	0.14.1-1rc4	-	4442e34775ca5f41a0c46ca3cb82b93a6c1dc43e
io.acryl	datahub-spark-lineage	0.14.1-1rc5	-	4c4f984a24fe32e7e4b32a021be194ff125ce1d1
io.acryl	datahub-spark-lineage	0.14.1-1rc6	-	f0b2ed1a0a64ec37d9f44c88620049ca2c9c3780
io.acryl	datahub-spark-lineage	0.14.1-2	-	f46285374f93bfc003aa02105939e9d372b29cd9
io.acryl	datahub-spark-lineage	0.14.1-2rc1	-	5214fb417667ea2fccde4d0cc08b3f39feea95c5
io.acryl	datahub-spark-lineage	0.14.1-3	-	97e21bff90c701c1f98bc4f007c5581b8d44cd2c
io.acryl	datahub-spark-lineage	0.14.1-3rc1	-	59f979438f845a2a845d9dc74f347ed7c8d39e9f
io.acryl	datahub-spark-lineage	0.14.1-3rc2	-	1c1f20e863592681f98cae7f49423dd50a5b79f0
io.acryl	datahub-spark-lineage	0.14.1-3rc3	-	f49c97f37a0ab6fcbe78efa58765f3de4a1c7947
io.acryl	datahub-spark-lineage	0.14.1-3rc4	-	93bbd41981e8ec91994fdc4f4f9b45831f375f2e
io.acryl	datahub-spark-lineage	0.14.1-3rc5	-	7350a25f9199cbfa98f70ecd08b794475c502a7e
io.acryl	datahub-spark-lineage	0.14.1-4rc1	-	6bdf5c41590f027e247a37f8d13137334d97fd69
io.acryl	datahub-spark-lineage	0.14.1-4rc2	-	79f84a3b7b5bd519783688ce232ea0c2c953bcc5
io.acryl	datahub-spark-lineage	0.14.1-4rc3	-	4006d9c210edb5b7b373fc5539077610ac0324c2
io.acryl	datahub-spark-lineage	0.14.1-5	-	cb074fd484d3dc85b47f720049a809543b6afd08
io.acryl	datahub-spark-lineage	0.14.1-5rc1	-	c81e421f099918ad92b5c55cf1d5d055e382f42a
io.acryl	datahub-spark-lineage	0.14.1-6	-	e41f8b5e307034d08416fcabd94ea13376c394b9
io.acryl	datahub-spark-lineage	0.14.1-6rc1	-	4284c566c0225556578e013ea7e7dbb53f074c06
io.acryl	datahub-spark-lineage	0.14.1-6rc2	-	72379836654a8557418182ca8fac267ff79c4340
io.acryl	datahub-spark-lineage	0.14.1-7	-	43908e79d8ef6a729f18b47ec69af83642bc0847
io.acryl	datahub-spark-lineage	0.14.1-7rc1	-	bd0eeea28d7825341fb300e4f07e939399fba498
io.acryl	datahub-spark-lineage	0.14.1-7rc2	-	7b8f8c424b59bf9f853963c63d9fd63aed28c051
io.acryl	datahub-spark-lineage	0.14.1-7rc3	-	9233180085aecf063f3980526ca19e365e0043f4
io.acryl	datahub-spark-lineage	0.14.1-8	-	011eedb33185c979742d6fdd831d31acedd0b478
io.acryl	datahub-spark-lineage	0.14.1-8rc1	-	615254df3cbe47f656d2dd65ad65ddab97d2e073
io.acryl	datahub-spark-lineage	0.14.1-9	-	a0336ae7f0c4b38bcd3eef9e1404f7ef33665f5c
io.acryl	datahub-spark-lineage	0.14.1-9rc1	-	58fad71d870423127fb9f925501a82894fa38f48
io.acryl	datahub-spark-lineage	0.14.1rc1	-	47d44b2b2b6128a7ebbc2a6ac25b9d6cdba539d2
io.acryl	datahub-spark-lineage	0.14.1rc2	-	e63b2f2bf36560a5de0ee4ced856b5f5c132bf7d
io.acryl	datahub-spark-lineage	0.14.1rc3	-	67b3e41625e8871d74a10e9075d0544bd7057f77
io.acryl	datahub-spark-lineage	0.14.1rc4	-	a77819be8c03c834aaf267581fdd125e9416acc3
io.acryl	datahub-spark-lineage	0.15.0	-	3afafe8af1d890caea32bd9e58cfe5a48c689ad3
io.acryl	datahub-spark-lineage	0.15.0-1	-	4275708c636e763e8f218ea018d2915b7067a3a7
io.acryl	datahub-spark-lineage	0.15.0-1rc1	-	38f6efb7398afd32b0bd60ed86905cdc4c17b51d
io.acryl	datahub-spark-lineage	0.15.0-1rc10	-	c2be4516bb2e1c641090569bb29b498af25f0fd0
io.acryl	datahub-spark-lineage	0.15.0-1rc11	-	3620038bd871c92f61efe99927c02097120ea9c1
io.acryl	datahub-spark-lineage	0.15.0-1rc12	-	60a29a9401f474fd676ad4406c23a9c1431736dc
io.acryl	datahub-spark-lineage	0.15.0-1rc13	-	969ad222b0fe93102ed3862e4a243fe6b2c41df3
io.acryl	datahub-spark-lineage	0.15.0-1rc14	-	9c254341dd8368423c1a4e08c87ddfd14dc447dc
io.acryl	datahub-spark-lineage	0.15.0-1rc15	-	ffbb04bee5d5fee5a25334cde9e3266ee00240c7
io.acryl	datahub-spark-lineage	0.15.0-1rc16	-	8cb8f41eb4e62b914d43567890263cecf908fc07
io.acryl	datahub-spark-lineage	0.15.0-1rc17	-	6cc07a8558374937ed8fcbb98006ecd1d6825a01
io.acryl	datahub-spark-lineage	0.15.0-1rc2	-	81681f7bb5588f377af89b3941cf609d073507b9
io.acryl	datahub-spark-lineage	0.15.0-1rc3	-	867149cec824bf41fd8b120a0733e2afe80e5ab8
io.acryl	datahub-spark-lineage	0.15.0-1rc4	-	34b2d3a0a9275c31dc825eececa4ceeb54099c67
io.acryl	datahub-spark-lineage	0.15.0-1rc5	-	70492744e4f8dbb486726027d2136715970e2426
io.acryl	datahub-spark-lineage	0.15.0-1rc6	-	17328fbb2213f6187432a1428ee398dabb2f18e8
io.acryl	datahub-spark-lineage	0.15.0-1rc7	-	c26d5c2d5a827fd8a44902b7461dd2df05fb7da3
io.acryl	datahub-spark-lineage	0.15.0-1rc8	-	67ca9b1d23c6fa04c8ec1e42b493161fc5eef274
io.acryl	datahub-spark-lineage	0.15.0-1rc9	-	03befe52b8b4c22020e3ee4687d758c8406c5b08
io.acryl	datahub-spark-lineage	0.15.0-2	-	864a9b33177ab18a2a7814b960156923be1dc67f
io.acryl	datahub-spark-lineage	0.15.0-2rc1	-	16d2822ce1f21f6b25d33eae2a677960b2cbd476
io.acryl	datahub-spark-lineage	0.15.0-2rc2	-	e9d6542f8b163412d866dc7464aa6f78828aa30e
io.acryl	datahub-spark-lineage	0.15.0-2rc3	-	8208ef3447f3bb45d36978b286b3314ac34e9c6e
io.acryl	datahub-spark-lineage	0.15.0-2rc4	-	0604a66909318f47de0a257a6f26d2a43895dc78
io.acryl	datahub-spark-lineage	0.15.0-2rc6	-	115fe501eeaccce4d93eb2b94faf86e2c8411efe
io.acryl	datahub-spark-lineage	0.15.0-2rc7	-	3818d5bf826eeedb4a770232bd0a0cdd6345299e
io.acryl	datahub-spark-lineage	0.15.0-2rc8	-	eb3e7e9598abde361a72bdf98f91ad85a5f84a9b
io.acryl	datahub-spark-lineage	0.15.0-3	-	abede2187149c4b52d9044227b57c7c96f929eec
io.acryl	datahub-spark-lineage	0.15.0-3rc1	-	6d252169adfb7494b8f4952d13570f838cf86fd7
io.acryl	datahub-spark-lineage	0.15.0-4rc1	-	5434f632bdebea201d72defcbb1952aba880756c
io.acryl	datahub-spark-lineage	0.15.0-4rc2	-	54467d6b69dac577457707628288f91fb072cc46
io.acryl	datahub-spark-lineage	0.15.0-5	-	4329f2ff1ce8c72d48290135c9bc56b3a576909f
io.acryl	datahub-spark-lineage	0.15.0-5rc10	-	138e389e26b9794b15b41fb9610c8b32ae958f43
io.acryl	datahub-spark-lineage	0.15.0-5rc5	-	6cbffaf4d6cae8e0d13d290f955ea10ddd417a6b
io.acryl	datahub-spark-lineage	0.15.0-5rc6	-	d36ba90d6ab3322346957f3eb3129487f7fc2e9d
io.acryl	datahub-spark-lineage	0.15.0-5rc7	-	eef89a93de57cc20bb125b04e2b8fe994423c7c0
io.acryl	datahub-spark-lineage	0.15.0-5rc8	-	7b7be26f4bd4a6c0b67448a8ffa7438977eae90e
io.acryl	datahub-spark-lineage	0.15.0-5rc9	-	73178e4f1d20b1032f162707fc7bcedebb92cebd
io.acryl	datahub-spark-lineage	0.15.0-6rc1	-	e4f621aa82d7654b0e513e69043b53e11f19871f
io.acryl	datahub-spark-lineage	0.15.0-6rc2	-	c7396b17cc96a65503e1080b91ad9e14aded9c72
io.acryl	datahub-spark-lineage	0.15.0rc1	-	c322438538a37e1030cd427d9720dd13d8792c0b
io.acryl	datahub-spark-lineage	0.15.0rc10	-	4159c276433735fd2a697ed6c3cb86ea1baaf492
io.acryl	datahub-spark-lineage	0.15.0rc11	-	ca3fd815764ece374d4025458679230b17d6a38f
io.acryl	datahub-spark-lineage	0.15.0rc12	-	bd357026f64ddcf1207b84cb7291209884f1756c
io.acryl	datahub-spark-lineage	0.15.0rc13	-	f27994eed58b154d7fd33ff0c2130098cf652a59
io.acryl	datahub-spark-lineage	0.15.0rc14	-	bc6e8bb79295c88e74459c75a4f6530c44c31299
io.acryl	datahub-spark-lineage	0.15.0rc15	-	969dd8382ce2f6381dfbcfeb6e8740fc94a082c8
io.acryl	datahub-spark-lineage	0.15.0rc16	-	887857ec9631e4d35cc31f74f0b0141ff7c4f550
io.acryl	datahub-spark-lineage	0.15.0rc17	-	5b3c43295a0d5bce32210e05f16467dee9f5d20e
io.acryl	datahub-spark-lineage	0.15.0rc2	-	13a27c8d36fce04923fb36efe6de2c8709a1df71
io.acryl	datahub-spark-lineage	0.15.0rc20	-	f6840357fec24454e68c21d4f4097211dd9ad91f
io.acryl	datahub-spark-lineage	0.15.0rc21	-	92b1bb4439c8321421402e89b0e743956df6474b
io.acryl	datahub-spark-lineage	0.15.0rc22	-	8cef6d13507a7016a94051404d839df91156ac09
io.acryl	datahub-spark-lineage	0.15.0rc23	-	28fdf731406a29e1c177e5850f08483193b36cb9
io.acryl	datahub-spark-lineage	0.15.0rc24	-	311fc0072d8513c7571ec36ff51d7cdee677f761
io.acryl	datahub-spark-lineage	0.15.0rc25	-	4f27230fb0dcd193aa682f05142e629772863e19
io.acryl	datahub-spark-lineage	0.15.0rc3	-	a6b0031ad0759b54739d0dbb9f06e63fc3d334e0
io.acryl	datahub-spark-lineage	0.15.0rc4	-	6d93c3bfe237ce79e0d02d9e1f0af33cbfa36f14
io.acryl	datahub-spark-lineage	0.15.0rc5	-	d53554343b2b780b416d8bb071b1fe959b8fe7eb
io.acryl	datahub-spark-lineage	0.15.0rc6	-	5995a343ee8a8b0162b605392ebc2cb84996f9ea
io.acryl	datahub-spark-lineage	0.15.0rc7	-	6e0a21729941fba522cec952d4f00987d862e8f7
io.acryl	datahub-spark-lineage	0.15.0rc8	-	5fb934e7327f9efc836d0f2fbec362694743f569
io.acryl	datahub-spark-lineage	0.15.0rc9	-	a50e0db5f6118f38bf78d4407baa62d42a1d0d59
io.acryl	datahub-spark-lineage	0.8.23	-	41b109f43099932fd6ab33bec64d48cce820f839
io.acryl	datahub-spark-lineage	0.8.24	-	ed06e9b34f17210589e394f853353f116b87bccf
io.acryl	datahub-spark-lineage	0.8.26	-	eddb209cd95a38fd4b881f05a0f5ede911541832
io.acryl	datahub-spark-lineage	0.8.27	-	72b2fd8b0164aeb659067b1af07ac20830e7060f
io.acryl	datahub-spark-lineage	0.8.28	-	7db6c0a8c001732c1b5a6606b85c7a71810f9739
io.acryl	datahub-spark-lineage	0.8.29	-	fb44dc4118346374b6ef22e12f2ae50a2929d0e3
io.acryl	datahub-spark-lineage	0.8.30	-	b96eaf7161bbd1137f37767939f343fb8a32ab85
io.acryl	datahub-spark-lineage	0.8.31	-	3c3575a857ab61a6f902d1b2086233a89aed5810
io.acryl	datahub-spark-lineage	0.8.32	-	0e2d691c1936de97500d04d730f8a06a5d80874f
io.acryl	datahub-spark-lineage	0.8.34	-	9c8786b8e3e8f2e04329269697d54d5e09681558
io.acryl	datahub-spark-lineage	0.8.35	-	9f901a648fbeca6126499d73104429c4999f1603
io.acryl	datahub-spark-lineage	0.8.36	-	78632e3c85749a0b29cf6d624937da88cd7296ed
io.acryl	datahub-spark-lineage	0.8.38	-	918ed2970031b324084842811fc8bba9fab893f8
io.acryl	datahub-spark-lineage	0.8.39	-	9fa209503a533c1921c829273855ff545917cd5b
io.acryl	datahub-spark-lineage	0.8.40	-	b968aa737313b3471703771e2cea7967cafc68e9
io.acryl	datahub-spark-lineage	0.8.41-3-rc3	-	b894142f25ba4a3f824f40451ee62e8a44703ad0
io.acryl	datahub-spark-lineage	0.8.43	-	e4232c5d8638c56221964cb6ce633890441e70dd
io.acryl	datahub-spark-lineage	0.8.44	-	b44bd4f1aaba279ce64916afbf71977ef78a0c5e
io.acryl	datahub-spark-lineage	0.8.44-1	-	19ef35e8f72bafc5c7b0f04e0bee9c5f17f2a835
io.acryl	datahub-spark-lineage	0.8.44-2	-	5cf97965f028cc6da139ff76318eb559013d6eaa
io.acryl	datahub-spark-lineage	0.8.44-2rc1	-	10c3c9938b90c77c9c6afddbab083109115a802a
io.acryl	datahub-spark-lineage	0.8.44-2rc2	-	3a7e35eb2c7a0993da3f79d66c042a3ac7c85a93
io.acryl	datahub-spark-lineage	0.8.44-3	-	eb76363b1eafd82fe89b244153109c64d07bf4b8
io.acryl	datahub-spark-lineage	0.8.44-3rc0	-	d98f0e9bb7de0c1398a37af4e4e63d22210de0e3
io.acryl	datahub-spark-lineage	0.8.44-3rc1	-	f17fa2d7b5c181e0301052c94dede676c050d677
io.acryl	datahub-spark-lineage	0.8.44-3rc2	-	419435e9a454eeac7453abbf506ad7bfc88df7e7
io.acryl	datahub-spark-lineage	0.8.44-3rc3	-	97dc9b69dd2569a85ecfa91a4cb97b1b06914692
io.acryl	datahub-spark-lineage	0.8.44-4	-	2f9916db49dd23089e288f4cfeedf6ff067c7fbf
io.acryl	datahub-spark-lineage	0.8.44-4rc0	-	21a6e924dff16538201c4d0f584c244c421b1efd
io.acryl	datahub-spark-lineage	0.8.44-4rc1	-	6c37634482a0bf13341a2dc8389d78dcf510fc12
io.acryl	datahub-spark-lineage	0.8.44-5	-	82dc7883da2a485fc6fc9527b8653c2f4f1ccc60
io.acryl	datahub-spark-lineage	0.8.44-5rc0	-	1ce76ca58625afd4384801d611769f1e90632a13
io.acryl	datahub-spark-lineage	0.8.44-5rc1	-	07d2c3bee50e69fd79fc8b1c61b80c0ea7b47238
io.acryl	datahub-spark-lineage	0.8.44-5rc3	-	2f2d6e48378cf300a57dc9a219f46c52bb6da965
io.acryl	datahub-spark-lineage	0.8.44-6rc0	-	ee48f8a06a01d8eee3ef3545d4b6eb511205c226
io.acryl	datahub-spark-lineage	0.8.45	-	920d15401f7b4a919eb5f40a97bf71d9fa161cf2
io.acryl	datahub-spark-lineage	0.8.45-1	-	cf27b82479e0cef38d3869e36e7796ae760dbfe3
io.acryl	datahub-spark-lineage	0.8.45-1rc0	-	52d4830023668bbf5b0c643a73ec2fb68e4e0cba
io.acryl	datahub-spark-lineage	0.8.45-1rc1	-	a59df47e197058c9d9185354ac018eaf4d775ad2
io.acryl	datahub-spark-lineage	0.8.45-1rc2	-	98184ae833d1c2743d20a7f601da2592e7524397
io.acryl	datahub-spark-lineage	0.8.45-1rc3	-	6e7694f8974c5fd77f8b01976a511ced4cdb2714
io.acryl	datahub-spark-lineage	0.8.45-1rc4	-	de5a2b41568992df37396a537f2e378a07c0a400
io.acryl	datahub-spark-lineage	0.8.45-1rc5	-	b5f8a8e0408a0757fd4b8d516d9071a1c1526a23
io.acryl	datahub-spark-lineage	0.8.45-2	-	095557e457c143e43485ffb759d0eff1217b747d
io.acryl	datahub-spark-lineage	0.8.45-2rc0	-	b1aac84a07c533de4d2759a667134daf86d42f6f
io.acryl	datahub-spark-lineage	0.8.45-2rc1	-	1dc2a0871867a0bfba7629e471eb6d5972d89b17
io.acryl	datahub-spark-lineage	0.8.45-2rc2	-	abd7e9eff500acde39caf6b7c5c59822c2655eec
io.acryl	datahub-spark-lineage	0.8.45-3rc0	-	78209e57490f30d78a400bc85053fe48e4f65d4f
io.acryl	datahub-spark-lineage	0.8.45-3rc1	-	71014b26aef54b0a68b71cf27a42203a6a7560d5
io.acryl	datahub-spark-lineage	0.8.45-3rc2	-	41c412247244ee3bd9d14d3fea548874d5051208
io.acryl	datahub-spark-lineage	0.8.45-3rc3	-	8daf762d31c25910ee0b9fd1b05f54cd9b37fd22
io.acryl	datahub-spark-lineage	0.8.45-3rc4	-	5a81f39c1696c5c2250993be9685d516cdde3b1c
io.acryl	datahub-spark-lineage	0.8.45-3rc5	-	0151a16eda87aa25631dbfb8396fd7f85bdf5987
io.acryl	datahub-spark-lineage	0.8.45rc1	-	2f19f42caf8532c83bfe4ba4d5b9a713a092f878
io.acryl	datahub-spark-lineage	0.9.0	-	f233a2d85734af4a7c0cf020af044c2e6792e1dd
io.acryl	datahub-spark-lineage	0.9.0-2	-	eeb1bb9dc3dfeb799a9d5a28b2049455d4a79276
io.acryl	datahub-spark-lineage	0.9.0-2rc0	-	e9b2dabdaf5f597752bb1d10bb0fc356d8d90b68
io.acryl	datahub-spark-lineage	0.9.0-2rc1	-	e9f2c9ff7ed0911ec601685bac64202753f5db2f
io.acryl	datahub-spark-lineage	0.9.0-2rc2	-	35da960c53748b67ce704bd42880864c380b7eac
io.acryl	datahub-spark-lineage	0.9.0-2rc3	-	6fe4c83201295d04654450a031ffffa3a53ebf3a
io.acryl	datahub-spark-lineage	0.9.0-2rc4	-	6995b377db0e1369aadb7a189655d4244934c8e8
io.acryl	datahub-spark-lineage	0.9.0-3	-	6fb44dc0dda7dc85bbe7195d258c856fa8e86ce9
io.acryl	datahub-spark-lineage	0.9.0-3rc0	-	e5107782785241a135c593ebc93ecd92f7de32a8
io.acryl	datahub-spark-lineage	0.9.0-4	-	97b2b3fc1d1c048c3c931daccbd6c36dc8069764
io.acryl	datahub-spark-lineage	0.9.0-4rc0	-	788ea1dc47f49504ee8bc1868c4b5dbce80874e5
io.acryl	datahub-spark-lineage	0.9.0-5	-	8f466c8458882521286d1c4bdd9120ad9aad8739
io.acryl	datahub-spark-lineage	0.9.0-5rc0	-	4b51d13b019b4244d82cb77c82b143afcffda4de
io.acryl	datahub-spark-lineage	0.9.0-5rc1	-	53943baa96a675e488dc0d34ad8135b8940bea09
io.acryl	datahub-spark-lineage	0.9.0-5rc2	-	10d6be600137c319709aee89d743aa344ea81b01
io.acryl	datahub-spark-lineage	0.9.0rc1	-	fc9bbb61061c84e6de9ebda8ddd4d434413a9b51
io.acryl	datahub-spark-lineage	0.9.0rc2	-	6482b7c911c4b01af9760bfa4768a1cbd959f569
io.acryl	datahub-spark-lineage	0.9.0rc3	-	142478531e39ecc99b2f489fea3c0764cee60836
io.acryl	datahub-spark-lineage	0.9.1	-	99f697375d427910c3d9bb5f9b40bdcdc5d018d1
io.acryl	datahub-spark-lineage	0.9.1-1rc0	-	48f76b585953066307b8d84cb6a564d44fa059dc
io.acryl	datahub-spark-lineage	0.9.1-1rc1	-	2cd089b54d426b5816516313787742595c689d84
io.acryl	datahub-spark-lineage	0.9.1-1rc2	-	464fc33a43b714dd0cb83659f12a1c78abb5fff3
io.acryl	datahub-spark-lineage	0.9.1rc0	-	8d12376158ccf7619a199726a8d2e0d7c6b412f8
io.acryl	datahub-spark-lineage	0.9.2	-	25308df646c3dbe0c4bd0ee4aa3727ad3b6e9788
io.acryl	datahub-spark-lineage	0.9.2-1	-	29155fb3437dea84d096cb16077660c7a99508d1
io.acryl	datahub-spark-lineage	0.9.2-1rc0	-	1ccb5925d7250791f4ea8a776b5861b8083729cf
io.acryl	datahub-spark-lineage	0.9.2-1rc1	-	36f9e25e471e04a7b3062c5a72f76c5bc87d8a9d
io.acryl	datahub-spark-lineage	0.9.2-1rc2	-	9d62cbc2e4772f4a1ed1520db6dfddfb1181a9d1
io.acryl	datahub-spark-lineage	0.9.2-2	-	a3e10c8e679977f118a2c322a9fa0fdaf6711a3b
io.acryl	datahub-spark-lineage	0.9.2-2rc0	-	d2d890a6f38b6ff3d8c8074b6693fd3a4f9d5c90
io.acryl	datahub-spark-lineage	0.9.2-2rc1	-	9e983bf00f838091579740207fafde61c2793af7
io.acryl	datahub-spark-lineage	0.9.2-2rc2	-	f3449f021568b33402d12a8d34521536a3a1abab
io.acryl	datahub-spark-lineage	0.9.2-2rc3	-	caf787f47af8fd1ef1aea990d3806ef66fe515e8
io.acryl	datahub-spark-lineage	0.9.2-3	-	d4e4bc63bed82bfefd5f5394829615a05264170b
io.acryl	datahub-spark-lineage	0.9.2-3rc0	-	08e639e0f259dc900cbce1843e9d3714c87d6bc1
io.acryl	datahub-spark-lineage	0.9.2-3rc1	-	9a4a144aafe4e52dd610e0a1a802353359cd48aa
io.acryl	datahub-spark-lineage	0.9.2-3rc2	-	893a87415e0e9f5ff1c5bb033f562c379ddfc252
io.acryl	datahub-spark-lineage	0.9.2-3rc3	-	475973807b921d40abf0daf46230f1ee2bfc84b2
io.acryl	datahub-spark-lineage	0.9.2-3rc4	-	eaccf12b98574bb963a208fac02f23f18c02a009
io.acryl	datahub-spark-lineage	0.9.2-4	-	947cf2b1610ee92170e36a4bfddfefeaaf75f985
io.acryl	datahub-spark-lineage	0.9.2-4rc1	-	2100ba9cc2316ebb5c30c6adf8518e1401839bfa
io.acryl	datahub-spark-lineage	0.9.2-4rc2	-	b049e56676ec7357340afb3c956da37ffa46bc51
io.acryl	datahub-spark-lineage	0.9.2-5	-	b268aa5b36853426db9fc339daf88fe0217e2e48
io.acryl	datahub-spark-lineage	0.9.2-5rc1	-	bdc3653e4c94053dfcfda14aa0f0ced3fef18d7d
io.acryl	datahub-spark-lineage	0.9.2-5rc2	-	1be1a8d81516490cd2860422ce0dae1128d5f566
io.acryl	datahub-spark-lineage	0.9.2-5rc3	-	4e23b3874d1389931ac817ed4d782058c25115e7
io.acryl	datahub-spark-lineage	0.9.2-5rc4	-	c7e70150fa3768ab69b014a3ad072565783b5a25
io.acryl	datahub-spark-lineage	0.9.2-5rc5	-	dc3a25960474ed0c581d5a73274a6d2e4f826130
io.acryl	datahub-spark-lineage	0.9.2-5rc7	-	db26d1a48667d1c7c4858e60883f3dd66eccc148
io.acryl	datahub-spark-lineage	0.9.2-5rc8	-	94086d62a07bb46127f818c08b20451c18f03bc2
io.acryl	datahub-spark-lineage	0.9.3	-	7443e745c2b720beb8fb1e47d140cc04a6b08d23
io.acryl	datahub-spark-lineage	0.9.3-1	-	b691dddb9f8a4e57f8bf4a62648b868389a6739c
io.acryl	datahub-spark-lineage	0.9.3-1rc0	-	6e6166f33fe0dc88f07b154fd3c3249b734ee97a
io.acryl	datahub-spark-lineage	0.9.3-1rc1	-	d906a81190d651b9cf745101f8c3a8e4edb225d0
io.acryl	datahub-spark-lineage	0.9.3-2	-	9669ff6a888fe57e1b8a0964968d112aebc4405f
io.acryl	datahub-spark-lineage	0.9.3-2rc0	-	7820cabd6a1df8e807e7e20c494c081138a0ce4b
io.acryl	datahub-spark-lineage	0.9.3-2rc1	-	2a95b9d88a7e476d0f96979f0c4454589e20e4ff
io.acryl	datahub-spark-lineage	0.9.3-2rc2	-	236794d53d70e1ea1dcb3a5d16efbb3afe1017a6
io.acryl	datahub-spark-lineage	0.9.3-2rc3	-	7caae30b7eca78ca52e2a1c8dcd419523767b8e7
io.acryl	datahub-spark-lineage	0.9.3-3rc0	-	bcd5a6e459bfbcd26e68be8cc34cce933a2044d6
io.acryl	datahub-spark-lineage	0.9.3-3rc1	-	ac2f0288b6834e98d872da3487e55f2529a24fa5
io.acryl	datahub-spark-lineage	0.9.3-3rc2	-	00415b092fbd3b041fc7a9c417d066b62ec41e64
io.acryl	datahub-spark-lineage	0.9.3-3rc3	-	175f0a62f0969404ea76b7a438e5ca1a20f1c256
io.acryl	datahub-spark-lineage	0.9.3-3rc4	-	64b51b8f8ee872556c48e29a27b5888f6287924c
io.acryl	datahub-spark-lineage	0.9.3-3rc5	-	0c3993e956d189d8523f2926deef7592604fd464
io.acryl	datahub-spark-lineage	0.9.3-3rc6	-	8edaf666957c8f3545ae644900c27d06a6afc79e
io.acryl	datahub-spark-lineage	0.9.4	-	a66cdaab509a98ce9582d1e9b8938af0836f81e7
io.acryl	datahub-spark-lineage	0.9.4-1	-	dc953f5e2f0bfc0eba06751f221dd6e531818d29
io.acryl	datahub-spark-lineage	0.9.4-1rc0	-	a25bed5569fc21579be03d90a6365d3c9a11ef7a
io.acryl	datahub-spark-lineage	0.9.4-1rc1	-	bc02dde554adce10a9d854a3fba37354516ff0a0
io.acryl	datahub-spark-lineage	0.9.4-1rc2	-	1c3270a87389d3f89716ba5639ea108ddb952972
io.acryl	datahub-spark-lineage	0.9.4rc0	-	fc82f1f3c7bac81ce74c7e047be84ae0f3abfdce
io.acryl	datahub-spark-lineage	0.9.5	-	4760ab231e960e0d488339fef8a143485f8892f3
io.acryl	datahub-spark-lineage	0.9.5-1	-	41134cb4a84f65c0684e0b630bf28d6b2fb307d8
io.acryl	datahub-spark-lineage	0.9.5-1rc0	-	3df731385834b2f6328215be17e2d07171f56fc5
io.acryl	datahub-spark-lineage	0.9.5-1rc1	-	380f9a29e1910b1933dbae5a3ce2dd4de26c7e32
io.acryl	datahub-spark-lineage	0.9.5-1rc2	-	0444800cca1979ad0760fbe9059d65f2f7deb550
io.acryl	datahub-spark-lineage	0.9.5-1rc3	-	9ef52eeb9a445cd24094bdf244c7630fa4082235
io.acryl	datahub-spark-lineage	0.9.5-1rc4	-	0bf9be57037c3f89a7daeebd9f3c7da199f97e01
io.acryl	datahub-spark-lineage	0.9.5-1rc5	-	358bcb28ab0da6518218985e2c5a12b3a8b8d617
io.acryl	datahub-spark-lineage	0.9.5-1rc6	-	f0cd97a289ee3769c9be2980f18116beda3eb293
io.acryl	datahub-spark-lineage	0.9.5-2	-	1f89d7de0046d4ce93e4c3674773f25f8af65000
io.acryl	datahub-spark-lineage	0.9.5-2rc0	-	ca986d26f6ee2b94aa2ae106de4bcae7cd11c3e4
io.acryl	datahub-spark-lineage	0.9.6	-	5d1aa4c6313e43659f4d382555a8c12e0dc8f70a
io.acryl	datahub-spark-lineage	0.9.6-1	-	ad65ac472662644af1cb2e3c9c8cc294239b5b8d
io.acryl	datahub-spark-lineage	0.9.6-1rc1	-	bbc834835ae4addf947f7e97ba5a93fa86072c91
io.acryl	datahub-spark-lineage	0.9.6-1rc2	-	c06e5d92654d6c7a3714d18e3c0acf52df69cde2
io.acryl	datahub-spark-lineage	0.9.6-1rc3	-	862a2ee1c1209f02762b92899cad083bcd728690
io.acryl	datahub-spark-lineage	0.9.6-1rc4	-	f3363ac12c6cee422d9e86f6db493ca3da4abc49
io.acryl	datahub-spark-lineage	0.9.6-1rc5	-	d1753768db52b7be92bae758c4b351d0cbd4ba3c
io.acryl	datahub-spark-lineage	0.9.6-1rc6	-	4c8bc31d872bfb4e20130f122d6c29d5951a5cee
io.acryl	datahub-spark-lineage	0.9.6-2	-	31f7489821e6c47bb32706e59ce8c80ca756572e
io.acryl	datahub-spark-lineage	0.9.6-2rc1	-	d3b60a901bcce81a93d8d6ac8c03764082001762
io.acryl	datahub-spark-lineage	0.9.6-2rc2	-	d6e10e4ac3dffff9719775142de9b5777e9ec383
io.acryl	datahub-spark-lineage	0.9.6-3	-	ba4ce5b5e213a5e69cec83361892197319664daa
io.acryl	datahub-spark-lineage	0.9.6-3rc1	-	1e36210df0ee25734b59142e1ccfddc758b297e0
io.acryl	datahub-spark-lineage	0.9.6-3rc2	-	9f9ad2683de20ed145527a05301669fd28a3fa45
io.acryl	datahub-spark-lineage	0.9.6-4	-	e09f725bc09dde0c1ae8b1f159dac3dd3b4aeaa0
io.acryl	datahub-spark-lineage	0.9.6-4rc1	-	0616066ba2bb4a10cbe5831fab942c20f6b79ee2
io.acryl	datahub-spark-lineage	0.9.6-5rc1	-	5b599c63aa0f602b3471e25a9aa418b58489778d
io.acryl	datahub-spark-lineage	0.9.6rc0	-	9f394f1fdebaced44a7032d4700d1e3b1c6acfbf
io.acryl	datahub-spark-lineage	0.9.6rc1	-	957750930f2def2adbd77cfa467599a7e03b6b8b
io.acryl	datahub-spark-lineage	1.0.0.4rc1	-	53ff91e25e189bde0ea88735b8f00d152a9a472d
io.acryl	datahub-spark-lineage	1.0.0.4rc2	-	d4563bc20bb5beae97b0814573a09cbd7e15a302
io.acryl	datahub-spark-lineage	1.0.0.4rc3	-	119288e918731deba8e9c5a6453d4ff1249da94f
io.acryl	datahub-spark-lineage	1.0.0.4rc4	-	946dda853021e4e3cd4e9ac7838e37e2c4d6000a
io.acryl	datahub-spark-lineage	1.0.0.4rc5	-	f30ae846101527833cb2c60b596177163046875e
io.acryl	datahub-spark-lineage	1.0.0rc10	-	7641b294f896f5a341bc6b31c585b0baec3e01b7
io.acryl	datahub-spark-lineage	1.0.0rc11	-	9f372fce9698d40cb7031d13ab3440d5aefec295
io.acryl	datahub-spark-lineage	1.0.0rc12	-	fab1ed856e61b5b7d177fb15bc81e484cffc3ca6
io.acryl	datahub-spark-lineage	1.0.0rc13	-	84a35c7e04b3e05c9627e4074d716f303dd40ef7
io.acryl	datahub-spark-lineage	1.0.0rc2	-	e65d7aff1441929784aa83828ba016c46c6fc181
io.acryl	datahub-spark-lineage	1.0.0rc3	-	53c035d444fd22bb0756d49a997fa6168b6c2105
io.acryl	datahub-spark-lineage	1.0.0rc4	-	2451da3323f256a8a7b55db0dc1d7bcaaa07edc1
io.acryl	datahub-spark-lineage	1.0.0rc5	-	afd9664614a068883b43fdace4e422000477421d
io.acryl	datahub-spark-lineage	1.0.0rc6	-	6889d1c9e3c290ea30a45b2d4d050b0f49e5b224
io.acryl	datahub-spark-lineage	1.0.0rc7	-	9737e06bd3228f7381b92dd30cd24104d246e30b
io.acryl	datahub-spark-lineage	1.0.0rc8	-	f757a2f315e570c067ae0a527da40ad2887c3a91
io.acryl	datahub-spark-lineage	1.0.0rc9	-	60fd460bae8ce0603121ccffd9f8dedaaf312bc1
io.acryl	datahub-spark-lineage	15.0.4	-	46dbbdd1ae77142f1c364fb66c9fc8258bec24c4
io.acryl	datahub-spark-lineage	15.0.5rc1	-	650dbe8e3ec68166ffe3df2b4d2c51a6ee035edf
io.acryl	datahub-spark-lineage	15.0.5rc2	-	d2a9b4a1358e62448080c7487521a8b1b1b6bdd3
io.corbel.lib	rabbitmq	0.7.0	-	6906ea050c3295bae13c98729dfb59a4ab202945
io.corbel.lib	rabbitmq	0.8.0	-	7929422bbc2ce15495e893807203336edff8e6d1
io.corbel.lib	rabbitmq	0.9.0	-	4ac2cb7aa4268ccb4de34e613034639537b48969
io.craftcode	craft-atom-protocol-textline	3.0.0	-	b217eadfc5618149109af0fb50e3111d49684599
io.craftcode	craft-atom-protocol-textline	3.0.1	-	f811fdd60180d7d80c76ba85a31d8526a59c266e
io.craftcode	craft-atom-protocol-textline	3.1.0	-	a6f181c86b154509bc43907c3aed9d256c07493b
io.craftcode	craft-atom-protocol-textline	3.1.1	-	e60fad441df64a2f71863714868d5f0e59ce49f1
io.craftcode	craft-atom-protocol-textline	3.1.2	-	c19e77f2f2de7ff06351db2c8c7087961a7f661c
io.cronapp	cronapp-acesso-cliente	2.9.4-SP.10	-	18c8f9857cdb41d6211dbb45878e160930506d79
io.cronapp	cronapp-acesso-cliente	2.9.4-SP.11	-	54b7297b2de167674fedbaf89b52c07da3f731b4
io.cronapp	cronapp-acesso-cliente	2.9.4-SP.12	-	c9ebb55972d059c2867a7f0e32036d27d2a68708
io.cronapp	cronapp-acesso-cliente	2.9.4-SP.13	-	75f60fcaab8c853ade6e412204f8ae75b65c57fc
io.cronapp	cronapp-acesso-cliente	2.9.4-SP.15	-	ffa802ccec7e8526dc3becdef25c4bb4d43e7fdc
io.cronapp	cronapp-acesso-cliente	2.9.4-SP.16	-	d7cafe7e734d2333133fa8ca75f75297bf6de841
io.cronapp	cronapp-acesso-cliente	2.9.4-SP.17	-	b64a2102e91e14ddf29a2ef2bf3cc664dcce9b08
io.cronapp	cronapp-acesso-cliente	2.9.4-SP.3	-	010d9107f85a13411d57491c1ec15d257c03cd5c
io.cronapp	cronapp-acesso-cliente	2.9.4-SP.4	-	fb5866afa6357e07106a32495ba513435574f13a
io.cronapp	cronapp-acesso-cliente	2.9.4-SP.5	-	af185ca3a68e0c3826e5c24cba422419d862074d
io.cronapp	cronapp-acesso-cliente	2.9.4-SP.6	-	8452e3eee8d38c801c9f95bfcd09cb4a0b0c49f2
io.cronapp	cronapp-acesso-cliente	2.9.4-SP.7	-	0e50af34be7038a0c32aebf16173730621e11bae
io.cronapp	cronapp-acesso-cliente	2.9.4-SP.8	-	e50258102928eddc7e8baab42b5c0dd5bb019a7f
io.cronapp	cronapp-acesso-cliente	2.9.4-SP.9	-	3eee0d7bf3060b9de029e4a9ff0d0447e428d536
io.cronapp	cronapp-acesso-cliente	2.9.5	-	6abfdea5255060c3c39770694b750c5e34459e34
io.cronapp	cronapp-acesso-cliente	2.9.5-SP.1	-	08d1e5b9c7b2fc7e9bee8ddba0868790b8be1d32
io.cronapp	cronapp-acesso-cliente	2.9.5-SP.10	-	b7703642fc099e36c6c3ca2a5ced75ef3d0e0472
io.cronapp	cronapp-acesso-cliente	2.9.5-SP.11	-	158d6126cb1b51be27e8fadc03a51964f4337f01
io.cronapp	cronapp-acesso-cliente	2.9.5-SP.2	-	2d0b8e05308c5dbbe7a3a605d850dcd4d501d335
io.cronapp	cronapp-acesso-cliente	2.9.5-SP.3	-	bdbe54d34300dd720b27962248dec80650cd907e
io.cronapp	cronapp-acesso-cliente	2.9.5-SP.4	-	edbea137ecd8c97249d6a3c86477ee20911b4bc0
io.cronapp	cronapp-acesso-cliente	2.9.5-SP.5	-	e5889ef3791dbee695ee57a822c2cb629c134915
io.cronapp	cronapp-acesso-cliente	2.9.5-SP.6	-	41d11c5f89a16672d6f0846037c2daa00e0b1bba
io.cronapp	cronapp-acesso-cliente	2.9.5-SP.7	-	5449e258cb3d0885ca9a2e44d6febe7e24443b28
io.cronapp	cronapp-acesso-cliente	2.9.5-SP.8	-	e0b320e5e282eb7398704df59f60d8fabedc26f5
io.cronapp	cronapp-acesso-cliente	2.9.5-SP.9	-	1a7152a9de8dc278d7168fc8dc0b83881612a00a
io.cronapp	cronapp-acesso-cliente	2.9.6	-	342c5e9157df24cc79510b252c625272d24f37d8
io.cronapp	cronapp-acesso-cliente	2.9.6-SP.1	-	56de7c4528e7ecde5939c53f51240a18c9340f8f
io.cronapp	cronapp-acesso-cliente	2.9.6-SP.10	-	7729b298e3d51a569c49f8b2109514c1c5e7e3a5
io.cronapp	cronapp-acesso-cliente	2.9.6-SP.11	-	2fd651db9aa4fe4de05bbbb1ed071e1e595b39df
io.cronapp	cronapp-acesso-cliente	2.9.6-SP.12	-	84813f16d9b9ed91e961c0775f84f9dfeff068fc
io.cronapp	cronapp-acesso-cliente	2.9.6-SP.13	-	ef1f65424db32790df292d6137af831c745ad9ae
io.cronapp	cronapp-acesso-cliente	2.9.6-SP.14	-	4687ab794b3801d143e74db9f8246bd6e80140e3
io.cronapp	cronapp-acesso-cliente	2.9.6-SP.15	-	361f55bd6fd0a7897d6e0b1ac92b8fa1d9a18aae
io.cronapp	cronapp-acesso-cliente	2.9.6-SP.16	-	ab78ae09b15820232f6e7ec31e9681c6e1a8ba90
io.cronapp	cronapp-acesso-cliente	2.9.6-SP.17	-	1664823250bbf7c18b7356bf776f2adbd07e895b
io.cronapp	cronapp-acesso-cliente	2.9.6-SP.18	-	908dd25d254b9ff3e86cdc104e2d177b79e27ef0
io.cronapp	cronapp-acesso-cliente	2.9.6-SP.19	-	09433271b65c51c6f7d6b8762ae9da8c0aca2c70
io.cronapp	cronapp-acesso-cliente	2.9.6-SP.2	-	4e642898b9f97062cf5abef57aaef50a0773b081
io.cronapp	cronapp-acesso-cliente	2.9.6-SP.20	-	a864c52b770e2ab5ab6c973b2efe13550707a7d4
io.cronapp	cronapp-acesso-cliente	2.9.6-SP.21	-	39067069e30803e7988a350af4aa81acd95c81e0
io.cronapp	cronapp-acesso-cliente	2.9.6-SP.22	-	05c36b30574d4720edb8646a88b7f1127cfe26d6
io.cronapp	cronapp-acesso-cliente	2.9.6-SP.23	-	281c678642e0311fdfc30786c18e4e95fef43c80
io.cronapp	cronapp-acesso-cliente	2.9.6-SP.24	-	072d1106c1e7a7d07967f571502585680054fadc
io.cronapp	cronapp-acesso-cliente	2.9.6-SP.25	-	60bc69c47d6e47b82bd13a3ae7acea93fc5a7e75
io.cronapp	cronapp-acesso-cliente	2.9.6-SP.26	-	d253cb945106177523f4b973d247fac33ad341f0
io.cronapp	cronapp-acesso-cliente	2.9.6-SP.27	-	e22218a1926e45e8e68a957cebd6a6f3106b539f
io.cronapp	cronapp-acesso-cliente	2.9.6-SP.28	-	04d290dc0fee2ef4965356ae672636496ed9a5aa
io.cronapp	cronapp-acesso-cliente	2.9.6-SP.29	-	1003d8bd193975c78fc5b47c4515189f01ce6ac6
io.cronapp	cronapp-acesso-cliente	2.9.6-SP.3	-	d01ccbb4ff2771f20e2fedcb53d36cf133e27383
io.cronapp	cronapp-acesso-cliente	2.9.6-SP.30	-	c8fb0a8bae8a2c300ae08cc931cdcbd7bc3f2851
io.cronapp	cronapp-acesso-cliente	2.9.6-SP.31	-	6c7a5af834cbaf59280328f794ad29fc86b9ed1e
io.cronapp	cronapp-acesso-cliente	2.9.6-SP.32	-	fedb5a4b6e4ab4fa8889bbeab862f02cd7c8b4a9
io.cronapp	cronapp-acesso-cliente	2.9.6-SP.33	-	779db82f265f50b599c8c49e6cc433bfecf243e8
io.cronapp	cronapp-acesso-cliente	2.9.6-SP.34	-	62b64a086b9c6c14df211a1530507519109d1f1c
io.cronapp	cronapp-acesso-cliente	2.9.6-SP.35	-	7bdb08f7226fd463ea2ae1f3ea691d574bd6bd85
io.cronapp	cronapp-acesso-cliente	2.9.6-SP.36	-	f66b9691c5f19661e2183121952126f3e5dfee25
io.cronapp	cronapp-acesso-cliente	2.9.6-SP.37	-	58db176ba0923f9d6b235a114ef4c5a9ac61c23f
io.cronapp	cronapp-acesso-cliente	2.9.6-SP.38	-	c4474721b994b1f7e08fdf47b72c905ccbd2ed01
io.cronapp	cronapp-acesso-cliente	2.9.6-SP.39	-	44f24a34eb82fb7b8b15e93a3592f150b06291eb
io.cronapp	cronapp-acesso-cliente	2.9.6-SP.4	-	a54743669655f14f0010f8e5e062fefb63320b04
io.cronapp	cronapp-acesso-cliente	2.9.6-SP.40	-	c46871b5af43617765e5d5cd5da44ccabe3fc429
io.cronapp	cronapp-acesso-cliente	2.9.6-SP.41	-	ea8089505aabb2e76a04d300af1356f9c824a89a
io.cronapp	cronapp-acesso-cliente	2.9.6-SP.42	-	34ba10f6b506232bb909da83f0baf21f9db9ca3b
io.cronapp	cronapp-acesso-cliente	2.9.6-SP.43	-	4168892d19f7bb2b38ef1a6f7b05a7f77973eb23
io.cronapp	cronapp-acesso-cliente	2.9.6-SP.44	-	cb0567b694dbcae94b1b6e28802599d5a428b07b
io.cronapp	cronapp-acesso-cliente	2.9.6-SP.45	-	029760f03e8179caea8905e097ea67e98e6da96e
io.cronapp	cronapp-acesso-cliente	2.9.6-SP.46	-	420cf862c89fc93f26e93da14da83a745dfcd34b
io.cronapp	cronapp-acesso-cliente	2.9.6-SP.47	-	7a4e953468b04c72f5fa3b336e5486e8d6a58544
io.cronapp	cronapp-acesso-cliente	2.9.6-SP.48	-	a75af096782cde6a0cf905c0133915d384776a12
io.cronapp	cronapp-acesso-cliente	2.9.6-SP.49	-	5a75877b9ab8cf5ebf070c35a3b14266c017855b
io.cronapp	cronapp-acesso-cliente	2.9.6-SP.5	-	0df2ed5e5eaad65a225660e9e7c012b45cb45329
io.cronapp	cronapp-acesso-cliente	2.9.6-SP.50	-	a2c2a370ed3b22627410380c84c1325c18e79ecd
io.cronapp	cronapp-acesso-cliente	2.9.6-SP.6	-	7ab6ffb0850809ba1e2652e3674f3cbad910723a
io.cronapp	cronapp-acesso-cliente	2.9.6-SP.7	-	aed3cda9242ddd666d19991fb155cecb82fe5476
io.cronapp	cronapp-acesso-cliente	2.9.6-SP.8	-	03e3a865cbd221735877a64eabe7ccda3e610379
io.cronapp	cronapp-acesso-cliente	2.9.6-SP.9	-	4b6c8a42489301c3ef755f6add002a0a5dca4019
io.cronapp	cronapp-acesso-cliente	3.0.0	-	744dbac76bb859c5be0ab2365580b33a039bcfd6
io.cronapp	cronapp-acesso-cliente	3.0.0-SP.1	-	b55b31ec642bd35afff2f873d4b11a8ca8f1d9a0
io.cronapp	cronapp-acesso-cliente	3.0.0-SP.10	-	18921039f303cc3db880fb5f1136ed4c08590108
io.cronapp	cronapp-acesso-cliente	3.0.0-SP.11	-	ab9379b9e7f334342ac2d7a13d8c30af3606910b
io.cronapp	cronapp-acesso-cliente	3.0.0-SP.12	-	df38640aa6506dd92f1002308ae156a40e67751f
io.cronapp	cronapp-acesso-cliente	3.0.0-SP.13	-	6111a03a5d8ba29da11df6f0ad651d4cbe50d334
io.cronapp	cronapp-acesso-cliente	3.0.0-SP.14	-	3febe6dabd7caa8e90d7c7ac1ceee4244a75a0d0
io.cronapp	cronapp-acesso-cliente	3.0.0-SP.15	-	81ecaaee3b9c51e69d052a80efa120858d2b3755
io.cronapp	cronapp-acesso-cliente	3.0.0-SP.16	-	db2ceb60650f1ce4c449c56a6cb52b03c30c609c
io.cronapp	cronapp-acesso-cliente	3.0.0-SP.17	-	d62309465f905070aef9694cd01b179bfac40c1e
io.cronapp	cronapp-acesso-cliente	3.0.0-SP.18	-	135c9f270804e33cee5abb9310ac37e48224865e
io.cronapp	cronapp-acesso-cliente	3.0.0-SP.19	-	f27aa13b5a2b8bbca708cea133c23b4bca32f214
io.cronapp	cronapp-acesso-cliente	3.0.0-SP.2	-	f3a5bc23b46d42a2063f35aff251f4c2a0bb8317
io.cronapp	cronapp-acesso-cliente	3.0.0-SP.20	-	4b7a61356c7f54b6573ce8faff907453bd7502af
io.cronapp	cronapp-acesso-cliente	3.0.0-SP.21	-	f09dacf0c4ffe7808e6761c0aac0af429646933b
io.cronapp	cronapp-acesso-cliente	3.0.0-SP.22	-	f8c222e1fda242775d6b7a7efa9d3341b95fdb60
io.cronapp	cronapp-acesso-cliente	3.0.0-SP.23	-	e683323722c678a8285e1f45d790dbaabcc8509e
io.cronapp	cronapp-acesso-cliente	3.0.0-SP.24	-	29cd606b7ebb612a0cf877a06dcd01d08140aaed
io.cronapp	cronapp-acesso-cliente	3.0.0-SP.25	-	530d8ef6ce296be5bf760d1426717151ce5d2a91
io.cronapp	cronapp-acesso-cliente	3.0.0-SP.26	-	368554246a9eb2851eaf41ac6e23475dee64020e
io.cronapp	cronapp-acesso-cliente	3.0.0-SP.27	-	b1fe1e56ea421e9b15de2f47d07a9689424d17c2
io.cronapp	cronapp-acesso-cliente	3.0.0-SP.28	-	8e54c35f2b9d88c03101faefcce8d8f5ed9ca5f1
io.cronapp	cronapp-acesso-cliente	3.0.0-SP.29	-	641e562fc29a5248962d801f8e8475cd61fa4160
io.cronapp	cronapp-acesso-cliente	3.0.0-SP.3	-	a4ffd205ed7d54a2d90e264ff7a1f36cfd6f5fc4
io.cronapp	cronapp-acesso-cliente	3.0.0-SP.30	-	636f88fe69d2d4e4088c2e1ed14834a407e46868
io.cronapp	cronapp-acesso-cliente	3.0.0-SP.31	-	fcb0143388a457e2fd77fac23a3e7e379263da5a
io.cronapp	cronapp-acesso-cliente	3.0.0-SP.32	-	d3ebafdf1b7c1a0ba7f827a957a6b4138d63a940
io.cronapp	cronapp-acesso-cliente	3.0.0-SP.33	-	34ab17a3dbd06f40221f82eab6de031191327bf6
io.cronapp	cronapp-acesso-cliente	3.0.0-SP.34	-	c9eafb64c1312139ca76e0f86ae30db5b4d630f6
io.cronapp	cronapp-acesso-cliente	3.0.0-SP.35	-	da8e9589a76fdde4972f789912a2e16b1398d566
io.cronapp	cronapp-acesso-cliente	3.0.0-SP.36	-	91beb214f21ee98f85689b4f248f33ec8c1e1091
io.cronapp	cronapp-acesso-cliente	3.0.0-SP.37	-	558e260f51a806384cdaf980fb39cd310203713c
io.cronapp	cronapp-acesso-cliente	3.0.0-SP.39	-	ec4f4e47e6ea3ea020f8aa7c3a03971d0f81eb7f
io.cronapp	cronapp-acesso-cliente	3.0.0-SP.4	-	f7d0bedf60828ee42d3712e42dacd82ba9ddbede
io.cronapp	cronapp-acesso-cliente	3.0.0-SP.40	-	ce81a7f33ac0891dbf16f3f87e8c3cc13912da7a
io.cronapp	cronapp-acesso-cliente	3.0.0-SP.41	-	c0a9f058a6f36e641468cae4c6c0d964a663995d
io.cronapp	cronapp-acesso-cliente	3.0.0-SP.42	-	c258486769f01d361a54dc88af2894c54452ec94
io.cronapp	cronapp-acesso-cliente	3.0.0-SP.43	-	72f31e05648fdc33a5ab93f8300bb4d034921134
io.cronapp	cronapp-acesso-cliente	3.0.0-SP.44	-	095dd427be2820c6736bfbbd92209458465124e4
io.cronapp	cronapp-acesso-cliente	3.0.0-SP.45	-	cec88349bb0231f55e462e2fb90acf17f12ffb6a
io.cronapp	cronapp-acesso-cliente	3.0.0-SP.46	-	b6749131206abcfe92cc79fcafd133a084fb5908
io.cronapp	cronapp-acesso-cliente	3.0.0-SP.47	-	cb46bb4161ddeed20708425b2cc2b333fccc7732
io.cronapp	cronapp-acesso-cliente	3.0.0-SP.48	-	5b31ca90c680ef4ecde5a88a17b512d7612a1a49
io.cronapp	cronapp-acesso-cliente	3.0.0-SP.49	-	2e9f66e9d46ba1c7e966aa69ac7263a7c3035393
io.cronapp	cronapp-acesso-cliente	3.0.0-SP.5	-	92ae043dd47535cfeeda11baa1a403ea1cad7437
io.cronapp	cronapp-acesso-cliente	3.0.0-SP.50	-	0b249fd24f364d8e23b2bc839061bfde3e99e206
io.cronapp	cronapp-acesso-cliente	3.0.0-SP.51	-	fd31db3fee9604753114ddb5e9b06e9f076e7fe0
io.cronapp	cronapp-acesso-cliente	3.0.0-SP.52	-	5be96595c384d8440b3a77f979bdb4d2b4cd28db
io.cronapp	cronapp-acesso-cliente	3.0.0-SP.53	-	34b8edf5fbe360f6ec9e84322df843384ab3c701
io.cronapp	cronapp-acesso-cliente	3.0.0-SP.54	-	8fe13ff4ec4c72a82f6822ed712172e1faa01530
io.cronapp	cronapp-acesso-cliente	3.0.0-SP.55	-	9a4e49a7899107bf8e7cd207804a1e40ed9d2015
io.cronapp	cronapp-acesso-cliente	3.0.0-SP.56	-	bdf50d240127365297b1cb787e611844103d9b6a
io.cronapp	cronapp-acesso-cliente	3.0.0-SP.57	-	7b52a141b69b0790adef44f237d48d447c5036d3
io.cronapp	cronapp-acesso-cliente	3.0.0-SP.6	-	3d891d4b78254c0fa66b01e590131f51f76c24e6
io.cronapp	cronapp-acesso-cliente	3.0.0-SP.7	-	cee049eb05a34098a2c00aba2be207489eb37305
io.cronapp	cronapp-acesso-cliente	3.0.0-SP.8	-	c929f81b010ae25cf0bda235fc95ff97883fa849
io.cronapp	cronapp-acesso-cliente	3.0.0-SP.9	-	6bf61d1770d645f8f6d4098a815677d887b6ec58
io.cronapp	cronapp-acesso-cliente	3.1.0	-	efb1f8331ee28940960b4ffead8373dd6ff94f5a
io.cronapp	cronapp-acesso-cliente	3.1.0-SP.1	-	91ed550b4578f0dc09b2d1dbf3762d26346fe911
io.cronapp	cronapp-acesso-cliente	3.1.0-SP.2	-	141271c659fb66535a07c2eb198a45db46d88727
io.cronapp	cronapp-acesso-cliente	3.1.0-SP.3	-	a04cb126ea0bff5d07bf83ef7c93d15a9d2317fc
io.cronapp	cronapp-acesso-cliente	3.1.0-SP.4	-	1db982a49ca5a2374271901752f8252d1babca35
io.cronapp	cronapp-acesso-cliente	3.1.0-SP.5	-	8bd7041042528e0c76775cd67ed707e932bdd159
io.cronapp	cronapp-acesso-cliente	3.1.0-SP.6	-	16b699ca5a4fcb4725ddc376c4693b43bcf35e8f
io.cronapp	cronapp-acesso-cliente	3.2.0	-	34527944d348e0b5ed5db9e21cb0c7189b137a3d
io.cronapp	cronapp-acesso-cliente	3.2.0-SP.1	-	de9931229a04171cb6c35f0401802904819bc6a3
io.cronapp	cronapp-acesso-cliente	3.2.0-SP.10	-	967e90a45d3d4681402c6629d6e303b94c1d121b
io.cronapp	cronapp-acesso-cliente	3.2.0-SP.11	-	2d5a93e5fa27e55cdc281b0f09f0df12912984f0
io.cronapp	cronapp-acesso-cliente	3.2.0-SP.12	-	00b347b6134adf78d3337733d16baf496da85fa8
io.cronapp	cronapp-acesso-cliente	3.2.0-SP.13	-	e8817342d55005539d2a6415672f4b64a524d28a
io.cronapp	cronapp-acesso-cliente	3.2.0-SP.2	-	3b0870bf378d8e131abbefa78a9999aaf2c4f917
io.cronapp	cronapp-acesso-cliente	3.2.0-SP.3	-	3300a3deed419800ecaf6a9dad636e45b7721ce9
io.cronapp	cronapp-acesso-cliente	3.2.0-SP.4	-	3c1ed5c6beae0f0f7caf6139e2b0503e693a5fbf
io.cronapp	cronapp-acesso-cliente	3.2.0-SP.5	-	fa75174ec6dc32b922f0eb7fc5492fcf3e86e6d3
io.cronapp	cronapp-acesso-cliente	3.2.0-SP.6	-	3b7808368dfd00eacbeb316180a5ef8f44fea791
io.cronapp	cronapp-acesso-cliente	3.2.0-SP.7	-	c96ad193db5d1aca5d4a4adfe31b16f2058d31fd
io.cronapp	cronapp-acesso-cliente	3.2.0-SP.8	-	263a1b76655d81271e5607e8425334f3b72dfe44
io.cronapp	cronapp-acesso-cliente	3.2.0-SP.9	-	fdfc87bdea37e23d8b266e485637a489823656eb
io.cronapp	cronapp-acesso-cliente	3.2.1	-	c683408e3ec383ffacbcbc1b3c3ef0735f734dc5
io.cronapp	cronapp-acesso-cliente	3.2.1-SP.1	-	b7303ade36ad37e4af3175a5d0219395464f5683
io.cronapp	cronapp-acesso-cliente	3.2.1-SP.2	-	78884cfae8cd5d8c4ffe254dabd3adec34460d94
io.cronapp	cronapp-acesso-cliente	3.2.1-SP.3	-	33c5f120bcbfee168168adc80584b432a91ab014
io.cronapp	cronapp-acesso-cliente	3.2.1-SP.4	-	9c2c35d2c6fb367e267f33bcdc1240d059f2131c
io.cronapp	cronapp-acesso-cliente	3.2.1-SP.5	-	1bb658a7b83b45087a586f884732ef12cd05197e
io.fabric8.ipaas.apps	fabric8	2.2.31	-	d59fa8ad4595cf335f09cd43a980cfeea22fd3e7
io.fabric8.ipaas.apps	fabric8	2.2.32	-	a123d065cd57e82499207e485efd6f8e1f789d30
io.fabric8.ipaas.apps	fabric8	2.2.33	-	0048791e86f8fdf31e4b7bbd9e922f3b828c6809
io.fabric8.ipaas.apps	fabric8	2.2.34	-	596ec82e9d531d154a5592981af5a477267b6772
io.fabric8.ipaas.apps	fabric8	2.2.35	-	1353399ca42835286efb918ed02114b956bd9d35
io.fabric8.ipaas.apps	fabric8	2.2.37	-	c337a9b1bd46ea73281cbc2a928dc0715deb3e8e
io.fabric8.ipaas.apps	fabric8	2.2.38	-	f9798501d7f324c1f85446d36a7ef6bf5a1d7ef2
io.fabric8.ipaas.apps	fabric8	2.2.39	-	7a9ad6ab0294f4d9cea3b9634668e8300d2c7f6a
io.fabric8.ipaas.apps	fabric8	2.2.40	-	68f2220670b8446a127cb51df2dd3dbe80af9c5c
io.fabric8.ipaas.apps	fabric8	2.2.41	-	1722d7fb1772d51e6b0c1b4561cb96f25465f06c
io.fabric8.ipaas.apps	fabric8	2.2.42	-	c4692dd014621dc27605468934e885ed8ab6bad0
io.fabric8.ipaas.apps	fabric8	2.2.43	-	95b3dcd7db4852f5ff858e1eecb096f41b1ac340
io.fabric8.ipaas.apps	fabric8	2.2.44	-	c14d23d35103acdc5ab9a343ec5e05d9ea361c67
io.fabric8.ipaas.apps	fabric8	2.2.46	-	cfadaf4c477100f63bbebcba4ddfa9257651d8e1
io.fabric8.ipaas.apps	fabric8	2.2.47	-	c1e179f4e0e5ce148079c9ac38619581838be287
io.fabric8.ipaas.apps	fabric8	2.2.48	-	3de3e7d89b34a5feb4ec87d41b5a8827c555355d
io.fabric8.ipaas.apps	fabric8	2.2.49	-	3b983e7e7713255dbfea87d4620dbebcb78746a2
io.fabric8.ipaas.apps	fabric8	2.2.50	-	2d6c4861cf8a2cd05b30330633a1fe3499aa3618
io.fabric8.ipaas.apps	fabric8	2.2.51	-	154c0c07ee1fe598adfd427fc7efcb3a535181a9
io.fabric8.ipaas.apps	fabric8	2.2.52	-	85df92575d5d31730718e0a2e21f3519926b3803
io.fabric8.ipaas.apps	fabric8	2.2.53	-	f7859cd37af8671a79b9a4af8f0d93e23c0333fd
io.fabric8.ipaas.apps	fabric8	2.2.54	-	87e6ec55ce4d3162e243d368550e44546a306e9b
io.fabric8.ipaas.apps	fabric8	2.2.55	-	bd50e33ab8e64b37d2c668064d506ddd8bd13b1f
io.fabric8.ipaas.apps	fabric8	2.2.56	-	8350dee857606c3fb1989d6c4a91ed8b6474e3db
io.fabric8.ipaas.apps	fabric8	2.2.57	-	7c8bbba1373ce122f9755408f2fb4e82a5957dca
io.fabric8.ipaas.apps	fabric8	2.2.58	-	7251e9ca6dff275b5d233dfc333b8a86eadabf8f
io.fabric8.ipaas.apps	fabric8	2.2.59	-	c4b08860ad849afe59a0b73b8dec640bc781e818
io.fabric8.ipaas.apps	fabric8	2.2.60	-	ef7bfa780f59bd1afe2bc5f0835da92abef33755
io.fabric8.ipaas.apps	fabric8	2.2.61	-	ed52cc8275b06f895dbf9409bc9f9af1b2ccba8f
io.fabric8.ipaas.apps	fabric8	2.2.62	-	d6f34925478b38385781dfcdae2f838458fe803c
io.fabric8.ipaas.apps	fabric8	2.2.63	-	c86afdcd5492c50b49c40b1c348f63d618a73846
io.fabric8.ipaas.apps	fabric8	2.2.64	-	c485d83713870c39fd427239104575c2ec4857c7
io.fabric8.ipaas.apps	fabric8	2.2.65	-	38c90d57a35beb79ee8d82d83c0763c430159f65
io.fabric8.ipaas.apps	fabric8	2.2.66	-	4acd8a68c4333c0669592a8c75e4b823d2d6b713
io.fabric8.ipaas.apps	fabric8	2.2.67	-	d7ee489b4d87c9af81e58563c3e351416609ef88
io.fabric8.ipaas.apps	fabric8	2.2.68	-	4cb7c63dc20717da5469d61fee55581effe9d486
io.fabric8.ipaas.apps	fabric8	2.2.69	-	d937ff1ac2ac136b9d04d6673b52034708518afe
io.fabric8.ipaas.apps	fabric8	2.2.70	-	134e6289a37d613488f948483e714481dd28b0ca
io.fabric8.ipaas.apps	fabric8	2.2.71	-	dc01c08b0a4a470bdee629b55ac932d47197ef98
io.fabric8.ipaas.apps	fabric8	2.2.72	-	8ca306b9495db703fb183284caadf018582f3e48
io.fabric8.ipaas.apps	fabric8	2.2.73	-	4752088a24c87e408947bb1ac497596c298c75e2
io.fabric8.ipaas.apps	fabric8	2.2.74	-	1195f31594ef8cc8c1d74a4a1cafe1ebfcdc41f5
io.fabric8.ipaas.apps	fabric8	2.2.75	-	0e2c016153e3f844c9d72919d1d4ade29d71dd25
io.fabric8.ipaas.apps	fabric8	2.2.76	-	793716a5b5ebce5a852b6917286b395f682cde8b
io.fabric8.ipaas.apps	fabric8	2.2.77	-	39a76ac82c21400b1e502ff67df7f0a6ee32a005
io.fabric8.ipaas.apps	fabric8	2.2.78	-	57bf9b995c5001b2f7ede772a121aa941c9e7dcf
io.fabric8.ipaas.apps	fabric8	2.2.79	-	ae9d85d5f2eba7ad4433186cb1a9ccd63933acca
io.fabric8.ipaas.apps	fabric8	2.2.80	-	19291ed2eaeeeb71d7f6b44183bf6aeb9dc5bd95
io.fabric8.ipaas.apps	fabric8	2.2.81	-	a3269f3e6976b72ef10d51d654a5164e191afda0
io.fabric8.ipaas.apps	fabric8	2.2.82	-	dc751f6d59e562189cde978bfde1e44da93cfba9
io.fabric8.ipaas.apps	fabric8	2.2.83	-	b76a3ccb6f7d37bdde4a3af0988557cae14e0e66
io.fabric8.ipaas.apps	fabric8	2.2.84	-	23f2ba054de880012b16c8200ebad5d051d54d3c
io.fabric8.ipaas.apps	fabric8	2.2.85	-	4dd6d6243e9c3c3793529b18f2926482d5359ea3
io.fabric8.ipaas.apps	fabric8	2.2.86	-	d9b9eda9a8adc170c0b4be7ebb536fe279342894
io.fabric8.ipaas.apps	fabric8	2.2.87	-	ad9fde364d36eeb87f64310de59de234bf6e54ad
io.fabric8.ipaas.apps	fabric8	2.2.88	-	626f854adb1e1b7a8acd8e6a6cd1dce14258e286
io.fabric8.ipaas.apps	fabric8	2.2.89	-	a946837e01bad818c6628bdacb8d2497e66ddad5
io.fabric8.ipaas.apps	fabric8	2.2.90	-	d213d96fe098230f3d363cb85bc5602a411773d7
io.fabric8.ipaas.apps	fabric8	2.2.91	-	6bc0e73d12fdf0182af27115450a318af0cbf77c
io.fabric8.ipaas.apps	fabric8	2.2.92	-	2f790cfc290ae62e20024024ad1ae85819a5531e
io.fabric8.ipaas.apps	fabric8	2.2.93	-	2f5f93c78e1753f31d8ed9b371c12c469366dc66
io.fabric8.ipaas.apps	fabric8	2.2.94	-	02f3c44eaba47560e5a4461054ce2e9553f8fdf6
io.fabric8.ipaas.apps	fabric8	2.2.95	-	d7d83458508527e859dc101dbdc7729a6e5b0b6b
io.fabric8.ipaas.apps	fabric8	2.2.96	-	31fcb6f75fd2b6809ac02f338053c0c4abfa2e1a
io.fabric8.ipaas.apps	fabric8	2.3.0	-	d0459956f750dee4ca0ab2db6a6c6b9cfaf26a27
io.fabric8.quickstarts	hystrix	2.2.105	-	00b79cbd045772c4a4256c49565308cafbd6ad16
io.fabric8.quickstarts	hystrix	2.2.106	-	83c06604bbb2d4bc07405f8d1ee5d33a65fd1eaa
io.fabric8.quickstarts	hystrix	2.2.109	-	1b3f339db7a3a77675b1c0d09ebfc0ef6e216bf0
io.fabric8.quickstarts	hystrix	2.2.112	-	e9003b98bf4b6b821193017551a05c53456246e0
io.fabric8.quickstarts	hystrix	2.2.113	-	29d48820c165dd2a9f89f7f0aebf00892363e8fe
io.fabric8.quickstarts	hystrix	2.2.114	-	5968d8c81b7eab26d2cbaf6744a3091044f8e323
io.fabric8.quickstarts	hystrix	2.2.123	-	a7e0432c92c84c39538bc4876f643383866d85fc
io.fabric8.quickstarts	hystrix	2.2.125	-	f3298622eef774557297662e78e17f0404a09fdd
io.fabric8.quickstarts	hystrix	2.2.126	-	3a2a1c6f92eceac66116bc7bd1f687b9a882ac1a
io.fabric8.quickstarts	hystrix	2.2.127	-	dd8c0bf072c8e0c6f79e6f5c8484bf9497bd8688
io.fabric8.quickstarts	hystrix	2.2.130	-	22d68fc9b245913020c72bcfe730cd6915164b46
io.fabric8.quickstarts	hystrix	2.2.131	-	07298a71809fa30408569ba4367a764a7441e598
io.fabric8.quickstarts	hystrix	2.2.132	-	732100356f54d51aee195831c763695524563ac5
io.fabric8.quickstarts	hystrix	2.2.133	-	052c08b1b7ca288d7c1036f3eb31eb473216680d
io.fabric8.quickstarts	hystrix	2.2.134	-	1f7213cb7fe6cf37fd4a6ba799fbc1fb74d3f4a2
io.fabric8.quickstarts	hystrix	2.2.135	-	560180370008c10e21ac9a97fafd338b180beaed
io.fabric8.quickstarts	hystrix	2.2.136	-	abc3d588dad1b23a2193ec105ca12b0482dbb9e5
io.fabric8.quickstarts	hystrix	2.2.138	-	5c555797400c70cc1263da1bb7fecfdfc5f8b045
io.fabric8.quickstarts	hystrix	2.2.140	-	4680f438050e69c857a4c395e80ef52c3ba48610
io.fabric8.quickstarts	hystrix	2.2.141	-	231659bb92caec23230c04b1735d98893e3e3a29
io.fabric8.quickstarts	hystrix	2.2.142	-	76cbe87b7dae1adc899d31b732d22212fa708fa9
io.fabric8.quickstarts	hystrix	2.2.144	-	ef36e799a2a68dbbf5f4448be804fbe582e6416f
io.fabric8.quickstarts	hystrix	2.2.145	-	a28d1aa7cba41134121597423b72bee0d7fd4496
io.fabric8.quickstarts	hystrix	2.2.148	-	4517b57efe3e352f257e502426283a36fed53172
io.fabric8.quickstarts	hystrix	2.2.149	-	a292efabca411d2f829777d422ecb1fd1590645a
io.get-coursier.jvm.indices	index-linux-ppc64	0.0.4-100-c0b4ab	-	62c02416825bd5d417ed7b1cbe18adc9f1905e4b
io.get-coursier.jvm.indices	index-linux-ppc64	0.0.4-101-a8fc0c	-	cf6493bba484853ade94434260022502ccad828e
io.get-coursier.jvm.indices	index-linux-ppc64	0.0.4-102-603485	-	861ef08962dc612738aa9ad9bb802f08f60cb29a
io.get-coursier.jvm.indices	index-linux-ppc64	0.0.4-103-a2e4b9	-	b378b792eb20cde4f7746404ef2252fec7e7aaf8
io.get-coursier.jvm.indices	index-linux-ppc64	0.0.4-107-cb7328	-	4a1fb36df8b15975b51c7ad2cce9e72819985c2c
io.get-coursier.jvm.indices	index-linux-ppc64	0.0.4-108-721e87	-	82f9187dafeb154722c193bdce46bd45ff10eda9
io.get-coursier.jvm.indices	index-linux-ppc64	0.0.4-109-dd51ff	-	22f0df7464e6477067e138d0396f623d03dc9f4b
io.get-coursier.jvm.indices	index-linux-ppc64	0.0.4-110-420833	-	53a2dd8f350b7bfacc35ae610dc2b03a4e0cd8e2
io.get-coursier.jvm.indices	index-linux-ppc64	0.0.4-41-7a9754	-	edb77ec7c302aba41684132f1a63cbc83a50de55
io.get-coursier.jvm.indices	index-linux-ppc64	0.0.4-44-885bdf	-	4984ecae0d00eadcbc71cb14089a06734a190d2d
io.get-coursier.jvm.indices	index-linux-ppc64	0.0.4-55-a6b65a	-	cbc5601eceb656f29c858731bf6d029eb463e182
io.get-coursier.jvm.indices	index-linux-ppc64	0.0.4-58-5b73e9	-	1789c79b6add9c3d8a6669626c4d0a4747b45879
io.get-coursier.jvm.indices	index-linux-ppc64	0.0.4-59-ff28b2	-	2affbe50187e8e5afda0f4818974abf8def42c33
io.get-coursier.jvm.indices	index-linux-ppc64	0.0.4-62-67caea	-	66682608f8fe06f02322f87a750de18beb64b2c7
io.get-coursier.jvm.indices	index-linux-ppc64	0.0.4-63-d2b7f7	-	8cb82804d84e3364da11e757ccba7890722dcffd
io.get-coursier.jvm.indices	index-linux-ppc64	0.0.4-64-11f282	-	809a4a3520b26fb3b2b378ab702d974d04543cbf
io.get-coursier.jvm.indices	index-linux-ppc64	0.0.4-65-49e940	-	9ab84b11e1ccb47dd336982a65dd54d537aebf09
io.get-coursier.jvm.indices	index-linux-ppc64	0.0.4-66-20fa89	-	d1fe492d09847f3e1b4fb0857e4f82c602551339
io.get-coursier.jvm.indices	index-linux-ppc64	0.0.4-68-5732fa	-	3cbc6f3cfa7a10361171bfe1261e73330fba5cfa
io.get-coursier.jvm.indices	index-linux-ppc64	0.0.4-70-51469f	-	e42aa85389a0563d6edb5eb338c710d63f65f2f0
io.get-coursier.jvm.indices	index-linux-ppc64	0.0.4-71-a6652a	-	d0034e68d9e6e2d01ae7b656adc55d0c138e795d
io.get-coursier.jvm.indices	index-linux-ppc64	0.0.4-73-69c4d9	-	98c2c71fd30e3cb49fdc60ae44f623b153471487
io.get-coursier.jvm.indices	index-linux-ppc64	0.0.4-77-06b1a6	-	27d4f60e5504bbd2ab74b61fdb0319e04a99a7ca
io.get-coursier.jvm.indices	index-linux-ppc64	0.0.4-79-723cdc	-	e284415935c411dd62451332eca199f47c75cfc6
io.get-coursier.jvm.indices	index-linux-ppc64	0.0.4-81-8cbe84	-	6852701d2b8f2c79e0aa6497ded3ce91a0d2f05b
io.get-coursier.jvm.indices	index-linux-ppc64	0.0.4-82-9cfcdd	-	3c5b220a1845daae28e74fbd532f91525d665772
io.get-coursier.jvm.indices	index-linux-ppc64	0.0.4-83-9cf634	-	1d46675dbbacc93d7d52a587e0518de694558921
io.get-coursier.jvm.indices	index-linux-ppc64	0.0.4-84-f852c6	-	3b54ce35b8fae76f2476e65cfbd890133b97ca39
io.get-coursier.jvm.indices	index-linux-ppc64	0.0.4-85-b2b41f	-	4c104af8e72cf613a0b8f7e090e5859f47069bf0
io.get-coursier.jvm.indices	index-linux-ppc64	0.0.4-86-0a8c08	-	8811dcf45f0772adfdcab1f3c7ff5bc82a20bc9e
io.get-coursier.jvm.indices	index-linux-ppc64	0.0.4-87-8063ff	-	818feebccef11e7802ef6ba0e4088264ffb05531
io.get-coursier.jvm.indices	index-linux-ppc64	0.0.4-88-f9ba3d	-	d31be0eda28ef03b91e9197a64ab8012b1fd4fea
io.get-coursier.jvm.indices	index-linux-ppc64	0.0.4-89-4d990c	-	bbca97dc3d3b37e43d7c3b06556ee86dfd10da92
io.get-coursier.jvm.indices	index-linux-ppc64	0.0.4-90-081432	-	6124d6704aad662b36f57dc0ce2514d2ea07b613
io.get-coursier.jvm.indices	index-linux-ppc64	0.0.4-91-325d6e	-	0e6d24a74102b500ef6a5e4f7fd0661d192a503b
io.get-coursier.jvm.indices	index-linux-ppc64	0.0.4-92-ed94d5	-	a50b0dd1ea997a9d0106133bc8ae40bd7845dd03
io.get-coursier.jvm.indices	index-linux-ppc64	0.0.4-93-f2b1c3	-	b62821e598be63354f45e5ec4d45624a7f429be7
io.get-coursier.jvm.indices	index-linux-ppc64	0.0.4-94-0d264e	-	784724643adb60b15bc8b758574a027f197a8aa7
io.get-coursier.jvm.indices	index-linux-ppc64	0.0.4-96-030fe8	-	ba58561e4dd66f8da1a752d72ac4432b755e23ba
io.get-coursier.jvm.indices	index-linux-ppc64	0.0.4-97-1ef41f	-	4063e53c36b941034caebda0da87e982c4186d2b
io.get-coursier.jvm.indices	index-linux-ppc64	0.0.4-98-2b94c1	-	82cf449b81072392c8354a7903437333d125b365
io.get-coursier.jvm.indices	index-linux-ppc64	0.0.4-99-dfe738	-	7ea91c6990d7f068aec550a640e34cfcffb129c0
io.github.arkinator	mockserver-client-java	5.11.3	-	fbb0cb92c6696c6bae3e1c18bf747588673148aa
io.github.arkinator	mockserver-client-java	5.11.4	-	73f471edca685d3f80946350784f323bad58ee7d
io.github.arkinator	mockserver-client-java	5.11.5	-	406ed29af30548bfc244e3273db1f086dfeba4dc
io.github.arkinator	mockserver-client-java	5.11.6	-	2a35976c11fdabc32173bde06fbe944967fff108
io.github.arkinator	mockserver-client-java	5.11.7	-	04b199b3984c53d7380049b143cfa1b048c7033d
io.github.arkinator	mockserver-client-java	5.11.8	-	716ff45721dd3be84a650cedb05b625e010a9301
io.github.arkinator	mockserver-client-java	5.11.9	-	85081a83cc0189d0f693bd6e5dae05acf80f14a5
io.github.arkinator	mockserver-client-java	5.14.1	-	aeea0d22b52cfca0d3cb193ef2fc3b9b322564e0
io.github.arkinator	mockserver-client-java	5.14.1	5.14.1-shaded	ddee48d3843c3f55132157d3bc13037da417b4ba
io.github.bbstilson	sbt-codeartifact-core_2.12_1.0	0.0.1	sbt-codeartifact-core-0.0.1	04ba612b868700961755f2598450d8c342f131da
io.github.bbstilson	sbt-codeartifact-core_2.12_1.0	0.1.1	sbt-codeartifact-core-0.1.1	b83d4f7fb2b68a39dd5c5f321cd5b0c62967216b
io.github.bbstilson	sbt-codeartifact-core_2.12_1.0	0.1.2	sbt-codeartifact-core-0.1.2	57c64de1e4712a130349db20cc5ac1283dc6a695
io.github.bbstilson	sbt-codeartifact-core_2.12_1.0	0.1.3	sbt-codeartifact-core-0.1.3	756df4090814e09e32d0d0b8418f276756fac6ce
io.github.bbstilson	sbt-codeartifact-core_2.12_1.0	0.1.4	sbt-codeartifact-core-0.1.4	e09c4f64b0832b346c1493054cc75db6afe6ec4f
io.github.bbstilson	sbt-codeartifact-core_2.12_1.0	0.2.0	sbt-codeartifact-core-0.2.0	5eec53b9db3c9637da1f572bdabbcee76dac0da9
io.github.bbstilson	sbt-codeartifact-core_2.12_1.0	0.2.1	sbt-codeartifact-core-0.2.1	cee910ea0a3d9fa51825ece0f9f75a68eb81a4af
io.github.bbstilson	sbt-codeartifact-core_2.12_1.0	0.2.2	sbt-codeartifact-core-0.2.2	ee56c8f12a920bf70d3bf0912bdf2a66c5ec0a35
io.github.bbstilson	sbt-codeartifact-core_2.12_1.0	0.2.3	sbt-codeartifact-core-0.2.3	edbe945c398aea5715420d83e1c4cbbacaa13666
io.github.bbstilson	sbt-codeartifact-core_2.12_1.0	0.2.4	sbt-codeartifact-core-0.2.4	98d7653433a67c95703cf748183df608e0fefd39
io.github.bbstilson	sbt-codeartifact-core_2.12_1.0	0.2.6	-	eca799f9e1391547ba66191ca4268773ff6e59d7
io.github.bbstilson	sbt-codeartifact-core_2.12_1.0	0.2.6	sbt-codeartifact-core-0.2.6	eca799f9e1391547ba66191ca4268773ff6e59d7
io.github.hughsimpson	scalameter-core_2.13	0.22	-	e843ed6f3a7725b24ab24ec8d414eec7b3abd9ce
io.github.hughsimpson	scalameter-core_2.13	0.22.1	-	331c945dd815bbf63fe431b305e07abd964b202c
io.github.outwatch	outwatch-reactive_sjs1_2.13	1.0.0-RC3	-	8c7413737ebab9a76fd9c531fbc0e639eda06f6a
io.github.outwatch	outwatch-reactive_sjs1_2.13	1.0.0-RC4	-	6dde59201a9a9c83c327124fd835edc10ef8bc56
io.github.outwatch	outwatch-reactive_sjs1_2.13	1.0.0-RC5	-	6c2b8f9281ca3ae23631d25fe6245f6941d1823f
io.github.outwatch	outwatch-reactive_sjs1_2.13	1.0.0-RC6	-	ebbb24cf3674a3a63debaaec9ecc6a7883cdd514
io.github.relaxng	trang	20161104	-	93007e9ca3721546d280f729daf124a9369b9e17
io.github.relaxng	trang	20161127	-	5072f9e611ad4ac3dc8f796afbabacc356ad6a2c
io.github.shuigedeng	taotao-cloud-starter-websocket	1999.10	-	380472e3044e1cad2ebfd1686c05059671f57b7f
io.github.shuigedeng	taotao-cloud-starter-websocket	2022.08	-	a75f3c84d14e20ec1f501a80c11120a221b586f9
io.github.shuigedeng	taotao-cloud-starter-websocket	2022.09	-	d13bb5b052b473bafb0b2e71be82939528c24138
io.github.shuigedeng	taotao-cloud-starter-websocket	2022.10	-	680492dd29d949fcc6fba5822cfd7a7c2ebc5e78
io.github.shuigedeng	taotao-cloud-starter-websocket	2022.11	-	0cd35bf6a9671a19a2e45119fd06be8c4c1e9cbe
io.github.shuigedeng	taotao-cloud-starter-websocket	2022.12	-	0b1f37168e4719316a097ad0a4569080bbf0a130
io.github.shuigedeng	taotao-cloud-starter-websocket	2023.02	-	c6fa92a5e4ed3aec0671c210fa5c967b6d336008
io.github.shuigedeng	taotao-cloud-starter-websocket	2023.03	-	88e98aa97332745a95a578492c12d09a623ce2c3
io.github.shuigedeng	taotao-cloud-starter-websocket	2023.04	-	300faafd327efee10f3aea3d94f875e21473c40e
io.github.shuigedeng	taotao-cloud-starter-websocket	2023.05	-	c08a52a8327d42d0826f91fae69470993c42d688
io.github.shuigedeng	taotao-cloud-starter-websocket	2023.07	-	a60cfe30128d373d6039581ec67acb190ac5280a
io.github.shuigedeng	taotao-cloud-starter-websocket	2023.08	-	229269ba7ae469103ce3c39969aa8cbd3c5679b2
io.github.shuigedeng	taotao-cloud-starter-websocket	2023.09	-	c9a3f944323017f6362d78d8f8284f8c8492aca2
io.github.shuigedeng	taotao-cloud-starter-websocket	2023.10	-	769a5a3753f3ef4837628e07b02629ec60fe813d
io.github.shuigedeng	taotao-cloud-starter-websocket	2023.11	-	3a76bc9311a15ffe377abd3b4ac0b9662d20af35
io.github.shuigedeng	taotao-cloud-starter-websocket	2023.12	-	ed24d7e16d7dbc3f0bb10cf930a85c746f06aa9c
io.github.shuigedeng	taotao-cloud-starter-websocket	2023.2.01	-	5497c1d516e0b0a0c9d0a5e36ba959949251780d
io.github.shuigedeng	taotao-cloud-starter-websocket	2023.3.01	-	cd7a25596100371920015968e943243744e021e7
io.github.shuigedeng	taotao-cloud-starter-websocket	2024.01	-	4671536fcd6250efd245680723d52ed4fd117333
io.github.shuigedeng	taotao-cloud-starter-websocket	2024.02	-	ae25a71125f9bc73c2afc1de622897334f1ac232
io.github.shuigedeng	taotao-cloud-starter-websocket	2024.03	-	2c4b7eafe4706b5046cbddc4a4b0f0afa41a0368
io.github.shuigedeng	taotao-cloud-starter-websocket	2024.04	-	e33f7811a48975efab64780474dd970f11434179
io.github.shuigedeng	taotao-cloud-starter-websocket	2024.05	-	9fc0d7a913ea3bd84733ba94712af0a12d34c539
io.github.shuigedeng	taotao-cloud-starter-websocket	2024.06	-	a3df447043baa149dcd7cbb76eaf6f3b864f5343
io.github.shuigedeng	taotao-cloud-starter-websocket	2024.07	-	d0efc4a25c03ae2d1fff1af62e12b07cda5f9522
io.github.shuigedeng	taotao-cloud-starter-websocket	2024.08	-	debdbd3424c8486fbfa840336fec510b0bc8dfc2
io.github.shuigedeng	taotao-cloud-starter-websocket	2024.09	-	56981397e0448e34c7e5dab8fcc27d7c251321c4
io.github.trueangle	precompose-molecule-jvm	1.6.0-rc05	-	3598191b7a9756a473fbff076d3ed141998f9c99
io.github.walterinkitchen	mini-xlsx-reader	1.0.0	-	ec83bc929c1eddb7eba1bf942d1e301cea58f2bb
io.github.walterinkitchen	mini-xlsx-reader	1.0.1	-	0dd55182a2ba06d35078300398b37f9043ffae89
io.github.walterinkitchen	mini-xlsx-reader	1.0.2	-	af0729b5fd3ca595dfba13200b988e583718ce55
io.github.walterinkitchen	mini-xlsx-reader	1.0.3	-	aa0838988861e064f87580027dc9d07c111d263c
io.github.walterinkitchen	mini-xlsx-reader	1.0.4	-	1d3e6d6abd8a8d7db6973e17edc17c29c6e437fd
io.github.walterinkitchen	mini-xlsx-reader	1.0.5	-	5d30e11e21717e7abbc7aa7647ab94a295696b83
io.mantisrx	mql-jvm	3.1.0	-	4f690286504c8de0751ecefb2108fc7f57017485
io.mantisrx	mql-jvm	3.1.1	-	425ba021d8c4fd36ad6e079784d635ac73c1fc84
io.mantisrx	mql-jvm	3.1.2	-	182ad6c7cbf2bdf9bc5ea1888c797d92c35713d8
io.mantisrx	mql-jvm	3.1.3	-	df867404eb287c9e9ceaf71a70aa6d2843bb6620
io.mantisrx	mql-jvm	3.1.4	-	c0446a439a2d6bb8a4a8555f689c8c57814c80b1
io.mantisrx	mql-jvm	3.1.5	-	4db5464aa788735f181e27b9d41adfb1cad77a79
io.mantisrx	mql-jvm	3.1.6	-	204fb1f537cd505aaeda5c52358db5b1dac6bb96
io.mantisrx	mql-jvm	3.1.7	-	7bf8e15df3493c4893c0dc5228b72f325db2f95b
io.mantisrx	mql-jvm	3.2.0	-	69c3c7d551347638c361f940677c4f6521236326
io.mantisrx	mql-jvm	3.2.1	-	96b09632cb5a98876ca4de1739e63af966d9ad3d
io.mantisrx	mql-jvm	3.2.13	-	bbbfc35592433bba327b61881a273bcc0d13f0c6
io.mantisrx	mql-jvm	3.2.2	-	b55b06c5b6e060f3baefd8597ddb79aff2e8ad62
io.mantisrx	mql-jvm	3.2.3	-	f7d7e2d1225dab7d0f2d22d19d7cf84e7e12e3fe
io.mantisrx	mql-jvm	3.2.4	-	e874186337075dd4ed1283c0edf15ea9fe3d536b
io.mantisrx	mql-jvm	3.2.5	-	1d90a372603eeac82430491ece1ea6754eb2c0f9
io.mantisrx	mql-jvm	3.2.6	-	040f331a7b9df6180129c9c19e01bdde8ca6601d
io.mantisrx	mql-jvm	3.2.7	-	df21508cfcfa8ff54c4882c572e2272d31d4256c
io.mantisrx	mql-jvm	3.2.8	-	6f762ab59b747c04f681688915a65f76a7b89e52
io.mantisrx	mql-jvm	3.2.9	-	e76551bc86a2a4f593d71e1fc29cb8f105532fca
io.mantisrx	mql-jvm	3.3.0	-	68357cb02996dba29521c873571847bc1d2a171b
io.mantisrx	mql-jvm	3.4.0	-	e18668154d491e6daf2cd72ff02d3839979ccea3
io.rest-assured	spring-web-test-client-kotlin-extensions	5.4.0	-	1f679f53bed1056e373afe7dd252da7b2dcf3ff6
io.rest-assured	spring-web-test-client-kotlin-extensions	5.5.0	-	452ed388d9c06ec8da8ff8a1a14fe9c5344bd4ed
io.rest-assured	spring-web-test-client-kotlin-extensions	5.5.1	-	4a049001186ccff7ea4dc480d24c5a4b0e87c5fc
io.scalajs.npm	splitargs_sjs0.6_2.12	0.0.7	-	eb7cd984475b1f652439340dea8d1f6f13a48bf2
io.scalajs.npm	splitargs_sjs0.6_2.12	0.0.7-1	-	041a8824ed214e1a54a429a2591ace54edc0c5b3
io.scalajs.npm	splitargs_sjs0.6_2.12	0.0.7-3	-	0763e2d9ba34afdf71cb2d91fdcd592cde434db2
io.scalajs.npm	splitargs_sjs0.6_2.12	0.0.7-4	-	52dde2b1904d9d9d4671214024d7950fd7081d9c
io.scalajs.npm	splitargs_sjs0.6_2.12	0.3.0.0-RC2	-	b394d1110c2bdc4928255ef28246d432658ab764
io.scalajs.npm	splitargs_sjs0.6_2.12	0.3.0.0-RC3	-	dfd68a8a5a47876b0dd2ebf990b27d4b667a38e7
io.scalajs.npm	splitargs_sjs0.6_2.12	0.3.0.1	-	2a1ed6fa7956003622bd05f94c37e0ff822b7bf1
io.scalajs.npm	splitargs_sjs0.6_2.12	0.3.0.3	-	e2f56b93e2c31a0a6b8777197c653b9f8855a6c5
io.scalajs.npm	splitargs_sjs0.6_2.12	0.4.0	-	518f7260557d51c76f38c597b2c47c002d08b956
io.scalajs.npm	splitargs_sjs0.6_2.12	0.4.0-pre1	-	35a99cd692c1e901b02fc3051c5c283f5d404232
io.scalajs.npm	splitargs_sjs0.6_2.12	0.4.0-pre2	-	674b1bf3bb7250f3be046caad2092ddbfc4b1aad
io.scalajs.npm	splitargs_sjs0.6_2.12	0.4.0-pre3	-	01391a9ab6d6e14fb2ac8e06be0141db41304adc
io.scalajs.npm	splitargs_sjs0.6_2.12	0.4.0-pre4	-	7f95fbb84177e3285703e1b3787d4d777f94368f
io.scalajs.npm	splitargs_sjs0.6_2.12	0.4.0-pre5	-	2bef855ba01a2bb4ebe5310f8f7660bc3264f3b8
io.scalajs.npm	splitargs_sjs0.6_2.12	0.4.1	-	87e19c5427495c2c6ef50f44c8ee86c2258b9bb6
io.scalajs.npm	splitargs_sjs0.6_2.12	0.4.2	-	26427422a874d17c01e8244c04543cf9cd75917b
io.smallrye.testing	smallrye-testing-utilities	0.1.0	-	700f16eaf8892a994ef70ec9a59e35f81a7035fa
io.smallrye.testing	smallrye-testing-utilities	1.0.0	-	604451ef04222b919ca85171f1657f5becfe2688
io.smallrye.testing	smallrye-testing-utilities	1.1.0	-	64183a95f1d9d7e3e7e889c26beb32157a89343f
io.smallrye.testing	smallrye-testing-utilities	1.2.0	-	533a6bdc7129f7ebd19d880d738bbfaa40d3d38e
io.smallrye.testing	smallrye-testing-utilities	2.0.0	-	391f19b0bf14ddf6dc205769f5d2159df95ce832
io.smallrye.testing	smallrye-testing-utilities	2.0.0-RC1	-	17cae7c5aad3182d3ae870297d191422c80d9984
io.smallrye.testing	smallrye-testing-utilities	2.1.0	-	977b91734de778bea5013f11a1304507b319bb8d
io.smallrye.testing	smallrye-testing-utilities	2.2.0	-	b1677f1bdbab155996b7ca5bfe36eaae267725ac
io.smallrye.testing	smallrye-testing-utilities	2.3.0	-	470310b46fe10768b851c07027e5191276e1ec5f
io.smallrye.testing	smallrye-testing-utilities	2.3.1	-	78208170cb15d514cfe793077cb9a377a7b1b672
it.nicolasfarabegoli.pulverization.crowdroom	pulvreakt-crowd-room-watchosarm64	1.2.0	1.2.0-metadata	7e3825c3ceb888ab484ce4f93d0f6e88349d6f12
it.nicolasfarabegoli.pulverization.crowdroom	pulvreakt-crowd-room-watchosarm64	1.2.1	1.2.1-metadata	ebfe4614b7e8da8c8044f2a5820c0444e38d9a37
it.unibo.alchemist	alchemist.protelisdsl.tests	0.0.0	-	71fb6e64a763b31cc4f67f734cea6ab9c0eb101c
it.unibo.alchemist	alchemist.protelisdsl.tests	1.0.0	-	c4772a527f0440d11c634c3ffc17651f3f74318b
it.unibo.alchemist	alchemist.protelisdsl.tests	1.1.0	-	03fcedfa933ad9c9ee3a681f620afc08a450a664
it.unibo.alchemist	alchemist.protelisdsl.tests	1.2.0	-	2ed3931433b2e5e596dfb3b8b8fe50db05048b8f
it.unibo.alchemist	alchemist.protelisdsl.tests	2.0.0	-	3f2afab24a072f31aa9aa1ec88af1520d688593e
it.unibo.alchemist	alchemist.protelisdsl.tests	2.0.1	-	f226a738326b86cd6138ea21b91d35ae903567c9
it.unibo.alchemist	alchemist.protelisdsl.tests	2.0.2	-	ced3c7f37c4de4022399be23c577eb4c4d25e2a8
it.unibo.alchemist	alchemist.protelisdsl.tests	3.0.0	-	8f3d5362de1f9ed39985ba7bd34bc235d9580758
it.unibo.alchemist	alchemist.protelisdsl.tests	3.0.1	-	b2cbea933c6a54fdf72b5e61653b6c26f9761a29
it.unibo.alchemist	alchemist.protelisdsl.tests	3.0.2	-	a5131ed423118fa5589ea5b45b7c73f0e691b77c
it.unibo.alchemist	alchemist.protelisdsl.tests	3.1.0	-	03ee1f9caa5f0efa3f78163ae2d7ab60cfb02c9f
it.unibo.alchemist	alchemist.protelisdsl.tests	3.2.0	-	1f76f84db870c368a2b1afcf3a29d507d77464a4
net.bookrain	kafka	0.0.1	-	f60be21492af3a89947c146f2086efc197cbdf9a
net.databinder	dispatch-oauth_2.8.0	0.7.4	-	957e86815579ecf09c168d06a1d6109d6babc7ea
net.databinder	dispatch-oauth_2.8.0	0.7.5	-	b31a3c2308d5dc7ee5fdaf35715aaeb356ed4dd4
net.databinder	dispatch-oauth_2.8.0	0.7.6	-	31325442cecf8a9a6f741428968931791e183aa0
net.databinder	dispatch-oauth_2.8.0	0.7.7	-	bf255c51d71b8e26a197301b37a3e8556d137e4f
net.databinder	dispatch-oauth_2.8.0	0.7.8	-	a063d216ef66adfca0bf0903ba30963e25dde27b
net.databinder	dispatch-oauth_2.8.0	0.8.0	-	cfd10a635ce9eff25341208a177cb0e2774b8f42
net.databinder	dispatch-oauth_2.8.0	0.8.0.Beta1	-	6d30c96630c7849bcd92fe6ff73e66e93054cc82
net.databinder	dispatch-oauth_2.8.0	0.8.0.Beta2	-	0f85c79f3eb59356c94c159581179b8edaedf459
net.databinder	dispatch-oauth_2.8.0	0.8.0.Beta3	-	a47f8cc5414223fc896d31456008bb2378ccb387
net.databinder	dispatch-oauth_2.8.0	0.8.0.Beta4	-	1e2d8e6c4b6cc63dcf216185fb71f19b2b1b9022
net.databinder	dispatch-oauth_2.8.0	0.8.0.Beta5	-	1397cc59553682292f548c81b00619d31f26f3ab
net.databinder	dispatch-oauth_2.8.0	0.8.1	-	e74514a8a34098e802656e3e49b27d185a4db8f9
net.databinder	dispatch-oauth_2.8.0	0.8.10	-	44802e80bf7c4f215659b57556534c0fdaa5f15e
net.databinder	dispatch-oauth_2.8.0	0.8.2	-	39a8b2c5dc7835b2b8124ee51747451713a35c38
net.databinder	dispatch-oauth_2.8.0	0.8.3	-	cfa8285f1ab770ce859070c4556cfff5215d3ee6
net.databinder	dispatch-oauth_2.8.0	0.8.4	-	9ea967dc45317b455774edd8f98646ac82310be9
net.databinder	dispatch-oauth_2.8.0	0.8.5	-	8014a2f459d77aab9a8c1b871f48e9006ec7ceec
net.databinder	dispatch-oauth_2.8.0	0.8.6	-	73aace1072c7275fee780e9b0294099d9dbca23d
net.databinder	dispatch-oauth_2.8.0	0.8.7	-	3a97466f358ea516593be7bcd72be1ecd35a5f9c
net.databinder	dispatch-oauth_2.8.0	0.8.8	-	4df8b14998aaf3270ea1076df0a1857606b834a7
net.databinder	dispatch-oauth_2.8.0	0.8.9	-	addc9a3f27ff126110e55311a10d502c28914e9e
net.databinder	unfiltered-ajp-server_2.7.7	0.1.0	-	8873af9c68300f6a1b12213bddd79ebcb73d61b7
net.databinder	unfiltered-ajp-server_2.7.7	0.1.1	-	daca6f1324c2513b89ea9f498647123fd0b68d80
net.databinder	unfiltered-ajp-server_2.7.7	0.1.4	-	f6d67f21065c31bd0bb0eac9e7a1b8ec5450a6b3
net.guerlab.sms	guerlab-sms-template-freemarker-support	2.2.1	-	70d753d803d06d7fc53dfd71bc3f7de707af0756
net.guerlab.sms	guerlab-sms-template-freemarker-support	2.2.2	-	6b13bd1a3b95b35223d121641438cb9e3a1a4f2e
net.guerlab.sms	guerlab-sms-template-freemarker-support	2.3.0	-	d953bf87ca35076ec4a9583b6535dcb0973e873e
net.guerlab.sms	guerlab-sms-template-freemarker-support	2.4.0	-	4d641089329136c68c3185e4dad49f6d23c16e60
net.guerlab.sms	guerlab-sms-template-freemarker-support	2.5.0	-	7c43e242ca4b7630108a3c10a922e1f9dc64c6ae
net.osgiliath.framework	net.osgiliath.helper.cdi.eager	0.2.0	-	adf9f1435bbe69ae5a00f5e479a799cb90fd55d6
net.osgiliath.framework	net.osgiliath.helper.cdi.eager	0.2.1	-	4781ecad65057510c2ea7e0500c0dc74d61dee0a
net.osgiliath.framework	net.osgiliath.helper.cdi.eager	0.2.2	-	b8b96b56638155241684302e210f53a3d21a6988
net.osgiliath.framework	net.osgiliath.helper.cdi.eager	0.2.3	-	90edab2ed44488e343745e9d62c1725fd3084e9f
net.rossonet	ar4k-hazelcast	0.1	-	7867146f6360235ef97f313aefb04d58d84413c4
net.rossonet	ar4k-hazelcast	0.1.3	-	a7f117f354efc9bab730e5b3f42e4dd040c0dcb0
net.rossonet	ar4k-hazelcast	0.9.1000	-	cfe4baa9e863e9aec687bf399e6f0a49d6f5d666
net.rossonet	ar4k-hazelcast	0.9.1003	-	9f4b272a056a1442186b2b76a3abe067dd865ed1
net.rossonet	ar4k-hazelcast	0.9.1005	-	f29d1159949498098d9b1eb0259192ee21fb6383
net.rossonet	ar4k-hazelcast	0.9.1006	-	d72dd98df6c8bbe2b5c99e7868c92b1c7f7f1190
net.rossonet	ar4k-hazelcast	0.9.1009	-	5d2ef03ac7a10fb093924653e19a8b4df81c242a
net.rossonet	ar4k-hazelcast	0.9.1014	-	fce19247e96dc5b305ddb684f425a8f1d43d56ae
net.rossonet	ar4k-hazelcast	0.9.3	-	287fb6ee2a40a68494030a71781847163c8a566e
net.rossonet	ar4k-hazelcast	0.9.4	-	90cdc122f05b2a8e1647217ca7920826a256a64f
no.vegvesen.nvdb.reststop	reststop-wicket-plugin	4.0.0	-	00f093f8360656b6cfbd2c103eaab5a43ab9fd81
no.vegvesen.nvdb.reststop	reststop-wicket-plugin	4.0.0-preview	-	c0d1bfd69e8cbb7724a35369aee3ddf79708d168
no.vegvesen.nvdb.reststop	reststop-wicket-plugin	4.0.0-preview-1	-	8a4d5ab9bdd6c8bfee57c2fe614cbf361e02715a
no.vegvesen.nvdb.reststop	reststop-wicket-plugin	4.0.0-preview-2	-	bad548ff1f3731d586e2cd42c86d2bfa0fb4c9db
no.vegvesen.nvdb.reststop	reststop-wicket-plugin	4.0.0-preview-3	-	c67a8126b492879de2bd225d2baa44282cb9a990
no.vegvesen.nvdb.reststop	reststop-wicket-plugin	4.0.0-preview-4	-	bcbf581da28d1abe109b21b1042a2db791d1fed5
no.vegvesen.nvdb.reststop	reststop-wicket-plugin	4.0.0-preview-5	-	86a9d47cd454eecd38b9ae77e95d132446f4e5e4
no.vegvesen.nvdb.reststop	reststop-wicket-plugin	4.0.0-preview-6	-	aaeac6f6b00dcea6c218b724a05d63aa3ae3c999
org.apache.camel	camel-example-loan-broker	1.4.0	-	0801e0e218bd85b13cdf9b029a43d95c68ddc2fa
org.apache.camel	camel-example-loan-broker	1.5.0	-	8f4be273c1bd3d4c4c8e8bd90e321583264bf099
org.apache.camel	camel-example-loan-broker	1.6.0	-	292e24d24204d6b808fd4ad2d4701c55090a4d85
org.apache.camel	camel-example-loan-broker	1.6.1	-	8c4db9822569537a2675cb01c51059a714ac64cc
org.apache.camel	camel-example-loan-broker	1.6.2	-	38c05e5ce0d41cc68df9ab7430d30eadca6ec6fc
org.apache.camel	camel-example-loan-broker	1.6.3	-	74f5dc6576d3527fd5338fda833736d79465a840
org.apache.camel	camel-example-loan-broker	1.6.4	-	266aed16fa8ff95ae449f4c305ab97069b3345a2
org.apache.camel	camel-example-loan-broker	2.0-M1	-	ba16a3b78d867e9e98e8a7d9e3e71409eaec3e5b
org.apache.camel	camel-example-loan-broker	2.0-M2	-	fe965a0eab7c2b9739e25645104b5aeddfb59537
org.apache.camel	camel-example-loan-broker	2.0-M3	-	bd535bf5b5705b6e701113dd1c3e35620676337b
org.apache.camel	camel-example-loan-broker	2.0.0	-	8059cdbf381c468c3ad5fc490024007bb3faa1a4
org.apache.camel	camel-example-loan-broker	2.1.0	-	17a2a0922dff2d405adf6d6d25ce05a83d98a48c
org.apache.camel	camel-example-loan-broker	2.10.0	-	65b8b99cf4196ac075c7a6322abae6866c4caf9d
org.apache.camel	camel-example-loan-broker	2.10.1	-	4fd19a2d9d6035ae9094de97ed4b3824564d928e
org.apache.camel	camel-example-loan-broker	2.10.2	-	68d393e0a84b997af788b98971f24e7afd6324dd
org.apache.camel	camel-example-loan-broker	2.10.3	-	15be7848672986ef5d24754bf1c1e2f27c43c0a2
org.apache.camel	camel-example-loan-broker	2.10.4	-	e695f5aaa7b5ef459269198a957e1401ef612b66
org.apache.camel	camel-example-loan-broker	2.10.5	-	42598e82601408df01acd0bb31405c141d5af238
org.apache.camel	camel-example-loan-broker	2.10.6	-	2e4aa515906095291c4fa4bd5faaf057e527d596
org.apache.camel	camel-example-loan-broker	2.10.7	-	1628faa64006da4f1ce3bfc6cf5cfdf62e4eb09d
org.apache.camel	camel-example-loan-broker	2.11.0	-	b342746a0c10735c7cf225a4cb3926564a49fb61
org.apache.camel	camel-example-loan-broker	2.11.1	-	bb0dcf28c8ef8e52b0f3b368b64ce2fec6a64b0e
org.apache.camel	camel-example-loan-broker	2.11.2	-	67b35b399fa5df8e579e99b9263d53261be0b52f
org.apache.camel	camel-example-loan-broker	2.11.3	-	1c674e1371c4362c2840b5b53c1839ba07aedd8f
org.apache.camel	camel-example-loan-broker	2.11.4	-	193da66430c4fb3e88c60a125125b16948bae43d
org.apache.camel	camel-example-loan-broker	2.12.0	-	4c0ddde61005d5746dcd07a307c3cac490b6d679
org.apache.camel	camel-example-loan-broker	2.12.1	-	f1cc722f9db6084a1c26a5f93020b06debcb58dd
org.apache.camel	camel-example-loan-broker	2.12.2	-	c31d739193684bdd49d682974492233a450488dd
org.apache.camel	camel-example-loan-broker	2.12.3	-	ba3b2d65dcdb2043287d3cb525c6b3b52e661077
org.apache.camel	camel-example-loan-broker	2.12.4	-	1bdb398c6a713b50c08643bb908b13b05f672d2c
org.apache.camel	camel-example-loan-broker	2.12.5	-	a52e0a2b4835a640ca777f96cbb0028ad1b76773
org.apache.camel	camel-example-loan-broker	2.13.0	-	beba6db65298e37b278800bbb60350417a67548e
org.apache.camel	camel-example-loan-broker	2.13.1	-	d36ddefe2284463ef7888c451f571330904437c4
org.apache.camel	camel-example-loan-broker	2.13.2	-	0b37722d0020e3b4ca4045d060544b3c4bf2b53f
org.apache.camel	camel-example-loan-broker	2.13.3	-	fff4ca2e5f0495d404afdb52fd8e681ea60abd81
org.apache.camel	camel-example-loan-broker	2.13.4	-	e8a4e2d4d91372905b2228a941027c570485b67a
org.apache.camel	camel-example-loan-broker	2.14.0	-	91e0673718753411caab4cdb89c2355c66f2a1ba
org.apache.camel	camel-example-loan-broker	2.14.1	-	4094fdac4373dab34082e3a7fac69d264ab29838
org.apache.camel	camel-example-loan-broker	2.14.2	-	2356ec9bfa62c99f80e28f21beb2493f13f4a7b7
org.apache.camel	camel-example-loan-broker	2.14.3	-	13ca1ec537534a02abf4566ecda690ddaa672df5
org.apache.camel	camel-example-loan-broker	2.14.4	-	8c8b8b0f4fec6ed4460d5c223986d0d7272f9648
org.apache.camel	camel-example-loan-broker	2.15.0	-	1ba2533a372a5ee0c4fbe16549b091f6c4b7f664
org.apache.camel	camel-example-loan-broker	2.15.1	-	d5be231218d389909da96167d60182c3e872e2e1
org.apache.camel	camel-example-loan-broker	2.15.2	-	089d33554a09872d313e7a04313b9763cfc7f228
org.apache.camel	camel-example-loan-broker	2.15.3	-	adbbdabfe43128a8725a756e36dd6254d85ee31f
org.apache.camel	camel-example-loan-broker	2.15.4	-	f393d465381a049204bb409e3ae7aa8f07d5b713
org.apache.camel	camel-example-loan-broker	2.15.5	-	1a476ba5d1c4a23d3b631c229bfa12335a2270d6
org.apache.camel	camel-example-loan-broker	2.15.6	-	c46a33a8bd9167821778a5d68dad80449fa84972
org.apache.camel	camel-example-loan-broker	2.16.0	-	b6f2a13b67612085ada2249058dbeb5fe160c4e6
org.apache.camel	camel-example-loan-broker	2.16.1	-	ca12fba0da885db9bab67b814384194dde883a4d
org.apache.camel	camel-example-loan-broker	2.16.2	-	86f69725554ea0a8c17d2ab99bdc45951bacd7e1
org.apache.camel	camel-example-loan-broker	2.16.3	-	60607259b82b993866a48116e8bf4488fc7c12d6
org.apache.camel	camel-example-loan-broker	2.16.4	-	607481ca1b1a16a61b9ce5a135b1a32d6f978491
org.apache.camel	camel-example-loan-broker	2.16.5	-	a5e34cade190bc520862d167acd20cb591b6ca24
org.apache.camel	camel-example-loan-broker	2.17.0	-	f7dcaeeba7cf2ad906f184039596b7281e733ffc
org.apache.camel	camel-example-loan-broker	2.17.1	-	d13777548ed16ebcc7587b56313ffb3246ec8e9f
org.apache.camel	camel-example-loan-broker	2.17.2	-	f2b9af1b93aa1a030cacfff7dffd9c58c39dcfff
org.apache.camel	camel-example-loan-broker	2.17.3	-	7b26a05730ad6de00ccde040213fda4dd5a2b100
org.apache.camel	camel-example-loan-broker	2.17.4	-	93f68df7a605759ac1b10af3766b3e4512f137b9
org.apache.camel	camel-example-loan-broker	2.17.5	-	f0a715884ceb6e5d8c9854d998444179d877ff0c
org.apache.camel	camel-example-loan-broker	2.17.6	-	7e985fec8cdf6e5eadfd589a8781e97951027da9
org.apache.camel	camel-example-loan-broker	2.17.7	-	c1fb5d4ff3cdcefed9ff365a885bac75be0acadd
org.apache.camel	camel-example-loan-broker	2.18.0	-	2bfccbc25799916c638edf0ce490bbea7c9e6cf0
org.apache.camel	camel-example-loan-broker	2.18.1	-	43a1c4ba27895c7c81ecf3a6e08b69c7e619e55a
org.apache.camel	camel-example-loan-broker	2.18.2	-	50de46f916de09b9affc0cb6ce2241c9e6a3f98e
org.apache.camel	camel-example-loan-broker	2.18.3	-	d6e3100ec689b83d668edb015c43ffeebefdb10a
org.apache.camel	camel-example-loan-broker	2.18.4	-	0c84590f7627f15e22e2a7447fffc622fbf5826d
org.apache.camel	camel-example-loan-broker	2.18.5	-	ee21f2cf04fc160850acd1b97c7a716371c09415
org.apache.camel	camel-example-loan-broker	2.2.0	-	e466c1884db8a297c2213ace18e03d39230741f5
org.apache.camel	camel-example-loan-broker	2.3.0	-	b42e1a91f481d0bf2d202a1df2966f2ed9e8e245
org.apache.camel	camel-example-loan-broker	2.4.0	-	f277ebddb55cbfb3bc56d27b0fc6bd5908dc38bd
org.apache.camel	camel-example-loan-broker	2.5.0	-	27372f89d9fd71409bcdc2786e7ad72b161e4e5b
org.apache.camel	camel-example-loan-broker	2.6.0	-	d673e1cf4e7a917b6a25c2afd48c98f2e330343b
org.apache.camel	camel-example-loan-broker	2.7.0	-	389e52ad1c8016e39e5972fe8c7c59858e007b08
org.apache.camel	camel-example-loan-broker	2.7.1	-	f821f5539f5b250a8950cf1dc93c5519efd84719
org.apache.camel	camel-example-loan-broker	2.7.2	-	71f24ca1ed89ccf8f645b9d23cf3f4edf755fc9f
org.apache.camel	camel-example-loan-broker	2.7.3	-	c3bd34c9d96a850d6bb8e3a45b3efb897cca372a
org.apache.camel	camel-example-loan-broker	2.7.4	-	7c123b87f4f93eb5bacda8ddc8befa295ff65156
org.apache.camel	camel-example-loan-broker	2.7.5	-	9d5f1850032ac8c334faa27a10de2da604f56ad6
org.apache.camel	camel-example-loan-broker	2.8.0	-	3776ad5e5cfbddcc6d696783490d85095c38011a
org.apache.camel	camel-example-loan-broker	2.8.1	-	52b50cfb0196a0e676f9afb284c41f21c677a772
org.apache.camel	camel-example-loan-broker	2.8.2	-	399dc5ab347ad12a9da57a6181e014e0757f0d85
org.apache.camel	camel-example-loan-broker	2.8.3	-	963d8cdfe4fd6bf3543c2859e1e4697d7eb6c964
org.apache.camel	camel-example-loan-broker	2.8.4	-	c93322a90a2c63ba99a02df41ba5500d16b46491
org.apache.camel	camel-example-loan-broker	2.8.5	-	bd78ec367b589fc11fadc6e9bade9bb377e0f79e
org.apache.camel	camel-example-loan-broker	2.8.6	-	8e0f6581d302aa6c26eceb849b1ace7fdbcb0a53
org.apache.camel	camel-example-loan-broker	2.9.0	-	bb4c4fd798217bdbd99eb5b2e2f048c92a4ed4e9
org.apache.camel	camel-example-loan-broker	2.9.0-RC1	-	ddb7847848aac58830718b020309723f85192e1a
org.apache.camel	camel-example-loan-broker	2.9.1	-	9c9a48a4e01f4a81280bc2c4863d1bfc65883a05
org.apache.camel	camel-example-loan-broker	2.9.2	-	18c75046c8b8c02bf061170328bbcb7f54da9438
org.apache.camel	camel-example-loan-broker	2.9.3	-	1871d05b5f0540f6a17be686066dadfc4819816e
org.apache.camel	camel-example-loan-broker	2.9.4	-	b67296a9115be79a03d0a28b5c5bcbeff851cc15
org.apache.camel	camel-example-loan-broker	2.9.5	-	00320268a7e23e0775f7f651e6edb9475e7a3cfd
org.apache.camel	camel-example-loan-broker	2.9.6	-	63a6d9cc519280532fb5ed13463977a6ffb1925d
org.apache.camel	camel-example-loan-broker	2.9.7	-	e6094045b95f74fe0659b8da423b8dd994e48728
org.apache.camel	camel-example-loan-broker	2.9.8	-	666b6363382a2dced6a6d38a55b846c392f0cd4d
org.apache.shardingsphere	shardingsphere-postgresql-protocol	5.2.1	-	dbd3c66a7234d92afb4d6725ef5d7bd8d023d34c
org.apache.shardingsphere	shardingsphere-postgresql-protocol	5.3.0	-	cce90c3e23ece789c23f58bf9a91cf70de725329
org.apache.shardingsphere	shardingsphere-postgresql-protocol	5.3.1	-	28549e94358564e4b65469eb6a01f8370de6e0f2
org.apache.shardingsphere	shardingsphere-postgresql-protocol	5.3.2	-	b90f4ed73e37caf27469d41b3a8ad9bad031763c
org.apache.shardingsphere	shardingsphere-postgresql-protocol	5.4.0	-	f12d21a54a11fcccfbc55a221c565682ccd42327
org.apache.shardingsphere	shardingsphere-postgresql-protocol	5.4.1	-	ef97622a2e4ec0ea8e43ba0d11a2b819c4a8c783
org.apache.shardingsphere	shardingsphere-postgresql-protocol	5.5.0	-	0920fe2eaf53736ac7288c4c209c44f8079d65b2
org.apache.shardingsphere	shardingsphere-postgresql-protocol	5.5.1	-	4c77014885db0d33b79f6a05f598d49fe6553e5a
org.apache.shardingsphere	shardingsphere-postgresql-protocol	5.5.2	-	d89fb352bfc32f63d59c244023f154b1f6492391
org.apereo.cas	cas-server-support-native	7.0.0	-	1cbe504fe4c8549930f8a65b9e71423c6ac5ad24
org.apereo.cas	cas-server-support-native	7.0.0-RC7	-	05bac0e80725943fec3aea6f017bd689114d39e3
org.apereo.cas	cas-server-support-native	7.0.0-RC8	-	da3b0a0b56359f0b08701706bcffaebca18d6780
org.apereo.cas	cas-server-support-native	7.0.0-RC9	-	aab21e4428781f00c3e9e3893751ab7baf01e164
org.apereo.cas	cas-server-support-native	7.0.1	-	1aaa8061c7c018b10f45ea9753c91badcf2bf2a3
org.apereo.cas	cas-server-support-native	7.0.10	-	6f5bab92c94d9f6e9ce531608ccbc7fe284395de
org.apereo.cas	cas-server-support-native	7.0.10.1	-	9294dd1c3175788decb1029328981c8713d54d7a
org.apereo.cas	cas-server-support-native	7.0.2	-	d571e7b36f39695fffa92018975b14e49f359ed5
org.apereo.cas	cas-server-support-native	7.0.3	-	f79b0fb13813a2701c5499f713bb68e37cb4e3d9
org.apereo.cas	cas-server-support-native	7.0.4	-	6ce2fee98b0f8463dbed103db2e9ac66d00f032b
org.apereo.cas	cas-server-support-native	7.0.4.1	-	de061834a16393830e859bf775cbe99ad0bcf357
org.apereo.cas	cas-server-support-native	7.0.5	-	73550fbdba79a40e4074fa3b421bc1f42f35fd23
org.apereo.cas	cas-server-support-native	7.0.5.1	-	fe43730582cdb5da4981f49832324cac2f18c764
org.apereo.cas	cas-server-support-native	7.0.6	-	816d009ed22ec52f2daca687267fbf45a6cbf874
org.apereo.cas	cas-server-support-native	7.0.7	-	ae40f96b444f4ce6d6a853175c30268c4b9d393e
org.apereo.cas	cas-server-support-native	7.0.8	-	6e336afecbcc4202ff20bb08a83e9f9571194020
org.apereo.cas	cas-server-support-native	7.0.9	-	4665bf70f5eb0c880deef1d8aec4c2576da994f4
org.apereo.cas	cas-server-support-native	7.1.0	-	afb12225386e5c08eeb56bd910d5f21bec1c6af9
org.apereo.cas	cas-server-support-native	7.1.0-RC1	-	280e0cfd41375c82c62ab0759a4da787afbf174a
org.apereo.cas	cas-server-support-native	7.1.0-RC2	-	39237558158e1af2e7869bd6b9b67e9e56c623df
org.apereo.cas	cas-server-support-native	7.1.0-RC3	-	95c0c3e8c266def4f579549b84cc56d9216cc1d0
org.apereo.cas	cas-server-support-native	7.1.0-RC4	-	c9868f4bcbc8dbdb2409e63a8aef287ad42a225f
org.apereo.cas	cas-server-support-native	7.1.0-RC5	-	2e7ac7ede6e7e4b38c3deffd564949bd85019f5c
org.apereo.cas	cas-server-support-native	7.1.0-RC6	-	a528fcc4cc22b738983cbd5bc3622f9d35845a81
org.apereo.cas	cas-server-support-native	7.1.1	-	c5b279920a97c4f91e4814159bd56faa037559f4
org.apereo.cas	cas-server-support-native	7.1.2	-	2950d2fd3db7078b7e84caca257635b425181cd0
org.apereo.cas	cas-server-support-native	7.1.3	-	0bf89d6821acd9ccababe01f1cdcbb0b7220b5ad
org.apereo.cas	cas-server-support-native	7.1.4	-	cd7772d76700abb67f9c01c6ea6479870187e5aa
org.apereo.cas	cas-server-support-native	7.1.5	-	8c22cef35392ef14843cfeece488d6aef7001bf0
org.apereo.cas	cas-server-support-native	7.1.6	-	514b7d15852874b492799db5e2999d0bc6413141
org.apereo.cas	cas-server-support-native	7.2.0	-	6ed5194abff7b0773c0d8cbe5c0a9e6effea89cb
org.apereo.cas	cas-server-support-native	7.2.0-RC1	-	56533b8ad231d37e9a9b571d22e3c8bdc707a02a
org.apereo.cas	cas-server-support-native	7.2.0-RC2	-	b9941b963b8a67a3839b4f62e0de968af863c254
org.apereo.cas	cas-server-support-native	7.2.0-RC3	-	96fa9a951b40b496ef5efd4a833df5cc3d61dd36
org.apereo.cas	cas-server-support-native	7.2.0-RC4	-	1f2cb9f64ec3e36009d981a886ddc2c483283a61
org.apereo.cas	cas-server-support-native	7.2.0-RC5	-	e58fdde0f903779ab987123c8caa0df27d5c6746
org.apereo.cas	cas-server-support-native	7.2.0-RC6	-	bb9bdc4d61ba5ffefb5ad2611cd5cc59003a63fc
org.apereo.cas	cas-server-support-native	7.2.1	-	056e7c76a3898dfc0a45e75306e888538cadc1eb
org.apereo.cas	cas-server-support-native	7.2.2	-	17b377ae4e9acff0dded288c49393e1dff1e825b
org.apereo.cas	cas-server-support-native	7.3.0-RC1	-	6e6490195a06c5cc9b68eba86ca0a3c2881309f9
org.bitlap	smt-cacheable_2.13	0.6.0	-	a99c227e650c3a5f0bd2355490b4218b4bb26747
org.bitlap	smt-cacheable_2.13	0.7.0	-	a14e4a63265ee61f8a0d0b19b12e3995ac28c75c
org.bitlap	smt-cacheable_2.13	0.7.1	-	c207756ffc95efe6cdb3fb5595cb754e9741faab
org.bitlap	smt-cacheable_2.13	0.7.2	-	dea18c8edfe2ad775af9af57b03448643c75540d
org.bitlap	smt-cacheable_2.13	0.7.3	-	7daab15a76f1f93abbec7590413f654ca03f986b
org.bitlap	smt-cacheable_2.13	0.7.4	-	99308c266cdd7b422ba3c2897288eef0d46c03a5
org.bitlap	smt-cacheable_2.13	0.7.5	-	c2395b65356b5cf2a446aaf215443879e4cea1d7
org.drewcarlson	objectstore-json-iosarm32	0.0.2	0.0.2-metadata	66a4b42a5eadfb72c257689e89e481741c8e555f
org.drewcarlson	objectstore-json-iosarm32	0.1.0	0.1.0-metadata	1a2bf2291c7aafff48253175e86b4603c1d793f2
org.drewcarlson	objectstore-json-iosarm32	0.2.0	0.2.0-metadata	3ff82ee73401ac5a550c52b531f4605501f457f7
org.fakereplace	fakereplace	1.0.0.Alpha2	-	4ebfc8d6ee4bfc0060b8b35d832c3a4b8fe36f50
org.fakereplace	fakereplace	1.0.0.Alpha3	-	f31e049fb0f0554e23836dd0645bfbed94b68850
org.fakereplace	fakereplace	1.0.0.Alpha4	-	e701cc6f6759b7958d0ecbfb8ca040caabb78203
org.fakereplace	fakereplace	1.0.0.Alpha5	-	6b92dd793e8cea4f82fd9533c074832ef4572d75
org.fakereplace	fakereplace	1.0.0.Alpha6	-	f46b298849aed45b9c8614151c4f8f65896ac0fa
org.fakereplace	fakereplace	1.0.0.Alpha7	-	d7c0f973175694a6f68c16341f6d40e473e6e6dd
org.jetbrains.androidx.lifecycle	lifecycle-runtime	2.8.0	-	ac178c3596f2e06167ebaa1e8798c3022ed746e9
org.jetbrains.androidx.lifecycle	lifecycle-runtime	2.8.0-alpha01	-	803cad7cbe63613a9edfb94a1c8cb7c3022fef1c
org.jetbrains.androidx.lifecycle	lifecycle-runtime	2.8.0-beta01	-	ac178c3596f2e06167ebaa1e8798c3022ed746e9
org.jetbrains.androidx.lifecycle	lifecycle-runtime	2.8.0-beta02	-	ac178c3596f2e06167ebaa1e8798c3022ed746e9
org.jetbrains.androidx.lifecycle	lifecycle-runtime	2.8.0-rc01	-	ac178c3596f2e06167ebaa1e8798c3022ed746e9
org.jetbrains.androidx.lifecycle	lifecycle-runtime	2.8.0-rc02	-	41adbb081837f924585ee1472c9ad36cfbe2bd58
org.jetbrains.androidx.lifecycle	lifecycle-runtime	2.8.0-rc03	-	ac178c3596f2e06167ebaa1e8798c3022ed746e9
org.jetbrains.androidx.lifecycle	lifecycle-runtime	2.8.1	-	4e3dc3d1e7394852bf917fc93001e5b3e3004118
org.jetbrains.androidx.lifecycle	lifecycle-runtime	2.8.2	-	6a92ce1badad5f5fdadf67259cd3ae0015067d1e
org.jetbrains.androidx.lifecycle	lifecycle-runtime	2.8.3	-	6a92ce1badad5f5fdadf67259cd3ae0015067d1e
org.jetbrains.androidx.lifecycle	lifecycle-runtime	2.8.3-rc01	-	6a92ce1badad5f5fdadf67259cd3ae0015067d1e
org.jetbrains.androidx.lifecycle	lifecycle-runtime	2.8.4	-	6a92ce1badad5f5fdadf67259cd3ae0015067d1e
org.jetbrains.androidx.lifecycle	lifecycle-runtime	2.9.0-alpha01	-	8d77b69b779950dab7829d47866d2793f6c12366
org.jetbrains.androidx.lifecycle	lifecycle-runtime	2.9.0-alpha02	-	8d77b69b779950dab7829d47866d2793f6c12366
org.jetbrains.androidx.lifecycle	lifecycle-runtime	2.9.0-alpha03	-	52c1dacaed4e56b7ec24de09d742873863ec7b22
org.jetbrains.androidx.lifecycle	lifecycle-runtime	2.9.0-alpha04	-	ffef16a72dc4d74dc208aee0cdf7e6bbf67fce68
org.jetbrains.androidx.lifecycle	lifecycle-runtime	2.9.0-alpha05	-	ffef16a72dc4d74dc208aee0cdf7e6bbf67fce68
org.jetbrains.androidx.lifecycle	lifecycle-runtime	2.9.0-alpha06	-	ffef16a72dc4d74dc208aee0cdf7e6bbf67fce68
org.jetbrains.androidx.lifecycle	lifecycle-runtime	2.9.0-alpha07	-	439595555dbabb0746a04c392d06a9aa3e376591
org.jetbrains.androidx.lifecycle	lifecycle-runtime	2.9.0-beta01	-	439595555dbabb0746a04c392d06a9aa3e376591
org.jetbrains.kotlinx.spark	core_3.0.1_2.12	1.1.1	-	85f7d9278d1312c7c08fadc4fe5eaf7b231c6e2d
org.jetbrains.kotlinx.spark	core_3.0.1_2.12	1.2.0	-	060e7e1df4cd4d43dd12375d9bbac34348c463c0
org.jetbrains.kotlinx.spark	core_3.0.1_2.12	1.2.1	-	c2ec48e296600c807fdb5df1010d6d78228dd1e9
org.jetbrains.kotlinx.spark	core_3.0.1_2.12	1.2.2	-	047355e70f906b4a1b0a5a6d8dce553ea90333e2
org.jetbrains.kotlinx.spark	core_3.0.1_2.12	1.2.3	-	92ec4f702cf191286b46369d51a7cc4848fe60bc
org.jetbrains.kotlinx.spark	core_3.0.1_2.12	1.2.4	-	c136535cfd366e1335107fced8ac8a7639ccd376
org.jibx.schema.org.opentravel._2014B	org.jibx.schema.org.opentravel._2014B.hotel	1.1.4	-	fef23b5bb90fdf06cd144b547d108b38232108c8
org.jibx.schema.org.opentravel._2014B	org.jibx.schema.org.opentravel._2014B.hotel	1.2.0	-	f14d8dfd733043dd2ac6b477677e3d72509c1ed5
org.jibx.schema.org.opentravel._2014B	org.jibx.schema.org.opentravel._2014B.hotel	1.2.1	-	5816dbd99dccc84206d7960d51a9ee55fda610ed
org.julianmichael	qasrl-crowd_sjs0.6_2.12	0.1.0	-	ea5028551e46805aa9e9a65975e86248e25538c5
org.julianmichael	qasrl-crowd_sjs0.6_2.12	0.2.0	-	0f4931954dcd9d125bd0b44f2ff180e0e92551f9
org.kuali.rice	rice-it-krad-s3	2.6.0	-	3d11dcd26b969c400db645446cf335935bc207bd
org.kuali.rice	rice-it-krad-s3	2.6.1	-	bdd2577925505923872b8ba9e598e034cde64060
org.kuali.rice	rice-it-krad-s3	2.6.2	-	87ce43400c91fc7e96bddb33636f8f13195e12be
org.neo4j	antlr-parser-listener-maven-plugin	2025.01.0	-	eecfb7fc5a5dd8c62110327a4dc5c1f52962efb9
org.neo4j	antlr-parser-listener-maven-plugin	2025.02.0	-	f2a7029bd26dea8ed4b9fc59482698447ce416ed
org.neo4j	antlr-parser-listener-maven-plugin	2025.03.0	-	89f3880199b2e0699020811051fde4a2eaa52f9a
org.neo4j	antlr-parser-listener-maven-plugin	5.21.0	-	fe7254389bf1005d9071c15f5dc7308265d62a13
org.neo4j	antlr-parser-listener-maven-plugin	5.21.2	-	f0101762916f0c5d31ac651f938555166ed2bd5d
org.neo4j	antlr-parser-listener-maven-plugin	5.22.0	-	9356228864edd20146c368662fda913ad5cae370
org.neo4j	antlr-parser-listener-maven-plugin	5.23.0	-	3cc1e24cefe1ed54ec06f16295b61cae6e72f04f
org.neo4j	antlr-parser-listener-maven-plugin	5.24.0	-	223ec368873e9b7d70896951f235bacdc7ec5702
org.neo4j	antlr-parser-listener-maven-plugin	5.24.1	-	af178929725f1bd329bd79b7100b14759cdd80b3
org.neo4j	antlr-parser-listener-maven-plugin	5.24.2	-	e1fed327a22b8bc88e899de307ca8c45c23b67d0
org.neo4j	antlr-parser-listener-maven-plugin	5.25.1	-	1a5f502beccd1c2e689f47369a9be6132d3860e8
org.neo4j	antlr-parser-listener-maven-plugin	5.26.0	-	6adf16cec083a78408e5bb0391b117e0d0c0b99b
org.neo4j	antlr-parser-listener-maven-plugin	5.26.1	-	f5336bb4c5e432c9a595de21d736969979e1fba3
org.neo4j	antlr-parser-listener-maven-plugin	5.26.2	-	e7cb6eacb3d3d542bface4125d67095f4b4a5465
org.neo4j	antlr-parser-listener-maven-plugin	5.26.3	-	cecc69e02864e318defef4341fc50f3fd5cda8c1
org.neo4j	antlr-parser-listener-maven-plugin	5.26.4	-	ee00ceaf8486838cc667fb846a9dc6ac2252f73d
org.neo4j	antlr-parser-listener-maven-plugin	5.26.5	-	c65f79259b565bb7af0132bc789f81385f2d695b
org.opencastproject	opencast-engage-theodul-plugin-controls	10.0	-	0b4cac8ac01ae97e310f2154ef7c593362515972
org.opencastproject	opencast-engage-theodul-plugin-controls	10.1	-	f895dd3bd3af04c2b399947209af5910d451d04f
org.opencastproject	opencast-engage-theodul-plugin-controls	10.10	-	a564886afe4cd3562464a3c632e81cecef112e7c
org.opencastproject	opencast-engage-theodul-plugin-controls	10.11	-	674ef1475e73b9aa0d1cfe57216027495184509e
org.opencastproject	opencast-engage-theodul-plugin-controls	10.12	-	cb41a601211787f9d9cf91e66f84101495512f09
org.opencastproject	opencast-engage-theodul-plugin-controls	10.2	-	e5ee12a4f1ba45fbbdeeec9c1bec64d241d12e99
org.opencastproject	opencast-engage-theodul-plugin-controls	10.3	-	fff0eb31e7d6e669a222bc3c67c1890b0bfc8a43
org.opencastproject	opencast-engage-theodul-plugin-controls	10.4	-	6d7fe7cd3623020effd54e8d902b67b948d66a31
org.opencastproject	opencast-engage-theodul-plugin-controls	10.5	-	2cf9df56c0d4bc21e73069259037ab5fc4023931
org.opencastproject	opencast-engage-theodul-plugin-controls	10.6	-	9addc61b90a18925897a51b0747857d5c7acaed7
org.opencastproject	opencast-engage-theodul-plugin-controls	10.7	-	e0eb1bbe295e52b1dddbff65702d314e7354e14f
org.opencastproject	opencast-engage-theodul-plugin-controls	10.8	-	b743ab36713e8284460493b1bf63c123d7c7f449
org.opencastproject	opencast-engage-theodul-plugin-controls	10.9	-	c93113c8ba240d194c2000b81f7925c58ee8d8d3
org.opencastproject	opencast-engage-theodul-plugin-controls	11.0	-	be03869ffde672241b1dfed3c5f22ecccb4aa1aa
org.opencastproject	opencast-engage-theodul-plugin-controls	11.1	-	4a7108c5d40aeed8194938580c815f8c6e665723
org.opencastproject	opencast-engage-theodul-plugin-controls	11.10	-	7cdf9acbe38b338d975f1bea1b701cb17c93a972
org.opencastproject	opencast-engage-theodul-plugin-controls	11.11	-	040e136eb34757ab4a147941bf2a6c472e6fbf55
org.opencastproject	opencast-engage-theodul-plugin-controls	11.2	-	d1c14fa0c9188fdb829a2a3f41fc11f3de793f16
org.opencastproject	opencast-engage-theodul-plugin-controls	11.3	-	a3d850c61a4a21a4b307da7d038eca3f9dba7ccc
org.opencastproject	opencast-engage-theodul-plugin-controls	11.4	-	6c4e2da3f52b392f81b0906a041720a134838e0c
org.opencastproject	opencast-engage-theodul-plugin-controls	11.5	-	ba3c68791a9a6a3a77c5cdfbed923b0529f419ca
org.opencastproject	opencast-engage-theodul-plugin-controls	11.6	-	bc7e15fd0b57e76df1a3bd1a8bbfd09167fdb90f
org.opencastproject	opencast-engage-theodul-plugin-controls	11.7	-	02aac650f0e9c2670192e669682848366413a976
org.opencastproject	opencast-engage-theodul-plugin-controls	11.8	-	baf74031c0317b5bb0d1f34cdeea0b716929c5c2
org.opencastproject	opencast-engage-theodul-plugin-controls	11.9	-	75d64308d1b53236b1d23de648059204e2183a66
org.opencastproject	opencast-engage-theodul-plugin-controls	12.0	-	67c9401ae53df0bd236fe418babca840fee35312
org.opencastproject	opencast-engage-theodul-plugin-controls	12.1	-	b0ac744ca9213db3bf191aa189d45f34db0de2ef
org.opencastproject	opencast-engage-theodul-plugin-controls	12.11	-	9942adb7a4b65dc787bd9c4f98e7ecc88f9fa740
org.opencastproject	opencast-engage-theodul-plugin-controls	12.12	-	5e5b9cdb214454d7d950f51b7ac9a675442b5840
org.opencastproject	opencast-engage-theodul-plugin-controls	12.13	-	d9c13e8e134991f8486bfe5729e2ddc8331240f4
org.opencastproject	opencast-engage-theodul-plugin-controls	12.2	-	4dcd3c59f89efa922ba31149b9019e67cc6bbdc9
org.opencastproject	opencast-engage-theodul-plugin-controls	12.3	-	4c42ae8af465bfa8a0669fc7b7548b0d86614804
org.opencastproject	opencast-engage-theodul-plugin-controls	12.5	-	a8002c61ec50c4ebd708ccb9658e7603dfa2021f
org.opencastproject	opencast-engage-theodul-plugin-controls	12.6	-	7dc7b91531475cd0eee7dba250ea869930087ece
org.opencastproject	opencast-engage-theodul-plugin-controls	12.7	-	23f376bcb7062ecde850c19ac91448c841a765a7
org.opencastproject	opencast-engage-theodul-plugin-controls	12.8	-	9ff9f9e60984b20d6dd2d7ffb4f83dbaa4fb2319
org.opencastproject	opencast-engage-theodul-plugin-controls	12.9	-	c6b9fed4f9397d73ca97d49b12d4bbf153223892
org.opencastproject	opencast-engage-theodul-plugin-controls	13.0	-	88b9121e187aed7e8ddf342c7cec3212bae45bd6
org.opencastproject	opencast-engage-theodul-plugin-controls	13.1	-	a5149fc3643fb199c3fdbdbb7725bb5e11ce02aa
org.opencastproject	opencast-engage-theodul-plugin-controls	13.10	-	d1d8e9bcdc35dd36750c36fa5dcc91a5a0ba0e54
org.opencastproject	opencast-engage-theodul-plugin-controls	13.11	-	3dd3c049b4d5da23288598bfd4294950e54b4116
org.opencastproject	opencast-engage-theodul-plugin-controls	13.12	-	21c886b54239aa2e5c172adb6063e21c7d2e0fc5
org.opencastproject	opencast-engage-theodul-plugin-controls	13.2	-	c26eb98571b1172a635d340f831654f5608f8d17
org.opencastproject	opencast-engage-theodul-plugin-controls	13.4	-	0acf20ac9c73ea26917b1cf69d9c23c92bf605dc
org.opencastproject	opencast-engage-theodul-plugin-controls	13.6	-	c09a3132e0fa56c09fafc079ddd83b168427b0e2
org.opencastproject	opencast-engage-theodul-plugin-controls	13.7	-	da01e397482a0966a690c98bb3fa46a833c902a1
org.opencastproject	opencast-engage-theodul-plugin-controls	13.8	-	f6f5d2ddd370efd1eb3312a5d3dc1c28dd076de1
org.opencastproject	opencast-engage-theodul-plugin-controls	6.6	-	204464d3da64f7f56d570913be930667789a4a1e
org.opencastproject	opencast-engage-theodul-plugin-controls	7.2	-	2bf68866f0075d3c5972d1d02b9c35bbedd56f55
org.opencastproject	opencast-engage-theodul-plugin-controls	7.3	-	a4fc1e5df04c1111c9425b168a4d814556eab90f
org.opencastproject	opencast-engage-theodul-plugin-controls	7.4	-	cf528d40818502796b76f589e3f53c49a7273114
org.opencastproject	opencast-engage-theodul-plugin-controls	7.5	-	cc2742978f03cfd772f15b5885941e6c3b6ee58e
org.opencastproject	opencast-engage-theodul-plugin-controls	7.6	-	b763caa0b65580cbc25392b00efc3ab1c4b31d7a
org.opencastproject	opencast-engage-theodul-plugin-controls	7.7	-	f33903eec53fb6d8cd73c9cce759fab062362e82
org.opencastproject	opencast-engage-theodul-plugin-controls	7.8	-	419c005fec42912a8f67c9a10968d5cff4c4b06d
org.opencastproject	opencast-engage-theodul-plugin-controls	7.9	-	65e525667191d01e75aa8fad55c23813474d224d
org.opencastproject	opencast-engage-theodul-plugin-controls	8.0	-	eb891da3e4dc1c5bb2eb5cdf258a60ae659addc4
org.opencastproject	opencast-engage-theodul-plugin-controls	8.1	-	5c738b50ae33c826f07e4e79995301513951babc
org.opencastproject	opencast-engage-theodul-plugin-controls	8.10	-	e61fe1c1ae40ef2e75a88c919d906c9940f1f3ed
org.opencastproject	opencast-engage-theodul-plugin-controls	8.11	-	fbc64a2938bad344a3925d30f8978fc86bf31515
org.opencastproject	opencast-engage-theodul-plugin-controls	8.3	-	2bc9845366fa80f735e95d2449aa4382c713eeef
org.opencastproject	opencast-engage-theodul-plugin-controls	8.4	-	6bbcb3f74f8476f9568fad91463de01aec510774
org.opencastproject	opencast-engage-theodul-plugin-controls	8.5	-	066b94bef2b5f25deb7d72b9e56970294b57808c
org.opencastproject	opencast-engage-theodul-plugin-controls	8.6	-	8e97e94f81e1399c7b3671cef5d5fb420d9feed1
org.opencastproject	opencast-engage-theodul-plugin-controls	8.7	-	61b4fcf3c405e8fd47b2e953bde3f23c832ae841
org.opencastproject	opencast-engage-theodul-plugin-controls	8.8	-	4fbcf8338ea233ec35e54559db63a7e0e8404e13
org.opencastproject	opencast-engage-theodul-plugin-controls	8.9	-	a094ff84afc17139b93621cd810a090bd6e2a958
org.opencastproject	opencast-engage-theodul-plugin-controls	9.0	-	7fdd3d861dc86136e6e14741e046810fabbc3c6b
org.opencastproject	opencast-engage-theodul-plugin-controls	9.1	-	c357405f7d24d3471be21f54d44a0e7274523552
org.opencastproject	opencast-engage-theodul-plugin-controls	9.10	-	3c92139e2b5cd7e675d9b0a900328aead9219fc3
org.opencastproject	opencast-engage-theodul-plugin-controls	9.11	-	f99ea3bd29eecc63d592bfd3588749d3949943d5
org.opencastproject	opencast-engage-theodul-plugin-controls	9.12	-	dd3288e21cd3cabc5f4771db9566d7630cf58a71
org.opencastproject	opencast-engage-theodul-plugin-controls	9.2	-	9c546c577f6517b67fc2c254172c909c75d85f6d
org.opencastproject	opencast-engage-theodul-plugin-controls	9.3	-	9d9f4e70e845ac84b76c5ea728dd6c63a9d43c87
org.opencastproject	opencast-engage-theodul-plugin-controls	9.4	-	e582dc153c085f23eb95b106f712ec9331c30f50
org.opencastproject	opencast-engage-theodul-plugin-controls	9.5	-	8ca20f6ca1cba6fe3e1b13fc5ae1d44459bdc060
org.opencastproject	opencast-engage-theodul-plugin-controls	9.6	-	07470d46a9b68631770bee58f781bf8227008004
org.opencastproject	opencast-engage-theodul-plugin-controls	9.7	-	8eaa9ac4d16667d06f80ccbbab0d422e7eedb560
org.opencastproject	opencast-engage-theodul-plugin-controls	9.9	-	51232bfbd43b9fecefeb22e2f06ba73f45ae78e4
org.ow2.xlcloud	openstack-swift-sdk	1.0.0	-	49226bae4a22de15a632b53e54925188b03561f6
org.projectnessie.nessie	nessie-versioned-storage-jdbc2	0.100.0	-	48c1abc150586ed5c4b53da6d3d59a051a8fc6c5
org.projectnessie.nessie	nessie-versioned-storage-jdbc2	0.100.1	-	1f73ed4aac33d56493f2b79ea68f395614eab92d
org.projectnessie.nessie	nessie-versioned-storage-jdbc2	0.100.2	-	1c94f253e308d1518d6959f0df5ab539d5e9a2b8
org.projectnessie.nessie	nessie-versioned-storage-jdbc2	0.100.3	-	8703c5f9802b3be66a8dcc0a71ccce315ea5bc8e
org.projectnessie.nessie	nessie-versioned-storage-jdbc2	0.101.0	-	4117105c9582607678268e044cb24e316b97e2e2
org.projectnessie.nessie	nessie-versioned-storage-jdbc2	0.101.1	-	f1bce5e32f8ad4580a67d1464f911ea12583ff5b
org.projectnessie.nessie	nessie-versioned-storage-jdbc2	0.101.2	-	94cb09262b97c8b2f70d8e9b3a87e8c4e7877f9d
org.projectnessie.nessie	nessie-versioned-storage-jdbc2	0.101.3	-	1993b2b04419c926ca09ce6a9ab25b21624e9784
org.projectnessie.nessie	nessie-versioned-storage-jdbc2	0.102.0	-	48533d76b635a18a7087509f00efa097c1c644d5
org.projectnessie.nessie	nessie-versioned-storage-jdbc2	0.102.1	-	dfacb33efc63ee1ec3736946ea8e99ab8de371a2
org.projectnessie.nessie	nessie-versioned-storage-jdbc2	0.102.2	-	af868cfa383851a7c6b2054dd864188eb4103f42
org.projectnessie.nessie	nessie-versioned-storage-jdbc2	0.102.3	-	e930d88e1cd4cbc84dae497d1027ee5214483307
org.projectnessie.nessie	nessie-versioned-storage-jdbc2	0.102.4	-	28a84fab3e19c6b7bd99b0711d959e2f9d614c17
org.projectnessie.nessie	nessie-versioned-storage-jdbc2	0.102.5	-	9dca92868be046d9ebdb85786283ceffde2176a2
org.projectnessie.nessie	nessie-versioned-storage-jdbc2	0.103.0	-	a7c6a11d9146084f9a160423490ff595c07fb1ce
org.projectnessie.nessie	nessie-versioned-storage-jdbc2	0.103.1	-	4e62f18ca1aef9e010655c4a30bb2472263a7f63
org.projectnessie.nessie	nessie-versioned-storage-jdbc2	0.103.2	-	8043244dc4e66b8cee40fc49140577376ee5d6ce
org.projectnessie.nessie	nessie-versioned-storage-jdbc2	0.103.3	-	4c62721c0a471960e5df59e0e3e724ff45de0664
org.projectnessie.nessie	nessie-versioned-storage-jdbc2	0.103.4	-	e5797b29be674c1b29bb131d007422ec1ea9b339
org.projectnessie.nessie	nessie-versioned-storage-jdbc2	0.103.5	-	86944444f7c2c115f849b0347e9993ce2a09125e
org.projectnessie.nessie	nessie-versioned-storage-jdbc2	0.103.6	-	aba8ba0edb64e9f2fba3f9c33039b62628cfca40
org.projectnessie.nessie	nessie-versioned-storage-jdbc2	0.96.0	-	55352f4c809aee3de46b8b6f48cefbed0233712a
org.projectnessie.nessie	nessie-versioned-storage-jdbc2	0.96.1	-	990a61ed7efce1ed5df798f4cc058f27aa04bea6
org.projectnessie.nessie	nessie-versioned-storage-jdbc2	0.97.0	-	1d09086785228e8a58c343c5ffbc857aa3e903fc
org.projectnessie.nessie	nessie-versioned-storage-jdbc2	0.97.1	-	b48648f34a6de1d243e42b8a5e0cefbd91fba6e7
org.projectnessie.nessie	nessie-versioned-storage-jdbc2	0.98.0	-	e58e1e0516f67ca2503c13de4b8b2ff6556e3226
org.projectnessie.nessie	nessie-versioned-storage-jdbc2	0.99.0	-	026f738efb7d662781d75a9c4972004cd1362eb4
org.webjars.bower	esri-leaflet	2.0.0	-	0a6316662b83f066b12f7ef7a0d57545452f9c80
org.webjars.bower	esri-leaflet	2.0.2	-	22b0b4c835566499d15a6d4d680245357590a252
org.webjars.bowergithub.angular	bower-angular-cookies	1.5.0-rc.2	-	d66d68fecfca4d47c5cc9e49116833f401e0ed39
org.webjars.bowergithub.angular	bower-angular-cookies	1.5.11	-	d053edc7d5bb8e6062dac5e92fbcf9574e955849
org.webjars.bowergithub.angular	bower-angular-cookies	1.7.0-rc.0	-	f4bea09523dcaf6415b63fb87c7d75a861d8ab12
org.webjars.bowergithub.angular	bower-angular-cookies	1.8.0	-	843cfb8cd3b482de3ef3509bd2373c40ed7b6b97
org.webjars.bowergithub.angular	bower-angular-cookies	1.8.3	-	e9188cc09b9b014c6f08814e3b7f55d1fd89c7d8
org.webjars.npm	lsmod	1.0.0	-	a0cb61d61ab1e3560a44926d2529f4667f8e1fca
org.webjars.npm	react-native-url-polyfill	1.3.0	-	e2d81b3f5325fa03b02880ad953be461221a9ec4
org.webjars.npm	types__istanbul-reports	1.1.1	-	7ccb34cf4ff7bd9b61d9a53cf9f2410dfdd72759
org.webjars.npm	types__istanbul-reports	3.0.1	-	df15f243e73f5a1a8893653835b8fddc06d08206
org.webjars.npm	types__istanbul-reports	3.0.4	-	fb61f921917bad47f1897573f081906eadfa9be2
org.wildfly.arquillian	wildfly-arquillian-container-embedded	1.0.0.CR1	-	fad16ac0ae40d059dd8c3e2f13f7788de062f3d6
org.wildfly.arquillian	wildfly-arquillian-container-embedded	1.0.0.Final	-	11b2538837bd20d20f3a062c877b8e7f85cd2d83
org.wildfly.arquillian	wildfly-arquillian-container-embedded	1.0.1.Final	-	0294f99808873da69403474cd68c62c1601120be
org.wildfly.arquillian	wildfly-arquillian-container-embedded	1.0.2.Final	-	f2a4e2ea6a8d03c2298dc5be6862d2bde0cdb1a1
org.wildfly.arquillian	wildfly-arquillian-container-embedded	1.1.0.Alpha1	-	e8aea0923e30dc1de14ad9fa2a3dfe2842b358fa
org.wildfly.arquillian	wildfly-arquillian-container-embedded	1.1.0.Beta1	-	e5d05447d58c73be7fc19924b1987b4fae4f4519
org.wildfly.arquillian	wildfly-arquillian-container-embedded	1.1.0.Beta2	-	5625491692d6bb3643caa5f15a9e22ee126618e9
org.wildfly.arquillian	wildfly-arquillian-container-embedded	1.1.0.Final	-	06bb7216f9c436f12f169f9c43df4cfcfc981176
org.wildfly.arquillian	wildfly-arquillian-container-embedded	2.0.0.Alpha1	-	9acf13ec8b78540493e1399e1b177ce16b5c74ad
org.wildfly.arquillian	wildfly-arquillian-container-embedded	2.0.0.Final	-	b391bebdebffb193b023d71f007862901e3731b4
org.wildfly.arquillian	wildfly-arquillian-container-embedded	2.0.1.Final	-	1409d86bcd1038b7fa24d9c4f5a153c9bfdb8ab6
org.wildfly.arquillian	wildfly-arquillian-container-embedded	2.0.2.Final	-	56a4b427dd604cd4dfbbcaddbf4187b5d86e5b89
org.wildfly.arquillian	wildfly-arquillian-container-embedded	2.1.0.Alpha1	-	99e131e4a91976af00207e9e6cf9276d62d23587
org.wildfly.arquillian	wildfly-arquillian-container-embedded	2.1.0.Alpha2	-	5f7f3ecc8ad36088b464adb3039daa64082c5690
org.wildfly.arquillian	wildfly-arquillian-container-embedded	2.1.0.Alpha3	-	e822a8664303b6b7e6bda2e7954fa0187e1ea17d
org.wildfly.arquillian	wildfly-arquillian-container-embedded	2.1.0.Beta1	-	864adecf87d099e446688288606a2fcf908ceb25
org.wildfly.arquillian	wildfly-arquillian-container-embedded	2.1.0.Final	-	664c76a63f3e9c798cac8fe042ca5a24ca91c90f
org.wildfly.arquillian	wildfly-arquillian-container-embedded	2.1.1.Final	-	6b7a4d391c04bf856184aa2c7ff1ff09725b41d3
org.wildfly.arquillian	wildfly-arquillian-container-embedded	2.2.0.Final	-	77c0f579d960b1306c428b72e34dc066ac9e2a28
org.wildfly.arquillian	wildfly-arquillian-container-embedded	3.0.0.Beta1	-	baa54fa33c7a8ab3d429b44bb9e79781bb000513
org.wildfly.arquillian	wildfly-arquillian-container-embedded	3.0.0.Beta2	-	050e797957e09be28791d93eb113f4d21d43ddd9
org.wildfly.arquillian	wildfly-arquillian-container-embedded	3.0.0.Beta3	-	d09eafe16090083e2ba4c9801d2f0e620c6d27c4
org.wildfly.arquillian	wildfly-arquillian-container-embedded	3.0.0.Beta4	-	df6a7c19efae7f70fc413d052d67a9199c921f1f
org.wildfly.arquillian	wildfly-arquillian-container-embedded	3.0.0.Final	-	efa0e6ee23b56162dd38ecda80c260899c4858ca
org.wildfly.arquillian	wildfly-arquillian-container-embedded	3.0.1.Final	-	5a8e058db9148e2cd2311e532181742ddc11c761
org.wildfly.arquillian	wildfly-arquillian-container-embedded	4.0.0.Alpha1	-	f73896be98b2d28c30c1d998d9773e09a6e4879e
org.wildfly.arquillian	wildfly-arquillian-container-embedded	4.0.0.Alpha2	-	532c240cc8c4d39e6923f2e7b197dbf67d2cc7be
org.wildfly.arquillian	wildfly-arquillian-container-embedded	4.0.0.Alpha3	-	15590d728f4b78b124c4798dcff014d939781d9b
org.wildfly.arquillian	wildfly-arquillian-container-embedded	4.0.0.Alpha4	-	678919e87e5702e42b87f82976ba37b467fb91b8
org.wildfly.arquillian	wildfly-arquillian-container-embedded	4.0.0.Alpha5	-	72e2e8f740dff068a26680fa0c8958eb9e93e477
org.wildfly.arquillian	wildfly-arquillian-container-embedded	4.0.0.Alpha6	-	660847925f4f9ee9abc51d324ce7cb54f73dbe7a
org.wildfly.arquillian	wildfly-arquillian-container-embedded	4.0.0.Final	-	19d764dca9d2e4249952777d1502b8f032e12856
org.wildfly.arquillian	wildfly-arquillian-container-embedded	4.0.1.Final	-	46cb35dcf7dbc75569330eabde37122fac45d8be
org.wildfly.arquillian	wildfly-arquillian-container-embedded	5.0.0.Alpha1	-	f4aa0801c75b72f108e987b976c039796b7b7336
org.wildfly.arquillian	wildfly-arquillian-container-embedded	5.0.0.Alpha2	-	b9ad39410554aa0418491a31b4e6a124d4089ee0
org.wildfly.arquillian	wildfly-arquillian-container-embedded	5.0.0.Alpha3	-	8be476a2f018d3ed55a3889a0715d8a2fee6c6ef
org.wildfly.arquillian	wildfly-arquillian-container-embedded	5.0.0.Alpha4	-	ec3c95b654f42ab27b798c919dc318f9c5e16a32
org.wildfly.arquillian	wildfly-arquillian-container-embedded	5.0.0.Alpha5	-	a47e543f2e3e73004181f419fe106a0830e565fd
org.wildfly.arquillian	wildfly-arquillian-container-embedded	5.0.0.Alpha6	-	bbd1f39bfe327bd8fd95797dbf4fe119c7a809e1
org.wildfly.arquillian	wildfly-arquillian-container-embedded	5.0.0.Final	-	ef7426db0e4d282f942823b40fc81d8049234cdb
org.wildfly.arquillian	wildfly-arquillian-container-embedded	5.0.1.Final	-	a332582a43d4594b7e78b454b207e39c5c70fa0e
org.wildfly.arquillian	wildfly-arquillian-container-embedded	5.1.0.Beta1	-	10646044235f9419a53215b9d7b30cac4c906b59
org.wildfly.arquillian	wildfly-arquillian-container-embedded	5.1.0.Beta10	-	b1a861cd4e6c4e3fd6af1d771cfcb3d6911a1a1b
org.wildfly.arquillian	wildfly-arquillian-container-embedded	5.1.0.Beta11	-	db91af56b71f12a081e56c79588f8941c8aa1d87
org.wildfly.arquillian	wildfly-arquillian-container-embedded	5.1.0.Beta2	-	5ac5ca0fa64ff540450f7f3d97f0d44449aecd03
org.wildfly.arquillian	wildfly-arquillian-container-embedded	5.1.0.Beta3	-	318268250b5657c075cf234dbf844ce266c975e7
org.wildfly.arquillian	wildfly-arquillian-container-embedded	5.1.0.Beta4	-	67ce7c1b0dc8653a85f72182e8d9954d029bb533
org.wildfly.arquillian	wildfly-arquillian-container-embedded	5.1.0.Beta5	-	af2817581ed5f34666efdf31998eb52a6cbcc61a
org.wildfly.arquillian	wildfly-arquillian-container-embedded	5.1.0.Beta6	-	74c1d7c68fc505563cb48f196dbb35d08d4bd544
org.wildfly.arquillian	wildfly-arquillian-container-embedded	5.1.0.Beta7	-	2e2c611a5ae1eca456dbe991b53f5e03d118adc7
org.wildfly.arquillian	wildfly-arquillian-container-embedded	5.1.0.Beta8	-	401acac5710122f318f98619acbb534e087cae32
org.wildfly.arquillian	wildfly-arquillian-container-embedded	5.1.0.Beta9	-	4ffc5aaf74beadb46b1e14c5a5cd4fdc83434bb7
org.wildfly.swarm	wildfly-swarm-runtime-connector	1.0.0.Alpha2	-	90e9431826b854163515578c75eb20d693093a80
org.wildfly.swarm	wildfly-swarm-runtime-connector	1.0.0.Alpha3	-	850bb81076cc076e52b6ff7e8f3d43f699210f29
org.wisepersist	wisepersist-settings	1.0.0	-	91b678818393b4f6eb3fd0fb87c8156c15fd662a
org.wisepersist	wisepersist-settings	1.0.1	-	0b58fa93c7150a82d7c8377c325ec176c9056cd2
org.wso2.apk	resources	0.0.1-m6	-	ca3cc3e998dc7432cfed330fbff72be4e597e5c2
pl.wrzasq.commons	commons-jwt	1.0.0	-	44762ffea75a73766172cd1b66b74b103f064767
pl.wrzasq.commons	commons-jwt	1.0.10	-	1d4722466bfd6163cc3b15935f21cae734181343
pl.wrzasq.commons	commons-jwt	1.0.11	-	516b40ec3a764269d02b4486859e6f89fa16c363
pl.wrzasq.commons	commons-jwt	1.0.12	-	d98e6be6d232a238671e4416d1c266a09ee41be7
pl.wrzasq.commons	commons-jwt	1.0.13	-	a4831e92cbb04531d40a243f4a7d28456ad0b818
pl.wrzasq.commons	commons-jwt	1.0.14	-	450ff9f9851aa19d2f782b27ee85d89fa8370148
pl.wrzasq.commons	commons-jwt	1.0.2	-	046e26f89f21234ccb2fea2b3ce1d8828cc60385
pl.wrzasq.commons	commons-jwt	1.0.3	-	4357362af1d8cfccb00e85ecd229ed74bb2520da
pl.wrzasq.commons	commons-jwt	1.0.4	-	a6ccb31f5e13068b827c6114c4c5c89cbbc57fd6
pl.wrzasq.commons	commons-jwt	1.0.5	-	e8ed8750e29481f12bc5faedf41fd723dc3d6b7f
pl.wrzasq.commons	commons-jwt	1.0.6	-	24c781a3d812b05d5815d393df4b39b92a4b4f45
pl.wrzasq.commons	commons-jwt	1.0.7	-	1cc2b73bc04431ea9439ea696ef2cb5e628fa465
pl.wrzasq.commons	commons-jwt	1.0.8	-	6919e31b20160ba0d5fa0fba909fbb969f1ad22e
pl.wrzasq.commons	commons-jwt	1.0.9	-	01b83960cab69948fe744cf065c8b68e3ee82246
