at.asitplus	jsonpath4k-iosx64	2.2.0		N/A
at.asitplus	jsonpath4k-iosx64	2.2.0	metadata	4c09a8aee4b3342deaf2232881303f6f61ba06ba
at.asitplus	jsonpath4k-iosx64	2.3.0		N/A
at.asitplus	jsonpath4k-iosx64	2.3.0	metadata	b27b1e1c43be3ed39e361861c9c12d4db98574b3
at.asitplus	jsonpath4k-iosx64	2.4.0		N/A
at.asitplus	jsonpath4k-iosx64	2.4.0	metadata	b03654f736af0cfcc4d9ae803efb7d3e1a775f3a
at.asitplus	jsonpath4k-iosx64	2.4.1		N/A
at.asitplus	jsonpath4k-iosx64	2.4.1	metadata	af9fcf59e2186d69fa53febfb26fb9a2e8b52201
be.ugent	valence-sdk-java	1.0.1		9d419f25b99ba441bad36203f125bfa828c89742
br.com.objectos	sitebricks-parent	0.8.5.3		N/A
ch.netcetera.eclipse	ch.netcetera.eclipse.projectconfig.core	3.1.4		ef74e8c1c21a5bddb0025116e92957f7ff4afebb
ch.netcetera.eclipse	ch.netcetera.eclipse.projectconfig.core	3.1.5		fe5c4c802fd4fa3951e4a375e99d6d0cf09f6eb8
cn.sliew	carp-module-system	0.0.10		58586327c4928da9ded71b4882696d98490b0620
cn.sliew	carp-module-system	0.0.11		e4f461a70336466d05197fc9b9c135ed10d90c73
cn.sliew	carp-module-system	0.0.12		91de3ad896a82d7724762095af0671beabf151b6
cn.sliew	carp-module-system	0.0.13		c78ae4956900ecdc2930b553a2d9252b4e67399c
cn.sliew	carp-module-system	0.0.14		daa183a6e2cecbc7bde111fbee25d43eefdd73fb
cn.sliew	carp-module-system	0.0.19		3f99bc9c4746077387de3560bb71e0e6ed7f23f8
cn.sliew	carp-module-system	0.0.20		77e58b7cc014e73d0e0b1b36cc7f4649beacb8e0
cn.sliew	carp-module-system	0.0.22		2d35370a7316acb924563e22efd9fee03897bc17
cn.sliew	carp-module-system	0.0.23		11d6e668bacaa62c58c2366ad1f2f62f92996c94
cn.sliew	carp-module-system	0.0.24		15c157bb954b4569b39aac26dac0df87b12d4834
cn.sliew	carp-module-system	0.0.3		b9989cd013de6f402f8a6660cd31903d97026dd0
cn.sliew	carp-module-system	0.0.31		1c9f9d0035ded45c74c5a502c501416d3e60c316
cn.sliew	carp-module-system	0.0.32		69e9d03eae583b5a231cf4e957d56caaefbaa574
cn.sliew	carp-module-system	0.0.4		13de3760de2cd2073f36b4f4d0d894596261b8d8
cn.sliew	carp-module-system	0.0.5		e86f870eb32f396fb6093cc42f756af6f3ba46fd
cn.sliew	carp-module-system	0.0.6		ecb1e01078ce56379cb09dbeebca3f88c9494777
cn.sliew	carp-module-system	0.0.7		f0c78f99d591cae4a1f93995e46c44b5c2606a52
cn.sliew	carp-module-system	0.0.8		f62acbbaab7ad6bfaaa26b0a505015549900c148
cn.sliew	carp-module-system	0.0.9		8cc4b638fb93d7a9faec64f8a454caad0a380c85
cn.teamhelper	teamhelper-phone-meeting	1.0.240		N/A
cn.teamhelper	teamhelper-phone-meeting	1.0.243		N/A
cn.teamhelper	teamhelper-phone-meeting	1.0.272		N/A
cn.teamhelper	teamhelper-phone-meeting	1.0.292		N/A
cn.teamhelper	teamhelper-phone-meeting	1.0.306		N/A
com.admin4j.dict	dict-spring-boot-example	0.10.0		ee6ea6c474f09439c39d964b7e28900c0e30c660
com.admin4j.dict	dict-spring-boot-example	0.8.0		daf2d8ce5a724da07a841f149188569f25182ebe
com.admin4j.dict	dict-spring-boot-example	0.9.0		5333a1370614d6782a7b77e22ce96f04aca249f4
com.admin4j.dict	dict-spring-boot-example	0.9.3		a6a9cc39d14b517025d9bc37862c3b339c2c5986
com.admin4j.dict	dict-spring-boot-example	0.9.4		d025c801e3d96db6a7ae6f1264a7527e4b3d6663
com.admin4j.dict	dict-spring-boot-example	0.9.5		331af277483e4ac4d0f29d395f945dee5df3db23
com.admin4j.dict	dict-spring-boot-example	0.9.6		3e26ae97f19ffc44df9530179d53730cd4d98304
com.admin4j.dict	dict-spring-boot-example	0.9.7		44ab2eeddedb7574b4409a64c7b03b9ef96087bc
com.admin4j.dict	dict-spring-boot-example	0.9.8		075826295ef1615f961b0b8a2db7de7c4e25b77d
com.aliyun.hbase	alihbase-mapreduce	2.0.0		6a5931278c94be89e80fbc3bad77aafeaea68093
com.aliyun.hbase	alihbase-mapreduce	2.0.10		e74d671b85763a4c3b83c6596a92218df1ffac35
com.aliyun.hbase	alihbase-mapreduce	2.0.2		2fb701aee9ff786963b5464e72e555231057012a
com.aliyun.hbase	alihbase-mapreduce	2.0.3		b8ac44e8e06f2d8f8c6b70b985e0c62adece73d4
com.aliyun.hbase	alihbase-mapreduce	2.0.4		5f9e8519f12de6981d40ef5094e8302add5f9eab
com.aliyun.hbase	alihbase-mapreduce	2.0.5		a65366064de925ba0e9e6d35ea7eaa386591eacb
com.aliyun.hbase	alihbase-mapreduce	2.0.6		40909cb8364bcb9d546e2268d037de3ccb1c17db
com.aliyun.hbase	alihbase-mapreduce	2.0.7		071a5ecd750508ef47980101532e51089e600d96
com.aliyun.hbase	alihbase-mapreduce	2.0.8		26dd9679003a9e8eb78442f1985d4f43f9db5b4c
com.aliyun.hbase	alihbase-mapreduce	2.0.9		c08b7e4633be789e79d7c74aec9e73d22def5812
com.aliyun.hbase	alihbase-mapreduce	2.8.0		fe759c6db24cd96191ed465006db318d07373f29
com.aliyun.hbase	alihbase-mapreduce	2.8.1		afbd1b2bb3628f73dd2184cb56619dd3844cc32c
com.aliyun.hbase	alihbase-mapreduce	2.8.2		ddca8d62564644440eac0712ec63a40e85ba2b6a
com.aliyun.hbase	alihbase-mapreduce	2.8.3		e552686b438f2cda750fa53a370c7dcc457e86cb
com.aliyun.hbase	alihbase-mapreduce	2.8.4		843fb32ab8030bf5bdaf685a962d81b1680cc3e6
com.aliyun.hbase	alihbase-mapreduce	2.8.5		7a931b1f98bae2617fb6ada658bd7b4e6ca13433
com.aliyun.hbase	alihbase-mapreduce	2.8.6		de3c610318f3df838c2aa098bca35eab2df9b2fd
com.aliyun.hbase	alihbase-mapreduce	2.8.6.98		b389083f3ce9dd8419e10a86b4b8e8aa1568168b
com.aliyun.hbase	alihbase-mapreduce	2.8.7		f4d0416137a8d343f7bdb145dc6d09cb50c5656c
com.aoindustries	aoserv-daemon	1.84.10		bbf96d7a80eb05c5e6b77c98f7b977d8f0fc26f7
com.aoindustries	aoserv-daemon	1.84.11		d6e26f96b97327faa28cacc557fc300918f51fe5
com.aoindustries	aoserv-daemon	1.84.12		490903df6e170c4649fd9e9e622cee9a8814afd1
com.aoindustries	aoserv-daemon	1.84.13		e98d7065a82625332cbaaf12f006684a2cb62a3d
com.aoindustries	aoserv-daemon	1.84.14		ed6a26c019219f896a3a87d59e1e2e9df289bac1
com.aoindustries	aoserv-daemon	1.84.15		98e745461f88f7d660beb4ab1e8e0bc0fbce01ab
com.aoindustries	aoserv-daemon	1.84.16		21bedd920378c617ee019f442498547632448902
com.aoindustries	aoserv-daemon	1.84.17		9682c2bfe9b8c80b3f2ec1321734b0fd63be3ed8
com.aoindustries	aoserv-daemon	1.84.18		f0c9af970b3d8c25b6b4e1653ef0b83c71ff9726
com.aoindustries	aoserv-daemon	1.84.19		095f7e90cc281f434925f2111c36296655f233bd
com.aoindustries	aoserv-daemon	1.84.2		b4936ed02c3f32122c54e6aae8b433fe7f05d99d
com.aoindustries	aoserv-daemon	1.84.20		7e712384e36a12c7b87d1e16f13ad1ed5f36e3a3
com.aoindustries	aoserv-daemon	1.84.21		5c17c4effcb43fd4b39d3d7face2d081ce9e5614
com.aoindustries	aoserv-daemon	1.84.3		721c2ee8787a7f266ff9078d6af3034a851bd5a4
com.aoindustries	aoserv-daemon	1.84.4		1b58ebd193ed3b087adc6a381aa76172e6abc867
com.aoindustries	aoserv-daemon	1.84.5		554409debd17bf48d013ef9198c17127b8d99aa0
com.aoindustries	aoserv-daemon	1.84.6		66b53f7e40ec5d677d1c9f9bace0e2e0397735dd
com.aoindustries	aoserv-daemon	1.84.7		dfd9ad3e3cdcc4883819677ac883e4884db8d588
com.aoindustries	aoserv-daemon	1.84.8		b037c0724bc1d584264861b9076913f1582c678e
com.aoindustries	aoserv-daemon	1.84.9		ce90e42e923fdeee96f8eaca9ae16b6e603ff578
com.aoindustries	aoserv-daemon	1.85.0		1ebcf90c2421a31a6c02120b6a7901c8d7494d5d
com.aoindustries	aoserv-daemon	1.86.0		16c8b175b062854374b53b3be5d9ce943913772d
com.aoindustries	aoserv-daemon	1.87.0		07a9fa6ab4349d8d48d49f0b05921e218c2efcac
com.aoindustries	aoserv-daemon	1.88.0		1ea443a7b1153a8df3ba28ca4173b39b442227e2
com.aoindustries	aoserv-daemon	1.89.0		723da77be17a2df8583ede8223379b4faf10117b
com.aoindustries	aoserv-daemon	1.90.0		65da9ec0f4eefd3ec1f5f79fa590c54c57120cdd
com.aoindustries	aoserv-daemon	1.91.1		feb3dfb3d9030a2f78dbf730a58ddf8ddfa678cb
com.aoindustries	aoserv-daemon	1.91.10		cb23e4511b0bd9b3242e81ac7f2aaf9ec2f30e8a
com.aoindustries	aoserv-daemon	1.91.2		a35e4118a5b6d3b27d0245c935e4de4d7a7b8fb3
com.aoindustries	aoserv-daemon	1.91.3		aee464f22291c994e5c109217a5412463cd346ed
com.aoindustries	aoserv-daemon	1.91.7		b436ccbc90ed2185950ddcfebbea9e5a7d55fb66
com.aoindustries	aoserv-daemon	1.91.8		ac936c64c5894554afdb4e78db0bc4e007224bb8
com.aoindustries	aoserv-daemon	1.91.9		6662f4e37d0b9c6404a66b2673258c10d779c8be
com.apptasticsoftware	rssreader	3.0.0		d3a6168fc7ec66d8f045dadb815f3674d57b3ed7
com.apptasticsoftware	rssreader	3.1.0		d55db42eb5fabca337daf7d9300c6930b813806e
com.apptasticsoftware	rssreader	3.2.0		2ffcd710691530a9c979218a6ed14b540565b018
com.apptasticsoftware	rssreader	3.2.1		a35db0efad6481f03d66e94643dfca374c8163ec
com.apptasticsoftware	rssreader	3.2.2		f56c7f404fcb3871cecd3fd04bba7dc1919a5de1
com.apptasticsoftware	rssreader	3.2.3		a9908d3bc11aed0a143d92d0821a95125ff6ee4c
com.apptasticsoftware	rssreader	3.2.4		a377c18d580e5fdd8e539431e305ff80ef831c3d
com.apptasticsoftware	rssreader	3.2.5		a1d16aeb1aae6c2db8eea654e3627a4dac3ba4ec
com.apptasticsoftware	rssreader	3.3.0		a16ffc54c3a6006180ae5c6b95012458016f4e07
com.apptasticsoftware	rssreader	3.4.0		f7004bac0c6426c1bac08383810dc2ac365312d6
com.apptasticsoftware	rssreader	3.4.1		6d0498d673e2ede7e5d1c81aca13c392c99360e2
com.apptasticsoftware	rssreader	3.4.2		b84e3d7b98d1eeb2703690ba25a5c4ead8375a2c
com.apptasticsoftware	rssreader	3.4.3		a0b16769c035184ef442fbe4ef5fb8e5e052a16e
com.apptasticsoftware	rssreader	3.4.4		05100d7d4c880979da1387ca6630f465f12f2e33
com.apptasticsoftware	rssreader	3.4.5		056dde97a77ea4e66ae36e45d9b007333ce5417b
com.apptasticsoftware	rssreader	3.4.6		e4fe8b50cca86a680cc394183f725a9697b879e0
com.apptasticsoftware	rssreader	3.5.0		756376fef5f686580c958541e5c176ddcf875c8b
com.apptasticsoftware	rssreader	3.6.0		1bdb11dd03ee077820c45dba057b7fb16e50dd71
com.apptasticsoftware	rssreader	3.7.0		20da4db1825a44ee397498572a09538b3820fc84
com.apptasticsoftware	rssreader	3.8.0		7caf156c796e22611affa46954928224f9e8f438
com.apptasticsoftware	rssreader	3.8.1		aea4c8898735bb2244d8640425cc3fd720dd6edc
com.apptasticsoftware	rssreader	3.8.2		95a3c5ff2e9fabfdde6606bdc4e37542e54b63b9
com.apptasticsoftware	rssreader	3.9.0		925388cb58fe65b5437f890ac96457b76ffa9d2c
com.apptasticsoftware	rssreader	3.9.1		4c707e1d68a0ebcee7994fadc8b1ac8713c12e8f
com.apptasticsoftware	rssreader	3.9.2		9fc8b7276086874f1e431a74dee5473f5d4fdc8f
com.apptasticsoftware	rssreader	3.9.3		87814ec113e1fece74992c47f2f1776e2f0d0ce6
com.barrybecker4	bb4-pente	1.1.2		dbe8d14cb7f23c59b043a53f0cfe46a792b23dce
com.butor	butor-maven-parent	0.0.2		N/A
com.butor	butor-maven-parent	0.9.0		N/A
com.butor	butor-maven-parent	1.0.0		N/A
com.butor	butor-maven-parent	1.0.1		N/A
com.butor	butor-maven-parent	1.0.12		N/A
com.butor	butor-maven-parent	1.0.13		N/A
com.butor	butor-maven-parent	1.0.14		N/A
com.butor	butor-maven-parent	1.0.17		N/A
com.butor	butor-maven-parent	1.0.18		N/A
com.butor	butor-maven-parent	1.0.19		N/A
com.butor	butor-maven-parent	1.0.2		N/A
com.butor	butor-maven-parent	1.0.21		N/A
com.butor	butor-maven-parent	1.0.22		N/A
com.butor	butor-maven-parent	1.0.23		N/A
com.butor	butor-maven-parent	1.0.24		N/A
com.butor	butor-maven-parent	1.0.25		N/A
com.butor	butor-maven-parent	1.0.27		N/A
com.butor	butor-maven-parent	1.0.28		N/A
com.butor	butor-maven-parent	1.0.29		N/A
com.butor	butor-maven-parent	1.0.3		N/A
com.butor	butor-maven-parent	1.0.30		N/A
com.butor	butor-maven-parent	1.0.31		N/A
com.butor	butor-maven-parent	1.0.6		N/A
com.butor	butor-maven-parent	1.0.7		N/A
com.butor	butor-maven-parent	1.0.9		N/A
com.codeheadsystems	smr	1.0.0		cbcd8469c8a55727ac7ceda8af04e82e704f7365
com.codeheadsystems	smr	1.0.1		63fcc36d72dcc8e3de59553de0d56e0c69fd1b73
com.codeheadsystems	smr	1.0.2		bb1b6c9b84ea3ba916e4e879e1b358b56a85a4a8
com.codeheadsystems	smr	1.0.3		d60b161fbcd2592131b33e5490a87e041421efb7
com.codeheadsystems	smr	1.0.4		882f6c0d731861926c16edcb1909b111a1427d13
com.codeheadsystems	smr	3.0.0		1d198c81c2b9871e54716afa638eb0bce0f320a9
com.codeheadsystems	smr	3.0.1		4200e80b388145c049bd9b7b7bda21b279829d4b
com.codeheadsystems	smr	3.0.2		359d23c246a77cbaf845ad9e36585f374f462d32
com.codesnippets4all	jthunder-plugins	1.1		a24cadfac5a3c7090ad4043c772a07ea55eec065
com.codesnippets4all	jthunder-plugins	1.2		ed224ed77044424bfd9842a9c7a87c2cf53118a9
com.codesnippets4all	jthunder-plugins	1.2.1		4428e3481b54e64bbf1d2f497a798c6b449916e0
com.dotdata	dotdata-extensions_2.12	0.0.1		b470708dd014359c867d855eacec54cb99146de3
com.dotdata	dotdata-extensions_2.12	0.0.2		676eab69f0822e28e50efc171129a5abfb4921f1
com.dotdata	dotdata-extensions_2.12	1.0.0		d962ab2cfbb36d80eb4f58407b3115d24cc2e9a9
com.dotdata	dotdata-extensions_2.12	1.0.1		89d06aa1afa5e545416fac86b268ae9505c53bf7
com.dotdata	dotdata-extensions_2.12	1.0.2		e4248e6b3312345603fa1fc1d455b19b05a7528f
com.gitee.visionalsun	vsframe	1.0.0		N/A
com.gitee.visionalsun	vsframe	1.0.1		N/A
com.github.agaro1121	scala-slack-shared-events_2.12	0.2.11		45290fcfe8bd55e223c92fae2634ef93d7f1e894
com.github.agaro1121	scala-slack-shared-events_2.12	0.2.13		21b6c79952caa020d0bc372dc5a8e1cbe69f5a64
com.github.agaro1121	scala-slack-shared-events_2.12	0.2.16		fda0cb330fa601d66cff637e66556844b97599e5
com.github.agaro1121	scala-slack-shared-events_2.12	0.2.17		b16d8ca8b589553e43fe080207ab0dbd2c0a7711
com.github.agaro1121	scala-slack-shared-events_2.12	0.2.18		a3f9a534b32f0b093ceee137f2fa39d2bdb71d9d
com.github.agaro1121	scala-slack-shared-events_2.12	0.2.6		9547c7af6e05d757b4bbea52c3952316652117eb
com.github.agaro1121	scala-slack-shared-events_2.12	0.2.7		4235efd22310ec1c0b60ec59691beee9aa0f45f3
com.github.agaro1121	scala-slack-shared-events_2.12	0.2.8		d03c48682114cb0417a158dc0e719528d8aa02ac
com.github.ajalt.colormath	colormath	2.0.0		N/A
com.github.ajalt.colormath	colormath	2.1.0		8b3015c3122537bb30c401504e00628df89694ff
com.github.ajalt.colormath	colormath	3.0.0		2050cded58d381a6d9c2027535e10a8f5b95bc66
com.github.ajalt.colormath	colormath	3.1.0		66ade05f009986f6e2d53ed00194fc15fe8d36bb
com.github.ajalt.colormath	colormath	3.1.1		3d8d7659259f427e1817b2ac9b7d8559c594f797
com.github.ajalt.colormath	colormath	3.2.0		e3ad648415cdee4f29847a497739d0fa83061679
com.github.ajalt.colormath	colormath	3.2.1		07395aa955b745e3f174753d518937453e00f113
com.github.ajalt.colormath	colormath	3.3.0		316943aaa442dd3a235ae84d5ad5bdb78970bd24
com.github.ajalt.colormath	colormath	3.3.1		8c8e868af7dd70badc0d3bcb24a23d591371a0f7
com.github.ajalt.colormath	colormath	3.3.2		0e282863e2fc7e5de1bd9f38ce107f9aecf086fc
com.github.ajalt.colormath	colormath	3.3.3		8397890c19f397513bfaad97f3bdbf5951c659fc
com.github.ajalt.colormath	colormath	3.4.0		329013fb21bef163864d28db910dd9c0da4567d6
com.github.ajalt.colormath	colormath	3.5.0		50d320eb2056de36f065f369f93f9311d2dd4757
com.github.ajalt.colormath	colormath	3.6.0		d4828dc9854e5115a4f562c198057c793ed0f848
com.github.ajalt.colormath	colormath	3.6.1		c6bc0249675d3f4a8d25bbf049640fc66167c00c
com.github.fomkin	pushka-json_sjs0.6_2.12	0.8.0		9b8405f2ffc1ddc2b95cfae7fe01e5030c8f564f
com.github.ms5984.clans	clans-banks	1.1.4		32f561e0a1c6f8d3e3e0f5c0cc774f9603058651
com.github.ms5984.clans	clans-banks	1.2.0		2f20e4500923866e368e4d563add223b3bd72ecc
com.github.xuwei-k	iarray_sjs0.6_2.13.0-RC2	0.5.0		e3d746d65574200a4d0da35acf79cd1d0e31a879
com.google.cloud	google-cloud-storageinsights-bom	0.1.0		N/A
com.google.cloud	google-cloud-storageinsights-bom	0.12.0		N/A
com.google.cloud	google-cloud-storageinsights-bom	0.13.0		N/A
com.google.cloud	google-cloud-storageinsights-bom	0.14.0		N/A
com.google.cloud	google-cloud-storageinsights-bom	0.15.0		N/A
com.google.cloud	google-cloud-storageinsights-bom	0.16.0		N/A
com.google.cloud	google-cloud-storageinsights-bom	0.17.0		N/A
com.google.cloud	google-cloud-storageinsights-bom	0.18.0		N/A
com.google.cloud	google-cloud-storageinsights-bom	0.19.0		N/A
com.google.cloud	google-cloud-storageinsights-bom	0.2.0		N/A
com.google.cloud	google-cloud-storageinsights-bom	0.20.0		N/A
com.google.cloud	google-cloud-storageinsights-bom	0.21.0		N/A
com.google.cloud	google-cloud-storageinsights-bom	0.22.0		N/A
com.google.cloud	google-cloud-storageinsights-bom	0.23.0		N/A
com.google.cloud	google-cloud-storageinsights-bom	0.24.0		N/A
com.google.cloud	google-cloud-storageinsights-bom	0.25.0		N/A
com.google.cloud	google-cloud-storageinsights-bom	0.26.0		N/A
com.google.cloud	google-cloud-storageinsights-bom	0.27.0		N/A
com.google.cloud	google-cloud-storageinsights-bom	0.28.0		N/A
com.google.cloud	google-cloud-storageinsights-bom	0.29.0		N/A
com.google.cloud	google-cloud-storageinsights-bom	0.3.0		N/A
com.google.cloud	google-cloud-storageinsights-bom	0.30.0		N/A
com.google.cloud	google-cloud-storageinsights-bom	0.31.0		N/A
com.google.cloud	google-cloud-storageinsights-bom	0.32.0		N/A
com.google.cloud	google-cloud-storageinsights-bom	0.33.0		N/A
com.google.cloud	google-cloud-storageinsights-bom	0.34.0		N/A
com.google.cloud	google-cloud-storageinsights-bom	0.36.0		N/A
com.google.cloud	google-cloud-storageinsights-bom	0.37.0		N/A
com.google.cloud	google-cloud-storageinsights-bom	0.38.0		N/A
com.google.cloud	google-cloud-storageinsights-bom	0.39.0		N/A
com.google.cloud	google-cloud-storageinsights-bom	0.4.0		N/A
com.google.cloud	google-cloud-storageinsights-bom	0.40.0		N/A
com.google.cloud	google-cloud-storageinsights-bom	0.41.0		N/A
com.google.cloud	google-cloud-storageinsights-bom	0.42.0		N/A
com.google.cloud	google-cloud-storageinsights-bom	0.43.0		N/A
com.google.cloud	google-cloud-storageinsights-bom	0.44.0		N/A
com.google.cloud	google-cloud-storageinsights-bom	0.45.0		N/A
com.google.cloud	google-cloud-storageinsights-bom	0.46.0		N/A
com.google.cloud	google-cloud-storageinsights-bom	0.5.0		N/A
com.google.cloud	google-cloud-storageinsights-bom	0.6.0		N/A
com.google.cloud	google-cloud-storageinsights-bom	0.7.0		N/A
com.google.cloud	google-cloud-storageinsights-bom	0.8.0		N/A
com.google.cloud	google-cloud-storageinsights-bom	0.9.0		N/A
com.mayakapps.kache	file-kache-mingwx64	2.0.0-rc01		N/A
com.mayakapps.kache	file-kache-mingwx64	2.0.0-rc02		N/A
com.mayakapps.kache	file-kache-mingwx64	2.1.0		N/A
com.mayakapps.kache	file-kache-mingwx64	2.1.0-beta01		N/A
com.mayakapps.kache	file-kache-mingwx64	2.1.0-beta02		N/A
com.mayakapps.kache	file-kache-mingwx64	2.1.0-beta03		N/A
com.mayakapps.kache	file-kache-mingwx64	2.1.0-beta04		N/A
com.mayakapps.kache	file-kache-mingwx64	2.1.0-beta05		N/A
com.mayakapps.kache	file-kache-mingwx64	2.1.1		N/A
com.michael-bull.kotlin-result	kotlin-result-androidnativearm32	1.1.17		N/A
com.michael-bull.kotlin-result	kotlin-result-androidnativearm32	1.1.18		N/A
com.michael-bull.kotlin-result	kotlin-result-androidnativearm32	1.1.19		N/A
com.michael-bull.kotlin-result	kotlin-result-androidnativearm32	1.1.20		N/A
com.michael-bull.kotlin-result	kotlin-result-androidnativearm32	1.1.21		N/A
com.michael-bull.kotlin-result	kotlin-result-androidnativearm32	2.0.0		N/A
com.michael-bull.kotlin-result	kotlin-result-androidnativearm32	2.0.1		N/A
com.openjad.devtools	openjad-devtools-loader	3.0.1-RELEASE		888859277879f50d5eea151e80acb440560fd392
com.pddon.framework	easy-spring-boot-api-client	1.0.0		ba974ae27ea12edca4a9401f662149b44e9ce4b1
com.pddon.framework	easy-spring-boot-api-client	2.0.0		54fdbdfd0b8828b44c5226f906a8af474b2696dc
com.pddon.framework	easy-spring-boot-api-client	2.0.1		cfe917ed05928e4ade53d4a7485d609f939a6d9d
com.pddon.framework	easy-spring-boot-api-client	2.0.2		5e3c93f169c6024f5f7e89a7a4bbaaeed4521df8
com.pddon.framework	easy-spring-boot-api-client	2.0.3		b552852f9a632d7d4a5d31af04c695f647e13ea2
com.pddon.framework	easy-spring-boot-api-client	2.0.4		60de497e804b910c314316fdad2a1bc63903d3ad
com.pddon.framework	easy-spring-boot-api-client	2.0.5		e903f482ae9f3d045d280f0b759d3b130304130e
com.pddon.framework	easy-spring-boot-api-client	2.0.6		44b44345e51bf363367f32e1433fc2676d9e96f7
com.qcloud	qcloud-sdk	1.0		50c50b2f667d0eaf44f422873a7894e4eeb3dab2
com.qcloud	qcloud-sdk	2.0		d0b2eb2616475fd64a86a0a05c01c6d03395d126
com.qcloud	qcloud-sdk	2.1.0		e3123ca1ae9a6c8d21e6554438923e09fe58b1ad
com.qcloud	qcloud-sdk	2.1.1		71ff8037c1bc39a09a87487462fcd577353445de
com.qcloud	qcloud-sdk	2.1.2		1a6a2b0023763d91f5e148f6292cd33058e2e03e
com.qcloud	qcloud-sdk	2.1.3		d075d9ae51db5f3c2c63e86624fc6a8179ab13d7
com.qcloud	qcloud-sdk	2.1.4		f907c06fce7c6a550c54f8fe9dd4db88d8b02080
com.qcloud	qcloud-sdk	2.1.5		558267827c29964354a9a54615a794d37c454865
com.qcloud	qcloud-sdk	2.1.6		5432fd005666419c263ab75daafb239b1f6989a4
com.qifun	json-stream-bson_2.10	0.1.0		526e32415975dc1bc15c69adfb25247e482d5046
com.raxdenstudios	commons-core	4.37.0		N/A
com.raxdenstudios	commons-core	4.41.0		N/A
com.raxdenstudios	commons-core	4.43.0		N/A
com.raxdenstudios	commons-core	4.43.1		N/A
com.raxdenstudios	commons-core	4.44.0		N/A
com.raxdenstudios	commons-core	4.5.0		N/A
com.raxdenstudios	commons-core	4.6.0		N/A
com.raxdenstudios	commons-core	5.0.0		N/A
com.raxdenstudios	commons-core	5.0.1		N/A
com.raxdenstudios	commons-core	5.0.2		N/A
com.raxdenstudios	commons-core	5.0.3		N/A
com.raxdenstudios	commons-core	5.0.4		N/A
com.raxdenstudios	commons-core	5.1.0		N/A
com.raxdenstudios	commons-core	5.2.0		N/A
com.raxdenstudios	commons-core	5.2.1		N/A
com.raxdenstudios	commons-core	5.2.10		N/A
com.raxdenstudios	commons-core	5.2.2		N/A
com.raxdenstudios	commons-core	5.2.3		N/A
com.raxdenstudios	commons-core	5.2.4		N/A
com.raxdenstudios	commons-core	5.2.5		N/A
com.raxdenstudios	commons-core	5.2.9		N/A
com.scloudic	rabbit-core-spring-boot-starter	3.3.2.RELEASE		9f7b55fa283df2bd80dda1d509866db5b168fca2
com.scloudic	rabbit-core-spring-boot-starter	3.3.3.RELEASE		95c2d267a89ae78ac196ed4d1426b34ecbfb5ee6
com.scloudic	rabbit-core-spring-boot-starter	3.4.0.RELEASE		0ba5a832e356309d9f494c51f633ce3ca026960f
com.scloudic	rabbit-core-spring-boot-starter	3.4.1.RELEASE		4e31210394b97972ea84816abba85b3db5b6d77c
com.scloudic	rabbit-core-spring-boot-starter	3.4.2.RELEASE		3a0378c8840a5c377cc57edc20902c05037383b7
com.scloudic	rabbit-core-spring-boot-starter	3.4.3.RELEASE		35e298d9e67e2cccf5b62afc0332c6beb33b44b2
com.scloudic	rabbit-core-spring-boot-starter	3.4.4.RELEASE		b49a1c03863dc02e9ad488af06f207a8855b21e1
com.scloudic	rabbit-core-spring-boot-starter	3.4.5.RELEASE		6a850c33cd92468a99444086ed654c975e5faf3d
com.scloudic	rabbit-core-spring-boot-starter	3.4.6.RELEASE		10e762549dddb60840b496e34f18aff36f7e9e8e
com.scloudic	rabbit-core-spring-boot-starter	3.4.7.RELEASE		6de7f641b28928d455205db302cb7a3f6f687d87
com.scloudic	rabbit-core-spring-boot-starter	3.4.8.RELEASE		8eab70ff672be09ea76a68c6f9776b53fa71cd72
com.scloudic	rabbit-core-spring-boot-starter	3.4.9.RELEASE		bfdd8a19e30a42eb3d6f0f63f3f96b99c5b5b867
com.scloudic	rabbit-core-spring-boot-starter	3.5.0.RELEASE		800fb256c261acccb8f4993b2e3f9d61968e5f0d
com.scloudic	rabbit-core-spring-boot-starter	3.5.1.RELEASE		080e929cc345ccf52435a8474b14efceb3fb2521
com.scloudic	rabbit-core-spring-boot-starter	3.5.2.RELEASE		973dbb1aca5b6532246e458ea258d6943a3f3263
com.scloudic	rabbit-core-spring-boot-starter	3.6.0		881da18d102e4ed1ce9f82a3c2c8e86f4729bcd8
com.scloudic	rabbit-core-spring-boot-starter	3.6.1		8bfcfd1290aef1a15f1787d781ad49575977d3e3
com.scloudic	rabbit-core-spring-boot-starter	3.6.2		ef62b91dd07018c0969954722081108ee23d9f64
com.scloudic	rabbit-core-spring-boot-starter	3.6.3		e9754f3c5273c613b623af143afa317def51d29e
com.scloudic	rabbit-core-spring-boot-starter	3.6.4		339b014a3cab50928f595ac95293978a53a6297e
com.scloudic	rabbit-core-spring-boot-starter	3.6.5		675084207bc0f95ea66c9fad2d9ed74917606a46
com.scloudic	rabbit-core-spring-boot-starter	3.6.6		afe1038aee8ee1d8f22d03e8937635a11246d6ea
com.scloudic	rabbit-core-spring-boot-starter	3.6.7		9118fd7007c9f4c7c6252acafcd6007b127af558
com.scloudic	rabbit-core-spring-boot-starter	3.6.8		119f8d03e5912cf756d8b2ccdc103a373db2c513
com.scloudic	rabbit-core-spring-boot-starter	3.6.9		35ccd406c8cdc8444c7ee857b2ea4ca7bb0d6769
com.scloudic	rabbit-core-spring-boot-starter	3.7.0		2df40d84d358775520a0a964c8b0e513ddab9a02
com.scloudic	rabbit-core-spring-boot-starter	3.7.1		946a39efbd77e127b88cb2791d14cb76cd5f001f
com.scloudic	rabbit-core-spring-boot-starter	3.7.2		c062e3f2f10dd3168604818e5d8daf2c070e053e
com.scloudic	rabbit-core-spring-boot-starter	3.7.3		352248c254c5fc8dc1bc4b8bed5ecef635ef4088
com.scloudic	rabbit-core-spring-boot-starter	3.7.4		2d7edaf8de08147ccabb6b5a6561e4fce11ef574
com.scloudic	rabbit-core-spring-boot-starter	3.7.5		80859929336f02f043de95ea3c3a19451a7c8c45
com.scloudic	rabbit-core-spring-boot-starter	3.7.6		cec402b0749999d59a94e48e9654665997f4f08e
com.scloudic	rabbit-core-spring-boot-starter	3.7.7		8048f4901a5d13f26d93d32efbc885a452951db8
com.scloudic	rabbit-core-spring-boot-starter	3.7.8		effaf41b0c2cb27bc80ec58c4a9c6a71c0ad7f47
com.sgota.tools	code-gen	1.0.0		c4d216559a5e5f429cc79e389cce4675e50a1fcc
com.talanlabs	task-manager-jpa	1.5.0		9ebe93642e75c1b00fd599026c75e0d0ec778496
com.trasier	trasier-client-spring-noop	2.0.0		aeb755fb6d63fa18dc1f83b1f94bc5f69a179fa5
com.trasier	trasier-client-spring-noop	2.0.1		ae8b72de4be6aadf2bfbfb02d6a6de7e0bc49622
com.trasier	trasier-client-spring-noop	2.1.0		7ee69c5ccb4395d539c9f0a18819a0fa265eca91
com.trasier	trasier-client-spring-noop	2.1.1		09f7172d34978e3485e073abce0cab22731d8ad0
com.trasier	trasier-client-spring-noop	2.1.2		6f3dc02b7f782e219fa90b77c586e9461836ebf0
com.trasier	trasier-client-spring-noop	2.1.3		bd1914452b78b3e0268e72eff3f319c550609a76
com.trasier	trasier-client-spring-noop	2.1.4		a348efb8700c38ab4cbb81e86a9183f7414ba297
com.trasier	trasier-client-spring-noop	2.2.0		f16a61545dd5540a4b337552df9259b26311280f
com.trasier	trasier-client-spring-noop	2.2.1		f35e8ba82d73332fc3c0ae0c84c2c5816b2ab850
com.trasier	trasier-client-spring-noop	2.2.2		f40b3f5a93f10426ecd1a54b505057985f806066
com.trasier	trasier-client-spring-noop	2.2.3		48e0d09dd129c0668891f7c2a62f7c14ea193388
com.trasier	trasier-client-spring-noop	2.2.4		266c6afc8f95f9144131092f16fe4a6753036b50
com.trasier	trasier-client-spring-noop	2.2.5		2a538fb68df3263fc7c3b24862842af3ec3fe281
com.trasier	trasier-client-spring-noop	2.2.7		83b3f5580fb9a7eb0a29a610a6bdedaafb544c5f
com.trasier	trasier-client-spring-noop	2.2.8		fd07c08333f5cf85b6009593018091a540af096e
com.trasier	trasier-client-spring-noop	2.3.2		379d9e9df7c3ec3101e51e3d1bdebbd5190ca6e4
com.trasier	trasier-client-spring-noop	2.3.3		5ed2b08399aef967efa263def24aa4b0686e44d5
com.trasier	trasier-client-spring-noop	2.3.4		a23723dd8d2fb5372b9f8ae842bcedf68b62f0f1
com.trasier	trasier-client-spring-noop	2.3.5		3ebc4594eae0446276beb07284b31893b0b2ac87
com.trasier	trasier-client-spring-noop	2.3.6		33a2c50bb9ac27f3424e84d7fed9c99a73f5bee5
com.trasier	trasier-client-spring-noop	2.3.7		c8be239c9666cb6090b2b7538e2cb02eb6fc4051
com.trasier	trasier-client-spring-noop	2.3.8		afeadfff06c7b9dcc14f059aab9e19ac6a4f0a4e
com.trasier	trasier-client-spring-noop	2.3.9		3fc8edd8f452ccfd7d6758df013bff027ef735eb
com.ufoscout	coreutils-cache	1.0.0		fa7060b0641a54c431e06e43244bf3a4982595ba
com.ufoscout	coreutils-cache	1.1.0		ab7709693dd51b7c7ffa016f90fc8e7ad4404997
com.ufoscout	coreutils-cache	1.1.1		acf6d759881605254c734188633255e94f5cd605
com.ufoscout	coreutils-cache	1.1.3		6bda3b300da9b7dba2f4f1c00286b27aa39f7aba
com.ufoscout	coreutils-cache	1.2.0		a21741df073147e1daddeae53e0c3982be819379
com.unitsvc.kit	unitsvc-poi4	2.0.0		109a07702d0ae3bd9141bb60ede99e1cef7fa21f
com.vaadin	vaadin-dashboard-flow-parent	24.6.0		N/A
com.vaadin	vaadin-dashboard-flow-parent	24.6.1		N/A
com.vaadin	vaadin-dashboard-flow-parent	24.6.2		N/A
com.vaadin	vaadin-dashboard-flow-parent	24.6.3		N/A
com.vaadin	vaadin-dashboard-flow-parent	24.6.4		N/A
com.vaadin	vaadin-dashboard-flow-parent	24.6.5		N/A
com.vaadin	vaadin-dashboard-flow-parent	24.6.6		N/A
com.vaadin	vaadin-dashboard-flow-parent	24.6.7		N/A
com.vaadin	vaadin-dashboard-flow-parent	24.6.8		N/A
com.vaadin	vaadin-dashboard-flow-parent	24.6.9		N/A
com.vaadin	vaadin-dashboard-flow-parent	24.7.0		N/A
com.vaadin	vaadin-dashboard-flow-parent	24.7.1		N/A
com.vaadin	vaadin-dashboard-flow-parent	24.7.2		N/A
com.vaadin	vaadin-dashboard-flow-parent	24.7.3		N/A
com.writingminds	FFmpegAndroid	0.3.2		N/A
com.wu-man	gremlin-android	2.1.0.0		N/A
de.flapdoodle.wicket7-java8	de.flapdoodle.wicket	7.0.2		N/A
de.flapdoodle.wicket7-java8	de.flapdoodle.wicket	7.0.3		N/A
fr.assoba.open	perf-core	1.0.0		11627d2bd5aa188adc68bbf1d50f1f5258cc468d
icu.lowcoder.spring.cloud	gateway	3.2.0		e96d34d87a2d94e2d544da7031a1ccfc3b6175c2
io.chrisdavenport	http4s-grpc-protobuf-java_native0.4_2.13	3.21.7+0.0.1		6e0d1c519b8bb12ac420767e03236517446604c5
io.chrisdavenport	http4s-grpc-protobuf-java_native0.4_2.13	3.22.2+0.0.2		7cf75fd941e6f1ddf85dce59fd7ea6428bf898ef
io.chrisdavenport	http4s-grpc-protobuf-java_native0.4_2.13	3.22.2+0.0.3		49c349a567cad5b94cb34f76e6811eba404710ce
io.chrisdavenport	http4s-grpc-protobuf-java_native0.4_2.13	3.22.3+0.0.4		65824d283107bb50943560eb662e7a4de698fccd
io.chrisdavenport	http4s-grpc-protobuf-java_native0.4_2.13	3.22.3+0.0.5		455d9acff409e539466ee3022b19918cc0a8bf75
io.chrisdavenport	http4s-grpc-protobuf-java_native0.4_2.13	3.22.4+0.0.5		c5e3047649366ee500c49a53ad640a6ab15424a2
io.chrisdavenport	http4s-grpc-protobuf-java_native0.4_2.13	3.23.0+0.0.5		d715944e885e37a950eda0d4483d6d4c3c26af2d
io.chrisdavenport	http4s-grpc-protobuf-java_native0.4_2.13	3.23.1+0.0.5		48ba23bf853251a57f80a0e3277449871cde52be
io.chrisdavenport	http4s-grpc-protobuf-java_native0.4_2.13	3.23.2+0.0.5		0a0a22d330e2883c6ca68d842a50c6b78e9c72b7
io.chrisdavenport	http4s-grpc-protobuf-java_native0.4_2.13	3.23.4+0.0.5		b471c96d7c2431f9564223558223aa5138e90970
io.chrisdavenport	http4s-grpc-protobuf-java_native0.4_2.13	3.24.4+0.0.6		cc6f6ab4ec5700b9ab091b62addc72a9fc57447e
io.chrisdavenport	http4s-grpc-protobuf-java_native0.4_2.13	3.25.0+0.0.6		e91724f2cfcdb4467d31764b21525926cf735c2d
io.chrisdavenport	http4s-grpc-protobuf-java_native0.4_2.13	3.25.1+0.0.6		dcc33dab1ef0dd73a1ff3d59f01de055eb5b072e
io.chrisdavenport	http4s-grpc-protobuf-java_native0.4_2.13	3.25.2+0.0.6		9c8798b07bc5e625f85678297e4e399942dc50f0
io.chrisdavenport	http4s-grpc-protobuf-java_native0.4_2.13	3.25.3+0.0.6		f0988e8ecb16ad38d82bc2590d602f34caf417d7
io.github.alexarchambault	test-util_2.12	0.1.1		bcf691a8c97bde2534cd2811d76ec8be34e27840
io.github.alexarchambault	test-util_2.12	0.1.2		68f2dc1c8babc0e00a0f4ae2918cdfef537245a6
io.github.alexarchambault	test-util_2.12	0.1.3		84e55ce0490c420fa6982ea4b6c17c3b254a5bc5
io.github.alexarchambault	test-util_2.12	0.1.4		2526f28ac44896cf6fd2269820dd5a5fd371d3e9
io.github.alexarchambault	test-util_2.12	0.1.5		55e50a09b0cdf2f84573cf8d97c134b357a7b637
io.github.alexarchambault	test-util_2.12	0.1.6		7f490303adca0ecfb389dcce1a91dc9562fbf4b2
io.github.cloudstars	lowcode-object-excel	0.1.2-RELEASE		e59aab8bd9562f0cbfad3ad91934d15bfa11c932
io.github.linmoure	logistics-sdk	1.0.0		bfb4bd7e3e840b47582c0162827fe2647beebe20
io.github.linmoure	logistics-sdk	1.0.1		0e32c5153c19dd63d0810451d8689f56ca781aac
io.github.linmoure	logistics-sdk	1.0.2		ab03c1debff7a7dcf6ffb3e2c6e1fcacc41b5743
io.github.linmoure	logistics-sdk	1.0.3		3aca2b8216dd2fb92f2095a0e5a38edd1b3c8a2a
io.github.qdsfdhvh	image-loader-extension-ktor-network-macosx64	1.10.0		N/A
io.github.qdsfdhvh	image-loader-extension-ktor-network-macosx64	1.10.0	metadata	db2775269f15e8f0849168af698e278c1da7b10f
io.github.qdsfdhvh	image-loader-extension-ktor-network-macosx64	1.7.2		N/A
io.github.qdsfdhvh	image-loader-extension-ktor-network-macosx64	1.7.2	metadata	bb0b11900dfdf53663306bf33dec7ea6fba44f5d
io.github.qdsfdhvh	image-loader-extension-ktor-network-macosx64	1.7.3		N/A
io.github.qdsfdhvh	image-loader-extension-ktor-network-macosx64	1.7.3	metadata	587a89657abf2983c2419fe6192d4531be3390ca
io.github.qdsfdhvh	image-loader-extension-ktor-network-macosx64	1.7.4		N/A
io.github.qdsfdhvh	image-loader-extension-ktor-network-macosx64	1.7.4	metadata	3ce0ad7028410eed3cc96041d46f74be3ea9d361
io.github.qdsfdhvh	image-loader-extension-ktor-network-macosx64	1.7.5		N/A
io.github.qdsfdhvh	image-loader-extension-ktor-network-macosx64	1.7.5	metadata	9818cf48ca99edf14966dd42bb8d91e798290053
io.github.qdsfdhvh	image-loader-extension-ktor-network-macosx64	1.7.6		N/A
io.github.qdsfdhvh	image-loader-extension-ktor-network-macosx64	1.7.6	metadata	069ad6a1ac62b695062e2b1dc023021e23bf590e
io.github.qdsfdhvh	image-loader-extension-ktor-network-macosx64	1.7.7		N/A
io.github.qdsfdhvh	image-loader-extension-ktor-network-macosx64	1.7.7	metadata	9ce2b94ea95bf62ec4de07aa5898d0f283a7d9f8
io.github.qdsfdhvh	image-loader-extension-ktor-network-macosx64	1.7.8		N/A
io.github.qdsfdhvh	image-loader-extension-ktor-network-macosx64	1.7.8	metadata	e0930d1d9945d6ac1755d93a767f4098d01553ce
io.github.qdsfdhvh	image-loader-extension-ktor-network-macosx64	1.8.0		N/A
io.github.qdsfdhvh	image-loader-extension-ktor-network-macosx64	1.8.0	metadata	07d3a04bf39296c5a2922af9ffda5babe8289aeb
io.github.qdsfdhvh	image-loader-extension-ktor-network-macosx64	1.8.1		N/A
io.github.qdsfdhvh	image-loader-extension-ktor-network-macosx64	1.8.1	metadata	e388caabb88b521528d2067668ae70e13891d92b
io.github.qdsfdhvh	image-loader-extension-ktor-network-macosx64	1.8.2		N/A
io.github.qdsfdhvh	image-loader-extension-ktor-network-macosx64	1.8.2	metadata	48e39739d57743d419b0a2c27e14bf71c7f5a60d
io.github.qdsfdhvh	image-loader-extension-ktor-network-macosx64	1.8.3		N/A
io.github.qdsfdhvh	image-loader-extension-ktor-network-macosx64	1.8.3	metadata	337baaa9720f0c48ce17884fa440703228e6a105
io.github.qdsfdhvh	image-loader-extension-ktor-network-macosx64	1.8.4		N/A
io.github.qdsfdhvh	image-loader-extension-ktor-network-macosx64	1.8.4	metadata	747108933045d554b51d0814800ced1d2296ae0b
io.github.qdsfdhvh	image-loader-extension-ktor-network-macosx64	1.9.0		N/A
io.github.qdsfdhvh	image-loader-extension-ktor-network-macosx64	1.9.0	metadata	9082f820bf94fa579a8537aa9bc8c0b17a8bbc2a
io.github.vooft	kotlin-kafka-client-common-linuxx64	0.4.3		N/A
io.github.vooft	kotlin-kafka-client-common-linuxx64	0.4.4		N/A
io.github.vooft	kotlin-kafka-client-common-linuxx64	0.5.0		N/A
io.gopluslabs	goplus-sdk-java	0.1.0		3b0a0848818d94e245a1218a9cbc1cdf538b6e14
io.gopluslabs	goplus-sdk-java	0.1.1		c737309cd9ba600995cb6cd7ba6c79a724d549ff
io.gopluslabs	goplus-sdk-java	0.1.2		d534999d06d5e1595040c4625f9ced8c77da0a2c
io.gopluslabs	goplus-sdk-java	0.1.3		d7b56af4c7be41fff14fe0e2dd6701c00518298d
io.gopluslabs	goplus-sdk-java	0.1.4		d5350cd875879a50d77789bf4b2ff2089a6ae107
io.gopluslabs	goplus-sdk-java	0.1.5		a94be5ae1c8e40dbcd7794baae629220e98d361d
io.gopluslabs	goplus-sdk-java	0.1.6		d109dfb032735c008795880635cd8d9318784c49
io.gopluslabs	goplus-sdk-java	0.1.7		bf31a060a8aa2587e9526d22a2d5eafd3507bcac
io.gopluslabs	goplus-sdk-java	0.1.8		6f0bb07f06e4eca4f345096f721a903be30cfeac
io.gopluslabs	goplus-sdk-java	1.0.0		c45fba986127286adb635f3245a00b08ff26b4e4
io.gopluslabs	goplus-sdk-java	1.0.1		0413f6607dc9ca788b1a43546fa9b78a9a4e3098
io.gopluslabs	goplus-sdk-java	1.0.2		2bdfd7f472bfd30b6bfd80968944dbae3dc1a9a1
io.gopluslabs	goplus-sdk-java	1.0.3		ae559c02a08cc1ae45f797748cb3a00dbce94c73
io.gopluslabs	goplus-sdk-java	1.0.4		04559dfe41e4a93de18045f398a5efcd46fbcc8f
io.gravitee.resource	gravitee-resource-oauth2-provider-am	1.0.0		a66b4156b24056beb5781694a306dbbab129575e
io.gravitee.resource	gravitee-resource-oauth2-provider-am	1.1.0		e2265e7d894e1d3dc45e5fb52e3f19dfac9c031c
io.gravitee.resource	gravitee-resource-oauth2-provider-am	1.10.0		0c71df88852da3ea37125263beab49b4f28d6e94
io.gravitee.resource	gravitee-resource-oauth2-provider-am	1.10.1		5ae1b271195e116fad518f995e991e37d8322925
io.gravitee.resource	gravitee-resource-oauth2-provider-am	1.11.0		3407e4b666d1c9dcfc50ccdd6a221b1c8b632c14
io.gravitee.resource	gravitee-resource-oauth2-provider-am	1.12.0		6919698167285ba14720cd404acebecc53016a63
io.gravitee.resource	gravitee-resource-oauth2-provider-am	1.12.1		76738f0b953b31ee215002b6d8698458f3b750f1
io.gravitee.resource	gravitee-resource-oauth2-provider-am	1.12.2		83f09a95ad9690506e66fdb5441afa3050c947b3
io.gravitee.resource	gravitee-resource-oauth2-provider-am	1.13.0		b45f39d8c0382febf594f119f08aec61ddbe9242
io.gravitee.resource	gravitee-resource-oauth2-provider-am	1.14.0		e7102ada72685f1a3f468f32c905f1483465e0da
io.gravitee.resource	gravitee-resource-oauth2-provider-am	1.14.1		65525bd0042fc5bd557ff706870350d00382dfe0
io.gravitee.resource	gravitee-resource-oauth2-provider-am	1.14.2		774257ef6652fb60d9bfa1f7833292950a573970
io.gravitee.resource	gravitee-resource-oauth2-provider-am	1.2.0		748878cd85eb8731c8efa3f051758d21a0bc9a9a
io.gravitee.resource	gravitee-resource-oauth2-provider-am	1.3.0		efcd15010151207de62a57579af8eb31f2a116cd
io.gravitee.resource	gravitee-resource-oauth2-provider-am	1.4.0		7d49c115aeef9f83419c079aa7f5806c2382eb74
io.gravitee.resource	gravitee-resource-oauth2-provider-am	1.5.0		41b644baccd9184d4d52b66041c9779f73257716
io.gravitee.resource	gravitee-resource-oauth2-provider-am	1.6.0		8a701c77c1f8884948fe2cffa7ff8ab3eccf5d25
io.gravitee.resource	gravitee-resource-oauth2-provider-am	1.7.0		ccd33bf20fdf2a315dfcaa0707d7deafbd6f7dc3
io.gravitee.resource	gravitee-resource-oauth2-provider-am	1.7.1		0e7e84f228021d994b52a467f6ccd88f53879d8d
io.gravitee.resource	gravitee-resource-oauth2-provider-am	1.8.0		5806b42d27a91d922509a4df97fd1ff27d2e7dac
io.gravitee.resource	gravitee-resource-oauth2-provider-am	1.8.1		af3066365d0994ae2abf9d3295b5f8d101a2b55d
io.gravitee.resource	gravitee-resource-oauth2-provider-am	1.9.0		c7c281a3feebf611c0104861b529e2cbad8837fa
io.gravitee.resource	gravitee-resource-oauth2-provider-am	2.0.0		30655aae23e399fe66ae7ef5d734331bb9ca97c5
io.gravitee.resource	gravitee-resource-oauth2-provider-am	2.0.1		e6e95a6b3b84b1120a4e7b992673ab89f95e22d8
io.gravitee.resource	gravitee-resource-oauth2-provider-am	2.0.2		6f130d74c5126852848517644145e456d569c392
io.gravitee.resource	gravitee-resource-oauth2-provider-am	2.1.0		aa66df3944f8b37ddd7f9a3de45a4ed0e34818ea
io.gravitee.resource	gravitee-resource-oauth2-provider-am	3.0.0		692f345cebf93ec78ade03bae5e53b06e8b4cf65
io.kevinlee	hedgehog-runner_native0.5_2.12	0.11.0-RC1		75394d145f301483d5c084272c066e8140009808
io.ktor	ktor-server-caching-headers-linuxx64	2.0.0		6c652458388d801335f248b70461f55208ba1b64
io.ktor	ktor-server-caching-headers-linuxx64	2.0.0-rc-1		4bab8fc837bcbd24447058c316cc1473cf95fe4d
io.ktor	ktor-server-caching-headers-linuxx64	2.0.1		0a517bf02772abf53d9a81cf38a59b01e176cd52
io.ktor	ktor-server-caching-headers-linuxx64	2.0.2		660399ea4f6982fdf8c709e5a402808693af62d4
io.ktor	ktor-server-caching-headers-linuxx64	2.0.3		854c8a4e00b84dc9ff7ab06643fef4379bc2b0e3
io.ktor	ktor-server-caching-headers-linuxx64	2.1.0		6f0cabb734201d7350677aed5cf9fc7e3be3c93e
io.ktor	ktor-server-caching-headers-linuxx64	2.1.1		bb63c0db68d7482074e39b15d9dcfbf399cb673c
io.ktor	ktor-server-caching-headers-linuxx64	2.1.2		2e7239839ae5cc0aa9a4c3c1e0f12396e5c4165a
io.ktor	ktor-server-caching-headers-linuxx64	2.1.3		c79cb0f8b10efc5b774fad05166ddf64c716ad1f
io.ktor	ktor-server-caching-headers-linuxx64	2.2.0		9a37cfc392da33a5d3da352586b59c53df61914c
io.ktor	ktor-server-caching-headers-linuxx64	2.2.1		9e132331a58cc41e49c00f2dc024c880eed38924
io.ktor	ktor-server-caching-headers-linuxx64	2.2.2		e63c932f498173cb86367fba47526f6104e05333
io.ktor	ktor-server-caching-headers-linuxx64	2.2.3		8cb7ed0cb382e29709798541a4aa1ecfe1cafc70
io.ktor	ktor-server-caching-headers-linuxx64	2.2.4		dfbb0129d8c5e057775027223ac085b63281150f
io.ktor	ktor-server-caching-headers-linuxx64	2.3.0		bd156fdf22d77f07001a1dc95e5dbe07de035af7
io.ktor	ktor-server-caching-headers-linuxx64	2.3.1		98fcb371d33cf4d209dd43ef66629c9c74fb1267
io.ktor	ktor-server-caching-headers-linuxx64	2.3.10		8f0070cb492e528623704fb948582f822cccf130
io.ktor	ktor-server-caching-headers-linuxx64	2.3.11		8600a3a35b0a066b07e041a1f82c7a275074f568
io.ktor	ktor-server-caching-headers-linuxx64	2.3.12		6b6fc2e41c5dbd1db3542aef5cf42265d88be38d
io.ktor	ktor-server-caching-headers-linuxx64	2.3.13		47d52586bda98cff9730760a73a2ebb3a057cfa3
io.ktor	ktor-server-caching-headers-linuxx64	2.3.2		182257e1bc0d6ede0d47e4c2903ee6003649ee09
io.ktor	ktor-server-caching-headers-linuxx64	2.3.3		eef285c95c8ad97fdb1f6ce587c0272a540ab32d
io.ktor	ktor-server-caching-headers-linuxx64	2.3.4		2fae4833481c765f7b243a6049ff64199cfc120c
io.ktor	ktor-server-caching-headers-linuxx64	2.3.5		10ca4f4a0cfeda6c8d9cdb1d3d00fcd2a154fc4e
io.ktor	ktor-server-caching-headers-linuxx64	2.3.6		ba82a74712164988a5faee24bd8318d09c982d9f
io.ktor	ktor-server-caching-headers-linuxx64	2.3.7		dc0f2d85aae1a8d84282fa22e9f0f626ffaddbb9
io.ktor	ktor-server-caching-headers-linuxx64	2.3.8		b848c9591649cae614b6eb66544f8ce224e72f9d
io.ktor	ktor-server-caching-headers-linuxx64	2.3.9		3ad4e3f65a56431a91fbdc850313a0cd8a218f02
io.ktor	ktor-server-caching-headers-linuxx64	3.0.0		e658dedd4e1df9270fcecb5c81b8a981a73040cf
io.ktor	ktor-server-caching-headers-linuxx64	3.0.0-beta-1		765688b104fc197e02932f27c3f30b410438ea06
io.ktor	ktor-server-caching-headers-linuxx64	3.0.0-beta-2		fca269e916a2c1748f1de3edaa0924416783bb32
io.ktor	ktor-server-caching-headers-linuxx64	3.0.0-rc-1		f7fa066a97bb6eb7653c215ac3159ab192c796b2
io.ktor	ktor-server-caching-headers-linuxx64	3.0.0-rc-2		cf5b5e8096223e8417550ebcfd266c3210ce5e19
io.ktor	ktor-server-caching-headers-linuxx64	3.0.1		eb858a66f03868ba0636c5f11d5cfe61f8164bb1
io.ktor	ktor-server-caching-headers-linuxx64	3.0.2		a53c845de7fae246be1e316dc91b1b96e8e13c94
io.ktor	ktor-server-caching-headers-linuxx64	3.0.3		29690be6c1cc18547c2fa78a58a0ac8e57ac57ec
io.ktor	ktor-server-caching-headers-linuxx64	3.1.0		9c7456da174d38dc8cfa227d13bfbbe79543366f
io.ktor	ktor-server-caching-headers-linuxx64	3.1.1		482ab5f3c87fe74b6fe2f74562430124b26ffa8b
io.ktor	ktor-server-caching-headers-linuxx64	3.1.2		c7ea590251306e7d85065e7df32befb8f97b0096
io.ktor	ktor-server-caching-headers-linuxx64	3.1.3		5cbd04d9c56ebd11631e9656ba910e2c2249b991
io.miragon.miranum	connect-camunda7-remote-all	0.10.0		1f1be5d6d16c81cb3c1e63e7acb5d344ccb7463d
io.miragon.miranum	connect-camunda7-remote-all	0.11.0		8963cd177fbe93b39c33d42afd95a010696caa5d
io.miragon.miranum	connect-camunda7-remote-all	0.8.0		7df63a0dac1fd15de1adfaf75173016a1effc885
io.miragon.miranum	connect-camunda7-remote-all	0.9.0		67aa3b64f5df81e923ba68694c4c9b4b06947770
io.polywrap.plugins	file-system	0.10.2		078bcf7072836e455d49f821ff63b078171efd12
io.polywrap.plugins	file-system	0.10.3		078bcf7072836e455d49f821ff63b078171efd12
io.polywrap.plugins	file-system	0.10.4		078bcf7072836e455d49f821ff63b078171efd12
io.proximax	java-xpx-chain-sdk	0.3.1		35086d06c185586fa682f0a89a3c5938ff286f68
io.proximax	java-xpx-chain-sdk	0.4.0		3fab5c26c924357766a1a1a52332cd57bebaccd3
io.proximax	java-xpx-chain-sdk	0.5.0		75cbaddb15774983f2d3caa3617ad9fe476f8b94
io.proximax	java-xpx-chain-sdk	0.6.0		7395b24da28ec2f0f6c15456fadf3dafd03790c3
io.proximax	java-xpx-chain-sdk	0.6.1		fe9382c2c61ddcf0d52535cbe8877cde2f45221f
io.proximax	java-xpx-chain-sdk	0.6.2		2def1d40fc9533e68684c5b4af9e21d81384fcb1
io.quarkiverse.artemis	quarkus-integration-test-artemis-core-with-default	2.0.0		b14cba555d70c439e9cf529acb2240c5d70b6cab
io.quarkiverse.artemis	quarkus-integration-test-artemis-core-with-default	2.0.1		a0e906c6c6e32d9ff84ac7766d3a41d34adb1d8f
io.quarkiverse.artemis	quarkus-integration-test-artemis-core-with-default	2.0.1.CR1		3671e831f82516a9f15ce8fb0ad67b51c258cb1c
io.quarkiverse.artemis	quarkus-integration-test-artemis-core-with-default	2.0.2		74f109907850e94779b958fc45cab5d5bfbf5fb4
io.quarkiverse.artemis	quarkus-integration-test-artemis-core-with-default	2.0.3		82cb4ce3b8bf3093a82e4226e1e1c84f7c4654d9
io.quarkiverse.artemis	quarkus-integration-test-artemis-core-with-default	2.0.4		2eb9d834ff2b0ec861d8a3a9c9ce0493674c33cb
io.quarkiverse.artemis	quarkus-integration-test-artemis-core-with-default	2.0.5		9745f1efbc39e37da6fb4f105f102a182ed4ffcb
io.quarkiverse.artemis	quarkus-integration-test-artemis-core-with-default	2.1.0		a23ab69510a4da714a7bc787132309efbfeb8fa4
io.quarkiverse.artemis	quarkus-integration-test-artemis-core-with-default	2.1.1		d08a031a2fbbf2f42ff14150294955761048b465
io.quarkiverse.artemis	quarkus-integration-test-artemis-core-with-default	2.1.2		39346a3bf89d24e81a58f5599c1aac7c2e827871
io.quarkiverse.artemis	quarkus-integration-test-artemis-core-with-default	3.0.0		0c7b84853c7b163630fc5b16037ee9665f630a54
io.quarkiverse.artemis	quarkus-integration-test-artemis-core-with-default	3.0.0.Alpha1		b1892d782419d5c9554d22075713994fcc12106a
io.quarkiverse.artemis	quarkus-integration-test-artemis-core-with-default	3.0.0.Alpha2		dabab3b3cc14544ebbe2026747b690928333e56d
io.quarkiverse.artemis	quarkus-integration-test-artemis-core-with-default	3.0.0.Alpha3		243d884bcdd4ba6ebb3ef26742d583a371e78a1a
io.quarkiverse.artemis	quarkus-integration-test-artemis-core-with-default	3.0.0.Alpha4		2c41a98a573a2da49c82465d3117475e569a0e30
io.quarkiverse.artemis	quarkus-integration-test-artemis-core-with-default	3.0.0.Alpha5		e6b63fb9f4e568e900fe4ca0618a9c7147b3cb5d
io.quarkiverse.artemis	quarkus-integration-test-artemis-core-with-default	3.0.0.Alpha6		8be03b94d4a2c80a1953020b9fa13109eef85ef3
io.quarkiverse.artemis	quarkus-integration-test-artemis-core-with-default	3.0.0.Alpha7		9af18986e5271aaefd77f412f2c9b0f959ba98db
io.quarkiverse.artemis	quarkus-integration-test-artemis-core-with-default	3.0.0.CR1		be8f690ff906b63d234d5eb1ef8efc2e3fb6339c
io.quarkiverse.artemis	quarkus-integration-test-artemis-core-with-default	3.0.1		712775d50d8e8c89e5aea4d5a21a5d0a50696d21
io.quarkiverse.artemis	quarkus-integration-test-artemis-core-with-default	3.0.2		90a584b3741e9c92c950ff468970ff3be5ce5961
io.quarkiverse.artemis	quarkus-integration-test-artemis-core-with-default	3.0.3		bfb6aadaee7ab8a425b4d6ac2e8994b3032f2364
io.quarkiverse.artemis	quarkus-integration-test-artemis-core-with-default	3.1.0		0969b7c8cf62bba5069d2f93b663c3837cd9b50e
io.quarkiverse.artemis	quarkus-integration-test-artemis-core-with-default	3.1.1		7302501ff0d0c09dc1c3c0229e4b9ab3919c1b3c
io.quarkiverse.artemis	quarkus-integration-test-artemis-core-with-default	3.1.2		d13a748dd6aa2bd9fb2e783b47e355ec2b4d18a2
io.quarkiverse.jgit	quarkus-jgit-integration-tests	1.0.0		adb1c375df27f083cd45bce1bdc2d0cebfcad57a
io.quarkiverse.jgit	quarkus-jgit-integration-tests	1.1.0		bd2406728fa6411e3922863458b89f2c9229192d
io.quarkiverse.jgit	quarkus-jgit-integration-tests	1.2.0		74fc335ba2ea8e486be7f58b01edb78550b28de8
io.quarkiverse.jgit	quarkus-jgit-integration-tests	2.0.0		6d7a793457b37d5ca3b2a2f12543eb750b3d7804
io.quarkiverse.jgit	quarkus-jgit-integration-tests	2.1.0		3444a97e69070e4037cf0340c6c78d8dd79dad40
io.quarkiverse.jgit	quarkus-jgit-integration-tests	2.2.0		e235b7f2b18bdf93383c5facc5b164fa1912d1a8
io.quarkiverse.jgit	quarkus-jgit-integration-tests	2.3.0		a18d1e433d1c4a6c2489c92427ae1faabdd3f7e1
io.quarkiverse.jgit	quarkus-jgit-integration-tests	2.3.1		a64fec15f4df9eb22dc3539bdc4dc0e7a8b41885
io.quarkiverse.jgit	quarkus-jgit-integration-tests	2.3.2		41110a2bd1d145b7730d5dc56d91a21a9a069fbb
io.quarkiverse.jgit	quarkus-jgit-integration-tests	3.0.0		25e36bdc5cd49574c5152b9d62f64811e1d26010
io.quarkiverse.jgit	quarkus-jgit-integration-tests	3.0.1		1ebbc5c13ced4b9478219ff09bd1cdf40e40471a
io.quarkiverse.jgit	quarkus-jgit-integration-tests	3.0.2		2be5b0f384332f44f23f5dcfda99adabff1c55e1
io.quarkiverse.jgit	quarkus-jgit-integration-tests	3.0.3		9f5daa8c6603b93e6447165e2d7d1a566408eaf9
io.quarkiverse.jgit	quarkus-jgit-integration-tests	3.0.4		df984f813fca309ac4b37288204c5c70873d410c
io.quarkiverse.jgit	quarkus-jgit-integration-tests	3.0.5		c94f591b8a3c234f0e50ee1d6834e9a141be1dd2
io.quarkiverse.jgit	quarkus-jgit-integration-tests	3.0.6		b9d9957c727f282b927a451dea7c75fd93c98470
io.quarkiverse.jgit	quarkus-jgit-integration-tests	3.0.7		0c7f54511f225bb977c4c96c8713b5c0518ce799
io.quarkiverse.jgit	quarkus-jgit-integration-tests	3.1.0		1c06c8f8ce0ad1b54dea95f7a34f4c5287be193f
io.quarkiverse.jgit	quarkus-jgit-integration-tests	3.1.1		41cb6773e164d604a258be73981b096e287f24d4
io.quarkiverse.jgit	quarkus-jgit-integration-tests	3.1.2		269ddbb16681363a606ff53d9ed275d684e2893e
io.quarkiverse.quarkus-reactive-h2-client	quarkus-reactive-h2-client	0.1.1		61eccb8ec30edce0fb807fd86bb6a1c47987ef51
io.quarkiverse.quarkus-reactive-h2-client	quarkus-reactive-h2-client	0.2.0		a1246ad65850854849bbc0342dc14814c45852e9
io.quarkiverse.quarkus-reactive-h2-client	quarkus-reactive-h2-client	0.2.1		ce5e74476478bd02457ea96e6a67ed4ee855b2d1
io.quarkiverse.quarkus-reactive-h2-client	quarkus-reactive-h2-client	0.2.2		d067a6a5470a6fc7abbff70b4266a11107e53162
io.quarkiverse.quarkus-reactive-h2-client	quarkus-reactive-h2-client	0.3.0		73f14bc18ceadb5aff932fe962f916dbfe061eec
io.quarkiverse.quarkus-reactive-h2-client	quarkus-reactive-h2-client	0.3.1		bc87571c643c0d313fc7cdaa7d5fd33fae3ece28
io.quarkiverse.quarkus-reactive-h2-client	quarkus-reactive-h2-client	0.3.2		ef93fbe6c87f879aa4bbeebb26d928cd554632cf
io.quarkiverse.quarkus-reactive-h2-client	quarkus-reactive-h2-client	0.3.3		c6da6fab785b5f555072b90d4a52a71f368c0cdd
io.quarkiverse.quarkus-reactive-h2-client	quarkus-reactive-h2-client	0.3.4		2eb70778ce318105fe02140a3800657d930535ee
io.quarkiverse.quarkus-reactive-h2-client	quarkus-reactive-h2-client	0.3.5		8d16f83978831ee1ab86a082ee640c05f092f769
io.quarkiverse.quarkus-reactive-h2-client	quarkus-reactive-h2-client	0.4.0		7b7ec6c385c1bee6f83c7f29cf71d8f26974f608
io.quarkiverse.quarkus-reactive-h2-client	quarkus-reactive-h2-client	0.4.1		f9fd142911ef6522f822ededcea65febb674c36d
io.quarkiverse.quarkus-reactive-h2-client	quarkus-reactive-h2-client	0.4.2		fd2fcaa6c853c80d7ab52a9921ca46abeafa4d1e
io.quarkiverse.quarkus-reactive-h2-client	quarkus-reactive-h2-client	0.4.3		d7fabfd5d074b88038434834df5cd0aae53c3dd5
io.quarkiverse.quarkus-reactive-h2-client	quarkus-reactive-h2-client	0.5.0		ed56bd1ae4e0a5b065e7f69f9b953ceba9aff1e9
io.quarkiverse.quarkus-reactive-h2-client	quarkus-reactive-h2-client	0.5.1		c99f46b84282737e0c60bde828aad2aebd7d6e3b
io.quarkiverse.quarkus-reactive-h2-client	quarkus-reactive-h2-client	0.5.2		67ff04362f4fb37b7eb3e3de3640a1fea0962c45
io.redlink.ext.logback	logback-ext-jackson	1.0.0		9cf52175bccf0055e48663c2050ad12ed836707b
io.toolisticon.spiap	example-service	0.10.0		e0488d4217e6e2d8eecce136501e8ca6dac14e62
io.toolisticon.spiap	example-service	0.11.0		7fd44a32445a05579810c750a5c1a453957febfc
io.toolisticon.spiap	example-service	0.8.0		272c16a1e5bfd70353b4d9902915d61abe44beb3
io.toolisticon.spiap	example-service	0.8.1		73e4c883f63483f822c198d95a67ea6722cfb875
io.toolisticon.spiap	example-service	0.8.2		ddb4abc2b6777a789ef2d869214ea87f676fa7c5
io.toolisticon.spiap	example-service	0.9.0		890eb0e7d87511759d55cf2eb3a13f5de9542880
kr.ikhoon.armeria	armeria-scalapb_2.12	0.1.0-beta2		3daf2bd395c2c171868d3aa78ad5d5ea203e642c
kr.ikhoon.armeria	armeria-scalapb_2.12	0.1.0-rc1		bc430da066bb68fc47e3bee5faa1185d434672b7
net.liftmodules	google-analytics_2.9.1-1	2.5-M1-1.0		a2a4592c2b576ae98a20a704a0f1ffc0a9711e51
net.liftmodules	google-analytics_2.9.1-1	2.5-M2-1.0		d923ba42fafe26cbb0b28840c9259a41febfc0b1
net.liftmodules	google-analytics_2.9.1-1	2.5-M3-1.0		463291320a9a746775bf3b93a406c1c5b951fba7
net.liftmodules	google-analytics_2.9.1-1	2.5-RC1-1.0		6717bea01f8511f4eb6025594498e89fc92c9952
net.liftmodules	google-analytics_2.9.1-1	2.5-RC2-1.0		d08db7e4df3d481a12dbc91261029faa144824c4
net.liftmodules	google-analytics_2.9.1-1	2.5-RC4-1.0		55a50d6a925d9cfff130ee52c356d3303dc8dee0
net.sinyax.sofa	sofa-bom	0.0.1		N/A
net.sinyax.sofa	sofa-bom	0.0.2		N/A
net.sinyax.sofa	sofa-bom	0.0.3		N/A
net.sinyax.sofa	sofa-bom	0.0.4		N/A
net.sinyax.sofa	sofa-bom	0.0.5		N/A
net.sinyax.sofa	sofa-bom	0.0.6		N/A
net.sinyax.sofa	sofa-bom	0.0.7		N/A
org.apache.avalon.cornerstone.sockets	cornerstone-sockets	1		N/A
org.apache.directory.buildtools	buildtools-parent	2.0.0		N/A
org.apache.directory.buildtools	buildtools-parent	2.0.1		N/A
org.apache.directory.buildtools	buildtools-parent	2.0.2		N/A
org.apache.drill.contrib	drill-format-pdf	1.20.0		69e82caa7b088a0f10190a653c005819b8064236
org.apache.drill.contrib	drill-format-pdf	1.20.0-hadoop2		b19530c99a3684f5601a5e8d2ee97dd8ce157f02
org.apache.drill.contrib	drill-format-pdf	1.20.2		ca74e552bd4be28c2fe1937273931891207a4c22
org.apache.drill.contrib	drill-format-pdf	1.21.0		8d69a7e421e15fe8bf281fb7f7488c1ebb2c0275
org.apache.drill.contrib	drill-format-pdf	1.21.1		25445a004b0334d564042bb69dead7fafe3faf1c
org.apache.drill.contrib	drill-format-pdf	1.21.2		b03655fcc87a64827a69b81f2663989e3a5850e7
org.bytedeco	tritonserver-platform	2.18-1.5.7		8917c6a252ca1caec7e00a6bd4f2d695309aa5d3
org.bytedeco	tritonserver-platform	2.26-1.5.8		379ebb0864f5e95ce2a6b2cd4374e06274ffbbcf
org.bytedeco	tritonserver-platform	2.26-1.5.8	shaded	084182f3d5543aadc40748da7685f69a30104ff4
org.bytedeco	tritonserver-platform	2.33-1.5.9		934aabb97754b2fb95020d2908184088e603184e
org.bytedeco	tritonserver-platform	2.33-1.5.9	shaded	4d989fa7fc564891cedb6d2cd897490e7a54f7ad
org.bytedeco	tritonserver-platform	2.41-1.5.10		3acc9efab1036808fa531acdedcd2b4171a11cf0
org.bytedeco	tritonserver-platform	2.41-1.5.10	shaded	c938b580f82d97f4414f6387d9549e750589ed24
org.bytedeco	tritonserver-platform	2.51.0-1.5.11		c7cf1a76f3fc2bdf5ba2a94ffb95d790936abaf9
org.bytedeco	tritonserver-platform	2.51.0-1.5.11	shaded	7f655af0112eb7e1d0c140caaf07f7017364ef84
org.commonjava.propulsor.camel	propulsor-camel-activemq-embedded	1.3		239cb2a087bb8492d11e4edbbcaa3725065a4e2b
org.commonjava.propulsor.camel	propulsor-camel-activemq-embedded	1.4		87fc10b84cd41c98034f79e7dad9b47212705f20
org.correomqtt	correomqtt-client	0.10.1		8a70e477ac1ab7fc825054ea83bd8de428e24cad
org.correomqtt	correomqtt-client	0.11.0		fdae1065e4896f2010163d0e8fd5e31acf446b92
org.correomqtt	correomqtt-client	0.12.0		2ec38c7be9178b6df06df5a149d91615baddb9a6
org.correomqtt	correomqtt-client	0.14.0		53b9add2dfc9876e6f888e1f4b529413d29fff76
org.correomqtt	correomqtt-client	0.14.2		92173ce315fc10762c55b386ed7f4804223c2566
org.correomqtt	correomqtt-client	0.14.99		fa661855173ba8f215f2a6458b69d2a38cdafa29
org.eclipse.che.multiuser	che-multiuser-permission-workspace-activity	6.10.0		3f3c2c6b58d02ef7248bd1533c66b2172399e81d
org.eclipse.che.multiuser	che-multiuser-permission-workspace-activity	6.11.0		0c41082ecc7afaf403a9730d7ef0673deddef66a
org.eclipse.che.multiuser	che-multiuser-permission-workspace-activity	6.11.1		686ed5e9130a6a03962c50306fffdea0d01ded86
org.eclipse.che.multiuser	che-multiuser-permission-workspace-activity	6.12.0		3d39ad28950a3c7b74eb7e30a1a77db408c8f0e2
org.eclipse.che.multiuser	che-multiuser-permission-workspace-activity	6.12.1		999131e02ed8e339a1d13ee5ac73b0244ca7716f
org.eclipse.che.multiuser	che-multiuser-permission-workspace-activity	6.12.2		318b7c08b348f398bb8dd15d656571c0038fc143
org.eclipse.che.multiuser	che-multiuser-permission-workspace-activity	6.13.0		bea5f212a567a49625d95792d2c069768bb8bc5f
org.eclipse.che.multiuser	che-multiuser-permission-workspace-activity	6.13.1		b4fa7249d2eccdacd00c805a611635a4f4d50e33
org.eclipse.che.multiuser	che-multiuser-permission-workspace-activity	6.14.0		47c49632380873c40a9a57d2f48913ff77f4c99e
org.eclipse.che.multiuser	che-multiuser-permission-workspace-activity	6.14.1		8cde19e2d18813944b9a4217e9f8068228cd04ae
org.eclipse.che.multiuser	che-multiuser-permission-workspace-activity	6.14.2		fc9f4c65a5191d68339c7e8d6d4125f8d1c157e9
org.eclipse.che.multiuser	che-multiuser-permission-workspace-activity	6.15.0		6d940b4aeed747f935c574863a50b36f1e5fde20
org.eclipse.che.multiuser	che-multiuser-permission-workspace-activity	6.16.0		124528736e204fced02c888abcfb10ab0177f355
org.eclipse.che.multiuser	che-multiuser-permission-workspace-activity	6.17.0		7877ed5e15725c162a68f943da54192ebe416520
org.eclipse.che.multiuser	che-multiuser-permission-workspace-activity	6.17.1		28c56e8b6ad0662855255fe643d952571e13dc0d
org.eclipse.che.multiuser	che-multiuser-permission-workspace-activity	6.18.0		55169520220cbe2b37a23bdb6b43c37780d28c77
org.eclipse.che.multiuser	che-multiuser-permission-workspace-activity	6.18.1		9e868c90de0802fcc94ffc99ea62ade10299062b
org.eclipse.che.multiuser	che-multiuser-permission-workspace-activity	6.18.2		e105a2e0124efdd02eb462eb058def7334c10ab3
org.eclipse.che.multiuser	che-multiuser-permission-workspace-activity	6.19.0		fa05707ad1e80fa7e17ce19456a29f98fb5ef615
org.eclipse.che.multiuser	che-multiuser-permission-workspace-activity	6.19.1		193cd0f57ea621e4b97e173aa457918318eeb857
org.eclipse.che.multiuser	che-multiuser-permission-workspace-activity	6.19.2		8e940a10a65f870e6d1770c20d7d3994a139cd0f
org.eclipse.che.multiuser	che-multiuser-permission-workspace-activity	6.19.3		5e31b8b490cd6ccbd98d9ef6eea5ef4147ce02f5
org.eclipse.che.multiuser	che-multiuser-permission-workspace-activity	6.19.4		e002ddd2289e776fed097d6fe354d3dfcc701768
org.eclipse.che.multiuser	che-multiuser-permission-workspace-activity	6.19.5		78f9dd2a6b29eb2299823bf595af92a12dac87ef
org.eclipse.che.multiuser	che-multiuser-permission-workspace-activity	6.19.6		9bd66f2ead1b41d0404990c6166f797316001214
org.eclipse.che.multiuser	che-multiuser-permission-workspace-activity	7.0.0		988722e774e08617c97131dcb414ae382cfeef55
org.eclipse.che.multiuser	che-multiuser-permission-workspace-activity	7.0.0-RC-1.0		aebc87826c6467892c331784a8a09427608c1c5b
org.eclipse.che.multiuser	che-multiuser-permission-workspace-activity	7.0.0-RC-1.1		548719db98f166d61a250440032f3171d339df01
org.eclipse.che.multiuser	che-multiuser-permission-workspace-activity	7.0.0-RC-2.0		e384abc7acb960c7802c3b5df115b0f3c811fada
org.eclipse.che.multiuser	che-multiuser-permission-workspace-activity	7.0.0-beta-1.0		aecd3977c9e59c9d4c6e6706bbd4a9c131d109aa
org.eclipse.che.multiuser	che-multiuser-permission-workspace-activity	7.0.0-beta-2.0		899b4a39ffefc6e50a94178f6a20b5ffe73ba037
org.eclipse.che.multiuser	che-multiuser-permission-workspace-activity	7.0.0-beta-3.0		6e91635a481bd92bf76ba8c5d066cdfcd3c6a044
org.eclipse.che.multiuser	che-multiuser-permission-workspace-activity	7.0.0-beta-4.0		4a095517e710ded57e5370c4b9e1a6058dad9851
org.eclipse.che.multiuser	che-multiuser-permission-workspace-activity	7.0.0-beta-5.0		6fcb80400ebbeed60aa31e00948167a426060b5a
org.eclipse.che.multiuser	che-multiuser-permission-workspace-activity	7.0.0-rc-3.0		e705faeaeffaf50d25a8af14888ee917c3f61799
org.eclipse.che.multiuser	che-multiuser-permission-workspace-activity	7.0.0-rc-4.0		d0015b432aebe58452a74b5f730e01e593a2d926
org.eclipse.che.multiuser	che-multiuser-permission-workspace-activity	7.1.0		ad1d26998fc48ff63fd76781042281487761cae0
org.eclipse.che.multiuser	che-multiuser-permission-workspace-activity	7.10.0		bf95e4020e1b0787a269c07e5de26cc4a480128e
org.eclipse.che.multiuser	che-multiuser-permission-workspace-activity	7.11.0		21aef8aa917cd4c58dbce8e48b6164809ccf7b80
org.eclipse.che.multiuser	che-multiuser-permission-workspace-activity	7.12.0		231791b1dafc9b15fe09a622633deb376c92af4d
org.eclipse.che.multiuser	che-multiuser-permission-workspace-activity	7.12.1		59e1f074ae5bdd1dea9aec9112c440f5b7c3ead5
org.eclipse.che.multiuser	che-multiuser-permission-workspace-activity	7.12.2		fcbbcad8dc93a178ef26fbbfc977615c446ec297
org.eclipse.che.multiuser	che-multiuser-permission-workspace-activity	7.13.0		598459002eae951c438cfa448143688168d50021
org.eclipse.che.multiuser	che-multiuser-permission-workspace-activity	7.13.1		a6d51de50d4165c3c78320eeabde1cc9b7a60420
org.eclipse.che.multiuser	che-multiuser-permission-workspace-activity	7.13.2		1439b887c2d305eacce45c041d852a49aa8e29b6
org.eclipse.che.multiuser	che-multiuser-permission-workspace-activity	7.14.0		fb3c2133a245c3e6462035116953432c1d5fd878
org.eclipse.che.multiuser	che-multiuser-permission-workspace-activity	7.14.1		092c4bc84c396009ec41ee396482426d3b2e444b
org.eclipse.che.multiuser	che-multiuser-permission-workspace-activity	7.14.2		77581e49c852cf16ce0cb1baf337f82d25b703fb
org.eclipse.che.multiuser	che-multiuser-permission-workspace-activity	7.14.3		807da4e1039be6ef91a5e3a2440d62fac31d6cba
org.eclipse.che.multiuser	che-multiuser-permission-workspace-activity	7.15.0		216c9b7282af3975436b96afaae89aedf956cef7
org.eclipse.che.multiuser	che-multiuser-permission-workspace-activity	7.15.1		3bfc730c18767e281f1cac9ba4022115460f4581
org.eclipse.che.multiuser	che-multiuser-permission-workspace-activity	7.15.2		adffcf505cd5eca9530ec6bbcedfb40cde6df6a7
org.eclipse.che.multiuser	che-multiuser-permission-workspace-activity	7.16.0		74e39df8cadbd0f162dae44bebeb249b8e3b6195
org.eclipse.che.multiuser	che-multiuser-permission-workspace-activity	7.16.1		3ed30ea6ff90a4ff3140e9d05247c824be432dc1
org.eclipse.che.multiuser	che-multiuser-permission-workspace-activity	7.16.2		56b9e2545ef6150ff162ce03d16d72366f77a8a4
org.eclipse.che.multiuser	che-multiuser-permission-workspace-activity	7.17.0		a1946abd5b2af5eefaa94aacf11c7d93ec0610ac
org.eclipse.che.multiuser	che-multiuser-permission-workspace-activity	7.17.1		5bd1f3f394f07419ebcc2613e58e5022bee37487
org.eclipse.che.multiuser	che-multiuser-permission-workspace-activity	7.17.2		228415cef2d84dd272c041c9a793b4170b50c341
org.eclipse.che.multiuser	che-multiuser-permission-workspace-activity	7.18.0		2f7d38e5b3cc2861d76f8481399b679e9e4444fe
org.eclipse.che.multiuser	che-multiuser-permission-workspace-activity	7.18.1		1c2644ef8911b1e580844a8977dce9814390f873
org.eclipse.che.multiuser	che-multiuser-permission-workspace-activity	7.18.2		a4b48704885d40d4eb36f9dfbd48c82b01d69326
org.eclipse.che.multiuser	che-multiuser-permission-workspace-activity	7.19.0		931b6bd7373fee2742361d9a58fac91887320fa9
org.eclipse.che.multiuser	che-multiuser-permission-workspace-activity	7.19.1		1a25d2e6636a78a2ef1a166a26fd37b8321af5f6
org.eclipse.che.multiuser	che-multiuser-permission-workspace-activity	7.19.2		5308b195930e73e63fcb4b4acdfeccda0f078bcb
org.eclipse.che.multiuser	che-multiuser-permission-workspace-activity	7.2.0		c0da504e105667556d9e872b97c867844e6afddf
org.eclipse.che.multiuser	che-multiuser-permission-workspace-activity	7.20.0		fb4193ad0a2f9c95240fb6b5b95dac211d94ad93
org.eclipse.che.multiuser	che-multiuser-permission-workspace-activity	7.20.1		2b933f0c78c1e8b7015586b0339fc4fcdb7321d0
org.eclipse.che.multiuser	che-multiuser-permission-workspace-activity	7.21.0		56ecebac41d84c18ae3599c9069f7d9c93a88a6b
org.eclipse.che.multiuser	che-multiuser-permission-workspace-activity	7.21.1		84d9b36883a2572518ea5a989c2a51ab05652e42
org.eclipse.che.multiuser	che-multiuser-permission-workspace-activity	7.21.2		ba634c2f822682bb9933125de6ede36af1cf3a21
org.eclipse.che.multiuser	che-multiuser-permission-workspace-activity	7.22.0		c0a16da9e6566e23b986d631ceaa4e4dc83a6fa6
org.eclipse.che.multiuser	che-multiuser-permission-workspace-activity	7.22.1		af40aa7880fd99a86b7b0e70dd2b46379a10679c
org.eclipse.che.multiuser	che-multiuser-permission-workspace-activity	7.22.2		8f85ee1df3409f4118407ec2a75c8f6100e6b1c3
org.eclipse.che.multiuser	che-multiuser-permission-workspace-activity	7.23.0		cdf5e625dd4b36e205e6eac10d3769302d5ed177
org.eclipse.che.multiuser	che-multiuser-permission-workspace-activity	7.23.1		318821bf8cc57294bbe5e78b9c6188cf70896cac
org.eclipse.che.multiuser	che-multiuser-permission-workspace-activity	7.23.2		b1f41ed776f23650db5256767395e38ee0c2f37e
org.eclipse.che.multiuser	che-multiuser-permission-workspace-activity	7.24.0		165ffd868571ae8743ef93fb372063fe1567a4b0
org.eclipse.che.multiuser	che-multiuser-permission-workspace-activity	7.24.1		aad5c8c0878087c8256e34d03e504eb863c608ae
org.eclipse.che.multiuser	che-multiuser-permission-workspace-activity	7.24.2		326a923676e886f9f2e630e7ccb4e2fc086fc1f8
org.eclipse.che.multiuser	che-multiuser-permission-workspace-activity	7.25.0		1dbee38083d5db9a07d1e68eed51c96525176529
org.eclipse.che.multiuser	che-multiuser-permission-workspace-activity	7.25.1		95ffc1ebacfc5f5b45ea7094edd68a36744c1c34
org.eclipse.che.multiuser	che-multiuser-permission-workspace-activity	7.25.2		a85b020a2e029b406793f7703177442686fe8977
org.eclipse.che.multiuser	che-multiuser-permission-workspace-activity	7.26.0		49e5bd7284a7157294531204ebdc0a04b3c5e3b6
org.eclipse.che.multiuser	che-multiuser-permission-workspace-activity	7.26.1		74a714a5139e256e96cb72b004592d193de14b25
org.eclipse.che.multiuser	che-multiuser-permission-workspace-activity	7.26.2		723f7d27c3064690c735fe0549e35183700bd2c5
org.eclipse.che.multiuser	che-multiuser-permission-workspace-activity	7.27.0		7ddd1bc23267aba3c48af56eacaffa9b470cf6db
org.eclipse.che.multiuser	che-multiuser-permission-workspace-activity	7.27.1		ff8eb7ea5d9450cbf905ee081c044d0ce7e5feb1
org.eclipse.che.multiuser	che-multiuser-permission-workspace-activity	7.27.2		51e547f1d558581f659225c2cc47d9e631003c6a
org.eclipse.che.multiuser	che-multiuser-permission-workspace-activity	7.28.0		5621347ba4c6bb1826eb55f25c8d3d5fa464b881
org.eclipse.che.multiuser	che-multiuser-permission-workspace-activity	7.28.2		22467c6ac97005c57863ee321eabef17fe05e3af
org.eclipse.che.multiuser	che-multiuser-permission-workspace-activity	7.3.0		d2374a22b64a25908e67e1276ad3916de33d8ad3
org.eclipse.che.multiuser	che-multiuser-permission-workspace-activity	7.3.1		4f9d392f4fcfdbd6dd755fdc2e4b148960452c6a
org.eclipse.che.multiuser	che-multiuser-permission-workspace-activity	7.3.2		fde1d2e0fbb99cb988ee4e3d6068a37751560526
org.eclipse.che.multiuser	che-multiuser-permission-workspace-activity	7.3.3		023b31452323a7b88695cdddb7896211ee214811
org.eclipse.che.multiuser	che-multiuser-permission-workspace-activity	7.4.0		30cff3fe258430c30fedf6b37261a0d73679f9e0
org.eclipse.che.multiuser	che-multiuser-permission-workspace-activity	7.5.0		5667f4a4ca26babc84f4f92ed4014166358b813a
org.eclipse.che.multiuser	che-multiuser-permission-workspace-activity	7.5.1		58ed10a4bbf00acd0795996c1a7f3b07aaf11846
org.eclipse.che.multiuser	che-multiuser-permission-workspace-activity	7.6.0		a4889473d5c24c31679a578b6d3cfdc8dc72ed6f
org.eclipse.che.multiuser	che-multiuser-permission-workspace-activity	7.7.0		fc6d8bfb95ba8e8c0488c94c4b4a2172acd2fd86
org.eclipse.che.multiuser	che-multiuser-permission-workspace-activity	7.7.1		acfb8b7b814a2aa7d4d666d049338ffeb6b76d18
org.eclipse.che.multiuser	che-multiuser-permission-workspace-activity	7.7.1b		1102968476b20c78f76d8d02b2be6562aef57b5a
org.eclipse.che.multiuser	che-multiuser-permission-workspace-activity	7.8.0		bdb29c874a3934a87b3866b3887cacc4e2735603
org.eclipse.che.multiuser	che-multiuser-permission-workspace-activity	7.9.0		b946126833b595746c2eb4aeb2488693d95eb023
org.eclipse.che.multiuser	che-multiuser-permission-workspace-activity	7.9.1		c5435dd88944d71a8e92112bc1b642fe8e900d3e
org.eclipse.che.multiuser	che-multiuser-permission-workspace-activity	7.9.2		45e6a2f40abdbfb119272b46ca111ca0e38ff23a
org.eclipse.che.multiuser	che-multiuser-permission-workspace-activity	7.9.3		7fdaab8fcb44e029f43fd4a8fc502a46fd2d750e
org.eclipse.jetty.quic	jetty-quic-quiche	12.0.0		N/A
org.eclipse.jetty.quic	jetty-quic-quiche	12.0.0.alpha0		N/A
org.eclipse.jetty.quic	jetty-quic-quiche	12.0.0.alpha1		N/A
org.eclipse.jetty.quic	jetty-quic-quiche	12.0.0.alpha2		N/A
org.eclipse.jetty.quic	jetty-quic-quiche	12.0.0.alpha3		N/A
org.eclipse.jetty.quic	jetty-quic-quiche	12.0.0.beta0		N/A
org.eclipse.jetty.quic	jetty-quic-quiche	12.0.0.beta1		N/A
org.eclipse.jetty.quic	jetty-quic-quiche	12.0.0.beta2		N/A
org.eclipse.jetty.quic	jetty-quic-quiche	12.0.0.beta3		N/A
org.eclipse.jetty.quic	jetty-quic-quiche	12.0.0.beta4		N/A
org.eclipse.jetty.quic	jetty-quic-quiche	12.0.1		N/A
org.eclipse.jetty.quic	jetty-quic-quiche	12.0.10		N/A
org.eclipse.jetty.quic	jetty-quic-quiche	12.0.11		N/A
org.eclipse.jetty.quic	jetty-quic-quiche	12.0.12		N/A
org.eclipse.jetty.quic	jetty-quic-quiche	12.0.13		N/A
org.eclipse.jetty.quic	jetty-quic-quiche	12.0.14		N/A
org.eclipse.jetty.quic	jetty-quic-quiche	12.0.15		N/A
org.eclipse.jetty.quic	jetty-quic-quiche	12.0.16		N/A
org.eclipse.jetty.quic	jetty-quic-quiche	12.0.17		N/A
org.eclipse.jetty.quic	jetty-quic-quiche	12.0.18		N/A
org.eclipse.jetty.quic	jetty-quic-quiche	12.0.19		N/A
org.eclipse.jetty.quic	jetty-quic-quiche	12.0.2		N/A
org.eclipse.jetty.quic	jetty-quic-quiche	12.0.3		N/A
org.eclipse.jetty.quic	jetty-quic-quiche	12.0.4		N/A
org.eclipse.jetty.quic	jetty-quic-quiche	12.0.5		N/A
org.eclipse.jetty.quic	jetty-quic-quiche	12.0.6		N/A
org.eclipse.jetty.quic	jetty-quic-quiche	12.0.7		N/A
org.eclipse.jetty.quic	jetty-quic-quiche	12.0.8		N/A
org.eclipse.jetty.quic	jetty-quic-quiche	12.0.9		N/A
org.eclipse.jetty.quic	jetty-quic-quiche	12.1.0.alpha0		N/A
org.eclipse.jetty.quic	jetty-quic-quiche	12.1.0.alpha1		N/A
org.eclipse.jetty.quic	jetty-quic-quiche	12.1.0.alpha2		N/A
org.eclipse.jnosql.mapping	mongodb-extension	1.0.0-b4		8569014fb0e9a3b6a7c2467c0a89f1a7b93fe798
org.glassfish.grizzly	grizzly-memcached	1.0		348e86914b209f46a5b4bc0ad7b7032e7a6b139d
org.glassfish.grizzly	grizzly-memcached	1.1		393c9bf8c2f033bcb01647428e1ee971718d3e7b
org.glassfish.grizzly	grizzly-memcached	1.1.1		ad89b434653116ca001e0d393defc51f7651998f
org.glassfish.grizzly	grizzly-memcached	1.1.2		ad505dc7c54b5947e3622402f92c1f0cb20dbf4d
org.glassfish.grizzly	grizzly-memcached	1.1.3		1cac5f957ff319fe4505469db239b1ab036a8654
org.glassfish.grizzly	grizzly-memcached	1.1.4		40b5d9cf4bc1356cf01b36d34302693e8abeca91
org.glassfish.grizzly	grizzly-memcached	1.3.0		5368ae61e7c53c89108cfb8d99647943032db99c
org.glassfish.grizzly	grizzly-memcached	1.3.1		e54e1f8deaf999bac5036225348150b47ad21527
org.glassfish.grizzly	grizzly-memcached	1.3.10		4c1fcd677f84ba582a8aebbe0e0184ae04b1407c
org.glassfish.grizzly	grizzly-memcached	1.3.11		e2ac514f674fda93d4259f607534e4f322df14ae
org.glassfish.grizzly	grizzly-memcached	1.3.12		7bacbd7be4d5cf8fd237637a46207b4d66533dc5
org.glassfish.grizzly	grizzly-memcached	1.3.13		c6dae2423d9755e027369d73a16a4e052dc3d801
org.glassfish.grizzly	grizzly-memcached	1.3.14		7a8564a2ea0830d06e87dbba7d9c93dc8694ee46
org.glassfish.grizzly	grizzly-memcached	1.3.15		c5e351961eced4feb1c0d267096c54144447be45
org.glassfish.grizzly	grizzly-memcached	1.3.16		396130eb790a070ee1b35e6bdbfe8f3b6ea2767b
org.glassfish.grizzly	grizzly-memcached	1.3.17		1a7c29334e47afea6965aa9fbc4fa951dbdb3d88
org.glassfish.grizzly	grizzly-memcached	1.3.18		b89c954dd25e45b1744a4896b9acad6ab2821819
org.glassfish.grizzly	grizzly-memcached	1.3.19		06e71c0dbcb80720da189a883c627763f2163840
org.glassfish.grizzly	grizzly-memcached	1.3.2		8c12fab1f9928262a5866223a74bb871ba848e9f
org.glassfish.grizzly	grizzly-memcached	1.3.3		e8fc91a4f7e6fad6025c0ff8ae3c2527f3784f56
org.glassfish.grizzly	grizzly-memcached	1.3.4		b997a1393227111db6a31a2e544c235b844d815f
org.glassfish.grizzly	grizzly-memcached	1.3.5		81ca4de7a3b428e97b8fb4da8b9c30087dbcf2ee
org.glassfish.grizzly	grizzly-memcached	1.3.6		838ab361c286aad58381b464391ce8a5205e8728
org.glassfish.grizzly	grizzly-memcached	1.3.7		0cb7906744bba005eaef6cd8ac356fb4bb6f5cd9
org.glassfish.grizzly	grizzly-memcached	1.3.8		9ef3f2f0f7695d62e4a9260de9f0da367a9e8d1f
org.glassfish.grizzly	grizzly-memcached	1.3.9		552fa277a7519ada0e181fad3ea5ada21ff0ea73
org.joyqueue	joyqueue-nsr-core	4.2.0		bc43d98a2cecf636e15cc5a8c4eab14922175e17
org.joyqueue	joyqueue-nsr-core	4.2.1		c0fa0a90a5aa3fd57bfeb7ded020be9d756d6ce6
org.joyqueue	joyqueue-nsr-core	4.2.2		aba778d4471b07eac979da736e7f505692771e54
org.joyqueue	joyqueue-nsr-core	4.2.3		3ba81feb0fba2edf39f96d3f426c4233e6ae6598
org.joyqueue	joyqueue-nsr-core	4.2.4-RC1		be1f687050ef0b581b13c46ef29c9110dcbbb9c1
org.joyqueue	joyqueue-nsr-core	4.2.4-RC2		eb9657213613627479c66ed7b14921af749710a3
org.joyqueue	joyqueue-nsr-core	4.2.5		2449ceff05213c3b9e3a2be4a342f80ea0b540e7
org.joyqueue	joyqueue-nsr-core	4.2.5.1		0d5e48d4133eb0d17261ebcb5c178e9ec8cdcb73
org.joyqueue	joyqueue-nsr-core	4.2.5.2		3a7274283ecf2cd7b4bd196a3db326aec9573e59
org.joyqueue	joyqueue-nsr-core	4.2.5.3		a05622a8536aa62df81e9f405c5d240c9c4acfee
org.joyqueue	joyqueue-nsr-core	4.2.7		17cb5fe54b46c8737ce6100829786f3ab80db4d9
org.maplibre.gl	turf-iosx64	7.0.0-pre0		N/A
org.maplibre.gl	turf-iosx64	7.0.0-pre0	metadata	1bf7e31cc98da90e76b3604d3204a94029d65c4d
org.n52.svalbard	svalbard-parent	1.0.0		N/A
org.neo4j.gds	proc-catalog	1.1.0		7941d7709a608273afc8275ccb544cd784c0798e
org.neo4j.gds	proc-catalog	1.1.1		b0f4a927da0407a7fb389809cbe493b7886a4d9e
org.neo4j.gds	proc-catalog	1.1.2		b95cded31979664442ab95e6cb764ca94aba1a26
org.neo4j.gds	proc-catalog	1.1.3		753d2342899284ac8f6d65315fd4d3c789877f0b
org.neo4j.gds	proc-catalog	1.1.4		f0fe59d3a515cd950333e8f50d3b1ed9ec4ad8b1
org.neo4j.gds	proc-catalog	1.1.5		623100f0e0f0108d77114fc9d2d0d77776a2fa9a
org.neo4j.gds	proc-catalog	1.1.6		d27ee42d09195d88754b1abef493609a2526905f
org.neo4j.gds	proc-catalog	1.1.7		bb998013c61a5eee63517f859840da966342140e
org.neo4j.gds	proc-catalog	1.2.0		cf8aeabb7f099041adb65deaedcbcf8170e41027
org.neo4j.gds	proc-catalog	1.2.0-alpha01		b380921de6cb4f671f8af0f607e9afe0fcaf6ad7
org.neo4j.gds	proc-catalog	1.2.1		d2dcad965aa477ec0af4a8b23bef8c78178f74a7
org.neo4j.gds	proc-catalog	1.2.2		1decc9721715bebf5f2c002c55e1cfa7bfaeee62
org.neo4j.gds	proc-catalog	1.2.3		8a3d06e773715e01e0510e2ab7521c60e485c566
org.neo4j.gds	proc-catalog	1.3.0		cfc4d389f3c76179e62b57b278231d06a5d21bd1
org.neo4j.gds	proc-catalog	1.3.0-alpha01		d0758c58ce6ada9cffc37e100e26c65857f63d88
org.neo4j.gds	proc-catalog	1.3.0-alpha02		402a374cf16da9d947b01e4b3b3b91a336472ff8
org.neo4j.gds	proc-catalog	1.3.0-alpha03		4b4b0911548de1b74f501c314ae8550d6d66b60d
org.neo4j.gds	proc-catalog	1.3.1		888a93e6670c1f4ebc8d0a57ed30a1b63206441f
org.neo4j.gds	proc-catalog	1.3.2		623c91b00aaafaa31cfabdac5a0be198a3550415
org.neo4j.gds	proc-catalog	1.3.3		33baae960735b5d13d349f1548118655d11a6c3e
org.neo4j.gds	proc-catalog	1.3.4		fd26201f4338e31556e131292fc2e2c90b0bc7b7
org.neo4j.gds	proc-catalog	1.3.5		d89f748a239935f899c7a78b95b35ce05e4e7b07
org.neo4j.gds	proc-catalog	1.4.0		9730b68ccb01a7e4ad109f115a178aaeca451417
org.neo4j.gds	proc-catalog	1.4.0-alpha01		e93d2786be0737dc6c9ddfb514a643528465f3bc
org.neo4j.gds	proc-catalog	1.4.0-alpha02		e2dcd4fbcceb6561e7b45d0bb053875e5da7d4d0
org.neo4j.gds	proc-catalog	1.4.0-alpha03		8ad99d2198724ab5b24aac24fbda0ea173ab31b0
org.neo4j.gds	proc-catalog	1.4.0-alpha04		800c49a559e2ee16d566366cc8ac7ae8965d299a
org.neo4j.gds	proc-catalog	1.4.0-alpha05		aeae4b47b83e9512a13fd68e1039802cd3355b24
org.neo4j.gds	proc-catalog	1.4.0-alpha06		25af9e37b92e777bf9cf876da82ded68b2b3910e
org.neo4j.gds	proc-catalog	1.4.0-alpha07		7dbeb2c902b9d54caa67f082bf71ad15e16e3555
org.neo4j.gds	proc-catalog	1.4.0-alpha08		94669897c291c6b8ebee61886d2b34f1bf027e32
org.neo4j.gds	proc-catalog	1.4.0-alpha09		f6389cbaaf43548d2896b820ad87d974e5410a1e
org.neo4j.gds	proc-catalog	1.4.1		0b94ed87d018c479cda7e4baf78d1513d4637cd9
org.neo4j.gds	proc-catalog	1.4.2		a02d1b605382b142bd727dbda53bdf3da4c54e51
org.neo4j.gds	proc-catalog	1.5.0		13b6870fc8864730aa05cffa09b9b20912f6cf40
org.neo4j.gds	proc-catalog	1.5.0-alpha01		8327924d5b1b6a745af003114049dea8b0dcd334
org.neo4j.gds	proc-catalog	1.5.0-alpha02		40c557f0b87292c565c8527fd32ec25fcd077fd9
org.neo4j.gds	proc-catalog	1.5.0-alpha03		384252243da8b29dc8b33f11dc57af073681e4fb
org.neo4j.gds	proc-catalog	1.5.0-alpha04		247ae0f18631ed71641089c1095c3e2e8e04adb9
org.neo4j.gds	proc-catalog	1.5.1		1f3308d451b392887fac4956318713d4369a7018
org.neo4j.gds	proc-catalog	1.5.2		666c523a2d4f53399bf45c70317dd6a20eb0e656
org.neo4j.gds	proc-catalog	1.6.0		e54d28d1f3ca30c87616d24a8573432ae84a2449
org.neo4j.gds	proc-catalog	1.6.0-alpha01		199797291098ca526a0f16e00ea38e45271daaaa
org.neo4j.gds	proc-catalog	1.6.0-alpha02		970cee95f4ea20d694af9f4cff760a9791243e4d
org.neo4j.gds	proc-catalog	1.6.0-alpha04		8e2adea314a26422c60d363b6c7bf8cdd547e38f
org.neo4j.gds	proc-catalog	1.6.0-alpha05		fe93b5ae982f6c7deba94a5657701ed8dfe63577
org.neo4j.gds	proc-catalog	1.6.0-alpha06		6f038c125edb5390aaa8d12f913abb500af18023
org.neo4j.gds	proc-catalog	1.6.0-alpha07		ade4b5591c1df836fb5ff455d610f2d25cd2c097
org.neo4j.gds	proc-catalog	1.6.1		ed65eb8ac5b040559428ae2ea69faae90a318fa7
org.neo4j.gds	proc-catalog	1.6.2		cfa0a0b248be6b8ddf0908e2150a09f2c8a8a2b1
org.neo4j.gds	proc-catalog	1.6.3		1de98dbbd3418ca7fd975fb6820df8984751a597
org.neo4j.gds	proc-catalog	1.6.4		659ae87bd60ac378d145c3821d799f24bdd958d8
org.neo4j.gds	proc-catalog	1.6.5		7557becb209b32c38c33e8de62f7983fe3874468
org.neo4j.gds	proc-catalog	1.7.0		54e75a48167428a42b014a6509e335cc1f481489
org.neo4j.gds	proc-catalog	1.7.0-alpha01		58e1fc034ad73a329cd24abf76dd5779fb324b21
org.neo4j.gds	proc-catalog	1.7.0-alpha02		94c9bedcb61c3f12ef0cf96f01328934fb9470c3
org.neo4j.gds	proc-catalog	1.7.0-alpha03		0adf022bb25423a51a3826de67dbe45d1acb411a
org.neo4j.gds	proc-catalog	1.7.0-alpha04		9d6c1816ef5bb2c6a51d76539fc82df81d104a65
org.neo4j.gds	proc-catalog	1.7.0-alpha05		8c17c9f2316b0d317532a5e897f1b11f00c32c52
org.neo4j.gds	proc-catalog	1.7.0-alpha06		9f322acce3d2365c736808c45ee40fe41ff66e6d
org.neo4j.gds	proc-catalog	1.7.1		416f1568495fc6e0451e55aee93208fc4c310d64
org.neo4j.gds	proc-catalog	1.7.2		d3bd044b7e2b61f8aed6622680f2d70535a28964
org.neo4j.gds	proc-catalog	1.7.3		6cb67d6b2c8de4493769880a164b55a59b8c15ee
org.neo4j.gds	proc-catalog	1.8.0		16753a97ba09c701fec1b915cfe90705b8ccfb70
org.neo4j.gds	proc-catalog	1.8.0-alpha01		173b2b3dba535a60160d53addd3f8c3c0fa594f3
org.neo4j.gds	proc-catalog	1.8.0-alpha02		3361010123b0193ca3470541540faecb108160ef
org.neo4j.gds	proc-catalog	1.8.0-alpha03		9ab0dde1d9fa3889682b26901fbe1d56ab82e161
org.neo4j.gds	proc-catalog	1.8.0-alpha04		5dbc72f210ca77acbe0fdce970c32c40b310c9ea
org.neo4j.gds	proc-catalog	1.8.1		754a9e1a5655883d510d3e39547397d7426f8348
org.neo4j.gds	proc-catalog	1.8.2		e5ff4ca8674f5a8aecb505873e24db2b5ec3114b
org.neo4j.gds	proc-catalog	1.8.3		319447f3a0d4c4f841e614b33d895200dcccd8da
org.neo4j.gds	proc-catalog	1.8.4		0994c311e0eba0c29f712f90bec30db1b010fd1a
org.neo4j.gds	proc-catalog	1.8.5		d0518c01c00af03edcda647ecd13297e09a92402
org.neo4j.gds	proc-catalog	1.8.6		7097b1897cab930cbcfc165456a9f577e3fc8ee9
org.neo4j.gds	proc-catalog	1.8.7		aec213e752a7e7a21e4d5c3ef307a89a08d85423
org.neo4j.gds	proc-catalog	1.8.8		a0503bc1eeec027574ccd4734dba43d31ee8fd5e
org.neo4j.gds	proc-catalog	2.0.0		ed4dca48bc84e4fe8ba9c9d5183a3baac2f86544
org.neo4j.gds	proc-catalog	2.0.0-alpha01		3b66128c3b7ef8c960f120a57000bb80e6a7048a
org.neo4j.gds	proc-catalog	2.0.0-alpha02		9bf10cc14652cd7f585bd562d84c698c2152bc8c
org.neo4j.gds	proc-catalog	2.0.0-alpha03		7cb0f449d450871856ecb748738767a3806ee742
org.neo4j.gds	proc-catalog	2.0.0-alpha04		295902b9613d18d72d3668c0e0b8972bc28bcdec
org.neo4j.gds	proc-catalog	2.0.0-alpha05		57dfc073eb46fde545a18f6441da95e6653902ec
org.neo4j.gds	proc-catalog	2.0.1		b79809cf9e15dc5d3f60f84434a8b6db98152f4a
org.neo4j.gds	proc-catalog	2.0.2		ede3dc913828fd13a5eb237716e1efde5b88ab27
org.neo4j.gds	proc-catalog	2.0.3		6b449a4b1fc436bd6127ef03bce10437c9529f2c
org.neo4j.gds	proc-catalog	2.0.4		9e28504f43a9b06bcdbd5983145b6b4fcc67a898
org.neo4j.gds	proc-catalog	2.0.5		4c59bffc7d61bc8bc10ac91dee8042f92191b4eb
org.neo4j.gds	proc-catalog	2.1.0		fee70731a4d2ee88e921ec29b1b99f9f59397c25
org.neo4j.gds	proc-catalog	2.1.0-alpha01		76c44d7f83b3cbf22822535a9be7c059d91dbe5a
org.neo4j.gds	proc-catalog	2.1.0-alpha02		915bcbc03d11900bd26716284275dbe4778873d1
org.neo4j.gds	proc-catalog	2.1.0-alpha03		060e8e7b6598d1e2f8a34045901fed278e3da4eb
org.neo4j.gds	proc-catalog	2.1.0-alpha04		0255d7d035be9f969c57a4b4b3dbec7fe2bc923b
org.neo4j.gds	proc-catalog	2.1.1		8db2597291692a490556ddc7f79f01d5b8ac1028
org.neo4j.gds	proc-catalog	2.1.10		bc1e8922910405db7ad2c9f2b8afda42716dfe7e
org.neo4j.gds	proc-catalog	2.1.11		c02c11e59504aff20b31df087418fc2a2689b50b
org.neo4j.gds	proc-catalog	2.1.12		684f380c5d739e200d8cb27f468861848c91bb56
org.neo4j.gds	proc-catalog	2.1.13		ceaa5d628735bdf2736c7a22e190d8aae0d6a3d3
org.neo4j.gds	proc-catalog	2.1.2		3a223a8c0fa121a96f38ea52c1dd263082a23b3a
org.neo4j.gds	proc-catalog	2.1.3		02a244c5a13bdd32ae9ea6c726b4ee9a36db64a4
org.neo4j.gds	proc-catalog	2.1.4		1c476dc55011da16711f820da1f36f95137f4aa6
org.neo4j.gds	proc-catalog	2.1.5		ebda7daf44476046f519b373a7c7c7915d9d16da
org.neo4j.gds	proc-catalog	2.1.6		5ceb3a6e559abf69efe4e8478370077501c15bbd
org.neo4j.gds	proc-catalog	2.1.7		a438593bdae1c3c5e6ba6b09a403868eb9234ce4
org.neo4j.gds	proc-catalog	2.1.8		a36ae57fbd9dbbc0c1c515c07099d66222f4aa04
org.neo4j.gds	proc-catalog	2.1.9		d890d7384b6196def5afad4bb3fd626df703b08b
org.neo4j.gds	proc-catalog	2.10.1		652fb7b78e8b49dd75179d3dbba0d5f27c982f20
org.neo4j.gds	proc-catalog	2.11.0		b6bdef5a246c63a031cecf2aaaeba75bcb759458
org.neo4j.gds	proc-catalog	2.12.0		4569530284ba246b4f07ca5f67530ad034a94e58
org.neo4j.gds	proc-catalog	2.13.1		f65497951808bf0723d44930bf11a267afe4b29f
org.neo4j.gds	proc-catalog	2.13.2		760adbbd8ea002ddc9102b9ee308675dc736ed06
org.neo4j.gds	proc-catalog	2.13.3		9cee1303fd5e682755f3ecd3b644c3bdda2b5fd5
org.neo4j.gds	proc-catalog	2.13.4		c8299f7ad35e374df839b4818eb36d8fd49a9052
org.neo4j.gds	proc-catalog	2.14.0		3cadf43a223dc713262603aa59ee319ac2885799
org.neo4j.gds	proc-catalog	2.15.0		ed8862f2de67514f7ae45573cb67ef450979bb70
org.neo4j.gds	proc-catalog	2.16.0		87519ba393c1660089c7aabed830e6d90969853d
org.neo4j.gds	proc-catalog	2.2.0		1aa454340888ef0149714dbef72ba9a4b997a9ff
org.neo4j.gds	proc-catalog	2.2.0-alpha01		8640d438815f60f20f9990c5b163bd2393a77a0d
org.neo4j.gds	proc-catalog	2.2.0-alpha02		407580fb7af1a8d2578c24d05ff759c8922dafdc
org.neo4j.gds	proc-catalog	2.2.0-alpha03		7f28c671d760ac3f20888db1db1d6996336d63b1
org.neo4j.gds	proc-catalog	2.2.0-alpha04		b7eef4ca694244f96a6be409b2048fb1b88aded3
org.neo4j.gds	proc-catalog	2.2.0-alpha05		465d80811ed40c1c3cc9b30721d4fcb7642540f1
org.neo4j.gds	proc-catalog	2.2.1		53f2ca6c985ba732136ceb15a2e79e0d48adb8e9
org.neo4j.gds	proc-catalog	2.2.2		bdfdb9034454ae05a993de6fe5b8cbb1276d4699
org.neo4j.gds	proc-catalog	2.2.3		1a639debf551c4eb004f2a97cb207b4b94ff799b
org.neo4j.gds	proc-catalog	2.2.4		4df5b0709c416c3a03fd793e51fc2facdb325f9b
org.neo4j.gds	proc-catalog	2.2.5		0c5e94719fc610be8fae4f82578cf35467e2f49e
org.neo4j.gds	proc-catalog	2.2.6		c3fa655c30ef276a865961b6adb1febb7e5a39f7
org.neo4j.gds	proc-catalog	2.2.7		21880aafa23062567ae5bb55ef3e7d96b9dcb32d
org.neo4j.gds	proc-catalog	2.3.0		adee7b1fa7636a91cf5f1b2c57d6cbf3569584bb
org.neo4j.gds	proc-catalog	2.3.0-alpha01		6385e5811a7e2c94bfe37c2e76af983ca2c4b7e5
org.neo4j.gds	proc-catalog	2.3.0-alpha02		81c6d2449eb4d00e9a4836366d4d8838d0d34733
org.neo4j.gds	proc-catalog	2.3.0-alpha03		c6ac56e6ec803ee3bcd3554d07be8a26923bb513
org.neo4j.gds	proc-catalog	2.3.0-alpha04		fc0292eca4580f4c2e71fc092e474e8f9cbb008c
org.neo4j.gds	proc-catalog	2.3.0-alpha05		345ecb0c279763666fd93a754c46a68fa98ca9e8
org.neo4j.gds	proc-catalog	2.3.1		de7396cd576cb9994e5df2b63f2be62117be2be9
org.neo4j.gds	proc-catalog	2.3.2		122b7e56e6e863246413c8addceab7e5f032ed01
org.neo4j.gds	proc-catalog	2.3.3		3aecc2824bb76358ca841652360dbf70649040b8
org.neo4j.gds	proc-catalog	2.3.4		400c279ee42854b4f443dca8d21de765bbef877f
org.neo4j.gds	proc-catalog	2.3.5		1790a59325b5b3fcc605c900459f434ece6131b4
org.neo4j.gds	proc-catalog	2.3.6		88da098b2b6ee32f4074176cde727935043105e7
org.neo4j.gds	proc-catalog	2.3.7		6edb2364697ad87729ecc7ee3be388536d33a9fb
org.neo4j.gds	proc-catalog	2.3.8		6d1538bbaca824ec48bceffe448461bd46913b34
org.neo4j.gds	proc-catalog	2.4.0		e66cf9424f23ddc405e1cf099ad1630b0af0089e
org.neo4j.gds	proc-catalog	2.4.0-alpha01		99a1e013bb60c2116b3dcaf4906dc927bf86bec7
org.neo4j.gds	proc-catalog	2.4.0-alpha02		ad249e47ceeff09f712a124a5c91855c7adbe4f7
org.neo4j.gds	proc-catalog	2.4.0-alpha03		c9c6d6549d5e20407f69aa8e34140112acf8d074
org.neo4j.gds	proc-catalog	2.4.0-alpha04		a62f721c927bd991ebf5db17873443a610d07ee3
org.neo4j.gds	proc-catalog	2.4.0-alpha06		9d5d7e1025a86ef2a544ecd997f3469a2210c876
org.neo4j.gds	proc-catalog	2.4.1		386261acd8f7fe8ae5b7776bb00864252e0f6a72
org.neo4j.gds	proc-catalog	2.4.2		cfc72971db0b6be57695996fa57c13ab7279c626
org.neo4j.gds	proc-catalog	2.4.3		23016d12eb92c4f13ca66e264d43759efb8d9492
org.neo4j.gds	proc-catalog	2.4.4		61a38b4dd5aa2b81ca2aa4f53824542fd4f119ce
org.neo4j.gds	proc-catalog	2.4.5		d1241a3fbfe22831819c7c67493e0c8789a5c20f
org.neo4j.gds	proc-catalog	2.4.6		0e26c84f34b1a0a40c3a4d08a3fe47e135757bb0
org.neo4j.gds	proc-catalog	2.5.0		5524eef62e5a6b672086135cf2429a0146ee9a80
org.neo4j.gds	proc-catalog	2.5.0-alpha01		673ac885a6ede6cd8ff73ca98c8a1e99ab1c6612
org.neo4j.gds	proc-catalog	2.5.0-alpha02		a6a4d11cd3f28baa92fb4dd059833828b0af3328
org.neo4j.gds	proc-catalog	2.5.0-alpha03		11407b49e1952c47e4c22b0ef16afe1a6bd91931
org.neo4j.gds	proc-catalog	2.5.0-alpha04		2f3466ed583d514a9f9e42b826281bcfa40fdce2
org.neo4j.gds	proc-catalog	2.5.1		18bc90e222a13cb633cb6c394101624467395f67
org.neo4j.gds	proc-catalog	2.5.2		a40ce1530069d1997043b8329d23971102bed82c
org.neo4j.gds	proc-catalog	2.5.3		3551ebff45cf603562bcf799337517b36a030372
org.neo4j.gds	proc-catalog	2.5.4		6fe286619158a58ccd354a9243d0ae0fad7c2e68
org.neo4j.gds	proc-catalog	2.5.5		fded20c5d33bbb803c66263e0dbd4808c0f49bdc
org.neo4j.gds	proc-catalog	2.5.6		3f83a5ae3305cf51ce944b6c9567898305c7c20b
org.neo4j.gds	proc-catalog	2.5.7		800bc534f614504b3df93be59adf67a1569e76e6
org.neo4j.gds	proc-catalog	2.6.0		87158bb26cc5fde2c68695776e0437b58235fa76
org.neo4j.gds	proc-catalog	2.6.0-alpha01		9f21e302f3532f5298e10fe7fcff3a7488dd9a6f
org.neo4j.gds	proc-catalog	2.6.0-alpha02		7599bfe3f3f968d5785f9a5df85f0e34fe6df4c3
org.neo4j.gds	proc-catalog	2.6.1		6ee486502e4f038683395f4df0cd8d013670f498
org.neo4j.gds	proc-catalog	2.6.2		b2b0a93245c1d5b937f8ef4d53795dd81911a922
org.neo4j.gds	proc-catalog	2.6.3		0c44ae8bfd19b444c3551094ff0935df9dffd169
org.neo4j.gds	proc-catalog	2.6.4		N/A
org.neo4j.gds	proc-catalog	2.6.5		16935b770fb33a492fe159afeb8e4e4f1c233a68
org.neo4j.gds	proc-catalog	2.6.6		3031a6f2252aa10b50003976dc6931859df618ac
org.neo4j.gds	proc-catalog	2.6.7		e8cdd1ac69b161845b2bbadcd2e90d8efae3a631
org.neo4j.gds	proc-catalog	2.6.8		4b92c85c7bd5b1434a1fd9238524dca3188deda0
org.neo4j.gds	proc-catalog	2.6.9		0cc25e2c4d1b22e94157366dcabce5b9bd60747c
org.neo4j.gds	proc-catalog	2.7.0		fadd1b6d7c43bb0ac9fa6d1db0302a1d0bc7ed77
org.neo4j.gds	proc-catalog	2.7.0-alpha01		3341ed9236327d30a3daba0d748812dcb4a001b9
org.neo4j.gds	proc-catalog	2.7.0-alpha02		c22b7d753456e9767ed04d255f2fe8d90f04755a
org.neo4j.gds	proc-catalog	2.7.0-alpha03		6b35ac68600cc0da1ca27c7f5840fc47def3a441
org.neo4j.gds	proc-catalog	2.8.0		54efcd0147520b996d930546c1e29575c3c7e15d
org.neo4j.gds	proc-catalog	2.9.0		c8149a7e8b39903f1c5eb95d33b674a2217a8a96
org.onosproject	onos-app-newoptical	1.6.0		efe44dd61a4ee4b258a725d719dcf79e0f26b66d
org.openidentityplatform.commons.selfservice	custom-stage	2.0.10		c1c0e380e1e7a5618558807d1ac43d0168a6f8dd
org.openidentityplatform.commons.selfservice	custom-stage	2.0.11		22db38af066319579ad91e97b852646ae700790f
org.openidentityplatform.commons.selfservice	custom-stage	2.0.12		e470d3fa26a1aef6e17e204655cf926d9d5a6623
org.openidentityplatform.commons.selfservice	custom-stage	2.0.13		32ab1ddeaeb6a51c86995dca7c6a0af973692c6e
org.openidentityplatform.commons.selfservice	custom-stage	2.0.14		419732cdc3f37b0a8f63cff47dd53bfc3d487b71
org.openidentityplatform.commons.selfservice	custom-stage	2.0.15		d108ed47fa51505e6924c4fc2b487feb270c7152
org.openidentityplatform.commons.selfservice	custom-stage	2.0.16		39f81c8a410c00cb313139625989dc2a7a11a43a
org.openidentityplatform.commons.selfservice	custom-stage	2.0.17		4abd58f0b4af7f29b753e44454756bf448396dea
org.openidentityplatform.commons.selfservice	custom-stage	2.0.18		9d84fbfb593fcf43738846644bf3bc3b46300772
org.openidentityplatform.commons.selfservice	custom-stage	2.0.7		2495e4268e46fb11939147c885f620f07db730ce
org.openidentityplatform.commons.selfservice	custom-stage	2.0.8		d4995405b9ba95f870941344db150e1d68601cd6
org.openidentityplatform.commons.selfservice	custom-stage	2.0.9		49a1dbf513596d609c89097f76df67d84c05b5d8
org.openidentityplatform.commons.selfservice	custom-stage	2.1.1		100a6501955b54f22e745dd29a854c47ed4cbb09
org.openidentityplatform.commons.selfservice	custom-stage	2.1.2		2c98801feca0da4fc2385f19463f2ee24649d24a
org.openidentityplatform.commons.selfservice	custom-stage	2.1.3		b3020e5ba67eb469c5a6cdc8db26099d45b07cb3
org.openidentityplatform.commons.selfservice	custom-stage	2.1.4		7ef65eccd5450eea3111b58fe1e013b4ff6d8f35
org.openidentityplatform.commons.selfservice	custom-stage	2.1.5		f44703bc1ff43c7c9426d496ec113560cc6bc2fa
org.openidentityplatform.commons.selfservice	custom-stage	2.1.6		3b5af1556476a1cc0da5e3257ea6d7ebb4019f1d
org.openidentityplatform.commons.selfservice	custom-stage	2.2.0		4967612d8e0a7bcb64c4c130811b9096ef255f06
org.openidentityplatform.commons.selfservice	custom-stage	2.2.1		d79a9cf19e22c8c1bc59c30fdc9a054292cf027c
org.openidentityplatform.commons.selfservice	custom-stage	2.2.2		a411d38111ca4543c65051cfe57bebdfa1737416
org.openidentityplatform.commons.selfservice	custom-stage	2.2.3		7aa9f3c362a98f6f8a4c0cbf64e9854a70b578f1
org.openidentityplatform.commons.selfservice	custom-stage	2.2.4		90a7f9697076b99af1339df2e69e277813c84875
org.overturetool.astcreator	root	1.6.10		N/A
org.overturetool.astcreator	root	1.6.4		N/A
org.overturetool.astcreator	root	1.6.6		N/A
org.overturetool.astcreator	root	1.6.8		N/A
org.scala-js	scalajs-java-time_sjs1.0.0-M7_2.11	0.2.5		d0bf28e0d5ce8d059fee63c909ceb04763ecf3e8
org.scalacheck	scalacheck_sjs1.0.0-M8_2.13.0-RC3	1.14.0		6377066f8d6304a0eca5ae5c7349069caf3e3ba0
org.seppiko.glf	jcl-over-glf	1.2.RELEASE		e51f0e74b8af8c12aeff1d50e6c981f83cd1feea
org.seppiko.glf	jcl-over-glf	1.3.RELEASE		94cc8ad712a714b8f51f43dee261f960746563f9
org.seppiko.glf	jcl-over-glf	1.4.1		2d3bfdb1b6aefb1918fc354efaa9668b3b98b093
org.seppiko.glf	jcl-over-glf	1.4.RELEASE		301e61bae49dbd32baf6b65a5839701759af9698
org.seppiko.glf	jcl-over-glf	1.5.0		e2a1557eb66092e3e33aed7a21f462cdd517dd27
org.seppiko.glf	jcl-over-glf	2.0.0		6afe4e26d281704207a1eb93ce198be9f04ba5c3
org.seppiko.glf	jcl-over-glf	2.1.0		231c08a48234d44029ad888de61117dfc34b3f87
org.seppiko.glf	jcl-over-glf	2.2.0		5a5a75744b6ec054f2dbaa0b3077cf176f3f2473
org.ton	ton-hashmap-tlb-jvm	0.0.1		08b0f3313e2e315478e74c83015ddd3ec3047f4d
org.ton	ton-hashmap-tlb-jvm	0.0.2		995131a523e5f459b038f7618c49a1fee33c5a06
org.typelevel	cats-testkit_sjs1_2.12	2.1.0		b8aa774a4a06da2f1ef945f148c7406d826d6a93
org.typelevel	cats-testkit_sjs1_2.12	2.1.1		cc164bd9f05abe62101e60ab6941047d7a18a7a8
org.typelevel	cats-testkit_sjs1_2.12	2.10.0		ee3717cf1e0448bd2e0a05388d26181cb6530e9b
org.typelevel	cats-testkit_sjs1_2.12	2.11.0		00c6227572d55025575664e12b06881c12a85a66
org.typelevel	cats-testkit_sjs1_2.12	2.12.0		b7d139abcfb9df47a3eb81af9db32d06ba10d4bb
org.typelevel	cats-testkit_sjs1_2.12	2.13.0		73df2ec14fce2c13d8e96d008765115b675fc4d7
org.typelevel	cats-testkit_sjs1_2.12	2.2.0		0639b6d07d88fdf1851babb209d8163dc0dfd1af
org.typelevel	cats-testkit_sjs1_2.12	2.2.0-M1		467ba430ce7ffa1acc990918048951e639c5f7a4
org.typelevel	cats-testkit_sjs1_2.12	2.2.0-M2		760702ba4c5825f871e1709ffc7c4a0de33fc760
org.typelevel	cats-testkit_sjs1_2.12	2.2.0-M3		2852e9e3d7fd7fa5964bc8e2c170d89823e3108a
org.typelevel	cats-testkit_sjs1_2.12	2.2.0-RC1		51ea6763ab8b5679e7368ba56d9534d1c98aa1ae
org.typelevel	cats-testkit_sjs1_2.12	2.2.0-RC2		4d90682ff9714c4877901181256bd234433eee84
org.typelevel	cats-testkit_sjs1_2.12	2.2.0-RC3		c3a211cde5694e145ee48127f207f996b330ae55
org.typelevel	cats-testkit_sjs1_2.12	2.2.0-RC4		7fc8053acb6535d0ef19648d6f1fe5828c18204c
org.typelevel	cats-testkit_sjs1_2.12	2.3.0		3c5f020d852345b35220e14553f106d30a0f8b14
org.typelevel	cats-testkit_sjs1_2.12	2.3.0-M1		3f4cd0c8c5c8eb619f4ea7f15eeba90b3a4fcf1e
org.typelevel	cats-testkit_sjs1_2.12	2.3.0-M2		4606c89225d5be744b75e2c6e1b9af1ad623420b
org.typelevel	cats-testkit_sjs1_2.12	2.3.1		0d7ad7ffc6fda7ecdea62d34cd674e38fc255391
org.typelevel	cats-testkit_sjs1_2.12	2.4.0		302ce680a0cf3069fe762e2dd6717f642256fb05
org.typelevel	cats-testkit_sjs1_2.12	2.4.1		4d62ac2e22748d547605365c1ae1923b57d2a7f5
org.typelevel	cats-testkit_sjs1_2.12	2.4.2		c802c5019332f56fd1b889fb552b46c951b913ae
org.typelevel	cats-testkit_sjs1_2.12	2.5.0		87d05c45d6ee4793773072bc5a0d2482e5b56d2a
org.typelevel	cats-testkit_sjs1_2.12	2.6.0		cb050981da9536566c9f4ae9514471558144749e
org.typelevel	cats-testkit_sjs1_2.12	2.6.1		f278e3ea1bd14b159904f009123df15fbfbf8bec
org.typelevel	cats-testkit_sjs1_2.12	2.7.0		0e0473b183572dc4189d131c14bd40fd9749bcea
org.typelevel	cats-testkit_sjs1_2.12	2.8.0		8947c631b1435a4b991a800a6a1ec60d401a87d1
org.typelevel	cats-testkit_sjs1_2.12	2.9.0		741b36d27e5df2ed059c59d9ba0c757210c6fd49
org.webjars.npm	baloise__web-app-validators	3.11.3		d04f7769f26a90935c1ecfecbc84f113515267ec
org.webjars.npm	rc-mentions	0.3.1		476cae958e85cd553e8cd751e5f0f914e1805e2c
org.webjars.npm	rc-mentions	1.0.0-alpha.0		a40b107954d8a351988f394bea0cd72d75eb8304
org.webjars.npm	rc-mentions	1.2.0		fa322c72aa82fee19f2ceeff0410f80facdcb9c3
org.webjars.npm	rc-mentions	1.4.0		22078e296b936fc3f363a6220977e959203c5674
org.webjars.npm	rc-mentions	1.5.2		31fe1578bb979e79a5e0568d8e743d06525bdd60
org.webjars.npm	rc-mentions	1.6.1		51c34366db60f496e8038e3823d38ffb952826df
org.webjars.npm	rc-mentions	1.6.5		69adfa6faf33a80df37be94e751f092bf16408a1
org.webjars.npm	rc-mentions	1.7.0		c8f2e1f59c86b65ee7f1c3d997652172e797490c
org.webjars.npm	rc-mentions	2.0.0		71c0285da690a16cf65b4e1cb1ac7c99b92653cb
org.webjars.npm	rc-mentions	2.14.0		97776482c013f9d4525fe47b2c9b42e04f4cbf8a
org.webjars.npm	rc-mentions	2.15.0		67fdec2790e48f6f8303d42a44b085f621ae1195
org.webjars.npm	rc-mentions	2.17.0		0af41ce92e175a76419081506e3e94d7ff591758
org.webjars.npm	rc-mentions	2.3.0		1660d9493b020310fb3e168d1c2f5dc8eefad981
org.xmlunit	xmlunit-matchers	2.0.0		9a5d98970c7ee58e5f27ba63bfdd6b4ca65b6152
org.xmlunit	xmlunit-matchers	2.0.0-alpha-02		e5376defc63353f020d660fef8372d62a6578e49
org.xmlunit	xmlunit-matchers	2.0.0-alpha-03		d0a90e8776cf5faf0d054cd73642b8e0ca43746e
org.xmlunit	xmlunit-matchers	2.0.0-alpha-04		801c3f08990b211d848f72ff892240e2dd4fcf8d
org.xmlunit	xmlunit-matchers	2.1.0		844260d59c5ab1355105321021a575543b60ef75
org.xmlunit	xmlunit-matchers	2.1.1		ae2661bc7dc773bff263fe1eb0f2ca81606afa66
org.xmlunit	xmlunit-matchers	2.10.0		e706fc19b6ea245001e3986c404a406d7ec420e2
org.xmlunit	xmlunit-matchers	2.2.0		3d393c53a9ba46142fb9e9684a47f59ae8310dad
org.xmlunit	xmlunit-matchers	2.2.1		26c2afc03381d88ffa32ef2351c69e8ae90c3a8c
org.xmlunit	xmlunit-matchers	2.3.0		0351fc57e5b33c57762e22af937a85fcfe7ec4bd
org.xmlunit	xmlunit-matchers	2.4.0		4f2b5e2f6da6abb451f84caee73cddb23aaa668b
org.xmlunit	xmlunit-matchers	2.5.0		17190af22c55ba2ace305bcea0b2cbb9bfdd6bbc
org.xmlunit	xmlunit-matchers	2.5.1		9aeb2d60c042b9974eca7161343bc17b04115e9f
org.xmlunit	xmlunit-matchers	2.6.0		391665735628016a57f330f8cc8fda64567f89e0
org.xmlunit	xmlunit-matchers	2.6.1		f4a297409a6c996558339feb0692031f20ef9e82
org.xmlunit	xmlunit-matchers	2.6.2		9bd458f42d9cf7d9a7d22c7b7589d2ac79e0cb2d
org.xmlunit	xmlunit-matchers	2.6.3		c1c5cf5b742747985f23a2530dd74dbddf172ab2
org.xmlunit	xmlunit-matchers	2.6.4		83a589863b233d52dc94df1a6c2a59db14d6b6cf
org.xmlunit	xmlunit-matchers	2.7.0		6521ce6327b90d4173be8cd935f46bb643564ab3
org.xmlunit	xmlunit-matchers	2.8.0		f300b0d532fb265639892c95f1dcff9c14406497
org.xmlunit	xmlunit-matchers	2.8.1		692be406bb06a1e9250f29de7bec6666124d46c3
org.xmlunit	xmlunit-matchers	2.8.2		a63610f6a10274b174176c4e2bf70095706197bc
org.xmlunit	xmlunit-matchers	2.8.3		0484a138e12a73e10af906819d204e84363b5fa0
org.xmlunit	xmlunit-matchers	2.8.4		1c9f5270ea481c13408459d9b4c34eb186f06cb3
org.xmlunit	xmlunit-matchers	2.9.0		0db13220380fed0920112e97d5951510c2ec875b
org.xmlunit	xmlunit-matchers	2.9.1		a8fc4434bca3c3980727ce7f305fa593dfad5b60
pl.instah.auron	app-sdk	1.0.2A		382350eb85b2fdaf62fd70e9d962963a22a7f97b
pl.instah.auron	app-sdk	1.0.3A		382350eb85b2fdaf62fd70e9d962963a22a7f97b
pl.instah.auron	app-sdk	1.0.4A		382350eb85b2fdaf62fd70e9d962963a22a7f97b
pl.instah.auron	app-sdk	1.0.5A		382350eb85b2fdaf62fd70e9d962963a22a7f97b
pl.instah.auron	app-sdk	1.0.6A		382350eb85b2fdaf62fd70e9d962963a22a7f97b
pl.instah.auron	app-sdk	1.0.7A		382350eb85b2fdaf62fd70e9d962963a22a7f97b
pl.instah.auron	app-sdk	1.0.8A		382350eb85b2fdaf62fd70e9d962963a22a7f97b
pl.instah.auron	app-sdk	1.0.9A		382350eb85b2fdaf62fd70e9d962963a22a7f97b
profiler	profiler	2.0		e8adf3faea88d4e3ea55abdf5a87a8839a704724
srl.forge	bionic-js	0.1.0		9c79b677eacf86d78c38dbbaf613743947b46e72
srl.forge	bionic-js	0.2.0		c166bfd46eaa5baf40d845080b20a73461e95502
srl.forge	bionic-js	0.3.0		52393734d1f04cd7693b4e1837fac6bb9d6930ef
tech.mlsql	sql-booster	0.1.0		06206fe9321686c91f9e7d951d2d75e084e2b78d
tech.mlsql	sql-booster	0.2.0		faac5cb04596abad4e724108636f3c679465f02a
tech.mlsql	sql-booster	0.3.0		2c8963324f9cd8f80d96c68870837509c6234df9
tech.mlsql	sql-booster	0.4.0		c73ec6a248b02e9f7539e5924265b7e4fa264830
top.continew	continew-starter-file-excel	2.0.0		1341981b60e7f8f5035d10eb690861c225367d7d
top.continew	continew-starter-file-excel	2.0.1		b9403e11bf6cb10506e98dbc1ed9ea3918bd90ec
top.continew	continew-starter-file-excel	2.0.2		9df7904062ea7bc6207c5f59fcd900d570aea435
top.continew	continew-starter-file-excel	2.1.0		a1745da0dced939affa5ec40b61cab32d1c254e2
top.continew	continew-starter-file-excel	2.1.1		f2c4556a9222401d5bfdc643731cfae9b3738ccd
top.continew	continew-starter-file-excel	2.10.0		45aff255d94e56ece6e67cf62e234123247e77d2
top.continew	continew-starter-file-excel	2.11.0		a410a5b9f49364e9310826fb77fa31193ea65fa8
top.continew	continew-starter-file-excel	2.2.0		78e84fe23427e9132a7b1dfa651c00531bde5c9b
top.continew	continew-starter-file-excel	2.3.0		a6282f5dc02aca213bcb3a6598f6e18ee2c68cbb
top.continew	continew-starter-file-excel	2.4.0		6bbbfb399a12e942c5e081850b38e01d022b7509
top.continew	continew-starter-file-excel	2.5.0		510c452cdf1d25e04520ebf33e93786d40125ce6
top.continew	continew-starter-file-excel	2.5.1		209406a1490bd9ebf9b2254006da9b80e40b446c
top.continew	continew-starter-file-excel	2.5.2		8ad9cd7efbc871c847fd1bd97a5ff4348e6ac902
top.continew	continew-starter-file-excel	2.6.0		45a547879c64de377c6e252e411bbfa55de7e3a1
top.continew	continew-starter-file-excel	2.7.0		463439386b5fadc8ab2c39698b6b307c0d41e28e
top.continew	continew-starter-file-excel	2.7.1		b2cd8906b1355706aca467f18516aca7f596ba9c
top.continew	continew-starter-file-excel	2.7.2		f255c5c455163482f7d6f28d9073f90901bd01ce
top.continew	continew-starter-file-excel	2.7.3		e486e0ecfce59f38e0f8243f09b489423d705681
top.continew	continew-starter-file-excel	2.7.4		ec24fec6ba74acb100ab0c7774edf345df35dc2c
top.continew	continew-starter-file-excel	2.7.5		df2a27f8ccf6751c7f2320cf286249888db8661b
top.continew	continew-starter-file-excel	2.8.0		34634b1eac6b171ad3fcf2311b13f9d57e211b20
top.continew	continew-starter-file-excel	2.8.1		c1e9116ce8a7566483a87d6925b92b788c89d3c4
top.continew	continew-starter-file-excel	2.8.2		feb9854211ce7035247d97e5f9cfb52fbfa6c8fc
top.continew	continew-starter-file-excel	2.8.3		40fb09deeebc06a95ad353bdba8bf49d3b358e4d
top.continew	continew-starter-file-excel	2.9.0		5bf7af777901489bdd9cab74a8f72edffede943e
tz.co.asoft	krypto-core-jvm	0.0.1		4d741d4e1d98068f3f918bc11ed8a207fca7ec39
tz.co.asoft	krypto-core-jvm	0.0.2		0408f678da4ff926a66fb1c342bfa999ab7fe706
tz.co.asoft	krypto-core-jvm	0.0.3		1f3369833b7c1bfbea2c1c376a9cbd7b53a5c795
tz.co.asoft	krypto-core-jvm	0.0.4		736f434f49f2ea01394ab1ab61c02e34d75d64be
tz.co.asoft	krypto-core-jvm	0.0.50		5b277cc3e9855c0a87547047129cd4ff57033e06
